602 4489
100 71 1 88 40 27 42 9 50 99 46 36 30 24 57 27 28 3 43 75 90 50 34 59 26 9 64 25 63 3 87 62 73 88 50 12 66 43 21 68 93 18 55 74 41 63 100 20 65 94 95 55 95 28 65 21 89 28 97 51 31 84 64 55 23 65 19 40 59 91 59 3 8 65 77 49 28 76 68 92 22 14 98 16 94 63 88 82 42 85 84 72 20 47 79 94 64 97 85 22 87 44 25 46 60 53 94 87 80 14 31 1 79 28 17 24 42 4 5 84 40 40 7 59 39 85 4 2 81 89 75 19 84 51 65 43 3 10 82 83 75 12 83 6 91 51 29 33 55 86 16 46 25 22 5 15 59 60 16 39 48 43 10 83 93 26 26 48 87 59 30 14 22 64 19 12 67 99 96 73 84 11 18 61 85 74 75 43 34 91 33 81 85 94 64 77 19 41 24 58 99 5 71 20 21 41 83 39 39 79 11 23 41 28 83 25 2 9 19 35 99 52 67 35 45 82 12 16 22 87 73 72 44 95 91 16 35 26 54 73 4 64 47 44 91 81 21 44 90 39 78 40 90 97 75 87 78 38 2 100 24 26 71 67 20 14 34 6 91 87 30 94 50 29 89 93 9 61 36 98 100 66 90 41 62 64 79 91 1 80 90 76 57 13 95 28 78 28 85 20 37 59 15 99 43 35 9 31 29 60 22 11 88 39 80 73 51 41 99 79 89 17 38 2 86 5 95 69 37 47 33 25 57 47 23 99 33 83 30 61 42 3 23 30 93 55 54 43 95 52 73 84 20 11 85 5 15 31 73 3 29 5 27 85 3 2 36 35 84 65 47 78 19 70 7 11 24 12 6 70 15 78 5 34 40 89 39 7 72 63 9 52 20 88 37 74 41 72 61 24 88 7 1 6 28 59 68 3 70 25 73 36 3 29 70 94 70 60 100 41 74 61 92 93 100 80 67 40 3 27 15 90 85 16 47 65 26 67 67 48 91 91 83 45 20 4 39 41 15 90 81 89 50 24 33 49 56 99 88 58 77 55 100 14 22 98 78 47 64 96 46 7 39 81 3 10 84 41 50 99 31 82 87 32 5 19 81 60 70 20 70 98 74 69 63 95 18 40 94 82 88 39 40 26 19 42 87 55 35 36 53 17 17 91 48 73 61 80 85 82 52 6 32 77 74 94 24 91 86 17 24 73 7 15 50 78 9 88 32 43 23 36 59 91 78 58 15 90 38 51 24 41 56 55 17 81 48 40 24 85 8 99 9 15 14 10 44 74 97 75 16 71 62 26 13 91 35 28 80 24 30 3 64 86 9 81 18 57 72 41 93 80 40 2 94 5 63 37 78 60 84 87
0 6 15
0 23 15
0 33 65
0 48 16
0 62 43
0 71 53
0 88 8
0 103 3
0 114 66
0 125 44
0 158 1
0 189 65
0 193 61
0 235 42
0 241 57
1 58 74
1 102 5
1 126 36
1 140 64
1 150 57
1 163 67
1 175 6
1 178 32
1 182 24
1 199 18
1 229 78
1 236 3
1 248 47
1 275 6
1 293 88
1 296 66
1 299 72
2 8 2
2 12 30
2 16 87
2 45 96
2 51 34
2 55 95
2 64 98
2 72 99
2 92 90
2 94 50
2 110 15
2 134 50
2 145 91
2 184 72
2 192 75
2 193 47
2 198 59
2 200 38
2 208 3
2 270 25
3 10 43
3 42 87
3 52 48
3 70 12
3 76 64
3 83 3
3 88 10
3 97 21
3 98 90
3 144 75
3 156 92
3 161 43
3 170 56
3 190 79
3 253 38
3 279 42
3 287 25
3 294 87
3 298 92
4 7 14
4 9 89
4 37 59
4 50 15
4 61 79
4 95 82
4 135 89
4 156 26
4 157 40
4 173 26
4 189 80
4 196 64
4 248 21
4 256 66
4 258 64
4 270 32
4 282 82
5 8 66
5 37 42
5 47 2
5 67 55
5 90 68
5 97 46
5 101 97
5 102 76
5 156 24
5 157 86
5 159 17
5 171 48
5 173 24
5 190 60
5 209 13
5 235 12
5 237 18
5 257 79
5 258 91
5 292 99
6 26 67
6 28 68
6 36 38
6 129 44
6 145 47
6 154 2
6 157 64
6 166 65
6 169 17
6 223 48
6 228 98
6 237 82
6 245 41
6 259 99
6 285 36
6 286 8
7 9 44
7 34 84
7 52 83
7 58 19
7 82 21
7 87 51
7 177 18
7 207 44
7 216 11
7 224 30
7 228 56
7 248 80
7 266 8
7 277 98
8 29 79
8 49 26
8 53 65
8 69 68
8 77 22
8 115 63
8 138 21
8 140 85
8 145 79
8 192 37
8 195 84
8 287 76
8 294 18
8 297 24
9 20 27
9 48 5
9 59 32
9 70 70
9 75 40
9 148 66
9 200 41
9 261 60
9 272 17
9 282 58
9 291 56
9 299 79
10 24 40
10 76 11
10 100 58
10 142 99
10 180 60
10 193 88
10 226 25
10 247 76
10 257 56
10 264 46
10 274 90
11 19 76
11 71 82
11 79 69
11 117 65
11 129 18
11 135 96
11 138 82
11 147 41
11 185 22
11 246 87
11 270 24
11 271 44
11 278 78
12 39 90
12 57 84
12 89 38
12 95 58
12 103 41
12 132 93
12 141 36
12 163 32
12 191 55
12 210 45
12 226 31
12 256 66
12 259 33
12 283 7
12 293 41
13 28 40
13 34 4
13 35 30
13 66 15
13 122 37
13 128 50
13 134 79
13 147 54
13 201 46
13 226 13
13 255 95
13 257 67
14 22 51
14 62 18
14 118 10
14 140 28
14 141 7
14 150 93
14 155 17
14 209 16
14 232 86
14 234 9
14 243 51
14 278 17
15 28 15
15 49 96
15 80 99
15 85 80
15 89 28
15 109 5
15 166 72
15 191 67
15 195 60
15 199 2
15 221 33
15 240 97
15 275 51
15 278 64
15 293 50
16 25 96
16 47 28
16 57 96
16 112 63
16 115 78
16 133 66
16 140 24
16 143 5
16 151 72
16 172 17
16 177 22
16 185 40
16 237 54
16 293 82
16 298 90
17 40 70
17 64 49
17 86 37
17 100 21
17 137 80
17 152 64
17 157 25
17 165 52
17 171 82
17 204 37
17 229 53
17 274 67
17 297 33
18 36 55
18 39 82
18 87 34
18 90 3
18 91 9
18 152 30
18 154 65
18 167 86
18 184 95
18 221 40
18 226 42
18 275 18
18 298 56
19 41 15
19 59 57
19 69 9
19 77 49
19 111 99
19 116 31
19 120 49
19 156 35
19 187 51
19 209 28
19 214 51
19 246 27
19 269 79
19 290 84
20 34 63
20 56 83
20 59 2
20 89 47
20 96 90
20 117 83
20 149 33
20 189 92
20 193 43
20 194 62
20 236 8
20 254 28
20 256 8
20 262 47
21 32 22
21 34 77
21 46 55
21 47 88
21 58 86
21 91 15
21 97 36
21 103 84
21 107 45
21 116 36
21 126 18
21 143 47
21 167 64
21 192 20
21 194 26
21 217 94
21 246 4
21 252 40
21 261 77
21 276 5
22 46 87
22 96 18
22 135 88
22 140 19
22 144 9
22 192 30
22 228 32
22 230 16
22 269 10
22 283 91
22 297 62
23 68 83
23 73 67
23 79 16
23 83 70
23 111 52
23 117 83
23 120 58
23 135 87
23 142 27
23 144 45
23 154 5
23 182 26
23 207 8
23 219 76
23 230 51
23 234 2
23 235 79
23 265 90
23 277 30
23 292 84
24 46 28
24 56 47
24 69 23
24 89 98
24 121 7
24 146 4
24 153 81
24 159 22
24 195 65
24 198 71
24 202 35
24 213 47
24 292 38
25 30 3
25 46 69
25 47 41
25 51 85
25 86 78
25 90 28
25 127 63
25 144 22
25 153 84
25 160 88
25 176 82
25 182 59
25 230 90
25 240 35
25 241 90
25 255 32
25 285 64
26 54 73
26 57 59
26 64 62
26 81 47
26 103 9
26 108 68
26 115 2
26 133 89
26 162 41
26 174 67
26 253 12
26 269 75
26 274 65
26 298 1
27 60 77
27 75 85
27 99 41
27 108 13
27 111 14
27 123 20
27 125 76
27 135 36
27 153 55
27 158 63
27 170 69
27 174 14
27 207 5
27 212 3
27 225 55
27 237 36
27 270 18
28 57 79
28 63 46
28 107 31
28 151 25
28 172 6
28 198 98
28 261 26
28 294 95
29 35 90
29 38 44
29 39 6
29 66 64
29 70 9
29 98 58
29 100 93
29 196 93
29 197 98
29 225 5
29 268 7
30 62 70
30 67 32
30 69 94
30 83 24
30 94 47
30 110 62
30 138 89
30 160 51
30 177 16
30 180 43
30 189 38
30 225 33
30 252 21
30 274 83
31 33 63
31 43 97
31 46 89
31 76 12
31 89 23
31 94 35
31 100 1
31 101 66
31 173 92
31 196 16
31 201 26
31 205 49
31 253 8
31 262 19
31 277 98
32 34 65
32 50 77
32 55 67
32 75 48
32 80 70
32 101 43
32 117 94
32 142 83
32 159 31
32 167 96
32 199 98
32 208 26
32 214 33
32 216 30
32 218 46
32 270 16
32 290 44
33 48 95
33 103 56
33 104 55
33 133 69
33 134 42
33 148 7
33 179 34
33 186 33
33 221 22
33 261 12
33 269 81
33 277 82
33 297 30
34 66 30
34 79 46
34 123 6
34 135 97
34 156 45
34 162 27
34 169 39
34 180 39
34 181 9
34 200 21
34 202 34
34 204 58
34 221 46
34 229 67
34 279 87
34 297 44
35 44 34
35 51 82
35 70 38
35 103 41
35 108 88
35 179 6
35 195 82
35 251 94
35 254 91
35 269 14
36 56 67
36 68 2
36 70 46
36 74 48
36 87 83
36 111 75
36 162 45
36 170 40
36 186 23
36 205 90
36 216 66
36 257 13
36 288 80
36 291 26
37 42 86
37 62 13
37 70 83
37 71 31
37 89 31
37 94 21
37 104 26
37 105 16
37 134 2
37 143 15
37 178 56
37 189 41
37 196 20
37 200 89
37 216 34
37 254 63
37 265 54
37 295 1
38 40 16
38 108 99
38 127 100
38 183 51
38 223 26
39 47 45
39 113 90
39 114 100
39 124 86
39 137 8
39 151 65
39 185 65
39 219 85
39 223 50
39 224 77
39 232 68
39 259 32
39 261 60
39 273 40
39 275 58
40 50 27
40 51 94
40 73 72
40 128 35
40 145 34
40 164 44
40 177 23
40 190 20
40 208 6
40 210 77
40 212 72
40 222 73
40 241 27
40 261 71
41 70 23
41 109 4
41 119 67
41 128 13
41 139 56
41 141 52
41 157 72
41 160 20
41 215 16
41 223 56
41 267 69
41 273 45
41 280 75
42 103 100
42 130 56
42 179 15
42 239 57
43 53 82
43 66 8
43 98 81
43 125 16
43 144 41
43 187 24
43 222 39
43 223 12
43 244 81
43 245 15
43 264 83
43 268 53
43 295 93
44 50 6
44 58 28
44 81 97
44 117 72
44 122 40
44 129 52
44 141 76
44 149 63
44 167 23
44 193 43
44 195 18
44 199 91
44 213 87
44 265 93
44 266 42
44 274 42
44 284 7
44 289 51
45 48 24
45 60 66
45 82 31
45 92 91
45 99 58
45 124 6
45 139 29
45 140 70
45 156 86
45 209 95
45 255 4
45 272 90
45 277 88
45 278 9
45 287 17
45 292 36
45 294 33
45 298 8
46 58 39
46 63 8
46 104 70
46 154 61
46 173 50
46 185 40
46 206 3
46 211 89
46 295 84
47 70 44
47 87 82
47 119 42
47 126 46
47 130 5
47 141 7
47 153 76
47 181 96
47 194 64
47 236 33
47 239 76
47 271 85
47 285 70
47 287 23
48 70 89
48 71 60
48 95 62
48 164 49
48 168 28
48 183 97
48 201 81
48 213 36
48 214 87
48 216 40
48 217 57
48 219 47
48 236 42
48 247 96
48 250 1
48 271 30
48 278 79
49 70 44
49 71 11
49 81 20
49 95 42
49 114 68
49 123 78
49 124 17
49 211 15
49 271 94
49 272 2
49 273 42
49 283 30
49 284 71
49 286 64
49 295 18
50 74 30
50 80 25
50 93 19
50 97 58
50 126 73
50 142 51
50 147 45
50 167 59
50 168 43
50 184 53
50 200 57
50 284 84
51 92 1
51 110 57
51 111 65
51 117 31
51 128 53
51 137 75
51 141 3
51 148 94
51 189 94
51 215 80
51 262 62
52 82 60
52 109 73
52 121 63
52 127 2
52 153 3
52 248 34
52 274 65
53 57 72
53 72 15
53 74 42
53 115 42
53 122 24
53 145 14
53 146 93
53 149 20
53 201 73
53 208 35
53 276 73
53 298 29
54 61 70
54 84 73
54 112 38
54 115 34
54 136 3
54 158 90
54 177 60
54 192 5
54 194 83
54 214 6
54 243 37
54 268 96
55 58 65
55 70 61
55 72 59
55 81 18
55 101 15
55 102 44
55 124 83
55 152 39
55 192 58
55 201 24
55 238 80
55 262 34
55 267 89
55 287 24
55 289 53
55 296 61
56 72 10
56 74 25
56 93 42
56 124 79
56 135 49
56 142 79
56 157 64
56 164 52
56 250 20
56 254 24
56 270 8
56 290 2
57 69 81
57 97 44
57 125 49
57 136 45
57 142 5
57 169 7
57 181 63
57 189 19
57 192 2
57 195 97
57 205 57
57 268 60
57 280 72
57 291 89
58 64 45
58 74 60
58 95 12
58 110 97
58 134 73
58 135 22
58 204 74
58 245 14
58 257 52
58 272 22
58 286 44
59 67 16
59 81 25
59 101 63
59 107 39
59 127 85
59 134 16
59 140 19
59 143 28
59 144 64
59 147 15
59 168 84
59 178 23
59 236 29
60 75 55
60 76 24
60 90 25
60 97 63
60 99 35
60 117 96
60 119 51
60 154 79
60 162 8
60 168 15
60 199 76
60 214 80
60 255 36
60 286 1
60 291 45
60 294 87
60 297 22
61 101 88
61 143 2
61 148 99
61 159 2
61 186 92
61 196 83
61 200 69
61 211 62
61 215 62
61 224 32
61 248 29
61 260 46
61 263 6
61 269 57
61 270 52
62 76 30
62 114 82
62 162 14
62 163 16
62 168 29
62 173 17
62 221 95
62 250 88
62 256 31
62 259 22
63 105 67
63 131 18
63 138 22
63 154 63
63 155 56
63 188 95
63 197 2
63 212 10
63 257 45
63 286 3
64 76 53
64 78 27
64 90 71
64 94 15
64 100 89
64 107 55
64 142 43
64 190 86
64 229 60
64 253 51
64 257 37
64 262 41
64 269 84
64 284 2
65 106 57
65 153 13
65 174 70
65 187 3
65 238 52
65 264 100
66 77 76
66 95 71
66 113 69
66 142 97
66 199 33
66 232 25
66 257 43
66 266 35
67 71 86
67 95 88
67 99 89
67 106 38
67 125 66
67 157 12
67 191 4
67 212 54
67 213 66
67 226 46
67 254 91
67 280 77
68 76 49
68 137 79
68 143 70
68 237 32
68 262 81
68 293 78
69 76 96
69 86 2
69 100 80
69 104 48
69 107 2
69 111 55
69 131 18
69 140 22
69 141 3
69 152 2
69 171 98
69 212 45
69 217 36
69 235 83
69 264 84
69 274 77
69 277 21
70 103 50
70 104 88
70 123 24
70 137 55
70 139 5
70 226 22
70 245 46
70 250 81
70 257 22
71 73 24
71 89 50
71 124 53
71 149 56
71 153 79
71 168 49
71 169 58
71 177 58
71 186 48
71 200 11
71 204 64
71 211 17
71 226 84
71 236 66
71 256 18
71 258 82
71 265 63
72 75 6
72 94 16
72 98 46
72 173 82
72 195 88
72 220 47
72 243 69
72 265 12
72 295 2
73 80 73
73 98 85
73 148 99
73 165 5
73 203 6
73 208 74
73 215 7
73 229 10
73 235 30
73 264 85
73 277 58
74 101 39
74 108 95
74 131 57
74 158 1
74 182 58
74 184 73
74 185 84
74 188 76
74 217 91
74 244 17
74 281 90
74 285 96
74 295 33
75 90 87
75 92 77
75 95 20
75 144 34
75 168 97
75 190 83
75 195 87
75 220 21
75 228 19
75 235 85
75 268 77
75 272 24
75 297 58
76 89 83
76 109 34
76 118 39
76 130 20
76 148 43
76 202 29
76 206 66
76 214 100
76 233 29
76 244 23
76 252 24
76 274 65
76 285 50
76 292 14
76 298 81
77 87 39
77 91 61
77 162 13
77 191 26
77 202 37
77 243 85
77 248 59
77 252 85
77 283 67
77 285 97
77 298 57
77 299 86
78 99 81
78 102 34
78 132 61
78 144 90
78 150 68
78 230 46
78 236 81
78 242 39
78 265 41
78 281 9
78 297 4
79 88 40
79 89 90
79 172 79
79 183 15
79 198 54
79 226 28
79 229 29
79 230 34
79 232 19
79 242 89
79 243 99
79 249 44
79 267 78
79 274 83
79 278 54
79 288 14
80 96 1
80 109 50
80 117 71
80 135 86
80 187 30
80 194 56
80 199 99
80 219 71
80 241 23
80 254 44
80 256 51
80 262 14
80 277 84
80 278 12
81 147 17
81 172 75
81 177 1
81 194 47
81 217 90
81 218 6
81 228 75
81 242 70
81 261 39
81 262 93
82 105 58
82 108 89
82 112 88
82 115 87
82 137 23
82 142 41
82 148 1
82 155 24
82 216 90
82 240 23
82 249 61
82 288 71
83 145 78
83 149 59
83 161 93
83 243 52
83 272 55
84 105 44
84 136 65
84 155 38
84 162 7
84 195 34
84 205 65
84 207 7
84 254 80
84 265 54
84 280 12
84 292 6
84 293 23
84 294 2
85 114 50
85 158 32
85 159 43
85 162 37
85 227 19
85 252 65
86 105 77
86 113 71
86 115 88
86 143 18
86 165 93
86 177 49
86 197 88
86 262 70
86 290 59
87 121 33
87 122 73
87 125 13
87 156 28
87 251 38
87 262 51
87 292 34
88 93 71
88 107 15
88 153 92
88 194 2
88 203 20
88 207 55
88 248 8
88 268 94
89 103 56
89 104 57
89 147 25
89 165 50
89 172 94
89 214 95
89 245 15
89 247 22
89 251 65
89 265 2
89 270 40
89 273 9
90 103 2
90 109 79
90 115 30
90 118 61
90 125 11
90 127 3
90 193 25
90 196 90
90 199 92
90 214 27
90 229 23
90 248 62
90 251 93
90 272 14
90 282 15
90 297 12
91 113 68
91 153 22
91 155 5
91 167 76
92 97 31
92 116 82
92 120 25
92 140 76
92 141 28
92 142 91
92 175 97
92 219 93
92 221 45
92 223 88
92 231 53
92 242 46
92 289 19
93 95 83
93 116 58
93 122 81
93 124 85
93 134 83
93 157 71
93 160 76
93 176 61
93 182 93
93 186 89
93 215 54
93 227 59
93 232 3
93 242 65
93 250 26
93 283 77
94 107 22
94 114 53
94 152 59
94 154 55
94 160 30
94 217 34
94 231 82
94 237 20
95 99 30
95 111 26
95 158 64
95 159 70
95 160 79
95 165 62
95 176 88
95 217 61
95 233 71
95 243 68
95 247 45
95 265 5
95 283 38
95 288 72
96 119 66
96 138 83
96 159 60
96 168 19
96 189 41
96 199 14
96 216 83
96 249 18
96 277 90
96 292 56
97 106 23
97 116 100
97 135 10
97 143 4
97 174 33
98 146 92
98 157 23
98 185 15
98 212 69
98 282 39
98 297 84
99 116 47
99 121 52
99 156 23
99 161 7
99 181 22
99 183 90
99 209 51
99 211 27
99 218 80
99 247 22
99 259 92
99 270 62
99 279 33
99 292 62
100 113 54
100 214 47
100 255 96
100 267 71
100 290 88
101 130 52
101 187 45
101 201 88
101 228 13
101 233 48
101 245 20
101 279 56
102 148 23
102 221 86
102 237 25
102 244 13
102 246 69
102 281 71
102 294 64
103 176 91
103 198 78
103 204 37
103 209 33
103 232 80
103 236 15
103 247 12
103 258 54
103 276 58
103 284 25
104 117 38
104 141 19
104 167 78
104 185 84
104 196 15
104 237 100
104 242 24
104 265 18
104 279 45
105 117 63
105 144 30
105 176 92
105 183 34
105 212 86
105 214 66
105 235 20
105 237 62
105 257 78
105 266 40
105 281 32
105 291 41
106 113 31
106 134 61
106 151 78
106 187 63
106 189 93
106 190 44
106 191 26
106 213 46
106 232 2
106 249 2
106 253 83
106 295 20
106 296 31
107 109 19
107 148 34
107 162 82
107 166 94
107 238 3
107 257 26
107 282 56
107 288 33
107 289 70
107 297 41
108 109 70
108 119 35
108 144 60
108 192 31
108 233 13
108 256 100
108 279 14
109 124 5
109 127 82
109 147 75
109 168 34
109 177 96
109 217 67
109 250 78
109 285 73
110 112 64
110 120 79
110 153 74
110 187 98
110 192 50
110 229 4
110 232 68
110 264 84
110 282 37
110 284 13
111 130 38
111 136 63
111 142 20
111 152 70
111 162 84
111 211 61
111 213 39
111 242 70
111 254 72
111 280 21
112 136 34
112 140 71
112 164 35
112 209 91
112 241 4
112 247 61
112 263 24
112 266 99
112 274 79
112 280 53
113 128 23
113 142 94
113 163 31
113 190 96
113 223 91
113 230 81
113 238 51
114 124 11
114 163 16
114 220 88
114 226 23
114 262 53
114 271 2
114 283 43
114 298 75
115 116 37
115 129 55
115 187 65
115 189 58
115 191 26
115 199 86
116 117 44
116 139 49
116 145 72
116 148 34
116 155 52
116 196 32
116 204 57
116 210 3
116 221 62
116 234 10
116 267 25
116 282 55
117 176 92
117 180 73
117 207 97
117 209 24
117 229 75
117 263 7
117 265 39
117 279 14
117 280 82
118 164 44
118 167 67
118 185 76
118 191 18
118 193 55
118 244 30
118 246 82
118 255 13
118 275 55
118 284 19
118 290 56
119 122 3
119 129 90
119 178 89
119 192 55
119 198 73
119 206 97
119 214 9
119 234 34
119 235 58
119 264 85
119 275 88
119 296 2
120 122 9
120 128 85
120 135 25
120 162 84
120 178 43
120 189 16
120 206 49
120 219 24
120 229 11
120 274 16
120 277 51
121 130 80
121 131 22
121 138 80
121 145 13
121 171 34
121 173 35
121 221 32
121 227 41
121 244 37
121 293 21
122 128 29
122 130 43
122 219 46
122 238 78
122 251 3
122 284 79
122 292 87
123 128 88
123 189 19
123 209 88
123 217 96
123 280 3
124 126 65
124 136 31
124 148 97
124 165 80
124 213 80
124 221 73
124 263 90
124 275 47
125 129 23
125 141 21
125 158 68
125 193 3
125 195 33
125 201 54
125 237 37
125 243 64
125 272 94
125 279 25
126 146 37
126 158 75
126 165 20
126 175 82
126 227 4
126 230 22
126 258 60
126 274 90
126 279 61
126 298 78
127 169 30
127 207 9
127 228 32
127 247 94
127 253 91
127 273 81
127 293 25
128 170 22
128 208 53
128 210 66
128 222 68
128 225 75
128 241 86
128 285 88
129 149 77
129 175 18
129 182 93
129 199 65
129 212 82
129 230 86
129 234 42
129 294 70
130 132 12
130 133 13
130 137 51
130 159 15
130 225 86
130 245 62
130 246 57
130 260 47
130 264 92
130 270 86
130 282 7
130 293 75
130 299 31
131 132 97
131 148 55
131 156 55
131 168 19
131 185 7
131 217 20
131 218 38
131 220 34
131 221 5
131 234 77
131 252 62
131 263 22
131 268 69
131 281 27
132 178 55
132 195 7
132 238 20
132 241 24
132 262 18
132 271 32
132 272 26
132 279 85
132 289 17
133 141 88
133 161 41
133 174 15
133 187 31
133 228 78
133 238 73
133 286 5
134 160 8
134 180 70
134 207 60
134 218 62
134 219 40
134 243 18
134 252 81
134 271 77
135 138 51
135 151 37
135 185 6
135 226 13
135 252 10
135 295 74
136 147 91
136 192 65
136 195 32
136 196 62
136 218 40
136 279 2
137 180 93
137 181 66
137 272 86
137 273 61
137 281 5
138 151 78
138 164 28
138 174 35
138 182 55
138 219 100
138 223 91
138 229 62
138 237 21
138 252 50
138 255 23
138 276 12
138 296 20
139 146 55
139 177 89
139 198 70
139 199 43
139 201 46
139 212 34
139 226 52
139 233 71
139 239 24
139 266 68
139 280 3
140 181 85
140 208 60
140 240 4
140 254 29
140 260 25
140 261 41
140 262 42
140 279 81
141 155 18
141 159 21
141 164 15
141 201 72
141 221 72
141 231 5
141 255 33
141 261 45
142 190 7
142 214 7
142 251 56
142 289 26
143 152 13
143 210 96
143 212 47
143 235 55
143 237 41
143 251 81
143 271 58
143 281 12
144 225 56
144 235 26
144 270 14
144 278 93
144 283 85
145 151 69
145 161 73
145 168 61
145 191 9
145 220 66
145 275 41
145 284 26
146 155 86
146 159 7
146 164 49
146 196 58
147 165 63
147 173 33
147 190 54
147 193 21
147 235 39
147 279 9
148 171 98
148 174 3
148 237 5
148 267 97
148 275 57
149 169 45
149 181 77
149 216 14
149 232 8
149 260 84
149 261 91
149 265 73
149 269 28
150 163 75
150 168 41
150 194 1
150 219 87
150 225 1
150 252 66
150 258 79
150 277 78
150 288 4
150 297 85
150 299 26
151 156 13
151 173 100
151 184 58
151 185 66
151 207 20
151 235 48
151 262 74
151 276 70
151 287 50
152 218 78
152 224 66
152 257 6
152 276 75
152 291 94
153 178 72
153 181 82
153 195 77
153 218 62
153 253 55
153 269 57
153 287 89
153 294 47
154 158 57
154 177 27
154 195 48
154 213 74
154 242 6
154 246 25
154 272 29
154 274 42
154 281 3
154 288 41
155 156 41
155 163 60
155 189 58
155 216 13
155 217 8
155 226 32
155 236 34
155 265 9
156 158 61
156 159 99
156 174 67
156 205 87
156 218 92
156 240 38
156 256 69
156 274 20
156 296 51
157 171 75
157 173 28
157 206 91
157 258 73
158 221 36
158 237 70
158 250 20
158 273 10
158 286 75
159 182 97
159 184 90
159 226 16
159 265 51
159 281 31
159 288 9
159 297 10
160 195 88
160 198 73
160 200 69
160 204 71
160 224 6
160 240 30
160 253 32
160 265 56
161 181 96
161 213 70
161 217 99
161 241 85
161 242 90
161 244 18
161 251 87
161 255 64
161 266 98
162 191 78
162 212 89
162 219 33
162 226 47
162 227 60
162 234 42
162 267 73
162 285 56
163 190 84
163 205 40
163 222 58
163 223 14
163 243 48
163 267 68
163 268 53
163 273 72
163 274 88
163 291 24
163 292 77
163 293 17
163 299 7
164 172 84
164 228 64
164 231 76
164 268 82
164 269 48
164 283 18
165 183 52
165 241 35
165 281 81
166 183 49
166 208 64
166 283 21
167 170 81
167 182 62
167 211 81
167 279 75
168 171 34
168 175 88
168 176 58
168 220 73
168 222 46
168 223 71
168 253 73
169 173 65
169 177 75
169 192 44
169 220 52
169 254 98
169 290 73
170 180 21
170 189 56
170 190 56
170 224 84
170 248 84
171 206 38
171 265 84
171 273 1
171 279 89
171 286 70
172 184 33
172 192 89
172 198 33
172 215 54
172 290 69
172 294 94
173 190 34
173 201 43
173 254 79
173 297 21
174 210 100
174 233 3
174 261 18
174 269 22
174 281 75
174 288 82
175 247 97
175 252 71
175 280 86
175 294 46
175 296 95
176 197 6
176 199 54
176 215 50
176 227 41
176 244 89
176 246 39
176 291 76
176 292 89
177 198 79
177 212 45
177 237 73
177 238 67
177 281 77
178 229 78
178 248 36
178 268 22
179 219 63
179 222 30
179 229 52
179 246 36
179 261 82
180 228 55
180 234 53
180 250 3
180 265 81
180 268 35
180 269 51
180 281 3
181 206 20
181 297 49
182 200 97
182 214 77
182 224 2
182 256 99
182 282 69
183 226 42
183 266 89
183 270 45
183 276 30
183 282 68
183 288 41
184 188 54
184 189 86
184 242 70
184 244 32
184 271 73
184 280 91
184 282 94
185 191 3
185 237 95
185 242 29
185 245 36
185 253 1
186 231 82
186 239 38
186 240 81
186 259 68
186 263 41
186 268 84
186 295 39
187 201 89
187 205 32
187 208 15
187 216 42
187 219 30
187 270 35
187 271 83
187 280 71
187 283 31
188 194 64
188 201 38
188 249 72
188 272 69
189 191 75
189 200 41
189 211 100
189 223 48
189 231 83
189 242 46
189 258 2
189 265 77
190 213 26
190 262 89
190 267 77
190 277 59
191 209 26
191 220 10
191 239 26
191 242 18
191 266 45
191 283 16
192 234 58
192 260 76
192 275 30
192 289 51
192 293 58
193 216 17
193 227 85
193 237 28
193 247 47
193 250 48
193 276 17
194 203 18
194 267 69
194 280 43
194 293 58
195 226 20
195 234 42
195 255 93
195 287 65
196 204 95
196 205 21
196 214 43
196 221 83
196 299 98
197 201 1
197 215 61
197 258 59
197 283 79
197 285 78
198 204 3
198 226 94
198 232 36
198 237 30
198 240 76
198 261 86
199 229 87
199 241 92
199 246 71
199 257 66
199 285 38
200 205 70
200 229 34
200 230 56
200 234 90
200 239 77
200 256 65
201 260 10
201 269 18
201 283 57
201 286 74
202 214 13
202 223 78
202 237 68
203 218 95
203 247 27
203 285 69
203 291 55
204 220 85
204 221 47
204 232 85
204 239 87
204 258 40
205 217 20
205 244 68
205 256 15
205 257 57
205 266 55
205 285 6
205 291 79
206 237 72
206 240 96
206 245 1
206 247 6
206 291 51
207 211 90
207 214 82
207 215 15
207 234 99
207 273 51
207 289 24
208 212 25
208 243 63
208 295 53
208 297 92
209 260 10
209 291 79
210 254 12
210 269 64
211 227 15
212 219 10
212 233 48
212 238 53
212 243 50
212 269 19
213 262 20
213 264 16
213 281 28
213 283 26
213 289 74
213 296 6
214 272 98
214 294 21
215 232 58
215 270 55
215 290 71
216 253 48
216 255 88
216 256 37
216 276 98
216 286 38
216 297 12
217 236 74
217 268 53
218 246 64
218 247 18
218 251 62
218 283 94
219 238 29
219 242 25
219 244 8
219 273 39
219 283 25
221 247 60
221 254 40
221 260 95
222 231 80
222 291 7
223 234 22
223 246 57
223 250 32
223 256 80
223 262 54
223 265 52
223 274 89
223 285 60
224 238 74
224 281 88
224 289 47
225 241 11
225 263 86
225 271 85
225 283 22
225 289 11
227 233 37
227 253 38
227 257 28
227 259 98
227 270 31
227 275 9
227 295 74
227 298 39
228 245 99
228 253 50
228 255 50
228 263 38
228 272 97
228 281 81
229 238 96
229 277 70
229 282 38
229 283 28
230 239 1
230 244 43
230 254 31
230 256 90
230 267 3
230 280 5
231 254 77
232 259 49
232 262 67
232 283 62
232 292 85
233 237 40
233 244 25
234 237 73
234 252 77
234 284 52
235 259 22
235 263 8
235 272 12
235 278 48
235 287 98
235 296 10
236 270 49
236 277 47
236 285 47
236 288 45
237 248 28
237 249 95
237 288 15
237 290 65
238 242 22
238 254 15
238 266 7
238 274 4
238 283 56
238 285 61
239 273 8
239 275 33
239 277 10
239 290 74
240 267 46
241 267 46
241 268 14
241 277 70
242 266 19
242 274 42
242 286 22
243 244 40
243 268 49
243 269 85
243 280 87
243 297 98
244 265 95
245 256 36
245 261 45
245 265 41
245 270 32
245 275 24
245 290 35
246 257 98
246 286 40
247 274 8
247 277 13
247 288 98
248 257 12
248 266 68
248 277 59
250 251 71
250 281 52
251 273 20
251 288 97
252 278 98
252 283 65
252 291 62
253 258 67
253 285 35
253 290 3
255 262 40
255 267 75
255 281 4
255 290 25
256 288 13
257 270 1
257 275 19
258 262 100
259 260 97
260 264 11
260 292 84
260 293 20
261 262 98
261 264 81
261 287 11
262 272 5
264 295 45
265 281 9
265 299 68
266 288 65
267 290 67
267 298 91
268 284 16
269 270 86
269 286 87
270 285 13
270 291 2
272 291 48
272 294 32
273 277 37
273 280 2
273 297 71
275 289 63
276 290 5
276 292 47
278 282 27
278 283 58
279 282 65
280 299 27
283 286 54
286 299 28
290 292 62
291 298 26
300 317 3
300 332 5
300 377 10
300 394 6
300 422 2
300 440 5
300 450 6
300 460 6
300 469 2
300 491 7
300 512 10
300 577 3
300 587 10
301 326 5
301 342 8
301 343 8
301 356 5
301 359 6
301 371 6
301 387 7
301 401 8
301 405 1
301 412 6
301 457 9
301 461 2
301 487 1
301 511 5
301 522 4
301 523 9
302 309 4
302 329 5
302 344 3
302 365 8
302 366 7
302 429 8
302 433 1
302 438 1
302 470 5
302 489 7
302 491 4
302 537 1
302 543 8
302 564 6
302 575 10
302 591 2
303 312 6
303 326 10
303 340 9
303 348 3
303 359 7
303 368 7
303 383 2
303 433 7
303 468 4
303 478 1
303 496 10
303 531 4
303 559 7
304 317 6
304 347 4
304 360 1
304 440 10
304 446 6
304 459 10
304 514 8
304 551 5
304 567 1
305 324 8
305 336 9
305 358 9
305 450 3
305 469 9
305 493 6
305 494 1
305 500 1
305 508 9
305 527 8
305 559 2
305 565 9
305 570 10
305 571 8
305 581 5
305 586 1
305 593 7
306 307 8
306 323 3
306 393 6
306 399 3
306 493 10
306 506 1
306 540 6
306 541 10
306 543 3
306 549 3
306 558 9
306 564 10
306 569 7
306 572 1
306 588 10
307 341 7
307 354 9
307 365 4
307 376 8
307 386 6
307 422 4
307 435 10
307 465 5
307 486 1
307 489 1
307 491 3
307 493 2
307 503 10
307 507 10
307 525 5
307 575 6
307 581 7
307 583 7
308 322 4
308 349 2
308 392 8
308 408 4
308 418 9
308 422 9
308 437 8
308 440 2
308 454 8
308 477 8
309 341 10
309 359 10
309 365 9
309 375 9
309 385 9
309 459 2
309 461 6
309 474 4
309 478 6
309 555 5
309 598 10
310 377 8
310 419 5
310 432 5
310 450 10
310 462 6
310 476 4
310 484 4
310 493 2
310 504 2
310 522 2
310 529 7
310 565 3
311 328 10
311 330 10
311 343 4
311 401 8
311 422 10
311 428 5
311 444 7
311 453 7
311 497 6
311 500 7
311 507 7
311 509 4
311 538 7
311 544 8
312 347 9
312 358 2
312 361 5
312 362 5
312 412 2
312 420 3
312 458 1
312 499 8
312 509 4
312 560 7
312 572 3
313 339 7
313 357 10
313 360 6
313 362 10
313 384 6
313 399 9
313 423 9
313 424 7
313 463 2
313 472 9
313 491 6
313 528 8
313 561 7
313 585 4
314 339 5
314 341 5
314 343 10
314 365 9
314 385 1
314 414 10
314 419 9
314 445 3
314 450 4
314 451 4
314 472 6
314 531 8
314 536 6
314 537 5
314 543 1
314 558 4
315 329 7
315 346 7
315 391 3
315 407 2
315 422 9
315 450 10
315 453 2
315 491 7
315 525 7
315 529 5
315 599 7
316 325 4
316 334 4
316 358 4
316 364 8
316 377 9
316 380 8
316 385 9
316 409 7
316 428 1
316 460 8
316 482 7
316 485 5
316 501 4
316 519 2
316 579 10
316 582 1
316 599 8
317 320 6
317 327 2
317 337 1
317 361 2
317 366 10
317 384 6
317 392 5
317 403 8
317 407 5
317 419 9
317 458 7
317 474 3
317 517 3
317 548 5
317 556 7
317 591 7
317 596 8
318 351 6
318 383 7
318 394 8
318 401 6
318 426 5
318 429 8
318 448 6
318 463 1
318 467 2
318 477 9
318 489 5
318 498 3
318 505 1
318 525 2
318 531 8
318 552 2
318 556 4
318 574 1
318 583 4
318 591 1
319 323 5
319 324 1
319 365 6
319 370 3
319 382 9
319 426 10
319 429 8
319 464 4
319 466 6
319 482 6
319 514 3
319 533 3
319 554 2
319 588 10
319 593 1
320 370 6
320 375 9
320 407 6
320 459 8
320 493 2
320 507 6
320 511 2
320 552 6
320 579 6
321 363 5
321 366 3
321 380 10
321 385 1
321 441 5
321 461 3
321 502 1
321 522 2
321 524 5
321 530 8
321 552 6
321 560 6
321 566 8
321 574 3
321 580 9
321 591 5
321 598 10
322 340 3
322 344 10
322 347 3
322 373 5
322 379 10
322 421 10
322 442 3
322 471 7
322 476 8
322 513 7
322 544 2
322 556 1
322 580 2
323 338 9
323 362 8
323 388 7
323 416 8
323 435 8
323 443 1
323 482 2
323 483 10
323 489 2
323 511 7
323 522 10
323 543 10
323 574 2
323 579 7
323 583 4
323 596 2
324 328 3
324 343 4
324 366 4
324 374 2
324 388 6
324 392 8
324 418 3
324 441 6
324 445 3
324 466 9
324 483 5
324 554 9
324 579 2
324 582 7
325 334 10
325 367 3
325 388 4
325 398 6
325 424 10
325 428 3
325 520 9
325 531 2
325 568 3
325 597 2
326 351 10
326 364 2
326 375 1
326 409 1
326 429 10
326 476 5
326 498 4
326 502 2
326 506 10
326 545 7
326 561 6
326 562 5
326 565 7
327 335 8
327 361 2
327 378 9
327 394 9
327 398 8
327 442 7
327 460 2
327 461 5
327 477 8
327 482 4
327 516 8
327 520 6
327 525 6
327 529 1
327 563 4
327 579 9
328 451 5
328 452 5
328 467 8
328 488 8
328 508 8
328 532 10
328 550 7
329 343 2
329 349 3
329 352 8
329 356 3
329 358 1
329 386 5
329 412 9
329 435 7
329 443 5
329 504 1
329 529 7
329 540 5
329 549 10
329 589 3
329 592 6
330 393 4
330 395 3
330 451 2
330 466 2
330 489 8
330 528 9
330 537 4
330 542 1
330 567 7
330 577 8
330 581 7
330 586 6
330 598 5
331 354 4
331 369 5
331 396 3
331 408 7
331 438 9
331 443 2
331 444 9
331 457 1
331 462 7
331 478 10
331 480 10
331 517 1
331 523 10
331 586 6
331 590 5
331 595 9
332 352 1
332 374 2
332 424 5
332 428 3
332 432 5
332 553 8
332 567 2
332 578 3
332 590 1
333 336 2
333 351 9
333 354 10
333 360 10
333 399 4
333 401 6
333 406 6
333 408 10
333 433 8
333 446 4
333 468 10
333 469 9
333 470 5
333 545 1
333 577 7
333 594 4
334 355 10
334 363 9
334 385 5
334 388 7
334 446 5
334 484 3
334 493 7
334 504 7
334 506 9
334 549 9
334 599 1
335 360 6
335 374 10
335 387 6
335 439 6
335 491 3
335 497 4
335 506 7
335 520 5
335 528 10
335 551 2
335 572 10
335 579 1
335 593 9
335 597 3
336 362 1
336 378 10
336 417 9
336 479 3
336 485 6
336 495 2
336 500 4
336 537 5
336 568 6
336 569 10
336 570 9
336 587 1
336 597 7
337 352 7
337 384 9
337 392 7
337 405 10
337 429 5
337 493 9
337 500 5
337 512 2
337 522 3
337 566 10
337 571 9
337 573 7
337 588 9
338 339 10
338 340 8
338 364 2
338 415 1
338 417 3
338 463 4
338 488 2
338 599 1
339 377 6
339 383 9
339 401 3
339 413 1
339 429 5
339 448 10
339 454 10
339 464 4
339 506 10
339 507 8
339 519 2
339 537 9
339 543 7
339 545 1
339 550 5
339 551 5
339 561 7
340 361 6
340 366 9
340 380 7
340 403 6
340 433 8
340 444 7
340 457 6
340 509 5
340 514 8
340 523 8
340 524 9
340 543 1
340 577 9
341 357 10
341 360 8
341 378 9
341 390 4
341 404 8
341 440 4
341 445 3
341 466 10
341 490 9
341 508 5
341 525 7
341 532 10
341 558 5
341 588 5
342 393 3
342 399 9
342 433 1
342 438 1
342 448 6
342 466 10
342 475 7
342 487 2
342 502 7
342 513 6
342 519 9
342 520 3
342 527 5
342 537 6
342 556 2
342 559 6
342 564 6
342 586 3
343 356 5
343 371 4
343 376 6
343 392 3
343 394 7
343 404 10
343 458 2
343 501 5
343 502 4
343 503 10
343 558 7
344 362 10
344 390 5
344 401 1
344 409 8
344 443 7
344 481 1
344 485 6
344 513 6
344 572 10
344 592 7
345 365 4
345 374 5
345 399 5
345 411 7
345 420 9
345 428 2
345 441 8
345 447 6
345 456 7
345 458 10
345 464 1
345 468 2
345 472 7
345 494 5
345 495 1
345 515 8
345 538 8
345 540 7
345 552 4
345 557 7
345 597 3
346 356 3
346 413 3
346 414 3
346 431 3
346 451 10
346 456 4
346 466 8
346 476 7
346 496 3
346 499 4
346 511 1
346 522 9
346 555 10
346 570 7
346 571 7
346 572 1
347 432 6
347 441 3
347 447 9
347 469 7
347 474 5
347 493 2
347 510 5
347 524 9
348 382 2
348 389 2
348 396 6
348 408 9
348 413 7
348 425 4
348 441 1
348 472 10
348 479 7
348 490 6
348 497 4
348 507 8
348 523 1
348 527 1
348 560 6
348 568 5
348 569 6
348 595 6
349 381 3
349 440 5
349 449 4
349 461 9
349 483 7
349 492 1
349 497 3
349 502 7
349 511 9
349 543 7
349 549 8
349 555 3
349 567 7
350 352 10
350 360 7
350 367 2
350 382 8
350 396 3
350 397 8
350 439 10
350 528 4
350 582 6
351 352 5
351 378 7
351 392 3
351 455 7
351 456 7
351 483 8
351 498 1
351 513 4
351 536 6
351 540 3
351 549 8
351 567 1
351 583 4
352 417 6
352 435 2
352 444 6
352 490 2
352 517 10
352 524 5
352 527 10
352 580 5
352 588 3
353 418 9
353 431 1
353 432 5
353 465 8
353 486 3
353 523 2
353 545 9
353 576 9
353 577 9
353 595 6
354 362 5
354 377 1
354 403 2
354 458 4
354 462 10
354 478 3
354 482 7
354 515 7
354 519 5
354 572 7
354 579 8
355 418 8
355 424 2
355 438 1
355 449 6
355 474 6
355 481 10
355 499 2
355 516 5
355 552 4
355 576 4
355 587 5
355 589 6
356 360 10
356 402 4
356 406 1
356 419 3
356 428 2
356 429 9
356 443 1
356 460 7
356 540 3
356 549 3
356 586 9
357 360 6
357 384 5
357 394 3
357 405 5
357 434 1
357 451 7
357 453 1
357 467 10
357 475 7
357 479 4
357 506 10
357 509 4
357 534 9
358 429 2
358 450 7
358 490 5
358 501 7
358 523 2
358 544 1
358 593 3
358 597 4
359 365 4
359 369 5
359 372 6
359 410 8
359 434 3
359 451 9
359 471 6
359 507 7
359 509 3
359 540 6
359 548 5
359 560 9
359 566 8
359 582 9
359 594 10
360 369 7
360 401 9
360 420 1
360 471 5
360 474 2
360 505 3
360 512 8
360 553 3
360 590 4
360 597 4
361 364 7
361 381 2
361 432 7
361 454 8
361 483 6
361 489 10
361 490 3
361 545 10
361 546 8
361 562 2
361 564 4
362 367 6
362 393 8
362 397 1
362 445 10
362 458 3
362 483 5
362 499 9
362 515 1
362 527 3
362 528 10
362 542 9
362 555 3
362 573 10
362 580 3
363 375 4
363 398 4
363 406 10
363 408 8
363 411 9
363 414 5
363 426 5
363 492 1
363 493 1
363 514 4
363 518 6
364 371 1
364 376 6
364 391 8
364 407 8
364 430 8
364 431 1
364 486 5
364 489 7
364 490 1
364 500 6
364 507 9
364 555 5
364 570 4
364 573 1
365 371 9
365 380 5
365 383 9
365 428 1
365 448 7
365 458 1
365 490 7
365 495 10
365 497 2
365 507 4
365 537 9
365 546 8
365 552 8
365 555 9
365 556 9
365 595 3
366 397 6
366 438 1
366 547 1
366 549 3
366 567 10
366 578 10
366 597 4
367 409 6
367 410 6
367 454 6
367 517 1
367 546 4
367 563 1
367 575 7
367 580 7
367 587 1
367 590 1
368 372 5
368 416 2
368 431 7
368 433 8
368 514 10
368 524 9
368 533 1
368 548 3
368 556 7
368 558 9
368 572 3
368 582 7
369 370 9
369 375 5
369 413 4
369 420 9
369 433 7
369 447 7
369 454 10
369 455 6
369 464 2
369 502 5
369 504 1
369 506 7
369 558 7
369 578 7
370 391 9
370 394 5
370 413 5
370 427 10
370 439 6
370 442 9
370 459 3
370 464 4
370 465 8
370 476 2
370 483 4
370 506 9
370 509 6
370 513 10
370 550 7
370 568 10
371 419 8
371 428 5
371 465 5
371 480 2
371 488 5
371 494 3
371 516 10
371 531 6
371 548 9
371 565 1
371 568 2
372 410 1
372 423 9
372 427 8
372 491 7
372 498 8
372 545 3
372 572 1
372 590 9
373 377 10
373 423 2
373 433 3
373 454 5
373 474 1
373 476 6
373 489 9
373 511 9
373 520 1
373 539 8
373 555 7
373 564 3
373 570 8
374 405 3
374 408 9
374 409 1
374 411 7
374 429 1
374 434 10
374 435 4
374 468 9
374 471 2
374 488 5
374 491 10
374 502 10
374 527 3
374 550 8
374 553 9
374 599 7
375 386 9
375 439 9
375 454 6
375 504 2
375 598 1
376 417 10
376 426 2
376 484 8
376 513 10
376 519 3
376 563 9
376 596 10
377 406 9
377 427 3
377 488 7
377 496 4
377 506 1
377 513 7
377 530 2
377 531 1
377 543 6
378 399 6
378 427 10
378 485 7
378 501 10
378 504 1
378 519 8
378 542 4
378 548 8
378 568 7
379 441 10
379 461 8
379 473 5
379 514 7
379 536 9
379 548 8
379 550 9
379 551 3
379 596 5
380 408 8
380 414 7
380 420 5
380 459 7
380 501 7
380 534 7
380 550 5
380 563 10
381 394 7
381 402 1
381 454 2
381 456 8
381 459 8
381 465 9
381 471 7
381 529 6
381 533 8
381 543 9
381 573 4
381 574 4
381 588 6
382 388 2
382 428 3
382 437 4
382 452 6
382 468 2
382 469 4
382 472 3
382 509 2
382 523 8
382 534 8
382 561 1
382 591 4
383 410 2
383 441 10
383 452 1
383 463 9
383 502 4
383 511 2
383 522 7
383 549 7
383 559 5
384 398 4
384 448 6
384 480 3
384 511 2
384 531 2
384 549 1
384 566 10
385 388 7
385 420 4
385 432 8
385 442 8
385 444 8
385 460 3
385 473 5
385 495 1
385 514 6
385 520 8
385 523 4
386 420 6
386 484 7
386 491 5
386 500 1
386 523 10
386 540 4
386 546 3
386 554 10
386 558 9
386 560 5
387 390 7
387 449 5
387 458 9
387 466 10
387 470 1
387 473 2
387 482 4
387 490 4
387 515 4
387 522 5
387 578 10
388 402 9
388 414 2
388 430 7
388 448 8
388 450 4
388 458 3
388 516 1
388 519 2
388 525 10
388 573 4
389 402 7
389 414 8
389 415 8
389 416 7
389 421 8
389 428 3
389 482 10
389 524 9
389 539 2
389 556 4
389 595 5
390 412 6
390 423 4
390 444 7
390 477 8
390 482 7
390 489 2
390 516 1
390 525 2
390 547 6
390 548 10
390 557 10
391 396 8
391 404 8
391 420 10
391 458 1
391 492 1
391 507 10
391 516 4
391 531 2
391 540 5
391 550 10
392 419 2
392 473 3
392 510 7
392 514 9
392 516 5
392 568 8
392 591 9
392 593 8
393 396 3
393 407 4
393 414 4
393 415 6
393 427 2
393 434 3
393 442 5
393 552 3
393 562 4
394 396 6
394 427 10
394 442 5
394 463 8
394 485 7
394 487 5
394 514 9
394 534 10
394 536 5
394 571 10
394 584 3
395 404 8
395 423 4
395 438 5
395 442 9
395 449 6
395 457 3
395 526 9
395 539 3
395 566 10
395 587 8
396 402 10
396 408 2
396 415 3
396 430 5
396 432 9
396 446 4
396 491 8
396 494 5
396 524 8
396 539 3
396 545 1
396 548 7
396 564 7
396 587 10
397 408 6
397 463 1
397 472 8
397 484 7
397 492 7
397 501 9
397 511 9
397 518 7
397 524 2
397 533 3
397 557 5
397 585 10
397 592 5
398 413 6
398 423 4
398 447 6
398 480 3
398 508 3
398 556 9
398 563 7
398 572 10
398 584 10
398 594 2
398 598 9
399 437 4
399 451 9
399 457 1
399 527 6
399 539 7
399 551 9
399 555 5
399 557 4
399 560 10
399 570 4
399 590 10
400 402 8
400 416 2
400 440 1
400 460 4
400 487 6
400 493 3
400 502 1
400 527 5
400 567 10
400 583 6
401 421 8
401 498 7
401 524 10
401 559 2
401 583 6
402 479 6
402 485 3
402 491 5
402 495 9
402 508 1
402 570 8
402 586 9
403 426 1
403 434 6
403 450 5
403 459 10
403 467 10
403 468 1
403 485 1
403 489 6
403 494 10
403 503 10
403 511 9
403 533 10
403 534 4
403 539 4
403 545 5
404 419 6
404 431 10
404 455 6
404 465 1
404 487 7
404 501 2
404 522 2
404 547 9
404 596 7
405 433 9
405 440 1
405 502 3
405 598 7
406 450 4
406 457 1
406 465 5
406 484 6
406 494 6
406 512 1
406 530 7
406 571 7
406 580 1
406 587 7
406 595 4
407 412 1
407 419 7
407 426 5
407 455 2
407 480 2
407 486 8
407 520 6
407 569 7
408 417 8
408 418 1
408 420 9
408 430 6
408 474 5
408 544 10
408 557 4
408 582 3
409 426 8
409 431 7
409 458 6
409 470 6
409 517 2
409 539 8
409 562 10
409 599 7
410 432 5
410 472 10
410 475 4
410 487 1
410 502 3
410 523 2
410 557 7
410 591 3
410 592 10
411 436 1
411 441 6
411 447 1
411 452 10
411 461 2
411 485 9
411 493 7
411 560 4
411 566 7
411 567 3
411 575 10
412 416 8
412 417 8
412 437 3
412 468 7
412 471 6
412 478 8
412 517 2
412 537 7
412 552 5
412 553 3
412 557 6
413 425 9
413 432 5
413 457 9
413 506 1
413 515 7
413 516 2
413 584 7
413 590 1
414 417 2
414 420 9
414 452 6
414 472 4
414 486 9
414 489 9
414 514 3
414 518 7
414 546 5
414 559 1
414 576 1
414 598 4
415 474 9
415 487 9
415 489 6
415 524 5
415 547 6
415 563 3
415 585 9
416 425 5
416 427 9
416 431 1
416 440 10
416 495 7
416 512 5
416 551 10
416 576 10
417 437 1
417 446 1
417 454 8
417 470 3
417 477 4
417 498 7
417 530 9
417 540 8
417 541 7
417 559 9
417 569 10
417 570 3
417 576 3
417 599 10
418 458 4
418 476 7
418 519 10
418 531 4
418 541 2
418 560 5
418 573 1
418 578 7
419 420 3
419 422 5
419 423 5
419 428 5
419 443 6
419 486 4
419 500 10
419 501 7
419 528 5
419 534 2
419 540 8
419 561 2
419 566 5
419 586 3
419 593 10
420 424 5
420 429 10
420 435 6
420 452 5
420 468 1
420 502 1
420 564 8
420 580 1
420 593 4
420 594 6
420 595 10
421 433 9
421 436 9
421 437 6
421 469 9
421 484 5
421 519 10
421 591 6
422 426 2
422 427 5
422 433 1
422 445 7
422 449 6
422 493 8
422 513 1
422 522 7
422 542 7
422 550 4
422 561 3
422 581 9
423 430 6
423 436 9
423 440 1
423 492 1
423 496 4
423 497 1
423 520 3
423 587 3
424 445 3
424 469 8
424 484 8
424 494 5
424 495 6
424 550 6
424 564 10
424 566 5
424 587 3
425 452 2
425 470 10
425 487 6
425 496 6
425 509 2
425 511 4
425 526 1
425 544 9
425 547 6
425 566 9
426 471 7
426 472 9
426 477 4
426 511 8
426 515 6
426 584 2
427 468 8
427 508 9
427 515 7
427 527 10
427 541 1
427 554 9
427 561 3
428 456 9
428 469 6
428 471 7
428 506 4
428 541 4
428 553 6
428 592 10
429 434 8
429 439 7
429 452 9
429 468 3
429 505 4
429 514 1
429 528 6
429 529 6
429 592 1
430 444 1
430 456 5
430 469 10
430 483 1
430 498 10
430 503 9
430 513 7
430 565 1
430 588 6
431 445 7
431 478 8
431 502 5
432 457 7
432 503 8
432 529 9
432 538 5
432 563 4
432 599 5
433 444 1
433 467 9
433 484 3
433 487 10
433 493 6
433 497 1
433 563 1
433 581 8
434 469 5
434 478 3
434 486 5
434 567 2
435 439 3
435 487 7
435 518 8
435 530 4
435 535 9
435 578 7
435 589 2
436 438 7
436 443 8
436 485 9
436 554 3
436 560 7
436 574 6
436 575 10
436 585 6
436 589 4
437 466 6
437 479 9
437 506 9
437 507 8
437 516 9
437 518 3
437 526 8
437 542 4
437 549 3
437 554 8
437 565 3
437 573 9
437 575 10
437 585 9
437 592 1
438 440 4
438 466 5
438 468 8
438 486 10
438 489 6
438 500 5
438 518 1
438 536 2
438 553 4
438 560 10
439 455 7
439 531 2
439 559 7
439 579 8
440 442 7
440 446 10
440 480 3
440 487 8
440 502 10
440 546 1
440 553 6
440 557 2
440 583 10
440 585 2
441 481 7
441 484 9
441 506 4
441 510 5
441 519 10
441 545 3
441 547 5
441 562 3
441 565 9
441 591 5
441 593 4
441 597 4
442 473 1
442 477 5
442 488 8
442 490 6
442 501 6
442 531 4
442 534 9
442 544 2
442 558 1
442 582 7
442 595 3
443 449 5
443 453 4
443 487 5
443 495 7
443 514 2
443 531 6
443 545 6
443 548 5
443 576 2
444 445 4
444 457 10
444 470 9
444 479 5
444 484 4
444 501 5
444 523 8
444 575 3
444 577 9
444 591 3
444 597 8
445 458 1
445 462 7
445 465 7
445 468 6
445 473 4
445 505 10
445 512 4
445 515 7
445 537 2
445 583 1
446 470 2
446 482 9
446 498 6
446 500 6
446 503 5
446 504 9
446 505 3
446 546 3
446 563 3
446 579 7
447 465 8
447 486 5
447 495 5
447 512 3
447 518 8
447 543 9
447 562 2
447 566 10
447 569 10
447 587 4
448 466 10
448 468 10
448 503 3
448 544 6
448 552 8
448 561 6
448 588 8
448 594 3
448 598 5
449 455 9
449 484 3
449 508 6
449 510 9
449 521 1
449 522 3
449 547 4
450 474 1
450 478 5
450 511 6
450 518 4
450 525 3
450 534 3
450 548 8
450 550 7
450 554 5
450 555 7
450 568 8
450 584 6
451 459 7
451 475 9
451 532 2
451 544 8
451 548 8
451 558 4
452 463 5
452 466 7
452 475 9
452 478 2
452 505 10
452 512 3
452 540 3
452 561 4
453 471 10
453 472 1
453 479 4
453 487 2
453 492 6
453 522 5
453 530 9
453 552 1
453 553 10
453 592 1
454 470 6
454 477 9
454 479 10
454 489 2
454 527 5
454 529 7
454 551 10
454 554 3
454 574 7
454 579 1
455 467 2
455 477 6
455 510 4
455 563 7
455 572 3
456 468 4
456 478 8
456 505 2
456 511 9
456 516 2
456 525 5
456 548 8
456 568 3
456 572 1
456 593 2
457 469 8
457 498 7
457 518 10
457 541 1
457 568 8
457 581 2
457 582 6
457 591 8
458 465 1
458 482 9
458 507 4
458 538 9
459 492 8
459 507 7
459 550 5
459 582 8
459 583 10
459 586 1
460 485 3
460 509 6
460 528 3
460 566 7
460 585 6
461 464 6
461 478 5
461 480 7
461 491 2
461 518 4
461 529 1
461 532 2
461 588 5
462 477 1
462 507 10
462 522 6
462 561 1
462 565 9
462 581 8
462 592 8
462 598 6
463 467 8
463 474 6
463 480 10
463 495 7
463 518 6
463 543 8
463 556 1
463 557 5
463 564 9
463 586 1
464 476 8
464 520 5
464 522 5
464 543 4
464 551 10
464 587 10
465 484 10
465 495 8
465 501 4
465 503 3
465 569 9
465 578 7
465 579 8
465 586 9
466 470 7
466 481 3
466 519 1
466 536 7
466 547 2
466 551 8
466 552 3
466 560 10
466 572 5
467 484 4
467 491 8
467 584 2
467 594 3
468 499 8
468 502 7
468 509 1
468 515 1
468 531 4
468 554 7
468 555 7
468 556 9
468 566 8
468 573 9
468 588 10
469 474 6
469 490 2
469 529 2
469 559 6
469 569 8
469 593 1
470 505 6
470 515 6
470 542 4
470 553 8
470 564 3
471 486 5
471 495 7
471 504 5
471 513 6
471 565 1
471 585 10
471 594 3
472 548 5
472 569 4
472 596 3
473 491 1
473 502 6
473 503 5
473 534 6
473 564 3
473 566 1
473 578 6
473 583 10
473 595 9
474 488 5
474 529 7
474 543 10
474 545 6
474 548 4
474 572 10
474 585 7
475 486 1
475 499 5
475 539 2
476 496 8
476 498 7
476 553 8
476 559 4
476 563 3
476 572 4
476 594 7
477 527 4
477 557 8
477 594 1
478 482 7
478 484 10
478 507 3
478 509 3
478 524 4
478 525 8
478 533 5
478 536 7
478 545 3
478 591 6
479 525 7
479 535 9
479 580 5
480 491 9
480 492 6
480 547 8
480 566 8
480 583 4
481 483 9
481 552 2
481 568 5
482 490 8
482 494 9
482 519 5
482 527 2
482 542 3
482 545 10
482 557 10
483 488 7
483 497 7
483 501 10
483 521 3
483 524 9
483 570 2
483 594 7
484 497 2
484 498 1
484 522 1
484 543 10
484 576 5
484 578 9
484 594 7
485 487 3
485 499 3
485 513 5
485 516 8
485 517 2
485 578 2
486 503 2
486 514 2
486 515 5
486 517 8
486 557 10
486 565 3
486 575 2
487 523 1
487 525 8
487 540 1
487 592 2
488 491 4
488 501 10
488 529 1
488 552 8
489 510 8
489 560 4
489 562 5
490 510 1
490 520 4
490 530 7
491 493 1
491 499 8
491 502 5
491 517 7
491 541 2
491 555 9
491 586 1
491 592 1
492 514 1
492 523 4
492 546 4
492 566 4
493 495 8
493 543 4
493 565 3
493 575 3
493 590 5
494 524 5
494 541 10
494 551 8
494 554 6
494 591 5
495 536 9
495 548 8
495 551 2
495 585 6
496 502 1
496 506 8
496 524 6
496 573 4
496 595 5
497 520 8
497 533 3
497 537 1
497 561 6
497 566 6
497 569 2
497 578 8
498 514 7
498 521 2
498 532 1
498 543 2
498 552 5
498 560 1
498 566 5
499 505 10
499 516 3
499 541 2
499 562 4
499 598 4
500 525 1
500 569 2
500 575 8
500 587 9
501 532 9
501 535 1
501 597 4
501 598 10
501 599 9
502 518 1
502 519 5
502 523 5
502 541 1
502 584 10
502 585 7
502 590 6
503 505 5
503 522 8
503 590 4
504 583 3
505 506 9
505 513 6
505 551 5
505 571 6
506 516 6
506 531 1
506 566 7
506 587 10
506 594 2
507 509 10
507 514 3
507 516 4
507 526 1
507 541 2
507 545 2
508 522 10
508 541 5
508 569 7
508 571 1
509 519 5
509 522 10
509 546 5
509 591 9
510 512 10
510 523 4
510 577 5
510 585 7
511 514 1
511 520 3
511 529 10
511 531 3
511 550 3
511 555 6
511 568 9
511 584 10
512 528 3
512 561 10
512 563 6
512 599 3
513 521 3
513 526 8
513 572 5
513 573 9
513 574 10
513 575 9
513 591 10
514 529 1
514 557 3
514 594 9
515 516 1
515 556 7
515 557 8
516 528 8
516 546 7
516 565 9
516 572 1
516 597 3
517 529 5
517 544 3
517 549 5
517 553 7
517 598 6
518 530 10
518 571 4
518 577 6
518 583 1
518 589 6
519 524 7
519 533 9
519 536 8
519 539 2
519 591 6
520 522 5
520 541 10
520 544 7
520 551 3
520 564 1
520 572 8
521 522 5
521 525 9
521 526 10
521 535 3
521 540 8
521 548 7
521 570 9
521 575 8
523 541 10
523 573 1
523 574 3
523 595 2
524 536 8
524 551 1
524 553 9
524 567 9
525 536 4
525 538 5
525 545 9
525 548 9
525 555 1
525 585 7
525 588 7
525 589 2
525 598 4
526 528 1
526 550 3
526 554 3
526 568 5
526 585 4
526 588 2
527 542 1
527 558 4
527 566 1
527 587 3
527 595 2
528 535 10
528 570 3
528 582 1
529 531 9
529 543 5
529 596 5
530 537 2
530 549 4
530 583 5
531 543 3
531 556 2
531 566 8
531 577 7
532 539 3
532 544 7
532 557 9
532 572 1
532 595 5
532 599 3
533 547 5
533 562 7
533 564 5
534 536 9
534 554 1
534 582 10
534 591 10
535 539 1
535 542 4
535 551 10
535 553 5
535 557 7
535 569 9
535 598 7
536 572 7
536 596 9
537 538 3
537 541 2
537 582 3
537 599 7
538 553 6
538 567 5
538 573 8
539 594 6
540 585 3
541 575 10
541 589 2
542 578 1
542 599 1
543 552 8
543 570 5
543 588 7
543 596 4
544 590 10
544 597 5
545 552 6
545 569 1
545 575 4
545 586 8
546 551 4
546 569 3
546 586 2
548 561 10
548 573 4
548 574 10
549 556 9
549 590 4
550 558 2
550 598 10
551 552 6
553 563 8
553 570 7
554 567 2
555 584 6
556 565 2
556 584 4
556 591 7
557 575 5
557 578 5
558 566 7
558 587 2
559 566 9
559 584 5
559 593 7
560 576 10
560 589 9
561 587 4
561 595 1
562 572 2
562 590 1
562 593 6
562 597 7
563 570 2
564 574 6
564 588 2
565 588 1
567 579 6
567 599 7
568 569 3
568 585 5
568 591 3
571 583 2
571 592 3
572 589 4
573 594 7
574 595 5
575 578 10
575 587 4
577 585 1
582 583 4
584 587 2
585 595 3
590 598 4
592 593 7
592 594 1
600 299 78
601 599 6
600 601 94
