602 4489
100 71 1 88 40 27 42 9 50 99 46 36 30 24 57 27 28 3 43 75 90 50 34 59 26 9 64 25 63 3 87 62 73 88 50 12 66 43 21 68 93 18 55 74 41 63 100 20 65 94 95 55 95 28 65 21 89 28 97 51 31 84 64 55 23 65 19 40 59 91 59 3 8 65 77 49 28 76 68 92 22 14 98 16 94 63 88 82 42 85 84 72 20 47 79 94 64 97 85 22 87 44 25 46 60 53 94 87 80 14 31 1 79 28 17 24 42 4 5 84 40 40 7 59 39 85 4 2 81 89 75 19 84 51 65 43 3 10 82 83 75 12 83 6 91 51 29 33 55 86 16 46 25 22 5 15 59 60 16 39 48 43 10 83 93 26 26 48 87 59 30 14 22 64 19 12 67 99 96 73 84 11 18 61 85 74 75 43 34 91 33 81 85 94 64 77 19 41 24 58 99 5 71 20 21 41 83 39 39 79 11 23 41 28 83 25 2 9 19 35 99 52 67 35 45 82 12 16 22 87 73 72 44 95 91 16 35 26 54 73 4 64 47 44 91 81 21 44 90 39 78 40 90 97 75 87 78 38 2 100 24 26 71 67 20 14 34 6 91 87 30 94 50 29 89 93 9 61 36 98 100 66 90 41 62 64 79 91 1 80 90 76 57 13 95 28 78 28 85 20 56 83 90 100 85 62 46 99 7 97 88 90 18 48 28 52 88 82 2 76 51 83 100 94 31 2 41 100 35 55 84 91 89 25 42 73 87 87 23 93 35 11 34 52 58 62 56 97 43 9 72 45 91 71 39 73 25 31 72 11 37 7 1 26 32 42 98 70 81 73 62 15 83 47 19 92 8 26 41 2 34 12 47 76 35 37 48 11 67 71 21 55 77 22 80 60 15 30 29 47 2 42 62 36 89 80 27 96 57 19 50 90 31 96 17 17 32 64 27 50 34 47 4 62 20 84 22 87 65 2 33 18 44 46 53 32 77 31 79 33 50 28 74 32 75 90 48 58 53 26 7 38 24 11 52 44 46 73 82 62 26 14 79 69 12 31 52 88 13 31 21 62 10 94 45 37 84 44 94 88 69 1 78 93 63 81 88 60 5 69 21 30 34 99 99 97 81 2 85 45 84 57 59 94 50 3 30 85 47 23 25 15 75 54 59 37 34 46 48 90 66 68 19 52 18 69 48 50 71 84 95 54 40 53 99 42 55 80 78 53 55 54 68 29 7 78 18 92 76 65 81 93 33 100 44 2 20 44 52 90 27 98 44 19 2 42 60 8 22 37 61 76 91 80 56 49 57 73 41 32 90 73 25 74 24 20 75 44 15 78 33 42 75 28 60 28 22 71 36 95 84 87
0 6 15
0 23 15
0 33 65
0 48 16
0 62 43
0 71 53
0 88 8
0 103 3
0 114 66
0 125 44
0 158 1
0 189 65
0 193 61
0 235 42
0 241 57
1 58 74
1 102 5
1 126 36
1 140 64
1 150 57
1 163 67
1 175 6
1 178 32
1 182 24
1 199 18
1 229 78
1 236 3
1 248 47
1 275 6
1 293 88
1 296 66
1 299 72
2 8 2
2 12 30
2 16 87
2 45 96
2 51 34
2 55 95
2 64 98
2 72 99
2 92 90
2 94 50
2 110 15
2 134 50
2 145 91
2 184 72
2 192 75
2 193 47
2 198 59
2 200 38
2 208 3
2 270 25
3 10 43
3 42 87
3 52 48
3 70 12
3 76 64
3 83 3
3 88 10
3 97 21
3 98 90
3 144 75
3 156 92
3 161 43
3 170 56
3 190 79
3 253 38
3 279 42
3 287 25
3 294 87
3 298 92
4 7 14
4 9 89
4 37 59
4 50 15
4 61 79
4 95 82
4 135 89
4 156 26
4 157 40
4 173 26
4 189 80
4 196 64
4 248 21
4 256 66
4 258 64
4 270 32
4 282 82
5 8 66
5 37 42
5 47 2
5 67 55
5 90 68
5 97 46
5 101 97
5 102 76
5 156 24
5 157 86
5 159 17
5 171 48
5 173 24
5 190 60
5 209 13
5 235 12
5 237 18
5 257 79
5 258 91
5 292 99
6 26 67
6 28 68
6 36 38
6 129 44
6 145 47
6 154 2
6 157 64
6 166 65
6 169 17
6 223 48
6 228 98
6 237 82
6 245 41
6 259 99
6 285 36
6 286 8
7 9 44
7 34 84
7 52 83
7 58 19
7 82 21
7 87 51
7 177 18
7 207 44
7 216 11
7 224 30
7 228 56
7 248 80
7 266 8
7 277 98
8 29 79
8 49 26
8 53 65
8 69 68
8 77 22
8 115 63
8 138 21
8 140 85
8 145 79
8 192 37
8 195 84
8 287 76
8 294 18
8 297 24
9 20 27
9 48 5
9 59 32
9 70 70
9 75 40
9 148 66
9 200 41
9 261 60
9 272 17
9 282 58
9 291 56
9 299 79
10 24 40
10 76 11
10 100 58
10 142 99
10 180 60
10 193 88
10 226 25
10 247 76
10 257 56
10 264 46
10 274 90
11 19 76
11 71 82
11 79 69
11 117 65
11 129 18
11 135 96
11 138 82
11 147 41
11 185 22
11 246 87
11 270 24
11 271 44
11 278 78
12 39 90
12 57 84
12 89 38
12 95 58
12 103 41
12 132 93
12 141 36
12 163 32
12 191 55
12 210 45
12 226 31
12 256 66
12 259 33
12 283 7
12 293 41
13 28 40
13 34 4
13 35 30
13 66 15
13 122 37
13 128 50
13 134 79
13 147 54
13 201 46
13 226 13
13 255 95
13 257 67
14 22 51
14 62 18
14 118 10
14 140 28
14 141 7
14 150 93
14 155 17
14 209 16
14 232 86
14 234 9
14 243 51
14 278 17
15 28 15
15 49 96
15 80 99
15 85 80
15 89 28
15 109 5
15 166 72
15 191 67
15 195 60
15 199 2
15 221 33
15 240 97
15 275 51
15 278 64
15 293 50
16 25 96
16 47 28
16 57 96
16 112 63
16 115 78
16 133 66
16 140 24
16 143 5
16 151 72
16 172 17
16 177 22
16 185 40
16 237 54
16 293 82
16 298 90
17 40 70
17 64 49
17 86 37
17 100 21
17 137 80
17 152 64
17 157 25
17 165 52
17 171 82
17 204 37
17 229 53
17 274 67
17 297 33
18 36 55
18 39 82
18 87 34
18 90 3
18 91 9
18 152 30
18 154 65
18 167 86
18 184 95
18 221 40
18 226 42
18 275 18
18 298 56
19 41 15
19 59 57
19 69 9
19 77 49
19 111 99
19 116 31
19 120 49
19 156 35
19 187 51
19 209 28
19 214 51
19 246 27
19 269 79
19 290 84
20 34 63
20 56 83
20 59 2
20 89 47
20 96 90
20 117 83
20 149 33
20 189 92
20 193 43
20 194 62
20 236 8
20 254 28
20 256 8
20 262 47
21 32 22
21 34 77
21 46 55
21 47 88
21 58 86
21 91 15
21 97 36
21 103 84
21 107 45
21 116 36
21 126 18
21 143 47
21 167 64
21 192 20
21 194 26
21 217 94
21 246 4
21 252 40
21 261 77
21 276 5
22 46 87
22 96 18
22 135 88
22 140 19
22 144 9
22 192 30
22 228 32
22 230 16
22 269 10
22 283 91
22 297 62
23 68 83
23 73 67
23 79 16
23 83 70
23 111 52
23 117 83
23 120 58
23 135 87
23 142 27
23 144 45
23 154 5
23 182 26
23 207 8
23 219 76
23 230 51
23 234 2
23 235 79
23 265 90
23 277 30
23 292 84
24 46 28
24 56 47
24 69 23
24 89 98
24 121 7
24 146 4
24 153 81
24 159 22
24 195 65
24 198 71
24 202 35
24 213 47
24 292 38
25 30 3
25 46 69
25 47 41
25 51 85
25 86 78
25 90 28
25 127 63
25 144 22
25 153 84
25 160 88
25 176 82
25 182 59
25 230 90
25 240 35
25 241 90
25 255 32
25 285 64
26 54 73
26 57 59
26 64 62
26 81 47
26 103 9
26 108 68
26 115 2
26 133 89
26 162 41
26 174 67
26 253 12
26 269 75
26 274 65
26 298 1
27 60 77
27 75 85
27 99 41
27 108 13
27 111 14
27 123 20
27 125 76
27 135 36
27 153 55
27 158 63
27 170 69
27 174 14
27 207 5
27 212 3
27 225 55
27 237 36
27 270 18
28 57 79
28 63 46
28 107 31
28 151 25
28 172 6
28 198 98
28 261 26
28 294 95
29 35 90
29 38 44
29 39 6
29 66 64
29 70 9
29 98 58
29 100 93
29 196 93
29 197 98
29 225 5
29 268 7
30 62 70
30 67 32
30 69 94
30 83 24
30 94 47
30 110 62
30 138 89
30 160 51
30 177 16
30 180 43
30 189 38
30 225 33
30 252 21
30 274 83
31 33 63
31 43 97
31 46 89
31 76 12
31 89 23
31 94 35
31 100 1
31 101 66
31 173 92
31 196 16
31 201 26
31 205 49
31 253 8
31 262 19
31 277 98
32 34 65
32 50 77
32 55 67
32 75 48
32 80 70
32 101 43
32 117 94
32 142 83
32 159 31
32 167 96
32 199 98
32 208 26
32 214 33
32 216 30
32 218 46
32 270 16
32 290 44
33 48 95
33 103 56
33 104 55
33 133 69
33 134 42
33 148 7
33 179 34
33 186 33
33 221 22
33 261 12
33 269 81
33 277 82
33 297 30
34 66 30
34 79 46
34 123 6
34 135 97
34 156 45
34 162 27
34 169 39
34 180 39
34 181 9
34 200 21
34 202 34
34 204 58
34 221 46
34 229 67
34 279 87
34 297 44
35 44 34
35 51 82
35 70 38
35 103 41
35 108 88
35 179 6
35 195 82
35 251 94
35 254 91
35 269 14
36 56 67
36 68 2
36 70 46
36 74 48
36 87 83
36 111 75
36 162 45
36 170 40
36 186 23
36 205 90
36 216 66
36 257 13
36 288 80
36 291 26
37 42 86
37 62 13
37 70 83
37 71 31
37 89 31
37 94 21
37 104 26
37 105 16
37 134 2
37 143 15
37 178 56
37 189 41
37 196 20
37 200 89
37 216 34
37 254 63
37 265 54
37 295 1
38 40 16
38 108 99
38 127 100
38 183 51
38 223 26
39 47 45
39 113 90
39 114 100
39 124 86
39 137 8
39 151 65
39 185 65
39 219 85
39 223 50
39 224 77
39 232 68
39 259 32
39 261 60
39 273 40
39 275 58
40 50 27
40 51 94
40 73 72
40 128 35
40 145 34
40 164 44
40 177 23
40 190 20
40 208 6
40 210 77
40 212 72
40 222 73
40 241 27
40 261 71
41 70 23
41 109 4
41 119 67
41 128 13
41 139 56
41 141 52
41 157 72
41 160 20
41 215 16
41 223 56
41 267 69
41 273 45
41 280 75
42 103 100
42 130 56
42 179 15
42 239 57
43 53 82
43 66 8
43 98 81
43 125 16
43 144 41
43 187 24
43 222 39
43 223 12
43 244 81
43 245 15
43 264 83
43 268 53
43 295 93
44 50 6
44 58 28
44 81 97
44 117 72
44 122 40
44 129 52
44 141 76
44 149 63
44 167 23
44 193 43
44 195 18
44 199 91
44 213 87
44 265 93
44 266 42
44 274 42
44 284 7
44 289 51
45 48 24
45 60 66
45 82 31
45 92 91
45 99 58
45 124 6
45 139 29
45 140 70
45 156 86
45 209 95
45 255 4
45 272 90
45 277 88
45 278 9
45 287 17
45 292 36
45 294 33
45 298 8
46 58 39
46 63 8
46 104 70
46 154 61
46 173 50
46 185 40
46 206 3
46 211 89
46 295 84
47 70 44
47 87 82
47 119 42
47 126 46
47 130 5
47 141 7
47 153 76
47 181 96
47 194 64
47 236 33
47 239 76
47 271 85
47 285 70
47 287 23
48 70 89
48 71 60
48 95 62
48 164 49
48 168 28
48 183 97
48 201 81
48 213 36
48 214 87
48 216 40
48 217 57
48 219 47
48 236 42
48 247 96
48 250 1
48 271 30
48 278 79
49 70 44
49 71 11
49 81 20
49 95 42
49 114 68
49 123 78
49 124 17
49 211 15
49 271 94
49 272 2
49 273 42
49 283 30
49 284 71
49 286 64
49 295 18
50 74 30
50 80 25
50 93 19
50 97 58
50 126 73
50 142 51
50 147 45
50 167 59
50 168 43
50 184 53
50 200 57
50 284 84
51 92 1
51 110 57
51 111 65
51 117 31
51 128 53
51 137 75
51 141 3
51 148 94
51 189 94
51 215 80
51 262 62
52 82 60
52 109 73
52 121 63
52 127 2
52 153 3
52 248 34
52 274 65
53 57 72
53 72 15
53 74 42
53 115 42
53 122 24
53 145 14
53 146 93
53 149 20
53 201 73
53 208 35
53 276 73
53 298 29
54 61 70
54 84 73
54 112 38
54 115 34
54 136 3
54 158 90
54 177 60
54 192 5
54 194 83
54 214 6
54 243 37
54 268 96
55 58 65
55 70 61
55 72 59
55 81 18
55 101 15
55 102 44
55 124 83
55 152 39
55 192 58
55 201 24
55 238 80
55 262 34
55 267 89
55 287 24
55 289 53
55 296 61
56 72 10
56 74 25
56 93 42
56 124 79
56 135 49
56 142 79
56 157 64
56 164 52
56 250 20
56 254 24
56 270 8
56 290 2
57 69 81
57 97 44
57 125 49
57 136 45
57 142 5
57 169 7
57 181 63
57 189 19
57 192 2
57 195 97
57 205 57
57 268 60
57 280 72
57 291 89
58 64 45
58 74 60
58 95 12
58 110 97
58 134 73
58 135 22
58 204 74
58 245 14
58 257 52
58 272 22
58 286 44
59 67 16
59 81 25
59 101 63
59 107 39
59 127 85
59 134 16
59 140 19
59 143 28
59 144 64
59 147 15
59 168 84
59 178 23
59 236 29
60 75 55
60 76 24
60 90 25
60 97 63
60 99 35
60 117 96
60 119 51
60 154 79
60 162 8
60 168 15
60 199 76
60 214 80
60 255 36
60 286 1
60 291 45
60 294 87
60 297 22
61 101 88
61 143 2
61 148 99
61 159 2
61 186 92
61 196 83
61 200 69
61 211 62
61 215 62
61 224 32
61 248 29
61 260 46
61 263 6
61 269 57
61 270 52
62 76 30
62 114 82
62 162 14
62 163 16
62 168 29
62 173 17
62 221 95
62 250 88
62 256 31
62 259 22
63 105 67
63 131 18
63 138 22
63 154 63
63 155 56
63 188 95
63 197 2
63 212 10
63 257 45
63 286 3
64 76 53
64 78 27
64 90 71
64 94 15
64 100 89
64 107 55
64 142 43
64 190 86
64 229 60
64 253 51
64 257 37
64 262 41
64 269 84
64 284 2
65 106 57
65 153 13
65 174 70
65 187 3
65 238 52
65 264 100
66 77 76
66 95 71
66 113 69
66 142 97
66 199 33
66 232 25
66 257 43
66 266 35
67 71 86
67 95 88
67 99 89
67 106 38
67 125 66
67 157 12
67 191 4
67 212 54
67 213 66
67 226 46
67 254 91
67 280 77
68 76 49
68 137 79
68 143 70
68 237 32
68 262 81
68 293 78
69 76 96
69 86 2
69 100 80
69 104 48
69 107 2
69 111 55
69 131 18
69 140 22
69 141 3
69 152 2
69 171 98
69 212 45
69 217 36
69 235 83
69 264 84
69 274 77
69 277 21
70 103 50
70 104 88
70 123 24
70 137 55
70 139 5
70 226 22
70 245 46
70 250 81
70 257 22
71 73 24
71 89 50
71 124 53
71 149 56
71 153 79
71 168 49
71 169 58
71 177 58
71 186 48
71 200 11
71 204 64
71 211 17
71 226 84
71 236 66
71 256 18
71 258 82
71 265 63
72 75 6
72 94 16
72 98 46
72 173 82
72 195 88
72 220 47
72 243 69
72 265 12
72 295 2
73 80 73
73 98 85
73 148 99
73 165 5
73 203 6
73 208 74
73 215 7
73 229 10
73 235 30
73 264 85
73 277 58
74 101 39
74 108 95
74 131 57
74 158 1
74 182 58
74 184 73
74 185 84
74 188 76
74 217 91
74 244 17
74 281 90
74 285 96
74 295 33
75 90 87
75 92 77
75 95 20
75 144 34
75 168 97
75 190 83
75 195 87
75 220 21
75 228 19
75 235 85
75 268 77
75 272 24
75 297 58
76 89 83
76 109 34
76 118 39
76 130 20
76 148 43
76 202 29
76 206 66
76 214 100
76 233 29
76 244 23
76 252 24
76 274 65
76 285 50
76 292 14
76 298 81
77 87 39
77 91 61
77 162 13
77 191 26
77 202 37
77 243 85
77 248 59
77 252 85
77 283 67
77 285 97
77 298 57
77 299 86
78 99 81
78 102 34
78 132 61
78 144 90
78 150 68
78 230 46
78 236 81
78 242 39
78 265 41
78 281 9
78 297 4
79 88 40
79 89 90
79 172 79
79 183 15
79 198 54
79 226 28
79 229 29
79 230 34
79 232 19
79 242 89
79 243 99
79 249 44
79 267 78
79 274 83
79 278 54
79 288 14
80 96 1
80 109 50
80 117 71
80 135 86
80 187 30
80 194 56
80 199 99
80 219 71
80 241 23
80 254 44
80 256 51
80 262 14
80 277 84
80 278 12
81 147 17
81 172 75
81 177 1
81 194 47
81 217 90
81 218 6
81 228 75
81 242 70
81 261 39
81 262 93
82 105 58
82 108 89
82 112 88
82 115 87
82 137 23
82 142 41
82 148 1
82 155 24
82 216 90
82 240 23
82 249 61
82 288 71
83 145 78
83 149 59
83 161 93
83 243 52
83 272 55
84 105 44
84 136 65
84 155 38
84 162 7
84 195 34
84 205 65
84 207 7
84 254 80
84 265 54
84 280 12
84 292 6
84 293 23
84 294 2
85 114 50
85 158 32
85 159 43
85 162 37
85 227 19
85 252 65
86 105 77
86 113 71
86 115 88
86 143 18
86 165 93
86 177 49
86 197 88
86 262 70
86 290 59
87 121 33
87 122 73
87 125 13
87 156 28
87 251 38
87 262 51
87 292 34
88 93 71
88 107 15
88 153 92
88 194 2
88 203 20
88 207 55
88 248 8
88 268 94
89 103 56
89 104 57
89 147 25
89 165 50
89 172 94
89 214 95
89 245 15
89 247 22
89 251 65
89 265 2
89 270 40
89 273 9
90 103 2
90 109 79
90 115 30
90 118 61
90 125 11
90 127 3
90 193 25
90 196 90
90 199 92
90 214 27
90 229 23
90 248 62
90 251 93
90 272 14
90 282 15
90 297 12
91 113 68
91 153 22
91 155 5
91 167 76
92 97 31
92 116 82
92 120 25
92 140 76
92 141 28
92 142 91
92 175 97
92 219 93
92 221 45
92 223 88
92 231 53
92 242 46
92 289 19
93 95 83
93 116 58
93 122 81
93 124 85
93 134 83
93 157 71
93 160 76
93 176 61
93 182 93
93 186 89
93 215 54
93 227 59
93 232 3
93 242 65
93 250 26
93 283 77
94 107 22
94 114 53
94 152 59
94 154 55
94 160 30
94 217 34
94 231 82
94 237 20
95 99 30
95 111 26
95 158 64
95 159 70
95 160 79
95 165 62
95 176 88
95 217 61
95 233 71
95 243 68
95 247 45
95 265 5
95 283 38
95 288 72
96 119 66
96 138 83
96 159 60
96 168 19
96 189 41
96 199 14
96 216 83
96 249 18
96 277 90
96 292 56
97 106 23
97 116 100
97 135 10
97 143 4
97 174 33
98 146 92
98 157 23
98 185 15
98 212 69
98 282 39
98 297 84
99 116 47
99 121 52
99 156 23
99 161 7
99 181 22
99 183 90
99 209 51
99 211 27
99 218 80
99 247 22
99 259 92
99 270 62
99 279 33
99 292 62
100 113 54
100 214 47
100 255 96
100 267 71
100 290 88
101 130 52
101 187 45
101 201 88
101 228 13
101 233 48
101 245 20
101 279 56
102 148 23
102 221 86
102 237 25
102 244 13
102 246 69
102 281 71
102 294 64
103 176 91
103 198 78
103 204 37
103 209 33
103 232 80
103 236 15
103 247 12
103 258 54
103 276 58
103 284 25
104 117 38
104 141 19
104 167 78
104 185 84
104 196 15
104 237 100
104 242 24
104 265 18
104 279 45
105 117 63
105 144 30
105 176 92
105 183 34
105 212 86
105 214 66
105 235 20
105 237 62
105 257 78
105 266 40
105 281 32
105 291 41
106 113 31
106 134 61
106 151 78
106 187 63
106 189 93
106 190 44
106 191 26
106 213 46
106 232 2
106 249 2
106 253 83
106 295 20
106 296 31
107 109 19
107 148 34
107 162 82
107 166 94
107 238 3
107 257 26
107 282 56
107 288 33
107 289 70
107 297 41
108 109 70
108 119 35
108 144 60
108 192 31
108 233 13
108 256 100
108 279 14
109 124 5
109 127 82
109 147 75
109 168 34
109 177 96
109 217 67
109 250 78
109 285 73
110 112 64
110 120 79
110 153 74
110 187 98
110 192 50
110 229 4
110 232 68
110 264 84
110 282 37
110 284 13
111 130 38
111 136 63
111 142 20
111 152 70
111 162 84
111 211 61
111 213 39
111 242 70
111 254 72
111 280 21
112 136 34
112 140 71
112 164 35
112 209 91
112 241 4
112 247 61
112 263 24
112 266 99
112 274 79
112 280 53
113 128 23
113 142 94
113 163 31
113 190 96
113 223 91
113 230 81
113 238 51
114 124 11
114 163 16
114 220 88
114 226 23
114 262 53
114 271 2
114 283 43
114 298 75
115 116 37
115 129 55
115 187 65
115 189 58
115 191 26
115 199 86
116 117 44
116 139 49
116 145 72
116 148 34
116 155 52
116 196 32
116 204 57
116 210 3
116 221 62
116 234 10
116 267 25
116 282 55
117 176 92
117 180 73
117 207 97
117 209 24
117 229 75
117 263 7
117 265 39
117 279 14
117 280 82
118 164 44
118 167 67
118 185 76
118 191 18
118 193 55
118 244 30
118 246 82
118 255 13
118 275 55
118 284 19
118 290 56
119 122 3
119 129 90
119 178 89
119 192 55
119 198 73
119 206 97
119 214 9
119 234 34
119 235 58
119 264 85
119 275 88
119 296 2
120 122 9
120 128 85
120 135 25
120 162 84
120 178 43
120 189 16
120 206 49
120 219 24
120 229 11
120 274 16
120 277 51
121 130 80
121 131 22
121 138 80
121 145 13
121 171 34
121 173 35
121 221 32
121 227 41
121 244 37
121 293 21
122 128 29
122 130 43
122 219 46
122 238 78
122 251 3
122 284 79
122 292 87
123 128 88
123 189 19
123 209 88
123 217 96
123 280 3
124 126 65
124 136 31
124 148 97
124 165 80
124 213 80
124 221 73
124 263 90
124 275 47
125 129 23
125 141 21
125 158 68
125 193 3
125 195 33
125 201 54
125 237 37
125 243 64
125 272 94
125 279 25
126 146 37
126 158 75
126 165 20
126 175 82
126 227 4
126 230 22
126 258 60
126 274 90
126 279 61
126 298 78
127 169 30
127 207 9
127 228 32
127 247 94
127 253 91
127 273 81
127 293 25
128 170 22
128 208 53
128 210 66
128 222 68
128 225 75
128 241 86
128 285 88
129 149 77
129 175 18
129 182 93
129 199 65
129 212 82
129 230 86
129 234 42
129 294 70
130 132 12
130 133 13
130 137 51
130 159 15
130 225 86
130 245 62
130 246 57
130 260 47
130 264 92
130 270 86
130 282 7
130 293 75
130 299 31
131 132 97
131 148 55
131 156 55
131 168 19
131 185 7
131 217 20
131 218 38
131 220 34
131 221 5
131 234 77
131 252 62
131 263 22
131 268 69
131 281 27
132 178 55
132 195 7
132 238 20
132 241 24
132 262 18
132 271 32
132 272 26
132 279 85
132 289 17
133 141 88
133 161 41
133 174 15
133 187 31
133 228 78
133 238 73
133 286 5
134 160 8
134 180 70
134 207 60
134 218 62
134 219 40
134 243 18
134 252 81
134 271 77
135 138 51
135 151 37
135 185 6
135 226 13
135 252 10
135 295 74
136 147 91
136 192 65
136 195 32
136 196 62
136 218 40
136 279 2
137 180 93
137 181 66
137 272 86
137 273 61
137 281 5
138 151 78
138 164 28
138 174 35
138 182 55
138 219 100
138 223 91
138 229 62
138 237 21
138 252 50
138 255 23
138 276 12
138 296 20
139 146 55
139 177 89
139 198 70
139 199 43
139 201 46
139 212 34
139 226 52
139 233 71
139 239 24
139 266 68
139 280 3
140 181 85
140 208 60
140 240 4
140 254 29
140 260 25
140 261 41
140 262 42
140 279 81
141 155 18
141 159 21
141 164 15
141 201 72
141 221 72
141 231 5
141 255 33
141 261 45
142 190 7
142 214 7
142 251 56
142 289 26
143 152 13
143 210 96
143 212 47
143 235 55
143 237 41
143 251 81
143 271 58
143 281 12
144 225 56
144 235 26
144 270 14
144 278 93
144 283 85
145 151 69
145 161 73
145 168 61
145 191 9
145 220 66
145 275 41
145 284 26
146 155 86
146 159 7
146 164 49
146 196 58
147 165 63
147 173 33
147 190 54
147 193 21
147 235 39
147 279 9
148 171 98
148 174 3
148 237 5
148 267 97
148 275 57
149 169 45
149 181 77
149 216 14
149 232 8
149 260 84
149 261 91
149 265 73
149 269 28
150 163 75
150 168 41
150 194 1
150 219 87
150 225 1
150 252 66
150 258 79
150 277 78
150 288 4
150 297 85
150 299 26
151 156 13
151 173 100
151 184 58
151 185 66
151 207 20
151 235 48
151 262 74
151 276 70
151 287 50
152 218 78
152 224 66
152 257 6
152 276 75
152 291 94
153 178 72
153 181 82
153 195 77
153 218 62
153 253 55
153 269 57
153 287 89
153 294 47
154 158 57
154 177 27
154 195 48
154 213 74
154 242 6
154 246 25
154 272 29
154 274 42
154 281 3
154 288 41
155 156 41
155 163 60
155 189 58
155 216 13
155 217 8
155 226 32
155 236 34
155 265 9
156 158 61
156 159 99
156 174 67
156 205 87
156 218 92
156 240 38
156 256 69
156 274 20
156 296 51
157 171 75
157 173 28
157 206 91
157 258 73
158 221 36
158 237 70
158 250 20
158 273 10
158 286 75
159 182 97
159 184 90
159 226 16
159 265 51
159 281 31
159 288 9
159 297 10
160 195 88
160 198 73
160 200 69
160 204 71
160 224 6
160 240 30
160 253 32
160 265 56
161 181 96
161 213 70
161 217 99
161 241 85
161 242 90
161 244 18
161 251 87
161 255 64
161 266 98
162 191 78
162 212 89
162 219 33
162 226 47
162 227 60
162 234 42
162 267 73
162 285 56
163 190 84
163 205 40
163 222 58
163 223 14
163 243 48
163 267 68
163 268 53
163 273 72
163 274 88
163 291 24
163 292 77
163 293 17
163 299 7
164 172 84
164 228 64
164 231 76
164 268 82
164 269 48
164 283 18
165 183 52
165 241 35
165 281 81
166 183 49
166 208 64
166 283 21
167 170 81
167 182 62
167 211 81
167 279 75
168 171 34
168 175 88
168 176 58
168 220 73
168 222 46
168 223 71
168 253 73
169 173 65
169 177 75
169 192 44
169 220 52
169 254 98
169 290 73
170 180 21
170 189 56
170 190 56
170 224 84
170 248 84
171 206 38
171 265 84
171 273 1
171 279 89
171 286 70
172 184 33
172 192 89
172 198 33
172 215 54
172 290 69
172 294 94
173 190 34
173 201 43
173 254 79
173 297 21
174 210 100
174 233 3
174 261 18
174 269 22
174 281 75
174 288 82
175 247 97
175 252 71
175 280 86
175 294 46
175 296 95
176 197 6
176 199 54
176 215 50
176 227 41
176 244 89
176 246 39
176 291 76
176 292 89
177 198 79
177 212 45
177 237 73
177 238 67
177 281 77
178 229 78
178 248 36
178 268 22
179 219 63
179 222 30
179 229 52
179 246 36
179 261 82
180 228 55
180 234 53
180 250 3
180 265 81
180 268 35
180 269 51
180 281 3
181 206 20
181 297 49
182 200 97
182 214 77
182 224 2
182 256 99
182 282 69
183 226 42
183 266 89
183 270 45
183 276 30
183 282 68
183 288 41
184 188 54
184 189 86
184 242 70
184 244 32
184 271 73
184 280 91
184 282 94
185 191 3
185 237 95
185 242 29
185 245 36
185 253 1
186 231 82
186 239 38
186 240 81
186 259 68
186 263 41
186 268 84
186 295 39
187 201 89
187 205 32
187 208 15
187 216 42
187 219 30
187 270 35
187 271 83
187 280 71
187 283 31
188 194 64
188 201 38
188 249 72
188 272 69
189 191 75
189 200 41
189 211 100
189 223 48
189 231 83
189 242 46
189 258 2
189 265 77
190 213 26
190 262 89
190 267 77
190 277 59
191 209 26
191 220 10
191 239 26
191 242 18
191 266 45
191 283 16
192 234 58
192 260 76
192 275 30
192 289 51
192 293 58
193 216 17
193 227 85
193 237 28
193 247 47
193 250 48
193 276 17
194 203 18
194 267 69
194 280 43
194 293 58
195 226 20
195 234 42
195 255 93
195 287 65
196 204 95
196 205 21
196 214 43
196 221 83
196 299 98
197 201 1
197 215 61
197 258 59
197 283 79
197 285 78
198 204 3
198 226 94
198 232 36
198 237 30
198 240 76
198 261 86
199 229 87
199 241 92
199 246 71
199 257 66
199 285 38
200 205 70
200 229 34
200 230 56
200 234 90
200 239 77
200 256 65
201 260 10
201 269 18
201 283 57
201 286 74
202 214 13
202 223 78
202 237 68
203 218 95
203 247 27
203 285 69
203 291 55
204 220 85
204 221 47
204 232 85
204 239 87
204 258 40
205 217 20
205 244 68
205 256 15
205 257 57
205 266 55
205 285 6
205 291 79
206 237 72
206 240 96
206 245 1
206 247 6
206 291 51
207 211 90
207 214 82
207 215 15
207 234 99
207 273 51
207 289 24
208 212 25
208 243 63
208 295 53
208 297 92
209 260 10
209 291 79
210 254 12
210 269 64
211 227 15
212 219 10
212 233 48
212 238 53
212 243 50
212 269 19
213 262 20
213 264 16
213 281 28
213 283 26
213 289 74
213 296 6
214 272 98
214 294 21
215 232 58
215 270 55
215 290 71
216 253 48
216 255 88
216 256 37
216 276 98
216 286 38
216 297 12
217 236 74
217 268 53
218 246 64
218 247 18
218 251 62
218 283 94
219 238 29
219 242 25
219 244 8
219 273 39
219 283 25
221 247 60
221 254 40
221 260 95
222 231 80
222 291 7
223 234 22
223 246 57
223 250 32
223 256 80
223 262 54
223 265 52
223 274 89
223 285 60
224 238 74
224 281 88
224 289 47
225 241 11
225 263 86
225 271 85
225 283 22
225 289 11
227 233 37
227 253 38
227 257 28
227 259 98
227 270 31
227 275 9
227 295 74
227 298 39
228 245 99
228 253 50
228 255 50
228 263 38
228 272 97
228 281 81
229 238 96
229 277 70
229 282 38
229 283 28
230 239 1
230 244 43
230 254 31
230 256 90
230 267 3
230 280 5
231 254 77
232 259 49
232 262 67
232 283 62
232 292 85
233 237 40
233 244 25
234 237 73
234 252 77
234 284 52
235 259 22
235 263 8
235 272 12
235 278 48
235 287 98
235 296 10
236 270 49
236 277 47
236 285 47
236 288 45
237 248 28
237 249 95
237 288 15
237 290 65
238 242 22
238 254 15
238 266 7
238 274 4
238 283 56
238 285 61
239 273 8
239 275 33
239 277 10
239 290 74
240 267 46
241 267 46
241 268 14
241 277 70
242 266 19
242 274 42
242 286 22
243 244 40
243 268 49
243 269 85
243 280 87
243 297 98
244 265 95
245 256 36
245 261 45
245 265 41
245 270 32
245 275 24
245 290 35
246 257 98
246 286 40
247 274 8
247 277 13
247 288 98
248 257 12
248 266 68
248 277 59
250 251 71
250 281 52
251 273 20
251 288 97
252 278 98
252 283 65
252 291 62
253 258 67
253 285 35
253 290 3
255 262 40
255 267 75
255 281 4
255 290 25
256 288 13
257 270 1
257 275 19
258 262 100
259 260 97
260 264 11
260 292 84
260 293 20
261 262 98
261 264 81
261 287 11
262 272 5
264 295 45
265 281 9
265 299 68
266 288 65
267 290 67
267 298 91
268 284 16
269 270 86
269 286 87
270 285 13
270 291 2
272 291 48
272 294 32
273 277 37
273 280 2
273 297 71
275 289 63
276 290 5
276 292 47
278 282 27
278 283 58
279 282 65
280 299 27
283 286 54
286 299 28
290 292 62
291 298 26
300 306 7
300 307 6
300 319 2
300 322 9
300 353 5
300 385 7
300 438 10
300 452 3
300 473 2
300 475 2
300 480 7
300 499 1
300 513 4
300 523 3
300 526 6
300 564 10
300 565 2
300 566 10
300 568 3
300 574 7
301 347 10
301 370 7
301 380 10
301 393 6
301 398 7
301 403 1
301 422 4
301 439 8
301 447 1
301 471 9
301 503 4
301 542 7
302 310 6
302 326 5
302 335 8
302 352 2
302 386 3
302 401 7
302 438 4
302 443 6
302 449 8
302 495 10
302 500 8
302 504 3
302 517 2
302 563 3
302 575 2
303 327 6
303 335 3
303 342 6
303 362 4
303 375 4
303 382 3
303 384 3
303 396 9
303 401 1
303 414 3
303 456 2
303 457 10
303 505 3
303 541 2
303 545 3
303 555 1
303 592 7
304 311 9
304 327 10
304 338 8
304 346 3
304 351 6
304 357 2
304 399 9
304 426 5
304 459 3
304 477 6
304 479 8
304 557 7
304 568 9
304 595 9
305 331 2
305 360 3
305 393 5
305 420 5
305 458 6
305 478 9
305 486 7
305 524 4
305 544 1
305 548 1
305 568 8
305 572 10
306 335 3
306 350 9
306 361 4
306 371 5
306 401 6
306 411 4
306 425 5
306 434 3
306 454 6
306 463 2
306 479 6
306 491 4
306 501 7
306 508 9
306 524 10
306 526 6
306 553 7
306 575 10
306 581 4
307 318 8
307 323 2
307 352 10
307 368 2
307 400 9
307 407 10
307 438 10
307 460 4
307 467 10
307 491 2
307 498 1
307 508 1
307 522 6
307 563 10
307 570 6
307 575 10
308 309 7
308 371 9
308 384 6
308 393 1
308 426 5
308 454 8
308 459 9
308 497 8
308 507 6
308 513 9
308 547 9
308 551 1
308 570 5
308 585 8
308 596 6
309 406 2
309 431 1
309 494 6
309 497 5
309 514 9
309 525 7
309 540 6
309 544 3
309 561 9
309 565 7
309 571 5
309 579 9
309 580 2
309 597 6
310 314 5
310 344 3
310 363 2
310 387 5
310 410 9
310 428 5
310 440 9
310 458 6
310 498 3
310 547 9
310 592 1
311 312 3
311 327 9
311 340 3
311 394 7
311 484 9
311 491 8
311 530 10
311 547 9
311 560 5
311 561 4
311 575 10
311 586 2
312 317 1
312 385 2
312 404 10
312 405 7
312 424 6
312 471 10
312 476 10
312 495 4
312 525 6
312 534 2
312 563 5
312 582 1
312 588 10
312 590 1
312 594 1
313 335 7
313 347 5
313 402 9
313 405 9
313 408 7
313 410 10
313 414 1
313 486 3
313 489 8
313 533 9
313 578 4
313 581 6
313 591 5
314 332 7
314 356 5
314 370 6
314 379 9
314 382 8
314 387 7
314 412 7
314 414 6
314 417 7
314 435 6
314 457 9
314 492 4
314 522 8
314 528 5
314 574 4
315 324 9
315 353 6
315 383 7
315 384 6
315 388 2
315 421 7
315 440 6
315 464 9
315 490 6
315 493 9
315 513 3
315 530 3
315 565 7
315 569 7
316 395 1
316 444 1
316 476 5
316 492 7
316 510 9
316 511 4
316 541 7
316 557 5
316 566 10
316 575 2
316 577 3
316 595 8
317 339 2
317 355 7
317 367 7
317 386 6
317 397 2
317 420 5
317 486 3
317 498 8
317 503 2
317 533 7
317 554 5
317 587 10
317 589 5
318 356 2
318 388 8
318 403 7
318 428 5
318 432 6
318 453 5
318 472 7
318 509 8
318 533 2
318 538 3
318 540 6
318 556 5
318 569 9
318 584 3
318 589 6
319 335 2
319 362 5
319 379 5
319 393 5
319 402 3
319 435 1
319 482 3
319 490 5
319 515 8
319 516 5
319 553 4
319 559 9
319 583 1
319 586 10
320 386 8
320 403 7
320 427 2
320 442 7
320 468 6
320 486 8
320 488 2
320 554 10
320 576 4
320 585 10
321 329 3
321 366 8
321 378 5
321 384 7
321 394 9
321 415 9
321 451 5
321 536 10
321 556 4
321 581 9
322 355 5
322 409 6
322 434 2
322 442 7
322 452 2
322 453 9
322 461 3
322 474 8
322 478 9
322 500 6
322 509 7
322 510 9
322 517 2
322 528 10
322 537 5
322 554 9
322 598 9
323 330 7
323 347 1
323 403 2
323 476 6
323 496 3
323 523 2
323 527 2
323 551 2
324 342 10
324 355 1
324 400 8
324 445 1
324 450 4
324 469 8
324 484 7
324 485 1
324 510 9
324 559 3
325 343 5
325 344 7
325 350 8
325 364 2
325 414 6
325 448 5
325 457 10
325 466 4
325 512 8
325 514 10
325 542 8
325 575 7
325 577 8
325 592 6
326 332 7
326 333 2
326 336 1
326 338 1
326 368 5
326 401 3
326 415 2
326 424 4
326 439 3
326 471 9
326 473 6
326 498 8
326 513 7
326 563 3
327 361 10
327 376 5
327 381 5
327 396 4
327 409 4
327 417 4
327 433 7
327 438 1
327 442 8
327 494 7
327 499 6
327 513 6
327 520 8
327 549 5
327 556 2
328 353 5
328 361 1
328 380 10
328 391 8
328 418 1
328 481 10
328 490 4
328 503 5
328 528 4
328 586 7
329 376 9
329 402 4
329 433 3
329 452 8
329 462 10
329 471 7
329 473 8
329 474 7
329 475 3
329 493 3
329 504 2
329 511 7
329 531 10
329 535 2
329 576 6
329 580 6
329 583 9
329 585 1
330 339 3
330 359 3
330 367 4
330 370 9
330 379 5
330 390 5
330 393 9
330 401 6
330 405 7
330 460 2
330 475 2
330 483 10
330 546 1
331 347 1
331 353 3
331 364 5
331 396 10
331 401 5
331 405 1
331 408 7
331 411 3
331 424 3
331 437 10
331 438 4
331 446 9
331 457 1
331 483 7
331 507 7
331 508 6
331 516 5
331 577 7
332 350 10
332 379 9
332 410 3
332 438 10
332 464 4
332 478 7
332 508 10
332 530 1
332 562 3
332 568 2
332 597 2
333 339 2
333 346 4
333 391 4
333 460 7
333 479 8
333 491 4
333 549 1
333 566 8
334 355 2
334 368 3
334 376 2
334 377 3
334 382 8
334 391 3
334 392 3
334 407 4
334 428 9
334 441 10
334 494 10
334 497 5
334 516 1
334 517 8
334 536 7
334 545 1
334 567 1
334 582 6
335 340 10
335 349 1
335 367 8
335 375 3
335 378 5
335 441 2
335 459 6
335 463 8
335 465 8
335 514 3
335 526 3
335 536 10
335 573 2
336 346 5
336 382 4
336 390 4
336 410 7
336 421 1
336 433 6
336 436 10
336 442 6
336 457 6
336 487 1
336 496 5
336 506 10
336 510 2
336 518 4
336 542 9
336 549 2
336 551 5
336 558 6
337 344 3
337 345 7
337 373 3
337 401 6
337 405 3
337 407 6
337 445 3
337 450 3
337 451 5
337 454 6
337 482 5
337 492 4
337 499 9
337 531 9
337 546 9
337 551 4
337 561 8
337 582 1
338 340 1
338 360 9
338 366 6
338 375 6
338 466 9
338 478 2
338 489 8
338 510 10
338 544 6
339 357 6
339 371 3
339 387 2
339 398 3
339 427 6
339 429 8
339 435 5
339 436 3
339 440 1
339 445 1
339 453 5
339 459 3
339 498 5
339 506 2
339 511 9
339 527 1
339 534 1
339 575 10
339 587 1
339 592 6
340 348 7
340 350 2
340 367 7
340 375 7
340 443 9
340 445 2
340 452 7
340 464 1
340 494 9
340 500 7
340 502 6
340 508 6
340 537 1
340 556 7
340 559 8
341 354 8
341 393 6
341 402 5
341 422 2
341 439 8
341 449 7
341 467 7
341 490 2
341 538 1
341 565 10
341 568 1
341 577 3
341 578 2
341 582 10
341 583 4
342 364 8
342 373 8
342 408 7
342 415 4
342 417 6
342 441 5
342 443 5
342 473 2
342 496 7
342 521 6
342 565 10
342 568 2
342 582 3
343 344 1
343 379 10
343 394 1
343 402 10
343 433 8
343 465 5
343 474 2
343 475 5
343 481 1
343 516 10
343 526 9
343 548 3
343 549 9
343 557 9
343 577 8
343 580 1
344 372 10
344 396 3
344 424 10
344 429 9
344 454 9
344 467 3
344 488 4
344 508 5
344 517 9
344 556 7
344 585 2
345 349 6
345 386 7
345 389 5
345 394 9
345 407 9
345 431 7
345 461 9
345 484 8
345 495 4
345 524 5
345 530 9
345 565 10
345 578 7
346 356 10
346 363 8
346 370 1
346 409 9
346 426 8
346 439 10
346 451 1
346 461 9
346 473 2
346 516 10
346 520 9
346 525 2
346 539 4
346 551 4
346 554 9
346 595 2
347 363 1
347 386 10
347 404 10
347 430 7
347 441 4
347 466 8
347 470 5
347 473 10
347 483 8
347 531 4
347 533 5
347 544 2
347 558 5
348 360 5
348 370 10
348 373 4
348 384 4
348 391 10
348 400 2
348 428 4
348 433 2
348 442 4
348 448 4
348 461 3
348 511 3
348 529 3
348 540 7
348 595 6
349 372 6
349 388 5
349 424 10
349 437 8
349 473 6
349 474 9
349 506 4
349 515 1
349 556 8
349 558 10
349 570 3
349 576 5
350 378 6
350 381 7
350 423 8
350 445 10
350 477 3
350 495 7
350 522 3
350 590 9
351 402 8
351 411 7
351 420 2
351 421 9
351 446 10
351 470 5
351 478 4
351 487 3
351 504 7
351 552 2
351 559 10
351 567 5
351 573 8
351 575 1
351 576 2
352 365 3
352 409 1
352 417 8
352 470 3
352 503 8
352 559 9
352 567 7
352 572 2
352 585 4
353 355 4
353 391 9
353 403 3
353 410 8
353 439 7
353 489 8
353 499 6
353 502 5
353 520 4
353 559 7
353 567 5
353 586 3
353 588 4
354 387 10
354 389 7
354 396 2
354 398 1
354 420 9
354 426 6
354 498 8
354 515 1
354 549 10
354 553 2
355 359 2
355 361 7
355 391 5
355 446 9
355 461 5
355 471 3
355 494 3
355 502 1
355 514 6
355 517 3
355 521 3
355 559 6
355 560 2
355 570 2
355 586 1
355 592 6
356 382 5
356 387 10
356 405 2
356 460 10
356 471 3
356 504 2
356 512 8
356 521 6
356 524 4
356 531 8
356 539 4
356 589 2
356 593 9
356 596 3
357 363 3
357 373 10
357 390 1
357 396 9
357 414 10
357 516 7
357 558 2
357 564 4
357 572 7
358 431 9
358 480 9
358 483 2
358 500 4
358 502 10
358 504 3
358 510 5
358 521 7
358 531 10
358 546 6
359 432 8
359 470 1
359 528 10
359 537 1
359 548 8
359 550 5
359 564 5
359 581 8
359 587 8
359 591 8
360 363 6
360 416 2
360 418 10
360 423 7
360 449 2
360 546 1
360 550 8
360 579 1
360 585 4
360 593 4
361 371 9
361 396 2
361 419 2
361 432 10
361 437 8
361 449 3
361 456 5
361 560 4
361 595 9
361 596 6
362 371 9
362 372 8
362 373 6
362 401 8
362 434 9
362 435 5
362 468 4
363 368 5
363 398 2
363 414 2
363 429 2
363 432 7
363 439 3
363 449 3
363 513 5
363 517 7
363 540 3
363 544 3
363 556 9
363 567 8
363 576 8
363 598 7
364 416 2
364 418 9
364 456 9
364 480 9
364 487 1
364 532 3
364 548 4
364 554 1
364 590 8
365 376 2
365 445 8
365 447 5
365 459 1
365 469 8
365 479 9
365 485 4
365 492 2
365 496 1
365 497 7
365 502 5
365 517 7
365 522 2
365 554 8
365 557 4
365 571 10
365 582 2
366 383 6
366 400 8
366 441 10
366 442 3
366 443 4
366 445 1
366 499 3
366 505 2
366 551 1
367 407 5
367 415 6
367 419 4
367 466 5
367 485 3
367 486 5
367 487 4
367 490 7
367 491 7
367 500 2
367 538 8
367 590 2
368 411 5
368 430 8
368 489 1
368 552 10
368 564 6
368 597 2
369 393 7
369 417 9
369 419 1
369 427 8
369 436 6
369 443 8
369 471 9
369 509 10
369 524 3
369 539 1
369 577 2
369 584 5
370 386 1
370 408 8
370 434 10
370 458 4
370 462 4
370 465 5
370 496 10
370 525 8
370 535 3
370 538 8
370 563 1
370 588 10
371 393 10
371 478 5
371 482 7
371 495 10
371 547 4
371 551 5
371 552 3
371 553 2
371 559 3
371 595 3
371 597 2
372 382 9
372 389 2
372 393 10
372 421 10
372 435 6
372 448 1
372 477 4
372 510 10
372 511 1
372 518 1
372 523 2
372 560 7
372 573 5
372 584 8
373 397 6
373 433 2
373 438 10
373 456 4
373 490 2
373 493 2
373 525 5
373 545 8
373 561 8
374 392 4
374 419 4
374 439 4
374 529 8
374 555 5
374 563 7
375 446 2
375 467 6
375 474 7
375 520 3
375 584 8
375 598 6
376 379 10
376 380 10
376 389 9
376 396 10
376 423 10
376 462 2
376 471 3
376 481 8
376 488 6
376 515 10
376 551 4
377 379 9
377 440 1
377 442 9
377 447 2
377 451 2
377 487 3
377 557 9
377 572 10
377 583 8
377 586 2
377 597 3
378 394 5
378 412 9
378 417 1
378 467 6
378 509 6
378 510 7
378 541 10
378 549 3
378 550 5
379 398 9
379 406 2
379 409 5
379 424 10
379 454 4
379 476 6
379 486 4
379 516 3
379 517 1
379 530 3
379 564 6
379 590 9
380 399 4
380 408 6
380 425 2
380 445 5
380 456 10
380 502 1
380 506 6
380 515 9
380 539 4
380 565 1
380 595 3
381 397 4
381 407 1
381 438 10
381 439 10
381 467 10
381 470 1
381 487 2
381 491 6
381 494 10
381 502 6
381 505 10
381 558 1
382 390 1
382 408 6
382 434 5
382 439 3
382 467 8
382 468 9
382 532 1
382 561 9
382 568 4
382 570 6
382 572 10
383 386 9
383 411 8
383 460 2
383 470 6
383 477 6
383 486 8
383 495 8
383 520 9
383 542 1
383 545 1
384 386 10
384 411 10
384 413 10
384 419 1
384 423 4
384 446 7
384 449 2
384 463 1
384 583 6
384 584 2
385 412 1
385 416 3
385 429 8
385 489 5
385 498 1
385 508 9
385 523 5
385 562 1
385 576 2
385 594 3
386 389 10
386 398 2
386 460 10
386 483 4
386 499 8
386 504 7
386 540 1
386 543 7
386 550 7
386 557 3
386 560 7
386 565 7
386 576 5
386 583 8
387 402 9
387 431 8
387 460 4
387 479 10
387 487 10
387 493 2
387 500 3
387 510 2
387 587 4
388 389 3
388 430 6
388 431 6
388 473 1
388 495 3
388 518 8
388 520 4
388 530 7
388 555 10
388 559 6
388 562 8
388 563 3
388 564 5
388 568 4
388 570 5
388 593 1
389 398 1
389 426 7
389 429 8
389 449 9
389 458 1
389 462 5
389 491 7
389 529 10
389 541 9
389 552 8
389 559 1
389 566 2
389 575 2
389 596 2
390 409 7
390 509 4
390 527 10
390 529 5
390 558 6
390 592 2
391 394 2
391 435 10
391 444 10
391 448 1
391 460 5
391 467 7
391 482 5
391 485 9
391 495 2
391 528 9
391 546 1
391 557 4
391 577 8
391 580 8
392 403 2
392 428 10
392 430 3
392 466 10
392 470 10
392 488 3
392 527 7
392 544 2
392 546 6
392 553 9
392 556 4
392 565 2
392 566 4
392 572 3
393 413 6
393 435 10
393 451 6
393 453 8
393 497 9
393 502 7
393 539 10
393 559 5
393 575 3
393 589 5
394 403 5
394 453 6
394 463 5
394 464 5
394 471 10
394 478 2
394 513 3
394 519 1
394 564 2
394 589 7
394 597 3
395 417 3
395 433 1
395 450 1
395 519 4
395 532 6
395 549 9
395 576 9
395 577 7
395 584 5
395 589 3
396 398 5
396 400 6
396 403 8
396 409 4
396 418 4
396 421 6
396 476 3
396 480 10
396 518 8
396 532 9
396 565 4
397 409 4
397 413 4
397 438 8
397 456 3
397 478 7
397 484 2
397 536 5
397 542 10
397 561 10
397 583 7
397 596 2
398 411 10
398 416 8
398 417 8
398 424 7
398 434 8
398 468 6
398 559 4
398 564 4
398 584 9
399 410 8
399 421 9
399 427 8
399 433 3
399 435 4
399 442 4
399 458 5
399 467 3
399 478 3
399 516 6
399 518 8
399 524 8
399 527 1
399 548 6
399 563 2
399 592 7
399 597 9
400 456 9
400 466 7
400 493 9
400 502 5
400 508 10
400 534 10
400 557 4
400 578 9
400 589 7
400 593 4
401 402 7
401 409 2
401 419 7
401 423 5
401 437 1
401 485 6
401 491 4
401 494 3
401 500 1
401 510 9
401 535 7
401 537 4
401 561 4
401 581 4
401 586 1
402 427 1
402 473 4
402 474 8
402 478 5
402 492 1
402 494 7
402 526 3
402 538 9
402 573 7
402 577 7
403 413 10
403 432 6
403 449 3
403 453 9
403 462 4
403 469 6
403 481 5
403 489 5
403 519 4
403 552 1
403 568 5
403 580 1
404 482 6
404 486 7
404 508 2
404 514 5
404 565 6
404 596 5
405 427 10
405 431 9
405 435 7
405 444 2
405 487 3
405 490 5
405 515 6
405 566 5
405 574 3
405 591 8
406 423 3
406 449 1
406 485 7
406 529 2
406 551 8
406 570 9
407 437 2
407 449 2
407 509 6
407 529 6
407 533 6
407 556 9
407 591 6
407 595 1
408 410 10
408 457 4
408 490 9
408 494 1
408 528 8
408 538 4
408 570 7
408 586 9
409 428 5
409 429 5
409 462 10
409 467 7
409 469 9
409 492 6
409 527 1
409 539 3
409 548 3
409 560 5
409 578 5
409 591 9
410 418 8
410 419 3
410 428 9
410 430 10
410 434 6
410 464 6
410 473 5
410 524 1
410 574 7
411 415 3
411 424 3
411 452 6
411 484 6
411 485 2
411 492 8
411 533 5
411 537 7
411 541 6
411 555 3
411 599 1
412 437 10
412 504 2
412 544 9
412 563 1
412 565 7
412 571 9
412 599 5
413 425 2
413 457 5
413 465 10
413 488 2
413 509 3
413 516 4
413 522 3
413 558 2
413 566 9
413 582 8
413 594 6
414 420 1
414 460 4
414 461 10
414 478 4
414 493 1
414 552 5
414 558 7
414 562 10
414 567 9
415 420 5
415 462 5
415 470 3
415 476 6
415 499 7
415 509 5
415 530 4
415 567 7
415 571 3
415 587 5
415 592 3
416 458 4
416 459 9
416 463 4
416 467 6
416 470 3
416 492 7
416 501 10
416 503 4
416 512 7
416 513 7
416 524 2
416 528 8
416 535 3
416 546 1
416 581 3
417 439 5
417 525 8
417 528 1
417 540 5
417 541 8
418 420 5
418 457 1
418 465 1
418 474 2
418 476 9
418 482 5
418 506 6
418 510 5
418 516 7
418 521 2
418 530 10
418 558 3
418 582 2
419 424 3
419 428 10
419 429 5
419 435 10
419 436 9
419 451 10
419 458 8
419 493 7
419 509 1
419 519 5
419 533 9
419 537 4
419 553 9
419 556 4
420 435 1
420 438 9
420 440 10
420 454 8
420 468 6
420 474 10
420 479 8
420 518 7
420 522 9
420 540 4
420 556 2
420 589 5
421 439 3
421 510 5
421 533 4
421 572 5
421 583 7
422 425 9
422 439 6
422 459 3
422 479 10
422 489 4
422 501 2
422 511 7
422 516 2
422 521 5
422 570 4
422 580 1
422 585 8
423 461 2
423 476 6
423 479 10
423 483 3
423 500 5
423 501 9
423 513 8
423 564 6
423 568 9
424 427 4
424 433 4
424 444 4
424 459 8
424 494 1
424 511 6
424 522 2
424 529 6
424 553 2
424 568 10
424 578 4
424 585 7
425 428 2
425 435 3
425 467 2
425 489 6
425 490 2
425 516 4
425 517 10
425 533 5
425 542 6
425 544 9
425 559 8
425 586 1
426 439 10
426 514 10
426 530 7
426 565 8
427 448 7
427 461 2
427 474 8
427 515 1
427 516 8
427 529 2
427 535 10
427 572 10
428 452 9
428 476 1
428 575 5
428 594 1
428 597 3
429 430 1
429 450 9
429 471 4
429 516 5
429 552 1
429 572 1
429 589 6
430 451 6
430 459 10
430 463 2
430 478 1
430 489 10
430 500 10
430 502 1
430 508 9
430 515 9
431 443 9
431 448 9
431 465 6
431 477 10
431 478 6
431 480 8
431 505 7
431 524 9
431 531 7
431 598 6
432 445 8
432 472 9
432 474 3
432 488 8
432 489 1
432 509 3
432 519 6
432 539 7
432 554 9
433 442 8
433 467 7
433 470 7
433 475 3
433 544 9
433 551 8
433 553 3
433 559 8
433 574 7
433 579 5
433 590 7
434 457 8
434 482 3
434 531 5
434 562 3
434 574 5
434 577 2
434 586 2
434 599 3
435 453 1
435 455 10
435 460 1
435 472 8
435 495 8
435 496 3
435 506 5
435 518 9
435 524 7
435 541 2
435 543 7
435 565 7
435 579 2
435 594 3
435 595 3
436 465 4
436 469 1
436 475 1
436 485 9
436 519 9
436 533 9
436 537 5
436 543 7
436 567 6
437 475 10
437 521 3
437 527 10
437 537 4
437 578 4
438 452 1
438 459 6
438 487 4
438 496 2
438 520 6
438 533 1
438 544 10
438 560 10
438 567 7
438 581 10
438 590 8
439 495 1
439 547 6
439 565 5
439 587 2
440 453 10
440 456 7
440 457 5
440 473 3
440 513 7
440 572 5
440 591 3
441 471 8
441 496 10
441 541 9
441 546 3
441 582 9
442 467 1
442 542 3
442 565 4
442 595 6
443 445 5
443 472 1
443 498 10
443 503 7
443 517 7
443 519 2
443 529 8
443 546 8
443 547 1
443 559 7
444 454 6
444 459 1
444 469 4
444 501 10
444 515 4
444 548 5
444 590 8
444 592 10
445 446 7
445 478 7
445 488 5
445 533 9
445 577 4
445 592 6
446 495 9
446 498 6
446 508 6
446 513 9
446 541 10
446 545 9
446 563 7
446 569 7
446 577 9
446 591 8
446 593 5
447 466 7
447 470 9
447 504 2
447 547 5
447 576 1
448 452 10
448 470 2
448 500 3
448 503 5
448 506 3
448 515 6
448 522 9
448 593 2
449 455 6
449 479 6
449 537 8
449 547 2
450 453 6
450 484 1
450 492 7
450 527 5
450 528 9
450 540 4
450 557 5
450 563 10
450 574 2
450 578 1
451 464 8
451 485 2
451 491 8
451 498 2
451 535 9
451 543 9
451 550 5
452 463 5
452 465 9
452 498 4
452 516 8
452 517 2
452 549 8
452 557 10
452 564 9
452 589 9
453 464 3
453 471 4
453 497 4
453 520 1
453 550 7
453 557 9
453 558 3
453 587 5
454 455 5
454 459 3
454 460 8
454 468 10
454 469 3
454 475 1
454 523 2
454 534 10
454 548 3
454 561 10
454 564 4
454 565 3
454 592 8
454 594 8
454 598 9
455 462 8
455 463 2
455 470 6
455 477 9
455 559 1
455 583 7
455 593 8
456 487 9
456 528 9
456 537 3
456 576 4
456 579 9
456 580 2
457 482 5
457 486 4
457 505 6
457 509 9
457 523 6
457 542 4
457 545 10
457 559 8
457 583 6
458 462 2
458 504 10
458 513 8
458 528 1
458 533 3
458 535 2
458 539 10
458 563 10
458 578 10
458 592 9
459 534 3
459 563 5
459 595 10
460 474 6
460 475 3
460 486 7
460 504 6
460 510 2
460 539 1
460 591 10
461 469 2
461 567 2
461 569 6
462 475 7
462 477 10
462 478 6
462 510 3
462 543 3
462 546 6
462 565 10
462 577 10
462 580 9
463 478 1
463 481 8
463 504 1
463 557 3
463 574 1
463 578 10
463 583 5
463 597 1
464 466 10
464 471 9
464 499 7
464 517 9
464 542 4
464 548 2
465 477 7
465 491 10
465 512 5
465 516 8
465 570 1
465 571 6
465 583 1
465 587 6
466 481 3
466 507 10
466 515 3
466 524 7
467 474 4
467 500 8
467 503 8
467 525 4
467 564 6
467 565 9
467 566 3
467 577 8
467 593 3
468 499 3
468 529 7
468 543 9
468 547 5
468 551 7
468 565 8
469 483 4
469 496 7
469 502 3
469 504 5
469 548 4
469 566 2
469 575 9
469 584 1
470 474 4
470 475 6
470 481 3
470 484 1
470 485 10
470 490 3
470 504 4
470 511 6
470 514 8
470 560 3
470 569 4
470 571 3
470 584 1
470 594 4
471 489 5
471 504 8
471 508 6
471 511 10
471 538 7
471 557 5
471 564 6
471 577 5
471 579 4
471 586 9
471 587 1
471 592 6
471 595 5
472 478 4
472 499 10
472 523 3
472 579 4
472 580 5
472 590 1
472 591 9
472 592 6
473 507 10
473 534 1
473 555 9
473 559 8
474 488 10
474 517 1
474 551 1
475 496 3
475 530 1
475 542 4
475 562 9
475 569 9
476 478 1
476 567 10
476 594 5
476 598 7
477 535 6
477 552 9
477 566 10
477 590 6
478 479 9
478 483 8
478 497 1
478 502 3
478 536 7
478 571 5
479 482 8
479 490 1
479 501 5
479 510 6
479 524 6
479 537 7
479 543 8
480 519 6
480 556 4
480 567 10
480 575 9
480 580 4
480 582 2
480 588 9
481 488 9
481 491 10
481 536 9
481 537 9
481 544 2
481 586 5
482 486 6
482 490 9
482 516 5
482 532 7
482 557 4
482 572 4
482 590 4
483 519 6
483 531 8
483 551 2
483 555 3
483 566 7
483 571 3
484 487 9
484 514 5
484 520 10
484 592 5
486 490 4
487 493 8
487 552 8
487 566 3
488 561 6
488 567 3
488 574 4
488 575 6
489 505 1
489 545 6
489 553 7
489 556 2
490 499 7
490 526 1
490 534 9
490 548 5
490 556 6
490 590 5
491 511 10
491 517 1
491 538 1
491 553 8
491 560 10
492 503 2
492 514 10
492 516 6
492 530 6
492 540 8
492 583 2
492 599 8
493 529 3
493 556 6
493 590 5
493 595 2
494 501 8
494 506 2
494 550 5
494 552 4
494 567 7
494 597 7
495 502 9
495 511 3
495 513 10
495 523 7
495 531 6
495 550 8
495 556 1
495 567 3
496 499 5
496 511 2
496 516 3
496 533 7
497 512 9
497 517 4
497 557 8
497 567 10
497 570 1
497 575 4
497 587 8
498 505 3
498 531 1
498 548 2
498 557 8
498 558 7
498 567 5
498 568 7
498 578 8
498 589 1
498 591 10
499 519 4
499 536 8
499 551 8
499 577 9
499 598 9
500 540 6
500 554 4
500 560 7
501 502 8
501 510 6
501 537 3
501 542 10
501 553 10
501 577 9
501 594 10
502 528 3
502 546 8
502 559 10
502 561 3
502 568 3
503 512 9
503 542 5
503 555 5
503 561 2
504 511 4
504 516 1
504 520 6
504 536 1
504 540 8
504 560 7
504 561 2
504 568 4
504 593 6
505 536 2
505 547 2
505 570 4
506 512 7
506 530 7
506 534 2
506 575 5
506 590 4
506 598 6
507 526 6
507 577 5
507 592 6
508 559 5
508 574 7
509 514 4
509 523 6
509 545 1
509 553 6
509 581 4
510 525 8
510 526 3
510 563 5
510 575 1
510 598 3
511 529 3
511 539 3
511 583 3
512 514 9
512 515 7
512 540 6
512 546 6
512 551 8
512 566 9
512 572 9
512 578 4
512 579 7
512 592 1
513 517 10
513 570 2
513 591 8
514 537 5
515 527 6
515 534 4
515 552 2
515 564 2
515 579 7
515 582 7
516 566 2
516 578 4
516 587 3
516 591 9
517 532 8
517 537 7
517 574 2
517 595 1
517 596 9
518 535 6
518 548 5
518 583 9
519 528 2
519 530 10
519 563 6
519 595 1
520 523 10
520 555 5
520 557 5
520 592 6
521 539 7
521 542 6
521 557 7
521 562 4
521 582 3
521 583 2
522 535 9
522 558 4
522 568 5
523 557 7
523 589 2
524 531 8
524 536 3
524 544 4
524 545 7
524 564 10
524 583 3
525 536 10
525 556 2
525 576 3
525 579 5
525 587 6
526 543 4
526 549 9
527 561 5
529 548 9
529 557 9
529 580 6
529 586 3
530 536 5
531 557 3
531 578 1
532 546 3
532 554 1
532 596 7
533 544 5
533 551 4
533 574 5
533 592 10
534 594 8
535 588 2
536 560 3
537 541 6
537 549 4
537 550 7
537 552 4
538 595 5
539 552 1
539 594 5
540 583 7
541 542 3
541 553 1
541 562 2
541 570 6
541 588 9
541 589 9
542 560 7
542 565 10
542 592 4
543 558 1
543 565 4
544 570 7
544 577 2
545 551 6
545 561 9
545 580 10
546 578 2
546 589 3
547 553 4
547 563 1
547 567 2
548 565 7
548 571 6
550 577 7
550 599 2
552 562 2
552 567 2
552 568 7
552 569 4
553 589 8
553 595 3
553 597 6
554 557 9
554 570 6
554 590 4
554 599 9
555 599 4
556 559 2
556 578 8
557 563 10
557 576 2
557 577 4
557 582 8
558 572 5
558 587 9
558 588 6
559 568 4
560 565 3
560 579 8
560 584 10
560 587 5
561 595 10
562 599 8
563 564 10
565 583 8
565 587 10
566 586 3
567 572 2
567 575 8
568 571 6
570 597 9
572 573 2
573 579 4
573 588 7
573 597 7
574 587 7
577 590 6
578 580 3
579 582 8
579 584 5
583 586 2
585 595 1
585 596 8
587 599 9
588 591 6
594 596 7
600 299 78
601 599 6
600 601 94
