602 4489
7 5 54 58 62 51 52 69 46 78 56 81 76 37 96 38 76 94 73 38 93 63 20 15 88 3 64 72 71 39 93 29 43 46 86 4 48 89 25 46 66 80 26 42 68 21 79 95 14 3 33 58 66 4 73 5 6 88 29 76 27 21 57 69 18 42 25 18 31 49 63 96 80 88 89 100 8 67 94 73 22 78 30 39 81 54 95 38 42 23 66 20 95 22 40 65 63 16 82 45 16 44 41 96 83 29 47 90 48 92 62 69 22 43 7 2 97 1 92 38 76 57 9 22 78 48 38 92 64 19 37 31 14 29 78 96 57 24 37 56 68 50 76 89 93 34 42 89 87 33 78 62 89 86 35 18 85 73 10 100 43 98 31 57 26 8 4 34 32 93 90 51 42 17 39 34 51 80 22 37 13 51 50 53 36 84 23 73 8 84 72 51 81 2 59 6 62 62 91 45 6 80 95 48 49 33 81 99 12 55 35 76 57 36 81 93 19 3 17 27 86 88 77 18 42 87 23 55 100 13 99 6 45 93 53 45 77 85 43 40 39 29 68 96 64 48 40 34 50 56 60 87 95 88 4 88 74 78 42 74 42 40 79 38 84 83 82 12 67 24 52 58 4 19 5 67 18 44 1 67 51 12 5 97 100 8 85 25 37 26 50 78 18 28 16 53 62 97 65 29 8 40 40 70 27 26 23 2 95 6 14 39 83 53 11 38 20 17 93 29 5 77 89 92 25 29 12 35 32 17 15 40 57 54 61 35 79 35 36 73 40 2 63 22 6 26 11 25 42 55 53 98 31 41 89 56 22 53 42 53 69 56 44 77 9 56 12 87 90 99 12 29 52 26 2 57 51 64 81 45 18 85 94 49 78 35 56 99 87 97 51 7 4 47 36 64 2 99 2 92 97 65 72 49 43 26 57 93 89 90 89 7 74 83 7 51 17 62 1 55 10 4 13 65 50 48 28 3 46 29 94 43 94 18 43 36 43 51 80 83 40 21 89 66 55 95 68 23 8 69 77 69 24 89 33 73 37 60 75 34 41 21 76 86 90 70 21 84 73 52 66 12 24 55 77 78 1 97 100 9 65 76 77 88 17 62 12 5 21 38 38 13 10 66 98 99 87 70 82 59 74 48 71 97 54 99 75 54 95 26 14 11 54 43 50 70 4 13 26 76 51 63 89 60 28 38 11 15 8 92 73 81 91 95 77 44 46 3 50 92 29 15 3 34 57 4 55 12 17 80 40 19 42 80 30 22 17 40 88 76 84 12 56 74 59 85 18 4 39 19 95 19 33 49 52 42 53 6 53 21 85 44 91 79 75 20 100 92 12 39 19 95 50 75 20 8 11 89 11 49 84 87
0 53 23
0 73 18
0 79 11
0 98 1
0 110 11
0 113 15
0 133 20
0 144 3
0 151 10
0 170 20
0 177 21
0 194 10
0 195 6
0 242 2
0 283 8
1 54 7
1 74 9
1 82 17
1 85 7
1 89 22
1 150 20
1 156 6
1 183 24
1 185 14
1 204 11
1 228 16
1 231 18
1 233 22
1 236 15
1 299 7
2 49 25
2 59 12
2 63 24
2 135 10
2 137 14
2 138 11
2 156 1
2 179 8
2 186 13
2 187 10
2 205 4
2 219 10
2 234 21
2 236 10
2 251 11
2 273 4
3 31 16
3 49 21
3 54 22
3 60 24
3 72 17
3 88 18
3 139 5
3 151 16
3 172 8
3 193 15
3 202 8
3 211 1
3 231 13
3 234 22
3 258 7
4 8 13
4 14 10
4 66 8
4 84 24
4 113 24
4 170 18
4 186 25
4 249 8
4 277 8
4 278 11
5 29 12
5 36 17
5 53 7
5 58 21
5 95 5
5 108 12
5 110 13
5 154 25
5 209 10
5 213 12
5 239 19
5 251 3
6 40 18
6 75 11
6 100 12
6 123 7
6 129 18
6 132 12
6 211 19
6 218 15
6 222 21
6 236 8
6 247 24
6 258 3
7 49 9
7 73 24
7 96 22
7 104 8
7 127 7
7 135 4
7 233 20
7 246 18
7 259 23
7 270 3
7 291 15
7 292 4
8 34 14
8 55 4
8 103 5
8 129 1
8 149 17
8 174 23
8 194 5
8 199 9
8 204 8
8 210 16
8 235 17
8 238 3
8 275 3
8 279 13
8 282 17
8 292 25
9 45 20
9 68 17
9 78 2
9 92 3
9 105 16
9 130 23
9 136 12
9 178 24
9 179 4
9 199 9
9 236 18
9 278 1
10 11 11
10 21 9
10 48 4
10 73 2
10 77 12
10 149 8
10 182 2
10 185 6
10 206 8
10 214 6
10 215 14
10 224 15
10 251 21
10 258 6
10 260 19
10 264 25
10 268 20
10 271 10
11 28 24
11 52 14
11 54 4
11 62 2
11 74 19
11 109 21
11 124 25
11 163 7
11 167 19
11 172 5
11 190 15
11 191 11
11 261 5
11 290 1
12 17 19
12 84 10
12 97 2
12 100 7
12 118 19
12 146 5
12 152 12
12 157 1
12 160 10
12 186 3
12 200 18
12 237 7
12 257 10
12 274 11
12 289 7
12 298 4
13 35 23
13 65 7
13 72 19
13 87 1
13 91 9
13 118 12
13 126 21
13 150 10
13 181 21
13 184 16
13 189 14
13 197 10
13 200 1
13 201 20
13 221 12
13 243 21
13 284 6
14 63 15
14 66 2
14 83 24
14 125 19
14 131 16
14 132 25
14 134 5
14 139 18
14 166 19
14 210 12
14 227 2
14 237 4
14 262 20
14 263 5
14 267 3
14 292 3
15 17 23
15 33 3
15 63 11
15 78 12
15 112 25
15 114 22
15 138 9
15 151 17
15 165 12
15 171 18
15 184 17
15 185 8
15 189 7
15 209 14
15 210 13
15 228 21
15 238 18
15 253 12
15 255 17
15 281 8
15 285 13
15 294 21
16 22 2
16 66 6
16 84 9
16 88 5
16 110 11
16 122 3
16 126 11
16 130 14
16 166 6
16 168 10
16 191 18
16 226 18
16 242 21
16 249 20
16 298 15
17 26 4
17 42 11
17 56 3
17 62 24
17 97 5
17 129 11
17 147 7
17 150 18
17 169 25
17 221 4
17 224 12
17 231 13
17 242 22
18 26 21
18 68 2
18 74 18
18 117 22
18 214 9
18 223 1
18 238 3
19 35 20
19 37 6
19 42 13
19 43 10
19 46 11
19 67 23
19 110 2
19 117 3
19 133 20
19 192 23
19 210 19
19 230 1
19 244 11
19 245 24
19 250 1
20 53 15
20 57 11
20 58 9
20 72 9
20 79 10
20 89 12
20 111 21
20 113 25
20 142 9
20 156 18
20 162 1
20 170 3
20 171 17
20 200 10
20 214 5
20 241 19
20 295 6
21 31 10
21 59 9
21 61 15
21 127 20
21 130 8
21 138 18
21 149 25
21 157 4
21 165 16
21 180 18
21 184 4
21 185 1
21 188 16
21 285 6
22 27 17
22 38 3
22 52 16
22 66 2
22 81 13
22 84 3
22 143 22
22 169 14
22 204 13
22 207 17
22 209 14
22 227 17
22 238 8
22 249 25
22 287 21
23 34 1
23 64 5
23 105 6
23 111 11
23 177 21
23 219 25
23 240 18
23 257 14
23 260 24
23 276 22
23 281 6
24 34 19
24 42 2
24 79 8
24 82 11
24 113 8
24 121 1
24 132 14
24 139 23
24 151 2
24 191 3
24 203 2
24 204 1
24 239 16
24 244 16
24 279 17
24 281 6
24 286 7
25 68 1
25 72 6
25 77 3
25 82 1
25 100 12
25 122 8
25 126 12
25 195 8
25 212 9
25 213 4
25 231 23
25 249 10
25 255 2
25 276 5
25 298 3
26 95 4
26 120 14
26 123 15
26 137 13
26 231 16
26 246 3
26 248 10
26 265 17
26 292 7
27 30 14
27 75 19
27 86 24
27 106 4
27 107 12
27 108 5
27 116 13
27 125 12
27 134 10
27 148 15
27 158 13
27 163 23
27 171 24
27 181 1
27 208 7
27 212 7
27 213 6
27 218 4
27 229 16
27 232 8
27 237 10
27 241 20
27 244 13
27 291 23
28 42 10
28 61 25
28 67 15
28 80 14
28 106 11
28 134 7
28 139 23
28 181 24
28 186 2
28 213 21
28 226 5
28 259 14
28 297 25
29 45 19
29 60 25
29 81 11
29 107 8
29 135 14
29 144 11
29 173 8
29 192 16
29 202 17
29 208 16
29 239 22
29 282 21
29 296 9
30 34 6
30 40 7
30 49 3
30 51 18
30 71 7
30 72 14
30 115 19
30 176 21
30 178 5
30 248 4
30 250 4
30 254 2
30 266 5
30 277 6
30 284 22
30 295 9
31 38 19
31 46 24
31 49 4
31 56 20
31 58 11
31 86 11
31 109 9
31 118 21
31 132 20
31 166 24
31 190 13
31 249 10
31 250 22
31 256 10
31 285 18
32 62 4
32 66 16
32 93 23
32 96 21
32 101 22
32 116 11
32 139 14
32 149 18
32 206 17
32 210 20
32 240 21
32 257 18
32 287 24
32 295 3
32 296 17
33 37 9
33 39 21
33 69 17
33 87 12
33 96 18
33 97 2
33 122 24
33 128 1
33 194 23
33 236 18
33 238 1
33 244 12
33 258 2
33 259 25
33 277 21
33 278 22
33 291 3
34 42 13
34 46 19
34 59 1
34 78 10
34 86 6
34 117 14
34 174 4
34 206 23
34 215 10
34 219 1
34 227 17
34 248 8
34 251 4
34 266 8
34 281 16
34 298 1
35 71 24
35 234 2
35 236 18
36 40 3
36 61 25
36 62 20
36 66 2
36 74 19
36 90 23
36 110 13
36 114 23
36 140 22
36 150 10
36 152 19
36 161 24
36 190 22
36 229 14
36 230 24
36 261 6
36 263 21
36 285 15
36 299 11
37 68 18
37 111 24
37 132 12
37 136 10
37 203 7
37 205 17
37 212 19
37 218 24
37 222 19
37 271 20
37 296 3
38 53 14
38 58 22
38 61 4
38 81 10
38 96 25
38 125 23
38 134 7
38 150 12
38 157 22
38 217 3
38 257 21
38 268 15
39 56 4
39 83 17
39 93 5
39 110 2
39 113 25
39 128 25
39 130 18
39 147 10
39 161 20
39 176 17
39 186 23
39 188 6
39 202 25
39 253 16
39 272 24
39 298 25
40 85 12
40 111 20
40 115 2
40 134 2
40 139 18
40 181 6
40 200 11
40 253 17
40 254 5
40 267 18
40 288 3
40 289 1
40 294 22
41 75 25
41 96 17
41 97 25
41 110 19
41 115 21
41 134 4
41 145 20
41 171 22
41 176 21
41 178 4
41 215 16
41 236 12
41 237 4
41 248 21
41 262 13
41 275 21
42 44 20
42 45 13
42 50 9
42 54 16
42 102 16
42 134 10
42 143 9
42 147 21
42 159 21
42 179 25
42 204 2
42 205 15
42 249 5
42 282 2
42 283 11
42 291 6
43 55 20
43 63 13
43 66 24
43 86 15
43 97 16
43 103 18
43 114 12
43 139 11
43 145 24
43 192 4
43 195 25
43 206 4
43 215 25
43 269 14
43 276 1
44 54 21
44 129 1
44 138 10
44 156 11
44 183 17
44 210 19
44 221 21
44 261 14
44 283 16
45 58 21
45 61 18
45 87 5
45 89 2
45 98 21
45 124 16
45 126 9
45 142 16
45 147 5
45 156 10
45 176 7
45 258 20
45 279 4
45 298 20
46 77 7
46 109 2
46 114 24
46 135 8
46 158 7
46 167 23
46 181 22
46 182 8
46 191 20
46 218 24
46 282 19
46 286 5
46 293 17
47 78 12
47 91 1
47 115 6
47 132 3
47 142 23
47 150 25
47 159 9
47 176 1
47 199 20
47 230 1
47 236 9
47 278 10
47 282 5
47 285 18
48 52 17
48 77 1
48 85 22
48 117 11
48 156 8
48 162 25
48 164 9
48 204 15
48 235 9
48 262 8
48 266 11
48 273 18
48 282 2
48 289 10
49 77 11
49 78 9
49 108 3
49 125 24
49 131 11
49 164 10
49 171 3
49 176 10
49 214 9
49 234 12
49 237 12
49 247 4
49 263 14
49 275 20
49 285 13
49 287 19
49 296 15
50 74 6
50 130 19
50 134 13
50 163 17
50 169 3
50 183 14
50 212 2
50 232 18
50 242 22
50 248 12
50 264 5
50 268 16
50 270 13
51 77 16
51 80 1
51 87 23
51 108 19
51 109 2
51 139 8
51 196 3
51 214 6
52 57 19
52 69 14
52 96 19
52 110 5
52 121 17
52 132 8
52 165 25
52 168 6
52 203 3
52 215 16
52 232 12
52 271 21
52 278 5
52 280 5
52 284 1
53 54 18
53 73 6
53 79 20
53 111 17
53 170 17
53 172 24
53 175 9
53 180 7
53 208 17
53 222 12
53 246 6
53 255 12
53 273 13
53 285 14
53 290 16
54 58 20
54 70 7
54 77 4
54 94 14
54 120 14
54 133 20
54 146 23
54 159 15
54 212 1
54 221 25
54 241 5
54 251 14
54 285 22
55 62 11
55 64 18
55 78 22
55 91 5
55 101 25
55 106 16
55 115 23
55 128 19
55 199 17
55 200 7
55 234 25
55 235 8
55 262 18
55 279 5
56 106 21
56 116 7
56 141 20
56 192 11
56 218 1
56 232 4
56 244 15
56 286 16
57 65 17
57 77 9
57 114 13
57 118 6
57 124 11
57 137 12
57 150 12
57 152 24
57 158 11
57 165 22
57 191 16
57 200 7
57 205 3
57 214 16
57 221 25
57 237 1
57 246 9
57 281 18
57 293 7
58 61 10
58 62 25
58 72 24
58 75 16
58 99 22
58 105 7
58 135 13
58 143 7
58 146 7
58 148 18
58 185 21
58 244 23
58 253 9
58 261 7
58 269 12
58 288 16
59 62 17
59 76 24
59 81 4
59 84 16
59 88 11
59 89 2
59 142 8
59 145 19
59 162 4
59 174 25
59 184 18
59 191 4
59 207 10
59 215 10
59 254 10
60 63 21
60 69 11
60 84 10
60 88 14
60 99 7
60 105 16
60 119 1
60 132 14
60 141 25
60 157 18
60 171 11
60 174 24
60 190 3
61 96 17
61 112 10
61 126 20
61 139 9
61 228 10
62 79 23
62 87 1
62 196 20
62 235 24
62 255 8
62 261 14
62 280 2
63 108 10
63 111 8
63 122 8
63 132 21
63 263 18
63 275 19
63 283 17
63 290 5
63 296 4
64 72 5
64 84 12
64 100 21
64 106 7
64 109 2
64 122 20
64 165 24
64 171 12
64 193 20
64 230 3
64 231 4
64 262 5
64 264 22
64 268 14
64 296 14
65 83 21
65 102 14
65 106 11
65 125 21
65 138 23
65 163 24
65 188 24
65 190 7
65 195 8
65 229 6
65 239 3
65 246 25
65 248 25
65 269 21
65 284 7
65 291 3
66 70 25
66 84 20
66 95 25
66 101 6
66 119 21
66 189 22
66 269 6
66 289 9
67 94 16
67 118 10
67 128 12
67 129 20
67 138 8
67 164 25
67 187 11
67 216 3
67 221 15
67 290 21
67 295 23
68 76 13
68 77 21
68 113 21
68 114 19
68 122 3
68 125 4
68 131 23
68 141 5
68 167 3
68 169 18
68 203 11
68 206 7
68 227 19
68 239 5
68 269 6
68 283 24
69 95 2
69 168 4
69 242 6
69 266 10
69 290 20
69 299 15
70 78 24
70 135 16
70 139 22
70 147 25
70 162 1
70 177 1
70 187 15
70 197 23
70 205 25
70 223 2
70 247 18
70 259 21
70 271 22
70 283 23
71 108 24
71 169 20
71 202 2
71 221 3
71 222 14
71 253 14
71 271 9
71 272 8
72 75 20
72 79 16
72 84 8
72 160 21
72 177 20
72 188 16
72 251 7
72 256 14
73 83 5
73 109 5
73 110 4
73 146 4
73 199 5
73 215 7
73 243 4
73 256 19
73 288 4
73 294 4
74 97 20
74 103 24
74 133 1
74 142 18
74 181 21
74 198 1
74 232 14
74 250 24
75 93 3
75 106 3
75 119 14
75 121 13
75 122 12
75 127 8
75 129 5
75 150 19
75 164 5
75 165 24
75 181 9
75 251 11
75 252 14
76 84 16
76 94 18
76 97 20
76 105 21
76 111 22
76 131 1
76 163 24
76 179 17
76 217 6
76 229 4
76 288 13
76 292 4
77 99 6
77 113 5
77 127 1
77 128 6
77 244 19
77 254 1
77 261 10
77 270 23
77 276 14
77 277 24
78 85 9
78 94 23
78 128 4
78 146 4
78 149 4
78 248 2
78 250 15
78 277 17
79 135 18
79 136 5
79 169 9
79 197 12
80 92 25
80 120 7
80 206 12
80 212 25
80 213 25
80 275 19
80 299 6
81 85 12
81 91 23
81 94 13
81 99 18
81 108 25
81 157 21
81 173 13
81 174 1
81 228 5
81 261 10
81 286 16
82 85 6
82 117 18
82 175 16
82 251 9
82 278 22
82 298 19
83 96 12
83 115 11
83 118 12
83 132 4
83 137 17
83 143 22
83 152 17
83 212 18
83 256 3
83 277 5
84 94 19
84 97 2
84 98 24
84 101 1
84 107 15
84 112 23
84 136 14
84 140 8
84 166 22
84 173 9
84 192 20
84 207 24
84 237 15
84 299 7
85 111 15
85 125 20
85 129 24
85 182 7
85 223 5
85 266 22
85 277 2
86 104 19
86 131 9
86 154 14
86 169 22
86 171 2
86 178 10
86 188 16
87 136 21
87 141 15
87 205 20
87 236 15
87 254 16
87 291 18
88 134 15
88 139 8
88 152 15
88 163 3
88 165 15
88 250 12
88 257 11
88 261 11
88 264 12
88 273 3
88 288 17
88 296 1
89 104 22
89 105 18
89 137 7
89 142 2
89 159 16
89 191 9
89 259 20
89 265 2
89 278 24
89 284 18
89 286 5
90 95 8
90 122 8
90 129 1
90 144 22
90 165 5
90 190 15
90 197 15
90 200 22
90 210 6
90 221 22
90 257 14
90 262 9
90 271 13
90 294 2
91 127 21
91 139 25
91 155 13
91 157 25
91 169 19
91 186 14
91 203 22
91 236 11
91 247 22
91 260 25
91 284 3
92 100 7
92 103 21
92 106 6
92 108 5
92 116 15
92 118 11
92 128 15
92 136 25
92 147 11
92 156 13
92 202 4
92 212 25
92 228 2
92 239 2
92 273 7
92 274 25
92 281 15
92 296 15
93 120 14
93 132 16
93 141 13
93 188 14
93 207 4
93 226 12
93 255 7
93 291 19
94 120 10
94 166 19
94 169 17
94 175 11
94 184 21
94 240 24
94 244 6
94 256 2
94 269 5
94 272 23
95 98 14
95 141 21
95 145 22
95 156 24
95 203 9
95 211 2
95 215 25
95 249 12
95 263 3
95 265 6
95 278 12
95 296 18
96 132 23
96 140 25
96 148 10
96 166 12
96 195 15
96 198 15
96 229 23
96 230 21
96 244 8
96 246 10
96 280 16
96 289 25
97 120 20
97 122 12
97 157 25
97 197 3
97 217 15
97 239 4
97 249 25
97 256 3
97 273 25
97 299 23
98 106 3
98 125 10
98 131 24
98 154 2
98 162 21
98 165 3
98 199 7
98 238 9
99 164 22
99 167 6
99 168 11
99 169 7
99 189 17
99 194 25
99 216 21
99 224 17
99 284 23
99 286 4
99 288 1
99 299 13
100 101 5
100 107 22
100 134 1
100 145 4
100 151 24
100 178 17
100 205 9
100 237 25
100 258 19
100 271 10
100 286 22
101 119 21
101 124 19
101 131 22
101 143 24
101 165 17
101 182 25
101 215 8
101 226 25
101 229 21
101 238 13
101 256 10
102 106 4
102 119 7
102 120 12
102 125 25
102 141 23
102 149 9
102 181 5
102 240 25
102 295 23
103 115 11
103 160 23
103 178 24
103 190 14
103 210 24
103 211 15
103 212 24
103 214 23
103 217 11
103 237 9
103 253 22
104 132 8
104 142 4
104 147 20
104 190 9
104 216 20
104 220 21
104 241 16
104 272 20
104 278 17
105 115 5
105 131 6
105 149 22
105 157 11
105 160 17
105 167 21
105 173 8
105 174 2
105 212 2
105 240 9
105 243 25
105 267 12
105 282 7
105 287 25
106 111 2
106 121 5
106 130 16
106 137 1
106 146 4
106 151 1
106 153 11
106 166 2
106 210 11
106 220 14
106 235 22
106 244 19
106 252 11
106 256 17
106 296 9
107 110 5
107 125 10
107 177 13
107 212 12
107 221 7
107 232 24
107 292 4
107 297 4
108 111 8
108 115 7
108 153 6
108 175 19
108 185 6
108 226 19
108 257 2
108 287 7
108 296 21
108 297 6
109 148 23
109 191 23
109 197 11
109 198 23
109 244 10
109 257 13
109 263 8
109 269 25
110 114 11
110 121 1
110 197 10
110 242 2
110 246 11
110 299 16
111 132 14
111 152 1
111 165 3
111 202 20
111 215 1
111 266 8
112 149 23
112 151 10
112 161 14
112 189 5
112 198 3
112 210 22
112 230 24
112 233 4
112 251 3
112 266 21
113 115 11
113 180 25
113 207 20
113 215 22
113 219 25
113 235 4
113 270 11
113 284 7
114 129 5
114 207 21
114 237 10
114 254 15
114 255 24
114 258 22
115 116 7
115 126 12
115 129 22
115 133 11
115 134 8
115 166 22
115 183 18
115 198 6
115 209 7
115 217 9
115 238 10
115 240 9
115 269 5
115 284 10
115 285 15
116 129 7
116 211 5
116 212 25
116 232 9
116 253 24
116 270 23
116 285 8
116 290 4
117 265 8
117 271 16
117 287 9
117 291 5
118 136 25
118 172 25
118 174 4
118 186 22
118 226 8
118 271 17
118 276 20
118 280 19
119 121 25
119 180 17
119 210 13
119 215 5
119 218 23
119 240 21
119 268 16
120 147 8
120 171 2
120 185 3
120 189 22
120 236 11
120 247 7
120 254 24
120 256 19
121 129 8
121 130 21
121 155 3
121 157 13
121 164 6
121 179 18
121 208 23
121 245 10
121 257 20
121 273 22
121 277 15
122 158 18
122 178 7
122 193 7
122 197 12
122 211 2
122 229 8
122 278 3
123 144 14
123 160 14
123 204 2
123 220 12
123 224 4
123 225 12
123 235 15
123 237 6
123 262 8
123 268 25
123 284 15
123 288 8
124 130 20
124 134 22
124 139 6
124 161 22
124 168 11
124 171 11
124 209 15
124 213 9
124 244 22
124 274 11
124 277 7
124 295 14
124 296 3
125 144 13
125 174 20
125 254 14
125 264 14
125 267 4
125 293 19
125 295 5
126 146 17
126 166 22
126 182 16
126 202 22
126 207 8
126 224 7
126 241 5
126 298 18
127 153 7
127 157 19
127 187 25
127 205 3
127 253 17
127 269 5
127 276 25
128 167 2
128 196 17
128 201 16
128 207 10
128 250 14
128 251 1
128 290 17
129 134 2
129 190 5
129 205 6
129 228 23
129 242 20
129 255 22
129 257 1
129 269 13
129 284 1
129 288 19
130 142 12
130 170 18
130 194 15
130 230 19
130 242 24
130 298 19
131 165 11
131 168 7
131 206 14
131 236 13
131 237 10
131 289 5
132 135 17
132 138 9
132 143 9
132 144 9
132 182 1
132 184 20
132 212 24
132 244 1
132 287 13
132 298 25
133 149 7
133 152 19
133 184 24
133 192 1
133 196 15
133 203 1
133 208 14
133 228 17
133 245 19
133 275 25
133 295 9
133 296 8
134 193 20
134 215 7
134 226 2
134 235 8
134 238 14
134 249 15
134 291 20
135 179 23
135 199 22
135 218 13
135 221 8
135 257 5
135 259 23
135 268 8
135 272 1
135 279 21
135 295 10
136 138 14
136 209 22
136 224 16
136 262 7
136 281 22
136 294 16
136 295 23
137 143 22
137 153 6
137 163 14
137 219 15
137 224 7
137 231 22
137 237 23
137 254 4
137 261 5
138 154 1
138 177 11
138 178 20
138 206 17
138 207 5
138 217 19
138 222 15
138 232 19
138 260 1
138 295 19
138 297 17
139 188 10
139 200 20
139 205 12
139 268 21
139 284 10
140 192 11
140 196 11
140 237 16
140 251 7
140 268 4
141 152 15
141 167 4
141 219 11
141 278 3
142 172 20
142 182 20
142 210 1
142 214 19
142 215 23
142 218 7
142 234 19
142 244 8
142 245 4
142 254 13
142 263 14
142 281 22
142 291 2
143 146 7
143 148 25
143 167 23
143 170 23
143 184 9
143 228 19
144 160 12
144 203 5
144 205 3
144 206 22
144 247 17
144 254 20
144 296 5
145 151 22
145 163 9
145 173 10
145 174 8
145 227 13
145 233 5
145 253 2
145 275 15
145 298 23
146 161 1
146 174 23
146 204 19
146 225 8
146 259 1
146 267 6
146 283 21
147 171 23
147 173 9
147 197 2
147 201 22
147 224 6
147 228 2
147 240 7
147 242 24
147 273 13
147 294 13
147 297 3
148 156 11
148 168 7
148 192 24
148 204 15
148 216 3
148 250 7
148 271 2
149 190 12
149 197 21
149 213 6
149 241 15
149 263 12
149 275 5
149 286 15
149 297 10
150 184 25
150 214 24
150 232 10
150 236 5
150 258 19
150 271 7
150 277 16
150 294 23
151 154 5
151 158 21
151 162 24
151 165 14
151 170 22
151 189 13
151 221 3
151 224 1
151 264 23
152 175 9
152 198 25
152 210 14
152 212 14
152 245 8
152 266 15
152 281 2
153 161 4
153 165 22
153 214 19
153 244 17
153 247 4
153 298 8
154 157 1
154 173 3
154 177 9
154 209 13
154 250 10
154 255 2
154 257 21
154 267 25
155 181 1
155 206 1
155 236 20
155 262 24
156 161 16
156 174 18
156 207 11
156 219 18
156 221 19
156 222 10
156 265 4
156 283 18
156 294 24
156 295 19
156 297 25
157 164 15
157 165 20
157 204 5
157 217 14
157 223 15
157 257 24
157 264 17
157 296 23
157 299 24
158 188 19
158 212 6
158 230 13
158 235 3
158 271 9
158 282 9
159 185 2
159 198 12
159 213 11
159 215 24
159 227 10
159 247 1
159 256 16
159 276 23
160 164 20
160 200 11
160 202 9
160 229 25
161 164 5
161 222 7
161 254 18
161 260 7
161 277 24
162 192 15
162 202 13
162 206 12
162 226 6
162 249 11
162 260 3
163 172 3
163 184 12
163 232 23
163 256 10
163 259 24
163 273 1
163 283 21
163 290 7
163 292 4
164 171 7
164 173 19
164 190 4
164 223 18
164 227 19
164 252 22
164 274 17
165 202 16
165 208 7
165 228 1
165 233 17
165 241 12
165 243 9
165 250 12
165 267 18
165 296 7
166 188 3
166 196 5
166 198 20
166 202 8
166 203 18
166 218 22
166 258 13
166 263 4
166 265 20
167 172 24
167 220 2
167 237 22
167 269 19
167 284 11
167 298 2
168 173 2
168 221 4
168 228 8
168 229 22
168 234 25
168 236 4
168 260 13
169 180 17
169 273 10
169 280 15
169 287 8
169 293 23
169 295 24
169 297 19
170 189 17
170 196 7
170 199 21
170 215 24
170 216 2
170 244 6
170 264 16
170 269 25
171 188 18
171 219 21
172 175 21
172 241 16
172 251 24
172 252 19
172 290 12
173 188 9
173 207 21
173 244 13
173 256 15
173 278 3
174 188 9
174 230 16
174 270 8
174 287 24
175 180 7
175 191 19
175 193 13
175 204 16
175 244 17
175 249 13
176 245 12
176 279 10
177 189 20
177 234 9
177 244 8
177 249 21
177 278 14
178 187 25
178 199 20
178 209 6
178 220 20
178 226 16
178 235 24
178 248 19
178 266 11
178 278 10
179 198 4
179 202 6
179 213 24
180 230 18
180 245 10
180 247 10
180 267 10
180 277 19
180 292 8
181 183 16
181 204 13
181 214 22
181 231 9
181 233 6
181 246 10
181 261 20
181 269 15
181 278 6
182 199 3
182 215 25
182 231 1
182 243 19
182 251 24
182 297 22
183 211 24
183 213 19
183 217 14
183 228 24
183 232 12
183 260 25
184 189 10
184 201 17
184 213 7
184 244 9
184 246 10
184 257 19
184 270 20
184 280 19
185 208 12
185 211 4
185 218 12
185 224 24
185 229 25
185 231 22
185 278 4
186 199 11
186 204 18
186 212 21
186 219 16
186 229 20
186 295 20
187 208 18
187 220 15
187 223 18
188 196 17
188 241 14
189 190 13
189 192 5
189 274 14
189 284 1
189 285 6
189 287 24
190 191 18
190 217 15
190 223 7
190 225 2
190 278 8
190 280 3
190 288 22
190 290 21
191 200 6
191 220 10
191 227 20
191 236 7
191 252 8
191 257 25
192 253 18
192 261 25
192 271 22
192 275 8
192 286 22
192 291 16
193 204 3
193 232 11
193 235 11
193 275 19
193 286 1
194 222 23
194 238 25
194 288 15
195 197 24
195 231 6
195 260 13
195 271 16
195 280 20
195 282 21
196 209 19
196 241 4
196 260 23
196 268 17
196 273 24
196 281 5
197 235 2
197 242 20
198 208 11
198 210 11
198 226 22
198 240 3
198 246 11
198 273 18
198 277 13
199 286 7
199 288 11
199 291 17
200 215 17
200 217 21
200 229 10
200 232 18
200 250 18
200 270 9
200 279 9
201 202 16
201 213 16
201 240 21
201 251 8
202 205 10
202 211 18
202 219 1
202 264 15
203 222 15
203 239 18
203 246 14
203 279 21
203 280 21
203 290 8
204 229 6
204 234 6
205 230 6
205 234 11
205 254 18
205 261 24
205 263 25
205 272 24
206 281 9
206 282 16
206 294 18
207 221 6
207 252 25
207 253 12
207 285 23
207 292 10
208 215 20
208 264 16
209 231 1
209 232 15
209 274 25
210 295 10
211 219 9
211 228 1
211 242 2
211 267 23
212 224 20
212 261 15
212 265 18
212 267 15
212 269 24
212 292 25
213 216 22
213 231 5
213 259 10
213 266 15
213 295 3
214 241 9
215 220 15
215 253 13
215 257 24
215 259 7
215 282 18
215 287 25
215 288 20
215 289 17
216 226 10
216 227 14
216 252 7
216 266 10
216 275 5
216 282 7
217 227 21
217 229 13
217 244 9
217 294 22
218 247 12
218 251 3
218 257 13
218 270 6
218 280 19
219 226 12
219 251 6
219 256 17
219 268 16
219 277 17
219 281 6
219 283 20
219 292 1
220 295 23
221 244 9
221 250 1
222 226 4
222 234 1
222 255 3
222 277 1
222 287 17
222 292 12
222 294 14
223 227 1
223 281 23
223 292 19
224 233 9
224 292 20
224 293 8
224 297 17
224 299 19
225 238 20
225 243 21
225 265 6
225 277 2
225 278 14
226 241 17
226 256 7
226 278 5
226 290 9
227 229 1
227 239 13
227 243 5
227 259 1
227 264 10
227 278 13
228 240 3
228 261 15
229 260 13
229 282 5
229 289 15
229 297 7
230 231 18
230 238 6
230 245 7
230 260 15
231 255 1
232 251 15
232 272 12
233 236 8
233 244 8
233 248 5
233 260 4
233 279 3
233 284 10
233 288 6
234 242 18
234 252 4
234 258 14
234 267 24
234 282 14
235 249 14
235 270 13
235 271 19
235 279 16
235 288 24
236 250 6
237 251 19
237 267 14
238 277 21
239 240 25
239 287 5
240 262 2
240 284 18
240 294 10
241 275 10
241 278 9
242 274 10
242 278 1
242 289 20
243 245 20
243 247 8
243 256 24
243 288 23
243 295 12
244 249 11
245 253 3
245 262 6
245 264 16
246 276 17
247 280 6
247 291 4
247 297 7
248 254 19
248 271 24
248 278 23
248 284 17
248 294 5
249 282 16
249 297 7
250 271 25
250 274 15
250 279 12
250 281 3
250 286 9
251 270 23
252 272 12
253 265 18
253 269 10
253 273 12
253 297 12
254 258 4
254 286 21
255 275 13
255 295 3
255 299 9
256 281 25
257 274 8
258 285 14
259 262 15
259 274 1
261 294 21
263 274 20
263 291 7
263 294 14
263 296 19
264 272 4
264 289 6
265 299 25
266 268 21
266 269 14
266 297 1
266 298 11
267 272 25
267 276 3
267 297 21
268 278 25
268 297 16
269 276 13
271 276 9
271 288 2
272 279 2
273 289 14
274 286 24
275 290 14
276 278 16
278 291 7
278 298 13
279 299 23
280 298 22
281 283 4
284 298 23
286 290 17
287 291 23
289 295 5
292 297 8
296 298 18
300 307 7
300 327 8
300 332 18
300 345 15
300 366 6
300 397 19
300 423 6
300 424 10
300 455 2
300 494 10
300 504 5
300 580 11
300 593 6
301 302 22
301 316 16
301 336 5
301 402 17
301 403 15
301 421 23
301 429 5
301 455 5
301 481 17
301 548 1
301 555 5
301 590 18
302 337 20
302 347 14
302 360 3
302 364 9
302 391 2
302 405 3
302 469 17
302 505 9
302 509 20
302 551 8
302 553 16
302 560 16
302 593 15
302 595 1
303 310 17
303 350 2
303 367 7
303 369 4
303 372 7
303 373 4
303 382 20
303 388 13
303 397 22
303 423 11
303 434 11
303 435 1
303 444 16
303 446 4
303 447 3
303 449 22
303 474 21
303 477 22
303 491 10
303 509 23
303 544 7
303 555 13
303 594 2
303 595 1
304 305 23
304 315 22
304 330 8
304 339 14
304 395 14
304 425 23
304 453 16
304 485 5
304 493 24
304 494 22
304 533 10
304 534 5
304 574 2
304 576 4
304 590 17
305 320 23
305 341 17
305 396 4
305 399 25
305 402 9
305 431 7
305 437 2
305 453 5
305 485 2
305 487 1
305 511 16
305 531 1
305 541 9
305 548 6
305 569 3
306 316 9
306 333 3
306 339 1
306 359 17
306 365 16
306 375 14
306 398 14
306 409 6
306 416 20
306 449 14
306 469 5
306 472 4
306 503 20
306 521 6
306 536 10
306 573 13
306 576 6
306 587 1
306 589 17
307 337 7
307 391 11
307 396 25
307 407 11
307 422 17
307 431 2
307 451 11
307 471 7
307 481 4
307 535 19
307 539 14
307 571 8
308 327 5
308 354 17
308 366 8
308 371 21
308 375 9
308 386 23
308 409 11
308 418 17
308 444 17
308 460 24
308 464 21
308 471 21
308 481 20
308 484 3
308 506 7
308 539 7
308 545 8
308 598 7
309 316 23
309 318 17
309 334 19
309 355 23
309 415 2
309 451 10
309 531 1
309 538 14
309 562 18
309 574 6
309 578 9
309 585 7
310 331 14
310 351 13
310 358 23
310 369 23
310 405 8
310 416 8
310 454 21
310 477 20
310 480 24
310 509 12
310 520 20
310 558 19
310 585 9
310 591 14
310 598 22
311 321 15
311 379 21
311 394 6
311 397 23
311 402 20
311 406 22
311 439 16
311 462 17
311 529 25
311 530 25
311 549 19
311 552 13
311 561 18
311 564 25
311 576 22
311 584 24
311 588 15
312 318 9
312 358 23
312 364 12
312 372 19
312 377 5
312 423 7
312 431 13
312 486 4
312 503 19
312 510 8
313 351 24
313 417 2
313 418 21
313 450 20
313 451 19
313 461 18
313 507 3
313 563 16
313 577 13
313 599 1
314 317 7
314 321 6
314 353 1
314 367 8
314 380 25
314 387 13
314 392 25
314 476 1
314 495 9
314 521 25
314 525 15
314 545 20
314 595 24
315 333 1
315 370 13
315 405 4
315 435 8
315 456 2
315 532 9
315 546 3
315 547 9
315 557 7
315 559 6
316 323 7
316 341 4
316 379 24
316 382 24
316 388 8
316 401 15
316 410 11
316 425 8
316 433 23
316 441 19
316 444 8
316 456 7
316 470 18
316 585 21
316 592 7
316 596 20
317 320 6
317 324 8
317 330 9
317 352 2
317 450 7
317 479 11
317 488 14
317 494 12
317 496 18
317 505 18
317 544 22
317 548 20
317 549 3
317 562 3
318 323 3
318 326 9
318 336 8
318 356 1
318 377 10
318 387 15
318 389 17
318 406 22
318 463 23
318 504 16
318 518 15
318 525 7
318 588 23
319 322 9
319 332 4
319 360 6
319 362 3
319 369 12
319 371 13
319 383 13
319 419 13
319 439 21
319 443 24
319 455 4
319 502 9
319 518 16
319 541 21
319 543 5
319 577 13
320 322 23
320 344 10
320 357 15
320 359 9
320 389 17
320 406 17
320 486 18
320 512 9
320 534 9
320 575 16
320 585 8
320 594 1
321 334 6
321 409 14
321 459 23
321 462 16
321 467 18
321 534 3
321 545 19
321 556 4
322 361 18
322 370 6
322 391 18
322 397 15
322 404 4
322 405 21
322 407 24
322 464 22
322 497 18
322 501 3
322 563 11
322 569 16
323 338 14
323 355 2
323 364 1
323 382 8
323 413 18
323 419 20
323 444 16
323 447 3
323 452 10
323 459 23
323 470 4
323 474 17
323 489 13
323 492 3
323 509 8
323 511 7
323 518 8
323 539 1
323 567 12
324 328 2
324 353 8
324 368 5
324 369 16
324 424 14
324 434 2
324 542 16
324 567 12
324 570 20
324 591 19
325 338 22
325 344 12
325 365 9
325 367 25
325 390 12
325 405 16
325 418 17
325 420 6
325 424 6
325 450 22
325 455 15
325 469 5
325 509 2
325 517 9
325 525 20
325 534 4
325 541 16
325 585 1
326 332 13
326 339 18
326 369 13
326 371 14
326 384 25
326 410 19
326 479 5
326 537 15
326 560 20
326 570 20
326 576 1
327 366 16
327 377 15
327 403 24
327 418 2
327 445 24
327 457 23
327 463 15
327 503 14
327 541 17
327 548 20
327 567 22
327 572 13
328 333 12
328 375 3
328 432 14
328 458 20
328 469 22
328 494 19
328 504 12
328 513 23
328 514 7
328 517 4
328 533 12
328 534 20
328 538 3
328 565 5
328 584 1
328 592 20
329 335 1
329 351 23
329 368 20
329 392 17
329 422 14
329 425 19
329 454 20
329 455 14
329 467 18
329 534 10
329 537 3
329 566 9
329 576 6
329 584 1
329 598 21
330 358 19
330 418 3
330 422 11
330 427 15
330 443 25
330 471 5
330 476 1
330 477 24
330 504 11
330 505 4
330 521 10
330 545 7
330 551 9
330 554 16
330 580 8
331 337 3
331 350 18
331 359 7
331 371 24
331 381 9
331 410 20
331 437 19
331 466 6
331 470 9
331 475 12
331 500 15
331 501 13
331 522 20
331 548 22
332 360 15
332 378 18
332 393 16
332 414 17
332 437 3
332 441 7
332 446 18
332 456 7
332 466 8
332 469 16
332 490 19
332 554 13
332 576 2
332 583 1
332 587 21
333 346 17
333 389 10
333 397 25
333 424 10
333 480 16
333 519 24
333 522 20
333 523 12
333 526 17
333 536 25
333 557 20
333 561 5
333 568 16
333 584 9
334 342 2
334 347 15
334 370 23
334 379 19
334 401 7
334 408 17
334 436 23
334 441 13
334 451 9
334 496 7
334 497 20
334 559 25
334 560 25
334 563 8
334 568 1
335 409 2
335 455 5
335 484 20
335 490 11
335 496 5
335 506 6
335 516 3
335 519 5
335 582 25
335 594 15
335 598 21
336 373 2
336 417 11
336 430 3
336 444 19
336 450 22
336 463 4
336 492 8
336 496 19
336 553 22
336 569 14
336 572 10
336 583 21
336 587 2
337 339 19
337 367 2
337 403 23
337 437 20
337 474 4
337 487 7
337 515 22
337 550 5
337 551 14
337 570 18
338 356 18
338 373 18
338 413 23
338 435 22
338 437 22
338 505 23
338 513 11
338 519 19
338 525 1
338 527 24
338 545 21
338 566 19
338 578 20
338 584 1
338 594 4
338 595 15
338 596 22
339 354 17
339 368 25
339 386 18
339 402 20
339 410 20
339 426 21
339 465 20
339 483 16
339 485 24
339 487 1
339 581 12
339 596 4
340 341 14
340 358 5
340 370 23
340 380 8
340 405 4
340 427 19
340 474 6
340 500 1
340 551 7
340 556 2
340 575 1
340 597 5
341 354 24
341 360 22
341 363 1
341 408 25
341 430 25
341 440 15
341 443 23
341 454 18
341 462 16
341 467 15
341 483 13
341 530 12
341 533 13
341 581 9
341 585 2
342 347 11
342 384 9
342 399 16
342 418 16
342 423 25
342 444 22
342 471 13
342 502 9
342 537 25
342 548 7
342 563 15
342 573 3
342 594 13
342 597 18
343 358 5
343 393 17
343 395 16
343 413 1
343 423 19
343 434 15
343 451 2
343 453 8
343 454 13
343 487 20
343 510 1
343 516 4
343 528 9
343 536 12
343 578 16
343 586 17
343 599 14
344 354 2
344 358 25
344 360 6
344 392 17
344 394 1
344 405 2
344 415 7
344 442 10
344 452 3
344 457 13
344 465 1
344 472 5
344 481 25
344 493 18
344 534 12
344 539 18
344 559 8
344 565 12
344 584 11
344 594 25
345 373 14
345 383 20
345 421 12
345 432 10
345 449 20
345 469 17
345 483 18
345 499 9
345 504 8
345 514 9
345 526 24
345 527 11
345 529 10
345 535 4
345 540 4
345 543 11
345 556 7
345 558 10
345 567 22
345 592 11
346 366 24
346 380 22
346 409 18
346 446 25
346 460 16
346 510 4
346 531 17
346 532 23
346 557 17
346 558 4
346 570 24
347 348 7
347 360 1
347 363 10
347 394 16
347 404 22
347 460 2
347 490 8
347 493 5
347 494 11
347 495 18
347 513 3
347 515 23
347 542 3
347 571 8
347 577 3
347 593 15
348 376 16
348 438 15
348 448 11
348 456 2
348 462 13
348 482 9
348 540 19
348 557 13
348 596 1
349 352 22
349 354 6
349 359 25
349 382 13
349 399 10
349 400 24
349 417 20
349 473 12
349 480 8
349 489 10
349 510 8
349 537 11
349 577 20
349 592 15
349 598 23
350 366 12
350 373 17
350 399 22
350 403 16
350 425 2
350 458 25
350 483 5
350 496 17
350 501 14
350 519 17
350 546 18
350 558 3
351 358 2
351 366 13
351 373 15
351 377 2
351 383 9
351 385 21
351 405 2
351 456 24
351 487 7
351 520 25
351 524 18
351 595 18
352 358 9
352 376 4
352 437 2
352 446 22
352 505 25
352 524 16
352 533 21
352 554 12
352 594 10
353 410 18
353 454 2
353 510 11
353 515 19
353 528 7
354 415 2
354 425 7
354 438 25
354 466 22
354 469 9
354 499 2
354 537 9
355 365 1
355 402 3
355 409 20
355 437 23
355 463 6
355 477 18
355 478 6
355 492 5
355 509 12
355 532 23
355 556 16
355 557 17
355 577 1
355 587 12
356 366 17
356 376 17
356 379 9
356 408 3
356 411 1
356 414 1
356 447 6
356 452 11
356 467 19
356 472 14
356 484 14
356 519 2
356 523 14
356 535 12
356 537 13
356 542 17
356 549 21
356 561 13
356 568 19
356 591 17
356 599 12
357 392 2
357 398 11
357 415 17
357 436 8
357 447 22
357 457 16
357 473 23
357 478 13
357 510 16
357 549 11
357 580 4
357 588 7
358 378 20
358 442 8
358 454 7
358 486 22
358 507 14
358 512 19
358 521 18
358 544 2
358 547 8
358 548 19
358 553 17
358 560 21
358 579 6
358 590 8
359 368 16
359 374 20
359 387 4
359 393 9
359 427 8
359 440 5
359 451 19
359 464 24
359 483 12
359 510 15
359 514 14
359 521 12
359 538 5
359 586 7
360 368 24
360 377 8
360 400 13
360 426 20
360 427 16
360 433 22
360 438 17
360 448 6
360 556 15
360 576 9
360 588 7
361 393 24
361 432 4
361 435 24
361 464 20
361 475 12
361 505 8
361 515 12
361 593 8
361 598 11
362 371 21
362 390 16
362 393 15
362 440 16
362 447 16
362 448 4
362 455 6
362 526 7
362 599 15
363 388 12
363 399 13
363 402 15
363 408 19
363 423 25
363 432 10
363 441 11
363 467 21
363 483 1
363 511 18
363 531 13
363 541 11
363 555 25
363 561 11
363 584 14
364 386 25
364 412 5
364 502 2
364 517 7
364 559 19
364 574 10
365 373 20
365 384 14
365 402 2
365 431 9
365 443 4
365 449 17
365 450 14
365 494 11
365 504 23
365 507 5
365 512 24
365 527 10
365 541 20
365 574 20
366 373 12
366 376 4
366 382 5
366 385 7
366 389 4
366 407 23
366 452 21
366 478 16
366 498 24
366 507 7
366 554 6
366 556 25
367 403 13
367 421 8
367 469 8
367 478 6
367 481 17
367 512 2
367 520 21
367 530 20
367 541 11
367 563 2
367 564 11
367 576 1
368 374 14
368 394 9
368 417 6
368 477 13
368 491 20
368 501 25
368 508 7
368 515 6
368 526 5
368 533 11
368 537 15
368 542 10
368 599 10
369 383 10
369 390 25
369 399 10
369 401 16
369 417 5
369 428 9
369 432 6
369 437 12
369 445 17
369 517 11
369 521 5
369 524 18
369 531 9
369 554 24
369 589 5
369 595 10
370 373 10
370 386 8
370 415 23
370 419 20
370 458 13
370 504 10
370 505 14
370 530 14
370 563 16
370 590 22
371 375 18
371 426 4
371 436 11
371 450 2
371 465 15
371 468 20
371 510 3
371 525 25
371 536 13
371 548 7
371 552 10
371 554 18
371 563 21
372 387 3
372 407 5
372 416 25
372 445 23
372 453 13
372 524 1
372 525 2
373 389 22
373 404 12
373 408 9
373 453 22
373 493 8
373 548 23
373 589 6
374 397 23
374 412 13
374 461 24
374 473 19
374 494 5
374 502 4
374 504 4
374 561 8
374 572 20
374 575 1
375 383 10
375 400 21
375 458 13
375 482 19
375 510 6
375 516 5
375 533 14
375 535 10
375 548 11
376 382 15
376 422 7
376 457 24
376 468 17
376 471 11
376 483 22
376 490 3
376 505 19
376 535 18
376 550 12
377 385 19
377 403 1
377 416 10
377 417 6
377 444 1
377 494 3
377 495 13
377 507 4
377 558 9
377 584 22
378 400 25
378 413 9
378 434 9
378 442 21
378 460 21
378 474 4
378 503 3
378 528 2
378 543 17
378 544 12
378 556 12
378 561 8
378 562 19
378 575 12
379 385 25
379 397 4
379 446 9
379 448 4
379 455 24
379 469 1
379 477 16
379 478 19
379 481 3
379 484 25
379 501 2
379 551 3
380 427 4
380 457 14
380 463 8
380 486 12
380 529 12
380 577 8
381 402 22
381 492 22
381 501 3
381 529 17
381 535 25
381 537 7
381 566 20
381 567 16
381 575 18
382 388 7
382 398 1
382 433 13
382 509 20
382 531 2
382 555 16
382 572 3
383 398 5
383 516 17
383 527 6
383 537 22
383 573 10
384 526 8
384 585 23
385 393 11
385 411 13
385 434 4
385 445 1
385 468 20
385 471 15
385 526 13
385 567 4
385 589 14
386 422 9
386 426 6
386 427 5
386 440 11
386 460 14
386 468 25
386 489 1
386 514 7
386 522 8
386 529 3
386 559 19
386 575 2
386 592 4
387 430 12
387 433 7
387 445 11
387 465 5
387 469 12
387 470 9
387 476 14
387 540 21
388 389 9
388 407 2
388 420 8
388 432 12
388 445 2
388 473 5
388 535 3
388 539 16
388 540 8
388 572 16
388 579 2
388 581 16
388 593 23
389 390 12
389 398 4
389 429 24
389 455 14
389 459 12
389 469 6
389 471 17
389 508 8
389 511 9
389 514 22
389 549 19
389 560 17
389 569 9
389 570 23
389 586 3
390 408 20
390 410 13
390 416 1
390 429 3
390 483 14
390 512 8
390 547 14
390 549 18
390 555 14
390 573 16
390 575 10
390 585 22
390 589 9
390 598 11
391 393 12
391 415 6
391 424 24
391 453 17
391 480 4
391 495 13
391 496 4
391 500 11
391 543 6
391 578 11
391 579 21
392 405 4
392 410 6
392 413 13
392 420 13
392 422 5
392 489 17
392 494 7
392 502 17
392 511 17
392 519 11
392 527 8
392 558 2
392 573 24
392 576 2
392 577 15
392 579 16
392 596 11
393 394 13
393 398 24
393 433 22
393 448 1
393 474 4
393 487 20
393 488 18
393 498 9
393 511 9
393 538 23
393 564 19
393 597 16
394 448 8
394 514 15
394 538 20
394 556 15
394 599 4
395 407 9
395 410 19
395 412 20
395 427 17
395 433 12
395 442 12
395 449 2
395 482 19
395 489 15
395 513 25
395 539 22
395 562 4
395 598 17
396 400 8
396 447 19
396 457 18
396 463 4
396 498 19
396 507 23
396 575 25
396 588 11
396 589 7
397 403 11
397 413 8
397 452 2
397 469 1
397 497 17
397 500 16
397 505 20
397 514 6
397 525 19
397 530 3
397 534 1
397 567 16
397 576 21
397 596 13
398 401 4
398 412 22
398 454 8
398 460 18
398 486 23
398 520 5
398 522 23
398 529 15
398 550 12
398 556 16
398 558 9
399 405 17
399 410 10
399 414 6
399 436 18
399 442 22
399 522 12
399 537 3
399 541 7
399 554 14
400 405 4
400 406 23
400 416 6
400 425 25
400 427 6
400 460 2
400 467 5
400 475 6
400 519 17
400 540 25
400 549 20
400 572 20
400 580 24
400 586 5
401 402 12
401 442 21
401 471 9
401 483 11
401 492 12
401 494 22
401 529 2
401 556 20
401 570 15
401 580 13
401 583 1
401 587 7
401 588 9
402 403 14
402 404 12
402 437 17
402 438 2
402 444 17
402 465 15
402 486 10
402 507 16
402 513 22
402 528 11
402 537 20
402 555 4
402 563 4
402 570 22
402 575 24
402 584 23
402 593 20
403 411 3
403 415 11
403 421 17
403 434 13
403 437 23
403 443 6
403 460 9
403 481 24
403 514 25
403 522 25
403 585 13
404 424 2
404 444 6
404 446 24
404 466 16
404 476 19
404 483 15
404 538 19
404 550 10
404 556 6
405 407 5
405 418 3
405 420 2
405 446 15
405 457 22
405 572 8
406 410 18
406 424 20
406 426 6
406 436 17
406 443 14
406 493 10
406 513 4
406 516 8
406 523 24
406 532 2
406 540 13
406 574 7
406 575 2
407 461 14
407 504 8
407 509 15
407 537 16
407 543 15
407 546 13
407 571 8
407 580 9
407 590 2
408 413 3
408 442 18
408 444 10
408 452 8
408 459 20
408 468 11
408 475 24
408 477 19
408 507 20
408 534 19
408 538 13
408 556 25
408 560 12
408 564 4
408 593 11
409 421 16
409 429 13
409 439 9
409 461 19
409 465 25
409 480 17
409 492 20
409 504 13
409 507 24
409 598 11
410 411 5
410 470 14
410 471 25
410 474 14
410 506 22
410 533 4
410 557 17
410 562 16
410 576 13
410 585 1
410 589 13
411 429 25
411 497 1
411 505 6
411 510 20
411 517 19
411 527 20
411 573 21
411 575 6
411 586 25
411 591 7
412 431 23
412 472 12
412 477 17
412 496 16
412 532 13
412 545 11
412 550 10
412 584 3
413 445 9
413 470 23
413 512 7
413 524 24
413 559 22
413 590 21
414 450 22
414 453 25
414 465 14
414 486 15
414 504 12
414 541 16
414 546 2
414 578 12
415 437 16
415 461 9
415 497 8
415 500 12
415 511 5
415 516 3
415 524 17
415 545 5
415 555 11
415 567 14
416 421 18
416 422 3
416 504 4
416 519 8
416 543 13
416 544 15
416 552 10
416 567 23
416 599 14
417 423 16
417 445 22
417 494 11
417 495 13
417 509 20
417 511 10
417 519 3
417 539 9
417 570 24
418 491 20
418 536 10
418 563 12
418 570 13
418 584 20
418 590 19
419 445 24
419 446 25
419 491 21
419 492 15
419 511 6
419 521 7
419 543 5
419 565 23
420 461 11
420 467 10
420 481 5
420 529 23
420 534 1
420 571 16
420 577 20
420 590 15
420 595 9
421 423 18
421 437 25
421 447 23
421 453 15
421 469 11
421 534 1
421 536 23
421 591 9
422 432 22
422 433 10
422 451 20
422 475 9
422 476 4
422 481 15
422 534 9
422 564 5
423 427 11
423 432 23
423 444 10
423 462 19
423 471 4
423 485 8
423 524 4
423 529 13
423 543 14
423 544 1
423 560 16
423 580 5
424 426 22
424 447 5
424 454 15
424 467 17
424 470 6
424 538 12
424 567 6
424 573 16
425 491 12
425 513 5
425 552 2
425 556 11
425 566 14
425 579 23
425 591 21
426 454 20
426 461 13
426 490 5
426 505 24
426 510 23
426 530 4
426 537 9
426 540 16
426 553 8
426 555 18
426 590 19
427 448 22
427 463 8
427 465 21
427 472 12
427 496 14
427 542 17
427 543 16
427 569 3
427 595 10
428 502 21
428 522 15
429 477 15
429 483 14
429 485 3
429 487 22
429 506 15
429 512 13
429 514 12
429 519 12
429 529 9
429 586 6
430 476 24
430 486 15
430 487 7
430 503 23
430 558 18
430 566 15
430 591 13
430 593 25
431 433 9
431 443 8
431 450 24
431 464 18
431 471 3
431 480 10
431 486 7
431 487 22
431 511 3
431 530 11
431 568 8
432 437 25
432 485 25
432 488 25
432 507 13
432 523 5
432 537 21
432 598 4
433 446 19
433 498 7
433 502 16
433 526 4
433 547 13
433 548 16
433 565 18
433 571 21
433 572 14
433 582 11
433 586 12
434 447 3
434 476 10
434 523 20
434 534 13
434 564 10
434 585 12
434 594 17
435 448 20
435 456 20
435 457 13
435 472 24
435 483 6
435 484 23
435 498 23
435 507 5
435 522 22
435 598 11
436 458 9
436 464 17
436 491 14
436 532 5
436 551 25
436 559 6
436 573 8
436 579 12
436 584 24
437 452 1
437 459 9
437 465 12
437 483 11
437 510 20
437 528 16
437 537 22
437 560 14
437 569 3
437 583 7
437 591 3
438 471 20
438 474 3
438 478 22
438 518 9
438 542 1
438 562 4
438 592 6
439 471 23
439 477 11
439 481 4
439 483 10
439 484 21
439 493 20
439 521 1
439 523 25
439 526 20
439 531 6
439 585 8
439 596 8
440 457 4
440 473 8
440 492 17
440 501 17
440 527 18
440 531 13
440 538 8
440 541 16
440 572 4
440 577 12
440 582 22
441 445 6
441 451 8
441 457 1
441 467 4
441 468 17
441 494 1
441 496 8
441 563 24
441 570 24
441 593 20
442 457 3
442 469 10
442 472 15
442 473 24
442 505 10
442 528 15
442 538 20
442 564 18
443 457 22
443 544 5
443 549 23
443 553 6
443 563 23
443 564 15
443 597 25
444 472 10
444 492 24
444 512 15
444 530 13
444 566 12
445 446 14
445 456 20
445 479 20
445 497 14
445 543 1
445 561 13
445 588 15
446 475 10
446 481 13
446 488 15
446 517 4
446 524 17
446 526 24
447 453 18
447 487 16
447 493 11
447 502 9
447 509 12
447 510 3
447 545 5
447 573 18
447 582 25
448 453 10
448 456 15
448 488 16
448 504 11
448 517 2
448 528 16
448 529 1
448 550 16
448 553 5
448 555 14
448 556 11
448 575 24
448 585 4
448 596 11
448 597 13
449 453 18
449 473 22
449 483 25
449 495 9
449 496 25
449 534 17
449 548 8
449 552 19
449 561 9
449 588 18
450 464 3
450 497 22
450 522 22
450 572 7
451 463 15
451 473 23
451 499 19
451 511 4
451 523 16
451 545 4
451 552 7
451 556 6
451 562 6
451 581 23
451 583 10
452 460 21
452 481 8
452 515 10
452 536 25
452 572 20
453 478 22
453 482 19
453 485 16
453 547 24
453 555 3
453 560 17
453 571 17
453 575 12
454 461 10
454 514 25
454 568 6
455 497 12
455 506 21
455 509 2
455 527 21
455 528 10
455 583 24
455 592 16
456 464 16
456 491 14
456 500 21
456 517 22
456 519 22
456 530 2
456 532 19
456 571 8
456 574 22
457 546 3
457 577 20
458 508 23
458 530 24
458 549 18
458 582 17
459 462 16
459 476 16
459 510 19
459 512 7
459 540 7
459 570 7
460 503 17
460 533 8
460 559 12
460 560 5
460 562 4
460 589 13
461 464 25
461 480 15
461 481 13
461 489 17
461 492 5
461 531 4
461 546 13
461 566 4
461 590 2
461 598 16
462 501 24
462 522 11
462 523 14
462 528 4
462 578 5
463 475 12
463 476 2
463 500 23
463 504 3
463 510 18
463 525 15
463 532 23
463 564 1
464 471 24
464 489 4
464 512 17
464 585 6
464 598 15
465 481 24
465 499 11
465 508 4
465 572 23
465 587 3
466 476 18
466 496 15
466 504 9
466 524 23
466 530 4
466 596 12
467 469 24
467 471 19
467 488 13
467 492 10
467 494 7
467 521 16
467 558 14
467 559 18
467 571 17
468 477 13
468 482 22
468 483 11
468 525 5
468 540 19
468 576 12
469 556 3
469 560 24
469 571 5
470 481 10
470 488 15
470 492 3
470 542 21
470 552 20
470 575 3
470 596 23
471 483 13
471 492 19
471 522 6
471 528 10
471 554 22
471 568 20
471 599 11
472 494 15
472 503 7
472 535 20
472 547 21
472 570 22
472 596 10
473 490 16
473 491 15
473 492 25
473 517 12
473 524 3
474 549 4
474 573 8
474 587 14
474 591 8
474 594 8
475 478 20
475 481 17
475 507 23
475 522 25
475 576 14
475 585 17
475 593 4
475 596 11
476 480 6
476 506 22
476 568 19
476 582 16
476 591 18
477 486 15
477 577 3
477 580 9
477 589 21
477 590 22
478 524 6
478 528 19
478 545 8
478 551 23
478 556 8
479 481 9
479 504 10
479 525 10
479 554 12
479 560 19
479 587 25
480 490 19
480 502 3
480 540 22
480 544 13
480 563 2
480 564 21
480 583 1
480 589 19
480 590 24
481 483 14
481 491 1
481 516 22
481 520 7
481 573 18
481 575 16
482 485 23
482 492 20
482 510 24
482 550 18
482 552 18
483 499 4
483 529 13
483 579 1
483 593 2
484 507 22
484 519 9
484 520 13
484 533 7
484 536 23
484 539 8
484 577 8
484 594 18
485 525 12
485 533 4
485 534 5
485 539 14
485 540 1
485 579 6
485 584 9
485 597 1
486 511 19
486 522 9
486 524 22
486 533 2
486 557 2
486 597 12
487 526 24
487 545 21
487 573 12
487 574 18
487 584 14
487 595 18
487 597 5
488 504 16
488 532 21
488 536 1
488 553 1
489 492 10
489 494 9
489 553 23
489 554 19
489 558 19
489 571 18
489 581 5
490 493 24
490 497 22
490 542 20
490 545 25
490 546 4
490 564 3
490 595 2
491 515 24
491 526 12
491 557 24
491 593 2
492 506 15
492 507 12
492 512 2
492 530 12
492 576 1
492 594 21
493 518 2
493 523 18
493 532 25
493 541 17
493 563 15
493 579 3
493 591 20
494 510 24
494 525 13
494 548 19
494 574 17
494 586 6
495 509 11
495 553 23
495 554 5
495 577 10
495 582 18
495 596 6
496 508 15
496 534 20
496 550 7
496 577 14
497 510 8
497 515 7
497 580 17
497 585 24
497 589 21
498 504 19
498 526 13
498 546 21
498 556 14
498 582 14
498 592 15
499 502 16
499 521 8
499 563 4
499 567 20
499 581 2
499 589 4
500 512 7
500 517 20
500 518 22
500 563 15
500 572 6
500 591 19
501 507 19
501 592 15
502 514 13
502 544 24
502 564 4
502 570 10
502 592 7
503 568 19
503 575 19
503 593 14
503 594 13
504 508 18
504 561 9
504 598 6
505 509 5
505 527 6
505 547 21
505 565 20
505 580 22
505 599 11
506 520 2
506 522 2
506 542 7
506 543 3
506 576 5
506 596 14
506 598 25
507 517 3
507 521 3
507 529 5
507 530 21
507 552 23
507 558 21
507 585 11
508 530 23
508 552 1
508 556 20
508 559 4
509 519 22
509 531 15
509 583 17
510 520 9
510 526 7
510 554 2
511 558 16
511 588 13
512 520 9
512 525 11
512 536 10
513 542 5
513 553 24
513 556 11
513 577 6
513 579 5
514 575 16
515 535 12
515 537 20
515 545 15
515 554 14
515 574 24
515 580 21
515 586 12
516 517 21
516 518 18
516 566 22
517 561 18
517 590 20
517 594 18
518 543 22
518 544 16
519 548 7
519 567 15
519 576 1
520 525 16
522 534 19
522 536 16
522 543 5
522 556 2
522 574 4
523 537 14
523 552 9
523 561 4
523 586 2
524 578 16
525 558 10
525 565 17
525 582 5
525 593 5
526 596 8
526 599 18
527 552 3
527 568 3
527 577 6
528 533 24
528 534 20
528 552 4
528 559 18
528 577 16
528 585 21
528 595 14
529 533 7
529 534 5
529 554 6
529 586 7
529 589 22
530 549 24
530 553 25
530 580 3
530 595 2
530 598 3
531 579 17
532 552 12
532 554 6
533 539 20
533 541 3
533 546 15
533 551 11
534 535 9
534 537 21
534 547 20
534 548 1
534 585 24
534 594 22
535 540 9
535 547 24
535 557 18
535 559 12
535 561 16
536 545 8
536 547 10
536 589 7
536 591 16
537 556 14
537 562 12
537 573 25
537 594 12
538 571 12
538 578 24
538 594 14
538 596 13
539 551 3
539 578 7
539 580 25
540 545 10
540 554 1
540 575 4
541 569 1
542 552 13
542 559 12
542 568 22
542 572 7
543 554 14
544 555 22
544 577 5
544 579 22
545 550 22
545 555 24
545 580 9
546 584 14
547 556 9
547 579 20
548 549 22
548 556 1
548 566 8
548 574 8
549 554 25
549 577 21
549 588 19
549 594 25
550 557 9
550 564 9
550 584 4
551 556 18
551 572 8
551 578 13
552 565 18
552 588 13
552 592 16
554 583 8
554 590 24
554 597 12
555 586 16
555 591 12
556 565 10
557 599 23
559 562 11
559 568 8
559 573 23
560 566 21
560 590 21
560 596 6
562 574 15
564 571 20
564 582 9
564 586 24
565 581 2
565 599 8
566 585 19
566 590 23
566 591 10
566 595 4
566 597 6
569 572 13
569 580 21
569 592 15
571 577 1
571 584 16
573 577 2
573 580 16
574 584 23
576 584 2
577 585 4
577 586 15
578 582 13
579 594 15
582 597 12
585 590 25
585 594 24
585 596 10
587 597 20
588 591 21
592 593 17
600 299 3
601 599 16
600 601 19
