904 6735
11 99 8 92 99 74 11 45 83 26 50 60 75 24 50 38 51 6 93 43 94 71 66 74 78 53 82 3 22 55 97 84 53 4 75 4 29 37 48 11 15 50 22 89 25 23 78 28 28 70 22 74 93 88 47 70 92 80 72 13 34 21 48 39 24 75 42 53 11 41 15 77 42 37 66 67 59 95 94 39 65 67 12 9 54 10 78 46 90 1 10 75 21 58 13 45 84 54 49 94 47 63 71 88 51 88 54 62 82 99 100 98 66 63 6 71 24 35 68 13 36 30 88 8 39 100 4 22 6 52 15 52 67 37 91 17 24 45 78 58 95 29 55 12 91 13 35 15 47 2 79 82 31 18 42 69 70 45 90 75 97 57 78 63 93 68 31 69 64 9 26 11 89 32 22 80 44 8 46 91 10 76 24 92 94 65 61 15 10 2 89 58 58 18 72 3 85 2 71 49 62 48 11 51 79 84 82 23 92 27 13 1 54 88 44 99 53 4 13 14 58 53 71 67 70 94 69 7 95 91 7 57 38 17 7 69 100 88 91 43 66 55 43 71 94 87 70 46 42 34 11 51 39 81 18 8 74 38 66 21 29 72 77 18 40 35 86 40 74 28 82 91 34 77 61 28 15 82 25 8 68 36 59 6 68 76 65 94 13 31 14 93 2 42 63 42 76 100 33 1 59 10 54 47 92 48 75 56 45 18 66 92 56 1 74 98 17 82 46 3 41 33 89 45 84 12 18 3 26 43 28 36 4 81 83 96 80 9 3 24 27 68 68 82 21 41 31 89 74 28 91 66 13 79 10 96 42 28 50 19 22 77 55 25 9 89 72 41 97 26 64 75 94 31 8 66 23 90 54 96 70 96 62 82 26 23 77 67 2 79 38 75 55 44 100 16 84 23 56 32 49 71 7 94 54 66 59 76 8 64 24 77 59 37 58 84 59 86 2 13 64 91 87 71 34 38 38 69 13 93 1 13 15 59 6 68 24 16 44 31 31 19 7 89 55 16 72 65 54 25 29 69 16 16 39 1 5 28 70 17 72 70 81 87 28 38 54 3 53 49 86 35 67 44 23 73 60 46 38 65 71 66 33 86 33 24 38 90 51 7 58 23 28 39 9 7 76 62 62 81 11 47 15 29 90 38 2 1 35 91 65 5 8 98 42 93 73 80 82 23 38 39 45 18 77 5 24 5 19 85 85 81 31 99 9 73 88 62 73 75 52 90 31 60 87 73 52 11 4 85 33 93 23 30 10 52 86 34 56 4 70 92 84 53 90 45 25 30 6 49 56 10 38 86 69 76 10 72 86 13 56 71 58 30 100 67 81 37 52 36 41 74 27 76 26 69 20 2 50 78 84 87 43 87 63 28 61 97 69 95 100 23 23 69 57 47 66 92 82 24 98 10 37 62 14 65 79 49 34 11 28 72 80 70 58 42 50 70 90 18 65 89 40 39 9 96 37 75 39 18 98 37 28 86 98 93 2 29 41 35 91 69 59 70 90 68 11 39 38 53 57 54 93 96 92 2 44 29 76 82 98 25 18 25 62 68 17 64 48 10 98 38 78 56 8 67 24 70 6 13 22 14 66 67 61 9 68 4 89 95 86 87 71 55 63 32 74 80 95 21 89 45 59 18 52 66 36 27 87 93 39 61 6 56 27 67 17 94 22 5 40 59 43 10 14 6 41 39 85 88 60 25 84 18 94 35 35 29 62 21 22 52 33 79 60 59 97 76 4 19 32 43 77 75 52 42 80 45 33 16 84 92 40 67 61 33 1 47 13 14 19 86 18 52 17 29 10 13 4 14 83 87 56 12 61 60 5 40 56 37 55 39 28 46 5 40 30 57 86 95 23 57 80 92 8 96 20 17 61 75 82 43 61 90 54 22 1 59 13 56 95 20 46 75 65 2 14 47 58 52 41 32 8 72 23 15 68 42 83 80 68 17 22 29 6 76 50 6 34 14 13 80 33 58 54 50 59 20 96 68 71 88 100 78 59 74 44 78 68 26 57 35 94 79 63 99 54 64 56 39 78 20 36 87
0 19 28
0 32 16
0 46 41
0 47 13
0 53 44
0 68 3
0 80 40
0 121 8
0 153 35
0 188 17
0 204 18
0 215 2
0 239 2
0 267 26
0 287 7
0 292 19
1 21 3
1 34 21
1 67 12
1 71 17
1 72 3
1 103 25
1 115 10
1 150 5
1 152 18
1 167 22
1 185 48
1 227 45
1 235 23
1 271 32
2 30 45
2 33 50
2 78 47
2 86 37
2 95 15
2 103 41
2 117 40
2 161 6
2 169 50
2 182 24
2 186 22
2 188 19
2 194 27
2 238 23
2 264 44
2 272 33
2 280 44
2 299 48
3 6 5
3 8 5
3 22 15
3 47 8
3 64 32
3 77 26
3 118 14
3 127 49
3 145 49
3 213 13
3 227 44
3 241 21
3 258 44
3 272 40
3 284 23
4 6 42
4 33 27
4 57 37
4 62 34
4 69 16
4 72 42
4 79 36
4 90 41
4 93 14
4 106 4
4 118 17
4 137 38
4 159 50
4 163 49
4 175 31
4 199 47
4 215 5
4 245 38
4 255 13
5 6 14
5 15 19
5 27 40
5 77 27
5 110 19
5 135 40
5 137 39
5 180 14
5 198 11
5 230 34
5 241 4
5 269 35
6 35 26
6 88 32
6 107 23
6 118 11
6 126 47
6 143 16
6 157 46
6 205 37
6 214 31
6 227 50
6 271 5
6 288 19
7 16 49
7 69 5
7 77 1
7 92 45
7 105 9
7 112 38
7 124 10
7 129 23
7 156 8
7 173 49
7 233 1
7 254 29
7 257 39
7 299 42
8 12 42
8 46 1
8 57 25
8 116 47
8 121 35
8 188 2
8 189 28
8 208 9
8 251 13
8 259 26
8 268 24
8 292 8
9 47 14
9 51 5
9 106 7
9 108 18
9 163 23
9 164 7
9 181 22
9 202 25
9 204 4
9 224 33
9 228 13
9 259 13
9 267 7
9 277 22
9 283 11
9 289 7
10 14 50
10 29 1
10 36 48
10 70 42
10 75 1
10 94 25
10 114 40
10 117 37
10 189 28
10 210 18
10 211 45
10 216 40
10 219 45
10 230 21
10 236 50
10 286 9
10 292 25
11 17 6
11 84 26
11 131 49
11 150 15
11 155 50
11 157 23
11 165 18
11 167 32
11 185 35
11 191 30
11 229 38
11 251 9
11 267 42
11 280 46
12 72 8
12 94 43
12 111 46
12 118 49
12 129 45
12 132 22
12 149 41
12 156 32
12 160 49
12 225 8
12 252 28
13 29 39
13 84 2
13 89 48
13 95 38
13 110 12
13 171 24
13 174 45
13 187 40
13 191 22
13 196 11
13 209 39
13 211 45
13 213 28
13 234 22
13 253 31
13 265 7
13 267 11
13 278 39
13 290 49
14 15 6
14 159 49
14 189 43
14 191 3
14 200 49
14 202 37
14 228 24
14 231 39
14 240 20
14 246 23
14 290 46
15 45 50
15 71 13
15 73 50
15 76 49
15 119 2
15 147 13
15 153 23
15 160 48
15 209 2
15 232 46
15 236 9
15 250 42
15 261 40
15 265 36
16 39 15
16 56 23
16 60 45
16 65 25
16 67 13
16 88 43
16 96 33
16 115 11
16 132 37
16 196 35
16 241 10
16 273 25
17 26 9
17 56 50
17 129 45
17 138 31
17 166 48
17 182 46
17 192 43
17 227 47
17 241 44
17 242 46
17 252 9
17 268 18
18 22 43
18 36 13
18 56 14
18 60 1
18 68 4
18 73 5
18 78 37
18 99 21
18 113 29
18 207 31
18 210 45
18 217 42
18 223 25
18 233 27
18 281 4
18 298 11
19 22 14
19 24 15
19 31 37
19 78 22
19 79 15
19 83 31
19 84 4
19 95 12
19 129 26
19 141 48
19 155 10
19 173 22
19 183 43
19 218 20
19 220 39
19 253 35
20 40 32
20 47 4
20 63 36
20 65 38
20 91 9
20 97 24
20 119 8
20 133 37
20 139 6
20 145 4
20 179 30
20 206 30
20 237 33
20 247 34
20 270 42
21 68 46
21 77 50
21 108 28
21 112 19
21 140 16
21 158 11
21 166 24
21 179 27
21 181 38
21 186 21
21 191 38
21 209 9
21 257 15
22 38 8
22 75 50
22 79 1
22 114 41
22 138 5
22 149 38
22 251 30
22 287 13
23 39 11
23 55 39
23 120 2
23 133 16
23 202 43
23 214 33
23 230 47
23 233 27
23 265 18
23 282 38
23 295 22
24 63 18
24 73 18
24 84 42
24 172 33
24 183 30
24 190 15
24 195 12
24 206 17
24 209 37
24 211 49
24 227 28
24 233 1
24 254 8
24 271 29
24 276 3
25 64 49
25 98 33
25 175 41
25 210 28
25 211 48
25 217 3
25 258 19
25 268 1
26 72 19
26 95 11
26 99 33
26 101 17
26 107 37
26 112 1
26 152 7
26 167 10
26 171 18
26 191 24
26 234 3
26 242 2
26 246 3
26 270 17
27 35 13
27 55 21
27 74 5
27 88 14
27 118 48
27 163 5
27 200 21
27 206 26
27 217 9
27 231 19
27 266 11
27 289 49
28 50 49
28 114 8
28 121 2
28 171 17
28 178 8
28 206 22
28 221 29
28 252 42
28 279 38
28 283 17
29 34 42
29 38 46
29 47 26
29 53 11
29 62 19
29 69 30
29 82 13
29 140 23
29 146 46
29 162 27
29 197 44
29 234 50
29 248 40
29 257 43
29 263 6
29 271 11
29 288 21
29 291 14
30 37 31
30 52 31
30 106 15
30 115 31
30 143 40
30 152 18
30 162 47
30 198 49
30 216 39
30 221 25
30 253 40
30 260 28
30 280 41
30 286 32
31 57 24
31 70 18
31 84 44
31 90 44
31 112 47
31 232 6
31 239 19
31 266 44
31 267 35
31 275 14
31 290 45
32 44 26
32 65 6
32 117 50
32 121 36
32 144 28
32 156 16
32 158 19
32 199 10
32 202 30
32 206 49
32 211 49
32 227 47
32 234 48
32 236 47
32 288 37
32 289 22
33 56 39
33 61 16
33 66 15
33 126 20
33 134 39
33 145 34
33 162 13
33 185 35
33 234 33
33 255 21
33 260 3
33 288 28
34 35 7
34 42 16
34 52 23
34 58 32
34 110 23
34 113 24
34 122 20
34 123 1
34 139 39
34 152 38
34 167 12
34 198 20
34 201 38
34 226 11
34 263 18
35 43 35
35 137 9
35 138 6
35 154 9
35 185 47
35 208 22
35 240 25
35 259 18
36 62 12
36 66 8
36 98 33
36 106 46
36 290 42
36 293 5
37 78 50
37 128 20
37 192 11
37 203 17
37 205 42
37 212 42
37 247 40
37 251 17
37 253 11
37 259 42
37 262 8
38 80 50
38 82 3
38 85 29
38 141 38
38 297 15
39 54 47
39 55 22
39 85 24
39 158 4
39 188 32
39 220 22
39 226 25
39 227 6
39 287 40
39 289 39
40 139 14
40 151 24
40 158 34
40 191 7
40 205 28
40 209 36
40 217 26
40 230 38
40 280 2
40 290 19
41 52 31
41 71 41
41 88 38
41 109 42
41 124 34
41 156 45
41 164 41
41 181 39
41 195 23
41 209 30
41 212 3
41 220 21
41 255 2
41 264 28
42 56 25
42 61 35
42 62 50
42 85 1
42 96 41
42 103 41
42 115 39
42 154 6
42 173 16
42 183 25
42 229 12
42 246 43
42 249 10
42 250 40
42 262 32
42 292 11
43 72 10
43 131 12
43 138 4
43 149 47
43 154 5
43 157 39
43 172 41
43 231 46
43 234 27
43 237 16
43 238 25
43 246 30
43 269 36
43 272 28
44 68 7
44 77 12
44 156 15
44 179 8
44 192 15
44 212 5
44 238 50
44 265 3
44 273 10
44 294 15
45 70 29
45 83 23
45 99 7
45 106 38
45 117 12
45 124 38
45 147 1
45 151 22
45 174 2
45 186 4
45 191 18
45 197 6
45 209 42
45 214 11
45 242 3
45 266 21
45 295 28
46 64 30
46 156 50
46 180 13
46 194 9
46 195 8
46 233 27
46 254 23
46 255 16
46 260 41
46 289 27
46 290 15
46 293 45
47 82 36
47 93 32
47 126 24
47 173 11
47 199 38
47 216 13
47 224 22
47 225 28
47 239 13
47 262 45
47 269 29
48 63 18
48 70 15
48 85 36
48 88 10
48 91 25
48 103 39
48 112 30
48 136 2
48 155 18
48 158 31
48 181 16
48 189 26
48 249 40
48 254 44
48 258 49
48 262 5
48 264 34
48 283 27
48 292 22
49 71 31
49 95 13
49 105 3
49 140 4
49 153 23
49 172 42
49 180 16
49 203 46
49 214 21
49 233 29
49 237 41
49 246 49
49 255 48
49 273 5
50 70 37
50 73 9
50 83 31
50 89 25
50 95 40
50 115 34
50 139 44
50 168 20
50 182 49
50 226 19
51 72 10
51 119 43
51 144 19
51 165 16
51 179 28
51 191 46
51 198 39
51 232 8
51 253 10
51 276 43
51 283 13
52 54 34
52 62 35
52 103 29
52 128 29
52 138 5
52 184 9
52 210 21
52 217 6
52 228 6
52 234 27
52 250 44
52 258 15
52 265 7
52 282 18
52 288 4
52 291 40
53 59 13
53 101 26
53 123 41
53 134 31
53 142 37
53 149 33
53 157 2
53 160 2
53 163 12
53 191 47
53 203 43
53 207 22
53 259 8
53 277 35
53 294 34
54 106 41
54 112 21
54 122 14
54 129 21
54 139 28
54 140 22
54 141 44
54 163 33
54 191 30
54 262 20
54 284 26
55 56 46
55 59 27
55 61 45
55 82 1
55 85 18
55 93 7
55 160 28
55 193 8
55 197 39
55 214 14
55 257 42
55 278 42
55 285 18
55 295 4
56 74 38
56 77 10
56 79 25
56 91 47
56 96 46
56 109 8
56 120 39
56 145 17
56 203 22
56 209 10
56 217 44
56 241 45
56 249 5
56 284 28
56 285 26
56 287 24
56 292 3
57 65 21
57 68 2
57 80 49
57 98 22
57 114 20
57 119 7
57 124 1
57 133 27
57 140 45
57 176 15
57 209 19
57 242 37
57 267 32
57 270 22
58 60 26
58 65 43
58 82 48
58 87 25
58 109 38
58 127 7
58 155 13
58 162 4
58 189 28
58 191 24
58 192 49
58 196 25
58 226 28
58 232 26
58 265 50
58 274 2
58 277 30
58 288 23
59 85 5
59 89 28
59 147 46
59 183 24
59 213 34
59 223 46
59 264 1
59 279 31
59 282 10
60 72 21
60 108 19
60 142 43
60 173 44
60 197 46
60 206 35
60 217 41
60 224 20
60 232 23
60 266 47
60 282 33
60 285 28
60 295 27
61 87 6
61 92 29
61 130 3
61 174 36
61 178 4
61 179 2
61 180 39
61 184 34
61 186 24
61 213 43
61 224 13
61 244 19
61 282 17
61 291 49
62 74 15
62 77 19
62 90 31
62 102 26
62 116 41
62 174 49
62 192 19
62 201 34
62 217 44
62 223 5
62 227 26
62 263 16
63 79 29
63 81 22
63 112 48
63 147 7
63 170 50
63 188 5
63 242 35
63 244 2
63 257 40
63 258 40
63 262 6
63 277 30
64 128 23
64 153 29
64 223 23
64 224 38
64 251 50
64 257 41
64 259 36
64 291 16
64 295 11
64 297 16
65 66 43
65 70 1
65 73 16
65 152 11
65 249 36
66 96 11
66 126 16
66 161 11
66 163 26
66 179 44
66 181 32
66 188 25
66 189 2
66 246 34
66 278 32
67 82 38
67 164 37
67 169 23
67 185 28
67 210 42
67 226 3
67 227 2
67 242 23
67 259 25
67 277 41
67 285 24
67 286 17
67 292 26
67 296 39
68 69 27
68 109 43
68 135 31
68 166 29
68 202 10
68 234 44
68 240 14
68 253 23
68 290 11
69 147 24
69 160 48
69 239 4
69 258 7
69 271 25
69 286 8
69 295 42
69 299 6
70 85 47
70 107 29
70 116 30
70 118 24
70 123 20
70 128 32
70 144 28
70 149 44
70 172 8
70 189 18
70 210 17
70 214 24
70 223 46
70 224 7
70 237 2
70 239 40
70 245 40
70 248 32
70 261 2
70 263 33
70 277 45
70 293 24
71 90 43
71 93 20
71 124 23
71 132 48
71 137 29
71 153 47
71 186 7
71 188 22
71 193 4
71 196 4
71 201 50
71 230 34
71 234 29
71 243 22
71 258 17
71 262 8
71 267 15
71 294 25
71 297 28
72 119 34
72 127 50
72 161 23
72 183 40
72 234 4
72 258 14
72 273 29
72 288 35
72 293 15
72 296 13
73 100 32
73 133 40
73 141 7
73 165 3
73 173 13
73 206 5
73 213 31
73 255 11
73 281 13
74 79 3
74 83 15
74 136 16
74 150 4
74 159 50
74 184 47
74 208 25
74 281 18
75 80 4
75 115 42
75 116 42
75 144 31
75 187 25
75 191 44
75 210 5
75 227 16
75 239 47
75 264 21
75 270 47
75 283 33
75 285 35
76 84 9
76 107 14
76 130 25
76 132 16
76 134 17
76 155 39
76 172 22
76 194 49
76 209 49
76 251 34
76 264 3
76 265 13
77 97 2
77 99 7
77 122 14
77 137 48
77 179 33
77 195 32
77 286 1
77 288 26
78 84 25
78 101 34
78 125 2
78 140 20
78 151 38
78 154 18
78 161 16
78 181 8
78 196 16
78 212 1
78 241 45
78 247 24
78 259 14
78 263 21
78 286 41
78 297 32
79 93 9
79 104 12
79 113 33
79 176 7
79 224 48
79 281 35
79 283 22
80 81 49
80 132 43
80 133 37
80 137 46
80 167 26
80 200 18
80 208 48
80 255 3
80 282 45
81 83 31
81 85 5
81 90 14
81 100 21
81 111 24
81 129 32
81 145 30
81 168 39
81 178 32
81 190 26
81 208 14
81 222 47
81 224 46
81 264 5
81 265 31
81 292 6
82 119 18
82 141 13
82 147 13
82 153 15
82 157 47
82 172 36
82 182 13
82 194 40
82 197 22
82 208 10
82 214 17
82 216 42
82 219 8
82 222 19
82 229 38
82 236 38
82 242 25
82 246 1
82 247 10
82 276 48
83 93 34
83 153 40
83 197 36
83 198 15
83 220 15
83 226 50
83 227 14
83 250 13
83 256 6
83 286 44
84 121 18
84 141 23
84 156 6
84 169 32
84 171 38
84 223 4
84 228 19
84 237 50
84 250 45
84 256 43
84 257 10
84 277 11
84 286 34
85 90 19
85 172 32
85 192 21
85 215 8
85 238 6
85 249 23
85 269 18
85 277 6
85 290 7
86 165 9
86 170 41
86 185 23
86 188 25
86 198 42
86 214 36
86 267 39
87 106 47
87 107 31
87 153 9
87 190 20
87 225 38
87 229 40
88 117 9
88 161 42
88 164 11
88 173 10
88 183 36
88 194 3
88 258 21
88 278 49
89 117 38
89 136 39
89 162 32
89 192 8
89 278 47
89 280 39
90 105 32
90 123 16
90 136 44
90 147 38
90 154 26
90 162 37
90 165 13
90 203 50
90 268 28
90 284 50
91 101 39
91 115 25
91 120 31
91 164 47
91 168 46
91 185 18
91 291 38
91 293 4
92 114 11
92 131 48
92 188 15
92 191 49
92 222 2
92 250 36
92 276 49
92 298 39
93 107 24
93 124 30
93 204 48
93 243 22
93 283 18
93 294 30
94 120 37
94 133 14
94 148 19
94 165 12
94 173 50
94 175 31
94 195 14
94 201 27
94 281 31
94 287 4
95 117 3
95 138 11
95 149 2
95 167 50
95 192 30
95 215 39
95 231 3
95 271 43
96 119 39
96 157 18
96 174 41
96 184 42
96 186 5
96 194 41
96 206 31
96 212 28
96 232 20
97 100 28
97 127 2
97 134 39
97 157 9
97 176 40
97 190 2
97 194 28
97 195 2
97 197 1
97 198 8
97 206 17
97 226 30
97 242 38
97 249 20
97 264 32
97 275 50
98 99 21
98 112 32
98 157 32
98 166 11
98 205 36
98 207 24
98 210 1
99 162 5
99 186 16
99 187 43
99 221 9
99 257 6
99 258 23
99 262 39
99 263 27
100 181 2
100 202 40
100 203 15
100 218 11
100 222 29
100 229 19
100 246 38
100 248 32
100 252 19
100 266 45
100 272 48
101 104 48
101 167 35
101 200 19
101 217 32
101 238 34
101 239 41
101 281 13
101 284 15
101 292 4
101 293 50
101 295 40
101 299 4
102 231 5
102 256 5
102 261 46
102 267 13
102 272 12
102 289 20
103 105 3
103 112 38
103 127 24
103 135 42
103 173 5
103 177 34
103 221 23
103 222 23
103 245 23
103 248 4
103 253 43
103 257 19
103 278 4
104 105 43
104 144 3
104 163 24
104 182 24
104 191 39
104 209 15
104 222 38
104 235 3
104 256 18
104 263 37
104 268 45
104 285 21
104 286 41
105 121 49
105 172 19
105 185 6
105 190 13
105 224 40
105 227 8
105 234 50
105 254 13
106 112 2
106 116 6
106 171 48
106 186 24
106 187 30
106 217 20
106 237 27
106 242 23
106 296 39
107 137 32
107 148 17
107 160 43
107 162 6
107 175 40
107 182 31
107 235 20
107 238 29
107 239 36
107 284 39
107 287 15
107 292 30
108 205 9
108 212 8
108 220 30
108 223 29
108 241 15
108 277 42
108 282 19
108 284 22
109 119 44
109 132 33
109 151 23
109 225 49
109 231 31
109 250 46
109 266 31
109 269 2
109 276 25
109 277 3
110 165 42
110 226 6
110 233 21
110 237 35
110 245 11
110 271 12
110 274 15
110 276 32
110 293 40
111 123 2
111 130 20
111 133 6
111 149 31
111 157 31
111 168 15
111 176 11
111 204 11
111 244 29
111 297 4
112 134 31
112 135 1
112 136 49
112 144 14
112 186 25
112 196 50
112 204 46
112 212 23
112 218 30
112 237 47
113 125 49
113 181 34
113 201 39
113 218 4
113 228 4
113 273 25
113 287 17
113 294 15
114 120 39
114 123 48
114 153 4
114 163 43
114 226 20
114 232 11
114 247 23
114 256 50
114 277 26
114 279 35
114 287 12
115 121 4
115 147 41
115 148 43
115 172 6
115 194 39
115 244 6
115 283 33
116 124 38
116 130 1
116 142 5
116 146 19
116 158 49
116 178 3
116 194 2
116 232 39
116 237 8
116 250 5
116 255 13
117 118 26
117 119 21
117 124 4
117 134 26
117 143 24
117 153 46
117 160 45
117 180 37
117 200 20
117 210 46
117 218 12
117 227 7
117 233 7
118 121 17
118 143 47
118 144 49
118 238 23
118 263 37
118 285 6
118 289 7
119 153 25
119 161 8
119 164 11
119 166 45
119 171 7
119 172 15
119 194 47
119 198 45
119 219 24
119 221 3
119 229 8
119 238 50
119 255 24
119 268 13
119 293 25
120 153 49
120 192 8
120 205 19
120 214 35
120 222 27
120 223 16
120 250 48
120 269 33
120 271 22
120 293 15
121 123 29
121 125 23
121 130 39
121 148 18
121 167 28
121 184 45
121 198 44
121 211 38
121 214 7
121 216 38
121 217 46
121 223 21
121 244 34
121 250 40
121 257 44
121 294 39
122 128 49
122 158 43
122 162 12
122 165 11
122 179 19
122 198 10
122 212 20
122 216 37
122 242 47
122 292 47
123 124 2
123 145 44
123 165 31
123 173 26
123 185 10
123 194 12
123 229 50
123 231 48
123 239 29
123 252 29
123 267 42
123 280 22
124 125 16
124 135 48
124 160 9
124 215 11
124 221 20
124 277 45
124 285 3
125 127 16
125 164 33
125 215 3
125 296 8
126 127 46
126 134 16
126 149 29
126 178 7
126 183 35
126 205 15
126 227 3
126 231 33
126 287 19
126 289 49
127 142 14
127 194 46
127 220 8
127 277 27
128 131 45
128 138 6
128 151 5
128 171 23
128 172 49
128 177 28
128 204 39
128 205 47
128 206 38
128 210 1
128 232 18
128 260 32
128 278 3
129 139 33
129 153 16
129 162 8
129 165 43
129 177 11
129 183 23
129 192 21
129 223 18
129 226 9
129 228 37
129 242 20
129 244 42
129 248 5
129 251 20
129 259 7
130 138 50
130 139 28
130 159 33
130 165 46
130 192 35
130 209 39
130 213 19
130 242 33
130 244 18
130 263 9
130 271 31
130 273 5
130 274 9
131 132 1
131 144 37
131 148 14
131 165 33
131 184 2
131 211 21
131 212 25
131 229 15
131 240 43
131 249 47
131 268 32
131 277 1
132 136 34
132 137 3
132 149 44
132 157 38
132 171 23
132 193 2
132 237 40
132 270 2
132 280 36
133 143 35
133 185 38
133 199 26
133 231 5
133 240 22
134 146 43
134 147 13
134 153 5
134 194 48
134 200 24
134 221 5
134 255 36
134 270 37
135 138 37
135 158 39
135 162 9
135 175 14
135 193 3
135 202 3
135 225 10
135 272 34
135 274 5
135 277 43
135 298 39
136 176 49
136 210 33
136 215 11
136 226 50
136 227 24
136 244 14
136 248 38
136 267 8
137 143 1
137 191 13
137 255 15
137 281 22
138 149 6
138 219 29
138 231 26
138 258 3
138 272 2
138 281 30
138 293 38
139 149 40
139 167 19
139 178 28
139 197 48
139 223 32
139 235 31
139 266 50
140 177 43
140 188 16
140 204 5
140 206 38
140 213 4
140 217 5
140 229 20
140 240 16
140 261 6
140 277 43
140 295 29
141 171 43
141 198 2
141 207 29
141 214 6
141 236 18
141 270 1
141 284 13
142 171 47
142 185 26
142 220 15
142 225 48
142 234 8
142 240 4
142 265 40
142 273 26
143 148 31
143 168 39
143 188 9
143 192 13
143 193 39
143 209 3
143 235 29
143 236 45
143 242 40
143 259 32
143 280 1
143 286 11
144 159 48
144 185 8
144 227 5
144 237 26
144 242 1
144 253 9
144 292 7
145 159 8
145 169 26
145 191 7
145 192 20
145 213 22
145 227 34
145 249 36
145 254 22
145 267 43
145 272 41
145 292 11
145 295 20
145 296 23
145 298 1
146 158 30
146 222 38
146 227 41
146 257 33
147 154 16
147 167 35
147 186 24
147 252 47
147 263 37
147 265 37
147 289 46
148 149 45
148 259 41
149 154 24
149 164 47
149 190 1
149 204 30
149 220 6
149 230 27
149 232 38
149 235 27
149 259 50
149 281 23
150 152 14
150 184 23
150 185 16
150 188 6
150 202 35
150 261 35
150 267 28
150 279 36
150 289 15
151 159 15
151 166 26
151 175 49
151 218 32
151 224 13
151 235 22
151 252 31
151 269 49
152 154 8
152 206 26
152 237 45
152 240 1
152 245 49
152 252 43
152 272 1
153 187 30
153 208 48
153 222 29
153 225 17
153 250 24
153 270 31
154 169 40
154 193 37
154 201 3
154 213 7
154 246 44
154 271 38
154 277 43
154 291 22
155 199 23
155 203 9
155 205 38
155 206 50
155 212 7
155 219 20
155 255 12
155 278 31
155 297 2
156 195 13
156 203 40
156 272 27
156 278 7
157 158 42
157 163 28
157 168 50
157 181 43
157 192 7
157 194 47
157 207 23
157 215 24
157 267 23
157 280 3
157 287 15
158 165 11
158 166 8
158 170 23
158 176 5
158 194 47
158 203 15
159 178 28
159 195 21
159 199 26
159 205 17
159 227 20
159 235 34
159 244 38
160 161 32
160 173 14
160 184 39
160 191 44
160 198 6
160 221 16
160 246 50
160 265 47
161 172 43
161 174 1
161 177 41
161 184 1
161 213 50
161 270 14
162 166 26
162 172 22
162 184 18
162 213 42
162 272 34
163 181 27
163 199 14
163 205 38
163 225 23
163 235 31
163 243 17
163 249 43
163 254 8
164 197 34
164 198 13
164 238 41
164 257 21
164 279 46
165 176 7
165 184 10
165 191 39
165 220 12
165 224 27
165 258 40
165 267 10
166 189 21
166 217 41
166 266 1
167 177 21
167 191 42
167 192 16
167 196 49
167 215 13
167 283 35
167 289 40
167 296 48
168 175 12
168 183 6
168 194 36
168 220 34
168 294 36
169 233 4
169 237 29
169 247 43
169 265 37
170 188 41
170 198 35
170 211 10
170 271 38
170 289 41
170 298 19
171 172 26
171 177 4
171 225 47
171 234 17
171 265 14
172 176 17
172 218 9
172 246 14
172 248 39
172 256 50
172 275 31
172 298 37
173 187 14
173 204 15
173 209 29
173 213 12
173 214 28
173 218 34
173 237 49
173 244 14
173 250 19
173 294 2
174 183 42
174 185 13
174 201 41
174 211 34
174 238 47
174 244 50
174 272 21
174 285 38
175 182 20
175 184 48
175 211 41
175 237 16
175 245 14
175 253 6
175 255 32
175 287 23
175 293 19
176 186 22
176 197 24
176 211 1
176 213 9
176 222 38
176 238 16
176 263 37
176 264 1
177 185 45
177 224 22
177 232 49
177 285 8
177 291 40
178 182 2
178 204 49
178 228 4
178 245 42
179 185 32
179 189 2
179 231 43
179 234 4
179 253 39
179 269 12
179 289 1
180 208 32
180 210 27
180 258 17
180 278 39
180 280 10
180 285 41
180 298 8
181 184 32
181 198 14
181 221 10
181 227 42
182 195 3
182 221 27
182 244 30
182 256 3
182 286 22
182 287 1
183 242 3
183 246 29
183 268 42
184 217 7
184 219 28
184 228 47
184 252 50
184 276 11
184 289 48
185 189 43
185 234 17
185 235 39
185 237 4
185 238 17
185 250 20
185 253 31
185 254 35
185 255 8
185 285 40
185 297 25
186 211 17
186 214 23
186 275 39
187 206 29
187 213 14
187 245 41
187 257 5
187 258 45
187 259 46
187 263 26
187 279 45
187 296 50
188 197 5
188 214 38
188 234 6
188 243 34
188 258 34
188 263 6
188 277 46
188 285 32
189 205 48
189 210 12
189 211 20
189 266 3
189 282 31
189 290 41
189 296 33
190 232 15
190 250 50
190 266 25
190 285 42
191 235 19
191 248 47
191 293 30
191 297 47
192 200 13
192 225 22
192 234 1
192 266 9
193 195 19
193 201 29
193 206 6
193 245 19
193 251 33
193 264 43
193 280 24
194 203 18
194 213 29
194 238 31
194 241 15
194 254 10
194 288 30
195 214 27
195 261 31
195 279 33
195 298 9
196 205 23
196 236 17
196 249 25
196 260 24
196 295 41
196 296 16
197 233 42
197 244 40
197 256 47
197 272 40
197 296 4
198 208 19
198 218 43
198 225 12
198 235 37
198 249 21
199 206 17
199 211 7
199 214 5
199 221 12
200 209 33
200 212 24
200 227 40
200 257 13
200 296 38
201 213 1
201 228 45
201 230 16
201 246 33
201 257 27
201 261 26
201 275 5
201 298 45
202 220 1
202 249 28
202 260 36
202 282 18
202 289 22
203 218 27
203 234 17
203 261 11
203 297 30
204 247 37
205 215 5
205 229 41
205 253 23
205 268 25
205 279 10
205 295 32
206 221 31
206 224 21
206 230 14
206 238 4
206 242 10
207 246 26
207 250 44
207 265 12
207 269 22
207 271 9
209 237 44
209 269 48
210 226 35
210 250 48
210 265 45
210 273 37
211 213 27
211 231 30
211 240 6
211 255 48
211 284 8
211 294 22
211 298 11
212 215 37
212 239 8
212 245 15
212 247 29
212 255 33
212 270 42
212 284 40
213 237 14
213 241 24
213 252 10
213 254 27
213 265 30
213 276 21
213 292 4
214 222 23
214 230 32
214 231 26
214 258 33
214 272 25
215 235 25
215 243 19
215 274 24
215 293 19
216 219 7
216 239 1
216 268 50
216 273 13
216 274 50
216 294 7
218 237 36
218 242 12
218 265 45
218 275 46
218 288 29
218 298 26
220 247 30
220 249 20
220 264 15
221 238 45
221 249 45
221 257 25
221 263 23
221 286 24
222 249 47
222 258 28
222 277 46
222 278 29
222 284 3
222 286 31
222 298 5
223 245 30
223 260 49
223 263 31
223 287 50
224 227 6
224 239 33
224 257 2
225 235 20
225 250 32
225 259 10
225 263 7
225 275 46
225 288 5
225 294 4
225 298 24
226 229 30
226 242 33
226 254 45
226 258 46
226 260 29
226 269 39
226 274 20
226 283 1
227 252 13
227 253 19
227 268 29
227 289 10
228 256 49
228 268 33
228 279 40
228 285 3
229 256 14
230 255 39
231 232 35
231 233 14
231 245 46
231 249 17
231 280 17
231 298 15
232 235 1
232 246 26
233 279 21
234 248 46
234 253 30
234 268 25
235 236 19
235 243 11
235 274 9
235 285 13
236 258 7
236 276 38
237 240 1
237 282 28
237 285 38
238 247 13
238 269 46
238 274 18
239 249 25
239 288 46
239 289 1
240 261 14
240 264 49
240 271 14
241 247 4
241 260 35
241 268 29
242 262 49
242 295 2
243 247 45
243 255 13
243 282 2
243 290 23
243 296 36
244 255 47
247 250 4
247 254 12
247 257 17
247 283 15
248 262 22
248 270 29
248 289 23
248 296 9
251 256 29
251 276 50
251 292 49
252 291 44
252 297 48
253 277 18
253 279 20
254 280 43
254 284 18
254 296 33
255 270 43
256 268 34
256 298 37
257 280 28
258 262 14
258 290 37
259 262 31
259 264 9
259 273 2
259 283 32
259 293 33
260 266 37
260 293 30
262 286 36
262 287 50
263 276 46
263 279 50
263 283 21
263 290 26
264 281 24
264 299 30
265 272 4
265 274 26
266 280 30
268 286 49
268 293 23
269 293 47
270 291 20
271 286 17
271 296 17
274 297 3
275 279 12
275 294 50
278 279 41
280 299 41
281 282 15
283 293 29
284 287 21
285 298 25
285 299 30
288 291 4
289 296 7
293 294 18
294 296 35
300 339 2
300 399 5
300 401 12
300 439 15
300 448 17
300 464 5
300 561 17
300 563 2
300 569 3
301 312 5
301 320 16
301 357 8
301 366 25
301 399 23
301 431 12
301 434 1
301 447 17
301 453 20
301 459 12
301 484 20
301 485 7
301 561 4
301 573 18
301 574 9
301 578 5
302 365 20
302 381 4
302 399 1
302 433 23
302 439 5
302 445 3
302 459 25
302 502 11
302 510 14
302 551 16
302 567 2
302 571 20
302 593 9
303 307 3
303 313 22
303 322 13
303 363 21
303 367 6
303 381 14
303 384 18
303 439 20
303 449 16
303 482 11
303 483 14
303 484 5
303 522 6
303 542 20
303 556 8
303 564 25
304 305 5
304 308 14
304 333 22
304 337 10
304 350 15
304 368 19
304 376 14
304 392 19
304 395 20
304 424 1
304 430 8
304 466 12
304 470 3
304 478 2
304 545 21
304 572 7
304 580 24
304 593 10
305 336 2
305 373 6
305 394 24
305 421 22
305 441 25
305 465 16
305 470 9
305 471 13
305 500 22
305 507 16
305 529 8
305 553 7
305 568 16
305 578 12
305 596 20
306 354 14
306 380 22
306 391 11
306 415 7
306 426 12
306 455 5
306 494 4
306 517 13
306 524 12
306 560 15
307 315 17
307 336 15
307 368 10
307 375 25
307 379 15
307 383 22
307 384 4
307 413 21
307 443 20
307 458 2
307 540 20
307 581 12
308 310 10
308 326 8
308 330 9
308 331 1
308 347 17
308 395 15
308 421 18
308 457 5
308 459 11
308 466 6
308 479 3
308 485 22
308 517 14
308 529 15
308 546 3
308 571 17
308 584 4
308 598 16
309 313 9
309 353 22
309 392 5
309 406 20
309 426 23
309 447 22
309 455 16
309 499 1
309 515 17
309 535 12
309 537 4
309 594 11
310 348 24
310 350 14
310 355 20
310 381 7
310 392 16
310 395 13
310 397 23
310 402 10
310 424 18
310 428 8
310 443 15
310 485 20
310 490 6
310 498 5
310 512 11
310 524 8
310 543 24
310 545 16
310 549 23
310 550 7
310 552 12
310 590 5
311 325 1
311 341 10
311 370 1
311 403 17
311 420 12
311 427 19
311 463 3
311 464 16
311 474 6
311 483 3
311 518 4
311 555 1
311 557 11
311 562 21
311 567 13
312 314 8
312 328 5
312 332 7
312 339 18
312 346 21
312 370 2
312 395 23
312 407 2
312 433 14
312 441 8
312 449 25
312 454 5
312 488 7
312 490 8
312 491 16
312 525 11
312 547 11
312 552 2
312 555 13
312 575 4
312 580 14
313 335 6
313 361 8
313 365 4
313 372 12
313 391 11
313 392 9
313 398 14
313 420 21
313 482 4
313 514 3
313 586 6
314 315 10
314 344 10
314 365 23
314 376 7
314 418 13
314 441 22
314 448 8
314 469 1
314 491 4
314 509 10
314 522 7
314 570 11
314 597 17
315 364 23
315 365 23
315 374 2
315 376 1
315 386 13
315 431 5
315 444 14
315 447 18
315 451 15
315 465 17
315 483 6
315 491 25
315 512 2
315 531 21
315 539 22
315 542 7
315 543 1
315 554 2
315 567 16
315 592 12
316 319 1
316 322 24
316 390 24
316 398 23
316 453 7
316 456 1
316 480 1
316 498 16
316 537 8
316 584 13
316 593 9
317 331 7
317 357 11
317 376 11
317 437 7
317 464 23
317 515 17
317 537 21
317 540 17
317 560 6
317 562 14
317 571 25
318 327 7
318 355 18
318 378 22
318 394 4
318 401 24
318 419 22
318 425 5
318 446 17
318 448 8
318 462 6
318 466 15
318 475 8
318 519 5
318 542 21
318 561 11
318 567 5
318 577 13
319 334 20
319 484 20
319 487 22
319 492 1
319 494 5
319 517 9
319 537 9
319 538 4
319 551 2
319 569 6
319 584 22
319 594 8
320 340 20
320 416 21
320 430 16
320 447 12
320 451 18
320 469 19
320 478 12
320 481 16
320 504 24
320 508 3
320 512 1
320 526 6
320 533 20
320 571 8
320 573 10
320 595 17
321 322 20
321 335 16
321 408 5
321 416 14
321 462 10
321 478 1
321 510 14
321 543 16
321 561 11
322 328 25
322 354 19
322 364 12
322 371 5
322 382 16
322 393 19
322 456 24
322 468 13
322 469 10
322 510 12
322 538 7
322 541 5
322 565 1
322 587 23
323 325 5
323 328 5
323 337 25
323 351 10
323 352 24
323 363 9
323 434 21
323 445 16
323 449 4
323 504 14
323 520 20
323 524 17
323 534 25
323 539 22
323 542 8
323 563 16
323 569 7
323 577 7
323 598 11
324 347 18
324 353 11
324 365 3
324 372 14
324 395 12
324 409 16
324 414 25
324 420 25
324 422 24
324 438 4
324 447 2
324 451 23
324 473 11
324 498 7
324 525 22
324 553 22
325 342 5
325 360 6
325 416 18
325 422 20
325 429 9
325 457 8
325 463 16
325 469 2
325 499 7
325 515 14
325 516 11
325 533 24
325 542 22
325 544 17
325 563 12
325 564 15
325 576 5
325 598 14
326 332 5
326 338 18
326 344 6
326 358 6
326 368 19
326 378 7
326 392 11
326 399 21
326 409 4
326 411 21
326 430 2
326 438 1
326 442 18
326 474 6
326 486 8
326 505 12
326 570 3
326 582 18
327 335 19
327 356 20
327 370 19
327 380 2
327 391 9
327 400 5
327 408 3
327 415 5
327 442 23
327 443 14
327 504 21
327 548 4
327 590 4
327 595 2
328 332 23
328 333 12
328 372 7
328 408 17
328 418 18
328 422 18
328 434 12
328 439 21
328 469 13
328 489 13
328 494 23
328 501 7
328 566 20
328 587 5
328 589 18
328 596 24
329 351 22
329 355 13
329 370 19
329 375 18
329 379 17
329 388 4
329 411 24
329 422 19
329 479 10
329 483 21
329 505 9
329 511 6
329 532 2
329 590 12
329 593 9
329 596 24
330 331 23
330 340 16
330 366 15
330 409 17
330 426 10
330 450 3
330 525 13
330 530 24
330 563 15
330 571 12
331 358 6
331 363 12
331 397 17
331 449 25
331 504 12
331 567 15
331 574 13
331 578 7
331 586 9
332 430 6
332 432 10
332 513 7
332 531 24
332 545 22
333 375 3
333 379 9
333 463 2
333 466 6
333 512 22
333 520 10
333 537 4
333 555 22
333 562 2
334 373 21
334 374 13
334 380 11
334 426 23
334 437 2
334 511 10
334 522 15
334 532 14
334 546 17
334 584 1
335 389 7
335 395 16
335 434 12
335 440 21
335 458 5
335 475 21
335 476 5
335 494 10
335 501 5
335 514 13
335 527 10
335 581 1
336 456 17
336 463 20
336 476 4
336 480 22
336 482 17
336 522 16
336 531 3
336 556 13
336 566 19
336 584 23
337 354 25
337 356 5
337 360 20
337 386 4
337 438 16
337 476 9
337 490 17
337 582 9
338 339 11
338 356 23
338 360 24
338 363 25
338 373 20
338 401 6
338 431 20
338 459 1
338 467 17
338 492 1
338 495 14
338 498 2
338 502 4
338 503 5
338 514 21
338 533 7
339 394 2
339 404 14
339 422 24
339 432 4
339 439 1
339 452 18
339 487 3
339 497 3
339 509 24
339 513 22
339 515 6
339 528 16
339 531 8
339 543 24
339 572 24
339 586 18
339 589 23
339 595 24
340 353 17
340 355 17
340 361 4
340 378 13
340 385 20
340 419 21
340 443 14
340 485 8
340 540 24
340 561 17
340 577 14
341 358 21
341 398 25
341 407 17
341 419 10
341 426 1
341 439 22
341 484 12
341 492 20
341 504 24
341 520 16
341 552 20
341 557 23
341 576 23
341 580 10
341 588 5
341 593 21
342 346 10
342 366 22
342 423 18
342 446 8
342 468 16
342 472 12
342 479 14
342 564 3
343 344 6
343 345 11
343 355 18
343 365 15
343 377 9
343 388 9
343 405 5
343 420 4
343 429 11
343 453 22
343 455 15
343 460 11
343 521 20
343 527 4
343 548 5
343 560 19
344 389 19
344 477 24
344 546 18
344 556 17
345 359 10
345 390 22
345 421 14
345 441 19
345 520 20
345 548 7
345 554 3
345 559 12
345 562 20
345 577 16
345 578 17
346 374 2
346 404 1
346 468 9
346 500 16
346 514 11
346 554 20
346 566 20
347 385 17
347 399 5
347 433 18
347 526 8
347 528 17
347 529 13
347 534 11
347 537 21
347 541 8
347 563 5
347 577 21
348 417 25
348 427 21
348 432 5
348 458 23
348 510 11
348 512 25
348 558 17
348 560 17
348 589 2
349 365 4
349 368 13
349 391 20
349 415 22
349 419 14
349 445 22
349 471 5
349 547 6
349 572 8
349 582 24
350 356 3
350 357 1
350 363 5
350 368 20
350 387 8
350 413 21
350 416 9
350 425 19
350 439 18
350 444 16
350 457 25
350 466 15
350 486 17
350 497 20
350 536 21
350 565 14
350 570 7
350 584 20
350 594 8
351 379 24
351 385 24
351 418 13
351 425 13
351 438 20
351 453 9
351 461 2
351 548 16
351 550 13
351 551 7
351 585 25
351 592 14
352 374 9
352 376 2
352 392 20
352 422 6
352 457 10
352 467 16
352 503 14
352 506 5
352 527 10
352 544 7
352 558 4
352 578 25
352 580 25
352 593 25
353 387 20
353 396 14
353 404 6
353 410 17
353 442 21
353 446 6
353 496 15
353 526 10
353 540 19
353 571 11
353 573 18
353 587 20
354 360 1
354 411 7
354 444 3
354 463 3
354 468 22
354 556 14
354 582 4
355 366 17
355 382 21
355 385 13
355 439 9
355 472 11
355 475 17
355 514 18
355 535 17
355 549 22
355 550 19
355 557 19
355 559 21
355 571 16
355 580 7
355 581 2
355 597 7
356 446 4
356 452 7
356 454 23
356 463 13
356 477 2
356 480 8
356 485 7
356 505 23
356 508 8
356 549 13
356 590 1
356 599 12
357 361 10
357 373 16
357 374 16
357 377 3
357 384 11
357 404 5
357 405 11
357 435 21
357 437 24
357 456 5
357 472 15
357 489 20
357 552 24
357 559 10
357 580 16
357 597 14
358 368 16
358 374 19
358 433 20
358 435 21
358 436 25
358 462 19
358 468 10
358 559 2
358 568 1
358 595 16
358 597 1
359 367 10
359 407 3
359 415 1
359 422 22
359 460 14
359 465 18
359 488 14
359 516 16
359 520 5
359 524 18
359 570 1
359 590 3
360 387 16
360 415 8
360 428 17
360 492 11
360 530 6
360 540 1
360 578 3
360 592 21
360 598 18
361 372 21
361 375 17
361 394 15
361 440 22
361 534 10
361 544 24
361 563 25
361 595 12
362 373 14
362 422 1
362 424 21
362 441 18
362 445 3
362 448 19
362 485 9
362 511 21
362 512 7
362 563 24
362 566 25
362 578 2
362 585 2
362 586 2
363 373 17
363 376 9
363 392 20
363 405 4
363 422 16
363 425 22
363 431 6
363 434 11
363 441 16
363 447 1
363 448 2
363 450 7
363 461 25
363 571 13
364 368 5
364 388 24
364 443 24
364 448 20
364 449 24
364 517 21
364 522 15
364 535 2
364 572 17
364 575 23
364 584 24
365 393 23
365 395 23
365 412 25
365 425 1
365 427 24
365 441 4
365 470 20
365 473 7
365 494 23
365 523 23
365 526 24
365 534 22
365 571 6
365 584 9
365 595 14
366 367 8
366 372 12
366 435 21
366 438 7
366 504 24
366 512 2
366 551 6
366 553 24
366 560 22
366 584 4
366 589 20
366 599 13
367 391 7
367 395 11
367 437 10
367 438 5
367 449 10
367 496 7
367 555 5
367 586 11
367 590 8
367 591 8
368 416 5
368 457 14
368 466 7
368 467 4
368 498 15
368 513 5
368 551 9
368 557 23
368 566 19
368 567 17
368 579 12
368 591 16
369 372 23
369 404 10
369 418 17
369 430 5
369 444 9
369 453 15
369 456 11
369 494 5
369 519 2
369 521 17
369 540 15
369 549 11
369 560 22
369 563 1
369 566 20
369 585 3
370 380 11
370 403 2
370 423 12
370 440 17
370 459 17
370 471 18
370 475 21
370 484 6
370 488 25
370 499 6
370 545 6
370 550 20
370 553 24
370 557 17
370 559 10
370 571 24
370 583 3
370 596 3
371 425 3
371 444 11
371 458 18
371 485 13
371 489 17
371 522 19
371 526 7
371 547 6
371 565 7
371 577 5
372 374 7
372 387 3
372 391 7
372 392 19
372 418 6
372 432 20
372 449 13
372 458 22
372 467 12
372 473 10
372 505 5
372 506 13
372 508 15
372 530 10
372 584 7
372 588 14
373 376 3
373 407 16
373 443 14
373 444 5
373 445 21
373 501 16
373 527 18
373 531 13
373 560 6
373 561 9
373 566 8
373 579 12
373 599 17
374 389 16
374 400 16
374 444 23
374 509 18
374 510 24
374 542 18
374 596 23
375 376 18
375 383 7
375 416 22
375 421 6
375 443 16
375 449 1
375 478 19
375 514 8
375 552 12
375 559 2
375 563 23
375 569 14
375 582 20
376 388 11
376 449 20
376 508 15
376 511 1
376 545 12
376 569 2
376 593 8
377 386 21
377 428 11
377 432 21
377 484 12
377 514 2
377 548 13
377 551 11
377 559 19
378 404 13
378 488 5
378 498 19
378 507 5
378 523 12
378 534 17
378 537 13
378 539 2
378 542 17
378 574 8
379 386 9
379 396 5
379 405 11
379 413 6
379 465 20
379 470 5
379 481 18
379 483 14
379 500 19
379 503 21
379 562 3
379 565 22
379 579 3
380 393 23
380 395 8
380 426 24
380 500 11
380 544 9
380 546 13
380 582 21
380 584 4
381 402 1
381 427 2
381 432 24
381 435 7
381 436 13
381 451 15
381 475 19
381 490 17
381 499 8
381 517 3
381 530 2
381 553 12
382 393 14
382 398 10
382 431 8
382 458 20
382 477 2
382 498 24
382 505 14
382 556 22
382 558 1
383 386 10
383 396 2
383 428 23
383 430 19
383 516 2
383 517 10
383 537 4
383 541 14
383 543 7
383 562 8
383 581 14
383 597 8
384 391 6
384 413 21
384 420 23
384 427 23
384 441 16
384 442 14
384 505 5
384 527 21
384 561 17
384 568 17
385 393 11
385 409 1
385 428 1
385 434 5
385 440 5
385 451 24
385 466 18
385 493 3
385 519 24
385 527 5
385 528 4
385 531 23
385 546 23
385 575 5
385 599 7
386 436 2
386 437 19
386 450 13
386 461 11
386 494 9
386 546 23
386 551 18
386 553 4
386 570 20
386 584 15
386 587 22
387 393 10
387 404 20
387 411 17
387 419 1
387 422 13
387 426 2
387 468 4
387 534 13
387 549 6
387 552 8
387 555 14
387 569 1
387 573 10
387 587 12
388 407 5
388 415 16
388 443 12
388 450 4
388 467 20
388 477 20
388 487 7
388 488 15
388 493 10
388 496 17
388 530 24
388 563 7
389 391 12
389 394 4
389 412 1
389 414 1
389 430 25
389 448 10
389 482 20
389 487 16
389 523 12
389 549 9
389 584 19
389 588 17
390 391 24
390 412 25
390 418 24
390 422 12
390 435 2
390 470 11
390 493 25
390 510 6
390 519 3
390 530 13
390 533 11
390 536 22
390 542 8
390 597 18
391 405 14
391 408 17
391 415 11
391 418 12
391 452 23
391 455 22
391 456 15
391 470 25
391 490 23
391 550 15
391 553 11
391 571 19
391 584 7
391 587 24
392 402 5
392 406 3
392 416 16
392 424 3
392 462 4
392 470 16
392 472 16
392 503 5
392 509 1
392 511 15
392 517 12
392 531 3
392 585 5
392 595 22
393 418 2
393 421 12
393 460 14
393 465 15
393 487 5
393 541 25
393 566 3
393 580 2
393 584 23
394 411 19
394 416 3
394 432 20
394 470 8
394 474 15
394 482 16
394 489 17
394 572 13
395 421 20
395 427 21
395 440 3
395 510 22
395 520 24
395 534 19
395 568 14
395 573 3
395 579 21
395 583 5
396 398 14
396 424 1
396 429 9
396 457 12
396 485 4
396 487 20
396 528 1
396 536 20
396 588 24
397 423 2
397 435 22
397 484 2
397 532 24
397 537 15
398 410 6
398 425 21
398 426 25
398 484 20
398 587 11
398 595 18
399 433 8
399 444 7
399 455 13
399 473 12
399 510 5
399 522 11
399 595 5
399 597 18
399 598 15
400 401 3
400 416 22
400 417 5
400 422 3
400 497 6
400 540 16
400 551 6
400 556 2
400 557 16
401 412 25
401 416 3
401 423 19
401 425 23
401 426 6
401 430 20
401 455 12
401 467 14
401 475 15
401 522 13
401 596 8
402 416 2
402 438 5
402 482 17
402 525 8
402 542 17
402 545 4
402 546 12
402 562 4
402 568 10
402 570 6
402 571 18
402 584 12
403 421 2
403 428 22
403 447 14
403 471 9
403 477 13
403 480 21
403 488 13
403 495 5
403 499 22
403 514 17
403 517 1
403 518 19
403 534 24
403 535 20
403 539 6
403 588 12
404 405 9
404 406 18
404 425 22
404 445 12
404 457 23
404 458 13
404 471 19
404 484 16
404 498 18
404 499 7
404 512 20
404 533 3
404 555 12
404 584 14
405 473 14
405 477 15
405 498 13
405 502 5
405 504 1
405 512 25
405 523 2
405 541 15
405 566 6
405 595 24
405 596 6
406 416 6
406 432 17
406 445 6
406 490 25
406 501 24
406 523 18
406 549 10
406 558 17
406 578 14
406 593 21
407 425 16
407 453 1
407 478 16
407 485 8
407 503 19
407 586 24
407 587 4
408 422 23
408 437 12
408 445 18
408 524 13
408 537 2
408 578 5
409 412 19
409 424 4
409 429 6
409 475 21
409 488 18
409 489 13
409 501 21
409 512 25
409 562 19
409 580 12
409 594 5
410 432 20
410 497 11
410 500 22
410 505 7
410 512 4
410 523 12
410 559 4
410 597 19
411 422 15
411 444 22
411 466 3
411 469 10
411 491 20
411 508 7
411 511 7
411 560 7
411 591 1
412 416 19
412 433 10
412 449 7
412 479 15
412 496 13
412 500 12
412 502 10
412 532 7
412 540 1
413 434 5
413 452 6
413 474 21
413 485 18
413 490 10
413 523 16
413 542 3
413 550 9
413 559 24
413 561 8
413 571 20
413 584 2
414 426 3
414 437 9
414 480 25
414 539 6
414 563 18
414 571 20
415 422 12
415 425 1
415 429 3
415 453 12
415 469 20
415 477 14
415 494 18
415 513 9
415 526 3
415 556 6
415 577 20
415 587 9
415 597 6
416 457 1
416 481 14
416 485 4
416 494 18
416 522 25
416 559 19
416 560 23
417 420 8
417 423 19
417 474 5
417 500 5
417 502 22
417 528 8
417 537 13
417 585 22
418 432 15
418 436 8
418 498 18
418 513 3
418 514 8
418 519 22
418 539 16
418 545 4
418 554 10
418 561 10
418 575 12
418 590 14
419 454 15
419 463 8
419 512 22
419 534 22
419 540 8
419 552 12
419 575 25
419 584 3
419 589 13
419 596 20
420 432 25
420 437 21
420 440 15
420 450 6
420 486 25
420 508 12
420 510 15
420 516 14
420 523 8
420 531 4
420 539 21
421 428 2
421 445 6
421 447 6
421 458 23
421 523 21
421 555 9
421 558 9
421 576 5
421 587 23
421 589 22
422 433 21
422 441 5
422 446 20
422 452 20
422 466 15
422 518 8
422 535 21
422 547 17
422 563 20
422 574 18
422 577 18
422 586 17
422 598 7
423 443 23
423 491 18
423 544 20
423 564 13
423 580 7
424 453 4
424 460 18
424 486 4
424 489 5
424 496 1
424 529 9
424 532 4
424 544 23
424 568 20
424 571 14
424 577 3
424 582 17
425 484 12
425 522 25
425 541 23
425 559 6
425 564 21
425 569 12
425 570 15
425 577 19
425 588 5
426 455 10
426 461 13
426 484 22
426 496 1
426 524 21
426 536 22
426 542 19
426 548 16
426 593 9
427 453 2
427 483 19
427 513 3
427 516 5
427 541 1
427 577 3
427 580 16
428 441 4
428 471 1
428 514 10
428 529 18
428 530 5
428 566 1
429 447 4
429 457 6
429 466 23
429 506 12
429 535 4
429 546 12
429 575 1
429 595 22
430 442 16
430 461 12
430 465 9
430 474 13
430 528 13
430 551 4
430 594 9
431 433 8
431 469 21
431 497 19
431 504 9
431 543 15
431 574 23
431 580 15
432 452 17
432 454 1
432 461 7
432 470 20
432 509 3
432 511 16
432 538 14
432 554 7
432 557 18
432 560 20
432 570 14
432 580 18
432 587 8
432 592 17
432 593 4
433 450 10
433 471 15
433 485 19
433 504 22
433 530 23
433 545 8
433 546 11
433 555 4
433 575 18
433 578 20
433 583 1
434 450 13
434 459 3
434 464 15
434 491 11
434 580 19
434 597 8
435 461 13
435 479 1
435 483 3
435 488 15
435 514 18
435 525 18
435 559 23
436 462 11
436 488 14
436 503 11
436 506 3
436 536 21
436 540 5
436 551 8
437 439 8
437 470 19
437 480 1
437 484 4
437 487 19
437 489 11
437 513 14
437 531 22
437 544 5
437 570 10
437 584 24
438 440 18
438 442 12
438 519 14
438 521 5
438 527 7
438 546 23
438 547 17
438 558 7
438 588 25
439 465 8
439 469 2
439 480 20
439 491 7
439 511 12
439 516 8
439 535 19
440 463 16
440 482 6
440 488 23
440 495 23
440 503 13
440 553 17
440 570 25
440 572 18
440 583 10
441 509 10
441 511 8
441 528 8
441 529 15
441 541 17
441 561 6
441 572 9
441 586 3
441 594 21
442 450 13
442 464 11
442 474 19
442 486 6
442 490 20
442 492 20
442 507 13
442 545 21
442 573 14
442 590 21
443 451 7
443 466 24
443 477 14
443 479 24
443 492 6
443 494 12
443 509 21
443 514 18
443 524 3
443 551 20
443 553 12
443 578 14
443 581 5
444 447 19
444 450 23
444 473 21
444 506 10
444 516 3
444 527 4
444 532 14
444 574 1
444 578 16
445 471 24
445 480 19
445 484 21
445 536 18
445 553 15
445 559 10
445 588 15
446 462 6
446 482 5
446 526 23
446 531 6
446 554 18
446 555 21
446 578 11
446 594 6
447 466 16
447 478 5
447 488 8
447 530 11
447 582 16
447 589 23
448 484 17
448 517 9
448 523 20
448 531 12
448 537 20
448 541 25
449 467 15
449 468 8
449 486 25
449 514 7
449 525 6
449 549 20
449 592 4
449 595 1
450 464 9
450 479 15
450 512 17
450 524 16
450 540 21
450 597 15
451 477 21
451 530 15
451 538 10
451 548 8
451 575 21
451 586 1
451 590 12
452 515 5
452 518 11
452 534 4
452 559 3
452 598 2
453 519 12
453 524 22
453 553 15
453 570 6
453 579 21
453 583 6
453 592 15
454 504 22
454 516 12
454 530 23
454 572 16
454 589 17
455 479 25
455 482 2
455 497 8
455 506 16
455 517 17
455 523 3
455 534 5
455 572 15
456 462 17
456 464 15
456 484 22
456 499 12
456 504 15
456 513 9
456 530 17
456 533 2
456 537 12
456 541 19
456 550 5
456 551 1
456 552 17
456 554 19
456 561 8
456 562 15
456 567 1
457 473 23
457 474 11
457 476 14
457 501 22
457 507 4
457 514 5
457 515 21
457 529 5
457 546 12
457 563 11
457 575 23
457 581 16
457 592 16
458 459 12
458 462 7
458 477 7
458 479 9
458 486 19
458 501 21
459 472 19
459 534 12
459 540 24
459 553 5
459 596 7
460 462 3
460 467 7
460 509 25
460 527 23
460 563 15
460 575 14
460 587 23
460 590 14
461 502 2
461 527 11
461 555 10
461 562 7
461 577 17
462 495 7
462 503 13
462 542 5
462 560 17
462 577 10
462 598 20
463 467 9
463 482 24
463 483 1
463 493 15
463 553 7
463 585 21
464 472 12
464 491 25
464 503 7
464 504 10
464 531 6
464 549 15
464 561 14
464 581 15
465 473 15
465 494 11
465 514 4
465 517 5
465 523 10
465 531 19
465 554 6
465 563 20
465 575 5
466 501 12
466 510 13
466 555 11
466 588 1
467 471 17
467 481 4
467 492 11
467 499 11
467 500 13
467 514 11
467 524 14
467 561 4
467 596 17
468 507 11
468 541 16
468 570 18
468 597 20
469 507 2
469 529 25
469 549 9
469 563 16
470 481 14
470 496 23
470 502 3
470 504 19
470 510 3
470 536 13
470 542 14
470 547 10
470 570 9
470 580 18
471 472 24
471 485 22
471 494 5
471 511 24
471 547 15
471 562 9
471 585 11
472 510 1
472 512 23
472 537 21
472 548 16
472 582 3
473 478 14
473 483 1
473 505 20
473 584 8
473 586 20
473 593 22
474 482 8
474 490 6
474 517 14
474 533 23
474 552 5
475 485 16
475 511 19
475 519 9
475 534 3
475 580 7
475 597 19
476 480 14
476 488 2
476 499 19
476 517 10
476 536 6
476 539 19
476 557 24
477 484 16
477 532 5
478 513 1
478 518 13
478 549 2
478 552 16
478 571 18
478 585 16
479 525 19
479 530 12
479 586 25
479 590 15
480 490 8
480 499 9
480 527 20
480 532 21
480 535 7
480 586 25
480 588 14
480 597 25
481 488 8
481 527 16
481 537 6
481 549 3
481 561 6
481 581 9
482 508 23
482 524 15
482 535 15
482 571 17
482 577 16
482 586 5
483 513 23
483 523 16
483 540 20
483 552 24
483 575 9
483 585 12
483 598 16
484 525 4
484 537 25
484 599 16
485 497 18
485 526 8
486 505 24
486 521 15
486 526 5
486 563 7
486 575 16
487 506 18
487 516 8
487 531 23
487 539 11
487 546 16
487 559 3
487 567 16
487 586 24
487 587 25
488 507 8
488 521 13
488 530 16
489 503 23
489 532 20
489 539 15
489 545 15
489 551 16
489 595 14
489 596 25
490 495 4
490 507 6
490 521 5
490 546 3
491 499 23
491 501 25
491 519 12
491 563 22
491 575 14
491 577 17
491 587 5
492 493 4
492 535 11
492 539 13
492 548 3
492 556 23
492 570 3
493 497 5
493 515 14
493 525 1
493 548 7
493 556 23
493 594 16
494 507 24
494 529 22
494 531 12
494 535 14
494 573 13
494 577 2
495 599 4
496 502 15
496 508 5
496 518 9
496 521 19
496 524 9
496 527 7
496 546 18
496 555 21
496 565 5
496 578 6
496 591 14
497 518 9
497 544 11
497 554 24
497 563 23
497 571 14
497 583 22
497 586 2
498 506 20
498 515 12
498 548 3
498 572 3
498 576 9
498 586 20
499 502 2
499 513 5
499 518 6
499 524 17
500 536 19
500 538 7
501 521 22
501 527 8
501 553 13
501 560 5
501 590 2
502 570 21
503 511 13
503 514 19
503 539 18
503 542 17
503 562 2
503 571 6
503 581 3
503 588 12
504 511 5
504 514 2
504 554 2
504 579 3
505 544 4
505 566 24
505 588 14
506 516 8
506 518 1
506 528 22
506 529 4
506 531 4
506 543 3
506 590 9
507 528 22
507 530 21
507 542 17
507 548 18
508 537 4
508 543 6
508 589 23
509 510 7
509 560 3
509 562 10
509 564 2
509 565 21
509 573 4
509 576 3
510 522 1
510 523 8
510 535 17
510 536 7
510 538 11
510 543 20
510 550 9
510 559 14
511 512 18
511 536 22
511 537 23
511 550 21
511 590 20
512 516 1
512 533 24
512 584 22
512 589 9
512 593 21
513 559 20
513 570 2
513 598 13
514 552 25
514 572 7
515 522 12
515 563 6
515 572 10
515 590 24
516 519 7
516 547 5
516 579 4
516 596 12
517 520 7
517 578 11
517 582 5
517 586 14
517 599 21
518 582 24
519 557 22
520 544 12
520 548 19
520 564 19
520 571 9
520 584 14
521 523 15
521 553 10
521 571 12
521 582 12
521 583 20
521 593 9
521 596 8
522 598 22
523 546 24
523 568 7
523 571 3
523 577 10
523 599 14
524 579 14
524 590 10
525 531 20
525 549 18
525 572 13
525 573 8
525 585 25
525 591 25
525 593 12
526 558 15
526 585 23
527 554 13
527 555 11
527 569 9
527 586 6
528 536 6
528 541 19
528 542 19
528 550 21
528 593 5
529 558 7
529 565 9
529 593 25
530 594 16
531 548 16
531 569 23
531 572 16
531 589 24
531 591 2
532 544 25
532 549 12
532 595 16
533 536 10
533 565 8
534 541 10
534 549 22
534 568 18
535 552 11
535 553 24
535 555 4
535 568 25
535 572 21
536 597 16
536 598 11
537 559 4
537 580 21
537 587 16
538 575 24
538 584 16
538 586 13
538 588 4
538 589 23
539 570 21
539 597 3
540 553 15
540 564 11
540 566 25
540 573 5
540 583 11
540 598 1
541 543 6
541 554 22
541 573 18
541 591 17
542 575 7
542 583 3
544 570 16
545 551 24
545 591 13
545 599 14
546 587 4
546 599 15
547 563 9
547 585 22
548 565 2
548 585 14
549 551 19
550 575 17
550 579 12
550 587 10
550 591 7
551 588 15
551 589 9
551 592 2
552 574 17
552 584 25
552 587 15
552 588 18
553 595 4
554 577 25
555 562 21
558 562 11
558 575 24
558 595 13
559 586 3
560 561 5
560 563 17
560 565 18
560 596 5
561 578 7
562 567 6
562 589 8
563 573 21
563 584 16
564 595 6
565 575 22
566 583 4
569 588 25
570 591 15
571 583 17
571 592 11
572 580 21
572 585 7
573 579 19
573 587 23
574 592 25
574 597 18
575 581 14
575 589 20
576 598 23
581 594 13
582 585 15
582 595 8
583 591 11
585 595 4
589 595 12
593 598 17
594 596 21
600 299 28
601 599 16
600 601 44
602 627 10
602 629 2
602 633 9
602 636 4
602 637 1
602 687 9
602 728 3
602 763 6
602 782 7
602 792 5
602 809 3
602 843 8
602 874 2
602 887 2
603 610 3
603 703 7
603 710 1
603 711 10
603 872 4
603 900 8
604 632 7
604 670 8
604 712 6
604 716 1
604 764 8
604 785 1
604 794 7
604 801 6
604 821 1
604 832 4
604 878 5
604 886 10
604 888 7
605 611 4
605 614 5
605 722 8
605 727 2
605 755 9
605 767 3
605 774 10
605 795 3
605 869 8
605 888 9
605 898 4
605 901 1
606 615 2
606 619 2
606 632 1
606 644 3
606 658 6
606 664 8
606 684 9
606 696 3
606 719 5
606 722 10
606 751 10
606 763 5
606 773 6
606 780 5
606 807 7
606 879 1
606 894 2
607 678 9
607 703 7
607 709 5
607 713 3
607 728 6
607 788 8
607 812 2
607 832 9
607 841 10
607 844 4
607 848 8
608 629 8
608 655 10
608 684 8
608 714 9
608 731 1
608 761 8
608 802 2
608 811 6
608 841 8
609 610 2
609 625 10
609 653 2
609 656 3
609 659 10
609 685 9
609 695 8
609 723 6
609 729 5
609 731 10
609 745 7
609 762 3
609 763 9
609 769 3
609 770 8
609 801 4
609 842 1
609 855 9
609 868 4
609 877 10
610 651 4
610 667 1
610 670 9
610 671 5
610 723 10
610 735 8
610 756 8
610 765 8
610 799 1
610 817 5
610 851 7
610 857 2
610 861 5
610 863 8
610 881 5
610 895 6
611 646 6
611 665 4
611 711 1
611 735 3
611 741 6
611 782 8
611 806 5
611 813 6
611 816 10
611 838 4
611 839 1
611 858 2
611 860 2
611 868 7
612 641 3
612 660 8
612 666 7
612 702 2
612 710 4
612 732 9
612 736 1
612 762 1
612 833 8
612 840 1
612 851 8
612 853 4
612 861 4
612 892 4
612 901 1
613 615 10
613 659 9
613 705 9
613 731 4
613 736 1
613 754 1
613 763 1
613 779 10
613 792 7
613 807 6
613 815 10
613 818 1
613 827 8
613 832 3
613 835 4
613 868 4
614 624 6
614 660 1
614 676 1
614 677 9
614 693 7
614 702 1
614 737 9
614 739 9
614 755 8
614 765 9
614 798 6
614 805 1
614 827 2
614 837 1
614 848 1
614 861 4
614 863 1
614 868 9
614 884 7
614 887 2
615 719 1
615 734 9
615 745 1
615 748 8
615 754 4
615 758 2
615 769 8
615 802 1
615 831 5
615 839 1
615 861 5
616 625 2
616 626 4
616 659 7
616 698 10
616 712 10
616 730 9
616 770 8
616 779 8
616 800 6
616 804 8
616 863 6
616 882 6
617 628 1
617 658 6
617 712 8
617 795 4
617 843 7
617 847 9
617 850 2
617 873 8
617 880 9
617 893 10
617 898 10
618 672 6
618 714 5
618 740 4
618 759 5
618 768 8
618 784 10
618 795 8
618 812 4
618 829 1
618 893 1
619 628 2
619 637 2
619 643 2
619 706 10
619 753 9
619 767 9
619 780 5
619 783 8
619 796 6
619 805 10
619 821 8
619 834 2
619 842 9
619 844 4
619 869 8
619 885 7
620 638 5
620 639 7
620 675 6
620 740 5
620 742 8
620 754 3
620 770 1
620 783 1
620 795 8
620 805 8
620 811 10
620 852 5
620 858 1
620 871 2
620 892 7
620 893 2
620 894 3
621 622 8
621 629 1
621 637 3
621 675 8
621 692 7
621 695 10
621 700 4
621 713 6
621 748 10
621 817 5
621 841 5
621 884 3
622 636 4
622 701 1
622 704 9
622 709 10
622 723 8
622 729 3
622 760 7
622 786 1
622 787 6
622 803 10
622 826 10
622 832 3
622 837 9
622 857 4
622 881 6
622 882 1
623 658 2
623 660 7
623 662 3
623 673 9
623 715 10
623 716 6
623 739 6
623 814 6
623 844 7
623 846 1
623 900 4
624 625 6
624 648 5
624 658 10
624 681 10
624 719 8
624 751 2
624 784 9
624 809 9
624 823 10
624 834 3
624 841 8
624 848 2
624 885 8
625 655 7
625 661 1
625 708 3
625 712 7
625 742 6
625 826 8
625 842 9
625 843 7
625 856 6
625 875 2
625 886 5
625 893 5
625 894 9
626 628 2
626 653 3
626 670 7
626 709 3
626 712 6
626 721 5
626 753 9
626 778 7
626 786 4
626 831 9
626 846 8
626 862 4
626 869 9
627 641 9
627 672 7
627 732 8
627 749 10
627 758 6
627 759 6
627 813 2
627 832 8
627 835 3
627 863 7
627 867 7
627 886 1
627 889 3
628 643 3
628 645 4
628 646 9
628 660 7
628 669 4
628 682 3
628 707 1
628 724 1
628 747 7
628 748 8
628 796 7
628 799 5
628 839 4
628 840 10
628 861 5
629 696 4
629 764 6
629 832 4
629 850 2
629 857 4
629 887 1
630 635 2
630 665 9
630 714 7
630 737 5
630 759 9
630 779 1
630 807 2
630 819 5
630 852 1
630 889 4
631 667 7
631 677 7
631 690 5
631 703 6
631 713 10
631 717 7
631 772 8
631 799 2
631 804 5
631 825 6
631 837 8
631 846 9
631 870 1
631 873 10
631 875 6
632 708 4
632 709 7
632 730 9
632 732 6
632 784 10
632 786 1
632 788 9
632 797 10
632 883 9
632 896 3
633 646 10
633 652 9
633 695 4
633 706 5
633 714 2
633 720 10
633 734 3
633 741 8
633 785 6
633 805 10
633 850 9
633 865 4
633 880 8
633 883 3
634 676 8
634 714 5
634 764 10
634 769 8
634 820 5
634 875 1
634 885 3
634 891 9
635 636 7
635 693 3
635 712 4
635 721 6
635 735 4
635 747 4
635 767 8
635 781 4
635 821 6
635 845 7
635 851 3
635 864 2
635 877 3
636 662 6
636 676 3
636 689 6
636 691 5
636 738 8
636 801 7
636 808 3
636 829 3
636 852 6
636 856 7
636 861 10
636 863 10
637 661 7
637 683 7
637 688 5
637 697 9
637 704 2
637 733 3
637 799 6
637 807 4
637 809 8
637 834 3
637 840 9
637 842 1
637 852 10
637 857 5
638 665 8
638 695 9
638 769 7
638 772 1
638 787 1
638 790 2
638 815 5
638 864 8
638 865 8
639 651 4
639 656 5
639 669 2
639 698 6
639 705 10
639 749 9
639 752 5
639 807 10
639 815 7
640 644 4
640 658 6
640 684 5
640 721 7
640 731 8
640 757 2
640 773 2
640 793 7
640 808 5
640 832 3
640 892 9
641 732 6
641 734 7
641 736 8
641 739 4
641 753 3
641 771 9
641 776 5
641 800 6
641 827 3
641 831 2
641 842 5
642 646 7
642 656 8
642 658 6
642 659 4
642 680 8
642 706 4
642 749 9
642 842 9
642 899 10
643 648 4
643 774 4
643 837 5
644 669 10
644 689 3
644 694 6
644 705 3
644 711 9
644 720 2
644 727 5
644 770 9
644 785 8
644 788 1
644 809 6
644 850 3
644 856 5
644 860 4
644 870 9
644 874 2
645 683 9
645 684 3
645 720 6
645 749 7
645 758 10
645 774 2
645 779 10
645 782 9
645 805 5
645 814 10
645 834 9
645 878 5
646 662 5
646 726 2
646 764 1
646 783 6
646 792 6
646 864 6
646 874 9
646 882 6
646 901 10
647 663 3
647 674 4
647 679 9
647 716 4
647 722 10
647 734 1
647 745 10
647 749 5
647 768 2
647 780 2
647 812 5
647 822 4
647 826 7
647 851 1
647 883 5
648 660 10
648 669 3
648 674 4
648 680 5
648 682 2
648 711 2
648 726 1
648 728 9
648 736 6
648 796 1
648 801 4
648 840 3
648 853 8
649 671 2
649 707 9
649 730 7
649 738 7
649 741 4
649 744 5
649 752 2
649 783 3
649 786 8
649 793 1
649 795 10
649 844 9
649 847 2
649 882 4
649 883 4
650 657 1
650 662 5
650 674 8
650 702 10
650 762 9
650 768 1
650 776 6
650 806 2
650 826 5
650 836 8
650 885 10
650 896 2
651 739 8
651 756 4
651 781 4
651 782 8
651 803 7
651 814 4
651 821 6
651 888 3
652 673 8
652 685 3
652 687 4
652 712 10
652 760 10
652 788 5
652 797 9
652 820 10
652 828 8
652 852 3
652 863 3
652 873 10
652 878 9
653 699 10
653 705 2
653 710 7
653 718 3
653 776 7
653 787 8
653 890 7
654 692 5
654 696 8
654 711 10
654 757 4
654 807 3
654 835 3
654 866 3
655 671 9
655 687 7
655 697 9
655 698 4
655 712 4
655 731 3
655 830 7
655 833 5
655 846 4
655 847 3
655 866 6
655 874 3
655 888 3
656 693 8
656 696 7
656 710 2
656 728 8
656 755 6
656 756 3
656 787 4
656 808 10
656 818 2
656 830 3
656 865 8
656 871 8
657 664 2
657 673 7
657 701 3
657 722 4
657 731 10
657 737 6
657 749 5
657 762 8
657 769 6
657 775 8
657 777 3
657 788 8
657 798 4
657 814 7
657 848 3
657 866 9
657 882 2
657 891 5
658 671 1
658 681 1
658 694 1
658 711 4
658 770 10
658 807 8
658 809 7
658 823 5
658 833 10
658 845 10
658 873 8
658 896 7
658 901 7
659 673 9
659 678 4
659 684 1
659 689 5
659 704 5
659 747 8
659 751 9
659 754 2
659 758 3
659 772 6
659 812 4
659 816 2
659 817 1
659 819 2
659 833 4
659 841 1
659 867 4
659 874 10
660 663 1
660 683 6
660 708 2
660 719 7
660 737 6
660 821 2
660 827 3
660 850 10
660 860 1
660 877 4
660 881 9
660 888 7
661 665 2
661 670 8
661 674 2
661 690 2
661 697 4
661 703 6
661 773 10
661 784 2
661 797 7
661 805 4
661 841 9
661 873 2
661 877 8
661 888 1
662 681 4
662 682 3
662 692 2
662 732 9
662 747 5
662 750 4
662 769 4
662 791 6
662 799 10
662 808 1
662 821 9
662 885 4
662 896 3
663 690 9
663 699 9
663 702 1
663 705 8
663 754 10
663 755 10
663 770 9
663 771 2
663 773 3
663 789 7
663 817 3
663 822 6
663 823 5
663 824 8
663 859 6
663 875 7
663 879 5
664 707 7
664 719 2
664 724 10
664 740 10
664 767 10
664 768 4
664 770 5
664 784 5
664 813 9
664 815 7
664 854 8
664 901 8
665 680 2
665 697 10
665 730 8
665 737 1
665 762 2
665 764 7
665 797 10
665 803 2
665 812 8
665 824 3
665 837 6
665 857 4
665 865 5
665 880 4
665 886 8
665 893 3
665 897 9
666 670 6
666 686 9
666 711 7
666 714 7
666 742 8
666 770 8
666 783 8
666 789 1
666 814 5
666 839 5
666 874 2
666 887 1
667 687 4
667 695 1
667 704 2
667 732 3
667 783 10
667 785 2
667 849 6
667 876 7
667 890 2
668 674 9
668 684 4
668 685 6
668 690 5
668 755 9
668 782 1
668 783 10
668 798 6
668 827 5
668 864 8
668 869 4
668 873 3
669 674 7
669 683 2
669 743 3
669 776 6
669 795 2
669 839 5
669 840 10
669 841 6
669 862 8
669 900 10
670 697 9
670 730 8
670 736 4
670 741 3
670 745 10
670 746 5
670 748 8
670 750 6
670 779 8
670 791 7
670 794 1
670 818 4
670 866 3
670 895 9
671 684 6
671 695 2
671 725 6
671 726 10
671 770 1
671 782 1
671 786 4
671 815 9
671 836 3
671 839 8
671 848 5
671 863 4
671 874 3
672 691 4
672 704 1
672 804 10
672 833 6
672 839 9
672 852 10
672 864 9
673 695 3
673 724 9
673 733 3
673 750 2
673 752 6
673 767 3
673 821 8
673 824 6
673 830 6
673 863 2
673 870 6
673 890 1
673 892 3
674 687 3
674 716 2
674 737 6
674 755 4
674 780 5
674 797 4
674 825 6
674 842 3
674 868 8
674 881 9
675 676 7
675 744 4
675 748 9
675 758 6
675 833 9
675 862 9
675 863 7
676 678 7
676 690 3
676 697 7
676 721 1
676 798 4
676 800 2
676 818 3
676 827 4
676 833 9
676 842 10
676 845 5
676 862 4
676 868 10
676 884 10
676 886 7
677 681 3
677 703 7
677 708 10
677 740 8
677 757 10
677 766 7
677 767 2
677 780 10
677 787 7
677 850 8
677 852 3
677 855 7
677 886 5
678 686 1
678 687 5
678 705 4
678 715 9
678 730 9
678 740 10
678 744 9
678 764 2
678 812 2
678 833 4
678 850 7
678 878 10
678 879 3
678 894 2
678 901 6
679 695 3
679 712 3
679 713 2
679 725 5
679 758 1
679 796 3
679 800 4
679 805 10
679 810 9
679 815 7
679 829 1
679 851 5
679 863 4
679 878 3
679 891 1
679 892 1
679 895 5
680 681 7
680 729 4
680 776 5
680 832 5
680 840 3
680 867 4
680 896 8
681 686 6
681 707 7
681 712 5
681 718 6
681 721 1
681 744 8
681 757 1
681 773 5
681 812 2
681 843 4
681 850 2
681 858 2
681 897 6
682 719 5
682 725 3
682 781 6
682 795 2
682 807 4
682 826 2
682 838 7
682 879 8
682 896 2
683 710 9
683 812 3
683 815 10
683 879 4
684 734 7
684 746 6
684 752 7
684 755 2
684 785 5
684 787 4
684 839 10
684 878 9
685 732 9
685 767 1
685 806 8
685 828 1
685 838 5
685 850 9
685 861 4
685 898 6
686 742 2
686 770 1
686 785 3
686 822 5
686 825 6
686 826 6
686 865 8
687 688 7
687 702 4
687 712 5
687 724 10
687 758 3
687 765 9
687 788 1
687 799 6
687 807 8
687 823 8
687 875 4
687 889 9
688 690 3
688 699 10
688 707 1
688 737 3
688 760 8
688 774 3
688 813 1
688 820 1
688 822 7
688 885 1
689 692 6
689 708 5
689 709 3
689 713 7
689 757 7
689 763 7
689 768 4
689 778 4
689 816 6
689 822 3
689 823 7
689 828 2
689 871 2
689 875 1
689 891 1
689 893 5
690 691 9
690 719 10
690 736 2
690 744 4
690 766 10
690 783 4
690 785 3
690 803 10
690 849 7
690 865 3
690 869 2
690 871 9
690 877 3
690 879 1
691 778 9
691 780 8
691 784 7
691 799 1
691 818 6
691 828 3
691 886 9
692 716 10
692 717 8
692 723 4
692 726 2
692 764 4
692 766 6
692 786 5
692 838 5
692 866 8
693 715 1
693 723 5
693 736 7
693 740 3
693 755 8
693 758 8
693 759 8
693 762 1
693 768 10
694 695 6
694 738 3
694 779 1
694 799 4
694 818 7
694 843 3
694 858 3
694 888 4
694 891 9
695 711 5
695 712 10
695 717 3
695 726 4
695 753 1
695 757 10
695 786 7
695 804 2
695 824 6
695 851 4
695 853 8
695 861 2
695 864 3
696 718 9
696 725 6
696 726 1
696 748 1
696 752 5
696 773 9
696 822 10
696 857 7
696 888 8
696 895 6
696 896 1
697 702 10
697 775 1
697 787 7
697 789 5
697 825 3
697 862 3
697 868 3
697 872 8
697 884 2
698 709 8
698 734 3
698 804 2
698 820 9
698 822 9
698 827 5
698 840 6
698 864 5
698 885 2
698 889 7
698 896 7
698 901 2
699 716 4
699 722 8
699 736 4
699 747 1
699 771 8
699 798 4
699 803 7
699 818 5
699 847 1
699 881 8
699 898 6
700 716 1
700 742 4
700 753 10
700 785 6
700 793 6
700 794 5
700 796 5
700 808 9
700 813 2
700 826 7
700 836 2
700 883 2
700 887 7
700 893 8
700 896 8
701 705 1
701 707 2
701 786 6
701 796 10
701 803 3
701 806 2
701 830 9
701 837 7
701 849 2
701 863 6
701 877 2
702 713 8
702 727 2
702 729 2
702 762 7
702 770 7
702 781 4
702 798 1
702 812 7
702 813 1
702 848 8
702 859 1
702 866 5
702 890 9
703 712 4
703 721 3
703 778 10
703 796 7
703 822 10
703 844 8
703 872 4
703 877 2
703 878 9
704 751 2
704 818 1
704 823 3
704 848 3
704 863 9
704 900 1
705 711 4
705 720 4
705 783 2
705 789 3
705 800 5
705 814 5
705 818 10
705 822 4
705 866 1
705 881 2
706 776 2
706 782 1
706 798 1
706 806 2
706 842 8
706 857 9
706 860 7
706 870 10
706 872 9
706 873 3
706 877 9
707 723 8
707 724 9
707 728 3
707 742 8
707 747 10
707 779 3
707 810 10
707 814 2
708 732 4
708 754 3
708 757 7
708 760 9
708 772 6
708 774 1
708 778 6
708 784 3
708 790 10
708 806 9
708 823 3
708 836 3
708 844 10
708 897 5
709 744 4
709 768 3
709 774 2
709 817 2
709 832 9
709 847 2
709 885 2
709 887 3
710 769 2
710 773 9
710 791 1
710 801 4
710 862 6
711 715 2
711 758 9
711 795 8
711 811 3
711 825 2
711 842 10
711 884 1
712 726 10
712 800 7
712 801 2
712 833 5
712 848 9
712 854 3
712 863 5
713 725 3
713 839 6
713 858 4
713 864 8
713 869 1
713 872 6
713 876 9
713 896 2
714 780 6
714 824 2
714 838 6
715 730 1
715 749 6
715 757 4
715 815 3
715 845 9
715 894 2
716 736 5
716 788 7
716 805 9
716 876 9
716 881 10
716 884 10
717 727 2
717 729 2
717 735 8
717 753 3
717 780 6
717 793 7
717 826 5
717 839 1
717 853 9
717 893 2
718 729 6
718 790 8
718 820 4
718 840 4
718 851 9
718 872 8
718 879 1
718 891 10
718 892 3
719 722 1
719 747 5
719 772 6
719 785 6
719 794 6
719 798 9
719 802 2
719 839 4
719 840 9
719 842 10
719 867 6
720 733 10
720 784 1
720 787 7
720 829 8
720 849 5
720 888 2
721 724 4
721 767 2
721 773 4
721 783 4
721 823 5
721 840 2
721 856 2
722 724 9
722 753 5
722 758 10
722 761 6
722 768 7
722 778 1
722 793 10
722 802 10
722 824 8
722 826 5
723 730 5
723 734 5
723 774 4
723 783 6
723 785 8
723 814 4
723 833 7
723 874 3
724 753 4
724 796 10
724 824 1
724 837 1
724 839 6
724 885 3
725 739 6
725 742 7
725 748 8
725 763 9
725 779 2
725 800 9
725 821 2
725 825 2
725 829 5
725 880 3
726 727 9
726 733 2
726 734 4
726 736 8
726 745 1
726 766 3
726 827 4
726 838 7
726 846 7
726 855 9
726 856 4
726 868 6
726 889 3
726 900 10
727 754 1
727 755 6
727 790 1
727 791 1
727 863 6
728 730 7
728 733 5
728 746 1
728 772 3
728 781 3
728 784 1
728 799 6
728 820 3
728 839 3
728 871 9
728 899 10
729 736 5
729 737 7
729 764 3
729 775 10
729 779 4
729 788 5
729 834 2
729 872 8
729 882 1
730 742 8
730 756 8
730 791 4
730 804 4
730 807 10
730 816 5
730 831 4
730 832 5
730 836 6
730 849 4
730 877 10
730 883 4
730 885 9
730 888 2
730 893 8
730 895 3
731 743 3
731 783 6
731 821 7
731 822 5
731 851 4
731 859 6
731 865 1
731 890 1
732 738 10
732 750 1
732 759 6
732 789 4
732 792 2
732 813 5
732 817 4
732 857 2
732 865 3
732 878 9
732 882 7
733 742 2
733 747 6
733 763 2
733 819 7
733 839 3
733 870 5
733 883 8
733 886 6
734 748 5
734 749 10
734 798 5
734 872 9
735 772 2
735 801 10
735 804 8
735 825 8
735 826 4
735 832 3
735 834 8
735 894 6
736 785 5
736 873 8
736 874 1
736 878 8
736 892 2
737 738 8
737 747 4
737 748 3
737 773 10
737 826 4
737 828 9
737 841 3
737 885 9
737 886 10
738 739 1
738 749 1
738 753 6
738 760 9
738 771 8
738 797 3
738 837 10
738 844 3
738 845 3
738 878 1
738 900 2
739 758 10
739 760 10
739 769 5
739 786 5
739 793 7
739 833 10
740 768 9
740 815 7
740 819 3
740 821 8
740 834 8
740 835 10
740 853 1
740 885 2
740 891 1
741 760 5
741 762 2
741 784 3
741 796 3
741 883 3
741 887 4
741 894 6
741 897 8
742 762 4
742 793 5
742 879 2
742 884 3
742 901 7
743 746 7
743 748 5
743 763 1
743 824 6
743 833 4
743 864 7
743 890 2
744 785 2
744 788 9
744 815 2
744 832 8
744 856 1
744 885 10
744 891 7
744 898 2
745 764 10
745 776 8
745 821 4
745 822 6
745 827 9
745 834 8
745 848 9
745 878 1
745 880 1
745 882 6
745 884 1
745 890 6
746 747 10
746 805 4
746 809 8
746 832 9
746 856 10
746 874 4
746 880 1
746 882 8
746 889 7
746 900 7
747 768 9
747 781 1
747 796 5
747 805 1
747 854 8
747 866 7
747 888 2
748 758 5
748 778 10
748 799 1
748 803 4
748 824 3
748 837 7
748 884 5
749 756 1
749 764 7
749 776 5
749 796 3
749 816 4
749 818 7
749 850 1
749 894 5
750 775 3
750 787 10
750 853 3
750 872 4
750 900 4
751 770 3
751 775 1
751 776 2
751 778 2
751 816 2
751 861 2
751 867 6
751 895 4
752 757 2
752 771 5
752 772 5
752 810 6
752 839 4
752 877 5
752 878 1
752 881 9
752 882 3
752 899 5
752 900 9
753 756 1
753 778 2
753 779 3
753 813 4
753 834 8
753 841 3
753 844 9
753 854 2
754 767 3
754 783 3
754 803 6
754 806 8
754 807 8
754 812 6
754 820 9
754 873 9
754 886 9
754 901 3
755 777 6
755 783 2
755 797 4
755 816 10
755 827 6
755 832 9
756 765 6
756 804 3
756 814 9
756 815 4
756 839 7
756 850 4
756 857 4
756 859 8
756 866 7
756 875 8
757 764 3
757 770 4
757 794 1
757 808 1
757 815 8
757 826 5
757 850 4
757 860 3
757 861 2
757 868 1
757 884 10
758 762 2
758 778 1
758 781 9
758 802 4
758 805 6
758 806 2
758 815 7
758 827 8
758 832 10
758 834 7
758 856 3
759 860 4
760 791 8
760 838 8
760 842 10
760 847 3
760 867 1
760 879 9
760 881 9
760 897 8
761 776 2
761 797 4
761 798 10
761 816 2
761 832 1
761 846 6
761 851 7
761 876 5
761 896 9
762 764 9
762 771 5
762 776 1
762 834 9
762 890 5
763 822 6
763 831 7
763 876 6
763 877 5
763 881 4
763 896 5
764 769 1
764 772 6
764 779 8
764 807 10
764 873 3
764 885 10
765 792 2
765 812 5
765 838 8
765 849 2
765 873 4
766 803 9
766 862 6
766 872 6
766 901 3
767 772 8
767 792 1
767 800 9
767 801 3
767 831 10
767 861 10
767 879 9
767 885 2
767 900 10
768 806 3
768 808 7
768 828 6
768 835 8
768 855 1
768 868 9
769 800 5
769 840 4
769 878 6
770 811 2
770 832 3
770 854 10
770 870 1
771 787 5
771 788 6
771 791 1
771 799 8
771 804 10
771 807 1
771 827 3
771 829 5
771 856 3
771 874 3
771 881 5
771 893 4
771 901 7
772 786 6
772 811 5
772 815 5
772 842 7
772 864 4
772 874 7
772 899 4
773 779 10
773 788 6
773 812 6
773 823 10
773 825 10
773 847 9
773 881 6
774 797 4
774 805 2
774 828 7
774 829 6
774 831 8
774 886 3
774 888 6
774 900 5
775 783 2
775 786 7
775 795 10
775 801 8
775 805 1
775 810 2
775 820 4
775 823 6
775 829 8
775 838 10
775 895 10
775 897 2
775 898 6
776 787 4
776 796 10
776 827 1
776 841 3
776 842 5
776 869 7
776 877 2
776 879 7
776 888 5
777 781 9
777 816 10
777 843 6
777 873 6
778 782 7
778 783 5
778 789 8
778 791 5
778 849 10
778 886 1
778 889 1
778 892 9
779 819 8
779 842 3
779 846 10
780 786 1
780 810 9
780 812 9
780 842 2
780 862 10
780 881 2
780 891 8
781 834 3
781 837 1
781 839 10
781 857 7
781 880 7
781 881 6
781 882 1
781 890 5
781 895 3
782 803 9
782 809 4
782 818 10
782 828 6
782 841 3
782 845 5
782 847 5
782 849 7
782 854 4
782 858 5
782 875 9
783 784 2
783 798 4
783 808 1
783 826 3
783 836 7
783 863 1
783 891 1
783 897 8
784 791 1
784 820 2
784 827 7
784 836 5
784 858 4
784 870 9
784 884 2
785 799 2
785 800 6
785 863 2
785 876 7
786 788 8
786 800 2
786 866 2
787 804 10
787 812 8
787 874 4
787 877 4
787 897 2
788 795 10
788 802 9
788 818 9
788 840 8
788 847 2
788 854 4
788 855 1
788 864 6
788 874 10
789 791 3
789 796 6
789 799 10
789 806 5
789 879 9
789 893 8
790 814 10
790 851 4
790 860 6
790 896 1
791 867 5
791 898 2
792 825 4
792 835 1
792 849 1
793 794 5
793 803 3
793 815 10
793 849 4
793 865 6
793 868 5
793 870 8
793 874 8
793 875 3
793 892 8
793 899 7
794 812 6
794 865 1
794 879 7
795 796 1
795 814 3
795 821 2
795 828 8
795 867 2
795 884 6
795 897 8
796 813 1
796 836 5
797 810 1
797 833 7
797 864 7
797 870 6
797 883 10
797 895 10
798 815 8
798 823 10
798 866 7
798 890 10
799 809 2
799 816 2
799 886 8
799 888 6
799 893 9
799 898 5
800 821 1
800 858 6
800 860 1
800 862 8
800 873 9
801 805 10
801 818 1
801 823 1
801 853 1
801 858 8
801 872 4
801 884 6
802 807 8
802 851 4
802 868 3
802 879 8
802 882 2
802 887 9
802 889 5
802 898 3
803 817 1
803 833 5
803 840 5
803 862 9
804 875 4
804 890 6
804 896 10
804 899 3
805 812 3
805 836 1
805 857 7
805 859 5
805 862 6
805 869 10
805 889 3
805 899 4
806 878 1
806 899 3
807 829 6
807 841 1
807 883 2
808 813 9
808 833 8
808 851 9
808 858 5
808 881 2
809 811 9
809 819 8
809 821 3
809 882 5
810 832 1
810 838 3
810 845 9
810 857 5
810 860 3
810 867 5
810 871 2
811 844 2
811 877 7
811 887 4
811 896 2
811 900 6
811 901 1
812 826 10
812 835 5
812 843 5
812 879 5
812 881 7
812 887 9
812 897 1
813 851 7
813 866 10
813 878 1
814 822 6
814 825 1
814 864 5
814 867 10
814 872 1
815 836 3
815 843 2
815 862 5
815 866 5
815 868 6
815 881 4
815 882 9
816 818 8
816 841 8
816 843 10
816 860 9
816 897 6
817 828 5
817 861 3
817 885 1
818 825 5
818 835 4
818 836 5
818 870 9
818 875 8
818 880 1
818 888 7
818 895 10
818 897 9
819 834 9
819 856 1
819 875 7
819 884 9
820 826 5
820 860 6
820 878 9
820 880 9
821 839 9
821 841 5
821 842 3
821 851 4
821 870 8
821 897 1
822 823 1
822 838 7
822 847 2
822 882 1
822 888 3
822 891 7
823 845 3
823 846 3
823 849 3
823 850 8
823 884 10
824 830 2
824 842 6
824 844 2
824 847 10
824 870 5
825 845 3
825 861 8
825 867 5
825 879 1
826 847 8
826 860 2
826 870 8
826 877 8
826 901 2
827 836 6
827 842 3
827 850 5
827 856 9
827 876 2
827 878 7
827 896 9
827 897 9
828 838 9
828 852 1
828 868 3
829 842 7
829 871 4
829 873 7
829 878 9
829 886 1
830 851 8
830 853 2
830 855 8
830 879 10
830 889 2
830 892 3
830 894 4
831 833 9
831 859 9
831 876 6
832 844 9
832 848 2
833 882 3
834 878 6
834 880 4
835 860 8
835 867 8
835 883 8
835 894 8
836 879 2
836 892 6
836 897 8
837 843 10
837 869 6
837 895 8
837 901 4
838 846 2
838 896 1
839 870 2
840 860 3
840 871 4
840 894 10
840 897 6
841 864 3
841 897 1
842 865 7
843 848 7
843 856 4
843 882 8
844 848 6
844 850 9
844 857 6
844 865 9
844 867 3
844 870 3
844 883 2
844 885 10
844 893 1
845 854 1
845 899 9
846 862 2
846 872 7
846 873 6
846 884 3
846 885 2
846 887 3
846 893 8
846 901 6
847 863 6
847 870 9
847 873 8
847 879 9
848 852 8
848 860 5
848 883 3
848 888 8
849 854 2
849 862 10
849 869 3
849 886 1
849 892 7
850 862 3
850 878 8
850 887 5
850 894 5
851 855 10
851 880 9
851 882 6
851 887 2
851 893 9
852 863 4
852 878 5
852 882 5
852 890 9
852 896 9
853 865 9
853 881 2
854 876 6
854 898 4
854 901 7
855 883 7
855 888 3
856 858 7
856 868 4
856 874 7
857 858 1
857 868 4
857 879 10
857 890 10
858 873 8
859 896 10
860 866 8
861 862 1
861 871 7
862 868 3
862 869 7
862 871 9
863 870 3
863 876 3
863 899 10
864 870 1
864 877 6
864 891 5
866 889 8
867 878 7
867 886 5
867 901 6
868 879 10
868 899 3
869 898 9
870 888 8
871 882 9
873 877 3
873 883 6
873 891 4
874 891 9
874 896 6
874 897 9
875 878 9
875 884 8
875 893 7
875 896 10
876 884 5
878 883 9
878 891 7
878 897 9
879 880 5
879 894 7
880 891 1
883 895 7
885 897 6
886 899 4
888 895 5
889 894 2
889 895 1
894 898 3
895 899 7
896 899 6
897 898 2
900 901 1
902 601 43
903 901 10
902 903 22
