904 6735
86 82 29 48 68 82 22 19 100 98 86 57 43 34 40 49 11 78 20 81 9 56 39 87 92 3 91 61 12 85 37 97 18 65 44 86 99 18 4 98 67 89 54 9 74 94 10 85 23 29 17 83 84 55 21 27 9 12 88 20 96 24 68 14 88 64 51 86 33 6 36 99 95 41 60 20 34 69 4 8 97 73 43 33 27 63 59 88 74 98 59 70 21 27 35 61 42 37 98 26 42 33 24 88 74 35 8 59 3 63 19 52 35 61 84 14 23 42 1 97 92 59 18 12 37 4 24 30 92 74 55 33 6 31 21 31 65 80 42 20 42 12 71 29 72 54 42 46 47 42 94 38 52 63 2 41 18 25 70 9 98 77 94 56 7 66 38 23 45 79 42 38 90 12 66 13 17 7 11 64 100 4 1 4 19 2 44 36 79 65 97 28 41 90 35 99 7 73 74 51 3 67 40 45 79 6 57 47 64 67 10 64 23 63 19 41 16 62 28 94 78 24 74 71 65 8 69 71 32 94 21 35 61 61 79 91 18 87 37 81 6 47 96 28 9 14 68 24 27 95 70 5 71 95 75 35 2 95 6 86 89 78 20 1 90 50 91 7 36 27 88 41 25 83 20 85 49 87 61 75 34 30 79 56 24 5 90 77 100 95 62 40 25 33 40 14 82 30 21 70 55 94 69 100 1 34 42 73 18 97 21 64 71 89 83 58 48 27 41 40 28 100 46 61 16 55 97 76 10 59 53 16 4 21 15 4 7 8 28 76 4 48 39 27 88 21 84 87 99 76 26 27 76 24 39 43 30 36 70 39 94 22 54 49 95 21 52 53 28 80 80 84 79 18 10 19 91 45 5 89 73 83 15 100 58 54 42 87 41 64 26 86 37 31 34 83 3 37 35 83 68 14 18 99 84 27 17 74 23 73 14 95 55 81 46 12 86 88 51 26 3 76 63 39 58 96 22 13 84 8 95 4 74 64 2 57 90 18 82 64 42 47 11 97 27 56 60 12 95 10 89 97 37 51 36 47 98 9 59 34 16 5 37 89 68 38 97 9 7 30 72 48 29 34 44 55 90 56 19 36 17 7 33 54 10 20 52 59 28 10 92 95 66 28 36 33 65 84 93 23 66 64 71 94 50 66 48 91 21 18 26 90 25 10 95 86 29 46 44 8 55 36 55 72 15 42 4 32 25 96 54 90 11 24 35 12 42 83 2 62 52 28 3 76 89 97 13 70 42 57 29 48 44 83 19 10 24 74 41 1 21 95 42 32 70 77 95 11 11 97 25 62 76 27 90 64 24 2 33 17 10 62 65 5 96 35 15 20 9 55 72 29 1 65 12 23 41 7 33 3 84 87 43 87 63 28 61 97 69 95 100 23 23 69 57 47 66 92 82 24 98 10 37 62 14 65 79 49 34 11 28 72 80 70 58 42 50 70 90 18 65 89 40 39 9 96 37 75 39 18 98 37 28 86 98 93 2 29 41 35 91 69 59 70 90 68 11 39 38 53 57 54 93 96 92 2 44 29 76 82 98 25 18 25 62 68 17 64 48 10 98 38 78 56 8 67 24 70 6 13 22 14 66 67 61 9 68 4 89 95 86 87 71 55 63 32 74 80 95 21 89 45 59 18 52 66 36 27 87 93 39 61 6 56 27 67 17 94 22 5 40 59 43 10 14 6 41 39 85 88 60 25 84 18 94 35 35 29 62 21 22 52 33 79 60 59 97 76 4 19 32 43 77 75 52 42 80 45 33 16 84 92 40 67 61 33 1 47 13 14 19 86 18 52 17 29 10 13 4 14 83 87 56 12 61 60 5 40 56 37 55 39 28 46 5 40 30 57 86 95 23 57 80 92 8 96 20 17 61 75 82 43 61 90 54 22 1 59 13 56 95 20 46 75 65 2 14 47 58 52 41 32 8 72 23 15 68 42 83 80 68 17 22 29 6 76 50 6 34 14 13 80 33 58 54 50 59 20 96 68 71 88 100 78 59 74 44 78 68 26 57 35 94 79 63 99 54 64 56 39 78 20 36 87
0 16 8
0 33 60
0 45 10
0 54 33
0 59 42
0 80 30
0 93 17
0 126 42
0 151 68
0 200 29
0 209 17
0 222 53
0 224 58
0 244 95
0 251 8
0 269 33
0 280 52
1 13 50
1 26 62
1 42 51
1 44 96
1 47 75
1 55 42
1 72 20
1 78 8
1 90 81
1 108 34
1 165 41
1 170 62
1 192 54
1 260 10
1 264 21
1 265 13
1 296 72
2 18 5
2 25 6
2 31 53
2 65 74
2 83 48
2 86 72
2 98 2
2 119 16
2 141 77
2 245 12
2 248 62
2 267 36
2 283 96
2 298 13
3 12 85
3 28 57
3 50 15
3 55 81
3 82 84
3 108 56
3 149 52
3 174 43
3 178 88
3 187 85
3 242 83
4 7 1
4 8 90
4 11 45
4 27 22
4 42 54
4 46 68
4 85 26
4 121 12
4 122 72
4 149 99
4 153 11
4 155 95
4 208 1
4 209 26
4 212 71
4 218 64
4 263 87
4 285 59
4 287 59
4 294 52
5 15 43
5 66 16
5 77 66
5 124 75
5 128 51
5 148 22
5 189 79
5 215 93
5 243 61
5 268 63
5 284 27
5 296 62
6 25 53
6 27 23
6 31 83
6 71 58
6 89 42
6 95 60
6 135 69
6 137 13
6 157 59
6 159 79
6 187 60
6 215 11
6 249 4
6 266 82
6 269 74
6 288 43
7 26 40
7 35 32
7 37 94
7 43 35
7 48 99
7 56 11
7 59 61
7 65 1
7 69 84
7 76 39
7 82 93
7 100 45
7 174 2
7 186 72
7 213 6
7 214 6
7 219 94
7 227 40
7 283 15
7 287 36
8 30 99
8 70 84
8 94 100
8 116 9
8 140 14
8 150 59
8 162 71
8 189 70
8 197 41
8 236 96
8 279 12
9 138 32
9 170 28
9 210 57
9 226 66
9 257 78
9 265 67
10 17 27
10 40 31
10 60 51
10 120 65
10 143 23
10 155 95
10 173 18
10 177 46
10 180 52
10 204 75
10 206 40
10 232 91
10 247 90
10 279 27
10 283 41
11 24 73
11 26 26
11 31 50
11 63 86
11 77 37
11 105 20
11 145 55
11 186 29
11 212 16
11 214 18
11 245 60
12 15 95
12 24 26
12 38 26
12 63 24
12 67 93
12 81 4
12 99 54
12 118 95
12 149 68
12 151 29
12 185 41
12 186 38
12 250 74
12 279 92
12 298 12
13 20 65
13 45 34
13 84 1
13 90 91
13 102 74
13 130 25
13 162 69
13 226 23
13 249 63
13 254 5
13 279 95
14 23 69
14 46 33
14 76 10
14 108 87
14 112 92
14 200 56
14 209 12
14 227 69
14 245 31
15 16 56
15 49 72
15 83 85
15 142 50
15 160 92
15 180 65
15 212 90
15 234 29
15 243 90
15 268 33
16 53 40
16 72 55
16 85 66
16 187 93
16 205 97
16 230 40
16 252 69
16 255 17
16 260 62
16 275 31
16 291 21
17 23 56
17 25 100
17 28 5
17 35 17
17 39 38
17 82 49
17 86 24
17 88 1
17 103 69
17 109 55
17 144 57
17 158 41
17 159 91
17 160 58
17 171 32
17 185 55
17 236 48
17 276 60
17 295 44
18 40 80
18 56 51
18 89 50
18 111 46
18 129 95
18 163 99
18 191 37
18 203 64
18 242 15
18 272 98
19 42 94
19 44 88
19 95 6
19 102 45
19 127 44
19 163 74
19 168 82
19 181 92
19 221 50
19 228 35
19 255 61
19 271 4
20 37 91
20 43 53
20 63 94
20 64 48
20 85 84
20 98 100
20 110 47
20 126 95
20 136 95
20 138 79
20 148 97
20 153 45
20 161 76
20 213 92
20 214 95
20 287 12
20 288 7
21 34 9
21 40 61
21 49 100
21 63 96
21 132 18
21 149 97
21 153 40
21 189 44
21 218 30
21 234 83
21 249 93
21 256 64
21 291 95
22 28 96
22 30 54
22 38 47
22 44 41
22 46 54
22 68 82
22 70 40
22 110 100
22 118 76
22 127 86
22 135 30
22 171 25
22 186 30
22 202 5
22 231 16
22 241 24
22 262 68
22 287 74
22 291 85
23 45 29
23 60 25
23 119 32
23 121 46
23 129 21
23 171 71
23 264 41
23 280 51
23 284 6
23 294 33
24 35 66
24 45 100
24 61 80
24 84 72
24 93 47
24 110 72
24 118 25
24 119 28
24 120 63
24 172 76
24 187 56
24 195 49
24 204 6
24 206 80
24 216 78
24 223 62
25 60 47
25 68 54
25 77 30
25 130 20
25 140 90
25 157 58
25 163 44
25 167 21
25 178 55
25 188 17
25 191 44
25 202 96
25 249 19
25 252 49
25 254 80
25 280 84
25 288 100
26 29 60
26 41 55
26 54 46
26 78 31
26 79 31
26 81 26
26 107 94
26 124 7
26 143 33
26 153 94
26 200 64
26 217 12
26 233 23
26 266 25
26 272 10
26 273 28
27 62 6
27 67 81
27 83 17
27 89 15
27 93 76
27 100 90
27 112 70
27 144 92
27 158 33
27 181 17
27 190 10
27 221 33
27 226 48
27 232 46
27 294 32
28 43 7
28 49 100
28 62 30
28 66 90
28 68 31
28 124 7
28 187 35
28 194 89
28 234 39
28 246 28
28 259 52
28 260 2
28 272 2
28 297 28
29 70 11
29 84 30
29 109 34
29 130 91
29 141 46
29 144 48
29 162 18
29 164 35
29 200 69
29 206 10
29 220 19
29 253 37
30 44 71
30 62 51
30 66 85
30 76 16
30 78 83
30 96 43
30 122 68
30 139 64
30 163 32
30 167 50
30 178 70
30 218 18
30 269 38
30 273 8
30 285 97
31 85 41
31 93 9
31 167 99
31 216 68
31 218 71
31 244 28
31 248 53
31 267 13
31 272 25
31 279 53
31 287 30
31 296 12
31 299 21
32 56 91
32 92 30
32 122 58
32 163 62
32 174 81
32 227 42
32 265 29
32 276 15
32 293 84
32 297 48
33 70 30
33 107 68
33 126 97
33 145 99
33 176 37
33 226 86
33 240 6
33 247 86
33 261 26
33 294 66
33 298 36
34 51 46
34 55 36
34 65 15
34 82 50
34 87 100
34 92 39
34 116 2
34 121 29
34 159 50
34 193 23
34 216 20
34 235 80
34 248 32
34 254 33
34 284 12
35 80 25
35 83 61
35 84 78
35 89 60
35 95 61
35 101 7
35 132 79
35 134 57
35 138 5
35 144 68
35 155 43
35 182 62
35 198 5
35 223 20
35 232 79
35 290 40
36 40 65
36 62 14
36 82 54
36 89 67
36 90 65
36 123 44
36 131 68
36 156 93
36 159 46
36 177 42
36 180 12
36 191 77
36 202 73
36 234 96
36 241 40
36 246 49
36 255 9
36 278 17
37 45 61
37 55 69
37 61 23
37 66 39
37 110 77
37 119 79
37 173 58
37 243 19
37 265 92
37 287 62
38 118 91
38 155 70
38 192 1
38 271 7
38 282 35
39 91 6
39 101 73
39 115 99
39 122 2
39 137 41
39 147 91
39 174 47
39 176 82
39 207 55
39 261 75
39 280 7
39 290 50
40 56 14
40 66 7
40 73 10
40 119 30
40 134 67
40 203 78
40 224 4
40 237 58
40 240 55
40 252 82
40 279 15
41 52 25
41 64 73
41 76 77
41 81 15
41 86 94
41 88 77
41 114 74
41 131 28
41 158 35
41 168 46
41 175 26
41 196 36
41 233 38
41 243 68
41 288 34
42 72 72
42 87 22
42 117 8
42 144 30
42 155 24
42 200 21
42 226 36
42 227 33
42 255 2
42 271 3
42 273 63
42 280 5
42 284 12
43 57 69
43 69 38
43 88 26
43 100 93
43 140 10
43 148 2
43 154 60
43 156 3
43 166 31
43 168 85
43 184 82
43 186 65
43 191 30
43 225 7
43 231 52
43 235 20
43 262 26
43 265 85
43 285 91
44 80 48
44 83 92
44 96 20
44 122 23
44 132 64
44 140 7
44 164 7
44 179 65
44 187 61
44 224 21
44 225 69
44 244 72
44 275 89
44 276 6
45 46 98
45 106 34
45 144 67
45 162 51
45 168 93
45 180 21
45 239 81
45 282 77
45 288 2
46 58 97
46 60 58
46 67 60
46 92 48
46 105 29
46 125 85
46 176 84
46 193 19
46 202 84
46 209 75
46 218 90
46 220 58
46 225 90
46 233 97
46 235 65
46 241 54
46 255 57
46 257 37
46 261 22
46 262 81
46 265 26
46 267 79
46 275 78
46 277 59
47 53 45
47 61 28
47 69 3
47 74 17
47 102 61
47 107 31
47 113 18
47 155 9
47 172 40
47 212 29
47 214 57
47 225 69
47 278 14
48 64 92
48 87 87
48 114 49
48 122 19
48 161 29
48 200 7
48 201 8
48 206 25
48 214 23
48 241 62
48 268 33
49 54 59
49 78 35
49 83 13
49 97 36
49 104 14
49 115 42
49 143 94
49 186 10
49 187 22
49 193 48
49 194 27
49 205 82
49 276 30
49 277 44
49 285 90
49 293 70
50 58 25
50 63 98
50 90 38
50 102 38
50 115 42
50 135 76
50 217 86
50 251 60
50 280 4
50 286 44
50 290 67
51 61 80
51 76 66
51 87 28
51 105 13
51 131 77
51 140 15
51 150 77
51 204 12
51 278 28
51 299 19
52 75 58
52 82 37
52 178 40
52 214 57
52 221 63
52 228 73
52 231 87
52 233 59
52 234 14
52 281 56
53 56 83
53 74 64
53 103 45
53 125 72
53 133 5
53 180 20
53 195 9
53 196 64
53 231 76
53 257 53
53 271 30
54 55 55
54 68 70
54 106 10
54 120 19
54 126 46
54 149 24
54 170 96
54 195 10
54 200 3
54 206 66
54 223 19
54 238 91
54 255 5
54 266 75
54 278 54
54 297 29
54 299 61
55 86 64
55 87 42
55 98 68
55 110 98
55 117 57
55 138 12
55 142 21
55 146 61
55 151 84
55 159 29
55 165 24
55 167 59
55 173 33
55 178 6
55 201 65
55 215 3
55 223 67
55 249 84
55 252 100
55 263 42
55 285 31
55 286 61
55 290 96
55 296 96
56 78 79
56 81 86
56 104 52
56 125 6
56 144 91
56 156 32
56 205 66
56 207 54
56 214 73
56 219 34
56 239 3
56 242 82
56 288 97
57 63 23
57 79 42
57 83 80
57 101 52
57 130 18
57 145 90
57 156 36
57 178 75
57 187 55
57 188 38
57 217 41
57 233 90
57 253 90
57 256 34
58 86 72
58 91 50
58 109 29
58 117 67
58 139 81
58 165 14
58 187 70
58 209 86
58 226 5
58 241 1
58 248 3
58 251 10
58 285 25
59 89 88
59 92 65
59 98 6
59 128 85
59 133 87
59 134 48
59 143 16
59 189 90
59 206 17
59 225 6
59 241 26
59 290 91
60 146 12
60 153 15
60 181 83
60 202 53
60 208 4
60 209 16
60 221 24
60 224 6
60 240 44
60 243 90
60 245 38
60 259 9
60 260 11
60 263 23
60 272 65
60 285 11
61 126 25
61 136 27
61 163 87
61 180 13
61 193 91
61 207 93
61 220 49
61 262 77
61 297 92
61 299 64
62 68 19
62 76 60
62 86 21
62 109 96
62 132 50
62 175 84
62 195 10
62 199 32
62 202 36
62 215 66
62 225 99
62 245 59
62 267 23
62 295 94
63 94 100
63 103 60
63 105 2
63 106 10
63 122 34
63 166 19
63 167 72
63 181 58
63 208 45
63 228 59
63 244 22
63 265 35
64 99 3
64 111 22
64 113 63
64 164 46
64 203 38
64 209 81
64 242 5
64 243 10
64 261 76
64 271 6
64 295 94
65 100 38
65 109 37
65 115 29
65 159 3
65 173 35
65 177 40
65 189 77
65 242 80
65 244 39
65 256 36
65 273 81
65 289 1
66 78 69
66 92 99
66 93 24
66 94 78
66 103 95
66 109 34
66 111 52
66 116 29
66 145 36
66 151 73
66 155 44
66 166 33
66 178 10
66 182 24
66 187 37
66 203 72
66 208 52
66 217 42
66 228 65
66 234 41
66 280 30
66 297 45
66 299 95
67 99 16
67 148 84
67 190 71
67 245 95
67 278 75
67 280 58
67 290 28
67 293 75
68 94 26
68 112 78
68 135 50
68 140 55
68 141 73
68 165 84
68 171 6
68 182 53
68 191 19
68 195 31
68 216 96
68 227 4
68 271 92
68 274 72
68 276 40
68 286 63
68 295 75
69 139 34
69 147 27
69 155 15
69 171 15
69 182 24
69 188 9
69 258 31
69 266 7
69 269 31
69 285 77
70 76 81
70 105 88
70 115 56
70 121 7
70 144 65
70 146 34
70 151 57
70 159 71
70 184 6
70 196 40
70 200 29
70 225 10
70 234 10
70 236 59
70 260 6
70 275 13
70 292 2
71 100 77
71 148 5
71 165 65
71 166 51
71 216 90
71 219 43
71 236 17
71 246 4
71 249 66
71 250 77
72 108 86
72 109 25
72 156 7
72 167 15
72 181 57
72 184 46
72 226 70
72 233 64
72 246 62
72 275 3
72 284 72
72 289 32
73 78 60
73 107 63
73 112 60
73 191 70
73 220 72
73 231 70
73 232 27
73 235 37
73 267 72
73 277 3
73 286 93
73 290 88
73 292 5
74 76 82
74 150 30
74 192 21
74 232 37
75 81 48
75 153 97
75 169 75
75 193 72
75 212 55
75 229 89
75 241 28
75 253 100
75 255 10
76 84 43
76 118 13
76 144 65
76 153 66
76 155 44
76 180 76
76 205 28
76 227 56
76 250 97
76 281 52
76 289 77
77 79 23
77 89 88
77 118 48
77 124 77
77 130 80
77 157 87
77 164 81
77 167 13
77 197 17
77 219 53
77 237 1
77 242 16
77 251 1
77 264 75
78 155 39
78 192 7
78 195 15
78 198 18
78 265 58
78 277 77
78 295 13
79 94 70
79 100 41
79 112 78
79 177 66
79 182 16
79 201 6
79 224 21
79 226 13
79 276 57
79 282 97
80 107 35
80 118 96
80 125 97
80 132 64
80 143 27
80 173 83
80 181 44
80 195 39
81 122 51
81 131 49
81 132 91
81 135 18
81 150 1
81 154 18
81 166 56
81 226 8
81 285 32
82 118 26
82 119 65
82 138 60
82 149 38
82 175 35
82 180 100
82 196 15
82 210 100
82 263 16
82 288 72
82 295 72
83 126 80
83 160 28
83 218 68
83 229 14
83 256 75
83 272 16
83 288 77
84 145 1
84 148 99
84 195 73
84 212 91
84 226 1
84 238 73
84 267 82
85 138 19
85 139 73
85 149 99
85 160 74
85 162 80
85 175 82
85 186 99
85 212 45
85 227 42
85 231 88
85 232 31
85 258 41
85 268 55
85 274 30
85 285 8
86 88 26
86 93 53
86 107 87
86 113 6
86 137 20
86 139 53
86 149 80
86 170 88
86 177 29
86 183 81
86 225 86
86 230 53
86 233 71
86 262 86
86 279 25
86 284 4
87 109 4
87 124 50
87 155 2
87 163 30
87 167 29
87 186 84
87 196 80
87 238 25
87 282 25
88 105 68
88 108 55
88 112 17
88 176 74
88 198 36
88 220 25
88 238 99
88 255 88
88 256 63
88 286 56
88 298 60
89 134 15
89 202 88
89 249 47
89 251 96
89 292 20
90 158 84
90 170 48
90 202 42
90 210 21
90 216 25
90 238 46
90 242 77
90 244 74
90 270 47
90 292 6
90 296 54
91 149 82
91 157 37
91 158 79
91 170 58
91 191 56
91 220 85
91 244 27
91 246 29
91 271 73
91 279 3
91 281 80
92 104 60
92 105 65
92 114 87
92 115 71
92 118 80
92 120 74
92 188 69
92 200 27
92 206 93
92 256 52
93 128 26
93 144 35
93 218 73
93 219 50
93 220 32
93 263 1
93 284 75
94 123 30
94 163 6
94 169 81
94 190 12
94 194 94
94 211 11
94 213 21
95 143 50
95 163 95
95 176 47
95 179 30
95 211 19
95 215 49
95 243 61
95 246 31
95 254 66
95 260 48
95 286 1
95 287 45
95 291 21
96 108 70
96 120 23
96 131 66
96 165 73
96 209 48
96 244 52
96 297 45
97 119 50
97 123 83
97 153 97
97 163 76
97 167 12
97 183 2
97 207 56
97 247 75
97 249 48
97 261 66
97 267 96
97 284 49
98 112 13
98 118 94
98 119 78
98 180 31
98 202 43
98 212 39
98 254 61
98 272 8
98 278 38
98 294 62
98 297 4
99 113 58
99 148 83
99 174 26
99 186 75
99 195 55
99 200 25
99 208 26
99 221 52
99 240 74
99 294 60
100 116 48
100 131 50
100 143 72
100 160 2
100 162 5
100 165 98
100 177 49
100 225 23
100 247 93
100 248 49
100 250 35
100 257 87
101 115 26
101 134 65
101 141 81
101 153 16
101 159 26
101 164 40
101 184 53
101 187 39
101 190 43
101 215 63
101 229 21
101 242 20
101 269 37
102 109 75
102 125 44
102 163 15
102 209 78
102 212 70
102 218 74
102 231 26
102 233 71
102 240 97
103 130 79
103 180 27
103 202 95
103 218 27
103 241 49
103 243 39
103 258 75
103 282 83
104 107 77
104 133 52
104 145 100
104 147 9
104 169 20
104 190 25
104 197 48
104 212 24
104 219 15
104 232 90
104 291 86
104 295 35
105 128 61
105 148 75
105 156 61
105 173 57
105 180 41
105 189 39
105 195 78
105 203 14
105 204 16
105 221 48
105 225 63
105 262 94
105 268 74
105 287 9
106 167 72
106 225 75
106 244 47
106 249 98
106 267 9
106 270 76
106 274 1
106 286 8
106 291 84
107 111 20
107 148 84
107 152 84
107 154 44
107 208 98
107 228 25
107 240 81
107 242 84
107 261 86
107 268 7
107 284 97
108 117 94
108 143 47
108 147 87
108 157 71
108 161 13
108 228 2
108 256 18
108 279 27
108 299 47
109 121 43
109 127 35
109 146 70
109 151 69
109 154 33
109 155 67
109 168 78
109 174 60
109 200 19
109 217 37
109 218 44
109 238 39
109 241 21
110 113 27
110 116 34
110 167 70
110 169 51
110 171 66
110 181 6
110 190 88
110 205 73
110 213 2
110 231 81
110 234 71
110 275 88
110 278 51
111 113 35
111 123 41
111 126 20
111 151 61
111 178 87
111 204 15
111 211 47
111 237 56
111 239 83
111 241 80
111 299 74
112 122 12
112 139 39
112 145 44
112 166 49
112 182 34
112 192 34
112 222 21
112 227 12
112 249 67
112 252 42
112 268 15
113 137 85
113 152 47
113 153 54
113 157 9
113 161 48
113 177 35
113 187 79
113 204 87
113 217 37
113 238 66
113 261 27
113 276 57
113 278 26
113 284 13
113 293 71
113 295 73
114 136 20
114 142 53
114 177 4
114 193 45
114 195 65
114 212 42
114 244 89
114 246 65
114 260 28
114 286 22
115 139 85
115 180 91
115 188 41
115 196 78
115 264 5
115 266 25
115 279 25
115 294 59
116 136 33
116 145 24
116 167 45
116 175 63
116 188 11
116 199 81
116 205 28
116 225 37
116 292 37
117 118 6
117 133 50
117 151 59
117 153 78
117 154 21
117 156 64
117 228 81
118 130 66
118 153 80
118 158 74
118 177 6
118 189 44
118 204 53
118 208 27
118 227 80
118 233 44
118 284 67
119 152 57
119 160 48
119 174 43
119 190 33
119 212 58
119 214 27
119 255 57
120 132 2
120 133 90
120 145 67
120 151 83
120 153 69
120 157 3
120 181 71
120 196 74
120 212 4
120 216 82
120 236 51
120 256 77
120 260 45
120 267 83
120 268 42
120 291 76
121 152 9
121 173 99
121 175 71
121 211 61
121 257 25
121 266 50
121 276 4
121 286 44
122 128 58
122 130 4
122 163 38
122 192 91
122 253 13
122 285 65
122 288 47
123 126 15
123 144 54
123 161 65
123 166 49
123 169 74
123 189 67
123 197 19
123 201 48
123 210 23
123 214 52
123 220 50
123 274 99
124 136 96
124 145 33
124 147 92
124 176 71
124 182 93
124 198 90
124 214 41
124 224 53
124 226 66
124 230 42
124 237 9
124 256 61
124 263 52
124 286 64
124 299 99
125 128 42
125 139 76
125 141 15
125 191 40
125 201 90
125 255 20
125 257 56
125 264 90
125 278 93
126 138 74
126 142 61
126 179 40
126 200 96
126 217 12
126 221 90
126 234 46
126 248 8
126 267 74
126 282 37
127 145 30
127 279 66
128 140 78
128 157 23
128 176 70
128 179 96
128 204 16
128 239 78
128 249 56
128 256 67
128 266 93
128 285 6
129 271 60
129 273 69
129 279 20
129 285 51
130 147 10
130 160 39
130 168 6
130 178 100
130 220 32
130 234 80
130 237 12
130 270 23
130 292 27
131 144 23
131 147 12
131 189 73
131 258 82
131 278 85
131 288 9
131 291 12
131 292 2
132 154 39
132 211 86
132 219 72
132 268 34
132 270 1
132 281 1
132 292 41
133 134 68
133 146 94
133 150 47
133 187 79
133 192 14
133 256 18
133 278 30
134 156 75
134 179 57
134 196 35
134 208 26
134 212 40
134 241 14
134 289 37
134 294 14
135 138 41
135 145 60
135 149 26
135 154 65
135 172 41
135 207 62
135 209 25
135 224 4
135 226 64
135 251 63
135 258 89
135 264 35
135 272 48
135 277 90
135 284 35
135 297 89
136 147 9
136 163 80
136 167 87
136 222 87
136 242 93
136 256 4
136 269 16
137 155 68
137 173 12
137 213 3
137 229 93
137 238 3
137 250 68
138 171 30
138 198 17
138 201 60
138 205 41
138 219 42
139 186 24
139 212 81
139 249 55
139 251 49
140 144 85
140 158 18
140 168 63
140 171 25
140 186 4
140 207 11
140 284 14
140 292 91
140 293 99
141 211 74
141 225 70
141 233 85
141 245 13
141 260 15
141 262 40
141 282 28
141 290 82
142 182 52
142 210 82
142 218 26
142 250 54
142 252 50
142 279 7
142 294 70
143 164 9
143 180 47
143 268 63
143 271 33
144 146 80
144 166 18
144 180 33
144 183 64
144 216 87
144 245 95
144 282 40
144 292 91
145 241 5
145 268 54
145 280 33
146 168 55
146 175 79
146 194 2
146 207 39
146 247 91
146 250 16
146 252 79
147 179 71
147 253 49
147 261 82
147 287 52
148 153 27
148 175 35
148 189 1
148 269 33
148 281 57
148 289 62
149 154 32
149 158 19
149 161 46
149 165 11
149 214 88
149 241 78
149 289 26
150 168 27
150 186 72
150 230 65
150 270 17
150 272 29
150 275 70
150 296 1
151 170 83
151 183 49
151 203 2
151 209 22
151 214 91
151 237 70
151 274 52
151 287 61
152 164 18
152 180 85
152 238 65
152 251 44
152 275 19
152 276 65
152 287 29
153 154 27
153 188 78
153 202 60
153 205 98
153 214 23
153 216 70
153 231 85
153 262 100
153 266 95
153 271 11
153 277 24
153 280 11
154 155 79
154 157 52
154 162 81
154 190 79
154 199 34
154 214 29
154 228 33
154 234 7
154 235 19
154 268 2
154 289 10
154 298 32
155 192 71
155 234 94
155 245 96
155 250 67
155 288 65
156 186 12
156 199 95
156 242 91
156 260 90
156 275 54
157 177 40
157 209 12
157 212 75
157 229 25
157 235 64
157 243 21
157 249 87
157 256 87
157 268 31
157 273 18
158 177 90
158 180 11
158 199 48
158 220 23
158 289 91
158 294 80
159 240 82
159 259 62
160 167 33
160 197 91
160 223 93
160 239 56
160 266 85
160 275 88
161 177 22
161 197 1
161 200 51
161 233 68
161 251 43
161 260 40
161 293 73
161 299 83
162 199 4
162 200 47
162 219 59
162 257 19
163 175 67
163 178 97
163 194 57
163 272 49
163 273 14
163 278 46
163 290 60
164 229 14
164 263 20
164 270 50
164 274 45
164 299 1
165 171 11
165 225 78
165 241 44
165 268 55
165 285 85
166 175 80
166 185 94
166 205 6
166 280 80
166 298 45
167 178 25
167 182 22
167 184 36
167 209 97
167 280 4
167 295 91
168 185 43
168 187 14
168 237 61
168 255 61
168 273 11
168 275 17
168 295 61
169 200 24
169 209 14
169 226 20
169 241 37
169 280 34
169 281 22
170 185 34
170 186 86
170 188 84
170 247 63
170 253 29
170 263 91
170 286 47
171 173 8
171 209 84
171 227 4
171 274 87
171 293 80
172 188 28
172 208 61
172 209 16
172 212 24
172 213 16
172 222 58
172 233 18
172 268 30
172 279 19
172 282 78
173 191 40
173 200 87
173 202 90
173 203 63
173 205 1
174 182 10
174 220 52
174 231 86
174 241 83
174 255 85
174 257 71
174 268 18
174 285 47
174 294 100
175 182 8
175 184 45
175 186 7
175 237 44
175 250 48
175 259 46
176 256 23
176 267 75
176 272 6
177 190 90
177 200 98
177 204 21
177 243 100
177 250 67
177 255 2
177 259 18
178 218 96
178 245 41
178 251 56
178 273 85
179 184 56
179 185 56
179 194 46
179 258 59
179 266 41
180 195 28
180 262 95
180 287 12
180 289 98
180 293 93
180 297 63
181 211 57
181 270 37
181 274 69
181 283 100
181 298 84
182 194 66
182 197 75
182 245 10
183 196 23
183 233 16
183 297 59
184 198 96
184 227 15
184 233 25
184 241 97
184 244 84
184 264 20
184 273 38
184 275 40
184 278 4
185 208 93
185 209 47
185 221 50
185 248 51
185 266 88
185 293 29
185 295 45
186 268 51
186 295 78
187 196 37
187 217 13
187 219 35
187 236 25
187 238 33
187 255 86
187 269 8
187 284 51
187 291 12
188 195 69
188 214 73
188 239 80
188 273 27
189 191 68
189 205 46
189 259 51
189 273 65
189 282 30
190 193 22
190 215 54
190 236 21
190 237 25
190 255 46
190 264 67
190 269 26
190 276 48
190 277 6
190 279 7
190 280 44
190 282 56
191 205 84
191 216 32
191 259 20
191 290 70
191 291 56
192 204 5
192 217 8
192 221 15
192 225 55
192 238 71
192 252 83
192 257 27
192 262 50
192 287 9
193 206 95
193 212 96
193 218 11
193 222 11
193 240 77
193 248 32
193 278 64
193 279 97
193 287 8
193 294 61
194 248 15
194 253 34
194 255 8
194 279 73
194 282 92
195 224 3
195 285 80
195 288 27
195 289 86
195 299 100
196 198 49
196 204 41
196 237 4
196 242 56
196 263 7
196 266 58
196 271 78
196 273 41
196 275 36
196 287 80
196 288 1
197 220 30
197 230 27
197 235 11
198 225 40
198 232 3
198 249 94
198 290 55
198 295 51
199 206 1
199 208 15
199 211 17
199 224 86
199 230 22
199 256 89
199 267 77
199 283 76
200 276 69
200 299 56
201 203 61
201 204 20
201 222 4
201 226 53
201 264 23
202 217 11
202 231 59
202 237 32
202 254 88
202 257 99
202 258 67
202 264 19
202 273 51
202 290 49
203 214 45
203 275 61
203 283 40
203 285 47
204 235 54
204 238 95
204 248 49
204 273 7
204 280 9
204 296 66
205 227 44
205 245 83
206 221 6
206 228 73
206 235 58
206 268 74
206 292 28
207 217 71
207 275 45
207 298 31
208 286 23
209 213 67
209 214 93
209 234 34
209 241 50
209 254 80
210 240 84
210 248 69
210 261 99
210 293 35
211 243 17
211 251 95
211 279 95
212 251 56
212 274 94
212 285 1
213 226 50
213 229 42
213 246 59
213 277 11
213 285 59
214 242 2
214 245 93
215 248 65
215 286 74
216 225 50
216 280 90
216 288 53
217 257 72
217 258 35
217 262 83
217 269 95
218 223 53
218 235 75
218 248 28
218 262 55
219 221 7
219 255 11
219 277 23
219 290 57
220 221 45
220 249 39
220 281 51
221 239 92
221 257 46
221 259 44
221 262 44
221 283 48
221 286 38
222 240 2
222 246 58
222 270 96
223 245 55
223 264 50
223 269 12
224 283 81
225 239 51
225 254 2
225 275 33
225 292 23
226 257 88
228 230 16
228 239 69
228 269 92
228 278 42
228 296 96
229 259 46
229 299 100
230 241 58
230 248 20
230 261 56
230 265 55
231 293 10
232 268 59
233 238 98
233 283 56
233 285 54
234 260 41
234 262 55
234 287 91
235 239 94
235 249 12
235 253 87
235 263 48
235 290 13
235 294 50
236 248 28
236 250 15
236 259 51
236 271 61
236 292 89
237 260 90
237 264 28
237 286 57
237 292 82
238 242 21
238 244 4
238 249 79
238 262 21
238 286 14
239 273 99
239 292 76
240 248 68
240 277 8
240 297 86
241 270 17
241 277 15
241 289 40
242 260 57
242 286 69
242 293 30
243 261 2
243 286 32
243 287 68
244 262 1
245 263 44
246 269 18
247 281 81
247 293 59
248 257 20
249 275 41
249 277 47
249 284 62
249 290 20
249 299 56
250 283 43
251 284 40
251 295 59
252 299 73
254 256 12
254 259 72
254 268 23
254 283 40
255 275 91
255 277 31
256 257 25
256 265 7
256 266 97
256 293 64
257 285 15
257 291 66
258 268 46
258 270 16
258 287 97
258 298 13
260 281 17
261 271 93
261 296 82
261 298 97
262 273 3
263 291 54
265 284 89
266 286 1
267 275 15
267 295 60
268 281 56
269 284 9
270 277 99
270 279 67
271 282 81
271 283 63
272 278 38
273 283 4
273 297 2
274 279 29
275 277 86
277 285 26
277 295 87
278 280 82
278 290 42
278 293 2
279 285 47
279 290 87
279 291 17
280 299 96
281 296 51
282 285 85
282 291 88
283 292 85
284 299 81
286 289 90
289 290 38
290 292 21
291 296 90
300 314 5
300 320 9
300 325 17
300 344 30
300 355 36
300 373 6
300 381 43
300 406 11
300 462 9
300 492 28
300 494 29
300 510 21
300 569 39
301 424 45
301 446 27
301 461 34
301 462 30
301 480 41
301 553 5
302 316 40
302 359 48
302 366 28
302 414 20
302 444 50
302 458 43
302 544 34
302 566 22
302 576 35
302 592 42
302 595 7
303 316 38
303 348 46
303 357 15
303 412 4
303 426 25
303 436 2
303 442 11
303 448 19
303 458 14
303 487 21
303 500 46
303 541 43
303 561 41
303 569 36
303 570 37
303 586 20
303 596 22
304 354 18
304 368 10
304 374 26
304 384 7
304 390 9
304 393 4
304 422 29
304 442 9
304 466 48
304 490 12
304 512 32
304 577 32
304 581 3
304 590 38
304 595 19
305 370 50
305 393 3
305 414 24
305 434 24
305 479 6
305 483 36
305 488 44
305 499 20
305 503 7
305 517 42
305 550 12
305 562 49
305 568 27
305 569 50
306 310 18
306 360 50
306 403 18
306 406 30
306 466 26
306 471 26
306 476 38
306 501 31
306 517 4
306 529 48
306 534 28
306 544 17
306 553 30
306 595 9
306 596 19
307 317 17
307 326 30
307 332 18
307 334 21
307 348 5
307 355 43
307 361 27
307 364 41
307 371 39
307 375 46
307 420 49
307 424 32
307 446 9
307 458 49
307 464 8
307 479 8
307 507 17
307 513 10
307 520 27
307 527 48
307 533 35
307 543 3
307 547 37
307 580 17
308 310 8
308 336 35
308 356 44
308 360 25
308 442 16
308 449 4
308 458 45
308 464 34
308 479 33
308 509 15
308 519 7
308 540 40
308 552 9
309 330 33
309 338 30
309 369 47
309 424 30
309 447 30
309 465 28
309 475 40
309 483 28
309 521 38
309 524 47
309 570 44
309 574 47
309 578 26
309 595 43
309 599 33
310 318 28
310 336 30
310 337 49
310 352 37
310 353 16
310 392 44
310 400 11
310 413 31
310 453 47
310 456 8
310 473 14
310 478 32
310 496 22
310 517 22
310 549 23
310 556 30
310 564 4
310 595 2
311 339 29
311 344 35
311 373 31
311 375 8
311 415 24
311 491 8
311 571 45
311 572 23
311 592 4
312 325 43
312 333 48
312 335 48
312 418 25
312 424 27
312 471 27
312 487 25
312 489 13
312 504 44
312 508 20
312 519 24
312 549 26
312 550 19
312 590 31
313 330 42
313 342 2
313 349 4
313 352 13
313 357 24
313 360 33
313 375 17
313 383 27
313 385 11
313 414 3
313 448 7
313 452 19
313 470 27
313 484 16
313 513 15
313 522 1
313 546 21
313 547 10
313 550 48
313 566 21
313 587 36
314 319 24
314 369 47
314 401 11
314 403 36
314 408 43
314 426 32
314 451 11
314 490 18
314 542 50
314 551 43
314 567 9
314 572 1
315 319 46
315 334 22
315 335 24
315 372 31
315 392 40
315 394 50
315 417 43
315 436 42
315 439 8
315 464 13
315 481 20
315 485 26
315 533 28
315 535 20
315 537 46
315 540 39
316 327 17
316 349 18
316 357 24
316 366 40
316 368 15
316 381 36
316 396 28
316 433 9
316 439 18
316 479 40
316 486 26
316 513 17
316 535 33
316 540 35
316 592 18
317 346 28
317 410 8
317 426 43
317 442 8
317 460 47
317 489 43
317 504 1
317 535 38
317 540 2
317 547 15
317 571 8
317 598 27
318 324 42
318 339 27
318 426 25
318 506 30
318 535 46
318 539 42
318 563 6
318 592 37
318 593 8
318 594 41
318 595 14
319 346 16
319 356 8
319 439 4
319 459 44
319 475 25
319 493 38
319 514 30
319 539 44
320 343 15
320 356 37
320 391 38
320 401 25
320 428 33
320 430 32
320 439 27
320 441 22
320 467 34
320 472 41
320 500 29
320 505 12
320 520 35
320 521 8
320 579 38
320 586 16
321 333 3
321 355 30
321 390 21
321 439 39
321 450 39
321 466 12
321 488 5
321 493 7
321 539 21
321 546 10
321 554 2
322 330 45
322 378 47
322 390 31
322 426 40
322 462 11
322 525 17
322 527 28
322 531 37
322 543 1
322 557 9
323 330 15
323 341 22
323 358 44
323 361 6
323 385 3
323 416 6
323 459 42
323 483 12
323 492 43
323 500 7
323 511 14
323 529 24
323 587 28
323 588 4
324 339 15
324 367 41
324 386 8
324 388 21
324 395 11
324 431 19
324 473 22
324 484 8
324 503 15
324 510 4
324 517 47
324 523 28
324 540 20
324 546 26
324 578 14
325 353 22
325 390 37
325 440 29
325 442 45
325 460 32
325 477 36
325 480 49
325 493 37
325 524 27
325 531 10
325 538 32
325 547 33
325 564 23
325 580 7
326 340 12
326 361 29
326 385 21
326 406 2
326 408 38
326 416 43
326 470 15
326 498 7
326 520 16
326 525 22
326 538 21
326 546 19
326 555 20
326 577 50
326 595 40
327 363 48
327 366 16
327 383 11
327 397 34
327 398 46
327 410 8
327 418 17
327 465 31
327 478 6
327 529 6
327 533 9
327 559 16
327 584 37
327 589 43
328 364 40
328 410 45
328 438 7
328 456 18
328 459 16
328 468 10
328 479 6
328 521 10
328 549 24
328 596 14
329 331 26
329 349 45
329 353 36
329 386 44
329 395 17
329 427 36
329 433 34
329 445 14
329 454 3
329 467 46
329 479 49
329 482 48
329 526 3
329 558 15
329 571 30
329 583 9
330 359 20
330 363 38
330 367 24
330 414 8
330 452 32
330 545 15
330 585 3
331 334 38
331 411 33
331 434 20
331 435 48
331 436 40
331 452 31
331 473 23
331 484 5
331 491 6
331 530 18
331 548 40
331 577 2
331 595 34
332 334 27
332 344 37
332 347 49
332 382 29
332 385 32
332 388 47
332 396 28
332 403 37
332 438 13
332 455 7
332 457 45
332 471 33
332 489 46
332 533 20
332 565 42
332 593 30
332 594 34
333 367 46
333 415 17
333 435 18
333 440 15
333 446 16
333 447 9
333 451 46
333 456 39
333 478 13
333 536 3
333 587 8
333 594 5
334 340 4
334 413 43
334 414 31
334 431 42
334 439 43
334 441 12
334 453 24
334 499 39
334 504 41
334 521 10
334 545 1
334 555 48
334 557 6
334 569 35
334 573 45
334 588 27
334 591 27
335 362 24
335 370 12
335 371 22
335 373 43
335 384 30
335 407 39
335 427 10
335 430 40
335 441 36
335 450 50
335 505 3
335 534 40
335 544 9
335 557 7
335 566 44
335 585 3
336 338 39
336 360 35
336 374 45
336 380 50
336 386 10
336 387 33
336 432 41
336 452 21
336 512 36
336 514 40
336 543 28
336 578 22
336 585 36
337 338 6
337 356 50
337 376 12
337 405 18
337 489 22
337 522 6
337 570 49
337 574 12
337 587 15
337 599 38
338 348 47
338 368 17
338 370 42
338 373 38
338 380 25
338 403 48
338 421 33
338 428 28
338 435 37
338 459 20
338 472 24
338 513 38
338 545 29
338 548 7
338 552 30
338 562 2
338 573 44
338 588 21
339 349 31
339 366 15
339 376 7
339 386 37
339 391 17
339 398 20
339 406 6
339 434 38
339 440 25
339 442 4
339 484 1
339 493 41
339 498 43
339 541 49
339 555 9
339 557 35
339 577 36
339 586 36
339 595 34
340 357 19
340 369 13
340 385 22
340 388 38
340 393 38
340 396 10
340 486 18
340 491 44
340 524 41
340 525 19
340 527 39
340 541 12
340 542 50
341 342 6
341 373 20
341 396 36
341 407 22
341 414 39
341 429 41
341 449 11
341 469 15
341 485 46
341 495 11
341 519 7
341 540 40
341 582 11
342 348 16
342 361 26
342 367 46
342 426 1
342 481 10
342 491 16
342 523 15
342 540 31
342 586 3
343 364 2
343 382 42
343 389 21
343 399 48
343 405 33
343 414 41
343 433 36
343 455 44
343 484 42
343 505 43
343 517 15
343 518 27
343 530 14
343 573 5
343 581 19
344 355 24
344 359 19
344 364 16
344 380 36
344 419 27
344 446 8
344 488 46
344 492 42
344 508 33
344 530 44
344 554 44
344 575 42
345 348 9
345 373 10
345 378 25
345 402 12
345 417 12
345 432 16
345 442 34
345 475 11
345 514 48
345 529 24
345 570 48
345 571 43
345 587 16
346 392 41
346 404 7
346 408 44
346 417 6
346 441 13
346 453 15
346 478 32
346 516 33
346 522 32
346 580 19
346 585 10
346 594 39
347 365 15
347 387 3
347 401 22
347 406 8
347 432 47
347 439 15
347 460 18
347 477 6
347 484 39
347 516 29
347 537 19
347 565 5
347 573 14
348 353 29
348 368 4
348 401 40
348 402 29
348 425 47
348 449 7
348 475 19
348 520 5
348 527 2
348 560 26
348 573 18
348 592 18
348 596 7
349 353 2
349 373 50
349 376 26
349 377 11
349 378 40
349 386 42
349 389 14
349 390 13
349 412 1
349 439 12
349 460 28
349 490 18
349 496 17
349 524 18
349 545 49
349 561 38
349 577 24
350 361 12
350 386 18
350 422 28
350 424 3
350 431 46
350 456 26
350 464 9
350 477 16
350 483 32
350 493 11
350 500 42
350 503 1
350 535 30
350 536 50
350 548 3
350 588 29
351 353 25
351 354 13
351 365 21
351 382 18
351 419 26
351 420 33
351 447 18
351 451 39
351 453 12
351 455 36
351 459 6
351 487 30
351 493 36
351 524 45
351 553 3
351 558 49
351 559 12
352 400 32
352 433 2
352 447 10
352 469 7
352 493 12
352 518 25
352 524 39
352 548 24
352 550 18
352 551 39
352 562 4
352 568 18
352 577 41
352 583 34
352 590 44
353 377 6
353 414 4
353 418 12
353 428 33
353 435 37
353 458 31
353 459 22
353 469 48
353 475 18
353 487 29
353 582 29
353 595 3
354 356 23
354 393 32
354 413 2
354 423 36
354 427 13
354 462 5
354 464 45
354 513 22
354 522 16
354 529 22
354 539 12
354 581 42
355 364 39
355 368 50
355 369 45
355 378 8
355 393 43
355 395 28
355 421 4
355 434 48
355 460 32
355 498 15
355 526 32
356 365 20
356 415 47
356 428 3
356 430 19
356 533 15
356 538 31
356 550 48
356 561 17
356 567 3
357 375 31
357 384 20
357 417 39
357 434 45
357 454 24
357 455 35
357 480 18
357 510 42
357 512 6
357 548 29
357 566 33
357 594 47
358 415 31
358 489 29
358 524 6
358 580 23
359 386 8
359 399 9
359 401 22
359 408 39
359 422 25
359 459 3
359 532 10
359 559 22
359 564 6
359 596 31
360 369 36
360 395 38
360 431 30
360 556 4
360 576 41
360 581 10
361 371 24
361 440 31
361 496 6
361 508 49
361 542 17
361 544 24
361 558 42
361 582 25
361 589 2
362 372 24
362 374 23
362 380 32
362 449 4
362 453 28
362 468 6
362 499 12
362 505 39
362 527 29
362 537 2
362 539 13
362 544 32
363 380 12
363 388 36
363 421 39
363 521 44
363 533 23
363 540 26
363 555 23
363 584 27
363 588 18
364 414 34
364 426 2
364 474 50
364 487 39
364 488 50
364 509 17
364 535 14
364 538 42
364 549 41
364 551 18
364 580 17
365 371 13
365 379 1
365 406 21
365 407 42
365 450 7
365 478 32
365 485 30
365 489 35
365 492 35
365 500 43
365 536 18
365 538 46
365 543 30
365 551 8
365 559 41
365 589 3
366 406 34
366 436 13
366 445 29
366 447 3
366 448 46
366 459 30
366 464 3
366 497 37
366 529 29
366 556 21
366 576 50
367 414 22
367 425 11
367 439 17
367 442 39
367 524 25
367 550 18
367 571 11
367 573 18
367 588 26
368 399 44
368 450 48
368 490 10
368 500 28
368 512 42
368 526 30
368 536 26
368 565 21
368 589 37
369 395 16
369 427 23
369 434 22
369 441 29
369 473 1
369 479 25
369 497 24
369 552 32
369 566 29
370 394 10
370 428 13
370 432 49
370 454 12
370 463 34
370 485 11
370 513 28
370 559 24
370 563 35
370 569 47
371 381 34
371 392 2
371 480 22
371 481 27
371 507 1
371 520 34
371 541 7
371 564 42
371 595 15
372 381 32
372 407 13
372 416 1
372 444 47
372 462 37
372 476 25
372 484 25
372 488 40
372 491 49
372 551 1
372 561 21
372 572 27
372 597 12
372 598 33
373 386 27
373 398 23
373 435 19
373 472 37
373 519 3
373 544 42
373 565 21
373 577 49
373 585 28
374 378 24
374 436 23
374 451 6
374 469 25
374 486 6
374 496 12
374 498 18
374 509 22
374 511 45
374 515 30
374 527 22
374 533 42
374 540 19
374 553 46
374 555 16
374 556 8
374 566 46
374 571 18
375 406 28
375 408 24
375 413 32
375 414 13
375 424 50
375 429 4
375 505 31
375 525 36
375 540 8
375 575 24
376 390 8
376 401 9
376 402 3
376 430 34
376 450 31
376 451 11
376 469 8
376 493 38
376 520 24
376 525 25
376 534 11
376 541 19
376 554 7
376 560 32
376 571 10
376 581 25
376 592 30
377 438 27
377 464 34
377 467 27
377 487 47
377 496 11
377 541 3
377 542 28
377 561 25
377 563 2
378 434 33
378 447 5
378 519 40
378 521 41
378 531 31
378 541 49
378 565 1
378 588 35
378 596 32
379 382 33
379 392 45
379 468 39
379 470 22
379 502 21
379 504 16
380 434 32
380 442 39
380 448 24
380 483 13
380 543 50
380 585 50
381 424 44
381 435 26
381 443 33
381 458 23
381 460 22
381 472 45
381 475 25
381 543 49
381 550 20
381 598 28
382 387 32
382 390 26
382 398 19
382 399 24
382 437 6
382 442 18
382 444 24
382 457 43
382 514 49
382 532 6
382 571 39
382 581 40
382 589 27
383 387 9
383 394 5
383 407 8
383 418 47
383 473 30
383 493 22
383 523 46
383 525 31
383 586 18
384 393 24
384 409 13
384 435 42
384 441 47
384 454 7
384 480 16
384 488 48
384 499 28
384 502 45
384 510 31
384 520 4
384 521 14
384 536 4
384 574 11
384 596 31
385 413 29
385 416 3
385 434 29
385 437 36
385 508 42
385 522 18
385 534 14
385 545 50
386 405 24
386 427 23
386 459 49
386 477 3
386 478 46
386 484 46
386 522 35
386 524 13
386 527 21
386 537 47
386 559 4
386 578 18
387 388 6
387 411 21
387 428 15
387 450 33
387 471 16
387 523 45
387 554 36
387 564 31
387 587 50
388 421 47
388 441 11
388 451 30
388 452 1
388 479 41
388 483 15
388 485 42
388 495 11
388 510 28
388 526 44
388 534 34
388 539 50
388 557 44
388 562 39
388 585 45
388 586 39
389 397 23
389 407 10
389 435 10
389 436 22
389 459 15
389 470 29
389 506 27
389 544 36
389 597 43
390 401 11
390 429 3
390 449 39
390 473 49
390 482 35
390 490 40
390 501 47
390 523 45
390 527 19
390 543 47
390 559 37
391 416 33
391 463 41
391 478 47
391 547 12
392 401 36
392 426 31
392 439 11
392 481 29
392 498 21
392 505 7
392 519 19
392 528 43
392 551 16
392 568 30
392 569 16
392 589 33
392 593 8
392 597 44
393 403 20
393 408 2
393 414 5
393 424 22
393 487 42
393 501 5
393 520 8
393 530 31
393 578 1
393 583 2
393 593 1
394 400 49
394 457 40
394 466 35
394 504 41
394 515 37
394 537 46
394 570 26
395 399 19
395 428 8
395 430 6
395 446 39
395 461 17
395 466 27
395 496 33
395 513 34
395 528 8
395 534 49
395 535 16
395 538 16
395 568 42
395 596 35
396 403 19
396 413 48
396 426 8
396 434 13
396 510 2
396 526 15
396 529 45
396 537 4
396 552 18
396 557 46
396 568 5
396 597 10
397 412 32
397 421 45
397 458 46
397 484 30
397 492 23
397 494 14
397 500 37
397 517 30
397 538 4
397 540 5
397 555 6
398 421 36
398 424 39
398 451 14
398 514 36
398 515 6
398 547 31
399 402 30
399 448 43
399 460 1
399 499 27
399 500 50
399 504 15
399 538 31
399 539 17
399 553 10
399 559 34
400 441 36
400 442 7
400 467 40
400 486 45
400 538 38
400 543 35
401 412 40
401 426 17
401 430 9
401 474 5
401 481 6
401 495 40
401 499 10
401 502 12
401 521 46
401 550 46
401 576 50
401 578 11
401 581 33
401 583 6
401 585 43
402 418 12
402 421 48
402 435 45
402 450 41
402 481 49
402 485 10
402 486 21
402 522 17
402 550 21
402 562 6
402 573 3
402 582 27
402 594 46
403 445 49
403 447 16
403 452 32
403 478 41
403 491 35
403 519 42
403 536 45
403 555 42
403 562 31
403 573 5
403 592 3
404 407 26
404 410 2
404 432 5
404 441 38
404 479 34
404 496 12
404 594 32
405 406 48
405 425 11
405 426 29
405 463 38
405 474 9
405 539 38
405 549 10
405 555 28
406 455 10
406 507 15
406 516 30
406 527 36
406 546 12
407 411 30
407 426 3
407 435 43
407 446 20
407 451 37
407 453 34
407 529 15
408 422 30
408 430 15
408 505 21
408 517 33
408 571 42
408 584 24
409 418 37
409 425 32
409 430 9
409 455 48
409 486 15
409 491 6
409 492 8
409 517 43
409 555 45
409 566 18
409 583 32
410 416 4
410 425 45
410 470 41
410 488 19
410 496 26
410 510 28
410 559 32
411 458 6
411 460 31
411 468 25
411 470 25
411 483 19
411 486 10
411 491 41
411 497 49
411 499 26
411 534 13
411 539 33
411 548 20
411 569 36
411 578 19
412 487 3
412 513 45
412 530 18
412 546 17
412 547 2
412 555 27
412 563 10
412 571 47
413 450 44
413 473 41
413 511 50
413 533 41
413 538 34
413 567 20
413 590 16
414 415 11
414 436 2
414 451 23
414 453 41
414 479 28
414 483 50
414 485 10
414 505 39
414 520 40
414 533 10
414 535 15
414 582 3
415 444 42
415 490 36
415 494 40
415 496 12
415 516 38
415 526 34
415 565 31
416 474 4
416 503 38
416 528 7
416 545 15
416 577 34
417 425 2
417 426 8
417 477 33
417 495 42
417 519 41
417 524 5
417 557 10
417 564 1
417 574 6
417 577 34
417 590 42
418 426 35
418 436 33
418 442 3
418 459 23
418 469 25
418 477 14
418 489 39
418 493 29
418 504 7
418 541 24
418 556 18
418 573 18
418 579 11
418 589 4
419 439 48
419 467 17
419 493 41
419 508 6
419 523 31
419 530 26
419 537 7
419 540 38
419 551 10
420 435 1
420 437 30
420 468 14
420 485 12
420 497 31
420 519 21
420 557 47
420 560 24
420 564 5
420 571 30
420 582 28
420 583 30
421 436 4
421 462 41
421 473 18
421 481 34
421 483 47
421 497 42
421 501 1
421 506 16
421 518 4
421 528 6
421 532 15
421 553 20
421 572 46
421 588 20
421 590 3
422 427 21
422 451 28
422 491 42
422 492 31
422 493 30
422 524 22
422 525 46
422 527 41
422 544 4
422 556 17
422 564 38
422 571 27
422 590 23
422 595 19
422 599 6
423 486 2
423 501 24
423 531 46
423 541 20
423 552 7
423 553 44
423 560 13
424 448 9
424 495 11
424 519 16
424 534 15
424 550 25
424 571 38
424 585 10
424 589 46
425 475 40
425 483 33
425 495 25
425 500 31
425 529 15
425 539 5
425 584 2
426 492 10
426 499 47
426 522 5
426 525 26
426 532 36
426 535 33
426 549 49
426 551 4
426 574 38
426 575 2
426 593 29
427 461 35
427 467 23
427 472 35
427 486 30
427 491 35
427 504 46
427 533 40
427 573 3
427 583 10
428 444 16
428 458 40
428 490 19
428 502 11
428 548 29
428 573 3
428 575 36
428 599 9
429 466 17
429 474 40
429 532 13
429 544 27
429 556 38
430 454 19
430 459 4
430 488 24
430 494 2
430 507 4
430 560 29
430 561 41
430 584 6
430 593 8
431 441 26
431 491 28
431 513 44
431 531 5
431 538 15
431 545 39
431 555 47
431 586 17
431 593 48
432 434 12
432 447 6
432 521 19
432 588 23
433 466 34
433 478 23
433 495 10
433 509 44
433 541 40
433 547 1
433 554 8
433 579 18
433 586 38
434 474 27
434 501 21
434 503 11
434 512 30
434 515 27
434 553 40
434 557 20
434 582 34
435 440 49
435 470 47
435 486 13
435 508 42
435 552 4
435 558 27
435 565 33
435 567 50
436 442 45
436 446 30
436 465 13
436 472 50
436 474 50
436 503 35
436 536 35
436 564 23
437 454 46
437 476 31
437 500 12
437 530 46
437 545 38
437 548 31
437 578 34
437 587 14
438 447 3
438 449 44
438 453 45
438 482 29
438 509 35
438 526 17
438 532 12
438 541 33
438 561 13
438 564 27
438 571 25
439 481 18
439 486 3
439 499 7
439 506 19
439 531 48
439 535 38
439 556 32
439 589 49
439 596 38
440 449 18
440 490 36
440 496 12
440 518 14
440 541 16
440 554 25
441 474 9
441 475 3
441 478 5
441 510 42
441 571 19
441 573 7
441 575 38
441 589 13
442 501 38
442 504 22
442 519 29
442 528 1
442 536 7
442 580 44
442 582 27
442 595 33
443 452 13
443 459 32
443 477 41
443 481 32
443 488 31
443 499 28
443 536 13
443 550 31
443 551 17
443 565 32
443 581 16
443 588 28
444 456 45
444 495 33
444 499 2
444 509 6
444 512 38
444 566 8
444 582 49
445 503 6
445 554 17
445 563 36
445 573 20
445 578 6
446 461 10
446 462 1
446 474 6
446 476 16
446 487 46
446 488 35
446 516 50
446 525 8
446 535 18
446 570 40
446 597 39
447 464 48
447 468 19
447 505 3
447 534 30
448 461 36
448 486 35
448 513 46
448 523 15
448 538 31
448 555 28
448 563 19
448 588 36
448 599 17
449 481 26
449 530 35
449 574 24
449 585 44
449 599 22
450 453 44
450 484 49
450 503 33
450 518 46
450 535 7
450 542 50
450 543 41
450 566 43
450 569 49
450 579 50
451 501 10
451 518 38
451 525 39
452 462 9
452 481 7
452 484 43
452 485 38
452 530 44
452 538 29
452 582 33
453 459 8
453 472 10
453 479 13
453 502 28
453 509 47
453 511 29
453 525 6
453 548 33
453 572 3
453 586 49
453 591 5
454 479 48
454 486 50
454 493 37
454 503 43
454 524 6
454 536 37
454 537 35
454 572 48
454 575 37
454 595 34
454 596 7
455 480 25
455 483 24
455 515 15
455 534 33
455 538 19
455 544 2
455 567 26
455 569 47
455 570 37
456 460 33
456 479 8
456 482 1
456 495 11
456 500 7
456 514 31
456 530 18
456 583 39
457 464 35
457 481 16
457 500 45
457 523 32
457 562 15
457 569 34
457 570 26
457 594 22
457 597 22
458 479 12
458 487 19
458 541 8
458 562 48
458 569 27
459 461 32
459 483 21
459 487 43
459 488 14
459 497 41
459 510 47
459 517 39
459 539 38
459 540 35
459 559 24
459 568 47
459 574 35
459 582 36
460 489 3
460 544 17
460 562 3
460 573 44
461 558 2
461 571 20
461 584 38
461 596 35
462 485 37
462 511 21
462 545 13
462 551 8
462 597 42
463 473 24
463 478 29
463 501 2
463 502 21
463 524 7
463 555 33
463 591 44
463 596 50
464 504 49
464 520 34
464 522 48
464 531 39
464 542 23
464 554 34
464 587 12
464 596 20
465 473 20
465 479 49
465 489 24
465 505 36
465 546 3
465 549 19
465 594 39
466 526 23
466 530 7
466 566 24
466 580 9
467 469 29
467 481 36
467 516 18
467 532 23
467 549 11
468 472 46
468 485 24
468 493 34
468 515 3
468 526 8
468 539 27
468 552 4
468 566 6
468 576 12
469 481 3
469 491 45
469 493 37
469 497 36
469 526 8
469 546 6
469 578 5
469 587 9
471 484 31
471 531 42
471 570 11
471 596 50
472 493 31
472 507 35
472 511 8
472 535 4
472 540 45
472 567 38
472 572 41
472 585 13
473 475 10
473 481 3
473 484 8
473 500 35
473 512 36
473 520 12
473 532 45
473 583 14
473 593 15
474 489 50
474 497 28
474 511 19
474 541 46
474 565 14
474 566 4
474 594 6
475 500 21
475 505 10
475 517 16
475 581 1
475 590 2
476 484 28
476 501 2
476 536 32
476 542 13
476 554 9
476 570 37
476 575 9
476 589 49
476 593 29
477 510 23
477 545 8
478 483 31
478 533 31
478 539 45
478 579 17
479 488 44
479 505 39
479 581 32
480 494 11
480 505 40
480 513 9
480 548 29
480 574 36
480 578 22
480 581 33
481 487 43
481 511 42
481 512 42
481 523 8
481 528 45
481 556 45
481 580 35
481 584 46
481 585 26
482 489 49
482 496 7
482 521 12
482 526 8
482 543 5
482 544 40
482 547 30
482 548 14
482 573 23
482 578 12
482 585 10
482 587 41
483 484 8
483 486 48
483 489 22
483 498 18
483 502 38
483 503 31
483 547 48
483 560 25
483 582 4
483 596 30
484 487 19
484 489 48
484 517 24
484 520 26
484 526 42
484 531 18
484 539 12
484 551 39
484 554 46
484 558 11
484 599 45
485 489 9
485 519 20
485 531 1
485 532 1
485 551 1
485 568 17
485 572 23
485 587 15
486 521 26
486 533 13
486 561 22
486 588 24
487 508 36
487 512 41
487 529 13
487 536 16
487 540 38
487 548 39
487 587 22
488 503 20
488 510 7
488 547 19
489 500 45
489 508 32
489 550 10
489 567 14
489 568 45
490 504 48
490 507 9
490 519 7
490 539 45
490 546 18
491 523 28
491 533 47
491 536 20
491 549 29
491 587 13
492 501 42
492 509 45
492 540 39
492 569 6
492 593 18
493 528 12
493 540 41
493 541 10
493 564 26
493 569 9
493 581 47
493 593 14
494 515 30
494 517 18
494 525 20
494 547 48
494 551 12
494 582 3
494 587 9
495 505 26
495 508 47
495 533 8
495 549 34
495 565 6
496 521 4
496 543 3
496 570 33
496 587 1
497 555 22
497 561 13
497 572 13
497 592 15
498 525 7
498 551 1
498 561 22
498 573 26
498 582 14
499 530 13
499 534 35
499 539 39
499 548 21
499 552 34
499 573 2
499 580 2
499 591 1
500 571 21
500 578 1
500 586 15
501 529 25
501 559 9
501 582 40
502 505 22
502 507 18
502 521 25
502 536 27
502 539 22
502 582 30
502 584 11
502 596 22
503 520 3
503 527 24
503 536 36
503 561 20
504 506 32
504 580 37
505 525 41
505 527 8
505 547 2
505 549 3
505 556 44
505 568 41
505 589 25
506 514 27
506 531 44
506 569 26
506 579 30
506 590 15
507 526 26
507 585 44
507 588 41
508 522 36
508 531 35
508 555 12
508 572 4
508 594 11
509 525 40
509 548 25
509 554 40
509 560 1
509 562 48
509 572 45
510 525 26
510 527 33
510 553 14
510 570 7
510 587 21
511 562 4
511 599 16
512 533 23
512 534 9
512 541 12
512 549 15
512 581 33
513 551 40
513 558 8
513 569 11
514 518 19
514 524 24
514 525 38
514 536 14
514 590 15
515 540 24
515 559 50
515 569 26
515 571 29
515 572 11
515 577 18
515 597 3
516 544 2
516 551 20
516 583 2
516 598 46
517 524 45
517 528 34
517 543 9
517 579 3
517 581 7
518 521 15
518 548 21
519 557 29
519 589 23
520 581 32
520 590 43
521 543 7
521 546 21
521 579 50
521 581 17
521 586 42
521 599 24
522 564 7
522 590 7
522 591 40
523 533 30
523 537 9
523 545 17
523 589 8
524 549 19
524 572 34
524 593 12
525 554 22
526 535 3
526 565 13
526 576 18
527 554 49
527 563 48
527 564 28
527 572 4
527 577 4
527 584 42
527 593 24
528 544 34
528 549 16
528 553 7
528 563 26
528 568 25
528 570 27
528 584 28
528 588 41
529 540 20
529 581 3
529 591 49
530 569 29
530 582 42
531 537 28
531 548 37
531 586 8
532 559 37
532 581 7
533 566 44
534 541 48
534 547 28
534 591 48
535 539 12
535 543 47
535 548 47
535 560 12
535 565 27
535 567 2
535 577 15
536 539 20
536 547 25
536 578 1
536 588 36
537 539 31
537 570 28
537 576 10
537 597 9
538 550 5
538 558 2
538 562 31
538 564 9
538 574 1
538 576 11
538 596 2
539 541 30
539 544 47
539 555 10
539 578 17
539 584 5
540 549 3
540 551 16
540 563 34
540 581 2
540 585 28
540 588 33
541 563 48
541 575 39
541 580 9
541 593 49
542 560 5
542 562 28
542 573 25
542 587 5
543 546 15
544 548 7
544 569 33
544 573 24
544 580 16
544 581 39
545 561 28
546 549 46
546 553 50
546 579 30
546 585 8
547 553 1
547 567 9
547 583 4
548 549 10
549 552 27
549 557 10
549 567 14
549 588 43
551 556 43
551 578 16
552 585 20
552 587 25
553 562 15
553 591 10
554 586 35
555 559 16
555 563 14
556 582 13
557 570 40
557 589 21
558 574 27
558 587 47
559 580 5
559 583 3
560 577 14
561 567 43
561 582 32
562 565 11
562 567 42
563 568 11
564 567 18
564 571 45
564 592 21
564 596 23
565 572 4
565 590 50
566 595 32
568 583 20
569 572 42
570 577 26
570 593 35
570 595 13
571 580 3
571 599 1
573 584 24
574 578 39
574 588 16
576 591 39
576 596 1
579 592 8
580 582 9
582 596 30
583 588 6
583 590 13
584 586 32
584 591 21
585 595 8
586 588 15
586 592 31
588 598 1
591 597 27
592 595 50
595 596 45
600 299 78
601 599 16
600 601 94
602 627 10
602 629 2
602 633 9
602 636 4
602 637 1
602 687 9
602 728 3
602 763 6
602 782 7
602 792 5
602 809 3
602 843 8
602 874 2
602 887 2
603 610 3
603 703 7
603 710 1
603 711 10
603 872 4
603 900 8
604 632 7
604 670 8
604 712 6
604 716 1
604 764 8
604 785 1
604 794 7
604 801 6
604 821 1
604 832 4
604 878 5
604 886 10
604 888 7
605 611 4
605 614 5
605 722 8
605 727 2
605 755 9
605 767 3
605 774 10
605 795 3
605 869 8
605 888 9
605 898 4
605 901 1
606 615 2
606 619 2
606 632 1
606 644 3
606 658 6
606 664 8
606 684 9
606 696 3
606 719 5
606 722 10
606 751 10
606 763 5
606 773 6
606 780 5
606 807 7
606 879 1
606 894 2
607 678 9
607 703 7
607 709 5
607 713 3
607 728 6
607 788 8
607 812 2
607 832 9
607 841 10
607 844 4
607 848 8
608 629 8
608 655 10
608 684 8
608 714 9
608 731 1
608 761 8
608 802 2
608 811 6
608 841 8
609 610 2
609 625 10
609 653 2
609 656 3
609 659 10
609 685 9
609 695 8
609 723 6
609 729 5
609 731 10
609 745 7
609 762 3
609 763 9
609 769 3
609 770 8
609 801 4
609 842 1
609 855 9
609 868 4
609 877 10
610 651 4
610 667 1
610 670 9
610 671 5
610 723 10
610 735 8
610 756 8
610 765 8
610 799 1
610 817 5
610 851 7
610 857 2
610 861 5
610 863 8
610 881 5
610 895 6
611 646 6
611 665 4
611 711 1
611 735 3
611 741 6
611 782 8
611 806 5
611 813 6
611 816 10
611 838 4
611 839 1
611 858 2
611 860 2
611 868 7
612 641 3
612 660 8
612 666 7
612 702 2
612 710 4
612 732 9
612 736 1
612 762 1
612 833 8
612 840 1
612 851 8
612 853 4
612 861 4
612 892 4
612 901 1
613 615 10
613 659 9
613 705 9
613 731 4
613 736 1
613 754 1
613 763 1
613 779 10
613 792 7
613 807 6
613 815 10
613 818 1
613 827 8
613 832 3
613 835 4
613 868 4
614 624 6
614 660 1
614 676 1
614 677 9
614 693 7
614 702 1
614 737 9
614 739 9
614 755 8
614 765 9
614 798 6
614 805 1
614 827 2
614 837 1
614 848 1
614 861 4
614 863 1
614 868 9
614 884 7
614 887 2
615 719 1
615 734 9
615 745 1
615 748 8
615 754 4
615 758 2
615 769 8
615 802 1
615 831 5
615 839 1
615 861 5
616 625 2
616 626 4
616 659 7
616 698 10
616 712 10
616 730 9
616 770 8
616 779 8
616 800 6
616 804 8
616 863 6
616 882 6
617 628 1
617 658 6
617 712 8
617 795 4
617 843 7
617 847 9
617 850 2
617 873 8
617 880 9
617 893 10
617 898 10
618 672 6
618 714 5
618 740 4
618 759 5
618 768 8
618 784 10
618 795 8
618 812 4
618 829 1
618 893 1
619 628 2
619 637 2
619 643 2
619 706 10
619 753 9
619 767 9
619 780 5
619 783 8
619 796 6
619 805 10
619 821 8
619 834 2
619 842 9
619 844 4
619 869 8
619 885 7
620 638 5
620 639 7
620 675 6
620 740 5
620 742 8
620 754 3
620 770 1
620 783 1
620 795 8
620 805 8
620 811 10
620 852 5
620 858 1
620 871 2
620 892 7
620 893 2
620 894 3
621 622 8
621 629 1
621 637 3
621 675 8
621 692 7
621 695 10
621 700 4
621 713 6
621 748 10
621 817 5
621 841 5
621 884 3
622 636 4
622 701 1
622 704 9
622 709 10
622 723 8
622 729 3
622 760 7
622 786 1
622 787 6
622 803 10
622 826 10
622 832 3
622 837 9
622 857 4
622 881 6
622 882 1
623 658 2
623 660 7
623 662 3
623 673 9
623 715 10
623 716 6
623 739 6
623 814 6
623 844 7
623 846 1
623 900 4
624 625 6
624 648 5
624 658 10
624 681 10
624 719 8
624 751 2
624 784 9
624 809 9
624 823 10
624 834 3
624 841 8
624 848 2
624 885 8
625 655 7
625 661 1
625 708 3
625 712 7
625 742 6
625 826 8
625 842 9
625 843 7
625 856 6
625 875 2
625 886 5
625 893 5
625 894 9
626 628 2
626 653 3
626 670 7
626 709 3
626 712 6
626 721 5
626 753 9
626 778 7
626 786 4
626 831 9
626 846 8
626 862 4
626 869 9
627 641 9
627 672 7
627 732 8
627 749 10
627 758 6
627 759 6
627 813 2
627 832 8
627 835 3
627 863 7
627 867 7
627 886 1
627 889 3
628 643 3
628 645 4
628 646 9
628 660 7
628 669 4
628 682 3
628 707 1
628 724 1
628 747 7
628 748 8
628 796 7
628 799 5
628 839 4
628 840 10
628 861 5
629 696 4
629 764 6
629 832 4
629 850 2
629 857 4
629 887 1
630 635 2
630 665 9
630 714 7
630 737 5
630 759 9
630 779 1
630 807 2
630 819 5
630 852 1
630 889 4
631 667 7
631 677 7
631 690 5
631 703 6
631 713 10
631 717 7
631 772 8
631 799 2
631 804 5
631 825 6
631 837 8
631 846 9
631 870 1
631 873 10
631 875 6
632 708 4
632 709 7
632 730 9
632 732 6
632 784 10
632 786 1
632 788 9
632 797 10
632 883 9
632 896 3
633 646 10
633 652 9
633 695 4
633 706 5
633 714 2
633 720 10
633 734 3
633 741 8
633 785 6
633 805 10
633 850 9
633 865 4
633 880 8
633 883 3
634 676 8
634 714 5
634 764 10
634 769 8
634 820 5
634 875 1
634 885 3
634 891 9
635 636 7
635 693 3
635 712 4
635 721 6
635 735 4
635 747 4
635 767 8
635 781 4
635 821 6
635 845 7
635 851 3
635 864 2
635 877 3
636 662 6
636 676 3
636 689 6
636 691 5
636 738 8
636 801 7
636 808 3
636 829 3
636 852 6
636 856 7
636 861 10
636 863 10
637 661 7
637 683 7
637 688 5
637 697 9
637 704 2
637 733 3
637 799 6
637 807 4
637 809 8
637 834 3
637 840 9
637 842 1
637 852 10
637 857 5
638 665 8
638 695 9
638 769 7
638 772 1
638 787 1
638 790 2
638 815 5
638 864 8
638 865 8
639 651 4
639 656 5
639 669 2
639 698 6
639 705 10
639 749 9
639 752 5
639 807 10
639 815 7
640 644 4
640 658 6
640 684 5
640 721 7
640 731 8
640 757 2
640 773 2
640 793 7
640 808 5
640 832 3
640 892 9
641 732 6
641 734 7
641 736 8
641 739 4
641 753 3
641 771 9
641 776 5
641 800 6
641 827 3
641 831 2
641 842 5
642 646 7
642 656 8
642 658 6
642 659 4
642 680 8
642 706 4
642 749 9
642 842 9
642 899 10
643 648 4
643 774 4
643 837 5
644 669 10
644 689 3
644 694 6
644 705 3
644 711 9
644 720 2
644 727 5
644 770 9
644 785 8
644 788 1
644 809 6
644 850 3
644 856 5
644 860 4
644 870 9
644 874 2
645 683 9
645 684 3
645 720 6
645 749 7
645 758 10
645 774 2
645 779 10
645 782 9
645 805 5
645 814 10
645 834 9
645 878 5
646 662 5
646 726 2
646 764 1
646 783 6
646 792 6
646 864 6
646 874 9
646 882 6
646 901 10
647 663 3
647 674 4
647 679 9
647 716 4
647 722 10
647 734 1
647 745 10
647 749 5
647 768 2
647 780 2
647 812 5
647 822 4
647 826 7
647 851 1
647 883 5
648 660 10
648 669 3
648 674 4
648 680 5
648 682 2
648 711 2
648 726 1
648 728 9
648 736 6
648 796 1
648 801 4
648 840 3
648 853 8
649 671 2
649 707 9
649 730 7
649 738 7
649 741 4
649 744 5
649 752 2
649 783 3
649 786 8
649 793 1
649 795 10
649 844 9
649 847 2
649 882 4
649 883 4
650 657 1
650 662 5
650 674 8
650 702 10
650 762 9
650 768 1
650 776 6
650 806 2
650 826 5
650 836 8
650 885 10
650 896 2
651 739 8
651 756 4
651 781 4
651 782 8
651 803 7
651 814 4
651 821 6
651 888 3
652 673 8
652 685 3
652 687 4
652 712 10
652 760 10
652 788 5
652 797 9
652 820 10
652 828 8
652 852 3
652 863 3
652 873 10
652 878 9
653 699 10
653 705 2
653 710 7
653 718 3
653 776 7
653 787 8
653 890 7
654 692 5
654 696 8
654 711 10
654 757 4
654 807 3
654 835 3
654 866 3
655 671 9
655 687 7
655 697 9
655 698 4
655 712 4
655 731 3
655 830 7
655 833 5
655 846 4
655 847 3
655 866 6
655 874 3
655 888 3
656 693 8
656 696 7
656 710 2
656 728 8
656 755 6
656 756 3
656 787 4
656 808 10
656 818 2
656 830 3
656 865 8
656 871 8
657 664 2
657 673 7
657 701 3
657 722 4
657 731 10
657 737 6
657 749 5
657 762 8
657 769 6
657 775 8
657 777 3
657 788 8
657 798 4
657 814 7
657 848 3
657 866 9
657 882 2
657 891 5
658 671 1
658 681 1
658 694 1
658 711 4
658 770 10
658 807 8
658 809 7
658 823 5
658 833 10
658 845 10
658 873 8
658 896 7
658 901 7
659 673 9
659 678 4
659 684 1
659 689 5
659 704 5
659 747 8
659 751 9
659 754 2
659 758 3
659 772 6
659 812 4
659 816 2
659 817 1
659 819 2
659 833 4
659 841 1
659 867 4
659 874 10
660 663 1
660 683 6
660 708 2
660 719 7
660 737 6
660 821 2
660 827 3
660 850 10
660 860 1
660 877 4
660 881 9
660 888 7
661 665 2
661 670 8
661 674 2
661 690 2
661 697 4
661 703 6
661 773 10
661 784 2
661 797 7
661 805 4
661 841 9
661 873 2
661 877 8
661 888 1
662 681 4
662 682 3
662 692 2
662 732 9
662 747 5
662 750 4
662 769 4
662 791 6
662 799 10
662 808 1
662 821 9
662 885 4
662 896 3
663 690 9
663 699 9
663 702 1
663 705 8
663 754 10
663 755 10
663 770 9
663 771 2
663 773 3
663 789 7
663 817 3
663 822 6
663 823 5
663 824 8
663 859 6
663 875 7
663 879 5
664 707 7
664 719 2
664 724 10
664 740 10
664 767 10
664 768 4
664 770 5
664 784 5
664 813 9
664 815 7
664 854 8
664 901 8
665 680 2
665 697 10
665 730 8
665 737 1
665 762 2
665 764 7
665 797 10
665 803 2
665 812 8
665 824 3
665 837 6
665 857 4
665 865 5
665 880 4
665 886 8
665 893 3
665 897 9
666 670 6
666 686 9
666 711 7
666 714 7
666 742 8
666 770 8
666 783 8
666 789 1
666 814 5
666 839 5
666 874 2
666 887 1
667 687 4
667 695 1
667 704 2
667 732 3
667 783 10
667 785 2
667 849 6
667 876 7
667 890 2
668 674 9
668 684 4
668 685 6
668 690 5
668 755 9
668 782 1
668 783 10
668 798 6
668 827 5
668 864 8
668 869 4
668 873 3
669 674 7
669 683 2
669 743 3
669 776 6
669 795 2
669 839 5
669 840 10
669 841 6
669 862 8
669 900 10
670 697 9
670 730 8
670 736 4
670 741 3
670 745 10
670 746 5
670 748 8
670 750 6
670 779 8
670 791 7
670 794 1
670 818 4
670 866 3
670 895 9
671 684 6
671 695 2
671 725 6
671 726 10
671 770 1
671 782 1
671 786 4
671 815 9
671 836 3
671 839 8
671 848 5
671 863 4
671 874 3
672 691 4
672 704 1
672 804 10
672 833 6
672 839 9
672 852 10
672 864 9
673 695 3
673 724 9
673 733 3
673 750 2
673 752 6
673 767 3
673 821 8
673 824 6
673 830 6
673 863 2
673 870 6
673 890 1
673 892 3
674 687 3
674 716 2
674 737 6
674 755 4
674 780 5
674 797 4
674 825 6
674 842 3
674 868 8
674 881 9
675 676 7
675 744 4
675 748 9
675 758 6
675 833 9
675 862 9
675 863 7
676 678 7
676 690 3
676 697 7
676 721 1
676 798 4
676 800 2
676 818 3
676 827 4
676 833 9
676 842 10
676 845 5
676 862 4
676 868 10
676 884 10
676 886 7
677 681 3
677 703 7
677 708 10
677 740 8
677 757 10
677 766 7
677 767 2
677 780 10
677 787 7
677 850 8
677 852 3
677 855 7
677 886 5
678 686 1
678 687 5
678 705 4
678 715 9
678 730 9
678 740 10
678 744 9
678 764 2
678 812 2
678 833 4
678 850 7
678 878 10
678 879 3
678 894 2
678 901 6
679 695 3
679 712 3
679 713 2
679 725 5
679 758 1
679 796 3
679 800 4
679 805 10
679 810 9
679 815 7
679 829 1
679 851 5
679 863 4
679 878 3
679 891 1
679 892 1
679 895 5
680 681 7
680 729 4
680 776 5
680 832 5
680 840 3
680 867 4
680 896 8
681 686 6
681 707 7
681 712 5
681 718 6
681 721 1
681 744 8
681 757 1
681 773 5
681 812 2
681 843 4
681 850 2
681 858 2
681 897 6
682 719 5
682 725 3
682 781 6
682 795 2
682 807 4
682 826 2
682 838 7
682 879 8
682 896 2
683 710 9
683 812 3
683 815 10
683 879 4
684 734 7
684 746 6
684 752 7
684 755 2
684 785 5
684 787 4
684 839 10
684 878 9
685 732 9
685 767 1
685 806 8
685 828 1
685 838 5
685 850 9
685 861 4
685 898 6
686 742 2
686 770 1
686 785 3
686 822 5
686 825 6
686 826 6
686 865 8
687 688 7
687 702 4
687 712 5
687 724 10
687 758 3
687 765 9
687 788 1
687 799 6
687 807 8
687 823 8
687 875 4
687 889 9
688 690 3
688 699 10
688 707 1
688 737 3
688 760 8
688 774 3
688 813 1
688 820 1
688 822 7
688 885 1
689 692 6
689 708 5
689 709 3
689 713 7
689 757 7
689 763 7
689 768 4
689 778 4
689 816 6
689 822 3
689 823 7
689 828 2
689 871 2
689 875 1
689 891 1
689 893 5
690 691 9
690 719 10
690 736 2
690 744 4
690 766 10
690 783 4
690 785 3
690 803 10
690 849 7
690 865 3
690 869 2
690 871 9
690 877 3
690 879 1
691 778 9
691 780 8
691 784 7
691 799 1
691 818 6
691 828 3
691 886 9
692 716 10
692 717 8
692 723 4
692 726 2
692 764 4
692 766 6
692 786 5
692 838 5
692 866 8
693 715 1
693 723 5
693 736 7
693 740 3
693 755 8
693 758 8
693 759 8
693 762 1
693 768 10
694 695 6
694 738 3
694 779 1
694 799 4
694 818 7
694 843 3
694 858 3
694 888 4
694 891 9
695 711 5
695 712 10
695 717 3
695 726 4
695 753 1
695 757 10
695 786 7
695 804 2
695 824 6
695 851 4
695 853 8
695 861 2
695 864 3
696 718 9
696 725 6
696 726 1
696 748 1
696 752 5
696 773 9
696 822 10
696 857 7
696 888 8
696 895 6
696 896 1
697 702 10
697 775 1
697 787 7
697 789 5
697 825 3
697 862 3
697 868 3
697 872 8
697 884 2
698 709 8
698 734 3
698 804 2
698 820 9
698 822 9
698 827 5
698 840 6
698 864 5
698 885 2
698 889 7
698 896 7
698 901 2
699 716 4
699 722 8
699 736 4
699 747 1
699 771 8
699 798 4
699 803 7
699 818 5
699 847 1
699 881 8
699 898 6
700 716 1
700 742 4
700 753 10
700 785 6
700 793 6
700 794 5
700 796 5
700 808 9
700 813 2
700 826 7
700 836 2
700 883 2
700 887 7
700 893 8
700 896 8
701 705 1
701 707 2
701 786 6
701 796 10
701 803 3
701 806 2
701 830 9
701 837 7
701 849 2
701 863 6
701 877 2
702 713 8
702 727 2
702 729 2
702 762 7
702 770 7
702 781 4
702 798 1
702 812 7
702 813 1
702 848 8
702 859 1
702 866 5
702 890 9
703 712 4
703 721 3
703 778 10
703 796 7
703 822 10
703 844 8
703 872 4
703 877 2
703 878 9
704 751 2
704 818 1
704 823 3
704 848 3
704 863 9
704 900 1
705 711 4
705 720 4
705 783 2
705 789 3
705 800 5
705 814 5
705 818 10
705 822 4
705 866 1
705 881 2
706 776 2
706 782 1
706 798 1
706 806 2
706 842 8
706 857 9
706 860 7
706 870 10
706 872 9
706 873 3
706 877 9
707 723 8
707 724 9
707 728 3
707 742 8
707 747 10
707 779 3
707 810 10
707 814 2
708 732 4
708 754 3
708 757 7
708 760 9
708 772 6
708 774 1
708 778 6
708 784 3
708 790 10
708 806 9
708 823 3
708 836 3
708 844 10
708 897 5
709 744 4
709 768 3
709 774 2
709 817 2
709 832 9
709 847 2
709 885 2
709 887 3
710 769 2
710 773 9
710 791 1
710 801 4
710 862 6
711 715 2
711 758 9
711 795 8
711 811 3
711 825 2
711 842 10
711 884 1
712 726 10
712 800 7
712 801 2
712 833 5
712 848 9
712 854 3
712 863 5
713 725 3
713 839 6
713 858 4
713 864 8
713 869 1
713 872 6
713 876 9
713 896 2
714 780 6
714 824 2
714 838 6
715 730 1
715 749 6
715 757 4
715 815 3
715 845 9
715 894 2
716 736 5
716 788 7
716 805 9
716 876 9
716 881 10
716 884 10
717 727 2
717 729 2
717 735 8
717 753 3
717 780 6
717 793 7
717 826 5
717 839 1
717 853 9
717 893 2
718 729 6
718 790 8
718 820 4
718 840 4
718 851 9
718 872 8
718 879 1
718 891 10
718 892 3
719 722 1
719 747 5
719 772 6
719 785 6
719 794 6
719 798 9
719 802 2
719 839 4
719 840 9
719 842 10
719 867 6
720 733 10
720 784 1
720 787 7
720 829 8
720 849 5
720 888 2
721 724 4
721 767 2
721 773 4
721 783 4
721 823 5
721 840 2
721 856 2
722 724 9
722 753 5
722 758 10
722 761 6
722 768 7
722 778 1
722 793 10
722 802 10
722 824 8
722 826 5
723 730 5
723 734 5
723 774 4
723 783 6
723 785 8
723 814 4
723 833 7
723 874 3
724 753 4
724 796 10
724 824 1
724 837 1
724 839 6
724 885 3
725 739 6
725 742 7
725 748 8
725 763 9
725 779 2
725 800 9
725 821 2
725 825 2
725 829 5
725 880 3
726 727 9
726 733 2
726 734 4
726 736 8
726 745 1
726 766 3
726 827 4
726 838 7
726 846 7
726 855 9
726 856 4
726 868 6
726 889 3
726 900 10
727 754 1
727 755 6
727 790 1
727 791 1
727 863 6
728 730 7
728 733 5
728 746 1
728 772 3
728 781 3
728 784 1
728 799 6
728 820 3
728 839 3
728 871 9
728 899 10
729 736 5
729 737 7
729 764 3
729 775 10
729 779 4
729 788 5
729 834 2
729 872 8
729 882 1
730 742 8
730 756 8
730 791 4
730 804 4
730 807 10
730 816 5
730 831 4
730 832 5
730 836 6
730 849 4
730 877 10
730 883 4
730 885 9
730 888 2
730 893 8
730 895 3
731 743 3
731 783 6
731 821 7
731 822 5
731 851 4
731 859 6
731 865 1
731 890 1
732 738 10
732 750 1
732 759 6
732 789 4
732 792 2
732 813 5
732 817 4
732 857 2
732 865 3
732 878 9
732 882 7
733 742 2
733 747 6
733 763 2
733 819 7
733 839 3
733 870 5
733 883 8
733 886 6
734 748 5
734 749 10
734 798 5
734 872 9
735 772 2
735 801 10
735 804 8
735 825 8
735 826 4
735 832 3
735 834 8
735 894 6
736 785 5
736 873 8
736 874 1
736 878 8
736 892 2
737 738 8
737 747 4
737 748 3
737 773 10
737 826 4
737 828 9
737 841 3
737 885 9
737 886 10
738 739 1
738 749 1
738 753 6
738 760 9
738 771 8
738 797 3
738 837 10
738 844 3
738 845 3
738 878 1
738 900 2
739 758 10
739 760 10
739 769 5
739 786 5
739 793 7
739 833 10
740 768 9
740 815 7
740 819 3
740 821 8
740 834 8
740 835 10
740 853 1
740 885 2
740 891 1
741 760 5
741 762 2
741 784 3
741 796 3
741 883 3
741 887 4
741 894 6
741 897 8
742 762 4
742 793 5
742 879 2
742 884 3
742 901 7
743 746 7
743 748 5
743 763 1
743 824 6
743 833 4
743 864 7
743 890 2
744 785 2
744 788 9
744 815 2
744 832 8
744 856 1
744 885 10
744 891 7
744 898 2
745 764 10
745 776 8
745 821 4
745 822 6
745 827 9
745 834 8
745 848 9
745 878 1
745 880 1
745 882 6
745 884 1
745 890 6
746 747 10
746 805 4
746 809 8
746 832 9
746 856 10
746 874 4
746 880 1
746 882 8
746 889 7
746 900 7
747 768 9
747 781 1
747 796 5
747 805 1
747 854 8
747 866 7
747 888 2
748 758 5
748 778 10
748 799 1
748 803 4
748 824 3
748 837 7
748 884 5
749 756 1
749 764 7
749 776 5
749 796 3
749 816 4
749 818 7
749 850 1
749 894 5
750 775 3
750 787 10
750 853 3
750 872 4
750 900 4
751 770 3
751 775 1
751 776 2
751 778 2
751 816 2
751 861 2
751 867 6
751 895 4
752 757 2
752 771 5
752 772 5
752 810 6
752 839 4
752 877 5
752 878 1
752 881 9
752 882 3
752 899 5
752 900 9
753 756 1
753 778 2
753 779 3
753 813 4
753 834 8
753 841 3
753 844 9
753 854 2
754 767 3
754 783 3
754 803 6
754 806 8
754 807 8
754 812 6
754 820 9
754 873 9
754 886 9
754 901 3
755 777 6
755 783 2
755 797 4
755 816 10
755 827 6
755 832 9
756 765 6
756 804 3
756 814 9
756 815 4
756 839 7
756 850 4
756 857 4
756 859 8
756 866 7
756 875 8
757 764 3
757 770 4
757 794 1
757 808 1
757 815 8
757 826 5
757 850 4
757 860 3
757 861 2
757 868 1
757 884 10
758 762 2
758 778 1
758 781 9
758 802 4
758 805 6
758 806 2
758 815 7
758 827 8
758 832 10
758 834 7
758 856 3
759 860 4
760 791 8
760 838 8
760 842 10
760 847 3
760 867 1
760 879 9
760 881 9
760 897 8
761 776 2
761 797 4
761 798 10
761 816 2
761 832 1
761 846 6
761 851 7
761 876 5
761 896 9
762 764 9
762 771 5
762 776 1
762 834 9
762 890 5
763 822 6
763 831 7
763 876 6
763 877 5
763 881 4
763 896 5
764 769 1
764 772 6
764 779 8
764 807 10
764 873 3
764 885 10
765 792 2
765 812 5
765 838 8
765 849 2
765 873 4
766 803 9
766 862 6
766 872 6
766 901 3
767 772 8
767 792 1
767 800 9
767 801 3
767 831 10
767 861 10
767 879 9
767 885 2
767 900 10
768 806 3
768 808 7
768 828 6
768 835 8
768 855 1
768 868 9
769 800 5
769 840 4
769 878 6
770 811 2
770 832 3
770 854 10
770 870 1
771 787 5
771 788 6
771 791 1
771 799 8
771 804 10
771 807 1
771 827 3
771 829 5
771 856 3
771 874 3
771 881 5
771 893 4
771 901 7
772 786 6
772 811 5
772 815 5
772 842 7
772 864 4
772 874 7
772 899 4
773 779 10
773 788 6
773 812 6
773 823 10
773 825 10
773 847 9
773 881 6
774 797 4
774 805 2
774 828 7
774 829 6
774 831 8
774 886 3
774 888 6
774 900 5
775 783 2
775 786 7
775 795 10
775 801 8
775 805 1
775 810 2
775 820 4
775 823 6
775 829 8
775 838 10
775 895 10
775 897 2
775 898 6
776 787 4
776 796 10
776 827 1
776 841 3
776 842 5
776 869 7
776 877 2
776 879 7
776 888 5
777 781 9
777 816 10
777 843 6
777 873 6
778 782 7
778 783 5
778 789 8
778 791 5
778 849 10
778 886 1
778 889 1
778 892 9
779 819 8
779 842 3
779 846 10
780 786 1
780 810 9
780 812 9
780 842 2
780 862 10
780 881 2
780 891 8
781 834 3
781 837 1
781 839 10
781 857 7
781 880 7
781 881 6
781 882 1
781 890 5
781 895 3
782 803 9
782 809 4
782 818 10
782 828 6
782 841 3
782 845 5
782 847 5
782 849 7
782 854 4
782 858 5
782 875 9
783 784 2
783 798 4
783 808 1
783 826 3
783 836 7
783 863 1
783 891 1
783 897 8
784 791 1
784 820 2
784 827 7
784 836 5
784 858 4
784 870 9
784 884 2
785 799 2
785 800 6
785 863 2
785 876 7
786 788 8
786 800 2
786 866 2
787 804 10
787 812 8
787 874 4
787 877 4
787 897 2
788 795 10
788 802 9
788 818 9
788 840 8
788 847 2
788 854 4
788 855 1
788 864 6
788 874 10
789 791 3
789 796 6
789 799 10
789 806 5
789 879 9
789 893 8
790 814 10
790 851 4
790 860 6
790 896 1
791 867 5
791 898 2
792 825 4
792 835 1
792 849 1
793 794 5
793 803 3
793 815 10
793 849 4
793 865 6
793 868 5
793 870 8
793 874 8
793 875 3
793 892 8
793 899 7
794 812 6
794 865 1
794 879 7
795 796 1
795 814 3
795 821 2
795 828 8
795 867 2
795 884 6
795 897 8
796 813 1
796 836 5
797 810 1
797 833 7
797 864 7
797 870 6
797 883 10
797 895 10
798 815 8
798 823 10
798 866 7
798 890 10
799 809 2
799 816 2
799 886 8
799 888 6
799 893 9
799 898 5
800 821 1
800 858 6
800 860 1
800 862 8
800 873 9
801 805 10
801 818 1
801 823 1
801 853 1
801 858 8
801 872 4
801 884 6
802 807 8
802 851 4
802 868 3
802 879 8
802 882 2
802 887 9
802 889 5
802 898 3
803 817 1
803 833 5
803 840 5
803 862 9
804 875 4
804 890 6
804 896 10
804 899 3
805 812 3
805 836 1
805 857 7
805 859 5
805 862 6
805 869 10
805 889 3
805 899 4
806 878 1
806 899 3
807 829 6
807 841 1
807 883 2
808 813 9
808 833 8
808 851 9
808 858 5
808 881 2
809 811 9
809 819 8
809 821 3
809 882 5
810 832 1
810 838 3
810 845 9
810 857 5
810 860 3
810 867 5
810 871 2
811 844 2
811 877 7
811 887 4
811 896 2
811 900 6
811 901 1
812 826 10
812 835 5
812 843 5
812 879 5
812 881 7
812 887 9
812 897 1
813 851 7
813 866 10
813 878 1
814 822 6
814 825 1
814 864 5
814 867 10
814 872 1
815 836 3
815 843 2
815 862 5
815 866 5
815 868 6
815 881 4
815 882 9
816 818 8
816 841 8
816 843 10
816 860 9
816 897 6
817 828 5
817 861 3
817 885 1
818 825 5
818 835 4
818 836 5
818 870 9
818 875 8
818 880 1
818 888 7
818 895 10
818 897 9
819 834 9
819 856 1
819 875 7
819 884 9
820 826 5
820 860 6
820 878 9
820 880 9
821 839 9
821 841 5
821 842 3
821 851 4
821 870 8
821 897 1
822 823 1
822 838 7
822 847 2
822 882 1
822 888 3
822 891 7
823 845 3
823 846 3
823 849 3
823 850 8
823 884 10
824 830 2
824 842 6
824 844 2
824 847 10
824 870 5
825 845 3
825 861 8
825 867 5
825 879 1
826 847 8
826 860 2
826 870 8
826 877 8
826 901 2
827 836 6
827 842 3
827 850 5
827 856 9
827 876 2
827 878 7
827 896 9
827 897 9
828 838 9
828 852 1
828 868 3
829 842 7
829 871 4
829 873 7
829 878 9
829 886 1
830 851 8
830 853 2
830 855 8
830 879 10
830 889 2
830 892 3
830 894 4
831 833 9
831 859 9
831 876 6
832 844 9
832 848 2
833 882 3
834 878 6
834 880 4
835 860 8
835 867 8
835 883 8
835 894 8
836 879 2
836 892 6
836 897 8
837 843 10
837 869 6
837 895 8
837 901 4
838 846 2
838 896 1
839 870 2
840 860 3
840 871 4
840 894 10
840 897 6
841 864 3
841 897 1
842 865 7
843 848 7
843 856 4
843 882 8
844 848 6
844 850 9
844 857 6
844 865 9
844 867 3
844 870 3
844 883 2
844 885 10
844 893 1
845 854 1
845 899 9
846 862 2
846 872 7
846 873 6
846 884 3
846 885 2
846 887 3
846 893 8
846 901 6
847 863 6
847 870 9
847 873 8
847 879 9
848 852 8
848 860 5
848 883 3
848 888 8
849 854 2
849 862 10
849 869 3
849 886 1
849 892 7
850 862 3
850 878 8
850 887 5
850 894 5
851 855 10
851 880 9
851 882 6
851 887 2
851 893 9
852 863 4
852 878 5
852 882 5
852 890 9
852 896 9
853 865 9
853 881 2
854 876 6
854 898 4
854 901 7
855 883 7
855 888 3
856 858 7
856 868 4
856 874 7
857 858 1
857 868 4
857 879 10
857 890 10
858 873 8
859 896 10
860 866 8
861 862 1
861 871 7
862 868 3
862 869 7
862 871 9
863 870 3
863 876 3
863 899 10
864 870 1
864 877 6
864 891 5
866 889 8
867 878 7
867 886 5
867 901 6
868 879 10
868 899 3
869 898 9
870 888 8
871 882 9
873 877 3
873 883 6
873 891 4
874 891 9
874 896 6
874 897 9
875 878 9
875 884 8
875 893 7
875 896 10
876 884 5
878 883 9
878 891 7
878 897 9
879 880 5
879 894 7
880 891 1
883 895 7
885 897 6
886 899 4
888 895 5
889 894 2
889 895 1
894 898 3
895 899 7
896 899 6
897 898 2
900 901 1
902 601 93
903 901 10
902 903 22
