904 6735
11 99 8 92 99 74 11 45 83 26 50 60 75 24 50 38 51 6 93 43 94 71 66 74 78 53 82 3 22 55 97 84 53 4 75 4 29 37 48 11 15 50 22 89 25 23 78 28 28 70 22 74 93 88 47 70 92 80 72 13 34 21 48 39 24 75 42 53 11 41 15 77 42 37 66 67 59 95 94 39 65 67 12 9 54 10 78 46 90 1 10 75 21 58 13 45 84 54 49 94 47 63 71 88 51 88 54 62 82 99 100 98 66 63 6 71 24 35 68 13 36 30 88 8 39 100 4 22 6 52 15 52 67 37 91 17 24 45 78 58 95 29 55 12 91 13 35 15 47 2 79 82 31 18 42 69 70 45 90 75 97 57 78 63 93 68 31 69 64 9 26 11 89 32 22 80 44 8 46 91 10 76 24 92 94 65 61 15 10 2 89 58 58 18 72 3 85 2 71 49 62 48 11 51 79 84 82 23 92 27 13 1 54 88 44 99 53 4 13 14 58 53 71 67 70 94 69 7 95 91 7 57 38 17 7 69 100 88 91 43 66 55 43 71 94 87 70 46 42 34 11 51 39 81 18 8 74 38 66 21 29 72 77 18 40 35 86 40 74 28 82 91 34 77 61 28 15 82 25 8 68 36 59 6 68 76 65 94 13 31 14 93 2 42 63 42 76 100 33 1 4 95 52 5 75 77 43 35 68 32 40 85 77 5 64 28 44 39 3 36 89 28 96 80 57 73 8 70 15 72 27 18 19 30 74 93 59 17 80 26 100 19 62 76 75 25 55 71 15 57 6 4 85 1 35 93 26 42 15 40 66 93 9 84 22 83 28 32 51 7 58 2 78 71 30 4 96 84 74 62 93 80 17 29 32 52 73 57 45 87 96 10 31 57 45 5 39 25 36 41 31 45 42 60 16 71 64 11 7 37 24 99 68 41 79 100 92 51 8 36 90 56 98 20 12 42 76 2 66 12 42 49 56 35 60 71 58 23 33 64 12 57 14 79 97 44 30 40 46 90 27 35 45 24 7 56 18 82 9 35 93 50 83 1 36 95 71 93 17 56 8 80 12 73 11 60 16 92 51 62 81 77 48 77 1 6 32 18 88 92 4 32 93 39 84 29 33 55 73 1 62 33 81 73 57 43 84 25 34 34 38 67 62 85 43 62 43 27 31 82 18 35 13 11 73 49 39 57 3 63 57 16 95 89 88 4 31 23 28 17 8 65 83 69 49 25 31 43 51 13 24 69 99 37 79 23 37 69 79 39 83 88 54 30 76 93 33 7 67 60 23 74 24 57 42 24 81 24 67 32 89 90 52 87 78 82 62 14 50 40 4 32 79 9 13 55 53 45 13 19 84 87 59 10 54 47 92 48 75 56 45 18 66 92 56 1 74 98 17 82 46 3 41 33 89 45 84 12 18 3 26 43 28 36 4 81 83 96 80 9 3 24 27 68 68 82 21 41 31 89 74 28 91 66 13 79 10 96 42 28 50 19 22 77 55 25 9 89 72 41 97 26 64 75 94 31 8 66 23 90 54 96 70 96 62 82 26 23 77 67 2 79 38 75 55 44 100 16 84 23 56 32 49 71 7 94 54 66 59 76 8 64 24 77 59 37 58 84 59 86 2 13 64 91 87 71 34 38 38 69 13 93 1 13 15 59 6 68 24 16 44 31 31 19 7 89 55 16 72 65 54 25 29 69 16 16 39 1 5 28 70 17 72 70 81 87 28 38 54 3 53 49 86 35 67 44 23 73 60 46 38 65 71 66 33 86 33 24 38 90 51 7 58 23 28 39 9 7 76 62 62 81 11 47 15 29 90 38 2 1 35 91 65 5 8 98 42 93 73 80 82 23 38 39 45 18 77 5 24 5 19 85 85 81 31 99 9 73 88 62 73 75 52 90 31 60 87 73 52 11 4 85 33 93 23 30 10 52 86 34 56 4 70 92 84 53 90 45 25 30 6 49 56 10 38 86 69 76 10 72 86 13 56 71 58 30 100 67 81 37 52 36 41 74 27 76 26 69 20 2 50 78 36 87
0 19 28
0 32 16
0 46 41
0 47 13
0 53 44
0 68 3
0 80 40
0 121 8
0 153 35
0 188 17
0 204 18
0 215 2
0 239 2
0 267 26
0 287 7
0 292 19
1 21 3
1 34 21
1 67 12
1 71 17
1 72 3
1 103 25
1 115 10
1 150 5
1 152 18
1 167 22
1 185 48
1 227 45
1 235 23
1 271 32
2 30 45
2 33 50
2 78 47
2 86 37
2 95 15
2 103 41
2 117 40
2 161 6
2 169 50
2 182 24
2 186 22
2 188 19
2 194 27
2 238 23
2 264 44
2 272 33
2 280 44
2 299 48
3 6 5
3 8 5
3 22 15
3 47 8
3 64 32
3 77 26
3 118 14
3 127 49
3 145 49
3 213 13
3 227 44
3 241 21
3 258 44
3 272 40
3 284 23
4 6 42
4 33 27
4 57 37
4 62 34
4 69 16
4 72 42
4 79 36
4 90 41
4 93 14
4 106 4
4 118 17
4 137 38
4 159 50
4 163 49
4 175 31
4 199 47
4 215 5
4 245 38
4 255 13
5 6 14
5 15 19
5 27 40
5 77 27
5 110 19
5 135 40
5 137 39
5 180 14
5 198 11
5 230 34
5 241 4
5 269 35
6 35 26
6 88 32
6 107 23
6 118 11
6 126 47
6 143 16
6 157 46
6 205 37
6 214 31
6 227 50
6 271 5
6 288 19
7 16 49
7 69 5
7 77 1
7 92 45
7 105 9
7 112 38
7 124 10
7 129 23
7 156 8
7 173 49
7 233 1
7 254 29
7 257 39
7 299 42
8 12 42
8 46 1
8 57 25
8 116 47
8 121 35
8 188 2
8 189 28
8 208 9
8 251 13
8 259 26
8 268 24
8 292 8
9 47 14
9 51 5
9 106 7
9 108 18
9 163 23
9 164 7
9 181 22
9 202 25
9 204 4
9 224 33
9 228 13
9 259 13
9 267 7
9 277 22
9 283 11
9 289 7
10 14 50
10 29 1
10 36 48
10 70 42
10 75 1
10 94 25
10 114 40
10 117 37
10 189 28
10 210 18
10 211 45
10 216 40
10 219 45
10 230 21
10 236 50
10 286 9
10 292 25
11 17 6
11 84 26
11 131 49
11 150 15
11 155 50
11 157 23
11 165 18
11 167 32
11 185 35
11 191 30
11 229 38
11 251 9
11 267 42
11 280 46
12 72 8
12 94 43
12 111 46
12 118 49
12 129 45
12 132 22
12 149 41
12 156 32
12 160 49
12 225 8
12 252 28
13 29 39
13 84 2
13 89 48
13 95 38
13 110 12
13 171 24
13 174 45
13 187 40
13 191 22
13 196 11
13 209 39
13 211 45
13 213 28
13 234 22
13 253 31
13 265 7
13 267 11
13 278 39
13 290 49
14 15 6
14 159 49
14 189 43
14 191 3
14 200 49
14 202 37
14 228 24
14 231 39
14 240 20
14 246 23
14 290 46
15 45 50
15 71 13
15 73 50
15 76 49
15 119 2
15 147 13
15 153 23
15 160 48
15 209 2
15 232 46
15 236 9
15 250 42
15 261 40
15 265 36
16 39 15
16 56 23
16 60 45
16 65 25
16 67 13
16 88 43
16 96 33
16 115 11
16 132 37
16 196 35
16 241 10
16 273 25
17 26 9
17 56 50
17 129 45
17 138 31
17 166 48
17 182 46
17 192 43
17 227 47
17 241 44
17 242 46
17 252 9
17 268 18
18 22 43
18 36 13
18 56 14
18 60 1
18 68 4
18 73 5
18 78 37
18 99 21
18 113 29
18 207 31
18 210 45
18 217 42
18 223 25
18 233 27
18 281 4
18 298 11
19 22 14
19 24 15
19 31 37
19 78 22
19 79 15
19 83 31
19 84 4
19 95 12
19 129 26
19 141 48
19 155 10
19 173 22
19 183 43
19 218 20
19 220 39
19 253 35
20 40 32
20 47 4
20 63 36
20 65 38
20 91 9
20 97 24
20 119 8
20 133 37
20 139 6
20 145 4
20 179 30
20 206 30
20 237 33
20 247 34
20 270 42
21 68 46
21 77 50
21 108 28
21 112 19
21 140 16
21 158 11
21 166 24
21 179 27
21 181 38
21 186 21
21 191 38
21 209 9
21 257 15
22 38 8
22 75 50
22 79 1
22 114 41
22 138 5
22 149 38
22 251 30
22 287 13
23 39 11
23 55 39
23 120 2
23 133 16
23 202 43
23 214 33
23 230 47
23 233 27
23 265 18
23 282 38
23 295 22
24 63 18
24 73 18
24 84 42
24 172 33
24 183 30
24 190 15
24 195 12
24 206 17
24 209 37
24 211 49
24 227 28
24 233 1
24 254 8
24 271 29
24 276 3
25 64 49
25 98 33
25 175 41
25 210 28
25 211 48
25 217 3
25 258 19
25 268 1
26 72 19
26 95 11
26 99 33
26 101 17
26 107 37
26 112 1
26 152 7
26 167 10
26 171 18
26 191 24
26 234 3
26 242 2
26 246 3
26 270 17
27 35 13
27 55 21
27 74 5
27 88 14
27 118 48
27 163 5
27 200 21
27 206 26
27 217 9
27 231 19
27 266 11
27 289 49
28 50 49
28 114 8
28 121 2
28 171 17
28 178 8
28 206 22
28 221 29
28 252 42
28 279 38
28 283 17
29 34 42
29 38 46
29 47 26
29 53 11
29 62 19
29 69 30
29 82 13
29 140 23
29 146 46
29 162 27
29 197 44
29 234 50
29 248 40
29 257 43
29 263 6
29 271 11
29 288 21
29 291 14
30 37 31
30 52 31
30 106 15
30 115 31
30 143 40
30 152 18
30 162 47
30 198 49
30 216 39
30 221 25
30 253 40
30 260 28
30 280 41
30 286 32
31 57 24
31 70 18
31 84 44
31 90 44
31 112 47
31 232 6
31 239 19
31 266 44
31 267 35
31 275 14
31 290 45
32 44 26
32 65 6
32 117 50
32 121 36
32 144 28
32 156 16
32 158 19
32 199 10
32 202 30
32 206 49
32 211 49
32 227 47
32 234 48
32 236 47
32 288 37
32 289 22
33 56 39
33 61 16
33 66 15
33 126 20
33 134 39
33 145 34
33 162 13
33 185 35
33 234 33
33 255 21
33 260 3
33 288 28
34 35 7
34 42 16
34 52 23
34 58 32
34 110 23
34 113 24
34 122 20
34 123 1
34 139 39
34 152 38
34 167 12
34 198 20
34 201 38
34 226 11
34 263 18
35 43 35
35 137 9
35 138 6
35 154 9
35 185 47
35 208 22
35 240 25
35 259 18
36 62 12
36 66 8
36 98 33
36 106 46
36 290 42
36 293 5
37 78 50
37 128 20
37 192 11
37 203 17
37 205 42
37 212 42
37 247 40
37 251 17
37 253 11
37 259 42
37 262 8
38 80 50
38 82 3
38 85 29
38 141 38
38 297 15
39 54 47
39 55 22
39 85 24
39 158 4
39 188 32
39 220 22
39 226 25
39 227 6
39 287 40
39 289 39
40 139 14
40 151 24
40 158 34
40 191 7
40 205 28
40 209 36
40 217 26
40 230 38
40 280 2
40 290 19
41 52 31
41 71 41
41 88 38
41 109 42
41 124 34
41 156 45
41 164 41
41 181 39
41 195 23
41 209 30
41 212 3
41 220 21
41 255 2
41 264 28
42 56 25
42 61 35
42 62 50
42 85 1
42 96 41
42 103 41
42 115 39
42 154 6
42 173 16
42 183 25
42 229 12
42 246 43
42 249 10
42 250 40
42 262 32
42 292 11
43 72 10
43 131 12
43 138 4
43 149 47
43 154 5
43 157 39
43 172 41
43 231 46
43 234 27
43 237 16
43 238 25
43 246 30
43 269 36
43 272 28
44 68 7
44 77 12
44 156 15
44 179 8
44 192 15
44 212 5
44 238 50
44 265 3
44 273 10
44 294 15
45 70 29
45 83 23
45 99 7
45 106 38
45 117 12
45 124 38
45 147 1
45 151 22
45 174 2
45 186 4
45 191 18
45 197 6
45 209 42
45 214 11
45 242 3
45 266 21
45 295 28
46 64 30
46 156 50
46 180 13
46 194 9
46 195 8
46 233 27
46 254 23
46 255 16
46 260 41
46 289 27
46 290 15
46 293 45
47 82 36
47 93 32
47 126 24
47 173 11
47 199 38
47 216 13
47 224 22
47 225 28
47 239 13
47 262 45
47 269 29
48 63 18
48 70 15
48 85 36
48 88 10
48 91 25
48 103 39
48 112 30
48 136 2
48 155 18
48 158 31
48 181 16
48 189 26
48 249 40
48 254 44
48 258 49
48 262 5
48 264 34
48 283 27
48 292 22
49 71 31
49 95 13
49 105 3
49 140 4
49 153 23
49 172 42
49 180 16
49 203 46
49 214 21
49 233 29
49 237 41
49 246 49
49 255 48
49 273 5
50 70 37
50 73 9
50 83 31
50 89 25
50 95 40
50 115 34
50 139 44
50 168 20
50 182 49
50 226 19
51 72 10
51 119 43
51 144 19
51 165 16
51 179 28
51 191 46
51 198 39
51 232 8
51 253 10
51 276 43
51 283 13
52 54 34
52 62 35
52 103 29
52 128 29
52 138 5
52 184 9
52 210 21
52 217 6
52 228 6
52 234 27
52 250 44
52 258 15
52 265 7
52 282 18
52 288 4
52 291 40
53 59 13
53 101 26
53 123 41
53 134 31
53 142 37
53 149 33
53 157 2
53 160 2
53 163 12
53 191 47
53 203 43
53 207 22
53 259 8
53 277 35
53 294 34
54 106 41
54 112 21
54 122 14
54 129 21
54 139 28
54 140 22
54 141 44
54 163 33
54 191 30
54 262 20
54 284 26
55 56 46
55 59 27
55 61 45
55 82 1
55 85 18
55 93 7
55 160 28
55 193 8
55 197 39
55 214 14
55 257 42
55 278 42
55 285 18
55 295 4
56 74 38
56 77 10
56 79 25
56 91 47
56 96 46
56 109 8
56 120 39
56 145 17
56 203 22
56 209 10
56 217 44
56 241 45
56 249 5
56 284 28
56 285 26
56 287 24
56 292 3
57 65 21
57 68 2
57 80 49
57 98 22
57 114 20
57 119 7
57 124 1
57 133 27
57 140 45
57 176 15
57 209 19
57 242 37
57 267 32
57 270 22
58 60 26
58 65 43
58 82 48
58 87 25
58 109 38
58 127 7
58 155 13
58 162 4
58 189 28
58 191 24
58 192 49
58 196 25
58 226 28
58 232 26
58 265 50
58 274 2
58 277 30
58 288 23
59 85 5
59 89 28
59 147 46
59 183 24
59 213 34
59 223 46
59 264 1
59 279 31
59 282 10
60 72 21
60 108 19
60 142 43
60 173 44
60 197 46
60 206 35
60 217 41
60 224 20
60 232 23
60 266 47
60 282 33
60 285 28
60 295 27
61 87 6
61 92 29
61 130 3
61 174 36
61 178 4
61 179 2
61 180 39
61 184 34
61 186 24
61 213 43
61 224 13
61 244 19
61 282 17
61 291 49
62 74 15
62 77 19
62 90 31
62 102 26
62 116 41
62 174 49
62 192 19
62 201 34
62 217 44
62 223 5
62 227 26
62 263 16
63 79 29
63 81 22
63 112 48
63 147 7
63 170 50
63 188 5
63 242 35
63 244 2
63 257 40
63 258 40
63 262 6
63 277 30
64 128 23
64 153 29
64 223 23
64 224 38
64 251 50
64 257 41
64 259 36
64 291 16
64 295 11
64 297 16
65 66 43
65 70 1
65 73 16
65 152 11
65 249 36
66 96 11
66 126 16
66 161 11
66 163 26
66 179 44
66 181 32
66 188 25
66 189 2
66 246 34
66 278 32
67 82 38
67 164 37
67 169 23
67 185 28
67 210 42
67 226 3
67 227 2
67 242 23
67 259 25
67 277 41
67 285 24
67 286 17
67 292 26
67 296 39
68 69 27
68 109 43
68 135 31
68 166 29
68 202 10
68 234 44
68 240 14
68 253 23
68 290 11
69 147 24
69 160 48
69 239 4
69 258 7
69 271 25
69 286 8
69 295 42
69 299 6
70 85 47
70 107 29
70 116 30
70 118 24
70 123 20
70 128 32
70 144 28
70 149 44
70 172 8
70 189 18
70 210 17
70 214 24
70 223 46
70 224 7
70 237 2
70 239 40
70 245 40
70 248 32
70 261 2
70 263 33
70 277 45
70 293 24
71 90 43
71 93 20
71 124 23
71 132 48
71 137 29
71 153 47
71 186 7
71 188 22
71 193 4
71 196 4
71 201 50
71 230 34
71 234 29
71 243 22
71 258 17
71 262 8
71 267 15
71 294 25
71 297 28
72 119 34
72 127 50
72 161 23
72 183 40
72 234 4
72 258 14
72 273 29
72 288 35
72 293 15
72 296 13
73 100 32
73 133 40
73 141 7
73 165 3
73 173 13
73 206 5
73 213 31
73 255 11
73 281 13
74 79 3
74 83 15
74 136 16
74 150 4
74 159 50
74 184 47
74 208 25
74 281 18
75 80 4
75 115 42
75 116 42
75 144 31
75 187 25
75 191 44
75 210 5
75 227 16
75 239 47
75 264 21
75 270 47
75 283 33
75 285 35
76 84 9
76 107 14
76 130 25
76 132 16
76 134 17
76 155 39
76 172 22
76 194 49
76 209 49
76 251 34
76 264 3
76 265 13
77 97 2
77 99 7
77 122 14
77 137 48
77 179 33
77 195 32
77 286 1
77 288 26
78 84 25
78 101 34
78 125 2
78 140 20
78 151 38
78 154 18
78 161 16
78 181 8
78 196 16
78 212 1
78 241 45
78 247 24
78 259 14
78 263 21
78 286 41
78 297 32
79 93 9
79 104 12
79 113 33
79 176 7
79 224 48
79 281 35
79 283 22
80 81 49
80 132 43
80 133 37
80 137 46
80 167 26
80 200 18
80 208 48
80 255 3
80 282 45
81 83 31
81 85 5
81 90 14
81 100 21
81 111 24
81 129 32
81 145 30
81 168 39
81 178 32
81 190 26
81 208 14
81 222 47
81 224 46
81 264 5
81 265 31
81 292 6
82 119 18
82 141 13
82 147 13
82 153 15
82 157 47
82 172 36
82 182 13
82 194 40
82 197 22
82 208 10
82 214 17
82 216 42
82 219 8
82 222 19
82 229 38
82 236 38
82 242 25
82 246 1
82 247 10
82 276 48
83 93 34
83 153 40
83 197 36
83 198 15
83 220 15
83 226 50
83 227 14
83 250 13
83 256 6
83 286 44
84 121 18
84 141 23
84 156 6
84 169 32
84 171 38
84 223 4
84 228 19
84 237 50
84 250 45
84 256 43
84 257 10
84 277 11
84 286 34
85 90 19
85 172 32
85 192 21
85 215 8
85 238 6
85 249 23
85 269 18
85 277 6
85 290 7
86 165 9
86 170 41
86 185 23
86 188 25
86 198 42
86 214 36
86 267 39
87 106 47
87 107 31
87 153 9
87 190 20
87 225 38
87 229 40
88 117 9
88 161 42
88 164 11
88 173 10
88 183 36
88 194 3
88 258 21
88 278 49
89 117 38
89 136 39
89 162 32
89 192 8
89 278 47
89 280 39
90 105 32
90 123 16
90 136 44
90 147 38
90 154 26
90 162 37
90 165 13
90 203 50
90 268 28
90 284 50
91 101 39
91 115 25
91 120 31
91 164 47
91 168 46
91 185 18
91 291 38
91 293 4
92 114 11
92 131 48
92 188 15
92 191 49
92 222 2
92 250 36
92 276 49
92 298 39
93 107 24
93 124 30
93 204 48
93 243 22
93 283 18
93 294 30
94 120 37
94 133 14
94 148 19
94 165 12
94 173 50
94 175 31
94 195 14
94 201 27
94 281 31
94 287 4
95 117 3
95 138 11
95 149 2
95 167 50
95 192 30
95 215 39
95 231 3
95 271 43
96 119 39
96 157 18
96 174 41
96 184 42
96 186 5
96 194 41
96 206 31
96 212 28
96 232 20
97 100 28
97 127 2
97 134 39
97 157 9
97 176 40
97 190 2
97 194 28
97 195 2
97 197 1
97 198 8
97 206 17
97 226 30
97 242 38
97 249 20
97 264 32
97 275 50
98 99 21
98 112 32
98 157 32
98 166 11
98 205 36
98 207 24
98 210 1
99 162 5
99 186 16
99 187 43
99 221 9
99 257 6
99 258 23
99 262 39
99 263 27
100 181 2
100 202 40
100 203 15
100 218 11
100 222 29
100 229 19
100 246 38
100 248 32
100 252 19
100 266 45
100 272 48
101 104 48
101 167 35
101 200 19
101 217 32
101 238 34
101 239 41
101 281 13
101 284 15
101 292 4
101 293 50
101 295 40
101 299 4
102 231 5
102 256 5
102 261 46
102 267 13
102 272 12
102 289 20
103 105 3
103 112 38
103 127 24
103 135 42
103 173 5
103 177 34
103 221 23
103 222 23
103 245 23
103 248 4
103 253 43
103 257 19
103 278 4
104 105 43
104 144 3
104 163 24
104 182 24
104 191 39
104 209 15
104 222 38
104 235 3
104 256 18
104 263 37
104 268 45
104 285 21
104 286 41
105 121 49
105 172 19
105 185 6
105 190 13
105 224 40
105 227 8
105 234 50
105 254 13
106 112 2
106 116 6
106 171 48
106 186 24
106 187 30
106 217 20
106 237 27
106 242 23
106 296 39
107 137 32
107 148 17
107 160 43
107 162 6
107 175 40
107 182 31
107 235 20
107 238 29
107 239 36
107 284 39
107 287 15
107 292 30
108 205 9
108 212 8
108 220 30
108 223 29
108 241 15
108 277 42
108 282 19
108 284 22
109 119 44
109 132 33
109 151 23
109 225 49
109 231 31
109 250 46
109 266 31
109 269 2
109 276 25
109 277 3
110 165 42
110 226 6
110 233 21
110 237 35
110 245 11
110 271 12
110 274 15
110 276 32
110 293 40
111 123 2
111 130 20
111 133 6
111 149 31
111 157 31
111 168 15
111 176 11
111 204 11
111 244 29
111 297 4
112 134 31
112 135 1
112 136 49
112 144 14
112 186 25
112 196 50
112 204 46
112 212 23
112 218 30
112 237 47
113 125 49
113 181 34
113 201 39
113 218 4
113 228 4
113 273 25
113 287 17
113 294 15
114 120 39
114 123 48
114 153 4
114 163 43
114 226 20
114 232 11
114 247 23
114 256 50
114 277 26
114 279 35
114 287 12
115 121 4
115 147 41
115 148 43
115 172 6
115 194 39
115 244 6
115 283 33
116 124 38
116 130 1
116 142 5
116 146 19
116 158 49
116 178 3
116 194 2
116 232 39
116 237 8
116 250 5
116 255 13
117 118 26
117 119 21
117 124 4
117 134 26
117 143 24
117 153 46
117 160 45
117 180 37
117 200 20
117 210 46
117 218 12
117 227 7
117 233 7
118 121 17
118 143 47
118 144 49
118 238 23
118 263 37
118 285 6
118 289 7
119 153 25
119 161 8
119 164 11
119 166 45
119 171 7
119 172 15
119 194 47
119 198 45
119 219 24
119 221 3
119 229 8
119 238 50
119 255 24
119 268 13
119 293 25
120 153 49
120 192 8
120 205 19
120 214 35
120 222 27
120 223 16
120 250 48
120 269 33
120 271 22
120 293 15
121 123 29
121 125 23
121 130 39
121 148 18
121 167 28
121 184 45
121 198 44
121 211 38
121 214 7
121 216 38
121 217 46
121 223 21
121 244 34
121 250 40
121 257 44
121 294 39
122 128 49
122 158 43
122 162 12
122 165 11
122 179 19
122 198 10
122 212 20
122 216 37
122 242 47
122 292 47
123 124 2
123 145 44
123 165 31
123 173 26
123 185 10
123 194 12
123 229 50
123 231 48
123 239 29
123 252 29
123 267 42
123 280 22
124 125 16
124 135 48
124 160 9
124 215 11
124 221 20
124 277 45
124 285 3
125 127 16
125 164 33
125 215 3
125 296 8
126 127 46
126 134 16
126 149 29
126 178 7
126 183 35
126 205 15
126 227 3
126 231 33
126 287 19
126 289 49
127 142 14
127 194 46
127 220 8
127 277 27
128 131 45
128 138 6
128 151 5
128 171 23
128 172 49
128 177 28
128 204 39
128 205 47
128 206 38
128 210 1
128 232 18
128 260 32
128 278 3
129 139 33
129 153 16
129 162 8
129 165 43
129 177 11
129 183 23
129 192 21
129 223 18
129 226 9
129 228 37
129 242 20
129 244 42
129 248 5
129 251 20
129 259 7
130 138 50
130 139 28
130 159 33
130 165 46
130 192 35
130 209 39
130 213 19
130 242 33
130 244 18
130 263 9
130 271 31
130 273 5
130 274 9
131 132 1
131 144 37
131 148 14
131 165 33
131 184 2
131 211 21
131 212 25
131 229 15
131 240 43
131 249 47
131 268 32
131 277 1
132 136 34
132 137 3
132 149 44
132 157 38
132 171 23
132 193 2
132 237 40
132 270 2
132 280 36
133 143 35
133 185 38
133 199 26
133 231 5
133 240 22
134 146 43
134 147 13
134 153 5
134 194 48
134 200 24
134 221 5
134 255 36
134 270 37
135 138 37
135 158 39
135 162 9
135 175 14
135 193 3
135 202 3
135 225 10
135 272 34
135 274 5
135 277 43
135 298 39
136 176 49
136 210 33
136 215 11
136 226 50
136 227 24
136 244 14
136 248 38
136 267 8
137 143 1
137 191 13
137 255 15
137 281 22
138 149 6
138 219 29
138 231 26
138 258 3
138 272 2
138 281 30
138 293 38
139 149 40
139 167 19
139 178 28
139 197 48
139 223 32
139 235 31
139 266 50
140 177 43
140 188 16
140 204 5
140 206 38
140 213 4
140 217 5
140 229 20
140 240 16
140 261 6
140 277 43
140 295 29
141 171 43
141 198 2
141 207 29
141 214 6
141 236 18
141 270 1
141 284 13
142 171 47
142 185 26
142 220 15
142 225 48
142 234 8
142 240 4
142 265 40
142 273 26
143 148 31
143 168 39
143 188 9
143 192 13
143 193 39
143 209 3
143 235 29
143 236 45
143 242 40
143 259 32
143 280 1
143 286 11
144 159 48
144 185 8
144 227 5
144 237 26
144 242 1
144 253 9
144 292 7
145 159 8
145 169 26
145 191 7
145 192 20
145 213 22
145 227 34
145 249 36
145 254 22
145 267 43
145 272 41
145 292 11
145 295 20
145 296 23
145 298 1
146 158 30
146 222 38
146 227 41
146 257 33
147 154 16
147 167 35
147 186 24
147 252 47
147 263 37
147 265 37
147 289 46
148 149 45
148 259 41
149 154 24
149 164 47
149 190 1
149 204 30
149 220 6
149 230 27
149 232 38
149 235 27
149 259 50
149 281 23
150 152 14
150 184 23
150 185 16
150 188 6
150 202 35
150 261 35
150 267 28
150 279 36
150 289 15
151 159 15
151 166 26
151 175 49
151 218 32
151 224 13
151 235 22
151 252 31
151 269 49
152 154 8
152 206 26
152 237 45
152 240 1
152 245 49
152 252 43
152 272 1
153 187 30
153 208 48
153 222 29
153 225 17
153 250 24
153 270 31
154 169 40
154 193 37
154 201 3
154 213 7
154 246 44
154 271 38
154 277 43
154 291 22
155 199 23
155 203 9
155 205 38
155 206 50
155 212 7
155 219 20
155 255 12
155 278 31
155 297 2
156 195 13
156 203 40
156 272 27
156 278 7
157 158 42
157 163 28
157 168 50
157 181 43
157 192 7
157 194 47
157 207 23
157 215 24
157 267 23
157 280 3
157 287 15
158 165 11
158 166 8
158 170 23
158 176 5
158 194 47
158 203 15
159 178 28
159 195 21
159 199 26
159 205 17
159 227 20
159 235 34
159 244 38
160 161 32
160 173 14
160 184 39
160 191 44
160 198 6
160 221 16
160 246 50
160 265 47
161 172 43
161 174 1
161 177 41
161 184 1
161 213 50
161 270 14
162 166 26
162 172 22
162 184 18
162 213 42
162 272 34
163 181 27
163 199 14
163 205 38
163 225 23
163 235 31
163 243 17
163 249 43
163 254 8
164 197 34
164 198 13
164 238 41
164 257 21
164 279 46
165 176 7
165 184 10
165 191 39
165 220 12
165 224 27
165 258 40
165 267 10
166 189 21
166 217 41
166 266 1
167 177 21
167 191 42
167 192 16
167 196 49
167 215 13
167 283 35
167 289 40
167 296 48
168 175 12
168 183 6
168 194 36
168 220 34
168 294 36
169 233 4
169 237 29
169 247 43
169 265 37
170 188 41
170 198 35
170 211 10
170 271 38
170 289 41
170 298 19
171 172 26
171 177 4
171 225 47
171 234 17
171 265 14
172 176 17
172 218 9
172 246 14
172 248 39
172 256 50
172 275 31
172 298 37
173 187 14
173 204 15
173 209 29
173 213 12
173 214 28
173 218 34
173 237 49
173 244 14
173 250 19
173 294 2
174 183 42
174 185 13
174 201 41
174 211 34
174 238 47
174 244 50
174 272 21
174 285 38
175 182 20
175 184 48
175 211 41
175 237 16
175 245 14
175 253 6
175 255 32
175 287 23
175 293 19
176 186 22
176 197 24
176 211 1
176 213 9
176 222 38
176 238 16
176 263 37
176 264 1
177 185 45
177 224 22
177 232 49
177 285 8
177 291 40
178 182 2
178 204 49
178 228 4
178 245 42
179 185 32
179 189 2
179 231 43
179 234 4
179 253 39
179 269 12
179 289 1
180 208 32
180 210 27
180 258 17
180 278 39
180 280 10
180 285 41
180 298 8
181 184 32
181 198 14
181 221 10
181 227 42
182 195 3
182 221 27
182 244 30
182 256 3
182 286 22
182 287 1
183 242 3
183 246 29
183 268 42
184 217 7
184 219 28
184 228 47
184 252 50
184 276 11
184 289 48
185 189 43
185 234 17
185 235 39
185 237 4
185 238 17
185 250 20
185 253 31
185 254 35
185 255 8
185 285 40
185 297 25
186 211 17
186 214 23
186 275 39
187 206 29
187 213 14
187 245 41
187 257 5
187 258 45
187 259 46
187 263 26
187 279 45
187 296 50
188 197 5
188 214 38
188 234 6
188 243 34
188 258 34
188 263 6
188 277 46
188 285 32
189 205 48
189 210 12
189 211 20
189 266 3
189 282 31
189 290 41
189 296 33
190 232 15
190 250 50
190 266 25
190 285 42
191 235 19
191 248 47
191 293 30
191 297 47
192 200 13
192 225 22
192 234 1
192 266 9
193 195 19
193 201 29
193 206 6
193 245 19
193 251 33
193 264 43
193 280 24
194 203 18
194 213 29
194 238 31
194 241 15
194 254 10
194 288 30
195 214 27
195 261 31
195 279 33
195 298 9
196 205 23
196 236 17
196 249 25
196 260 24
196 295 41
196 296 16
197 233 42
197 244 40
197 256 47
197 272 40
197 296 4
198 208 19
198 218 43
198 225 12
198 235 37
198 249 21
199 206 17
199 211 7
199 214 5
199 221 12
200 209 33
200 212 24
200 227 40
200 257 13
200 296 38
201 213 1
201 228 45
201 230 16
201 246 33
201 257 27
201 261 26
201 275 5
201 298 45
202 220 1
202 249 28
202 260 36
202 282 18
202 289 22
203 218 27
203 234 17
203 261 11
203 297 30
204 247 37
205 215 5
205 229 41
205 253 23
205 268 25
205 279 10
205 295 32
206 221 31
206 224 21
206 230 14
206 238 4
206 242 10
207 246 26
207 250 44
207 265 12
207 269 22
207 271 9
209 237 44
209 269 48
210 226 35
210 250 48
210 265 45
210 273 37
211 213 27
211 231 30
211 240 6
211 255 48
211 284 8
211 294 22
211 298 11
212 215 37
212 239 8
212 245 15
212 247 29
212 255 33
212 270 42
212 284 40
213 237 14
213 241 24
213 252 10
213 254 27
213 265 30
213 276 21
213 292 4
214 222 23
214 230 32
214 231 26
214 258 33
214 272 25
215 235 25
215 243 19
215 274 24
215 293 19
216 219 7
216 239 1
216 268 50
216 273 13
216 274 50
216 294 7
218 237 36
218 242 12
218 265 45
218 275 46
218 288 29
218 298 26
220 247 30
220 249 20
220 264 15
221 238 45
221 249 45
221 257 25
221 263 23
221 286 24
222 249 47
222 258 28
222 277 46
222 278 29
222 284 3
222 286 31
222 298 5
223 245 30
223 260 49
223 263 31
223 287 50
224 227 6
224 239 33
224 257 2
225 235 20
225 250 32
225 259 10
225 263 7
225 275 46
225 288 5
225 294 4
225 298 24
226 229 30
226 242 33
226 254 45
226 258 46
226 260 29
226 269 39
226 274 20
226 283 1
227 252 13
227 253 19
227 268 29
227 289 10
228 256 49
228 268 33
228 279 40
228 285 3
229 256 14
230 255 39
231 232 35
231 233 14
231 245 46
231 249 17
231 280 17
231 298 15
232 235 1
232 246 26
233 279 21
234 248 46
234 253 30
234 268 25
235 236 19
235 243 11
235 274 9
235 285 13
236 258 7
236 276 38
237 240 1
237 282 28
237 285 38
238 247 13
238 269 46
238 274 18
239 249 25
239 288 46
239 289 1
240 261 14
240 264 49
240 271 14
241 247 4
241 260 35
241 268 29
242 262 49
242 295 2
243 247 45
243 255 13
243 282 2
243 290 23
243 296 36
244 255 47
247 250 4
247 254 12
247 257 17
247 283 15
248 262 22
248 270 29
248 289 23
248 296 9
251 256 29
251 276 50
251 292 49
252 291 44
252 297 48
253 277 18
253 279 20
254 280 43
254 284 18
254 296 33
255 270 43
256 268 34
256 298 37
257 280 28
258 262 14
258 290 37
259 262 31
259 264 9
259 273 2
259 283 32
259 293 33
260 266 37
260 293 30
262 286 36
262 287 50
263 276 46
263 279 50
263 283 21
263 290 26
264 281 24
264 299 30
265 272 4
265 274 26
266 280 30
268 286 49
268 293 23
269 293 47
270 291 20
271 286 17
271 296 17
274 297 3
275 279 12
275 294 50
278 279 41
280 299 41
281 282 15
283 293 29
284 287 21
285 298 25
285 299 30
288 291 4
289 296 7
293 294 18
294 296 35
300 316 4
300 323 37
300 356 44
300 358 29
300 365 43
300 367 38
300 380 3
300 398 23
300 434 11
300 505 21
300 514 6
300 533 1
300 574 12
300 582 7
301 378 40
301 381 40
301 420 38
301 445 1
301 463 5
301 513 39
301 531 42
301 538 9
301 542 23
301 543 21
301 544 19
301 560 35
301 562 25
301 575 24
301 583 30
302 320 37
302 327 42
302 332 35
302 352 23
302 359 38
302 378 14
302 418 17
302 455 25
302 474 18
302 478 39
302 485 37
302 517 40
302 532 47
302 554 38
302 573 1
302 596 3
303 324 27
303 333 42
303 403 43
303 406 29
303 412 47
303 423 31
303 436 20
303 447 7
303 455 5
303 501 42
303 511 25
303 531 40
303 536 18
303 543 48
304 305 21
304 309 4
304 339 42
304 353 7
304 369 28
304 379 31
304 403 22
304 410 46
304 421 5
304 427 39
304 448 35
304 463 41
304 474 30
304 477 31
304 479 30
304 484 31
304 485 35
304 554 8
304 556 22
304 581 27
304 598 38
305 315 20
305 319 10
305 328 8
305 332 26
305 353 14
305 410 1
305 429 3
305 446 5
305 474 19
305 479 2
305 485 25
305 489 24
305 494 45
305 501 32
305 520 4
305 521 25
305 522 3
305 564 49
305 570 31
305 594 44
306 345 35
306 393 22
306 433 25
306 439 17
306 460 3
306 471 7
306 502 2
306 534 13
306 540 31
306 548 30
306 595 50
306 597 50
307 330 41
307 369 9
307 389 28
307 416 5
307 426 10
307 443 32
307 453 9
307 471 28
307 494 33
307 498 36
307 534 3
307 551 30
307 554 19
307 570 6
308 312 4
308 359 23
308 361 5
308 434 35
308 439 18
308 513 41
308 547 8
308 561 43
308 569 8
308 579 12
308 599 49
309 338 11
309 393 24
309 396 29
309 401 40
309 402 24
309 408 29
309 423 31
309 430 32
309 446 8
309 467 37
309 480 41
309 486 39
309 499 47
309 521 20
309 522 21
309 536 34
310 329 23
310 348 2
310 353 2
310 359 30
310 376 6
310 404 25
310 429 34
310 474 42
310 487 42
310 502 27
310 508 1
310 518 36
310 555 34
310 583 12
310 590 35
310 592 44
311 334 36
311 335 13
311 336 35
311 337 9
311 348 43
311 374 17
311 391 42
311 409 50
311 472 3
311 481 35
311 486 38
311 509 2
311 517 4
311 522 11
311 544 35
311 577 28
312 339 12
312 346 39
312 363 8
312 379 19
312 410 13
312 413 43
312 464 10
312 501 6
312 527 19
312 597 10
313 381 42
313 388 2
313 400 22
313 417 28
313 425 47
313 436 9
313 478 40
313 505 32
313 531 19
313 566 35
313 574 48
313 589 10
313 595 34
314 341 3
314 346 44
314 405 24
314 465 4
314 467 50
314 483 36
314 493 40
314 510 27
314 524 47
314 535 28
314 548 36
314 559 18
314 567 40
314 571 29
314 577 27
314 584 48
314 594 49
315 348 39
315 356 41
315 378 1
315 396 12
315 419 18
315 445 49
315 447 20
315 457 7
315 463 30
315 510 40
315 522 43
315 534 30
315 535 49
315 543 29
315 556 32
315 566 45
315 574 2
315 598 35
316 329 46
316 339 39
316 361 24
316 380 24
316 415 37
316 423 2
316 440 10
316 459 4
316 508 43
316 514 40
316 538 33
316 584 42
316 595 38
317 321 21
317 343 32
317 352 40
317 370 34
317 386 49
317 390 41
317 406 5
317 411 8
317 471 20
317 482 44
317 491 50
317 502 49
317 505 44
317 524 28
317 541 30
317 546 40
317 588 31
318 332 16
318 390 35
318 447 19
318 464 42
318 478 9
318 479 8
318 484 45
318 543 20
318 548 11
318 585 39
318 590 11
318 593 43
319 420 31
319 435 50
319 452 15
319 456 12
319 471 40
319 492 48
319 512 11
319 539 30
319 549 2
319 567 18
319 585 1
319 599 45
320 323 19
320 330 2
320 361 41
320 378 47
320 390 33
320 438 30
320 442 29
320 448 49
320 449 15
320 469 50
320 521 42
320 565 25
320 587 7
321 345 36
321 374 46
321 390 17
321 478 24
321 500 6
321 510 12
321 525 4
321 527 5
321 539 26
321 547 18
321 574 46
321 592 24
321 598 28
322 361 27
322 383 27
322 414 47
322 418 28
322 430 24
322 455 15
322 461 31
322 469 14
322 505 13
322 545 13
323 343 45
323 347 42
323 371 11
323 377 11
323 386 43
323 425 4
323 448 35
323 456 49
323 474 39
323 480 32
323 491 17
323 502 15
323 509 37
323 514 28
323 520 20
323 548 44
323 554 4
323 578 37
323 593 39
324 365 29
324 366 16
324 377 16
324 396 7
324 401 14
324 425 45
324 432 32
324 433 29
324 443 25
324 463 45
324 484 43
324 506 37
324 516 42
324 539 36
324 551 50
324 576 2
324 579 28
324 588 5
324 598 37
325 327 26
325 360 46
325 364 18
325 376 43
325 379 10
325 382 7
325 391 22
325 404 31
325 406 50
325 411 27
325 412 20
325 486 40
325 503 7
325 515 37
325 555 7
325 564 14
325 586 1
325 588 3
326 347 45
326 370 31
326 383 27
326 396 42
326 413 23
326 422 16
326 446 33
326 527 9
326 541 17
326 552 34
326 576 36
327 328 23
327 338 22
327 374 14
327 376 18
327 415 42
327 420 8
327 457 29
327 498 48
327 575 29
328 333 10
328 357 49
328 409 6
328 501 31
328 523 38
328 524 12
328 528 17
328 535 45
328 551 27
328 592 17
329 385 47
329 408 22
329 417 47
329 425 26
329 452 15
329 478 22
329 493 43
329 498 47
329 501 32
329 525 11
329 533 32
329 536 17
329 567 33
329 580 4
330 332 32
330 378 1
330 397 45
330 413 39
330 416 29
330 420 42
330 425 20
330 433 40
330 470 40
330 505 27
330 506 20
330 554 29
330 574 40
330 599 37
331 344 23
331 363 17
331 444 5
331 462 22
331 499 40
331 518 4
331 519 47
331 537 4
331 558 25
331 594 39
332 334 50
332 346 6
332 369 49
332 381 33
332 386 24
332 430 31
332 441 36
332 499 8
332 508 33
332 543 30
332 555 46
333 375 14
333 402 23
333 420 17
333 431 3
333 436 14
333 453 43
333 454 23
333 455 43
333 474 33
333 478 11
333 499 17
333 501 1
333 532 15
333 556 38
333 564 40
333 565 20
333 575 34
334 339 43
334 350 44
334 387 24
334 391 44
334 405 1
334 426 24
334 434 26
334 454 27
334 459 7
334 476 14
334 481 34
334 495 39
334 512 43
334 521 31
334 555 2
334 567 18
334 569 48
335 345 5
335 360 33
335 404 42
335 431 29
335 434 25
335 440 26
335 460 41
335 518 42
335 523 26
335 535 7
335 541 31
335 544 17
335 562 27
335 567 15
335 573 9
335 585 22
335 598 40
336 360 4
336 371 25
336 411 14
336 449 32
336 489 1
336 513 20
336 517 45
336 531 34
336 544 10
336 545 39
336 550 14
336 552 12
337 372 8
337 412 13
337 416 18
337 481 41
337 482 5
337 568 48
337 576 17
337 588 30
337 594 38
338 344 8
338 350 8
338 370 46
338 387 41
338 420 24
338 428 22
338 435 7
338 436 35
338 472 46
338 481 46
338 489 40
338 520 20
338 524 9
338 534 21
338 564 20
338 577 30
338 583 17
338 598 3
339 410 40
339 447 8
339 467 18
339 478 3
339 503 17
339 531 31
339 554 22
339 575 7
340 388 37
340 409 21
340 420 24
340 430 18
340 435 10
340 458 33
340 488 25
340 550 5
340 578 23
340 584 49
341 343 29
341 381 29
341 426 35
341 436 24
341 443 25
341 456 24
341 473 45
341 474 35
341 477 47
341 491 14
341 512 17
341 513 15
341 516 18
341 524 8
341 533 24
341 562 37
341 570 12
341 596 41
342 353 19
342 374 35
342 375 47
342 383 5
342 386 5
342 420 22
342 451 23
342 460 14
342 529 5
342 580 49
343 375 20
343 381 29
343 402 49
343 437 48
343 449 8
343 513 33
343 526 23
343 528 34
343 543 7
343 544 19
344 361 20
344 390 5
344 410 34
344 433 38
344 519 19
344 526 1
344 528 45
344 529 43
344 551 40
344 571 8
344 585 33
344 596 8
345 359 42
345 398 31
345 414 13
345 432 48
345 454 3
345 455 37
345 459 11
345 536 9
345 549 37
345 564 33
345 577 37
346 365 36
346 374 32
346 382 46
346 401 18
346 422 7
346 427 29
346 459 26
346 462 25
346 463 1
346 495 30
346 498 9
346 516 38
346 523 1
346 589 11
346 596 35
347 367 45
347 384 50
347 406 44
347 414 29
347 429 8
347 433 36
347 452 9
347 459 22
347 494 33
347 510 13
347 513 10
347 560 46
347 574 21
347 578 46
347 596 28
348 371 8
348 388 31
348 414 11
348 458 3
348 490 1
348 514 17
348 529 34
348 538 26
348 564 42
348 570 34
349 359 8
349 367 50
349 397 23
349 483 10
349 486 12
349 491 9
349 495 4
349 564 12
349 587 3
350 362 32
350 384 21
350 405 40
350 415 42
350 421 42
350 425 24
350 446 5
350 457 3
350 460 19
350 509 25
350 526 48
350 529 48
350 548 32
350 554 31
350 557 9
350 599 37
351 387 31
351 389 25
351 432 20
351 438 8
351 440 18
351 486 5
351 493 17
351 527 19
351 530 29
351 552 26
351 565 31
351 595 38
352 386 31
352 440 44
352 446 42
352 478 12
352 503 14
352 558 31
352 569 4
353 375 7
353 382 4
353 396 10
353 459 9
353 463 25
353 470 34
353 479 8
353 491 22
353 493 18
353 500 38
353 528 32
353 537 4
353 570 18
354 358 9
354 374 25
354 395 28
354 399 28
354 429 31
354 444 44
354 468 47
354 517 9
354 518 20
354 527 29
354 567 46
354 571 50
354 582 22
355 378 39
355 395 14
355 458 37
355 463 19
355 508 19
355 569 43
355 572 25
356 379 28
356 398 1
356 437 49
356 447 11
356 448 10
356 464 22
356 492 30
356 497 48
356 503 4
356 553 33
356 567 17
357 374 12
357 387 9
357 434 44
357 488 41
357 567 39
358 365 38
358 413 37
358 447 48
358 464 9
358 474 17
358 507 45
358 509 8
358 523 38
358 525 36
358 533 23
358 554 24
358 590 4
359 360 41
359 361 18
359 373 28
359 407 20
359 414 20
359 428 28
359 440 33
359 469 30
359 494 50
359 496 12
359 505 27
359 508 3
359 545 47
359 549 45
359 557 16
359 587 5
360 415 39
360 422 6
360 425 46
360 465 28
360 476 45
360 492 43
360 498 36
360 524 11
360 525 39
360 530 45
360 551 1
360 585 24
360 599 18
361 380 24
361 414 30
361 434 10
361 437 44
361 443 9
361 459 30
361 463 13
361 518 37
361 519 12
361 529 42
361 532 36
361 597 23
362 389 20
362 417 38
362 420 19
362 443 15
362 451 5
362 478 26
362 486 5
362 495 12
362 562 21
363 394 34
363 401 6
363 404 15
363 422 19
363 430 17
363 433 5
363 435 13
363 455 17
363 458 29
363 479 32
363 481 42
363 537 10
363 550 42
363 562 35
363 584 18
363 585 23
364 365 50
364 369 4
364 428 34
364 444 41
364 451 39
364 457 8
364 466 13
364 498 28
364 538 29
364 540 29
364 541 34
364 579 4
365 450 33
365 452 46
365 473 26
365 501 16
365 524 1
365 553 40
365 557 36
365 571 19
365 587 44
366 376 50
366 401 37
366 402 24
366 408 34
366 410 31
366 414 33
366 459 27
366 461 15
366 466 3
366 499 49
366 504 14
366 527 6
366 582 34
366 594 7
367 382 47
367 397 43
367 463 19
367 502 26
367 530 21
367 573 49
367 582 12
368 376 24
368 410 31
368 416 7
368 423 1
368 429 48
368 460 9
368 470 40
368 494 35
368 561 28
369 396 34
369 399 36
369 400 16
369 411 7
369 452 19
369 482 46
369 500 42
369 558 45
369 559 13
369 561 44
369 583 45
370 377 28
370 379 1
370 402 28
370 454 36
370 486 49
370 495 21
370 526 4
370 547 25
370 561 41
370 574 4
370 577 36
370 593 17
371 415 34
371 418 44
371 460 17
371 488 33
371 506 2
371 519 9
371 564 19
371 575 31
371 590 42
371 597 5
372 375 47
372 392 50
372 424 23
372 437 44
372 452 43
372 482 18
372 504 8
372 506 36
372 529 14
372 532 36
372 542 37
372 552 42
372 558 21
372 571 35
372 574 12
372 592 27
373 377 11
373 392 4
373 399 30
373 441 48
373 444 22
373 451 16
373 453 41
373 470 41
373 474 50
373 499 45
373 508 49
373 509 19
373 510 25
373 512 42
373 570 25
374 387 23
374 394 43
374 398 47
374 409 17
374 413 36
374 421 16
374 450 26
374 458 21
374 462 30
374 493 11
374 497 9
374 524 23
374 540 34
374 557 46
374 562 36
374 577 10
374 598 8
375 391 41
375 416 41
375 425 6
375 440 13
375 441 8
375 518 48
375 543 5
375 586 8
375 592 42
376 393 3
376 399 28
376 405 17
376 460 46
376 493 2
376 507 41
376 595 38
376 599 50
377 415 9
377 464 23
377 471 18
377 485 35
377 490 46
377 496 47
377 557 45
377 593 4
377 596 21
378 448 28
378 450 1
378 452 6
378 484 39
378 498 9
378 500 46
378 532 30
378 546 14
378 563 10
379 382 37
379 401 11
379 438 14
379 451 46
379 486 3
379 532 18
379 557 23
379 566 21
380 386 13
380 387 26
380 397 11
380 408 1
380 420 26
380 426 20
380 501 25
380 539 43
380 542 6
380 553 20
381 406 41
381 410 50
381 424 26
381 449 11
381 468 30
381 476 26
381 503 16
381 513 18
381 535 34
381 544 13
381 550 49
381 568 49
381 586 23
381 592 38
382 411 12
382 432 36
382 440 35
382 478 16
382 489 4
382 499 10
382 548 36
382 559 18
382 588 35
382 595 48
382 599 20
383 469 12
383 474 19
383 476 45
383 477 6
383 487 24
383 492 14
383 494 46
383 499 26
383 535 41
383 552 8
383 565 5
383 589 17
383 593 25
384 410 24
384 412 2
384 484 38
384 485 25
384 519 1
384 537 10
384 540 14
384 557 14
384 579 47
384 585 48
385 391 29
385 399 2
385 450 9
385 482 16
385 487 20
385 495 44
385 508 15
385 535 41
385 544 7
385 552 34
385 562 35
385 595 13
386 400 9
386 405 1
386 411 10
386 431 34
386 433 41
386 438 20
386 441 38
386 506 9
386 517 44
386 520 14
386 557 11
386 561 33
386 574 38
386 577 13
387 445 44
387 447 3
387 461 26
387 462 41
387 469 50
387 491 6
387 501 44
387 518 9
387 575 23
387 587 15
387 594 4
388 407 37
388 414 6
388 415 10
388 426 22
388 460 42
388 481 24
388 483 31
388 505 42
388 518 36
388 542 14
388 550 35
388 584 5
389 400 4
389 405 43
389 493 48
389 510 17
389 595 5
390 408 31
390 410 6
390 413 19
390 444 24
390 454 8
390 466 46
390 478 16
390 479 9
390 484 1
390 497 10
390 536 19
390 596 23
391 444 26
391 533 22
391 550 12
391 557 31
391 560 34
392 428 33
392 455 23
392 457 9
392 482 13
392 491 16
392 538 44
392 540 27
392 543 2
392 597 48
393 400 32
393 401 45
393 412 46
393 417 48
393 486 1
393 507 28
393 508 5
393 512 20
393 515 3
393 532 14
393 562 15
393 573 19
394 404 22
394 426 18
394 454 30
394 455 41
394 476 42
394 498 5
394 506 14
394 527 3
394 539 36
394 573 49
394 577 36
394 584 10
395 402 8
395 404 50
395 405 27
395 419 3
395 456 28
395 457 29
395 475 1
395 480 9
395 483 25
395 507 48
395 513 8
395 526 25
395 540 25
395 558 12
395 561 46
395 581 27
395 586 25
396 415 11
396 424 47
396 465 49
396 479 30
396 495 26
396 496 41
396 529 21
396 586 31
397 398 6
397 406 26
397 449 18
397 452 5
397 454 11
397 458 29
397 493 14
397 518 12
397 563 5
397 564 16
397 580 40
398 404 33
398 460 16
398 486 48
398 490 7
398 507 15
398 535 6
398 544 34
398 594 39
399 401 19
399 403 29
399 422 18
399 445 46
399 457 41
399 470 14
399 488 44
399 515 22
399 559 42
399 563 36
399 580 43
399 591 22
400 404 41
400 411 20
400 435 41
400 449 47
400 457 32
400 464 19
400 468 10
400 469 43
400 470 23
400 499 28
400 539 32
400 597 8
401 428 43
401 441 30
401 464 16
401 478 10
401 492 37
401 500 49
401 523 48
401 530 5
401 545 30
401 598 17
402 433 50
402 451 22
402 476 33
402 503 45
402 541 44
402 546 24
402 560 30
403 437 38
403 452 47
403 475 21
403 481 7
403 482 37
403 512 19
403 535 38
403 554 5
403 563 29
403 566 30
403 574 29
404 428 6
404 453 12
404 455 36
404 471 50
404 526 43
404 528 2
404 535 9
404 572 29
405 427 2
405 439 9
405 444 35
405 470 33
405 481 27
405 501 35
405 502 5
405 516 9
405 556 31
405 567 50
405 569 32
405 584 11
406 407 37
406 415 28
406 431 33
406 459 45
406 460 16
406 516 1
406 557 32
407 417 20
407 431 31
407 440 13
407 462 1
407 466 38
407 529 26
407 546 38
407 562 40
407 578 18
407 581 41
408 410 50
408 418 48
408 436 43
408 505 10
408 519 35
408 574 25
408 583 37
409 455 19
409 457 31
409 463 45
409 493 1
409 502 30
409 505 29
409 543 13
409 589 18
410 430 8
410 435 45
410 439 12
410 447 24
410 484 48
410 514 43
410 523 45
410 537 30
410 543 8
410 545 45
410 558 20
410 577 33
411 427 33
411 429 9
411 446 3
411 455 23
411 457 10
411 536 2
411 544 17
411 590 20
412 424 36
412 435 44
412 449 6
412 454 6
412 465 24
412 479 2
412 505 7
412 514 6
412 519 32
412 533 19
412 535 23
412 540 40
412 542 16
412 592 35
412 599 13
413 414 15
413 459 29
413 463 7
413 473 44
413 477 36
413 495 4
413 503 15
413 523 21
413 546 36
413 556 23
413 564 23
413 573 10
414 425 35
414 429 26
414 430 29
414 472 4
414 477 12
414 479 22
414 495 11
414 511 17
414 519 47
414 522 14
414 595 25
415 421 2
415 440 46
415 474 46
415 484 25
415 490 37
415 499 11
415 500 11
415 532 1
415 555 27
415 565 39
415 583 7
416 473 22
416 491 27
416 493 12
416 543 37
416 544 47
416 574 47
416 585 11
416 586 19
416 587 9
416 598 45
417 503 44
417 524 37
417 533 50
417 550 7
417 554 8
417 559 10
417 564 26
417 589 6
418 427 26
418 445 2
418 475 8
418 499 23
418 501 47
418 537 34
418 551 9
418 561 9
418 562 46
419 454 9
419 457 35
419 459 34
419 479 17
419 530 7
419 547 12
419 561 29
419 565 45
419 590 8
420 436 25
420 453 5
420 475 28
420 482 35
420 488 2
420 494 22
420 498 21
420 527 1
420 569 30
420 575 30
420 584 13
420 594 5
421 427 38
421 435 38
421 467 7
421 486 47
421 493 10
421 548 5
421 576 30
421 589 20
422 428 14
422 430 27
422 460 28
422 462 50
422 473 12
422 489 44
422 495 8
422 499 24
422 504 22
422 509 2
422 514 31
422 537 49
422 579 9
423 429 9
423 447 35
423 448 12
423 475 32
423 499 8
423 504 12
423 506 11
423 536 37
423 556 26
423 560 18
423 566 26
423 571 15
423 588 26
424 428 22
424 448 26
424 451 30
424 467 3
424 468 45
424 476 45
424 487 29
424 521 24
424 548 45
424 580 41
424 587 18
425 502 2
425 544 14
425 572 41
425 576 6
425 582 46
426 444 41
426 493 14
426 505 4
426 594 26
427 437 25
427 440 37
427 447 35
427 451 38
427 470 50
427 488 23
427 495 16
427 506 17
427 510 49
427 520 30
428 440 44
428 448 20
428 463 6
428 468 25
428 528 23
428 529 2
428 555 20
429 439 1
429 491 26
429 503 16
429 513 43
429 545 45
429 553 17
429 559 6
429 586 35
430 442 22
430 528 2
430 561 28
430 566 37
431 447 7
431 452 5
431 482 13
431 524 44
431 534 39
431 565 1
431 572 43
431 573 11
432 435 16
432 436 11
432 452 9
432 507 47
432 512 6
432 518 31
432 527 4
432 528 30
432 534 3
432 542 6
432 547 1
432 553 5
432 563 31
432 577 16
432 579 48
432 594 27
433 441 33
433 474 3
433 489 11
433 506 6
433 545 6
433 565 40
434 469 43
434 477 15
434 491 44
434 499 5
434 532 10
434 551 34
434 556 7
434 593 2
435 467 47
435 528 24
435 541 14
435 568 7
435 593 23
436 511 19
436 528 37
436 536 26
436 539 50
436 545 39
436 572 31
436 579 1
437 455 44
437 459 13
437 464 16
437 501 41
437 513 39
437 529 50
437 565 45
437 569 2
437 582 6
438 482 3
438 485 43
438 488 50
438 491 17
438 509 39
438 568 6
438 570 28
439 441 22
439 449 15
439 505 29
439 547 18
439 557 38
439 561 44
439 568 25
439 580 10
439 591 14
440 465 13
440 474 38
440 505 13
440 521 2
440 544 20
440 551 13
440 564 47
440 598 35
441 449 29
441 452 39
441 453 23
441 501 30
441 502 35
441 506 26
441 515 35
441 534 37
441 536 19
441 542 36
441 550 5
441 560 7
441 582 44
441 596 32
442 448 30
442 456 8
442 485 12
442 489 50
442 525 47
442 541 7
442 555 24
442 564 9
442 568 20
442 570 38
443 461 46
443 482 33
443 483 39
443 489 15
443 504 47
443 513 37
443 554 49
443 577 27
443 582 25
444 453 24
444 461 7
444 488 12
444 537 1
444 553 43
444 568 50
445 493 19
445 501 29
445 505 7
445 517 27
445 551 22
445 574 38
445 581 7
445 596 31
446 465 2
446 478 6
446 485 27
446 489 10
446 531 31
446 582 35
446 589 30
446 596 18
446 599 30
447 467 14
447 482 9
447 484 47
447 587 10
448 466 47
448 479 45
448 538 37
448 564 24
448 580 20
449 464 45
449 493 35
449 500 21
449 501 37
449 505 34
449 508 39
449 522 15
449 542 40
450 497 18
450 527 38
450 534 30
450 542 26
450 571 18
450 584 33
451 455 33
451 458 45
451 460 42
451 471 15
451 473 29
451 487 23
451 514 34
451 577 11
452 471 36
452 480 42
452 501 7
452 510 48
452 528 41
453 531 3
453 544 36
453 545 14
453 572 23
453 578 30
454 483 48
454 518 43
454 532 16
454 582 31
454 586 33
454 596 33
455 463 23
455 494 50
455 504 22
455 507 2
455 515 27
455 519 42
455 599 36
456 508 9
456 521 38
456 547 27
456 569 23
456 592 18
456 595 50
456 598 7
457 462 28
457 468 37
457 523 50
457 544 36
457 548 36
457 550 40
457 561 39
457 564 21
457 571 3
457 580 11
457 584 2
457 599 2
458 481 3
458 563 20
458 575 35
458 599 37
459 473 4
459 504 7
459 512 39
459 515 27
459 524 10
459 545 15
459 573 18
459 578 45
459 581 24
460 485 5
460 560 23
460 573 48
460 576 23
460 583 24
460 597 4
461 486 2
461 545 11
461 559 6
461 574 38
461 581 48
461 589 45
462 471 26
462 473 21
462 483 50
462 498 38
462 579 22
462 582 1
463 468 42
463 480 43
463 512 37
463 518 28
463 550 46
463 552 43
464 466 16
464 551 23
464 581 2
464 586 33
465 510 42
465 531 48
465 542 8
465 543 49
465 581 21
465 588 5
466 496 21
466 503 44
466 535 11
466 549 24
466 556 6
466 565 16
466 567 11
467 471 4
467 486 12
467 488 38
467 540 24
467 569 13
467 572 25
467 578 47
467 579 16
467 590 16
468 486 40
468 491 2
468 579 46
469 475 37
469 508 47
469 543 13
470 471 11
470 477 50
470 529 45
470 550 5
470 582 48
471 523 2
471 529 3
471 582 20
471 583 7
472 508 25
472 512 13
472 535 19
472 539 48
472 544 21
472 591 36
472 594 11
472 598 24
473 478 47
473 489 48
473 565 49
473 572 12
474 483 25
474 497 47
474 514 27
474 528 42
474 542 36
474 548 30
474 550 37
474 579 25
474 581 26
474 586 50
475 550 37
476 484 26
476 515 46
476 518 41
476 536 23
476 537 48
476 559 43
476 566 42
476 594 6
477 488 19
477 521 6
477 523 24
477 525 17
477 537 26
477 539 9
477 557 29
477 560 1
477 561 7
477 564 26
477 568 49
477 583 18
477 598 2
478 486 46
478 495 46
478 518 44
478 573 33
478 594 26
479 543 30
479 552 9
479 587 3
479 596 31
480 496 46
480 522 28
480 528 27
480 539 38
480 542 2
480 565 26
481 539 33
481 566 45
481 591 31
482 494 1
482 503 3
482 511 6
482 524 19
482 527 28
482 582 16
482 583 47
482 586 29
483 488 22
483 499 23
483 521 29
483 539 42
483 544 26
483 570 26
483 578 39
483 580 19
483 593 11
483 597 14
484 498 1
484 501 19
484 518 19
484 532 33
484 535 16
484 555 46
484 580 11
484 598 4
485 490 50
485 493 36
485 494 36
485 520 46
485 522 18
485 536 38
485 539 48
485 579 25
485 590 7
485 594 26
485 597 40
486 519 3
486 535 6
486 582 14
487 489 27
487 500 36
487 504 5
487 522 3
487 540 12
487 543 43
487 586 23
488 509 24
488 549 9
488 564 23
488 588 42
488 599 27
489 498 6
489 518 8
489 520 24
489 535 16
489 548 13
490 560 23
490 562 4
490 587 48
491 510 21
491 519 23
491 549 37
491 566 18
491 593 48
492 520 43
492 527 45
492 533 37
492 546 48
493 514 2
493 519 50
493 586 26
493 590 38
494 516 6
494 559 28
494 588 1
494 589 1
494 598 3
495 527 24
496 500 9
496 506 25
496 517 17
496 529 37
496 543 32
496 553 24
496 597 12
497 512 50
497 522 36
497 533 37
497 540 3
497 558 35
497 559 7
497 572 25
498 540 22
498 560 24
498 578 22
499 512 16
499 516 19
499 580 11
499 591 13
499 598 20
500 520 12
500 523 39
500 565 9
500 578 18
500 585 18
500 591 11
501 502 20
501 508 20
501 551 36
501 554 28
501 560 47
501 569 3
501 571 16
501 594 28
502 547 28
502 555 27
502 570 29
502 579 16
503 526 13
504 588 31
505 556 2
505 574 19
505 576 8
505 582 25
505 595 43
507 509 31
507 551 41
507 556 13
507 559 41
507 577 5
507 597 34
508 530 5
508 538 45
508 543 43
508 548 22
508 572 13
508 576 5
508 587 43
509 511 34
509 532 41
509 536 20
509 584 32
510 540 45
510 566 37
510 592 10
511 555 22
511 581 13
512 514 40
512 542 39
512 566 26
512 572 21
512 589 41
513 518 46
513 541 30
513 579 15
514 537 38
514 542 10
514 560 7
514 563 2
514 571 3
514 597 12
515 522 36
515 541 7
515 570 6
516 526 30
516 537 30
516 546 20
516 549 34
516 567 22
516 589 6
516 599 26
517 519 43
517 535 37
517 538 20
517 542 29
517 545 48
517 566 44
517 588 41
518 533 38
518 549 32
518 575 18
518 576 10
518 584 22
519 549 14
519 551 39
519 565 39
519 574 3
520 530 48
520 561 45
520 564 5
520 569 2
520 590 8
521 522 40
521 527 8
521 530 16
521 553 19
521 561 37
521 582 35
522 530 4
522 534 8
522 538 42
522 539 30
522 561 2
522 565 29
522 581 49
522 599 30
523 545 26
523 554 42
523 563 21
523 580 15
524 533 26
524 547 40
524 569 24
524 580 49
524 595 3
525 562 12
525 564 37
525 571 6
525 595 12
526 579 34
527 535 10
527 558 13
527 561 41
527 590 1
528 534 23
528 575 6
528 586 19
529 573 9
529 583 43
529 584 24
530 531 19
530 538 34
530 566 3
530 570 20
531 534 12
531 564 2
531 573 2
531 575 40
531 579 45
532 549 24
532 562 6
532 565 20
532 580 13
532 590 30
532 592 21
533 563 18
533 577 43
534 566 7
535 576 23
536 570 6
536 585 40
536 599 34
537 563 21
538 544 33
538 553 36
539 553 43
539 583 38
539 591 4
540 548 3
540 550 32
540 597 29
541 556 21
541 573 16
541 584 32
542 547 43
542 554 29
542 558 35
542 580 46
542 594 20
542 595 29
543 553 19
543 574 26
543 579 1
543 585 31
544 546 5
545 561 21
545 579 50
545 584 49
545 586 29
545 589 22
545 594 5
545 595 21
546 562 7
546 568 25
547 550 3
547 562 42
547 574 17
547 579 42
547 588 47
547 589 19
547 591 26
548 551 26
548 570 42
548 576 41
548 595 9
548 598 36
549 576 21
549 579 43
549 581 31
549 583 43
549 592 23
550 561 49
553 569 18
553 578 25
554 596 31
555 577 24
555 588 47
556 569 31
556 594 24
556 595 26
557 564 4
557 574 28
557 594 48
558 564 13
558 578 4
559 572 50
560 575 6
560 586 22
560 587 43
561 594 3
562 566 43
563 569 18
563 575 30
563 592 34
564 588 10
565 568 38
565 569 21
565 594 33
568 580 30
568 587 1
571 593 25
572 588 4
572 597 1
573 598 44
574 579 29
574 584 33
575 580 17
575 587 25
575 594 15
577 579 40
578 592 2
578 598 19
578 599 20
581 585 49
581 590 33
583 585 25
583 588 50
583 597 38
584 592 47
585 594 43
586 587 42
586 594 39
587 590 12
589 594 23
589 597 24
591 599 24
596 598 10
600 299 28
601 599 16
600 601 44
602 641 2
602 701 5
602 703 12
602 741 15
602 750 17
602 766 5
602 863 17
602 865 2
602 871 3
603 614 5
603 622 16
603 659 8
603 668 25
603 701 23
603 733 12
603 736 1
603 749 17
603 755 20
603 761 12
603 786 20
603 787 7
603 863 4
603 875 18
603 876 9
603 880 5
604 667 20
604 683 4
604 701 1
604 735 23
604 741 5
604 747 3
604 761 25
604 804 11
604 812 14
604 853 16
604 869 2
604 873 20
604 895 9
605 609 3
605 615 22
605 624 13
605 665 21
605 669 6
605 683 14
605 686 18
605 741 20
605 751 16
605 784 11
605 785 14
605 786 5
605 824 6
605 844 20
605 858 8
605 866 25
606 607 5
606 610 14
606 635 22
606 639 10
606 652 15
606 670 19
606 678 14
606 694 19
606 697 20
606 726 1
606 732 8
606 768 12
606 772 3
606 780 2
606 847 21
606 874 7
606 882 24
606 895 10
607 638 2
607 675 6
607 696 24
607 723 22
607 743 25
607 767 16
607 772 9
607 773 13
607 802 22
607 809 16
607 831 8
607 855 7
607 870 16
607 880 12
607 898 20
608 656 14
608 682 22
608 693 11
608 717 7
608 728 12
608 757 5
608 796 4
608 819 13
608 826 12
608 862 15
609 617 17
609 638 15
609 670 10
609 677 25
609 681 15
609 685 22
609 686 4
609 715 21
609 745 20
609 760 2
609 842 20
609 883 12
610 612 10
610 628 8
610 632 9
610 633 1
610 649 17
610 697 15
610 723 18
610 759 5
610 761 11
610 768 6
610 781 3
610 787 22
610 819 14
610 831 15
610 848 3
610 873 17
610 886 4
610 900 16
611 615 9
611 655 22
611 694 5
611 708 20
611 728 23
611 749 22
611 757 16
611 801 1
611 817 17
611 837 12
611 839 4
611 896 11
612 650 24
612 652 14
612 657 20
612 683 7
612 694 16
612 697 13
612 699 23
612 704 10
612 726 18
612 730 8
612 745 15
612 787 20
612 792 6
612 800 5
612 814 11
612 826 8
612 845 24
612 847 16
612 851 23
612 852 7
612 854 12
612 892 5
613 627 1
613 643 10
613 672 1
613 705 17
613 722 12
613 729 19
613 765 3
613 766 16
613 776 6
613 785 3
613 820 4
613 857 1
613 859 11
613 864 21
613 869 13
614 616 8
614 630 5
614 634 7
614 641 18
614 648 21
614 672 2
614 697 23
614 709 2
614 735 14
614 743 8
614 751 25
614 756 5
614 790 7
614 792 8
614 793 16
614 827 11
614 849 11
614 854 2
614 857 13
614 877 4
614 882 14
615 637 6
615 663 8
615 667 4
615 674 12
615 693 11
615 694 9
615 700 14
615 722 21
615 784 4
615 816 3
615 888 6
616 617 10
616 646 10
616 667 23
616 678 7
616 720 13
616 743 22
616 750 8
616 771 1
616 793 4
616 811 10
616 824 7
616 872 11
616 899 17
617 666 23
617 667 23
617 676 2
617 678 1
617 688 13
617 733 5
617 746 14
617 749 18
617 753 15
617 767 17
617 785 6
617 793 25
617 814 2
617 833 21
617 841 22
617 844 7
617 845 1
617 856 2
617 869 16
617 894 12
618 621 1
618 624 24
618 692 24
618 700 23
618 755 7
618 758 1
618 782 1
618 800 16
618 839 8
618 886 13
618 895 9
619 633 7
619 659 11
619 678 11
619 739 7
619 766 23
619 817 17
619 839 21
619 842 17
619 862 6
619 864 14
619 873 25
620 629 7
620 657 18
620 680 22
620 696 4
620 703 24
620 721 22
620 727 5
620 748 17
620 750 8
620 764 6
620 768 15
620 777 8
620 821 5
620 844 21
620 863 11
620 869 5
620 879 13
621 636 20
621 786 20
621 789 22
621 794 1
621 796 5
621 819 9
621 839 9
621 840 4
621 853 2
621 871 6
621 886 22
621 896 8
622 642 20
622 718 21
622 732 16
622 749 12
622 753 18
622 771 19
622 780 12
622 783 16
622 806 24
622 810 3
622 814 1
622 828 6
622 835 20
622 873 8
622 875 10
622 897 17
623 624 20
623 637 16
623 710 5
623 718 14
623 764 10
623 780 1
623 812 14
623 845 16
623 863 11
624 630 25
624 656 19
624 666 12
624 673 5
624 684 16
624 695 19
624 758 24
624 770 13
624 771 10
624 812 12
624 840 7
624 843 5
624 867 1
624 889 23
625 627 5
625 630 5
625 639 25
625 653 10
625 654 24
625 665 9
625 736 21
625 747 16
625 751 4
625 806 14
625 822 20
625 826 17
625 836 25
625 841 22
625 844 8
625 865 16
625 871 7
625 879 7
625 900 11
626 649 18
626 655 11
626 667 3
626 674 14
626 697 12
626 711 16
626 716 25
626 722 25
626 724 24
626 740 4
626 749 2
626 753 23
626 775 11
626 800 7
626 827 22
626 855 22
627 644 5
627 662 6
627 718 18
627 724 20
627 731 9
627 759 8
627 765 16
627 771 2
627 801 7
627 817 14
627 818 11
627 835 24
627 844 22
627 846 17
627 865 12
627 866 15
627 878 5
627 900 14
628 634 5
628 640 18
628 646 6
628 660 6
628 670 19
628 680 7
628 694 11
628 701 21
628 711 4
628 713 21
628 732 2
628 740 1
628 744 18
628 776 6
628 788 8
628 807 12
628 872 3
628 884 18
629 637 19
629 658 20
629 672 19
629 682 2
629 693 9
629 702 5
629 710 3
629 717 5
629 744 23
629 745 14
629 806 21
629 850 4
629 892 4
629 897 2
630 634 23
630 635 12
630 674 7
630 710 17
630 720 18
630 724 18
630 736 12
630 741 21
630 771 13
630 791 13
630 796 23
630 803 7
630 868 20
630 889 5
630 891 18
630 898 24
631 653 22
631 657 13
631 672 19
631 677 18
631 681 17
631 690 4
631 713 24
631 724 19
631 781 10
631 785 21
631 807 9
631 813 6
631 834 2
631 892 12
631 895 9
631 898 24
632 633 23
632 642 16
632 668 15
632 711 17
632 728 10
632 752 3
632 827 13
632 832 24
632 865 15
632 873 12
633 660 6
633 665 12
633 699 17
633 751 25
633 806 12
633 869 15
633 876 13
633 880 7
633 888 9
634 732 6
634 734 10
634 815 7
634 833 24
634 847 22
635 677 3
635 681 9
635 765 2
635 768 6
635 814 22
635 822 10
635 839 4
635 857 22
635 864 2
636 675 21
636 676 13
636 682 11
636 728 23
636 739 2
636 813 10
636 824 15
636 834 14
636 848 17
636 886 1
637 691 7
637 697 16
637 736 12
637 742 21
637 760 5
637 777 21
637 778 5
637 796 10
637 803 5
637 816 13
637 829 10
637 883 1
638 758 17
638 765 20
638 778 4
638 782 22
638 784 17
638 824 16
638 833 3
638 858 13
638 868 19
638 886 23
639 656 25
639 658 5
639 662 20
639 688 4
639 740 16
639 778 9
639 792 17
639 884 9
640 641 11
640 658 23
640 662 24
640 665 25
640 675 20
640 703 6
640 733 20
640 761 1
640 769 17
640 794 1
640 797 14
640 800 2
640 804 4
640 805 5
640 816 21
640 835 7
641 696 2
641 706 14
641 724 24
641 734 4
641 741 1
641 754 18
641 789 3
641 799 3
641 811 24
641 815 22
641 817 6
641 830 16
641 833 8
641 845 24
641 874 24
641 888 18
641 891 23
641 897 24
642 655 17
642 657 17
642 663 4
642 680 13
642 687 20
642 721 21
642 745 14
642 787 8
642 842 24
642 863 17
642 879 14
643 660 21
643 700 25
643 709 17
643 721 10
643 728 1
643 741 22
643 786 12
643 794 20
643 806 24
643 822 16
643 854 20
643 859 23
643 878 23
643 882 10
643 890 5
643 895 21
644 648 10
644 668 22
644 725 18
644 748 8
644 770 16
644 774 12
644 781 14
644 866 3
645 646 6
645 647 11
645 657 18
645 667 15
645 679 9
645 690 9
645 707 5
645 722 4
645 731 11
645 755 22
645 757 15
645 762 11
645 823 20
645 829 4
645 850 5
645 862 19
646 691 19
646 779 24
646 848 18
646 858 17
647 661 10
647 692 22
647 723 14
647 743 19
647 822 20
647 850 7
647 856 3
647 861 12
647 864 20
647 879 16
647 880 17
648 676 2
648 706 1
648 770 9
648 802 16
648 816 11
648 856 20
648 868 20
649 687 17
649 701 5
649 735 18
649 828 8
649 830 17
649 831 13
649 836 11
649 839 21
649 843 8
649 865 5
649 879 21
650 719 25
650 729 21
650 734 5
650 760 23
650 812 11
650 814 25
650 860 17
650 862 17
650 891 2
651 667 4
651 670 13
651 693 20
651 717 22
651 721 14
651 747 22
651 773 5
651 849 6
651 874 8
651 884 24
652 658 3
652 659 1
652 665 5
652 670 20
652 689 8
652 715 21
652 718 9
652 727 19
652 741 18
652 746 16
652 759 25
652 768 15
652 788 17
652 799 20
652 838 21
652 867 14
652 872 7
652 886 20
652 896 8
653 681 24
653 687 24
653 720 13
653 727 13
653 740 20
653 755 9
653 763 2
653 850 16
653 852 13
653 853 7
653 887 25
653 894 14
654 676 9
654 678 2
654 694 20
654 724 6
654 759 10
654 769 16
654 805 14
654 808 5
654 829 10
654 846 7
654 860 4
654 880 25
654 882 25
654 895 25
655 689 20
655 698 14
655 706 6
655 712 17
655 744 21
655 748 6
655 798 15
655 828 10
655 842 19
655 873 11
655 875 18
655 889 20
656 662 1
656 713 7
656 746 3
656 765 3
656 770 22
656 858 14
656 884 4
657 668 17
657 684 21
657 687 13
657 741 9
657 774 11
657 777 17
657 816 18
657 837 17
657 851 22
657 852 19
657 859 19
657 861 21
657 873 16
657 882 7
657 883 2
657 899 7
658 748 4
658 754 7
658 756 23
658 765 13
658 779 2
658 782 8
658 787 7
658 807 23
658 810 8
658 851 13
658 892 1
658 901 12
659 663 10
659 675 16
659 676 16
659 679 3
659 686 11
659 706 5
659 707 11
659 737 21
659 739 24
659 758 5
659 774 15
659 791 20
659 854 24
659 861 10
659 882 16
659 899 14
660 670 16
660 676 19
660 735 20
660 737 21
660 738 25
660 764 19
660 770 10
660 861 2
660 870 1
660 897 16
660 899 1
661 669 10
661 709 3
661 717 1
661 724 22
661 762 14
661 767 18
661 790 14
661 818 16
661 822 5
661 826 18
661 872 1
661 892 3
662 689 16
662 717 8
662 730 17
662 794 11
662 832 6
662 842 1
662 880 3
662 894 21
662 900 18
663 674 21
663 677 17
663 696 15
663 742 22
663 836 10
663 846 24
663 865 25
663 897 12
664 675 14
664 724 1
664 726 21
664 743 18
664 747 3
664 750 19
664 787 9
664 813 21
664 814 7
664 865 24
664 868 25
664 880 2
664 887 2
664 888 2
665 675 17
665 678 9
665 694 20
665 707 4
665 724 16
665 727 22
665 733 6
665 736 11
665 743 16
665 749 1
665 750 2
665 752 7
665 763 25
665 873 13
666 670 5
666 690 24
666 745 24
666 750 20
666 751 24
666 819 21
666 824 15
666 837 2
666 874 17
666 877 23
666 886 24
667 695 23
667 697 23
667 714 25
667 727 1
667 729 24
667 743 4
667 772 20
667 775 7
667 796 23
667 825 23
667 828 24
667 836 22
667 873 6
667 886 9
667 897 14
668 669 8
668 674 12
668 737 21
668 740 7
668 806 24
668 814 2
668 853 6
668 855 24
668 862 22
668 886 4
668 891 20
668 901 13
669 693 7
669 697 11
669 739 10
669 740 5
669 751 10
669 798 7
669 857 5
669 888 11
669 892 8
669 893 8
670 718 5
670 759 14
670 768 7
670 769 4
670 800 15
670 815 5
670 853 9
670 859 23
670 868 19
670 869 17
670 881 12
670 893 16
671 674 23
671 706 10
671 720 17
671 732 5
671 746 9
671 755 15
671 758 11
671 796 5
671 821 2
671 823 17
671 842 15
671 851 11
671 862 22
671 865 1
671 868 20
671 887 3
672 682 11
672 705 2
672 725 12
672 742 17
672 761 17
672 773 18
672 777 21
672 786 6
672 790 25
672 801 6
672 847 6
672 852 20
672 855 24
672 859 17
672 861 10
672 873 24
672 885 3
672 898 3
673 727 3
673 746 11
673 760 18
673 787 13
673 791 17
673 824 19
673 828 7
673 849 6
673 867 7
673 879 5
674 676 7
674 689 3
674 693 7
674 694 19
674 720 6
674 734 20
674 751 13
674 760 22
674 769 12
674 775 10
674 807 5
674 808 13
674 810 15
674 832 10
674 886 7
674 890 14
675 678 3
675 709 16
675 745 14
675 746 5
675 747 21
675 803 16
675 829 18
675 833 13
675 862 6
675 863 9
675 868 8
675 881 12
675 901 17
676 691 16
676 702 16
676 746 23
676 811 18
676 812 24
676 844 18
676 898 23
677 678 18
677 685 7
677 718 22
677 723 6
677 745 16
677 751 1
677 780 19
677 816 8
677 854 12
677 861 2
677 865 23
677 871 14
677 884 20
678 690 11
678 751 20
678 810 15
678 813 1
678 847 12
678 871 2
678 895 8
679 688 21
679 730 11
679 734 21
679 786 12
679 816 2
679 850 13
679 853 11
679 861 19
680 706 13
680 790 5
680 800 19
680 809 5
680 825 12
680 836 17
680 839 13
680 841 2
680 844 17
680 876 8
681 688 9
681 698 5
681 707 11
681 715 6
681 767 20
681 772 5
681 783 18
681 785 14
681 802 19
681 805 21
681 864 3
681 867 22
681 881 3
682 695 23
682 697 8
682 728 24
682 802 11
682 846 9
682 848 13
682 884 21
682 886 4
683 704 1
683 729 2
683 734 24
683 737 7
683 738 13
683 753 15
683 777 19
683 792 17
683 801 8
683 819 3
683 832 2
683 855 12
684 695 14
684 700 10
684 733 8
684 760 20
684 779 2
684 800 24
684 807 14
684 858 22
684 860 1
685 688 10
685 698 2
685 730 23
685 732 19
685 818 2
685 819 10
685 839 4
685 843 14
685 845 7
685 864 8
685 883 14
685 899 8
686 693 6
686 715 21
686 722 23
686 729 23
686 743 16
686 744 14
686 807 5
686 829 21
686 863 17
686 870 17
687 695 11
687 711 1
687 730 1
687 736 5
687 742 5
687 753 24
687 768 18
687 795 3
687 821 24
687 829 5
687 830 4
687 833 23
687 848 23
687 877 5
687 901 7
688 738 2
688 739 19
688 752 13
688 763 11
688 796 9
688 848 23
688 853 18
688 855 4
688 872 20
688 886 15
688 889 22
689 695 10
689 706 20
689 713 17
689 721 1
689 724 13
689 728 2
689 770 4
689 836 13
689 851 6
689 854 8
689 857 14
689 871 1
689 875 10
689 889 12
690 709 5
690 717 16
690 745 12
690 752 4
690 769 20
690 779 20
690 789 7
690 790 15
690 795 10
690 798 17
690 832 24
690 865 7
691 693 12
691 696 4
691 714 1
691 716 1
691 732 25
691 750 10
691 784 20
691 789 16
691 825 12
691 851 9
691 886 19
691 890 17
692 693 24
692 714 25
692 720 24
692 724 12
692 737 2
692 772 11
692 795 25
692 812 6
692 821 3
692 832 13
692 835 11
692 838 22
692 844 8
692 899 18
693 707 14
693 710 17
693 717 11
693 720 12
693 754 23
693 757 22
693 758 15
693 772 25
693 792 23
693 852 15
693 855 11
693 873 19
693 886 7
693 889 24
694 704 5
694 708 3
694 718 16
694 726 3
694 764 4
694 772 16
694 774 16
694 805 5
694 811 1
694 813 15
694 819 12
694 833 3
694 887 5
694 897 22
695 720 2
695 723 12
695 762 14
695 767 15
695 789 5
695 843 25
695 868 3
695 882 2
695 886 23
696 713 19
696 718 3
696 734 20
696 772 8
696 776 15
696 784 16
696 791 17
696 874 13
697 723 20
697 729 21
697 742 3
697 812 22
697 822 24
697 836 19
697 870 14
697 875 3
697 881 21
697 885 5
698 700 14
698 726 1
698 731 9
698 759 12
698 787 4
698 789 20
698 830 1
698 838 20
698 890 24
699 725 2
699 737 22
699 786 2
699 834 24
699 839 15
700 712 6
700 727 21
700 728 25
700 786 20
700 889 11
700 897 18
701 735 8
701 746 7
701 757 13
701 775 12
701 812 5
701 824 11
701 897 5
701 899 18
701 900 15
702 703 3
702 718 22
702 719 5
702 724 3
702 799 6
702 842 16
702 853 6
702 858 2
702 859 16
703 714 25
703 718 3
703 725 19
703 727 23
703 728 6
703 732 20
703 757 12
703 769 14
703 777 15
703 824 13
703 898 8
704 718 2
704 740 5
704 784 17
704 827 8
704 844 17
704 847 4
704 848 12
704 864 4
704 870 10
704 872 6
704 873 18
704 886 12
705 723 2
705 730 22
705 749 14
705 773 9
705 779 13
705 782 21
705 790 13
705 797 5
705 801 22
705 816 17
705 819 1
705 820 19
705 836 24
705 837 20
705 841 6
705 890 12
706 707 9
706 708 18
706 727 22
706 747 12
706 759 23
706 760 13
706 773 19
706 786 16
706 800 18
706 801 7
706 814 20
706 835 3
706 857 12
706 886 14
707 775 14
707 779 15
707 800 13
707 804 5
707 806 1
707 814 25
707 825 2
707 843 15
707 868 6
707 897 24
707 898 6
708 718 6
708 734 17
708 747 6
708 792 25
708 803 24
708 825 18
708 851 10
708 860 17
708 880 14
708 895 21
709 727 16
709 755 1
709 780 16
709 787 8
709 805 19
709 888 24
709 889 4
710 724 23
710 739 12
710 747 18
710 826 13
710 839 2
710 880 5
711 714 19
711 726 4
711 731 6
711 777 21
711 790 18
711 791 13
711 803 21
711 814 25
711 864 19
711 882 12
711 896 5
712 734 20
712 799 11
712 802 22
712 807 7
712 814 4
712 825 12
712 861 4
712 899 19
713 724 15
713 746 22
713 768 3
713 771 10
713 793 20
713 810 7
713 813 7
713 862 7
713 893 1
714 718 19
714 735 10
714 751 7
714 781 15
714 798 13
714 802 12
714 804 10
714 834 7
714 842 1
715 736 5
715 754 6
715 776 21
715 787 18
715 792 10
715 825 16
715 844 3
715 852 9
715 861 24
715 863 8
715 873 20
715 886 2
716 728 3
716 739 9
716 782 25
716 841 6
716 865 18
716 873 20
717 724 12
717 727 1
717 731 3
717 755 12
717 771 20
717 779 14
717 796 18
717 815 9
717 828 3
717 858 6
717 879 20
717 889 9
717 899 6
718 759 1
718 783 14
718 787 4
718 796 18
718 824 25
718 861 19
718 862 23
719 722 8
719 725 19
719 776 5
719 802 5
719 804 22
719 830 8
719 839 13
719 887 22
720 734 15
720 738 8
720 800 18
720 815 3
720 816 8
720 821 22
720 841 16
720 847 4
720 856 10
720 863 10
720 877 12
720 892 14
721 756 15
721 765 8
721 814 22
721 836 22
721 842 8
721 854 12
721 877 25
721 886 3
721 891 13
721 898 20
722 734 25
722 739 21
722 742 15
722 752 6
722 788 25
722 810 12
722 812 15
722 818 14
722 825 8
722 833 4
722 841 21
723 730 2
723 747 6
723 749 6
723 760 23
723 825 21
723 857 9
723 860 9
723 878 5
723 889 23
723 891 22
724 735 21
724 743 5
724 748 20
724 754 20
724 768 15
724 820 8
724 837 21
724 849 17
724 865 20
724 876 18
724 879 18
724 888 17
724 900 7
725 745 23
725 793 18
725 846 20
725 866 13
725 882 7
726 755 4
726 762 18
726 788 4
726 791 5
726 798 1
726 831 9
726 834 4
726 846 23
726 870 20
726 873 14
726 879 3
726 884 17
727 786 12
727 824 25
727 843 23
727 861 6
727 866 21
727 871 12
727 872 15
727 879 19
727 890 5
728 757 10
728 763 13
728 786 22
728 798 1
728 826 21
728 838 22
728 844 19
728 850 16
728 895 9
729 755 2
729 785 19
729 815 3
729 818 5
729 843 1
729 879 3
729 882 16
730 743 4
730 773 1
730 816 10
730 831 18
730 832 5
730 868 1
731 749 4
731 759 6
731 768 23
731 808 12
731 837 4
731 848 12
731 877 1
731 897 22
732 744 16
732 763 12
732 767 9
732 776 13
732 830 13
732 853 4
732 896 9
733 735 8
733 771 21
733 799 19
733 806 9
733 845 15
733 876 23
733 882 15
734 754 17
734 756 1
734 763 7
734 772 20
734 811 3
734 813 16
734 840 14
734 856 7
734 859 18
734 862 20
734 872 14
734 882 18
734 889 8
734 894 17
734 895 4
735 752 10
735 773 15
735 787 19
735 806 22
735 832 23
735 847 8
735 848 11
735 857 4
735 877 18
735 880 20
735 885 1
736 752 13
736 761 3
736 766 15
736 793 11
736 882 19
736 899 8
737 763 13
737 781 1
737 785 3
737 790 15
737 816 18
737 827 18
737 861 23
738 764 11
738 790 14
738 805 11
738 808 3
738 838 21
738 842 5
738 853 8
739 741 8
739 772 19
739 782 1
739 786 4
739 789 19
739 791 11
739 815 14
739 833 22
739 846 5
739 872 10
739 886 24
740 742 18
740 744 12
740 821 14
740 823 5
740 829 7
740 848 23
740 849 17
740 860 7
740 890 25
741 767 8
741 771 2
741 782 20
741 793 7
741 813 12
741 818 8
741 837 19
742 765 16
742 784 6
742 790 23
742 797 23
742 805 13
742 855 17
742 872 25
742 874 18
742 885 10
743 811 10
743 813 8
743 830 8
743 831 15
743 843 17
743 863 6
743 874 9
743 888 3
743 896 21
744 752 13
744 766 11
744 776 19
744 788 6
744 792 20
744 794 20
744 809 13
744 847 21
744 875 14
744 892 21
745 753 7
745 768 24
745 779 14
745 781 24
745 794 6
745 796 12
745 811 21
745 816 18
745 826 3
745 853 20
745 855 12
745 880 14
745 883 5
746 749 19
746 752 23
746 775 21
746 808 10
746 818 3
746 829 4
746 834 14
746 876 1
746 880 16
747 773 24
747 782 19
747 786 21
747 838 18
747 855 15
747 861 10
747 890 15
748 764 6
748 784 5
748 828 23
748 833 6
748 856 18
748 857 21
748 880 11
748 896 6
749 768 16
749 780 5
749 790 8
749 832 11
749 884 16
749 891 23
750 786 17
750 819 9
750 825 20
750 833 12
750 839 20
750 843 25
751 769 15
751 770 8
751 788 25
751 816 7
751 827 6
751 851 20
751 894 4
751 897 1
752 766 9
752 781 15
752 814 17
752 826 16
752 842 21
752 899 15
753 779 21
753 832 15
753 840 10
753 850 8
753 877 21
753 888 1
753 892 12
754 817 5
754 820 11
754 836 4
754 861 3
754 900 2
755 821 12
755 826 22
755 855 15
755 872 6
755 881 21
755 885 6
755 894 15
756 806 22
756 818 12
756 832 23
756 874 16
756 891 17
757 781 25
757 784 2
757 799 8
757 808 16
757 819 17
757 825 3
757 836 5
757 874 15
758 764 17
758 766 15
758 786 22
758 801 12
758 806 15
758 815 9
758 832 17
758 835 2
758 839 12
758 843 19
758 852 5
758 853 1
758 854 17
758 856 19
758 863 8
758 864 15
758 869 1
759 775 23
759 776 11
759 778 14
759 803 22
759 809 4
759 816 5
759 817 21
759 831 5
759 848 12
759 865 11
759 877 23
759 883 16
759 894 16
760 761 12
760 764 7
760 779 7
760 781 9
760 788 19
760 803 21
761 774 19
761 836 12
761 842 24
761 855 5
761 898 7
762 764 3
762 769 7
762 811 25
762 829 23
762 865 15
762 877 14
762 889 23
762 892 14
763 804 2
763 829 11
763 857 10
763 864 7
763 879 17
764 797 7
764 805 13
764 844 5
764 862 17
764 879 10
764 900 20
765 769 9
765 784 24
765 785 1
765 795 15
765 855 7
765 887 21
766 774 12
766 793 25
766 805 7
766 806 10
766 833 6
766 851 15
766 863 14
766 883 15
767 775 15
767 796 11
767 816 4
767 819 5
767 825 10
767 833 19
767 856 6
767 865 20
767 877 5
768 803 12
768 812 13
768 857 11
768 890 1
769 773 17
769 783 4
769 794 11
769 801 11
769 802 13
769 816 11
769 826 14
769 863 4
769 898 17
770 809 11
770 843 16
770 872 18
770 899 20
771 809 2
771 831 25
771 851 9
771 865 16
772 783 14
772 798 23
772 804 3
772 806 19
772 812 3
772 838 13
772 844 14
772 849 10
772 872 9
772 882 18
773 774 24
773 787 22
773 796 5
773 813 24
773 849 15
773 864 9
773 887 11
774 812 1
774 814 23
774 839 21
774 850 16
774 884 3
775 780 14
775 785 1
775 807 20
775 886 8
775 888 20
775 895 22
776 784 8
776 792 6
776 819 14
776 835 23
776 854 5
777 787 16
777 813 19
777 821 9
777 836 3
777 882 7
777 899 19
778 782 14
778 790 2
778 801 19
778 819 10
778 838 6
778 841 19
778 859 24
779 786 16
779 834 5
780 815 1
780 820 13
780 851 2
780 854 16
780 873 18
780 887 16
781 827 19
781 832 12
781 888 25
781 892 15
782 792 8
782 801 9
782 829 20
782 834 21
782 837 7
782 888 25
782 890 14
782 899 25
783 790 8
783 829 16
783 839 6
783 851 3
783 863 6
783 883 9
784 810 23
784 826 15
784 837 15
784 873 17
784 879 16
784 888 5
785 815 23
785 825 16
785 842 20
785 854 24
785 877 9
785 887 12
785 900 16
786 827 4
786 839 25
786 901 16
787 799 18
787 828 8
788 807 24
788 823 15
788 828 5
788 865 7
788 877 16
789 808 18
789 818 8
789 833 23
789 841 11
789 848 16
789 861 3
789 869 16
789 888 24
789 889 25
790 809 8
790 823 13
790 832 16
791 805 23
791 834 20
791 841 15
791 847 15
791 853 16
791 897 14
791 898 25
792 797 4
792 809 6
792 823 5
792 848 3
793 801 23
793 803 25
793 821 12
793 865 22
793 877 14
793 879 17
793 889 5
794 795 4
794 837 11
794 841 13
794 850 3
794 858 23
794 872 3
795 799 5
795 817 14
795 827 1
795 850 7
795 858 23
795 896 16
796 809 24
796 831 22
796 833 12
796 837 14
796 875 13
796 879 2
797 901 4
798 804 15
798 810 5
798 820 9
798 823 19
798 826 9
798 829 7
798 848 18
798 857 21
798 867 5
798 880 6
798 893 14
799 820 9
799 846 11
799 856 24
799 865 23
799 873 14
799 885 22
799 888 2
800 808 20
800 817 12
800 850 3
800 874 3
800 878 9
800 888 20
801 804 2
801 815 5
801 820 6
801 826 17
802 838 19
802 840 7
803 823 22
803 829 8
803 855 13
803 862 5
803 892 2
804 872 21
805 813 13
805 816 19
805 841 18
805 844 17
805 864 2
805 873 6
805 883 3
805 890 12
806 813 5
806 816 2
806 856 2
806 881 3
807 846 4
807 868 24
807 890 14
808 818 8
808 820 1
808 830 22
808 831 4
808 833 4
808 845 3
808 892 9
809 830 22
809 832 21
809 844 17
809 850 18
810 839 4
810 845 6
810 891 23
811 812 7
811 862 3
811 864 10
811 866 2
811 867 21
811 875 4
811 878 3
812 824 1
812 825 8
812 837 17
812 838 7
812 840 11
812 845 20
812 852 9
812 861 14
813 814 18
813 838 22
813 839 23
813 852 21
813 892 20
814 818 1
814 835 24
814 886 22
814 891 9
814 895 21
815 861 20
815 872 2
815 900 13
816 854 25
816 874 7
817 824 12
817 865 6
817 874 10
817 892 24
818 821 7
818 849 5
818 881 4
818 898 12
819 822 7
819 880 11
819 884 5
819 888 14
819 901 21
820 884 24
821 859 22
822 846 12
822 850 19
822 866 19
822 873 9
822 886 14
823 825 15
823 855 10
823 873 12
823 884 12
823 885 20
823 895 9
823 898 8
824 900 22
825 848 24
825 870 7
825 873 3
825 879 10
825 901 14
826 881 14
826 892 10
827 833 20
827 851 18
827 874 13
827 875 8
827 887 25
827 893 25
827 895 12
828 860 15
828 887 23
829 856 13
829 857 11
829 871 9
829 888 6
830 838 6
830 843 19
830 844 19
830 852 21
830 895 5
831 860 7
831 867 9
831 895 25
832 896 16
833 850 16
833 871 23
833 874 16
833 891 24
833 893 2
834 846 25
834 851 12
834 897 16
835 838 10
835 867 8
836 843 10
836 851 22
836 870 18
837 854 11
837 855 24
837 857 4
837 870 25
837 874 21
838 899 16
838 900 11
839 861 4
839 882 21
839 889 16
840 877 24
840 886 16
840 888 13
840 890 4
840 891 23
841 872 21
841 899 3
842 855 15
842 866 11
842 868 25
842 875 5
842 885 11
842 900 1
843 845 6
843 856 22
843 875 18
843 893 17
844 877 7
844 885 3
846 872 16
847 853 24
847 893 13
847 901 14
848 889 4
848 901 15
849 865 9
849 887 22
850 867 2
850 887 14
851 853 19
852 877 17
852 881 12
852 889 10
852 893 7
853 890 15
853 891 9
853 894 2
854 876 17
854 886 25
854 889 15
854 890 18
855 897 4
856 879 25
857 864 21
860 864 11
860 877 24
860 897 13
861 888 3
862 863 5
862 865 17
862 867 18
862 898 5
863 880 7
864 869 6
864 891 8
865 875 21
865 886 16
866 897 6
867 877 22
868 885 4
871 890 25
872 893 15
873 885 17
873 894 11
874 882 21
874 887 7
875 881 19
875 889 23
876 894 25
876 899 18
877 883 14
877 891 20
878 900 23
883 896 13
884 887 15
884 897 8
885 893 11
887 897 4
891 897 12
895 900 17
896 898 21
902 601 43
903 901 25
902 903 22
