904 6735
100 71 1 88 40 27 42 9 50 99 46 36 30 24 57 27 28 3 43 75 90 50 34 59 26 9 64 25 63 3 87 62 73 88 50 12 66 43 21 68 93 18 55 74 41 63 100 20 65 94 95 55 95 28 65 21 89 28 97 51 31 84 64 55 23 65 19 40 59 91 59 3 8 65 77 49 28 76 68 92 22 14 98 16 94 63 88 82 42 85 84 72 20 47 79 94 64 97 85 22 87 44 25 46 60 53 94 87 80 14 31 1 79 28 17 24 42 4 5 84 40 40 7 59 39 85 4 2 81 89 75 19 84 51 65 43 3 10 82 83 75 12 83 6 91 51 29 33 55 86 16 46 25 22 5 15 59 60 16 39 48 43 10 83 93 26 26 48 87 59 30 14 22 64 19 12 67 99 96 73 84 11 18 61 85 74 75 43 34 91 33 81 85 94 64 77 19 41 24 58 99 5 71 20 21 41 83 39 39 79 11 23 41 28 83 25 2 9 19 35 99 52 67 35 45 82 12 16 22 87 73 72 44 95 91 16 35 26 54 73 4 64 47 44 91 81 21 44 90 39 78 40 90 97 75 87 78 38 2 100 24 26 71 67 20 14 34 6 91 87 30 94 50 29 89 93 9 61 36 98 100 66 90 41 62 64 79 91 1 80 90 76 57 13 95 28 78 28 85 20 4 95 52 5 75 77 43 35 68 32 40 85 77 5 64 28 44 39 3 36 89 28 96 80 57 73 8 70 15 72 27 18 19 30 74 93 59 17 80 26 100 19 62 76 75 25 55 71 15 57 6 4 85 1 35 93 26 42 15 40 66 93 9 84 22 83 28 32 51 7 58 2 78 71 30 4 96 84 74 62 93 80 17 29 32 52 73 57 45 87 96 10 31 57 45 5 39 25 36 41 31 45 42 60 16 71 64 11 7 37 24 99 68 41 79 100 92 51 8 36 90 56 98 20 12 42 76 2 66 12 42 49 56 35 60 71 58 23 33 64 12 57 14 79 97 44 30 40 46 90 27 35 45 24 7 56 18 82 9 35 93 50 83 1 36 95 71 93 17 56 8 80 12 73 11 60 16 92 51 62 81 77 48 77 1 6 32 18 88 92 4 32 93 39 84 29 33 55 73 1 62 33 81 73 57 43 84 25 34 34 38 67 62 85 43 62 43 27 31 82 18 35 13 11 73 49 39 57 3 63 57 16 95 89 88 4 31 23 28 17 8 65 83 69 49 25 31 43 51 13 24 69 99 37 79 23 37 69 79 39 83 88 54 30 76 93 33 7 67 60 23 74 24 57 42 24 81 24 67 32 89 90 52 87 78 82 62 14 50 40 4 32 79 9 13 55 53 45 13 19 84 87 16 84 92 36 12 70 43 68 60 66 64 95 37 48 10 93 34 12 40 99 3 19 35 15 61 67 98 64 20 88 91 87 23 82 74 34 52 68 54 63 33 17 10 22 16 19 14 50 82 6 100 85 24 87 99 36 53 49 99 72 88 89 10 10 71 83 96 22 50 1 36 34 69 45 55 84 16 21 33 97 78 85 33 1 71 84 36 23 32 87 46 71 75 55 80 45 89 27 18 90 27 54 23 95 50 30 31 65 2 63 62 79 99 46 31 69 29 66 43 12 4 88 82 79 94 14 75 82 40 45 71 19 50 46 65 99 75 95 64 76 10 77 54 8 22 84 77 51 1 19 62 5 59 44 35 52 9 9 86 100 53 8 18 2 53 83 1 27 29 64 2 38 92 7 46 13 42 74 63 43 44 77 99 54 20 33 6 80 93 43 79 46 50 97 99 3 31 51 81 59 66 35 49 57 41 46 70 35 71 32 29 66 8 27 20 79 11 77 58 3 19 89 100 68 85 51 22 67 1 3 77 67 37 25 23 29 22 92 63 92 76 91 58 35 69 77 14 79 5 23 34 23 11 85 42 47 35 16 65 36 18 42 2 6 18 76 86 40 68 49 31 95 91 88 29 60 16 94 90 20 69 75 94 31 60 88 78 94 3 42 81 72 35 34 77 53 10 14 92 29 36 87
0 6 15
0 23 15
0 33 65
0 48 16
0 62 43
0 71 53
0 88 8
0 103 3
0 114 66
0 125 44
0 158 1
0 189 65
0 193 61
0 235 42
0 241 57
1 58 74
1 102 5
1 126 36
1 140 64
1 150 57
1 163 67
1 175 6
1 178 32
1 182 24
1 199 18
1 229 78
1 236 3
1 248 47
1 275 6
1 293 88
1 296 66
1 299 72
2 8 2
2 12 30
2 16 87
2 45 96
2 51 34
2 55 95
2 64 98
2 72 99
2 92 90
2 94 50
2 110 15
2 134 50
2 145 91
2 184 72
2 192 75
2 193 47
2 198 59
2 200 38
2 208 3
2 270 25
3 10 43
3 42 87
3 52 48
3 70 12
3 76 64
3 83 3
3 88 10
3 97 21
3 98 90
3 144 75
3 156 92
3 161 43
3 170 56
3 190 79
3 253 38
3 279 42
3 287 25
3 294 87
3 298 92
4 7 14
4 9 89
4 37 59
4 50 15
4 61 79
4 95 82
4 135 89
4 156 26
4 157 40
4 173 26
4 189 80
4 196 64
4 248 21
4 256 66
4 258 64
4 270 32
4 282 82
5 8 66
5 37 42
5 47 2
5 67 55
5 90 68
5 97 46
5 101 97
5 102 76
5 156 24
5 157 86
5 159 17
5 171 48
5 173 24
5 190 60
5 209 13
5 235 12
5 237 18
5 257 79
5 258 91
5 292 99
6 26 67
6 28 68
6 36 38
6 129 44
6 145 47
6 154 2
6 157 64
6 166 65
6 169 17
6 223 48
6 228 98
6 237 82
6 245 41
6 259 99
6 285 36
6 286 8
7 9 44
7 34 84
7 52 83
7 58 19
7 82 21
7 87 51
7 177 18
7 207 44
7 216 11
7 224 30
7 228 56
7 248 80
7 266 8
7 277 98
8 29 79
8 49 26
8 53 65
8 69 68
8 77 22
8 115 63
8 138 21
8 140 85
8 145 79
8 192 37
8 195 84
8 287 76
8 294 18
8 297 24
9 20 27
9 48 5
9 59 32
9 70 70
9 75 40
9 148 66
9 200 41
9 261 60
9 272 17
9 282 58
9 291 56
9 299 79
10 24 40
10 76 11
10 100 58
10 142 99
10 180 60
10 193 88
10 226 25
10 247 76
10 257 56
10 264 46
10 274 90
11 19 76
11 71 82
11 79 69
11 117 65
11 129 18
11 135 96
11 138 82
11 147 41
11 185 22
11 246 87
11 270 24
11 271 44
11 278 78
12 39 90
12 57 84
12 89 38
12 95 58
12 103 41
12 132 93
12 141 36
12 163 32
12 191 55
12 210 45
12 226 31
12 256 66
12 259 33
12 283 7
12 293 41
13 28 40
13 34 4
13 35 30
13 66 15
13 122 37
13 128 50
13 134 79
13 147 54
13 201 46
13 226 13
13 255 95
13 257 67
14 22 51
14 62 18
14 118 10
14 140 28
14 141 7
14 150 93
14 155 17
14 209 16
14 232 86
14 234 9
14 243 51
14 278 17
15 28 15
15 49 96
15 80 99
15 85 80
15 89 28
15 109 5
15 166 72
15 191 67
15 195 60
15 199 2
15 221 33
15 240 97
15 275 51
15 278 64
15 293 50
16 25 96
16 47 28
16 57 96
16 112 63
16 115 78
16 133 66
16 140 24
16 143 5
16 151 72
16 172 17
16 177 22
16 185 40
16 237 54
16 293 82
16 298 90
17 40 70
17 64 49
17 86 37
17 100 21
17 137 80
17 152 64
17 157 25
17 165 52
17 171 82
17 204 37
17 229 53
17 274 67
17 297 33
18 36 55
18 39 82
18 87 34
18 90 3
18 91 9
18 152 30
18 154 65
18 167 86
18 184 95
18 221 40
18 226 42
18 275 18
18 298 56
19 41 15
19 59 57
19 69 9
19 77 49
19 111 99
19 116 31
19 120 49
19 156 35
19 187 51
19 209 28
19 214 51
19 246 27
19 269 79
19 290 84
20 34 63
20 56 83
20 59 2
20 89 47
20 96 90
20 117 83
20 149 33
20 189 92
20 193 43
20 194 62
20 236 8
20 254 28
20 256 8
20 262 47
21 32 22
21 34 77
21 46 55
21 47 88
21 58 86
21 91 15
21 97 36
21 103 84
21 107 45
21 116 36
21 126 18
21 143 47
21 167 64
21 192 20
21 194 26
21 217 94
21 246 4
21 252 40
21 261 77
21 276 5
22 46 87
22 96 18
22 135 88
22 140 19
22 144 9
22 192 30
22 228 32
22 230 16
22 269 10
22 283 91
22 297 62
23 68 83
23 73 67
23 79 16
23 83 70
23 111 52
23 117 83
23 120 58
23 135 87
23 142 27
23 144 45
23 154 5
23 182 26
23 207 8
23 219 76
23 230 51
23 234 2
23 235 79
23 265 90
23 277 30
23 292 84
24 46 28
24 56 47
24 69 23
24 89 98
24 121 7
24 146 4
24 153 81
24 159 22
24 195 65
24 198 71
24 202 35
24 213 47
24 292 38
25 30 3
25 46 69
25 47 41
25 51 85
25 86 78
25 90 28
25 127 63
25 144 22
25 153 84
25 160 88
25 176 82
25 182 59
25 230 90
25 240 35
25 241 90
25 255 32
25 285 64
26 54 73
26 57 59
26 64 62
26 81 47
26 103 9
26 108 68
26 115 2
26 133 89
26 162 41
26 174 67
26 253 12
26 269 75
26 274 65
26 298 1
27 60 77
27 75 85
27 99 41
27 108 13
27 111 14
27 123 20
27 125 76
27 135 36
27 153 55
27 158 63
27 170 69
27 174 14
27 207 5
27 212 3
27 225 55
27 237 36
27 270 18
28 57 79
28 63 46
28 107 31
28 151 25
28 172 6
28 198 98
28 261 26
28 294 95
29 35 90
29 38 44
29 39 6
29 66 64
29 70 9
29 98 58
29 100 93
29 196 93
29 197 98
29 225 5
29 268 7
30 62 70
30 67 32
30 69 94
30 83 24
30 94 47
30 110 62
30 138 89
30 160 51
30 177 16
30 180 43
30 189 38
30 225 33
30 252 21
30 274 83
31 33 63
31 43 97
31 46 89
31 76 12
31 89 23
31 94 35
31 100 1
31 101 66
31 173 92
31 196 16
31 201 26
31 205 49
31 253 8
31 262 19
31 277 98
32 34 65
32 50 77
32 55 67
32 75 48
32 80 70
32 101 43
32 117 94
32 142 83
32 159 31
32 167 96
32 199 98
32 208 26
32 214 33
32 216 30
32 218 46
32 270 16
32 290 44
33 48 95
33 103 56
33 104 55
33 133 69
33 134 42
33 148 7
33 179 34
33 186 33
33 221 22
33 261 12
33 269 81
33 277 82
33 297 30
34 66 30
34 79 46
34 123 6
34 135 97
34 156 45
34 162 27
34 169 39
34 180 39
34 181 9
34 200 21
34 202 34
34 204 58
34 221 46
34 229 67
34 279 87
34 297 44
35 44 34
35 51 82
35 70 38
35 103 41
35 108 88
35 179 6
35 195 82
35 251 94
35 254 91
35 269 14
36 56 67
36 68 2
36 70 46
36 74 48
36 87 83
36 111 75
36 162 45
36 170 40
36 186 23
36 205 90
36 216 66
36 257 13
36 288 80
36 291 26
37 42 86
37 62 13
37 70 83
37 71 31
37 89 31
37 94 21
37 104 26
37 105 16
37 134 2
37 143 15
37 178 56
37 189 41
37 196 20
37 200 89
37 216 34
37 254 63
37 265 54
37 295 1
38 40 16
38 108 99
38 127 100
38 183 51
38 223 26
39 47 45
39 113 90
39 114 100
39 124 86
39 137 8
39 151 65
39 185 65
39 219 85
39 223 50
39 224 77
39 232 68
39 259 32
39 261 60
39 273 40
39 275 58
40 50 27
40 51 94
40 73 72
40 128 35
40 145 34
40 164 44
40 177 23
40 190 20
40 208 6
40 210 77
40 212 72
40 222 73
40 241 27
40 261 71
41 70 23
41 109 4
41 119 67
41 128 13
41 139 56
41 141 52
41 157 72
41 160 20
41 215 16
41 223 56
41 267 69
41 273 45
41 280 75
42 103 100
42 130 56
42 179 15
42 239 57
43 53 82
43 66 8
43 98 81
43 125 16
43 144 41
43 187 24
43 222 39
43 223 12
43 244 81
43 245 15
43 264 83
43 268 53
43 295 93
44 50 6
44 58 28
44 81 97
44 117 72
44 122 40
44 129 52
44 141 76
44 149 63
44 167 23
44 193 43
44 195 18
44 199 91
44 213 87
44 265 93
44 266 42
44 274 42
44 284 7
44 289 51
45 48 24
45 60 66
45 82 31
45 92 91
45 99 58
45 124 6
45 139 29
45 140 70
45 156 86
45 209 95
45 255 4
45 272 90
45 277 88
45 278 9
45 287 17
45 292 36
45 294 33
45 298 8
46 58 39
46 63 8
46 104 70
46 154 61
46 173 50
46 185 40
46 206 3
46 211 89
46 295 84
47 70 44
47 87 82
47 119 42
47 126 46
47 130 5
47 141 7
47 153 76
47 181 96
47 194 64
47 236 33
47 239 76
47 271 85
47 285 70
47 287 23
48 70 89
48 71 60
48 95 62
48 164 49
48 168 28
48 183 97
48 201 81
48 213 36
48 214 87
48 216 40
48 217 57
48 219 47
48 236 42
48 247 96
48 250 1
48 271 30
48 278 79
49 70 44
49 71 11
49 81 20
49 95 42
49 114 68
49 123 78
49 124 17
49 211 15
49 271 94
49 272 2
49 273 42
49 283 30
49 284 71
49 286 64
49 295 18
50 74 30
50 80 25
50 93 19
50 97 58
50 126 73
50 142 51
50 147 45
50 167 59
50 168 43
50 184 53
50 200 57
50 284 84
51 92 1
51 110 57
51 111 65
51 117 31
51 128 53
51 137 75
51 141 3
51 148 94
51 189 94
51 215 80
51 262 62
52 82 60
52 109 73
52 121 63
52 127 2
52 153 3
52 248 34
52 274 65
53 57 72
53 72 15
53 74 42
53 115 42
53 122 24
53 145 14
53 146 93
53 149 20
53 201 73
53 208 35
53 276 73
53 298 29
54 61 70
54 84 73
54 112 38
54 115 34
54 136 3
54 158 90
54 177 60
54 192 5
54 194 83
54 214 6
54 243 37
54 268 96
55 58 65
55 70 61
55 72 59
55 81 18
55 101 15
55 102 44
55 124 83
55 152 39
55 192 58
55 201 24
55 238 80
55 262 34
55 267 89
55 287 24
55 289 53
55 296 61
56 72 10
56 74 25
56 93 42
56 124 79
56 135 49
56 142 79
56 157 64
56 164 52
56 250 20
56 254 24
56 270 8
56 290 2
57 69 81
57 97 44
57 125 49
57 136 45
57 142 5
57 169 7
57 181 63
57 189 19
57 192 2
57 195 97
57 205 57
57 268 60
57 280 72
57 291 89
58 64 45
58 74 60
58 95 12
58 110 97
58 134 73
58 135 22
58 204 74
58 245 14
58 257 52
58 272 22
58 286 44
59 67 16
59 81 25
59 101 63
59 107 39
59 127 85
59 134 16
59 140 19
59 143 28
59 144 64
59 147 15
59 168 84
59 178 23
59 236 29
60 75 55
60 76 24
60 90 25
60 97 63
60 99 35
60 117 96
60 119 51
60 154 79
60 162 8
60 168 15
60 199 76
60 214 80
60 255 36
60 286 1
60 291 45
60 294 87
60 297 22
61 101 88
61 143 2
61 148 99
61 159 2
61 186 92
61 196 83
61 200 69
61 211 62
61 215 62
61 224 32
61 248 29
61 260 46
61 263 6
61 269 57
61 270 52
62 76 30
62 114 82
62 162 14
62 163 16
62 168 29
62 173 17
62 221 95
62 250 88
62 256 31
62 259 22
63 105 67
63 131 18
63 138 22
63 154 63
63 155 56
63 188 95
63 197 2
63 212 10
63 257 45
63 286 3
64 76 53
64 78 27
64 90 71
64 94 15
64 100 89
64 107 55
64 142 43
64 190 86
64 229 60
64 253 51
64 257 37
64 262 41
64 269 84
64 284 2
65 106 57
65 153 13
65 174 70
65 187 3
65 238 52
65 264 100
66 77 76
66 95 71
66 113 69
66 142 97
66 199 33
66 232 25
66 257 43
66 266 35
67 71 86
67 95 88
67 99 89
67 106 38
67 125 66
67 157 12
67 191 4
67 212 54
67 213 66
67 226 46
67 254 91
67 280 77
68 76 49
68 137 79
68 143 70
68 237 32
68 262 81
68 293 78
69 76 96
69 86 2
69 100 80
69 104 48
69 107 2
69 111 55
69 131 18
69 140 22
69 141 3
69 152 2
69 171 98
69 212 45
69 217 36
69 235 83
69 264 84
69 274 77
69 277 21
70 103 50
70 104 88
70 123 24
70 137 55
70 139 5
70 226 22
70 245 46
70 250 81
70 257 22
71 73 24
71 89 50
71 124 53
71 149 56
71 153 79
71 168 49
71 169 58
71 177 58
71 186 48
71 200 11
71 204 64
71 211 17
71 226 84
71 236 66
71 256 18
71 258 82
71 265 63
72 75 6
72 94 16
72 98 46
72 173 82
72 195 88
72 220 47
72 243 69
72 265 12
72 295 2
73 80 73
73 98 85
73 148 99
73 165 5
73 203 6
73 208 74
73 215 7
73 229 10
73 235 30
73 264 85
73 277 58
74 101 39
74 108 95
74 131 57
74 158 1
74 182 58
74 184 73
74 185 84
74 188 76
74 217 91
74 244 17
74 281 90
74 285 96
74 295 33
75 90 87
75 92 77
75 95 20
75 144 34
75 168 97
75 190 83
75 195 87
75 220 21
75 228 19
75 235 85
75 268 77
75 272 24
75 297 58
76 89 83
76 109 34
76 118 39
76 130 20
76 148 43
76 202 29
76 206 66
76 214 100
76 233 29
76 244 23
76 252 24
76 274 65
76 285 50
76 292 14
76 298 81
77 87 39
77 91 61
77 162 13
77 191 26
77 202 37
77 243 85
77 248 59
77 252 85
77 283 67
77 285 97
77 298 57
77 299 86
78 99 81
78 102 34
78 132 61
78 144 90
78 150 68
78 230 46
78 236 81
78 242 39
78 265 41
78 281 9
78 297 4
79 88 40
79 89 90
79 172 79
79 183 15
79 198 54
79 226 28
79 229 29
79 230 34
79 232 19
79 242 89
79 243 99
79 249 44
79 267 78
79 274 83
79 278 54
79 288 14
80 96 1
80 109 50
80 117 71
80 135 86
80 187 30
80 194 56
80 199 99
80 219 71
80 241 23
80 254 44
80 256 51
80 262 14
80 277 84
80 278 12
81 147 17
81 172 75
81 177 1
81 194 47
81 217 90
81 218 6
81 228 75
81 242 70
81 261 39
81 262 93
82 105 58
82 108 89
82 112 88
82 115 87
82 137 23
82 142 41
82 148 1
82 155 24
82 216 90
82 240 23
82 249 61
82 288 71
83 145 78
83 149 59
83 161 93
83 243 52
83 272 55
84 105 44
84 136 65
84 155 38
84 162 7
84 195 34
84 205 65
84 207 7
84 254 80
84 265 54
84 280 12
84 292 6
84 293 23
84 294 2
85 114 50
85 158 32
85 159 43
85 162 37
85 227 19
85 252 65
86 105 77
86 113 71
86 115 88
86 143 18
86 165 93
86 177 49
86 197 88
86 262 70
86 290 59
87 121 33
87 122 73
87 125 13
87 156 28
87 251 38
87 262 51
87 292 34
88 93 71
88 107 15
88 153 92
88 194 2
88 203 20
88 207 55
88 248 8
88 268 94
89 103 56
89 104 57
89 147 25
89 165 50
89 172 94
89 214 95
89 245 15
89 247 22
89 251 65
89 265 2
89 270 40
89 273 9
90 103 2
90 109 79
90 115 30
90 118 61
90 125 11
90 127 3
90 193 25
90 196 90
90 199 92
90 214 27
90 229 23
90 248 62
90 251 93
90 272 14
90 282 15
90 297 12
91 113 68
91 153 22
91 155 5
91 167 76
92 97 31
92 116 82
92 120 25
92 140 76
92 141 28
92 142 91
92 175 97
92 219 93
92 221 45
92 223 88
92 231 53
92 242 46
92 289 19
93 95 83
93 116 58
93 122 81
93 124 85
93 134 83
93 157 71
93 160 76
93 176 61
93 182 93
93 186 89
93 215 54
93 227 59
93 232 3
93 242 65
93 250 26
93 283 77
94 107 22
94 114 53
94 152 59
94 154 55
94 160 30
94 217 34
94 231 82
94 237 20
95 99 30
95 111 26
95 158 64
95 159 70
95 160 79
95 165 62
95 176 88
95 217 61
95 233 71
95 243 68
95 247 45
95 265 5
95 283 38
95 288 72
96 119 66
96 138 83
96 159 60
96 168 19
96 189 41
96 199 14
96 216 83
96 249 18
96 277 90
96 292 56
97 106 23
97 116 100
97 135 10
97 143 4
97 174 33
98 146 92
98 157 23
98 185 15
98 212 69
98 282 39
98 297 84
99 116 47
99 121 52
99 156 23
99 161 7
99 181 22
99 183 90
99 209 51
99 211 27
99 218 80
99 247 22
99 259 92
99 270 62
99 279 33
99 292 62
100 113 54
100 214 47
100 255 96
100 267 71
100 290 88
101 130 52
101 187 45
101 201 88
101 228 13
101 233 48
101 245 20
101 279 56
102 148 23
102 221 86
102 237 25
102 244 13
102 246 69
102 281 71
102 294 64
103 176 91
103 198 78
103 204 37
103 209 33
103 232 80
103 236 15
103 247 12
103 258 54
103 276 58
103 284 25
104 117 38
104 141 19
104 167 78
104 185 84
104 196 15
104 237 100
104 242 24
104 265 18
104 279 45
105 117 63
105 144 30
105 176 92
105 183 34
105 212 86
105 214 66
105 235 20
105 237 62
105 257 78
105 266 40
105 281 32
105 291 41
106 113 31
106 134 61
106 151 78
106 187 63
106 189 93
106 190 44
106 191 26
106 213 46
106 232 2
106 249 2
106 253 83
106 295 20
106 296 31
107 109 19
107 148 34
107 162 82
107 166 94
107 238 3
107 257 26
107 282 56
107 288 33
107 289 70
107 297 41
108 109 70
108 119 35
108 144 60
108 192 31
108 233 13
108 256 100
108 279 14
109 124 5
109 127 82
109 147 75
109 168 34
109 177 96
109 217 67
109 250 78
109 285 73
110 112 64
110 120 79
110 153 74
110 187 98
110 192 50
110 229 4
110 232 68
110 264 84
110 282 37
110 284 13
111 130 38
111 136 63
111 142 20
111 152 70
111 162 84
111 211 61
111 213 39
111 242 70
111 254 72
111 280 21
112 136 34
112 140 71
112 164 35
112 209 91
112 241 4
112 247 61
112 263 24
112 266 99
112 274 79
112 280 53
113 128 23
113 142 94
113 163 31
113 190 96
113 223 91
113 230 81
113 238 51
114 124 11
114 163 16
114 220 88
114 226 23
114 262 53
114 271 2
114 283 43
114 298 75
115 116 37
115 129 55
115 187 65
115 189 58
115 191 26
115 199 86
116 117 44
116 139 49
116 145 72
116 148 34
116 155 52
116 196 32
116 204 57
116 210 3
116 221 62
116 234 10
116 267 25
116 282 55
117 176 92
117 180 73
117 207 97
117 209 24
117 229 75
117 263 7
117 265 39
117 279 14
117 280 82
118 164 44
118 167 67
118 185 76
118 191 18
118 193 55
118 244 30
118 246 82
118 255 13
118 275 55
118 284 19
118 290 56
119 122 3
119 129 90
119 178 89
119 192 55
119 198 73
119 206 97
119 214 9
119 234 34
119 235 58
119 264 85
119 275 88
119 296 2
120 122 9
120 128 85
120 135 25
120 162 84
120 178 43
120 189 16
120 206 49
120 219 24
120 229 11
120 274 16
120 277 51
121 130 80
121 131 22
121 138 80
121 145 13
121 171 34
121 173 35
121 221 32
121 227 41
121 244 37
121 293 21
122 128 29
122 130 43
122 219 46
122 238 78
122 251 3
122 284 79
122 292 87
123 128 88
123 189 19
123 209 88
123 217 96
123 280 3
124 126 65
124 136 31
124 148 97
124 165 80
124 213 80
124 221 73
124 263 90
124 275 47
125 129 23
125 141 21
125 158 68
125 193 3
125 195 33
125 201 54
125 237 37
125 243 64
125 272 94
125 279 25
126 146 37
126 158 75
126 165 20
126 175 82
126 227 4
126 230 22
126 258 60
126 274 90
126 279 61
126 298 78
127 169 30
127 207 9
127 228 32
127 247 94
127 253 91
127 273 81
127 293 25
128 170 22
128 208 53
128 210 66
128 222 68
128 225 75
128 241 86
128 285 88
129 149 77
129 175 18
129 182 93
129 199 65
129 212 82
129 230 86
129 234 42
129 294 70
130 132 12
130 133 13
130 137 51
130 159 15
130 225 86
130 245 62
130 246 57
130 260 47
130 264 92
130 270 86
130 282 7
130 293 75
130 299 31
131 132 97
131 148 55
131 156 55
131 168 19
131 185 7
131 217 20
131 218 38
131 220 34
131 221 5
131 234 77
131 252 62
131 263 22
131 268 69
131 281 27
132 178 55
132 195 7
132 238 20
132 241 24
132 262 18
132 271 32
132 272 26
132 279 85
132 289 17
133 141 88
133 161 41
133 174 15
133 187 31
133 228 78
133 238 73
133 286 5
134 160 8
134 180 70
134 207 60
134 218 62
134 219 40
134 243 18
134 252 81
134 271 77
135 138 51
135 151 37
135 185 6
135 226 13
135 252 10
135 295 74
136 147 91
136 192 65
136 195 32
136 196 62
136 218 40
136 279 2
137 180 93
137 181 66
137 272 86
137 273 61
137 281 5
138 151 78
138 164 28
138 174 35
138 182 55
138 219 100
138 223 91
138 229 62
138 237 21
138 252 50
138 255 23
138 276 12
138 296 20
139 146 55
139 177 89
139 198 70
139 199 43
139 201 46
139 212 34
139 226 52
139 233 71
139 239 24
139 266 68
139 280 3
140 181 85
140 208 60
140 240 4
140 254 29
140 260 25
140 261 41
140 262 42
140 279 81
141 155 18
141 159 21
141 164 15
141 201 72
141 221 72
141 231 5
141 255 33
141 261 45
142 190 7
142 214 7
142 251 56
142 289 26
143 152 13
143 210 96
143 212 47
143 235 55
143 237 41
143 251 81
143 271 58
143 281 12
144 225 56
144 235 26
144 270 14
144 278 93
144 283 85
145 151 69
145 161 73
145 168 61
145 191 9
145 220 66
145 275 41
145 284 26
146 155 86
146 159 7
146 164 49
146 196 58
147 165 63
147 173 33
147 190 54
147 193 21
147 235 39
147 279 9
148 171 98
148 174 3
148 237 5
148 267 97
148 275 57
149 169 45
149 181 77
149 216 14
149 232 8
149 260 84
149 261 91
149 265 73
149 269 28
150 163 75
150 168 41
150 194 1
150 219 87
150 225 1
150 252 66
150 258 79
150 277 78
150 288 4
150 297 85
150 299 26
151 156 13
151 173 100
151 184 58
151 185 66
151 207 20
151 235 48
151 262 74
151 276 70
151 287 50
152 218 78
152 224 66
152 257 6
152 276 75
152 291 94
153 178 72
153 181 82
153 195 77
153 218 62
153 253 55
153 269 57
153 287 89
153 294 47
154 158 57
154 177 27
154 195 48
154 213 74
154 242 6
154 246 25
154 272 29
154 274 42
154 281 3
154 288 41
155 156 41
155 163 60
155 189 58
155 216 13
155 217 8
155 226 32
155 236 34
155 265 9
156 158 61
156 159 99
156 174 67
156 205 87
156 218 92
156 240 38
156 256 69
156 274 20
156 296 51
157 171 75
157 173 28
157 206 91
157 258 73
158 221 36
158 237 70
158 250 20
158 273 10
158 286 75
159 182 97
159 184 90
159 226 16
159 265 51
159 281 31
159 288 9
159 297 10
160 195 88
160 198 73
160 200 69
160 204 71
160 224 6
160 240 30
160 253 32
160 265 56
161 181 96
161 213 70
161 217 99
161 241 85
161 242 90
161 244 18
161 251 87
161 255 64
161 266 98
162 191 78
162 212 89
162 219 33
162 226 47
162 227 60
162 234 42
162 267 73
162 285 56
163 190 84
163 205 40
163 222 58
163 223 14
163 243 48
163 267 68
163 268 53
163 273 72
163 274 88
163 291 24
163 292 77
163 293 17
163 299 7
164 172 84
164 228 64
164 231 76
164 268 82
164 269 48
164 283 18
165 183 52
165 241 35
165 281 81
166 183 49
166 208 64
166 283 21
167 170 81
167 182 62
167 211 81
167 279 75
168 171 34
168 175 88
168 176 58
168 220 73
168 222 46
168 223 71
168 253 73
169 173 65
169 177 75
169 192 44
169 220 52
169 254 98
169 290 73
170 180 21
170 189 56
170 190 56
170 224 84
170 248 84
171 206 38
171 265 84
171 273 1
171 279 89
171 286 70
172 184 33
172 192 89
172 198 33
172 215 54
172 290 69
172 294 94
173 190 34
173 201 43
173 254 79
173 297 21
174 210 100
174 233 3
174 261 18
174 269 22
174 281 75
174 288 82
175 247 97
175 252 71
175 280 86
175 294 46
175 296 95
176 197 6
176 199 54
176 215 50
176 227 41
176 244 89
176 246 39
176 291 76
176 292 89
177 198 79
177 212 45
177 237 73
177 238 67
177 281 77
178 229 78
178 248 36
178 268 22
179 219 63
179 222 30
179 229 52
179 246 36
179 261 82
180 228 55
180 234 53
180 250 3
180 265 81
180 268 35
180 269 51
180 281 3
181 206 20
181 297 49
182 200 97
182 214 77
182 224 2
182 256 99
182 282 69
183 226 42
183 266 89
183 270 45
183 276 30
183 282 68
183 288 41
184 188 54
184 189 86
184 242 70
184 244 32
184 271 73
184 280 91
184 282 94
185 191 3
185 237 95
185 242 29
185 245 36
185 253 1
186 231 82
186 239 38
186 240 81
186 259 68
186 263 41
186 268 84
186 295 39
187 201 89
187 205 32
187 208 15
187 216 42
187 219 30
187 270 35
187 271 83
187 280 71
187 283 31
188 194 64
188 201 38
188 249 72
188 272 69
189 191 75
189 200 41
189 211 100
189 223 48
189 231 83
189 242 46
189 258 2
189 265 77
190 213 26
190 262 89
190 267 77
190 277 59
191 209 26
191 220 10
191 239 26
191 242 18
191 266 45
191 283 16
192 234 58
192 260 76
192 275 30
192 289 51
192 293 58
193 216 17
193 227 85
193 237 28
193 247 47
193 250 48
193 276 17
194 203 18
194 267 69
194 280 43
194 293 58
195 226 20
195 234 42
195 255 93
195 287 65
196 204 95
196 205 21
196 214 43
196 221 83
196 299 98
197 201 1
197 215 61
197 258 59
197 283 79
197 285 78
198 204 3
198 226 94
198 232 36
198 237 30
198 240 76
198 261 86
199 229 87
199 241 92
199 246 71
199 257 66
199 285 38
200 205 70
200 229 34
200 230 56
200 234 90
200 239 77
200 256 65
201 260 10
201 269 18
201 283 57
201 286 74
202 214 13
202 223 78
202 237 68
203 218 95
203 247 27
203 285 69
203 291 55
204 220 85
204 221 47
204 232 85
204 239 87
204 258 40
205 217 20
205 244 68
205 256 15
205 257 57
205 266 55
205 285 6
205 291 79
206 237 72
206 240 96
206 245 1
206 247 6
206 291 51
207 211 90
207 214 82
207 215 15
207 234 99
207 273 51
207 289 24
208 212 25
208 243 63
208 295 53
208 297 92
209 260 10
209 291 79
210 254 12
210 269 64
211 227 15
212 219 10
212 233 48
212 238 53
212 243 50
212 269 19
213 262 20
213 264 16
213 281 28
213 283 26
213 289 74
213 296 6
214 272 98
214 294 21
215 232 58
215 270 55
215 290 71
216 253 48
216 255 88
216 256 37
216 276 98
216 286 38
216 297 12
217 236 74
217 268 53
218 246 64
218 247 18
218 251 62
218 283 94
219 238 29
219 242 25
219 244 8
219 273 39
219 283 25
221 247 60
221 254 40
221 260 95
222 231 80
222 291 7
223 234 22
223 246 57
223 250 32
223 256 80
223 262 54
223 265 52
223 274 89
223 285 60
224 238 74
224 281 88
224 289 47
225 241 11
225 263 86
225 271 85
225 283 22
225 289 11
227 233 37
227 253 38
227 257 28
227 259 98
227 270 31
227 275 9
227 295 74
227 298 39
228 245 99
228 253 50
228 255 50
228 263 38
228 272 97
228 281 81
229 238 96
229 277 70
229 282 38
229 283 28
230 239 1
230 244 43
230 254 31
230 256 90
230 267 3
230 280 5
231 254 77
232 259 49
232 262 67
232 283 62
232 292 85
233 237 40
233 244 25
234 237 73
234 252 77
234 284 52
235 259 22
235 263 8
235 272 12
235 278 48
235 287 98
235 296 10
236 270 49
236 277 47
236 285 47
236 288 45
237 248 28
237 249 95
237 288 15
237 290 65
238 242 22
238 254 15
238 266 7
238 274 4
238 283 56
238 285 61
239 273 8
239 275 33
239 277 10
239 290 74
240 267 46
241 267 46
241 268 14
241 277 70
242 266 19
242 274 42
242 286 22
243 244 40
243 268 49
243 269 85
243 280 87
243 297 98
244 265 95
245 256 36
245 261 45
245 265 41
245 270 32
245 275 24
245 290 35
246 257 98
246 286 40
247 274 8
247 277 13
247 288 98
248 257 12
248 266 68
248 277 59
250 251 71
250 281 52
251 273 20
251 288 97
252 278 98
252 283 65
252 291 62
253 258 67
253 285 35
253 290 3
255 262 40
255 267 75
255 281 4
255 290 25
256 288 13
257 270 1
257 275 19
258 262 100
259 260 97
260 264 11
260 292 84
260 293 20
261 262 98
261 264 81
261 287 11
262 272 5
264 295 45
265 281 9
265 299 68
266 288 65
267 290 67
267 298 91
268 284 16
269 270 86
269 286 87
270 285 13
270 291 2
272 291 48
272 294 32
273 277 37
273 280 2
273 297 71
275 289 63
276 290 5
276 292 47
278 282 27
278 283 58
279 282 65
280 299 27
283 286 54
286 299 28
290 292 62
291 298 26
300 316 4
300 323 37
300 356 44
300 358 29
300 365 43
300 367 38
300 380 3
300 398 23
300 434 11
300 505 21
300 514 6
300 533 1
300 574 12
300 582 7
301 378 40
301 381 40
301 420 38
301 445 1
301 463 5
301 513 39
301 531 42
301 538 9
301 542 23
301 543 21
301 544 19
301 560 35
301 562 25
301 575 24
301 583 30
302 320 37
302 327 42
302 332 35
302 352 23
302 359 38
302 378 14
302 418 17
302 455 25
302 474 18
302 478 39
302 485 37
302 517 40
302 532 47
302 554 38
302 573 1
302 596 3
303 324 27
303 333 42
303 403 43
303 406 29
303 412 47
303 423 31
303 436 20
303 447 7
303 455 5
303 501 42
303 511 25
303 531 40
303 536 18
303 543 48
304 305 21
304 309 4
304 339 42
304 353 7
304 369 28
304 379 31
304 403 22
304 410 46
304 421 5
304 427 39
304 448 35
304 463 41
304 474 30
304 477 31
304 479 30
304 484 31
304 485 35
304 554 8
304 556 22
304 581 27
304 598 38
305 315 20
305 319 10
305 328 8
305 332 26
305 353 14
305 410 1
305 429 3
305 446 5
305 474 19
305 479 2
305 485 25
305 489 24
305 494 45
305 501 32
305 520 4
305 521 25
305 522 3
305 564 49
305 570 31
305 594 44
306 345 35
306 393 22
306 433 25
306 439 17
306 460 3
306 471 7
306 502 2
306 534 13
306 540 31
306 548 30
306 595 50
306 597 50
307 330 41
307 369 9
307 389 28
307 416 5
307 426 10
307 443 32
307 453 9
307 471 28
307 494 33
307 498 36
307 534 3
307 551 30
307 554 19
307 570 6
308 312 4
308 359 23
308 361 5
308 434 35
308 439 18
308 513 41
308 547 8
308 561 43
308 569 8
308 579 12
308 599 49
309 338 11
309 393 24
309 396 29
309 401 40
309 402 24
309 408 29
309 423 31
309 430 32
309 446 8
309 467 37
309 480 41
309 486 39
309 499 47
309 521 20
309 522 21
309 536 34
310 329 23
310 348 2
310 353 2
310 359 30
310 376 6
310 404 25
310 429 34
310 474 42
310 487 42
310 502 27
310 508 1
310 518 36
310 555 34
310 583 12
310 590 35
310 592 44
311 334 36
311 335 13
311 336 35
311 337 9
311 348 43
311 374 17
311 391 42
311 409 50
311 472 3
311 481 35
311 486 38
311 509 2
311 517 4
311 522 11
311 544 35
311 577 28
312 339 12
312 346 39
312 363 8
312 379 19
312 410 13
312 413 43
312 464 10
312 501 6
312 527 19
312 597 10
313 381 42
313 388 2
313 400 22
313 417 28
313 425 47
313 436 9
313 478 40
313 505 32
313 531 19
313 566 35
313 574 48
313 589 10
313 595 34
314 341 3
314 346 44
314 405 24
314 465 4
314 467 50
314 483 36
314 493 40
314 510 27
314 524 47
314 535 28
314 548 36
314 559 18
314 567 40
314 571 29
314 577 27
314 584 48
314 594 49
315 348 39
315 356 41
315 378 1
315 396 12
315 419 18
315 445 49
315 447 20
315 457 7
315 463 30
315 510 40
315 522 43
315 534 30
315 535 49
315 543 29
315 556 32
315 566 45
315 574 2
315 598 35
316 329 46
316 339 39
316 361 24
316 380 24
316 415 37
316 423 2
316 440 10
316 459 4
316 508 43
316 514 40
316 538 33
316 584 42
316 595 38
317 321 21
317 343 32
317 352 40
317 370 34
317 386 49
317 390 41
317 406 5
317 411 8
317 471 20
317 482 44
317 491 50
317 502 49
317 505 44
317 524 28
317 541 30
317 546 40
317 588 31
318 332 16
318 390 35
318 447 19
318 464 42
318 478 9
318 479 8
318 484 45
318 543 20
318 548 11
318 585 39
318 590 11
318 593 43
319 420 31
319 435 50
319 452 15
319 456 12
319 471 40
319 492 48
319 512 11
319 539 30
319 549 2
319 567 18
319 585 1
319 599 45
320 323 19
320 330 2
320 361 41
320 378 47
320 390 33
320 438 30
320 442 29
320 448 49
320 449 15
320 469 50
320 521 42
320 565 25
320 587 7
321 345 36
321 374 46
321 390 17
321 478 24
321 500 6
321 510 12
321 525 4
321 527 5
321 539 26
321 547 18
321 574 46
321 592 24
321 598 28
322 361 27
322 383 27
322 414 47
322 418 28
322 430 24
322 455 15
322 461 31
322 469 14
322 505 13
322 545 13
323 343 45
323 347 42
323 371 11
323 377 11
323 386 43
323 425 4
323 448 35
323 456 49
323 474 39
323 480 32
323 491 17
323 502 15
323 509 37
323 514 28
323 520 20
323 548 44
323 554 4
323 578 37
323 593 39
324 365 29
324 366 16
324 377 16
324 396 7
324 401 14
324 425 45
324 432 32
324 433 29
324 443 25
324 463 45
324 484 43
324 506 37
324 516 42
324 539 36
324 551 50
324 576 2
324 579 28
324 588 5
324 598 37
325 327 26
325 360 46
325 364 18
325 376 43
325 379 10
325 382 7
325 391 22
325 404 31
325 406 50
325 411 27
325 412 20
325 486 40
325 503 7
325 515 37
325 555 7
325 564 14
325 586 1
325 588 3
326 347 45
326 370 31
326 383 27
326 396 42
326 413 23
326 422 16
326 446 33
326 527 9
326 541 17
326 552 34
326 576 36
327 328 23
327 338 22
327 374 14
327 376 18
327 415 42
327 420 8
327 457 29
327 498 48
327 575 29
328 333 10
328 357 49
328 409 6
328 501 31
328 523 38
328 524 12
328 528 17
328 535 45
328 551 27
328 592 17
329 385 47
329 408 22
329 417 47
329 425 26
329 452 15
329 478 22
329 493 43
329 498 47
329 501 32
329 525 11
329 533 32
329 536 17
329 567 33
329 580 4
330 332 32
330 378 1
330 397 45
330 413 39
330 416 29
330 420 42
330 425 20
330 433 40
330 470 40
330 505 27
330 506 20
330 554 29
330 574 40
330 599 37
331 344 23
331 363 17
331 444 5
331 462 22
331 499 40
331 518 4
331 519 47
331 537 4
331 558 25
331 594 39
332 334 50
332 346 6
332 369 49
332 381 33
332 386 24
332 430 31
332 441 36
332 499 8
332 508 33
332 543 30
332 555 46
333 375 14
333 402 23
333 420 17
333 431 3
333 436 14
333 453 43
333 454 23
333 455 43
333 474 33
333 478 11
333 499 17
333 501 1
333 532 15
333 556 38
333 564 40
333 565 20
333 575 34
334 339 43
334 350 44
334 387 24
334 391 44
334 405 1
334 426 24
334 434 26
334 454 27
334 459 7
334 476 14
334 481 34
334 495 39
334 512 43
334 521 31
334 555 2
334 567 18
334 569 48
335 345 5
335 360 33
335 404 42
335 431 29
335 434 25
335 440 26
335 460 41
335 518 42
335 523 26
335 535 7
335 541 31
335 544 17
335 562 27
335 567 15
335 573 9
335 585 22
335 598 40
336 360 4
336 371 25
336 411 14
336 449 32
336 489 1
336 513 20
336 517 45
336 531 34
336 544 10
336 545 39
336 550 14
336 552 12
337 372 8
337 412 13
337 416 18
337 481 41
337 482 5
337 568 48
337 576 17
337 588 30
337 594 38
338 344 8
338 350 8
338 370 46
338 387 41
338 420 24
338 428 22
338 435 7
338 436 35
338 472 46
338 481 46
338 489 40
338 520 20
338 524 9
338 534 21
338 564 20
338 577 30
338 583 17
338 598 3
339 410 40
339 447 8
339 467 18
339 478 3
339 503 17
339 531 31
339 554 22
339 575 7
340 388 37
340 409 21
340 420 24
340 430 18
340 435 10
340 458 33
340 488 25
340 550 5
340 578 23
340 584 49
341 343 29
341 381 29
341 426 35
341 436 24
341 443 25
341 456 24
341 473 45
341 474 35
341 477 47
341 491 14
341 512 17
341 513 15
341 516 18
341 524 8
341 533 24
341 562 37
341 570 12
341 596 41
342 353 19
342 374 35
342 375 47
342 383 5
342 386 5
342 420 22
342 451 23
342 460 14
342 529 5
342 580 49
343 375 20
343 381 29
343 402 49
343 437 48
343 449 8
343 513 33
343 526 23
343 528 34
343 543 7
343 544 19
344 361 20
344 390 5
344 410 34
344 433 38
344 519 19
344 526 1
344 528 45
344 529 43
344 551 40
344 571 8
344 585 33
344 596 8
345 359 42
345 398 31
345 414 13
345 432 48
345 454 3
345 455 37
345 459 11
345 536 9
345 549 37
345 564 33
345 577 37
346 365 36
346 374 32
346 382 46
346 401 18
346 422 7
346 427 29
346 459 26
346 462 25
346 463 1
346 495 30
346 498 9
346 516 38
346 523 1
346 589 11
346 596 35
347 367 45
347 384 50
347 406 44
347 414 29
347 429 8
347 433 36
347 452 9
347 459 22
347 494 33
347 510 13
347 513 10
347 560 46
347 574 21
347 578 46
347 596 28
348 371 8
348 388 31
348 414 11
348 458 3
348 490 1
348 514 17
348 529 34
348 538 26
348 564 42
348 570 34
349 359 8
349 367 50
349 397 23
349 483 10
349 486 12
349 491 9
349 495 4
349 564 12
349 587 3
350 362 32
350 384 21
350 405 40
350 415 42
350 421 42
350 425 24
350 446 5
350 457 3
350 460 19
350 509 25
350 526 48
350 529 48
350 548 32
350 554 31
350 557 9
350 599 37
351 387 31
351 389 25
351 432 20
351 438 8
351 440 18
351 486 5
351 493 17
351 527 19
351 530 29
351 552 26
351 565 31
351 595 38
352 386 31
352 440 44
352 446 42
352 478 12
352 503 14
352 558 31
352 569 4
353 375 7
353 382 4
353 396 10
353 459 9
353 463 25
353 470 34
353 479 8
353 491 22
353 493 18
353 500 38
353 528 32
353 537 4
353 570 18
354 358 9
354 374 25
354 395 28
354 399 28
354 429 31
354 444 44
354 468 47
354 517 9
354 518 20
354 527 29
354 567 46
354 571 50
354 582 22
355 378 39
355 395 14
355 458 37
355 463 19
355 508 19
355 569 43
355 572 25
356 379 28
356 398 1
356 437 49
356 447 11
356 448 10
356 464 22
356 492 30
356 497 48
356 503 4
356 553 33
356 567 17
357 374 12
357 387 9
357 434 44
357 488 41
357 567 39
358 365 38
358 413 37
358 447 48
358 464 9
358 474 17
358 507 45
358 509 8
358 523 38
358 525 36
358 533 23
358 554 24
358 590 4
359 360 41
359 361 18
359 373 28
359 407 20
359 414 20
359 428 28
359 440 33
359 469 30
359 494 50
359 496 12
359 505 27
359 508 3
359 545 47
359 549 45
359 557 16
359 587 5
360 415 39
360 422 6
360 425 46
360 465 28
360 476 45
360 492 43
360 498 36
360 524 11
360 525 39
360 530 45
360 551 1
360 585 24
360 599 18
361 380 24
361 414 30
361 434 10
361 437 44
361 443 9
361 459 30
361 463 13
361 518 37
361 519 12
361 529 42
361 532 36
361 597 23
362 389 20
362 417 38
362 420 19
362 443 15
362 451 5
362 478 26
362 486 5
362 495 12
362 562 21
363 394 34
363 401 6
363 404 15
363 422 19
363 430 17
363 433 5
363 435 13
363 455 17
363 458 29
363 479 32
363 481 42
363 537 10
363 550 42
363 562 35
363 584 18
363 585 23
364 365 50
364 369 4
364 428 34
364 444 41
364 451 39
364 457 8
364 466 13
364 498 28
364 538 29
364 540 29
364 541 34
364 579 4
365 450 33
365 452 46
365 473 26
365 501 16
365 524 1
365 553 40
365 557 36
365 571 19
365 587 44
366 376 50
366 401 37
366 402 24
366 408 34
366 410 31
366 414 33
366 459 27
366 461 15
366 466 3
366 499 49
366 504 14
366 527 6
366 582 34
366 594 7
367 382 47
367 397 43
367 463 19
367 502 26
367 530 21
367 573 49
367 582 12
368 376 24
368 410 31
368 416 7
368 423 1
368 429 48
368 460 9
368 470 40
368 494 35
368 561 28
369 396 34
369 399 36
369 400 16
369 411 7
369 452 19
369 482 46
369 500 42
369 558 45
369 559 13
369 561 44
369 583 45
370 377 28
370 379 1
370 402 28
370 454 36
370 486 49
370 495 21
370 526 4
370 547 25
370 561 41
370 574 4
370 577 36
370 593 17
371 415 34
371 418 44
371 460 17
371 488 33
371 506 2
371 519 9
371 564 19
371 575 31
371 590 42
371 597 5
372 375 47
372 392 50
372 424 23
372 437 44
372 452 43
372 482 18
372 504 8
372 506 36
372 529 14
372 532 36
372 542 37
372 552 42
372 558 21
372 571 35
372 574 12
372 592 27
373 377 11
373 392 4
373 399 30
373 441 48
373 444 22
373 451 16
373 453 41
373 470 41
373 474 50
373 499 45
373 508 49
373 509 19
373 510 25
373 512 42
373 570 25
374 387 23
374 394 43
374 398 47
374 409 17
374 413 36
374 421 16
374 450 26
374 458 21
374 462 30
374 493 11
374 497 9
374 524 23
374 540 34
374 557 46
374 562 36
374 577 10
374 598 8
375 391 41
375 416 41
375 425 6
375 440 13
375 441 8
375 518 48
375 543 5
375 586 8
375 592 42
376 393 3
376 399 28
376 405 17
376 460 46
376 493 2
376 507 41
376 595 38
376 599 50
377 415 9
377 464 23
377 471 18
377 485 35
377 490 46
377 496 47
377 557 45
377 593 4
377 596 21
378 448 28
378 450 1
378 452 6
378 484 39
378 498 9
378 500 46
378 532 30
378 546 14
378 563 10
379 382 37
379 401 11
379 438 14
379 451 46
379 486 3
379 532 18
379 557 23
379 566 21
380 386 13
380 387 26
380 397 11
380 408 1
380 420 26
380 426 20
380 501 25
380 539 43
380 542 6
380 553 20
381 406 41
381 410 50
381 424 26
381 449 11
381 468 30
381 476 26
381 503 16
381 513 18
381 535 34
381 544 13
381 550 49
381 568 49
381 586 23
381 592 38
382 411 12
382 432 36
382 440 35
382 478 16
382 489 4
382 499 10
382 548 36
382 559 18
382 588 35
382 595 48
382 599 20
383 469 12
383 474 19
383 476 45
383 477 6
383 487 24
383 492 14
383 494 46
383 499 26
383 535 41
383 552 8
383 565 5
383 589 17
383 593 25
384 410 24
384 412 2
384 484 38
384 485 25
384 519 1
384 537 10
384 540 14
384 557 14
384 579 47
384 585 48
385 391 29
385 399 2
385 450 9
385 482 16
385 487 20
385 495 44
385 508 15
385 535 41
385 544 7
385 552 34
385 562 35
385 595 13
386 400 9
386 405 1
386 411 10
386 431 34
386 433 41
386 438 20
386 441 38
386 506 9
386 517 44
386 520 14
386 557 11
386 561 33
386 574 38
386 577 13
387 445 44
387 447 3
387 461 26
387 462 41
387 469 50
387 491 6
387 501 44
387 518 9
387 575 23
387 587 15
387 594 4
388 407 37
388 414 6
388 415 10
388 426 22
388 460 42
388 481 24
388 483 31
388 505 42
388 518 36
388 542 14
388 550 35
388 584 5
389 400 4
389 405 43
389 493 48
389 510 17
389 595 5
390 408 31
390 410 6
390 413 19
390 444 24
390 454 8
390 466 46
390 478 16
390 479 9
390 484 1
390 497 10
390 536 19
390 596 23
391 444 26
391 533 22
391 550 12
391 557 31
391 560 34
392 428 33
392 455 23
392 457 9
392 482 13
392 491 16
392 538 44
392 540 27
392 543 2
392 597 48
393 400 32
393 401 45
393 412 46
393 417 48
393 486 1
393 507 28
393 508 5
393 512 20
393 515 3
393 532 14
393 562 15
393 573 19
394 404 22
394 426 18
394 454 30
394 455 41
394 476 42
394 498 5
394 506 14
394 527 3
394 539 36
394 573 49
394 577 36
394 584 10
395 402 8
395 404 50
395 405 27
395 419 3
395 456 28
395 457 29
395 475 1
395 480 9
395 483 25
395 507 48
395 513 8
395 526 25
395 540 25
395 558 12
395 561 46
395 581 27
395 586 25
396 415 11
396 424 47
396 465 49
396 479 30
396 495 26
396 496 41
396 529 21
396 586 31
397 398 6
397 406 26
397 449 18
397 452 5
397 454 11
397 458 29
397 493 14
397 518 12
397 563 5
397 564 16
397 580 40
398 404 33
398 460 16
398 486 48
398 490 7
398 507 15
398 535 6
398 544 34
398 594 39
399 401 19
399 403 29
399 422 18
399 445 46
399 457 41
399 470 14
399 488 44
399 515 22
399 559 42
399 563 36
399 580 43
399 591 22
400 404 41
400 411 20
400 435 41
400 449 47
400 457 32
400 464 19
400 468 10
400 469 43
400 470 23
400 499 28
400 539 32
400 597 8
401 428 43
401 441 30
401 464 16
401 478 10
401 492 37
401 500 49
401 523 48
401 530 5
401 545 30
401 598 17
402 433 50
402 451 22
402 476 33
402 503 45
402 541 44
402 546 24
402 560 30
403 437 38
403 452 47
403 475 21
403 481 7
403 482 37
403 512 19
403 535 38
403 554 5
403 563 29
403 566 30
403 574 29
404 428 6
404 453 12
404 455 36
404 471 50
404 526 43
404 528 2
404 535 9
404 572 29
405 427 2
405 439 9
405 444 35
405 470 33
405 481 27
405 501 35
405 502 5
405 516 9
405 556 31
405 567 50
405 569 32
405 584 11
406 407 37
406 415 28
406 431 33
406 459 45
406 460 16
406 516 1
406 557 32
407 417 20
407 431 31
407 440 13
407 462 1
407 466 38
407 529 26
407 546 38
407 562 40
407 578 18
407 581 41
408 410 50
408 418 48
408 436 43
408 505 10
408 519 35
408 574 25
408 583 37
409 455 19
409 457 31
409 463 45
409 493 1
409 502 30
409 505 29
409 543 13
409 589 18
410 430 8
410 435 45
410 439 12
410 447 24
410 484 48
410 514 43
410 523 45
410 537 30
410 543 8
410 545 45
410 558 20
410 577 33
411 427 33
411 429 9
411 446 3
411 455 23
411 457 10
411 536 2
411 544 17
411 590 20
412 424 36
412 435 44
412 449 6
412 454 6
412 465 24
412 479 2
412 505 7
412 514 6
412 519 32
412 533 19
412 535 23
412 540 40
412 542 16
412 592 35
412 599 13
413 414 15
413 459 29
413 463 7
413 473 44
413 477 36
413 495 4
413 503 15
413 523 21
413 546 36
413 556 23
413 564 23
413 573 10
414 425 35
414 429 26
414 430 29
414 472 4
414 477 12
414 479 22
414 495 11
414 511 17
414 519 47
414 522 14
414 595 25
415 421 2
415 440 46
415 474 46
415 484 25
415 490 37
415 499 11
415 500 11
415 532 1
415 555 27
415 565 39
415 583 7
416 473 22
416 491 27
416 493 12
416 543 37
416 544 47
416 574 47
416 585 11
416 586 19
416 587 9
416 598 45
417 503 44
417 524 37
417 533 50
417 550 7
417 554 8
417 559 10
417 564 26
417 589 6
418 427 26
418 445 2
418 475 8
418 499 23
418 501 47
418 537 34
418 551 9
418 561 9
418 562 46
419 454 9
419 457 35
419 459 34
419 479 17
419 530 7
419 547 12
419 561 29
419 565 45
419 590 8
420 436 25
420 453 5
420 475 28
420 482 35
420 488 2
420 494 22
420 498 21
420 527 1
420 569 30
420 575 30
420 584 13
420 594 5
421 427 38
421 435 38
421 467 7
421 486 47
421 493 10
421 548 5
421 576 30
421 589 20
422 428 14
422 430 27
422 460 28
422 462 50
422 473 12
422 489 44
422 495 8
422 499 24
422 504 22
422 509 2
422 514 31
422 537 49
422 579 9
423 429 9
423 447 35
423 448 12
423 475 32
423 499 8
423 504 12
423 506 11
423 536 37
423 556 26
423 560 18
423 566 26
423 571 15
423 588 26
424 428 22
424 448 26
424 451 30
424 467 3
424 468 45
424 476 45
424 487 29
424 521 24
424 548 45
424 580 41
424 587 18
425 502 2
425 544 14
425 572 41
425 576 6
425 582 46
426 444 41
426 493 14
426 505 4
426 594 26
427 437 25
427 440 37
427 447 35
427 451 38
427 470 50
427 488 23
427 495 16
427 506 17
427 510 49
427 520 30
428 440 44
428 448 20
428 463 6
428 468 25
428 528 23
428 529 2
428 555 20
429 439 1
429 491 26
429 503 16
429 513 43
429 545 45
429 553 17
429 559 6
429 586 35
430 442 22
430 528 2
430 561 28
430 566 37
431 447 7
431 452 5
431 482 13
431 524 44
431 534 39
431 565 1
431 572 43
431 573 11
432 435 16
432 436 11
432 452 9
432 507 47
432 512 6
432 518 31
432 527 4
432 528 30
432 534 3
432 542 6
432 547 1
432 553 5
432 563 31
432 577 16
432 579 48
432 594 27
433 441 33
433 474 3
433 489 11
433 506 6
433 545 6
433 565 40
434 469 43
434 477 15
434 491 44
434 499 5
434 532 10
434 551 34
434 556 7
434 593 2
435 467 47
435 528 24
435 541 14
435 568 7
435 593 23
436 511 19
436 528 37
436 536 26
436 539 50
436 545 39
436 572 31
436 579 1
437 455 44
437 459 13
437 464 16
437 501 41
437 513 39
437 529 50
437 565 45
437 569 2
437 582 6
438 482 3
438 485 43
438 488 50
438 491 17
438 509 39
438 568 6
438 570 28
439 441 22
439 449 15
439 505 29
439 547 18
439 557 38
439 561 44
439 568 25
439 580 10
439 591 14
440 465 13
440 474 38
440 505 13
440 521 2
440 544 20
440 551 13
440 564 47
440 598 35
441 449 29
441 452 39
441 453 23
441 501 30
441 502 35
441 506 26
441 515 35
441 534 37
441 536 19
441 542 36
441 550 5
441 560 7
441 582 44
441 596 32
442 448 30
442 456 8
442 485 12
442 489 50
442 525 47
442 541 7
442 555 24
442 564 9
442 568 20
442 570 38
443 461 46
443 482 33
443 483 39
443 489 15
443 504 47
443 513 37
443 554 49
443 577 27
443 582 25
444 453 24
444 461 7
444 488 12
444 537 1
444 553 43
444 568 50
445 493 19
445 501 29
445 505 7
445 517 27
445 551 22
445 574 38
445 581 7
445 596 31
446 465 2
446 478 6
446 485 27
446 489 10
446 531 31
446 582 35
446 589 30
446 596 18
446 599 30
447 467 14
447 482 9
447 484 47
447 587 10
448 466 47
448 479 45
448 538 37
448 564 24
448 580 20
449 464 45
449 493 35
449 500 21
449 501 37
449 505 34
449 508 39
449 522 15
449 542 40
450 497 18
450 527 38
450 534 30
450 542 26
450 571 18
450 584 33
451 455 33
451 458 45
451 460 42
451 471 15
451 473 29
451 487 23
451 514 34
451 577 11
452 471 36
452 480 42
452 501 7
452 510 48
452 528 41
453 531 3
453 544 36
453 545 14
453 572 23
453 578 30
454 483 48
454 518 43
454 532 16
454 582 31
454 586 33
454 596 33
455 463 23
455 494 50
455 504 22
455 507 2
455 515 27
455 519 42
455 599 36
456 508 9
456 521 38
456 547 27
456 569 23
456 592 18
456 595 50
456 598 7
457 462 28
457 468 37
457 523 50
457 544 36
457 548 36
457 550 40
457 561 39
457 564 21
457 571 3
457 580 11
457 584 2
457 599 2
458 481 3
458 563 20
458 575 35
458 599 37
459 473 4
459 504 7
459 512 39
459 515 27
459 524 10
459 545 15
459 573 18
459 578 45
459 581 24
460 485 5
460 560 23
460 573 48
460 576 23
460 583 24
460 597 4
461 486 2
461 545 11
461 559 6
461 574 38
461 581 48
461 589 45
462 471 26
462 473 21
462 483 50
462 498 38
462 579 22
462 582 1
463 468 42
463 480 43
463 512 37
463 518 28
463 550 46
463 552 43
464 466 16
464 551 23
464 581 2
464 586 33
465 510 42
465 531 48
465 542 8
465 543 49
465 581 21
465 588 5
466 496 21
466 503 44
466 535 11
466 549 24
466 556 6
466 565 16
466 567 11
467 471 4
467 486 12
467 488 38
467 540 24
467 569 13
467 572 25
467 578 47
467 579 16
467 590 16
468 486 40
468 491 2
468 579 46
469 475 37
469 508 47
469 543 13
470 471 11
470 477 50
470 529 45
470 550 5
470 582 48
471 523 2
471 529 3
471 582 20
471 583 7
472 508 25
472 512 13
472 535 19
472 539 48
472 544 21
472 591 36
472 594 11
472 598 24
473 478 47
473 489 48
473 565 49
473 572 12
474 483 25
474 497 47
474 514 27
474 528 42
474 542 36
474 548 30
474 550 37
474 579 25
474 581 26
474 586 50
475 550 37
476 484 26
476 515 46
476 518 41
476 536 23
476 537 48
476 559 43
476 566 42
476 594 6
477 488 19
477 521 6
477 523 24
477 525 17
477 537 26
477 539 9
477 557 29
477 560 1
477 561 7
477 564 26
477 568 49
477 583 18
477 598 2
478 486 46
478 495 46
478 518 44
478 573 33
478 594 26
479 543 30
479 552 9
479 587 3
479 596 31
480 496 46
480 522 28
480 528 27
480 539 38
480 542 2
480 565 26
481 539 33
481 566 45
481 591 31
482 494 1
482 503 3
482 511 6
482 524 19
482 527 28
482 582 16
482 583 47
482 586 29
483 488 22
483 499 23
483 521 29
483 539 42
483 544 26
483 570 26
483 578 39
483 580 19
483 593 11
483 597 14
484 498 1
484 501 19
484 518 19
484 532 33
484 535 16
484 555 46
484 580 11
484 598 4
485 490 50
485 493 36
485 494 36
485 520 46
485 522 18
485 536 38
485 539 48
485 579 25
485 590 7
485 594 26
485 597 40
486 519 3
486 535 6
486 582 14
487 489 27
487 500 36
487 504 5
487 522 3
487 540 12
487 543 43
487 586 23
488 509 24
488 549 9
488 564 23
488 588 42
488 599 27
489 498 6
489 518 8
489 520 24
489 535 16
489 548 13
490 560 23
490 562 4
490 587 48
491 510 21
491 519 23
491 549 37
491 566 18
491 593 48
492 520 43
492 527 45
492 533 37
492 546 48
493 514 2
493 519 50
493 586 26
493 590 38
494 516 6
494 559 28
494 588 1
494 589 1
494 598 3
495 527 24
496 500 9
496 506 25
496 517 17
496 529 37
496 543 32
496 553 24
496 597 12
497 512 50
497 522 36
497 533 37
497 540 3
497 558 35
497 559 7
497 572 25
498 540 22
498 560 24
498 578 22
499 512 16
499 516 19
499 580 11
499 591 13
499 598 20
500 520 12
500 523 39
500 565 9
500 578 18
500 585 18
500 591 11
501 502 20
501 508 20
501 551 36
501 554 28
501 560 47
501 569 3
501 571 16
501 594 28
502 547 28
502 555 27
502 570 29
502 579 16
503 526 13
504 588 31
505 556 2
505 574 19
505 576 8
505 582 25
505 595 43
507 509 31
507 551 41
507 556 13
507 559 41
507 577 5
507 597 34
508 530 5
508 538 45
508 543 43
508 548 22
508 572 13
508 576 5
508 587 43
509 511 34
509 532 41
509 536 20
509 584 32
510 540 45
510 566 37
510 592 10
511 555 22
511 581 13
512 514 40
512 542 39
512 566 26
512 572 21
512 589 41
513 518 46
513 541 30
513 579 15
514 537 38
514 542 10
514 560 7
514 563 2
514 571 3
514 597 12
515 522 36
515 541 7
515 570 6
516 526 30
516 537 30
516 546 20
516 549 34
516 567 22
516 589 6
516 599 26
517 519 43
517 535 37
517 538 20
517 542 29
517 545 48
517 566 44
517 588 41
518 533 38
518 549 32
518 575 18
518 576 10
518 584 22
519 549 14
519 551 39
519 565 39
519 574 3
520 530 48
520 561 45
520 564 5
520 569 2
520 590 8
521 522 40
521 527 8
521 530 16
521 553 19
521 561 37
521 582 35
522 530 4
522 534 8
522 538 42
522 539 30
522 561 2
522 565 29
522 581 49
522 599 30
523 545 26
523 554 42
523 563 21
523 580 15
524 533 26
524 547 40
524 569 24
524 580 49
524 595 3
525 562 12
525 564 37
525 571 6
525 595 12
526 579 34
527 535 10
527 558 13
527 561 41
527 590 1
528 534 23
528 575 6
528 586 19
529 573 9
529 583 43
529 584 24
530 531 19
530 538 34
530 566 3
530 570 20
531 534 12
531 564 2
531 573 2
531 575 40
531 579 45
532 549 24
532 562 6
532 565 20
532 580 13
532 590 30
532 592 21
533 563 18
533 577 43
534 566 7
535 576 23
536 570 6
536 585 40
536 599 34
537 563 21
538 544 33
538 553 36
539 553 43
539 583 38
539 591 4
540 548 3
540 550 32
540 597 29
541 556 21
541 573 16
541 584 32
542 547 43
542 554 29
542 558 35
542 580 46
542 594 20
542 595 29
543 553 19
543 574 26
543 579 1
543 585 31
544 546 5
545 561 21
545 579 50
545 584 49
545 586 29
545 589 22
545 594 5
545 595 21
546 562 7
546 568 25
547 550 3
547 562 42
547 574 17
547 579 42
547 588 47
547 589 19
547 591 26
548 551 26
548 570 42
548 576 41
548 595 9
548 598 36
549 576 21
549 579 43
549 581 31
549 583 43
549 592 23
550 561 49
553 569 18
553 578 25
554 596 31
555 577 24
555 588 47
556 569 31
556 594 24
556 595 26
557 564 4
557 574 28
557 594 48
558 564 13
558 578 4
559 572 50
560 575 6
560 586 22
560 587 43
561 594 3
562 566 43
563 569 18
563 575 30
563 592 34
564 588 10
565 568 38
565 569 21
565 594 33
568 580 30
568 587 1
571 593 25
572 588 4
572 597 1
573 598 44
574 579 29
574 584 33
575 580 17
575 587 25
575 594 15
577 579 40
578 592 2
578 598 19
578 599 20
581 585 49
581 590 33
583 585 25
583 588 50
583 597 38
584 592 47
585 594 43
586 587 42
586 594 39
587 590 12
589 594 23
589 597 24
591 599 24
596 598 10
600 299 78
601 599 16
600 601 94
602 625 12
602 649 22
602 658 25
602 687 5
602 692 12
602 749 3
602 755 14
602 759 4
602 818 24
602 822 3
602 831 1
602 833 17
602 885 5
603 617 19
603 618 24
603 641 14
603 675 6
603 686 3
603 714 9
603 716 10
603 742 20
603 756 15
603 764 6
603 789 6
603 814 25
603 836 9
603 838 8
603 839 11
603 843 23
603 874 24
603 885 16
603 892 11
604 628 23
604 709 15
604 713 15
604 720 11
604 723 20
604 757 3
604 768 16
604 793 18
604 807 8
604 808 16
604 819 11
604 829 12
604 837 12
604 838 9
604 839 2
604 856 19
605 627 12
605 682 10
605 683 4
605 691 8
605 757 1
605 783 9
605 823 13
605 825 1
605 892 20
606 619 23
606 666 13
606 681 17
606 696 23
606 716 4
606 722 2
606 726 22
606 765 20
606 772 17
606 847 9
606 869 14
606 876 21
606 879 25
606 882 8
606 890 5
606 899 17
607 612 20
607 618 16
607 688 3
607 704 6
607 707 17
607 712 22
607 750 17
607 836 4
607 872 2
607 891 1
607 900 4
608 613 12
608 622 15
608 639 6
608 647 6
608 653 12
608 672 21
608 714 22
608 749 12
608 756 1
608 805 1
608 824 8
608 891 20
609 622 19
609 632 19
609 641 11
609 651 14
609 681 18
609 744 20
609 755 19
609 801 11
609 821 15
609 835 11
609 873 14
610 612 20
610 618 5
610 625 12
610 644 13
610 653 8
610 657 15
610 699 15
610 727 13
610 732 1
610 746 4
610 759 21
610 809 7
610 810 18
610 841 16
610 843 5
610 873 6
611 632 16
611 665 5
611 671 13
611 679 12
611 696 23
611 730 8
611 748 22
611 759 14
611 771 25
611 783 19
611 785 9
611 787 13
611 790 8
611 792 19
611 812 3
611 871 4
612 648 25
612 701 14
612 741 18
612 752 9
612 757 5
612 812 7
612 821 22
612 827 5
612 829 10
612 834 19
612 849 11
612 858 4
612 867 11
612 875 18
612 888 9
612 895 3
613 656 22
613 680 24
613 734 14
613 745 22
613 776 6
613 780 13
613 794 12
613 795 8
613 804 6
613 808 20
613 820 20
613 835 15
613 873 15
613 880 22
613 886 20
613 896 15
613 898 12
614 621 12
614 625 23
614 663 16
614 669 18
614 713 21
614 722 22
614 771 4
614 787 16
614 803 8
614 805 10
614 852 1
614 858 2
614 887 18
614 893 3
614 894 23
615 617 18
615 646 19
615 723 21
615 772 1
615 790 6
615 859 7
615 872 8
615 878 13
616 660 1
616 666 4
616 677 2
616 700 16
616 703 2
616 716 21
616 743 7
616 749 15
616 776 7
616 783 6
616 795 5
616 815 1
616 821 4
616 833 1
616 840 4
616 844 19
616 866 10
616 876 13
617 630 22
617 637 11
617 638 8
617 644 1
617 647 11
617 648 2
617 663 19
617 672 6
617 767 2
617 813 24
617 889 15
618 638 11
618 651 11
618 667 15
618 672 14
618 692 14
618 707 7
618 714 15
618 787 11
618 802 15
618 860 6
618 862 19
619 621 21
619 670 10
619 676 19
619 679 1
619 727 13
619 764 25
619 772 21
619 773 24
619 800 14
619 856 17
619 886 12
619 898 23
620 650 18
620 717 24
620 731 25
620 758 13
620 839 6
620 856 1
620 892 12
620 893 20
620 897 12
621 663 24
621 669 12
621 674 2
621 682 15
621 690 18
621 697 19
621 717 25
621 771 10
621 776 24
621 811 21
621 824 5
621 829 11
621 860 14
621 861 7
621 878 23
621 892 15
622 697 2
622 718 23
622 737 6
622 771 21
622 787 11
622 834 3
622 839 15
622 847 9
622 867 2
622 877 2
622 884 15
622 885 5
622 889 15
623 650 9
623 704 16
623 741 14
623 750 20
623 764 17
623 779 5
623 793 15
623 809 12
623 817 6
623 822 24
623 830 11
623 849 1
623 856 5
623 879 21
624 628 17
624 637 11
624 661 20
624 670 6
624 672 14
624 710 19
624 713 11
624 722 9
624 737 5
624 757 14
624 815 23
624 823 13
625 626 17
625 630 25
625 635 4
625 636 21
625 697 14
625 710 13
625 714 13
625 761 4
625 783 9
625 802 7
625 874 8
625 896 23
626 644 18
626 665 14
626 667 23
626 671 3
626 695 16
626 697 4
626 738 25
626 772 7
626 837 14
626 853 21
626 855 15
626 863 3
627 639 15
627 653 2
627 668 13
627 725 21
627 730 17
627 770 11
627 786 10
627 808 9
627 809 12
627 842 14
627 868 4
627 870 2
628 642 1
628 645 19
628 655 6
628 662 11
628 709 25
628 797 15
628 834 11
628 848 17
628 858 5
628 873 8
628 886 22
628 895 21
628 899 12
629 672 23
629 679 4
629 701 2
629 710 19
629 712 18
629 713 6
629 719 10
629 743 20
629 744 19
629 758 7
629 760 11
629 772 6
629 774 16
629 783 21
629 816 17
629 843 4
629 862 25
630 639 20
630 645 6
630 671 18
630 675 25
630 710 17
630 724 19
630 731 17
630 749 2
630 833 10
630 864 23
631 632 11
631 633 8
631 639 18
631 673 22
631 682 6
631 712 22
631 714 1
631 715 1
631 718 16
631 721 6
631 731 10
631 733 12
631 755 1
631 759 18
631 763 23
631 770 6
631 792 8
631 846 18
631 850 24
631 853 12
631 855 19
631 901 19
632 668 19
632 669 13
632 774 20
632 788 10
632 832 6
632 843 11
632 854 13
632 872 18
632 888 9
632 893 24
633 647 25
633 648 3
633 650 22
633 661 5
633 664 1
633 685 24
633 762 7
633 774 19
633 781 5
633 787 18
633 790 5
633 841 5
633 851 10
633 862 2
633 866 13
633 900 18
634 640 22
634 666 11
634 687 6
634 714 17
634 754 6
634 758 24
634 776 5
634 780 1
634 790 11
634 804 12
634 870 13
634 885 23
635 655 6
635 672 23
635 685 23
635 704 6
635 714 3
635 760 22
635 773 12
635 777 3
635 784 20
635 798 19
635 805 23
635 807 24
635 813 11
635 818 3
635 824 6
635 830 23
635 836 6
635 882 18
635 888 15
635 891 2
635 901 5
636 677 22
636 678 21
636 682 11
636 705 20
636 712 2
636 762 11
636 768 5
636 772 13
636 790 25
636 797 5
636 799 21
636 812 23
636 834 4
636 860 1
637 656 25
637 659 25
637 670 14
637 688 4
637 752 20
637 758 9
637 773 2
637 811 20
637 820 22
637 825 4
637 880 2
637 886 19
637 890 9
637 894 21
638 648 8
638 674 13
638 692 1
638 706 4
638 716 8
638 761 13
638 774 25
638 787 11
638 793 23
638 835 7
639 677 25
639 685 24
639 691 13
639 719 20
639 734 21
639 739 16
639 740 20
639 743 22
639 757 16
639 783 11
639 789 1
639 801 12
639 821 19
639 827 4
639 859 6
639 860 15
639 861 7
639 865 8
640 689 8
640 706 17
640 707 3
640 708 17
640 719 6
640 726 5
640 759 22
640 789 15
640 812 17
640 819 24
640 892 25
641 643 16
641 669 7
641 698 25
641 702 15
641 725 19
641 727 19
641 782 12
641 783 9
641 835 16
641 851 9
641 871 1
641 873 3
642 647 11
642 649 12
642 677 21
642 686 14
642 691 18
642 714 13
642 732 22
642 748 2
642 765 22
642 769 13
642 770 6
642 801 16
642 870 21
642 884 11
642 887 14
643 653 10
643 664 4
643 683 12
643 709 12
643 727 20
643 786 18
643 806 11
643 811 11
643 823 13
643 860 6
643 869 22
643 894 22
644 653 23
644 667 7
644 671 22
644 687 25
644 709 17
644 743 11
644 768 23
644 784 5
644 805 5
644 813 12
644 819 1
644 872 6
645 676 8
645 702 16
645 751 13
645 757 25
645 785 11
645 827 23
645 841 14
645 842 22
645 853 2
645 858 2
645 877 8
645 882 23
645 891 22
645 896 20
646 660 8
646 661 9
646 663 3
646 668 4
646 671 5
646 697 2
646 699 11
646 717 4
646 732 2
646 756 4
646 793 14
646 798 1
646 831 9
646 850 18
646 875 12
646 878 11
647 659 25
647 664 19
647 680 3
647 689 12
647 691 19
647 695 15
647 742 12
647 751 9
647 770 12
647 785 15
647 802 10
647 813 21
647 815 12
647 843 6
647 894 18
648 657 19
648 708 15
648 710 20
648 712 24
648 741 21
648 767 21
648 782 11
648 819 1
648 828 24
648 843 15
648 844 16
648 898 24
649 650 25
649 689 8
649 720 10
649 745 10
649 769 9
649 810 6
649 821 15
649 844 23
649 889 1
649 895 4
650 658 9
650 674 9
650 699 15
650 719 23
650 736 20
650 754 11
650 761 11
650 775 1
650 859 5
650 900 6
651 654 17
651 678 24
651 718 4
651 753 14
651 766 21
651 782 15
651 860 15
651 867 20
651 873 4
651 875 5
651 884 20
651 887 3
651 891 15
651 898 5
652 682 14
652 683 23
652 720 12
652 724 3
652 730 20
652 756 14
652 761 7
652 764 5
652 765 24
652 808 23
652 855 4
652 857 18
652 858 10
652 871 14
652 883 20
652 897 14
652 898 19
653 698 13
653 714 12
653 723 25
653 742 2
653 850 10
653 851 14
653 856 16
653 872 4
653 881 19
654 703 20
654 713 23
654 727 23
654 817 9
654 836 4
654 852 11
654 881 9
655 656 17
655 676 16
655 702 5
655 708 5
655 716 24
655 720 12
655 725 5
655 730 21
655 738 15
655 745 25
655 747 6
655 760 6
655 767 19
655 778 19
655 785 1
655 813 9
655 818 8
655 842 25
655 890 10
655 892 17
655 895 13
656 662 25
656 707 22
656 717 8
656 730 21
656 743 19
656 756 5
656 780 7
656 801 25
656 827 18
656 870 17
656 882 18
656 901 8
657 714 23
657 722 23
657 752 8
657 769 9
657 775 4
657 809 3
657 816 1
657 847 3
657 860 10
657 879 6
658 670 22
658 673 6
658 706 6
658 742 7
658 793 13
658 796 6
658 797 16
658 824 6
658 830 20
658 839 17
658 862 2
658 866 3
659 708 14
659 750 22
659 752 9
659 757 20
659 763 23
659 845 3
659 852 13
659 888 16
660 685 10
660 735 11
660 753 15
660 759 19
660 760 19
660 766 18
660 768 22
660 774 21
660 851 21
660 856 6
660 867 1
660 887 19
660 895 11
660 900 9
661 714 25
661 715 25
661 746 16
661 765 15
661 851 5
661 857 10
661 882 8
662 694 8
662 707 14
662 710 21
662 728 7
662 732 25
662 749 18
662 778 4
662 786 2
662 788 7
662 790 19
662 820 14
662 825 17
662 869 8
662 878 7
662 898 13
663 673 3
663 709 3
663 723 8
663 725 23
663 756 11
663 790 11
663 803 16
663 807 21
663 822 19
663 828 15
663 847 23
663 857 9
663 859 6
663 861 4
663 865 20
663 872 15
664 665 12
664 678 9
664 680 10
664 704 18
664 706 8
664 725 4
664 726 23
664 730 9
664 745 11
664 756 19
664 760 24
664 763 4
664 773 3
664 808 6
664 846 16
664 850 5
664 867 8
664 870 1
664 874 2
665 681 20
665 773 11
665 828 19
665 856 18
665 874 6
665 877 10
665 887 15
666 692 14
666 708 15
666 722 18
666 727 10
666 741 6
666 750 6
666 753 18
666 776 16
666 780 25
666 823 2
666 833 21
666 855 23
666 865 13
666 870 8
666 881 18
666 882 11
667 673 12
667 681 20
667 690 16
667 695 4
667 702 25
667 737 1
667 743 4
667 747 1
667 771 22
667 788 16
667 829 20
667 868 14
667 870 21
667 901 6
668 685 3
668 704 11
668 751 21
668 769 23
668 786 21
668 801 1
668 879 3
668 889 15
669 734 18
669 754 5
669 792 19
669 804 16
669 806 4
669 822 6
669 830 23
669 868 21
669 873 18
669 878 9
670 675 15
670 720 11
670 725 13
670 740 14
670 751 13
670 758 18
670 766 17
670 769 9
670 779 9
670 807 13
670 816 23
670 818 6
670 820 18
670 843 2
670 857 19
670 862 15
671 691 1
671 701 16
671 721 18
671 723 6
671 775 5
671 790 12
671 799 10
671 821 23
671 841 2
671 842 13
671 858 5
671 863 25
671 865 10
671 884 25
671 890 10
672 706 24
672 754 12
672 770 24
672 774 15
672 782 24
672 838 17
672 885 8
672 888 9
673 678 2
673 726 22
673 740 6
673 755 9
673 780 14
673 784 10
673 791 4
673 815 6
673 837 10
673 841 19
673 868 25
673 869 15
673 871 1
673 879 11
674 676 1
674 680 25
674 714 15
674 718 15
674 723 5
674 737 16
674 751 24
674 754 6
674 763 25
674 768 23
674 774 17
674 790 1
674 799 14
674 803 15
674 807 19
674 841 23
674 875 23
674 890 20
674 900 19
675 688 6
675 696 5
675 697 9
675 705 17
675 707 9
675 716 14
675 718 1
675 748 2
675 797 13
675 810 18
675 853 2
675 856 1
675 866 18
675 867 2
675 874 15
675 900 8
676 700 8
676 723 5
676 735 6
676 777 15
676 791 6
676 792 5
676 801 6
676 837 6
676 855 20
677 715 22
677 731 24
677 746 17
677 766 21
677 788 20
677 799 10
677 808 1
677 824 25
677 837 19
677 841 17
678 703 8
678 721 9
678 753 20
678 754 11
678 777 22
678 786 12
678 854 15
678 872 24
678 901 4
679 683 18
679 689 13
679 691 13
679 692 25
679 704 17
679 728 21
679 731 14
679 732 22
679 738 25
679 742 21
679 757 3
679 836 20
679 860 17
680 697 3
680 708 13
680 726 12
680 749 23
680 757 23
680 771 15
680 805 22
680 806 18
680 809 6
680 866 6
680 889 1
681 685 2
681 696 16
681 710 24
681 727 13
681 733 7
681 793 22
681 849 19
681 850 24
681 866 9
681 892 6
682 697 23
682 710 2
682 712 1
682 718 13
682 744 1
682 758 3
682 814 8
682 815 3
682 819 24
682 841 24
682 843 5
682 850 11
682 853 13
682 865 4
683 727 10
683 741 2
683 756 25
683 773 2
683 812 7
683 825 7
683 854 5
683 857 11
684 716 25
684 717 3
684 720 23
684 724 6
684 764 25
684 766 16
684 777 5
684 799 10
684 807 24
684 867 4
685 692 14
685 698 1
685 700 17
685 714 14
685 718 3
685 720 1
685 779 18
686 702 3
686 718 2
686 723 24
686 737 14
686 774 14
686 790 3
686 797 23
686 802 15
686 806 2
686 832 2
686 835 23
686 838 11
686 842 6
686 876 8
687 757 10
687 794 10
687 808 8
687 814 15
687 830 11
687 850 25
688 694 21
688 698 21
688 702 23
688 711 25
688 713 11
688 734 1
688 740 18
688 741 24
688 762 5
688 810 18
688 812 16
688 813 8
689 703 19
689 719 14
689 747 23
689 777 9
689 795 16
689 809 22
689 826 25
689 829 20
689 831 23
689 837 23
689 865 5
689 887 5
690 691 7
690 692 14
690 702 15
690 737 14
690 753 5
690 766 25
690 801 14
690 802 1
690 826 22
690 838 13
690 859 25
690 865 7
690 872 13
690 880 19
690 885 5
690 898 20
691 728 11
691 743 22
691 746 2
691 845 7
691 857 11
691 874 24
691 884 17
691 892 1
691 895 20
692 695 17
692 696 22
692 734 20
692 743 14
692 751 3
692 759 24
692 769 22
692 774 18
692 802 13
692 823 13
692 836 23
692 839 15
692 844 3
692 863 23
692 872 11
692 888 15
693 713 24
693 717 18
693 749 5
693 777 17
693 818 24
693 829 24
693 832 4
693 837 21
693 878 2
693 881 12
693 900 8
694 709 25
694 735 4
694 739 8
694 753 21
694 754 20
694 795 7
694 796 15
694 822 10
694 828 9
694 850 14
694 852 6
694 854 2
694 857 3
695 718 18
695 720 1
695 729 17
695 770 20
695 784 25
695 794 3
695 808 12
695 818 25
695 821 22
695 851 18
695 857 16
695 867 22
695 869 18
695 875 21
695 879 17
695 881 19
696 821 8
696 844 24
696 846 20
696 864 11
696 865 9
697 711 15
697 718 7
697 757 17
697 762 5
697 766 16
697 771 2
697 777 20
697 787 23
697 808 3
697 811 22
697 831 18
698 766 5
698 789 14
698 794 14
698 803 4
698 814 18
698 884 25
698 888 3
698 890 14
698 897 19
699 726 20
699 788 12
699 807 11
699 832 16
699 834 6
699 847 6
699 856 25
699 874 6
699 887 2
699 901 12
700 722 14
700 724 19
700 734 18
700 767 7
700 772 25
700 773 10
700 777 9
700 821 19
700 844 7
700 880 13
701 724 17
701 726 24
701 734 18
701 744 5
701 852 13
701 853 21
701 867 24
701 886 14
702 706 24
702 716 12
702 721 8
702 728 20
702 799 1
702 802 20
702 818 12
702 834 6
702 863 3
702 875 11
703 740 11
703 741 4
703 761 24
703 791 2
703 792 22
703 805 18
703 808 8
703 809 21
703 811 2
703 819 16
703 821 16
703 849 9
703 894 6
704 741 8
704 756 9
704 762 23
704 776 12
704 781 21
704 796 18
704 798 11
704 825 10
704 827 18
704 831 24
704 871 19
705 723 15
705 727 1
705 728 15
705 732 1
705 769 6
705 781 17
705 784 14
705 796 17
705 816 23
705 825 12
705 853 18
705 871 19
705 879 5
705 887 2
705 896 17
706 724 6
706 725 20
706 739 7
706 743 16
706 756 25
706 776 14
706 788 25
706 849 22
706 850 3
706 853 22
707 711 16
707 717 15
707 742 6
707 762 11
707 767 15
707 777 1
707 790 2
707 854 16
707 874 16
707 876 2
708 747 23
708 756 9
708 824 15
708 857 14
708 862 6
708 876 4
708 895 8
708 901 25
709 725 8
709 747 12
709 775 18
709 799 15
709 809 6
709 846 1
709 853 8
709 867 5
709 886 17
709 888 7
709 895 3
709 899 21
710 712 3
710 745 20
710 749 10
710 769 11
710 795 7
710 818 1
710 825 11
710 840 8
710 850 18
710 874 3
711 716 10
711 724 16
711 731 12
711 734 1
711 743 6
711 748 17
711 751 4
711 752 16
711 759 18
711 791 13
711 803 2
711 887 10
712 727 5
712 767 9
712 773 13
712 795 12
712 803 13
712 811 4
712 817 20
712 839 17
712 851 24
712 895 24
712 896 11
712 897 10
712 898 9
712 900 20
713 755 12
713 766 22
713 769 2
713 823 5
713 826 24
713 850 13
713 851 22
713 855 12
713 872 14
713 880 4
713 890 4
713 895 19
713 901 21
714 755 23
714 757 9
714 761 22
714 796 10
714 815 15
714 828 5
714 831 22
714 844 3
714 872 19
714 879 25
714 888 22
715 716 12
715 732 25
715 736 20
715 766 25
715 790 9
715 800 6
715 821 19
715 824 20
715 826 2
715 829 22
715 832 1
715 849 2
715 850 10
715 863 22
715 876 14
716 756 25
716 819 3
716 830 19
716 841 20
716 871 23
716 877 18
717 722 5
717 772 22
717 798 2
717 819 19
717 841 3
717 851 25
717 890 21
717 896 24
718 719 24
718 727 19
718 762 10
718 763 25
718 793 14
718 804 9
718 828 10
718 845 19
718 870 4
718 892 5
718 901 22
719 738 1
719 742 7
719 748 25
719 760 10
719 794 6
719 797 13
719 805 11
719 859 8
719 874 8
719 886 5
720 736 7
720 768 1
720 809 12
720 837 3
720 855 4
720 901 5
721 728 6
721 738 4
721 740 3
721 764 4
721 769 4
721 811 21
721 813 15
721 825 4
721 856 9
721 880 1
722 736 13
722 748 4
722 755 4
722 777 19
722 779 2
722 788 4
722 792 1
722 814 2
722 852 15
722 862 6
722 871 16
722 876 2
722 893 13
723 724 24
723 784 9
723 795 19
723 820 1
723 827 20
723 843 24
723 868 4
723 871 1
724 725 4
724 756 7
724 787 3
724 789 9
724 798 11
724 803 24
724 813 25
724 822 14
724 824 9
724 825 25
724 849 3
725 726 15
725 759 4
725 768 22
725 862 16
725 865 9
725 899 22
726 736 19
726 754 1
726 763 4
726 776 10
726 782 2
726 799 18
726 801 8
726 858 12
726 878 13
726 889 10
727 758 6
727 787 11
727 811 13
727 820 7
727 829 16
727 865 20
727 876 9
727 885 1
727 901 7
728 729 9
728 743 1
728 755 22
728 757 20
728 763 25
728 766 24
728 771 9
728 789 3
728 794 22
728 799 1
728 825 14
728 827 20
728 834 20
728 844 14
728 878 23
728 899 4
729 793 17
729 810 15
729 826 13
729 831 4
729 832 3
729 854 22
729 885 11
730 751 15
730 820 11
730 845 17
731 737 6
731 742 7
731 765 3
731 779 8
731 825 13
731 830 11
731 853 8
731 860 9
731 865 5
731 898 8
731 899 10
732 734 15
732 797 12
732 843 6
732 857 16
732 870 2
732 894 1
733 763 10
733 781 17
733 792 23
733 796 15
733 864 9
733 886 15
733 887 2
734 752 14
734 762 19
734 763 25
734 765 24
734 785 10
734 861 10
734 898 16
735 762 17
735 814 19
735 825 20
735 834 25
735 837 6
735 882 7
736 749 7
736 756 17
736 774 14
736 779 16
736 788 1
736 791 3
736 818 5
736 837 8
736 868 18
737 746 8
737 768 8
737 775 4
737 786 25
737 817 8
737 863 20
737 868 8
737 878 24
738 741 23
738 750 21
738 757 17
738 761 22
738 781 19
738 782 1
738 821 9
738 857 11
739 772 18
739 816 2
739 856 5
739 867 19
739 885 9
739 901 12
740 820 2
740 822 25
740 838 25
740 860 20
740 891 2
741 743 4
741 749 1
741 757 10
741 767 24
741 782 8
741 800 19
741 806 4
741 840 7
741 845 1
741 861 24
741 865 16
742 772 1
742 787 21
742 808 13
742 822 17
742 828 20
742 845 7
742 888 20
743 777 3
743 813 19
743 817 14
743 833 6
743 850 1
743 854 7
743 881 14
743 888 14
744 787 10
744 859 16
744 869 15
744 881 4
744 896 19
745 746 18
745 757 4
745 758 5
745 821 18
745 841 12
745 870 24
745 882 22
745 898 18
746 758 1
746 763 20
746 788 11
746 814 2
746 821 15
746 826 23
746 864 20
746 899 9
747 778 6
747 796 16
747 803 13
747 804 25
747 805 4
747 843 20
747 850 2
747 859 12
747 861 11
748 750 15
748 764 22
748 768 1
748 856 4
748 895 25
748 898 21
749 786 23
749 788 6
749 811 1
749 848 16
749 859 17
749 875 1
749 878 12
749 882 11
749 891 1
750 752 8
750 762 21
750 773 4
750 775 22
750 776 19
750 806 24
750 827 8
750 870 1
751 823 14
751 849 22
751 889 25
751 899 20
752 782 17
752 788 1
752 793 6
752 799 2
752 802 17
752 832 4
752 857 4
753 761 20
753 775 6
753 777 24
753 786 20
753 839 11
754 776 1
754 781 10
754 793 4
754 798 1
754 800 23
754 826 14
754 828 4
754 895 5
755 767 12
755 769 7
755 807 3
755 833 7
755 852 7
755 853 10
755 885 7
755 888 23
756 779 9
756 790 9
756 800 17
756 811 25
756 830 11
756 884 24
757 764 3
757 812 3
757 828 3
757 839 6
757 853 24
757 888 10
757 892 6
757 896 18
757 901 20
758 761 9
758 780 2
758 854 23
758 857 9
758 867 1
758 892 13
759 790 14
759 807 5
759 826 24
759 844 23
759 879 8
760 762 7
760 782 6
760 796 19
760 803 14
760 856 3
760 865 2
760 879 22
761 771 21
761 786 1
761 788 7
761 800 20
761 837 5
761 840 11
761 857 24
761 901 10
762 764 10
762 781 8
762 793 18
762 812 2
763 793 4
763 801 1
763 817 6
763 823 1
763 838 11
763 860 6
763 894 13
764 767 25
764 770 11
764 797 14
764 833 22
764 847 18
764 870 20
764 877 2
764 886 13
764 890 10
765 834 7
765 858 15
765 889 8
766 767 2
766 770 17
766 820 15
766 842 23
766 848 22
766 855 2
766 868 21
766 870 8
767 771 11
767 845 5
767 852 25
767 857 15
767 861 8
767 863 2
767 864 20
767 867 10
767 889 13
767 892 2
768 783 25
768 875 12
768 889 14
769 806 13
769 831 10
769 840 8
769 850 9
769 865 13
769 889 21
770 788 19
770 817 21
770 820 10
770 861 1
770 872 23
770 876 1
770 891 17
771 800 20
771 801 24
771 814 19
771 841 18
771 863 7
771 869 6
771 878 22
771 886 8
772 793 20
772 815 7
772 840 10
772 856 16
772 876 16
773 828 24
773 835 18
773 845 15
773 850 12
773 885 6
773 896 4
774 805 23
774 837 14
774 860 13
775 818 10
775 819 9
775 826 8
775 831 8
775 883 20
775 890 10
775 892 5
776 810 22
776 836 2
776 855 1
776 884 21
777 779 22
777 788 18
777 811 4
777 813 2
777 847 17
777 852 13
777 882 24
777 884 23
777 896 24
778 794 14
778 797 15
778 821 22
778 827 8
778 831 5
778 866 8
778 880 14
778 892 10
779 802 5
779 814 4
779 834 24
779 871 17
779 884 14
780 817 6
780 832 24
780 851 8
780 871 18
781 811 5
781 823 4
781 838 19
781 843 5
781 884 1
782 790 17
782 804 25
782 805 4
782 834 20
782 895 18
783 815 19
783 839 18
783 867 15
783 885 17
784 797 7
784 838 4
784 844 16
784 890 16
785 810 10
785 834 25
785 840 4
785 853 20
785 893 7
785 900 9
786 813 20
786 818 23
786 830 22
787 834 3
787 848 23
787 868 4
787 876 20
788 801 4
788 811 10
788 838 15
788 893 10
789 848 10
789 879 6
789 884 11
790 826 16
790 867 25
790 880 3
790 882 9
790 883 18
790 889 17
790 893 2
790 894 1
791 795 23
791 808 17
791 810 16
791 828 7
792 802 17
792 812 22
792 815 3
792 840 23
792 843 5
792 894 25
793 803 22
793 812 2
793 826 2
793 840 21
793 872 7
793 891 21
794 800 24
794 804 18
794 806 10
794 828 10
794 833 3
794 851 15
794 864 21
794 874 20
794 886 16
795 797 23
795 816 5
795 837 8
795 844 17
795 848 6
795 877 10
796 799 14
796 802 23
796 803 3
796 856 22
796 867 16
796 892 24
796 895 2
796 900 15
797 802 5
797 820 1
797 864 11
797 895 6
797 899 2
798 842 8
798 859 15
799 830 24
799 860 8
799 872 7
799 900 8
800 864 17
800 894 11
801 807 24
801 809 14
801 822 5
801 829 14
801 837 12
802 856 9
802 867 24
802 874 5
802 879 15
802 886 10
802 890 20
803 810 14
803 834 12
803 836 18
804 812 6
804 817 12
805 808 21
805 813 20
805 824 17
805 830 21
805 853 7
805 893 24
806 813 24
806 858 16
806 867 13
807 826 24
807 868 23
807 881 22
807 894 6
807 899 16
808 813 7
808 852 6
809 861 5
810 811 14
810 834 22
810 839 18
810 860 22
810 869 22
810 873 24
810 881 13
810 886 6
811 867 18
811 874 3
811 879 20
811 880 10
811 886 10
812 823 6
812 839 8
812 849 6
812 871 22
812 878 3
813 824 14
813 833 21
813 850 4
813 852 4
813 870 10
813 878 2
813 889 3
813 890 8
814 821 10
814 835 19
814 869 15
814 886 17
815 842 25
815 848 5
815 895 13
815 898 19
816 863 3
816 866 9
817 831 17
817 835 18
817 859 17
817 896 11
818 864 20
818 878 11
818 883 22
818 895 7
819 822 16
819 850 4
819 900 12
820 832 15
820 860 9
820 864 1
820 889 10
820 895 12
821 829 4
821 831 21
821 833 15
821 837 7
821 840 4
821 847 1
821 849 2
821 875 20
821 892 18
822 875 1
822 893 24
822 897 7
822 898 21
823 834 1
823 856 18
823 883 12
823 887 18
824 900 11
825 826 22
825 830 15
825 866 21
825 875 18
826 837 21
826 853 13
826 858 22
827 835 7
827 855 4
827 859 5
827 900 9
828 848 13
829 880 18
829 887 13
830 842 11
830 855 9
830 861 21
831 845 14
831 852 10
831 868 24
832 835 10
832 836 4
832 841 1
832 843 8
832 851 12
832 857 21
832 859 10
832 875 6
833 838 9
833 889 5
833 892 16
834 867 5
834 868 21
834 871 13
834 877 24
835 837 18
835 851 3
835 871 22
835 898 1
836 860 6
836 880 3
837 856 10
837 881 21
838 876 22
838 884 22
838 885 6
838 887 6
838 896 19
839 848 21
839 862 17
839 889 17
839 893 7
839 899 22
840 843 17
840 847 16
840 861 10
840 899 12
841 848 2
841 856 16
842 864 22
842 868 6
842 876 8
842 878 1
843 846 3
844 886 23
845 869 1
845 897 20
846 900 25
847 862 25
847 870 21
847 890 7
848 866 2
848 870 5
848 876 4
848 879 24
848 900 3
849 850 9
849 860 6
849 896 23
850 871 6
850 874 22
850 901 14
851 863 14
852 861 20
853 871 7
853 872 4
853 878 4
853 881 20
853 891 6
854 866 19
855 861 16
855 871 13
856 859 4
856 860 18
856 869 16
856 894 1
857 862 18
857 901 10
858 876 2
859 897 19
860 892 7
860 896 10
861 862 21
863 875 11
864 899 14
866 887 21
867 895 15
868 892 24
868 897 3
868 898 12
869 874 5
871 875 24
871 896 2
872 873 20
873 888 20
874 901 10
875 884 24
876 880 23
876 888 4
876 894 4
878 897 19
878 900 19
878 901 16
880 900 24
882 887 13
882 896 8
883 889 24
884 887 8
884 891 18
885 895 2
885 896 1
887 894 1
887 901 11
888 896 23
888 899 12
889 895 24
890 893 18
902 601 93
903 901 25
902 903 22
