904 6735
9 50 31 44 35 58 36 83 73 81 87 10 25 88 76 69 88 16 64 2 67 55 69 85 46 24 77 89 88 24 16 48 73 98 91 60 56 78 42 80 59 80 89 83 68 64 3 55 79 66 56 98 20 77 34 17 52 62 6 92 85 21 39 57 18 82 68 25 59 9 4 69 89 93 51 8 56 5 14 87 22 21 84 94 49 69 10 1 30 15 44 14 87 82 22 57 15 90 81 74 98 85 42 38 29 45 45 36 1 10 74 23 31 9 16 79 77 25 31 6 92 74 19 78 8 41 86 22 30 67 47 79 3 41 17 83 85 13 18 37 23 92 59 53 100 26 83 77 3 14 34 46 39 53 75 46 93 61 68 74 27 14 52 81 54 20 63 90 85 32 27 7 23 37 11 75 15 45 3 17 10 36 62 49 88 36 94 32 48 61 57 74 27 61 6 80 80 20 22 16 52 100 74 26 88 84 100 2 81 54 70 90 42 31 38 29 19 32 13 66 44 69 92 70 81 49 2 13 69 75 28 20 74 2 45 61 37 97 15 17 2 84 7 43 67 96 24 37 79 88 54 75 56 97 96 89 46 97 1 14 23 28 85 96 29 81 9 18 29 75 34 31 58 92 73 76 40 48 12 18 35 66 44 43 62 40 31 7 88 31 72 11 10 56 58 91 89 66 8 17 59 10 54 47 92 48 75 56 45 18 66 92 56 1 74 98 17 82 46 3 41 33 89 45 84 12 18 3 26 43 28 36 4 81 83 96 80 9 3 24 27 68 68 82 21 41 31 89 74 28 91 66 13 79 10 96 42 28 50 19 22 77 55 25 9 89 72 41 97 26 64 75 94 31 8 66 23 90 54 96 70 96 62 82 26 23 77 67 2 79 38 75 55 44 100 16 84 23 56 32 49 71 7 94 54 66 59 76 8 64 24 77 59 37 58 84 59 86 2 13 64 91 87 71 34 38 38 69 13 93 1 13 15 59 6 68 24 16 44 31 31 19 7 89 55 16 72 65 54 25 29 69 16 16 39 1 5 28 70 17 72 70 81 87 28 38 54 3 53 49 86 35 67 44 23 73 60 46 38 65 71 66 33 86 33 24 38 90 51 7 58 23 28 39 9 7 76 62 62 81 11 47 15 29 90 38 2 1 35 91 65 5 8 98 42 93 73 80 82 23 38 39 45 18 77 5 24 5 19 85 85 81 31 99 9 73 88 62 73 75 52 90 31 60 87 73 52 11 4 85 33 93 23 30 10 52 86 34 56 4 70 92 84 53 90 45 25 30 6 49 56 10 38 86 69 76 10 72 86 13 56 71 58 30 100 67 81 37 52 36 41 74 27 76 26 69 20 2 50 78 84 87 34 93 4 45 44 48 37 41 63 26 9 74 95 75 28 51 15 89 96 58 50 94 37 99 58 91 77 23 57 63 59 90 7 62 86 51 61 75 91 23 100 51 48 46 26 76 97 40 64 92 49 66 85 85 64 94 76 93 16 84 55 26 73 61 39 10 63 99 84 6 22 35 56 21 81 81 48 29 73 64 20 73 29 56 58 44 49 85 36 17 68 42 42 92 3 33 1 17 31 37 22 4 71 78 25 3 58 72 31 82 87 50 55 15 57 64 11 58 48 46 74 67 88 67 58 42 99 10 58 82 46 80 37 17 57 61 19 66 85 2 100 71 3 54 38 60 17 48 69 16 45 94 82 84 60 91 25 11 100 35 44 98 66 80 66 74 93 36 39 29 37 38 51 40 43 88 99 11 87 67 26 32 12 59 15 23 1 92 33 53 26 28 50 91 60 15 64 52 50 54 80 87 44 30 26 38 70 76 49 56 94 26 39 5 37 54 27 37 97 12 89 22 39 38 64 50 4 79 1 54 84 32 92 27 14 69 17 83 44 65 90 37 90 29 93 78 34 19 15 30 82 55 3 73 45 66 22 48 96 23 53 79 6 96 58 19 64 74 53 7 38 95 95 79 23 39 57 8 10 23 37 91 77 91 63 21 8 85 21 3 59 73 81 64 69 90 35 32 63 87 36 87
0 22 92
0 28 41
0 39 47
0 66 50
0 114 85
0 115 72
0 122 77
0 125 24
0 156 19
0 219 89
0 223 93
0 250 54
0 273 6
0 285 37
1 6 96
1 43 67
1 44 76
1 59 78
1 72 26
1 80 63
1 106 8
1 140 49
1 143 25
1 165 17
1 185 57
1 201 83
1 215 59
1 244 45
1 250 100
1 257 66
2 19 61
2 32 92
2 43 7
2 53 8
2 54 93
2 112 43
2 140 31
2 159 69
2 168 66
2 268 49
2 291 57
3 15 10
3 16 54
3 26 62
3 34 98
3 53 1
3 90 81
3 105 73
3 121 78
3 136 58
3 162 88
3 216 37
3 222 6
3 268 12
3 272 6
3 283 14
3 291 46
4 8 64
4 34 58
4 45 46
4 53 30
4 54 19
4 64 37
4 100 88
4 106 78
4 141 29
4 177 30
4 187 60
4 192 49
4 231 47
4 293 8
5 14 6
5 21 8
5 38 14
5 77 19
5 108 6
5 114 14
5 143 51
5 166 30
5 206 44
5 260 8
6 23 69
6 25 80
6 41 66
6 58 33
6 70 85
6 75 79
6 96 78
6 102 1
6 120 89
6 121 23
6 126 30
6 155 7
6 171 11
6 212 69
6 236 36
6 252 91
6 270 98
6 280 95
6 283 40
7 16 96
7 24 54
7 75 97
7 114 3
7 130 19
7 136 15
7 164 60
7 210 33
7 245 18
7 259 90
7 280 28
7 290 77
7 295 58
8 111 7
8 128 42
8 168 90
8 174 44
8 215 73
8 222 20
8 230 44
8 247 61
8 255 42
8 270 25
8 275 19
8 292 53
8 293 93
8 297 6
9 62 43
9 101 42
9 108 52
9 153 34
9 199 89
9 204 5
9 214 30
9 216 91
9 221 76
9 225 97
9 251 51
9 252 8
9 296 14
10 32 92
10 38 87
10 42 90
10 48 49
10 98 93
10 119 84
10 120 91
10 167 88
10 190 8
10 194 10
10 211 83
10 234 68
10 266 3
10 276 59
10 295 38
11 33 7
11 44 3
11 47 95
11 76 2
11 81 44
11 89 46
11 106 35
11 135 32
11 178 2
11 181 65
11 247 75
11 271 77
11 280 61
11 284 77
12 17 36
12 94 74
12 103 68
12 156 22
12 181 15
12 252 68
12 260 67
13 60 98
13 67 10
13 72 6
13 75 5
13 88 71
13 112 89
13 122 24
13 123 74
13 144 47
13 210 13
13 217 32
13 227 2
13 279 7
14 18 33
14 65 45
14 70 4
14 74 68
14 121 29
14 215 58
14 219 84
14 242 55
14 253 34
14 281 44
14 282 31
14 284 22
15 22 69
15 27 50
15 71 95
15 85 83
15 97 69
15 109 61
15 129 81
15 144 31
15 181 67
15 199 37
15 206 1
15 212 7
15 218 61
15 253 26
15 263 5
15 276 73
15 278 58
16 18 6
16 66 32
16 78 90
16 83 3
16 130 35
16 147 9
16 175 31
16 183 44
16 208 92
16 209 37
16 234 30
16 238 35
16 296 67
17 25 51
17 35 55
17 44 68
17 84 45
17 115 38
17 130 88
17 146 58
17 167 70
17 172 18
17 173 76
17 187 6
17 192 19
17 201 34
17 238 18
17 248 96
17 255 38
17 274 43
17 284 53
18 19 96
18 20 74
18 39 95
18 53 98
18 63 60
18 80 55
18 82 80
18 136 4
18 138 47
18 141 16
18 193 33
18 196 33
18 242 34
18 248 35
18 253 40
18 254 53
19 81 31
19 121 77
19 159 40
19 172 88
19 188 98
19 195 58
19 219 15
19 252 55
19 271 28
19 277 48
19 281 73
20 44 23
20 54 38
20 70 15
20 89 28
20 92 85
20 179 40
20 182 74
20 187 34
20 196 99
20 208 80
20 218 13
20 229 54
20 241 26
20 258 80
20 266 38
20 268 11
20 269 65
20 278 72
20 293 50
20 299 69
21 23 55
21 31 78
21 32 8
21 99 42
21 118 27
21 144 17
21 165 9
21 170 81
21 189 44
21 206 8
21 212 53
21 220 19
21 225 97
22 27 67
22 28 98
22 33 81
22 37 6
22 78 23
22 105 14
22 118 57
22 157 2
22 185 78
22 235 62
22 249 80
22 271 9
22 277 100
22 282 42
22 290 25
23 26 23
23 32 91
23 49 93
23 63 77
23 115 20
23 154 53
23 161 71
23 223 46
23 273 69
23 293 79
24 25 26
24 56 65
24 79 86
24 98 31
24 136 35
24 167 35
24 197 49
24 200 32
24 239 15
24 249 55
24 253 54
24 254 29
24 257 63
24 259 55
25 32 58
25 43 24
25 51 34
25 63 19
25 79 23
25 80 75
25 118 43
25 119 46
25 138 17
25 147 36
25 165 74
25 166 88
25 180 40
25 234 44
25 254 85
25 294 8
26 29 22
26 75 63
26 79 24
26 83 60
26 108 93
26 115 58
26 133 94
26 166 41
26 197 89
26 213 60
26 219 47
26 224 94
26 228 40
26 248 9
26 295 49
27 51 98
27 56 85
27 62 34
27 64 16
27 87 59
27 103 61
27 124 10
27 160 56
27 171 29
27 179 45
27 185 30
27 212 69
27 240 36
27 241 73
27 281 53
28 49 44
28 55 47
28 67 15
28 76 67
28 102 6
28 107 7
28 122 25
28 126 51
28 132 100
28 136 65
28 143 10
28 152 46
28 178 59
28 198 2
28 204 7
28 212 59
28 230 99
28 236 91
28 249 44
28 261 66
28 293 49
28 295 56
28 296 75
29 60 5
29 69 85
29 70 72
29 81 34
29 90 5
29 91 7
29 110 58
29 125 57
29 190 2
29 207 4
29 230 24
29 241 21
29 252 9
30 40 82
30 43 97
30 60 11
30 84 81
30 93 61
30 119 73
30 133 27
30 150 71
30 161 74
30 166 33
30 168 81
30 239 24
30 258 75
30 291 25
30 294 41
31 46 23
31 57 80
31 61 15
31 64 79
31 91 16
31 101 38
31 168 64
31 170 20
32 53 97
32 57 22
32 62 29
32 78 98
32 100 25
32 106 52
32 113 18
32 116 86
32 147 33
32 170 66
32 194 96
32 239 66
32 252 27
32 270 20
32 280 92
33 69 49
33 140 93
33 141 76
33 171 30
33 184 68
33 215 50
33 217 54
33 248 8
33 252 24
33 258 85
33 260 75
33 280 3
33 281 1
34 74 12
34 112 66
34 115 72
34 157 8
34 193 39
34 287 100
34 296 58
35 40 64
35 60 3
35 102 27
35 121 49
35 143 36
35 148 93
35 166 96
35 210 1
35 211 71
35 226 68
35 251 44
35 256 19
35 258 12
35 295 71
36 39 100
36 73 80
36 81 20
36 125 53
36 153 87
36 154 95
36 171 90
36 201 61
36 224 49
36 226 42
36 235 25
36 287 67
36 295 13
37 61 84
37 74 5
37 151 65
37 161 41
37 180 68
37 185 67
37 201 68
37 238 68
37 258 54
38 42 60
38 62 16
38 119 54
38 121 82
38 202 83
38 209 49
38 246 100
38 249 94
38 255 19
38 276 100
39 81 25
39 96 38
39 149 4
39 155 64
39 186 85
39 187 45
39 263 76
39 286 33
40 46 86
40 85 100
40 144 99
40 154 51
40 177 84
40 182 4
40 195 15
40 207 76
40 209 23
40 275 81
41 73 95
41 95 91
41 118 35
41 150 54
41 164 58
41 200 40
41 214 35
41 257 40
41 290 89
42 62 87
42 75 85
42 130 7
42 135 38
42 136 10
42 145 97
42 164 93
42 259 73
42 273 81
42 284 38
43 50 100
43 52 65
43 53 23
43 61 100
43 70 64
43 82 73
43 110 35
43 135 67
43 154 39
43 198 10
43 202 89
43 225 20
43 240 57
43 262 31
43 263 6
43 274 10
43 275 88
44 45 45
44 99 97
44 115 79
44 118 85
44 127 35
44 130 16
44 147 44
44 182 72
44 264 77
44 277 40
45 59 64
45 68 1
45 72 72
45 80 53
45 132 100
45 146 36
45 153 76
45 155 51
45 181 51
45 184 100
45 213 85
45 214 69
45 233 39
45 249 47
45 257 58
45 261 10
45 269 3
45 279 40
45 286 15
46 76 64
46 120 80
46 123 11
46 125 12
46 130 10
46 192 96
46 228 98
46 280 77
47 62 39
47 106 21
47 110 53
47 117 30
47 147 37
47 173 5
47 200 53
47 209 89
47 210 5
47 223 40
47 236 16
47 241 55
48 56 91
48 103 16
48 108 92
48 110 59
48 135 6
48 143 90
48 162 68
48 165 15
48 187 44
48 194 60
48 202 81
48 203 7
48 224 91
48 226 91
48 229 71
48 241 100
48 255 38
48 256 68
48 268 77
49 83 28
49 85 41
49 91 81
49 102 57
49 106 77
49 108 86
49 183 61
49 190 65
49 232 42
49 265 1
50 96 81
50 155 48
50 178 43
50 207 48
50 208 39
50 223 53
50 231 53
50 264 80
50 274 73
50 278 67
51 54 23
51 56 32
51 57 47
51 65 82
51 68 74
51 76 89
51 83 4
51 106 73
51 185 27
51 209 23
51 244 1
51 277 54
51 285 63
51 295 34
51 297 63
52 53 39
52 73 71
52 124 23
52 129 4
52 163 12
52 191 75
52 216 36
52 221 59
52 222 69
52 227 83
52 234 50
52 268 22
52 286 35
52 297 81
53 60 46
53 64 1
53 67 4
53 77 29
53 90 99
53 97 37
53 104 2
53 117 87
53 118 40
53 189 26
53 212 13
53 215 62
53 295 79
54 56 19
54 91 25
54 150 12
54 157 81
54 159 15
54 164 34
54 174 55
54 176 18
54 187 45
54 233 30
54 240 5
54 285 55
54 298 50
55 68 87
55 81 56
55 103 71
55 145 21
55 172 37
55 177 68
55 189 73
55 195 92
55 203 96
55 206 71
55 233 28
55 234 97
55 236 10
55 275 19
56 63 23
56 111 74
56 136 80
56 139 53
56 222 92
56 241 56
56 249 16
56 265 24
57 96 71
57 150 49
57 159 79
57 165 40
57 206 93
57 246 60
57 279 45
57 283 99
57 286 9
58 59 31
58 99 7
58 101 32
58 140 4
58 151 43
58 176 99
58 179 76
58 191 86
58 202 95
58 204 99
58 253 13
58 259 43
58 297 8
59 63 31
59 67 17
59 75 33
59 116 62
59 127 69
59 136 25
59 169 18
59 229 84
59 263 48
59 269 40
59 279 32
59 285 26
60 87 79
60 138 76
60 151 37
60 205 75
60 208 27
60 239 46
60 246 6
60 250 33
60 256 77
60 284 9
60 287 27
60 289 75
61 100 36
61 103 12
61 121 21
61 154 34
61 228 76
61 250 64
61 260 93
61 261 6
61 271 32
62 68 26
62 70 19
62 148 1
62 193 2
62 221 36
62 237 36
62 249 1
62 255 27
62 256 20
62 266 79
62 268 58
62 269 47
63 68 15
63 75 32
63 77 73
63 153 60
63 175 89
63 201 57
63 209 88
63 243 49
63 246 35
63 258 15
63 267 85
63 296 46
64 102 35
64 136 70
64 167 21
64 184 50
64 241 15
64 255 78
64 261 34
64 262 92
64 266 97
65 75 34
65 114 93
65 152 84
65 200 21
65 207 93
65 245 11
65 284 40
65 286 71
65 293 68
66 73 39
66 94 38
66 96 99
66 125 63
66 127 97
66 131 88
66 143 20
66 172 37
66 204 36
66 208 54
66 214 51
66 215 72
66 224 52
66 259 85
66 264 94
66 280 24
66 282 87
66 292 8
67 77 2
67 151 20
67 173 99
67 193 98
67 224 5
67 236 91
67 253 33
67 254 77
67 280 35
67 291 43
68 86 69
68 90 58
68 143 62
68 151 7
68 159 95
68 167 13
68 200 69
68 230 43
68 237 52
68 257 40
68 284 79
69 82 87
69 113 46
69 180 29
69 203 11
69 208 97
69 275 66
69 276 4
70 75 20
70 95 4
70 112 11
70 133 73
70 152 75
70 166 61
70 224 22
70 263 79
70 272 51
70 273 55
70 276 55
71 93 37
71 96 49
71 105 75
71 116 94
71 136 11
71 138 81
71 157 40
71 193 23
71 213 2
71 219 83
71 225 74
71 230 93
71 285 61
72 180 12
72 189 38
72 193 42
72 227 74
72 235 86
72 252 7
72 284 29
72 289 58
72 299 62
73 77 39
73 123 30
73 139 36
73 154 51
73 189 52
73 190 14
73 194 1
73 205 58
73 241 20
73 268 90
73 286 6
73 292 47
74 95 83
74 105 68
74 126 27
74 140 75
74 152 42
74 185 80
74 195 57
74 251 67
74 256 73
74 267 69
74 272 31
74 283 10
75 79 10
75 125 4
75 188 48
75 234 68
75 281 33
75 286 5
75 299 81
76 102 23
76 130 86
76 137 16
76 155 74
76 170 89
76 181 81
76 190 26
76 230 46
76 232 53
76 266 15
76 270 4
76 289 99
76 293 50
76 297 23
77 108 77
77 124 24
77 125 17
77 155 57
77 160 32
77 169 83
77 183 29
77 194 100
77 204 13
77 205 90
77 218 62
77 224 69
77 272 37
77 280 81
77 290 53
77 295 93
78 132 62
78 138 27
78 144 79
78 161 77
78 183 100
78 196 19
78 197 10
78 203 78
78 241 17
78 257 62
78 265 44
78 270 72
78 274 60
78 280 45
79 95 94
79 104 36
79 114 68
79 145 10
79 154 44
79 156 51
79 194 45
79 195 72
79 201 3
79 246 9
79 270 14
79 297 16
80 98 29
80 136 2
80 142 96
80 189 81
80 190 95
80 202 9
80 204 8
80 240 25
80 263 38
80 270 59
80 276 95
81 83 47
81 97 36
81 112 11
81 123 8
81 165 32
81 186 82
81 197 19
81 200 76
81 220 28
81 226 54
81 241 96
81 254 89
81 258 98
81 265 46
82 83 33
82 112 21
82 167 100
82 175 94
82 200 34
83 95 15
83 115 22
83 166 36
83 201 11
83 220 3
83 275 82
83 292 71
84 152 62
84 153 58
84 174 8
84 191 20
84 195 52
84 209 54
84 254 8
84 278 15
84 299 61
85 133 39
85 142 96
85 167 79
85 187 66
85 204 75
85 219 85
85 242 61
85 298 64
86 93 34
86 106 59
86 109 48
86 121 54
86 122 58
86 147 41
86 159 40
86 163 73
86 174 63
86 187 27
86 202 35
86 212 17
86 256 60
86 266 5
87 120 78
87 167 17
87 170 13
87 183 49
87 194 20
87 195 18
87 227 8
87 244 34
87 253 79
87 273 98
87 284 82
88 103 9
88 107 64
88 113 56
88 123 93
88 140 76
88 143 71
88 148 78
88 151 34
88 166 19
88 231 32
88 238 92
88 243 59
88 247 23
88 278 16
88 291 73
89 94 49
89 99 2
89 144 89
89 149 8
89 175 6
89 209 18
89 213 76
89 238 70
89 285 19
90 99 95
90 136 88
90 139 26
90 142 81
90 191 18
90 206 76
90 271 14
90 291 26
91 94 39
91 124 21
91 132 71
91 168 14
91 170 92
91 175 48
91 177 100
91 183 62
91 184 31
91 195 43
91 240 20
91 297 53
91 299 58
92 107 45
92 112 53
92 160 59
92 227 85
92 257 60
92 294 16
93 115 55
93 133 35
93 140 38
93 164 73
93 165 82
93 169 25
93 175 50
93 191 14
93 192 94
93 195 25
93 236 27
93 261 71
94 130 15
94 154 47
94 169 41
94 191 81
94 200 38
94 219 41
94 264 32
94 267 99
94 270 23
95 108 74
95 114 71
95 152 28
95 179 31
95 249 67
95 252 80
95 261 41
95 278 51
95 284 92
96 110 56
96 123 57
96 139 26
96 160 45
96 179 29
96 193 59
96 211 69
96 232 31
97 147 72
97 172 62
97 177 7
97 181 98
97 182 85
97 200 74
97 274 97
97 280 77
97 284 54
98 125 34
98 135 17
98 145 85
98 174 85
98 219 92
98 250 10
98 260 7
98 263 19
98 274 92
98 276 73
98 283 50
98 293 32
99 114 75
99 140 41
99 153 39
99 157 32
99 174 19
99 183 84
99 190 12
99 205 29
99 259 4
99 289 94
99 295 1
100 111 18
100 176 1
100 178 50
100 181 2
100 184 74
100 193 46
100 195 78
100 198 79
100 201 32
100 210 47
100 216 15
100 222 68
100 243 38
100 259 24
100 276 74
100 282 8
100 284 15
100 286 98
101 111 9
101 118 98
101 140 24
101 159 2
101 173 88
101 191 7
101 248 20
101 254 71
101 282 71
101 291 48
102 157 27
102 160 64
102 194 100
102 212 44
102 236 16
102 238 50
102 245 97
103 129 41
103 161 47
103 163 74
103 169 71
103 187 78
103 208 20
103 287 37
103 292 97
104 118 9
104 120 12
104 131 70
104 140 68
104 153 78
104 170 19
104 179 29
104 234 75
104 235 95
104 241 30
104 256 15
105 117 1
105 119 1
105 123 85
105 171 23
105 254 48
105 286 63
105 296 39
106 119 100
106 173 6
106 187 54
106 193 1
106 230 2
106 237 47
106 261 47
106 275 28
106 295 69
107 130 77
107 151 99
107 184 6
107 207 73
107 209 8
107 261 17
107 282 95
108 129 27
108 140 95
108 146 13
108 153 55
108 159 21
108 161 7
108 169 84
108 201 35
108 204 60
108 216 36
108 235 72
108 255 34
109 114 84
109 129 34
109 131 72
109 135 35
109 151 92
109 192 78
109 195 35
109 234 45
109 275 24
110 132 81
110 154 72
110 163 92
110 172 57
110 200 71
110 203 49
110 205 30
110 223 30
110 242 66
110 260 24
110 274 8
110 288 12
111 159 88
111 170 63
111 185 32
111 214 47
111 233 98
111 241 19
111 268 58
111 269 34
112 137 90
112 272 91
112 273 69
112 278 75
113 132 63
113 182 55
113 184 66
113 190 40
113 238 89
113 241 63
113 251 15
113 293 21
114 127 34
114 148 58
114 156 30
114 160 56
114 179 7
114 180 59
114 186 37
114 198 24
114 202 34
114 204 45
114 240 87
114 275 73
115 137 59
115 147 70
115 153 71
115 160 8
115 186 88
115 187 28
115 218 93
115 239 29
115 243 71
115 249 13
115 266 4
115 292 33
116 125 67
116 137 21
116 150 24
116 165 55
116 203 83
116 221 90
116 234 76
116 249 69
116 298 99
117 147 5
117 163 76
117 165 57
117 188 15
117 236 65
117 239 80
117 272 100
117 293 61
117 294 66
118 123 24
118 125 19
118 142 88
118 155 95
118 197 78
118 202 75
118 222 74
118 260 71
118 277 4
118 283 44
119 122 83
119 123 59
119 226 28
119 249 2
119 250 31
119 259 3
119 270 56
120 131 66
120 159 92
120 160 83
120 166 86
120 172 43
120 181 39
120 235 61
120 245 99
120 261 5
120 266 77
120 274 31
120 283 4
120 294 37
121 152 48
121 153 80
121 169 55
121 174 35
121 179 26
121 186 85
121 192 10
121 203 99
121 206 7
121 225 65
121 230 95
121 234 89
121 249 75
121 276 22
121 289 90
121 297 5
122 134 77
122 146 98
122 152 70
122 173 20
122 187 32
122 188 55
122 209 62
122 221 71
122 240 68
122 251 61
122 298 75
123 178 44
123 206 91
123 226 31
123 241 81
123 276 38
123 281 62
123 286 87
124 154 73
124 162 87
124 181 23
124 225 34
124 287 85
125 133 29
125 151 98
125 152 31
125 165 18
125 180 72
125 223 53
125 265 59
125 272 28
125 276 29
125 279 8
126 144 50
126 163 48
126 170 40
126 177 4
126 178 62
126 180 62
126 227 23
126 229 22
126 237 88
126 265 67
126 269 64
126 275 70
126 278 99
127 137 53
127 157 31
127 159 37
127 190 25
127 211 17
127 278 60
127 292 10
127 293 54
128 134 88
128 152 7
128 172 84
128 184 57
128 186 30
128 256 88
128 270 68
129 137 10
129 164 68
129 179 27
129 207 59
129 218 68
129 219 66
129 243 14
129 248 29
129 264 79
129 273 37
130 147 2
130 148 67
130 161 55
130 165 65
130 210 36
130 212 5
130 251 17
130 277 19
130 297 41
130 299 94
131 171 87
131 181 52
131 185 3
131 261 40
131 269 40
131 289 62
132 174 76
132 207 48
132 223 43
132 257 15
132 298 15
133 135 52
133 155 83
133 190 42
133 216 62
133 270 2
133 278 59
134 141 76
134 143 30
134 148 38
134 160 12
134 177 83
134 186 56
134 201 18
134 270 47
134 299 43
135 143 22
135 151 15
135 176 61
135 186 14
135 205 8
135 207 48
135 225 66
135 233 63
135 243 39
135 245 57
135 246 24
135 261 66
136 138 4
136 154 66
136 168 81
136 209 71
136 234 70
136 294 15
136 298 64
137 146 31
137 162 16
137 272 22
137 285 6
137 288 97
138 181 11
138 191 69
138 193 79
138 200 18
138 225 38
138 237 77
138 254 61
138 267 11
139 177 91
139 253 73
139 263 25
139 275 51
139 287 72
140 143 42
140 148 13
140 174 63
140 177 50
140 182 36
140 187 28
140 198 5
140 214 53
140 225 60
140 232 75
140 239 22
140 247 74
140 251 38
140 256 53
140 292 41
141 184 12
141 192 10
141 204 89
141 207 22
141 226 31
141 233 67
141 248 92
141 275 68
141 280 43
142 149 4
142 151 79
142 160 86
142 167 76
142 180 55
142 197 36
142 198 100
142 217 48
142 240 48
142 254 62
142 275 97
142 283 35
142 294 41
142 296 1
143 160 87
143 173 1
143 187 28
143 210 9
143 212 26
143 222 65
143 233 13
143 260 67
143 264 28
143 276 74
143 288 55
144 182 2
144 187 4
144 200 74
144 204 93
144 205 24
144 229 68
144 236 96
145 147 54
145 184 53
145 189 23
145 217 60
145 219 40
145 223 74
145 273 7
145 277 87
145 299 35
146 152 55
146 156 21
146 183 28
146 219 7
146 223 8
146 266 28
146 274 34
146 286 68
147 152 53
147 153 51
147 157 32
147 168 71
147 184 78
147 228 5
147 239 78
147 259 79
147 261 61
148 149 51
148 162 23
148 165 36
148 195 70
148 212 70
148 213 41
148 243 23
148 267 93
148 270 100
148 271 62
148 278 18
149 154 58
149 190 1
149 216 5
149 217 12
149 226 21
149 255 32
149 274 70
149 279 80
149 290 11
150 167 4
150 188 99
150 205 63
150 234 54
150 245 30
150 256 86
150 258 83
150 288 87
150 293 63
151 173 14
151 180 99
151 189 65
151 193 36
151 200 34
151 241 34
151 248 58
151 260 26
152 167 8
152 193 2
152 215 25
152 290 22
152 299 19
153 174 34
153 214 74
153 222 23
153 235 97
153 266 94
153 281 6
154 216 66
154 234 26
154 248 16
154 278 69
155 160 24
155 174 31
155 209 74
155 252 6
155 258 16
155 286 9
155 298 92
156 163 30
156 205 22
156 218 90
156 240 46
156 252 9
156 276 75
156 281 31
157 202 66
157 213 100
157 221 39
157 223 67
157 265 76
157 274 12
157 289 38
157 295 9
158 159 85
158 173 60
158 194 5
158 233 30
158 237 66
158 265 22
158 282 7
158 284 33
159 266 43
160 205 31
160 288 63
160 289 68
161 187 88
161 188 78
161 200 76
161 223 79
161 241 59
161 247 49
161 275 20
161 299 4
162 179 10
162 198 94
162 206 35
162 213 75
162 219 93
162 251 25
162 252 94
162 265 20
163 176 36
163 183 83
163 198 28
163 218 72
163 226 42
163 227 84
163 295 1
163 296 59
164 214 5
164 235 60
164 251 92
164 268 99
164 280 90
164 285 6
164 299 67
165 179 77
165 182 36
165 186 94
165 215 7
165 233 94
165 237 43
165 254 26
165 265 50
165 267 52
165 275 71
165 277 84
165 279 78
165 284 63
166 169 60
166 195 23
166 216 82
166 225 47
166 238 5
166 272 61
167 168 18
167 180 99
167 195 44
167 211 70
167 212 9
167 221 100
167 232 29
167 265 100
167 273 99
167 293 70
167 298 58
167 299 17
168 172 98
168 184 93
168 247 10
168 275 4
168 279 38
168 286 52
169 175 81
169 216 87
169 253 55
169 278 51
169 287 22
170 200 85
170 202 65
170 211 81
170 217 7
170 221 98
170 222 27
170 227 12
170 254 10
170 263 96
170 273 62
171 176 5
171 178 18
171 184 70
171 186 5
171 270 98
172 193 22
172 194 55
172 211 68
172 222 79
172 258 71
172 270 17
172 281 71
172 288 32
173 186 73
173 193 8
173 194 84
173 196 53
173 233 47
173 272 90
173 274 56
173 292 68
174 204 74
174 294 72
174 297 49
175 176 81
175 190 70
175 220 27
175 223 44
175 236 79
175 252 75
175 255 5
175 258 84
175 289 92
176 186 74
176 190 40
176 197 41
176 205 95
176 207 46
176 244 60
176 245 25
176 246 68
176 250 77
176 259 95
176 293 99
177 197 49
177 198 55
177 205 34
177 208 53
177 224 1
177 256 24
177 285 60
177 295 20
178 205 49
178 208 32
179 224 20
179 240 81
179 262 53
179 264 99
180 187 24
180 205 83
180 214 73
180 249 80
180 280 18
181 188 16
181 208 6
181 236 9
181 268 56
181 281 52
181 297 54
182 257 16
182 262 77
182 271 73
182 285 44
182 288 23
182 295 72
182 297 44
183 206 29
183 223 57
183 254 48
183 271 81
184 278 32
184 287 8
184 297 1
185 226 81
185 238 91
185 248 20
185 275 61
185 285 43
185 291 18
186 229 37
186 233 77
186 269 42
186 275 16
187 198 95
187 210 57
187 249 73
188 195 3
188 207 65
188 209 25
188 278 9
189 197 32
189 199 53
189 235 81
189 242 75
189 249 75
189 253 52
189 274 18
189 275 4
190 206 61
190 210 65
190 236 84
190 258 92
190 260 24
190 261 36
190 268 24
190 285 14
191 223 56
191 234 85
191 254 8
191 256 25
191 274 73
192 196 85
192 206 67
192 241 40
192 251 31
192 267 75
192 270 13
192 285 33
193 196 91
193 209 89
193 217 41
193 244 22
193 248 41
193 274 74
193 282 48
193 287 67
193 292 77
193 297 17
194 201 22
194 238 37
194 264 34
195 209 58
195 210 29
195 221 57
195 254 93
195 268 52
195 297 23
196 211 48
196 229 88
196 242 30
196 260 25
197 203 60
197 205 66
197 233 91
197 238 100
197 239 96
197 244 65
197 261 64
197 283 29
197 291 8
197 294 52
198 212 21
198 241 29
198 249 44
198 276 46
198 285 77
198 286 10
199 218 23
199 228 45
199 229 32
199 231 59
199 243 78
199 253 89
199 295 39
200 201 35
200 279 81
200 289 43
201 202 9
201 246 81
201 268 82
201 277 38
201 286 5
201 293 94
202 205 4
202 219 47
202 237 45
202 253 51
203 226 63
203 253 8
203 270 79
204 258 70
204 284 11
205 236 52
205 260 99
205 262 54
205 289 97
205 293 27
206 259 63
207 219 71
207 246 71
207 257 46
207 274 82
207 293 1
208 227 86
208 249 72
208 295 35
209 234 19
209 244 14
209 253 43
209 263 99
209 266 48
209 274 32
209 281 55
210 251 41
210 268 87
210 269 1
210 281 85
210 285 38
210 294 15
211 230 44
211 242 68
211 253 85
211 262 54
211 295 71
212 216 35
212 225 59
212 227 20
212 232 13
212 251 73
212 263 90
212 274 83
213 229 19
213 250 71
213 292 35
213 295 4
214 215 43
214 231 69
214 240 74
215 218 8
215 244 63
215 249 24
215 255 7
215 282 47
216 236 78
216 263 99
216 266 33
216 275 30
217 219 83
217 223 22
217 225 45
217 259 78
217 294 90
218 237 81
218 258 83
218 264 60
218 269 15
218 282 41
218 284 79
219 258 27
219 299 14
220 249 21
220 259 61
220 270 84
220 292 43
220 296 96
221 232 39
221 237 85
221 238 16
221 242 13
221 247 45
221 259 31
222 267 36
223 227 51
224 263 29
224 273 14
225 236 50
225 239 61
225 266 95
225 292 84
226 230 83
226 289 91
227 287 14
227 294 24
227 299 23
228 229 96
228 253 83
228 259 37
228 278 37
228 279 14
229 258 15
229 266 2
229 272 86
229 293 28
229 299 85
230 238 28
230 247 75
230 261 23
230 270 65
230 295 42
231 240 35
231 244 9
231 256 24
231 289 71
231 296 11
231 299 52
232 256 36
232 265 12
232 287 65
232 294 82
233 242 48
233 277 99
233 288 73
234 270 13
234 273 22
234 282 47
234 289 8
235 237 56
236 247 84
236 280 96
237 247 21
237 265 50
237 281 97
239 248 6
239 251 29
239 271 33
240 256 34
240 274 3
240 283 56
240 285 98
241 260 97
241 299 42
242 261 58
242 285 20
243 257 64
243 292 20
243 298 24
244 254 99
244 258 84
244 266 88
244 270 33
244 278 31
245 249 86
245 250 57
245 262 43
246 264 59
246 285 3
246 286 2
246 292 14
246 294 38
247 263 98
247 272 35
247 284 88
247 293 46
248 259 92
248 270 68
248 284 79
248 295 25
249 251 23
249 293 86
250 264 74
250 297 19
251 278 27
251 284 31
252 257 90
252 258 91
252 271 3
253 275 13
253 294 41
254 288 86
254 289 52
255 274 73
255 294 16
255 295 37
256 273 81
257 262 10
257 271 95
257 284 84
257 293 11
258 264 61
258 280 21
258 287 60
259 266 47
259 269 60
260 265 58
260 272 38
260 282 28
261 274 88
263 276 63
264 272 2
264 274 73
264 283 88
264 295 20
264 298 51
266 284 71
268 271 61
268 276 93
271 275 73
271 288 74
272 273 34
274 281 58
274 282 25
274 296 58
276 279 25
278 286 14
279 282 39
279 289 86
280 289 60
280 293 74
281 288 48
282 292 20
282 296 46
282 298 8
287 289 66
293 298 6
300 339 2
300 399 5
300 401 12
300 439 15
300 448 17
300 464 5
300 561 17
300 563 2
300 569 3
301 312 5
301 320 16
301 357 8
301 366 25
301 399 23
301 431 12
301 434 1
301 447 17
301 453 20
301 459 12
301 484 20
301 485 7
301 561 4
301 573 18
301 574 9
301 578 5
302 365 20
302 381 4
302 399 1
302 433 23
302 439 5
302 445 3
302 459 25
302 502 11
302 510 14
302 551 16
302 567 2
302 571 20
302 593 9
303 307 3
303 313 22
303 322 13
303 363 21
303 367 6
303 381 14
303 384 18
303 439 20
303 449 16
303 482 11
303 483 14
303 484 5
303 522 6
303 542 20
303 556 8
303 564 25
304 305 5
304 308 14
304 333 22
304 337 10
304 350 15
304 368 19
304 376 14
304 392 19
304 395 20
304 424 1
304 430 8
304 466 12
304 470 3
304 478 2
304 545 21
304 572 7
304 580 24
304 593 10
305 336 2
305 373 6
305 394 24
305 421 22
305 441 25
305 465 16
305 470 9
305 471 13
305 500 22
305 507 16
305 529 8
305 553 7
305 568 16
305 578 12
305 596 20
306 354 14
306 380 22
306 391 11
306 415 7
306 426 12
306 455 5
306 494 4
306 517 13
306 524 12
306 560 15
307 315 17
307 336 15
307 368 10
307 375 25
307 379 15
307 383 22
307 384 4
307 413 21
307 443 20
307 458 2
307 540 20
307 581 12
308 310 10
308 326 8
308 330 9
308 331 1
308 347 17
308 395 15
308 421 18
308 457 5
308 459 11
308 466 6
308 479 3
308 485 22
308 517 14
308 529 15
308 546 3
308 571 17
308 584 4
308 598 16
309 313 9
309 353 22
309 392 5
309 406 20
309 426 23
309 447 22
309 455 16
309 499 1
309 515 17
309 535 12
309 537 4
309 594 11
310 348 24
310 350 14
310 355 20
310 381 7
310 392 16
310 395 13
310 397 23
310 402 10
310 424 18
310 428 8
310 443 15
310 485 20
310 490 6
310 498 5
310 512 11
310 524 8
310 543 24
310 545 16
310 549 23
310 550 7
310 552 12
310 590 5
311 325 1
311 341 10
311 370 1
311 403 17
311 420 12
311 427 19
311 463 3
311 464 16
311 474 6
311 483 3
311 518 4
311 555 1
311 557 11
311 562 21
311 567 13
312 314 8
312 328 5
312 332 7
312 339 18
312 346 21
312 370 2
312 395 23
312 407 2
312 433 14
312 441 8
312 449 25
312 454 5
312 488 7
312 490 8
312 491 16
312 525 11
312 547 11
312 552 2
312 555 13
312 575 4
312 580 14
313 335 6
313 361 8
313 365 4
313 372 12
313 391 11
313 392 9
313 398 14
313 420 21
313 482 4
313 514 3
313 586 6
314 315 10
314 344 10
314 365 23
314 376 7
314 418 13
314 441 22
314 448 8
314 469 1
314 491 4
314 509 10
314 522 7
314 570 11
314 597 17
315 364 23
315 365 23
315 374 2
315 376 1
315 386 13
315 431 5
315 444 14
315 447 18
315 451 15
315 465 17
315 483 6
315 491 25
315 512 2
315 531 21
315 539 22
315 542 7
315 543 1
315 554 2
315 567 16
315 592 12
316 319 1
316 322 24
316 390 24
316 398 23
316 453 7
316 456 1
316 480 1
316 498 16
316 537 8
316 584 13
316 593 9
317 331 7
317 357 11
317 376 11
317 437 7
317 464 23
317 515 17
317 537 21
317 540 17
317 560 6
317 562 14
317 571 25
318 327 7
318 355 18
318 378 22
318 394 4
318 401 24
318 419 22
318 425 5
318 446 17
318 448 8
318 462 6
318 466 15
318 475 8
318 519 5
318 542 21
318 561 11
318 567 5
318 577 13
319 334 20
319 484 20
319 487 22
319 492 1
319 494 5
319 517 9
319 537 9
319 538 4
319 551 2
319 569 6
319 584 22
319 594 8
320 340 20
320 416 21
320 430 16
320 447 12
320 451 18
320 469 19
320 478 12
320 481 16
320 504 24
320 508 3
320 512 1
320 526 6
320 533 20
320 571 8
320 573 10
320 595 17
321 322 20
321 335 16
321 408 5
321 416 14
321 462 10
321 478 1
321 510 14
321 543 16
321 561 11
322 328 25
322 354 19
322 364 12
322 371 5
322 382 16
322 393 19
322 456 24
322 468 13
322 469 10
322 510 12
322 538 7
322 541 5
322 565 1
322 587 23
323 325 5
323 328 5
323 337 25
323 351 10
323 352 24
323 363 9
323 434 21
323 445 16
323 449 4
323 504 14
323 520 20
323 524 17
323 534 25
323 539 22
323 542 8
323 563 16
323 569 7
323 577 7
323 598 11
324 347 18
324 353 11
324 365 3
324 372 14
324 395 12
324 409 16
324 414 25
324 420 25
324 422 24
324 438 4
324 447 2
324 451 23
324 473 11
324 498 7
324 525 22
324 553 22
325 342 5
325 360 6
325 416 18
325 422 20
325 429 9
325 457 8
325 463 16
325 469 2
325 499 7
325 515 14
325 516 11
325 533 24
325 542 22
325 544 17
325 563 12
325 564 15
325 576 5
325 598 14
326 332 5
326 338 18
326 344 6
326 358 6
326 368 19
326 378 7
326 392 11
326 399 21
326 409 4
326 411 21
326 430 2
326 438 1
326 442 18
326 474 6
326 486 8
326 505 12
326 570 3
326 582 18
327 335 19
327 356 20
327 370 19
327 380 2
327 391 9
327 400 5
327 408 3
327 415 5
327 442 23
327 443 14
327 504 21
327 548 4
327 590 4
327 595 2
328 332 23
328 333 12
328 372 7
328 408 17
328 418 18
328 422 18
328 434 12
328 439 21
328 469 13
328 489 13
328 494 23
328 501 7
328 566 20
328 587 5
328 589 18
328 596 24
329 351 22
329 355 13
329 370 19
329 375 18
329 379 17
329 388 4
329 411 24
329 422 19
329 479 10
329 483 21
329 505 9
329 511 6
329 532 2
329 590 12
329 593 9
329 596 24
330 331 23
330 340 16
330 366 15
330 409 17
330 426 10
330 450 3
330 525 13
330 530 24
330 563 15
330 571 12
331 358 6
331 363 12
331 397 17
331 449 25
331 504 12
331 567 15
331 574 13
331 578 7
331 586 9
332 430 6
332 432 10
332 513 7
332 531 24
332 545 22
333 375 3
333 379 9
333 463 2
333 466 6
333 512 22
333 520 10
333 537 4
333 555 22
333 562 2
334 373 21
334 374 13
334 380 11
334 426 23
334 437 2
334 511 10
334 522 15
334 532 14
334 546 17
334 584 1
335 389 7
335 395 16
335 434 12
335 440 21
335 458 5
335 475 21
335 476 5
335 494 10
335 501 5
335 514 13
335 527 10
335 581 1
336 456 17
336 463 20
336 476 4
336 480 22
336 482 17
336 522 16
336 531 3
336 556 13
336 566 19
336 584 23
337 354 25
337 356 5
337 360 20
337 386 4
337 438 16
337 476 9
337 490 17
337 582 9
338 339 11
338 356 23
338 360 24
338 363 25
338 373 20
338 401 6
338 431 20
338 459 1
338 467 17
338 492 1
338 495 14
338 498 2
338 502 4
338 503 5
338 514 21
338 533 7
339 394 2
339 404 14
339 422 24
339 432 4
339 439 1
339 452 18
339 487 3
339 497 3
339 509 24
339 513 22
339 515 6
339 528 16
339 531 8
339 543 24
339 572 24
339 586 18
339 589 23
339 595 24
340 353 17
340 355 17
340 361 4
340 378 13
340 385 20
340 419 21
340 443 14
340 485 8
340 540 24
340 561 17
340 577 14
341 358 21
341 398 25
341 407 17
341 419 10
341 426 1
341 439 22
341 484 12
341 492 20
341 504 24
341 520 16
341 552 20
341 557 23
341 576 23
341 580 10
341 588 5
341 593 21
342 346 10
342 366 22
342 423 18
342 446 8
342 468 16
342 472 12
342 479 14
342 564 3
343 344 6
343 345 11
343 355 18
343 365 15
343 377 9
343 388 9
343 405 5
343 420 4
343 429 11
343 453 22
343 455 15
343 460 11
343 521 20
343 527 4
343 548 5
343 560 19
344 389 19
344 477 24
344 546 18
344 556 17
345 359 10
345 390 22
345 421 14
345 441 19
345 520 20
345 548 7
345 554 3
345 559 12
345 562 20
345 577 16
345 578 17
346 374 2
346 404 1
346 468 9
346 500 16
346 514 11
346 554 20
346 566 20
347 385 17
347 399 5
347 433 18
347 526 8
347 528 17
347 529 13
347 534 11
347 537 21
347 541 8
347 563 5
347 577 21
348 417 25
348 427 21
348 432 5
348 458 23
348 510 11
348 512 25
348 558 17
348 560 17
348 589 2
349 365 4
349 368 13
349 391 20
349 415 22
349 419 14
349 445 22
349 471 5
349 547 6
349 572 8
349 582 24
350 356 3
350 357 1
350 363 5
350 368 20
350 387 8
350 413 21
350 416 9
350 425 19
350 439 18
350 444 16
350 457 25
350 466 15
350 486 17
350 497 20
350 536 21
350 565 14
350 570 7
350 584 20
350 594 8
351 379 24
351 385 24
351 418 13
351 425 13
351 438 20
351 453 9
351 461 2
351 548 16
351 550 13
351 551 7
351 585 25
351 592 14
352 374 9
352 376 2
352 392 20
352 422 6
352 457 10
352 467 16
352 503 14
352 506 5
352 527 10
352 544 7
352 558 4
352 578 25
352 580 25
352 593 25
353 387 20
353 396 14
353 404 6
353 410 17
353 442 21
353 446 6
353 496 15
353 526 10
353 540 19
353 571 11
353 573 18
353 587 20
354 360 1
354 411 7
354 444 3
354 463 3
354 468 22
354 556 14
354 582 4
355 366 17
355 382 21
355 385 13
355 439 9
355 472 11
355 475 17
355 514 18
355 535 17
355 549 22
355 550 19
355 557 19
355 559 21
355 571 16
355 580 7
355 581 2
355 597 7
356 446 4
356 452 7
356 454 23
356 463 13
356 477 2
356 480 8
356 485 7
356 505 23
356 508 8
356 549 13
356 590 1
356 599 12
357 361 10
357 373 16
357 374 16
357 377 3
357 384 11
357 404 5
357 405 11
357 435 21
357 437 24
357 456 5
357 472 15
357 489 20
357 552 24
357 559 10
357 580 16
357 597 14
358 368 16
358 374 19
358 433 20
358 435 21
358 436 25
358 462 19
358 468 10
358 559 2
358 568 1
358 595 16
358 597 1
359 367 10
359 407 3
359 415 1
359 422 22
359 460 14
359 465 18
359 488 14
359 516 16
359 520 5
359 524 18
359 570 1
359 590 3
360 387 16
360 415 8
360 428 17
360 492 11
360 530 6
360 540 1
360 578 3
360 592 21
360 598 18
361 372 21
361 375 17
361 394 15
361 440 22
361 534 10
361 544 24
361 563 25
361 595 12
362 373 14
362 422 1
362 424 21
362 441 18
362 445 3
362 448 19
362 485 9
362 511 21
362 512 7
362 563 24
362 566 25
362 578 2
362 585 2
362 586 2
363 373 17
363 376 9
363 392 20
363 405 4
363 422 16
363 425 22
363 431 6
363 434 11
363 441 16
363 447 1
363 448 2
363 450 7
363 461 25
363 571 13
364 368 5
364 388 24
364 443 24
364 448 20
364 449 24
364 517 21
364 522 15
364 535 2
364 572 17
364 575 23
364 584 24
365 393 23
365 395 23
365 412 25
365 425 1
365 427 24
365 441 4
365 470 20
365 473 7
365 494 23
365 523 23
365 526 24
365 534 22
365 571 6
365 584 9
365 595 14
366 367 8
366 372 12
366 435 21
366 438 7
366 504 24
366 512 2
366 551 6
366 553 24
366 560 22
366 584 4
366 589 20
366 599 13
367 391 7
367 395 11
367 437 10
367 438 5
367 449 10
367 496 7
367 555 5
367 586 11
367 590 8
367 591 8
368 416 5
368 457 14
368 466 7
368 467 4
368 498 15
368 513 5
368 551 9
368 557 23
368 566 19
368 567 17
368 579 12
368 591 16
369 372 23
369 404 10
369 418 17
369 430 5
369 444 9
369 453 15
369 456 11
369 494 5
369 519 2
369 521 17
369 540 15
369 549 11
369 560 22
369 563 1
369 566 20
369 585 3
370 380 11
370 403 2
370 423 12
370 440 17
370 459 17
370 471 18
370 475 21
370 484 6
370 488 25
370 499 6
370 545 6
370 550 20
370 553 24
370 557 17
370 559 10
370 571 24
370 583 3
370 596 3
371 425 3
371 444 11
371 458 18
371 485 13
371 489 17
371 522 19
371 526 7
371 547 6
371 565 7
371 577 5
372 374 7
372 387 3
372 391 7
372 392 19
372 418 6
372 432 20
372 449 13
372 458 22
372 467 12
372 473 10
372 505 5
372 506 13
372 508 15
372 530 10
372 584 7
372 588 14
373 376 3
373 407 16
373 443 14
373 444 5
373 445 21
373 501 16
373 527 18
373 531 13
373 560 6
373 561 9
373 566 8
373 579 12
373 599 17
374 389 16
374 400 16
374 444 23
374 509 18
374 510 24
374 542 18
374 596 23
375 376 18
375 383 7
375 416 22
375 421 6
375 443 16
375 449 1
375 478 19
375 514 8
375 552 12
375 559 2
375 563 23
375 569 14
375 582 20
376 388 11
376 449 20
376 508 15
376 511 1
376 545 12
376 569 2
376 593 8
377 386 21
377 428 11
377 432 21
377 484 12
377 514 2
377 548 13
377 551 11
377 559 19
378 404 13
378 488 5
378 498 19
378 507 5
378 523 12
378 534 17
378 537 13
378 539 2
378 542 17
378 574 8
379 386 9
379 396 5
379 405 11
379 413 6
379 465 20
379 470 5
379 481 18
379 483 14
379 500 19
379 503 21
379 562 3
379 565 22
379 579 3
380 393 23
380 395 8
380 426 24
380 500 11
380 544 9
380 546 13
380 582 21
380 584 4
381 402 1
381 427 2
381 432 24
381 435 7
381 436 13
381 451 15
381 475 19
381 490 17
381 499 8
381 517 3
381 530 2
381 553 12
382 393 14
382 398 10
382 431 8
382 458 20
382 477 2
382 498 24
382 505 14
382 556 22
382 558 1
383 386 10
383 396 2
383 428 23
383 430 19
383 516 2
383 517 10
383 537 4
383 541 14
383 543 7
383 562 8
383 581 14
383 597 8
384 391 6
384 413 21
384 420 23
384 427 23
384 441 16
384 442 14
384 505 5
384 527 21
384 561 17
384 568 17
385 393 11
385 409 1
385 428 1
385 434 5
385 440 5
385 451 24
385 466 18
385 493 3
385 519 24
385 527 5
385 528 4
385 531 23
385 546 23
385 575 5
385 599 7
386 436 2
386 437 19
386 450 13
386 461 11
386 494 9
386 546 23
386 551 18
386 553 4
386 570 20
386 584 15
386 587 22
387 393 10
387 404 20
387 411 17
387 419 1
387 422 13
387 426 2
387 468 4
387 534 13
387 549 6
387 552 8
387 555 14
387 569 1
387 573 10
387 587 12
388 407 5
388 415 16
388 443 12
388 450 4
388 467 20
388 477 20
388 487 7
388 488 15
388 493 10
388 496 17
388 530 24
388 563 7
389 391 12
389 394 4
389 412 1
389 414 1
389 430 25
389 448 10
389 482 20
389 487 16
389 523 12
389 549 9
389 584 19
389 588 17
390 391 24
390 412 25
390 418 24
390 422 12
390 435 2
390 470 11
390 493 25
390 510 6
390 519 3
390 530 13
390 533 11
390 536 22
390 542 8
390 597 18
391 405 14
391 408 17
391 415 11
391 418 12
391 452 23
391 455 22
391 456 15
391 470 25
391 490 23
391 550 15
391 553 11
391 571 19
391 584 7
391 587 24
392 402 5
392 406 3
392 416 16
392 424 3
392 462 4
392 470 16
392 472 16
392 503 5
392 509 1
392 511 15
392 517 12
392 531 3
392 585 5
392 595 22
393 418 2
393 421 12
393 460 14
393 465 15
393 487 5
393 541 25
393 566 3
393 580 2
393 584 23
394 411 19
394 416 3
394 432 20
394 470 8
394 474 15
394 482 16
394 489 17
394 572 13
395 421 20
395 427 21
395 440 3
395 510 22
395 520 24
395 534 19
395 568 14
395 573 3
395 579 21
395 583 5
396 398 14
396 424 1
396 429 9
396 457 12
396 485 4
396 487 20
396 528 1
396 536 20
396 588 24
397 423 2
397 435 22
397 484 2
397 532 24
397 537 15
398 410 6
398 425 21
398 426 25
398 484 20
398 587 11
398 595 18
399 433 8
399 444 7
399 455 13
399 473 12
399 510 5
399 522 11
399 595 5
399 597 18
399 598 15
400 401 3
400 416 22
400 417 5
400 422 3
400 497 6
400 540 16
400 551 6
400 556 2
400 557 16
401 412 25
401 416 3
401 423 19
401 425 23
401 426 6
401 430 20
401 455 12
401 467 14
401 475 15
401 522 13
401 596 8
402 416 2
402 438 5
402 482 17
402 525 8
402 542 17
402 545 4
402 546 12
402 562 4
402 568 10
402 570 6
402 571 18
402 584 12
403 421 2
403 428 22
403 447 14
403 471 9
403 477 13
403 480 21
403 488 13
403 495 5
403 499 22
403 514 17
403 517 1
403 518 19
403 534 24
403 535 20
403 539 6
403 588 12
404 405 9
404 406 18
404 425 22
404 445 12
404 457 23
404 458 13
404 471 19
404 484 16
404 498 18
404 499 7
404 512 20
404 533 3
404 555 12
404 584 14
405 473 14
405 477 15
405 498 13
405 502 5
405 504 1
405 512 25
405 523 2
405 541 15
405 566 6
405 595 24
405 596 6
406 416 6
406 432 17
406 445 6
406 490 25
406 501 24
406 523 18
406 549 10
406 558 17
406 578 14
406 593 21
407 425 16
407 453 1
407 478 16
407 485 8
407 503 19
407 586 24
407 587 4
408 422 23
408 437 12
408 445 18
408 524 13
408 537 2
408 578 5
409 412 19
409 424 4
409 429 6
409 475 21
409 488 18
409 489 13
409 501 21
409 512 25
409 562 19
409 580 12
409 594 5
410 432 20
410 497 11
410 500 22
410 505 7
410 512 4
410 523 12
410 559 4
410 597 19
411 422 15
411 444 22
411 466 3
411 469 10
411 491 20
411 508 7
411 511 7
411 560 7
411 591 1
412 416 19
412 433 10
412 449 7
412 479 15
412 496 13
412 500 12
412 502 10
412 532 7
412 540 1
413 434 5
413 452 6
413 474 21
413 485 18
413 490 10
413 523 16
413 542 3
413 550 9
413 559 24
413 561 8
413 571 20
413 584 2
414 426 3
414 437 9
414 480 25
414 539 6
414 563 18
414 571 20
415 422 12
415 425 1
415 429 3
415 453 12
415 469 20
415 477 14
415 494 18
415 513 9
415 526 3
415 556 6
415 577 20
415 587 9
415 597 6
416 457 1
416 481 14
416 485 4
416 494 18
416 522 25
416 559 19
416 560 23
417 420 8
417 423 19
417 474 5
417 500 5
417 502 22
417 528 8
417 537 13
417 585 22
418 432 15
418 436 8
418 498 18
418 513 3
418 514 8
418 519 22
418 539 16
418 545 4
418 554 10
418 561 10
418 575 12
418 590 14
419 454 15
419 463 8
419 512 22
419 534 22
419 540 8
419 552 12
419 575 25
419 584 3
419 589 13
419 596 20
420 432 25
420 437 21
420 440 15
420 450 6
420 486 25
420 508 12
420 510 15
420 516 14
420 523 8
420 531 4
420 539 21
421 428 2
421 445 6
421 447 6
421 458 23
421 523 21
421 555 9
421 558 9
421 576 5
421 587 23
421 589 22
422 433 21
422 441 5
422 446 20
422 452 20
422 466 15
422 518 8
422 535 21
422 547 17
422 563 20
422 574 18
422 577 18
422 586 17
422 598 7
423 443 23
423 491 18
423 544 20
423 564 13
423 580 7
424 453 4
424 460 18
424 486 4
424 489 5
424 496 1
424 529 9
424 532 4
424 544 23
424 568 20
424 571 14
424 577 3
424 582 17
425 484 12
425 522 25
425 541 23
425 559 6
425 564 21
425 569 12
425 570 15
425 577 19
425 588 5
426 455 10
426 461 13
426 484 22
426 496 1
426 524 21
426 536 22
426 542 19
426 548 16
426 593 9
427 453 2
427 483 19
427 513 3
427 516 5
427 541 1
427 577 3
427 580 16
428 441 4
428 471 1
428 514 10
428 529 18
428 530 5
428 566 1
429 447 4
429 457 6
429 466 23
429 506 12
429 535 4
429 546 12
429 575 1
429 595 22
430 442 16
430 461 12
430 465 9
430 474 13
430 528 13
430 551 4
430 594 9
431 433 8
431 469 21
431 497 19
431 504 9
431 543 15
431 574 23
431 580 15
432 452 17
432 454 1
432 461 7
432 470 20
432 509 3
432 511 16
432 538 14
432 554 7
432 557 18
432 560 20
432 570 14
432 580 18
432 587 8
432 592 17
432 593 4
433 450 10
433 471 15
433 485 19
433 504 22
433 530 23
433 545 8
433 546 11
433 555 4
433 575 18
433 578 20
433 583 1
434 450 13
434 459 3
434 464 15
434 491 11
434 580 19
434 597 8
435 461 13
435 479 1
435 483 3
435 488 15
435 514 18
435 525 18
435 559 23
436 462 11
436 488 14
436 503 11
436 506 3
436 536 21
436 540 5
436 551 8
437 439 8
437 470 19
437 480 1
437 484 4
437 487 19
437 489 11
437 513 14
437 531 22
437 544 5
437 570 10
437 584 24
438 440 18
438 442 12
438 519 14
438 521 5
438 527 7
438 546 23
438 547 17
438 558 7
438 588 25
439 465 8
439 469 2
439 480 20
439 491 7
439 511 12
439 516 8
439 535 19
440 463 16
440 482 6
440 488 23
440 495 23
440 503 13
440 553 17
440 570 25
440 572 18
440 583 10
441 509 10
441 511 8
441 528 8
441 529 15
441 541 17
441 561 6
441 572 9
441 586 3
441 594 21
442 450 13
442 464 11
442 474 19
442 486 6
442 490 20
442 492 20
442 507 13
442 545 21
442 573 14
442 590 21
443 451 7
443 466 24
443 477 14
443 479 24
443 492 6
443 494 12
443 509 21
443 514 18
443 524 3
443 551 20
443 553 12
443 578 14
443 581 5
444 447 19
444 450 23
444 473 21
444 506 10
444 516 3
444 527 4
444 532 14
444 574 1
444 578 16
445 471 24
445 480 19
445 484 21
445 536 18
445 553 15
445 559 10
445 588 15
446 462 6
446 482 5
446 526 23
446 531 6
446 554 18
446 555 21
446 578 11
446 594 6
447 466 16
447 478 5
447 488 8
447 530 11
447 582 16
447 589 23
448 484 17
448 517 9
448 523 20
448 531 12
448 537 20
448 541 25
449 467 15
449 468 8
449 486 25
449 514 7
449 525 6
449 549 20
449 592 4
449 595 1
450 464 9
450 479 15
450 512 17
450 524 16
450 540 21
450 597 15
451 477 21
451 530 15
451 538 10
451 548 8
451 575 21
451 586 1
451 590 12
452 515 5
452 518 11
452 534 4
452 559 3
452 598 2
453 519 12
453 524 22
453 553 15
453 570 6
453 579 21
453 583 6
453 592 15
454 504 22
454 516 12
454 530 23
454 572 16
454 589 17
455 479 25
455 482 2
455 497 8
455 506 16
455 517 17
455 523 3
455 534 5
455 572 15
456 462 17
456 464 15
456 484 22
456 499 12
456 504 15
456 513 9
456 530 17
456 533 2
456 537 12
456 541 19
456 550 5
456 551 1
456 552 17
456 554 19
456 561 8
456 562 15
456 567 1
457 473 23
457 474 11
457 476 14
457 501 22
457 507 4
457 514 5
457 515 21
457 529 5
457 546 12
457 563 11
457 575 23
457 581 16
457 592 16
458 459 12
458 462 7
458 477 7
458 479 9
458 486 19
458 501 21
459 472 19
459 534 12
459 540 24
459 553 5
459 596 7
460 462 3
460 467 7
460 509 25
460 527 23
460 563 15
460 575 14
460 587 23
460 590 14
461 502 2
461 527 11
461 555 10
461 562 7
461 577 17
462 495 7
462 503 13
462 542 5
462 560 17
462 577 10
462 598 20
463 467 9
463 482 24
463 483 1
463 493 15
463 553 7
463 585 21
464 472 12
464 491 25
464 503 7
464 504 10
464 531 6
464 549 15
464 561 14
464 581 15
465 473 15
465 494 11
465 514 4
465 517 5
465 523 10
465 531 19
465 554 6
465 563 20
465 575 5
466 501 12
466 510 13
466 555 11
466 588 1
467 471 17
467 481 4
467 492 11
467 499 11
467 500 13
467 514 11
467 524 14
467 561 4
467 596 17
468 507 11
468 541 16
468 570 18
468 597 20
469 507 2
469 529 25
469 549 9
469 563 16
470 481 14
470 496 23
470 502 3
470 504 19
470 510 3
470 536 13
470 542 14
470 547 10
470 570 9
470 580 18
471 472 24
471 485 22
471 494 5
471 511 24
471 547 15
471 562 9
471 585 11
472 510 1
472 512 23
472 537 21
472 548 16
472 582 3
473 478 14
473 483 1
473 505 20
473 584 8
473 586 20
473 593 22
474 482 8
474 490 6
474 517 14
474 533 23
474 552 5
475 485 16
475 511 19
475 519 9
475 534 3
475 580 7
475 597 19
476 480 14
476 488 2
476 499 19
476 517 10
476 536 6
476 539 19
476 557 24
477 484 16
477 532 5
478 513 1
478 518 13
478 549 2
478 552 16
478 571 18
478 585 16
479 525 19
479 530 12
479 586 25
479 590 15
480 490 8
480 499 9
480 527 20
480 532 21
480 535 7
480 586 25
480 588 14
480 597 25
481 488 8
481 527 16
481 537 6
481 549 3
481 561 6
481 581 9
482 508 23
482 524 15
482 535 15
482 571 17
482 577 16
482 586 5
483 513 23
483 523 16
483 540 20
483 552 24
483 575 9
483 585 12
483 598 16
484 525 4
484 537 25
484 599 16
485 497 18
485 526 8
486 505 24
486 521 15
486 526 5
486 563 7
486 575 16
487 506 18
487 516 8
487 531 23
487 539 11
487 546 16
487 559 3
487 567 16
487 586 24
487 587 25
488 507 8
488 521 13
488 530 16
489 503 23
489 532 20
489 539 15
489 545 15
489 551 16
489 595 14
489 596 25
490 495 4
490 507 6
490 521 5
490 546 3
491 499 23
491 501 25
491 519 12
491 563 22
491 575 14
491 577 17
491 587 5
492 493 4
492 535 11
492 539 13
492 548 3
492 556 23
492 570 3
493 497 5
493 515 14
493 525 1
493 548 7
493 556 23
493 594 16
494 507 24
494 529 22
494 531 12
494 535 14
494 573 13
494 577 2
495 599 4
496 502 15
496 508 5
496 518 9
496 521 19
496 524 9
496 527 7
496 546 18
496 555 21
496 565 5
496 578 6
496 591 14
497 518 9
497 544 11
497 554 24
497 563 23
497 571 14
497 583 22
497 586 2
498 506 20
498 515 12
498 548 3
498 572 3
498 576 9
498 586 20
499 502 2
499 513 5
499 518 6
499 524 17
500 536 19
500 538 7
501 521 22
501 527 8
501 553 13
501 560 5
501 590 2
502 570 21
503 511 13
503 514 19
503 539 18
503 542 17
503 562 2
503 571 6
503 581 3
503 588 12
504 511 5
504 514 2
504 554 2
504 579 3
505 544 4
505 566 24
505 588 14
506 516 8
506 518 1
506 528 22
506 529 4
506 531 4
506 543 3
506 590 9
507 528 22
507 530 21
507 542 17
507 548 18
508 537 4
508 543 6
508 589 23
509 510 7
509 560 3
509 562 10
509 564 2
509 565 21
509 573 4
509 576 3
510 522 1
510 523 8
510 535 17
510 536 7
510 538 11
510 543 20
510 550 9
510 559 14
511 512 18
511 536 22
511 537 23
511 550 21
511 590 20
512 516 1
512 533 24
512 584 22
512 589 9
512 593 21
513 559 20
513 570 2
513 598 13
514 552 25
514 572 7
515 522 12
515 563 6
515 572 10
515 590 24
516 519 7
516 547 5
516 579 4
516 596 12
517 520 7
517 578 11
517 582 5
517 586 14
517 599 21
518 582 24
519 557 22
520 544 12
520 548 19
520 564 19
520 571 9
520 584 14
521 523 15
521 553 10
521 571 12
521 582 12
521 583 20
521 593 9
521 596 8
522 598 22
523 546 24
523 568 7
523 571 3
523 577 10
523 599 14
524 579 14
524 590 10
525 531 20
525 549 18
525 572 13
525 573 8
525 585 25
525 591 25
525 593 12
526 558 15
526 585 23
527 554 13
527 555 11
527 569 9
527 586 6
528 536 6
528 541 19
528 542 19
528 550 21
528 593 5
529 558 7
529 565 9
529 593 25
530 594 16
531 548 16
531 569 23
531 572 16
531 589 24
531 591 2
532 544 25
532 549 12
532 595 16
533 536 10
533 565 8
534 541 10
534 549 22
534 568 18
535 552 11
535 553 24
535 555 4
535 568 25
535 572 21
536 597 16
536 598 11
537 559 4
537 580 21
537 587 16
538 575 24
538 584 16
538 586 13
538 588 4
538 589 23
539 570 21
539 597 3
540 553 15
540 564 11
540 566 25
540 573 5
540 583 11
540 598 1
541 543 6
541 554 22
541 573 18
541 591 17
542 575 7
542 583 3
544 570 16
545 551 24
545 591 13
545 599 14
546 587 4
546 599 15
547 563 9
547 585 22
548 565 2
548 585 14
549 551 19
550 575 17
550 579 12
550 587 10
550 591 7
551 588 15
551 589 9
551 592 2
552 574 17
552 584 25
552 587 15
552 588 18
553 595 4
554 577 25
555 562 21
558 562 11
558 575 24
558 595 13
559 586 3
560 561 5
560 563 17
560 565 18
560 596 5
561 578 7
562 567 6
562 589 8
563 573 21
563 584 16
564 595 6
565 575 22
566 583 4
569 588 25
570 591 15
571 583 17
571 592 11
572 580 21
572 585 7
573 579 19
573 587 23
574 592 25
574 597 18
575 581 14
575 589 20
576 598 23
581 594 13
582 585 15
582 595 8
583 591 11
585 595 4
589 595 12
593 598 17
594 596 21
600 299 78
601 599 16
600 601 94
602 619 1
602 647 2
602 688 1
602 703 7
602 724 3
602 762 5
602 791 6
602 796 1
602 821 2
602 825 5
602 833 3
602 836 10
602 837 7
602 845 1
602 855 10
602 874 10
602 878 2
603 613 7
603 627 6
603 655 2
603 660 1
603 676 6
603 734 6
603 796 4
603 837 1
603 846 4
603 860 3
603 868 5
603 875 8
603 898 8
603 900 4
604 613 10
604 649 9
604 654 6
604 705 6
604 723 3
604 756 3
604 806 3
604 832 3
604 836 6
604 843 7
604 853 7
604 858 6
604 877 6
604 887 8
605 609 7
605 611 7
605 619 1
605 627 6
605 649 2
605 663 2
605 680 6
605 683 9
605 709 9
605 770 9
605 782 9
605 789 3
605 805 2
605 824 6
605 842 2
606 655 9
606 727 1
606 761 1
606 762 9
606 766 8
606 803 6
606 804 2
606 805 10
606 817 1
606 827 4
606 849 6
606 850 9
606 855 1
606 856 3
606 872 4
607 613 10
607 615 9
607 646 10
607 647 10
607 654 4
607 655 3
607 668 3
607 675 2
607 686 1
607 733 1
607 740 10
607 746 2
607 751 5
607 753 3
607 773 7
607 791 6
607 805 1
607 855 9
607 857 6
607 868 2
608 615 6
608 636 4
608 651 3
608 684 6
608 689 4
608 695 8
608 718 3
608 729 2
608 751 10
608 753 5
608 757 6
608 771 9
608 775 3
608 777 5
608 844 8
608 870 9
608 877 8
609 611 2
609 654 10
609 659 10
609 698 3
609 701 9
609 759 1
609 773 7
609 805 2
609 807 9
609 813 3
609 821 4
609 859 7
609 883 10
610 629 5
610 660 5
610 690 3
610 722 9
610 723 10
610 751 8
610 766 7
610 785 2
610 790 2
610 796 6
610 797 6
610 801 7
610 834 7
610 838 10
610 865 3
610 884 6
610 891 10
611 627 2
611 658 8
611 660 9
611 671 4
611 720 10
611 760 10
611 776 4
611 798 8
611 799 3
611 819 5
611 835 2
611 844 8
611 854 3
611 855 2
611 856 3
611 862 7
611 863 6
611 891 3
612 615 8
612 632 4
612 649 9
612 662 9
612 679 5
612 694 7
612 730 6
612 776 3
612 778 3
612 819 8
613 617 7
613 709 8
613 714 7
613 764 1
613 778 7
613 779 8
613 785 4
613 808 8
613 834 7
613 838 7
613 848 6
613 860 1
613 863 3
613 871 7
613 873 8
613 877 6
613 901 10
614 619 2
614 633 2
614 659 6
614 678 5
614 753 10
614 794 1
614 831 3
614 835 10
615 629 7
615 664 1
615 670 8
615 686 1
615 690 3
615 693 5
615 715 7
615 720 3
615 729 3
615 743 7
615 770 9
615 792 10
615 799 2
615 819 7
615 893 8
615 898 9
616 648 4
616 653 10
616 672 3
616 689 10
616 692 8
616 693 8
616 695 10
616 697 9
616 702 10
616 708 7
616 711 5
616 742 9
616 750 9
616 815 10
616 836 10
616 841 5
616 869 10
616 874 7
617 618 7
617 621 5
617 665 3
617 667 5
617 677 7
617 719 6
617 731 4
617 755 5
617 760 7
617 770 5
617 798 3
617 803 7
617 842 5
617 850 6
617 870 6
617 876 8
618 648 8
618 662 5
618 745 5
618 757 9
618 832 4
618 833 4
618 855 7
618 864 10
618 877 4
618 887 5
619 636 9
619 647 6
619 668 1
619 670 1
619 690 2
619 692 7
619 701 5
619 706 5
619 725 1
619 795 1
619 797 2
619 814 4
619 822 7
619 825 10
619 870 9
619 879 2
619 883 8
620 658 5
620 667 7
620 712 4
620 716 2
620 725 4
620 740 8
620 751 7
620 764 4
620 775 3
620 824 2
620 826 10
620 838 3
620 848 8
620 859 4
620 883 3
621 641 3
621 650 6
621 652 3
621 656 4
621 680 2
621 684 7
621 716 10
621 735 5
621 773 9
621 873 3
621 886 10
622 634 8
622 669 5
622 672 10
622 682 9
622 688 2
622 711 5
622 713 7
622 729 7
622 746 6
622 835 1
622 866 5
622 887 4
622 892 6
622 893 9
623 636 6
623 663 6
623 698 3
623 753 3
623 771 1
623 781 6
623 796 7
623 798 7
623 800 10
623 842 2
623 851 10
623 858 9
623 861 4
623 887 4
624 645 9
624 654 8
624 713 6
624 726 6
624 775 2
624 776 5
624 808 6
624 809 6
624 817 1
624 824 3
624 873 2
624 874 9
625 642 5
625 672 8
625 703 2
625 715 10
625 722 7
625 730 9
625 747 5
625 818 1
625 855 1
626 628 8
626 638 8
626 661 9
626 672 4
626 687 10
626 688 1
626 699 3
626 707 8
626 725 4
626 744 9
626 754 8
626 765 1
626 774 4
626 810 4
626 816 5
626 817 10
626 824 9
626 846 10
626 897 1
627 630 1
627 632 3
627 645 9
627 671 5
627 672 1
627 686 2
627 695 7
627 699 9
627 708 1
627 726 3
627 734 9
627 735 3
627 763 10
627 804 9
627 823 2
627 854 3
627 855 8
628 664 2
628 672 8
628 688 7
628 731 7
628 733 6
628 747 4
628 759 9
628 776 1
628 809 7
628 813 5
628 831 10
629 636 8
629 648 6
629 655 2
629 664 10
629 682 9
629 723 10
629 768 7
629 793 1
629 808 4
629 811 3
629 816 1
629 820 4
629 826 7
629 828 1
630 647 6
630 726 7
630 752 9
630 758 7
630 797 1
630 849 6
630 893 10
631 633 10
631 661 2
631 674 8
631 682 5
631 687 6
631 689 9
631 691 7
631 693 4
631 701 3
631 727 7
631 743 3
631 780 9
631 785 10
631 796 5
631 818 9
631 827 2
631 840 1
632 637 9
632 662 5
632 664 5
632 672 9
632 678 8
632 688 1
632 691 9
632 710 3
632 712 9
632 721 10
632 774 10
632 777 2
632 794 5
632 893 1
632 899 1
633 653 9
633 778 9
633 847 6
633 895 6
634 644 7
634 651 4
634 680 1
634 750 1
634 766 10
634 828 4
634 836 9
634 874 2
634 875 8
634 886 9
634 890 3
634 893 10
635 660 7
635 681 7
635 715 6
635 717 7
635 725 4
635 743 8
635 747 8
635 764 8
635 807 7
635 821 7
635 828 9
635 837 8
635 842 1
635 857 10
636 638 10
636 647 1
636 652 10
636 667 5
636 677 6
636 719 8
636 734 9
636 742 7
636 760 8
636 784 10
636 859 2
636 889 7
636 900 3
637 642 1
637 689 7
637 709 5
637 724 2
637 736 4
637 754 3
637 778 7
637 802 2
637 826 6
637 847 6
637 871 9
637 873 6
637 876 4
637 897 5
638 660 4
638 665 3
638 676 8
638 677 5
638 689 3
638 690 10
638 691 4
638 705 9
638 707 6
638 735 1
638 744 9
638 772 4
638 785 9
638 790 1
638 811 7
638 820 7
638 834 3
638 854 7
639 650 3
639 651 8
639 652 10
639 664 8
639 669 10
639 677 8
639 683 2
639 688 8
639 708 3
639 715 10
639 720 3
639 727 9
639 741 7
639 746 8
639 759 1
639 812 6
639 822 3
639 841 5
639 846 5
639 849 6
639 853 4
639 863 2
640 642 9
640 686 2
640 693 7
640 717 9
640 739 2
640 760 3
640 783 7
640 852 5
641 642 1
641 646 1
641 667 4
641 680 10
641 732 1
641 745 5
641 749 9
641 821 2
641 847 2
641 851 4
641 882 3
642 645 6
642 651 2
642 654 9
642 663 4
642 699 4
642 706 6
642 738 6
642 759 9
642 761 1
642 771 3
642 775 2
642 791 2
642 797 1
642 798 5
642 886 1
642 897 1
642 899 9
643 664 3
643 682 7
643 701 5
643 702 4
643 833 8
643 859 8
643 872 5
643 877 8
643 901 2
644 652 4
644 678 1
644 704 6
644 727 7
644 775 3
644 791 1
644 799 10
644 812 2
644 825 4
644 872 3
644 878 7
644 884 9
644 889 3
645 657 9
645 669 4
645 746 6
645 767 3
645 778 6
645 786 1
645 789 3
645 811 7
645 869 1
645 879 5
645 884 5
646 665 5
646 687 10
646 696 2
646 700 4
646 701 7
646 721 1
646 723 7
646 752 2
646 777 1
646 783 2
646 796 10
646 806 6
646 858 3
646 868 9
646 875 7
646 896 8
647 684 3
647 687 5
647 723 9
647 730 6
647 802 6
647 805 2
647 814 1
647 825 8
647 834 7
647 848 3
647 853 10
647 875 5
648 670 3
648 705 6
648 730 10
648 736 7
648 762 8
648 766 3
648 832 2
648 835 4
648 846 6
648 848 9
648 854 5
649 675 8
649 676 2
649 680 4
649 681 3
649 683 4
649 700 4
649 778 1
649 780 4
649 791 6
649 824 6
649 826 2
649 845 1
649 873 1
649 879 5
649 891 4
650 671 10
650 740 1
650 743 6
650 765 1
650 781 8
650 804 9
650 865 6
650 877 7
651 678 7
651 685 5
651 697 1
651 699 9
651 704 8
651 707 6
651 719 9
651 724 4
651 743 4
651 753 10
651 787 7
651 806 8
651 820 6
651 836 2
651 886 9
651 892 9
652 653 8
652 668 6
652 705 2
652 718 10
652 725 8
652 728 6
652 744 3
652 747 7
652 763 8
652 766 9
652 802 7
652 809 5
652 822 9
652 840 4
652 847 3
652 873 7
652 882 9
652 901 4
653 658 5
653 696 8
653 707 9
653 744 5
653 747 2
653 749 4
653 756 5
653 781 10
653 789 2
653 805 2
653 809 2
653 810 2
653 811 2
653 817 9
654 695 7
654 702 3
654 728 8
654 759 4
654 762 8
654 776 3
654 831 10
654 833 7
654 847 1
654 848 8
654 879 2
654 885 1
655 674 1
655 687 4
655 785 7
655 810 1
656 687 9
656 705 4
656 722 9
656 726 10
656 751 8
656 773 2
656 779 5
656 781 4
656 785 1
656 803 6
656 824 5
656 828 2
656 858 9
657 661 8
657 663 10
657 688 5
657 692 10
657 729 10
657 749 8
657 756 9
657 768 2
657 783 9
657 811 6
657 893 4
658 683 6
658 686 9
658 695 4
658 708 9
658 711 4
658 736 10
658 761 1
658 770 3
658 785 5
658 802 9
658 824 2
658 885 3
658 896 2
659 694 6
659 728 8
659 763 3
659 774 4
659 782 3
659 792 4
659 814 4
659 824 2
659 831 6
659 839 9
659 873 2
659 888 5
660 686 6
660 722 10
660 778 8
660 810 7
660 812 7
660 836 1
660 860 2
660 861 5
660 868 6
660 888 2
660 894 9
661 673 7
661 677 3
661 731 1
661 741 2
661 742 3
661 761 4
661 791 6
661 793 5
661 799 1
661 804 3
661 807 7
661 835 6
661 868 7
661 877 2
661 883 10
661 888 9
662 675 7
662 680 8
662 684 10
662 708 3
662 712 5
662 727 1
662 754 10
662 813 1
662 814 8
662 822 2
662 824 5
662 871 4
662 875 7
662 896 8
663 677 2
663 681 4
663 729 10
663 743 4
663 762 7
663 769 5
663 790 7
663 832 2
663 850 9
663 851 8
663 854 4
663 871 7
664 687 5
664 707 1
664 739 8
664 741 4
664 759 1
664 761 7
664 833 3
665 671 10
665 725 9
665 735 8
665 756 2
665 764 9
665 784 10
665 789 9
665 829 2
665 830 6
665 850 3
666 669 9
666 674 4
666 727 6
666 736 4
666 742 3
666 753 10
666 830 2
666 885 9
667 706 6
667 712 3
667 753 7
667 770 5
667 796 8
667 809 5
667 834 2
667 876 10
667 886 5
667 893 5
667 894 10
668 689 1
668 711 10
668 772 9
668 791 1
668 796 7
668 805 3
668 810 1
668 817 8
668 827 3
668 835 3
668 842 4
668 883 5
669 671 1
669 674 7
669 702 3
669 707 6
669 752 1
669 778 2
669 780 7
669 781 10
669 796 9
669 801 1
669 805 8
669 817 6
669 818 8
669 836 3
669 838 7
669 866 8
670 672 9
670 682 3
670 707 7
670 731 1
670 756 2
670 759 8
670 777 1
670 808 8
670 832 2
670 833 4
670 837 8
670 838 4
670 840 6
670 883 1
671 731 1
671 737 8
671 765 9
671 770 3
671 776 3
671 786 9
671 810 4
671 812 1
671 850 8
671 852 4
671 890 1
672 675 8
672 721 9
672 757 10
672 766 2
672 772 5
672 801 9
672 836 10
672 840 8
672 842 8
672 868 2
672 871 9
673 689 7
673 702 4
673 703 9
673 757 8
673 765 7
673 766 6
673 775 1
673 806 2
673 828 8
673 859 1
673 868 1
674 761 8
674 797 3
674 809 5
674 815 6
674 818 8
674 832 5
674 846 6
674 892 2
674 897 7
675 680 3
675 689 10
675 690 9
675 746 4
675 754 5
675 800 7
675 804 5
675 817 4
675 822 4
675 863 6
675 870 4
675 873 2
675 886 1
675 892 2
676 709 9
676 735 8
676 756 9
676 777 10
676 843 1
676 895 8
677 685 2
677 696 2
677 714 5
677 737 7
677 762 6
677 768 1
677 899 4
678 679 3
678 686 8
678 718 5
678 731 1
678 746 2
678 758 7
678 759 9
678 780 7
678 809 3
678 815 8
678 836 1
678 865 6
678 880 3
678 887 8
679 702 9
679 713 5
679 716 8
679 722 3
679 749 3
679 756 7
679 770 1
679 802 4
679 810 8
679 824 1
679 858 8
679 866 9
679 887 5
680 704 4
680 709 6
680 720 7
680 742 7
680 768 8
680 770 4
680 775 4
680 787 9
680 821 7
680 848 10
680 849 7
680 861 3
680 890 2
680 901 6
681 691 5
681 692 7
681 722 9
681 833 2
681 847 7
681 857 3
681 870 2
681 890 9
682 699 7
682 718 8
682 776 2
682 812 1
682 868 5
682 874 2
682 883 10
683 690 5
683 721 8
683 751 3
683 793 1
683 833 5
683 834 9
683 854 8
683 872 10
684 704 2
684 726 8
684 745 7
684 748 1
684 751 7
684 795 1
684 801 4
684 806 2
684 880 6
684 883 2
684 895 10
684 901 9
685 709 9
685 722 2
685 739 10
685 740 9
685 742 1
685 766 8
685 768 2
685 788 3
685 795 4
685 811 3
685 835 2
685 839 9
685 844 3
685 863 4
685 879 9
686 694 7
686 738 2
686 753 8
686 780 8
686 781 6
686 792 6
686 808 6
686 810 8
686 846 4
686 856 7
686 883 2
686 885 5
686 894 4
687 721 3
687 737 5
687 755 2
687 765 3
687 826 8
687 838 2
687 858 2
687 874 10
687 889 1
687 899 3
688 709 2
688 738 4
688 755 8
688 760 3
688 773 4
688 789 2
688 834 8
688 850 4
688 852 8
688 865 2
688 878 2
688 880 7
688 884 7
688 900 9
689 695 3
689 707 6
689 740 2
689 742 1
689 820 7
690 694 8
690 697 4
690 702 2
690 712 4
690 735 5
690 737 4
690 752 4
690 757 8
690 778 7
690 795 3
690 838 8
690 846 2
690 867 5
690 880 4
691 698 1
691 715 9
691 744 7
691 772 2
691 796 7
691 797 1
691 807 1
691 815 8
691 828 4
691 835 7
691 843 6
691 872 2
691 886 1
691 891 1
692 742 5
692 756 3
692 802 8
692 807 2
692 809 6
692 866 1
692 877 8
693 706 3
693 749 4
693 752 1
693 759 10
693 814 3
693 837 3
693 860 10
693 870 4
694 710 7
694 712 3
694 727 6
694 731 8
694 757 1
694 758 7
694 765 4
694 795 1
694 799 9
694 832 3
694 842 6
694 843 7
694 848 8
694 874 9
695 725 10
695 727 8
695 728 3
695 731 2
695 857 7
695 894 7
696 707 10
696 712 7
696 747 4
696 761 4
696 768 3
696 803 4
696 808 5
696 838 7
696 845 8
696 866 4
696 870 10
696 885 7
696 892 8
697 718 7
697 739 4
697 777 9
697 846 3
697 862 7
697 894 1
698 709 3
698 718 1
698 743 7
698 763 9
698 846 8
698 849 5
698 871 8
699 722 5
699 741 10
699 754 10
699 787 4
699 803 8
699 811 1
699 834 10
699 838 1
699 859 4
699 860 4
699 865 6
699 866 8
699 870 10
699 885 3
699 892 4
700 715 1
700 738 9
700 751 1
700 754 7
700 759 4
700 768 1
700 787 1
700 791 10
700 850 2
700 863 3
701 712 10
701 732 10
701 747 4
701 758 9
701 761 6
701 763 1
701 797 4
701 803 5
701 818 2
701 823 7
701 881 2
701 882 2
702 708 8
702 729 4
702 756 7
702 760 4
702 786 9
702 830 5
702 832 3
702 837 4
702 856 8
702 875 4
703 727 4
703 733 10
703 757 2
703 792 8
703 834 1
703 838 3
703 855 9
703 875 2
704 817 7
704 826 1
704 828 3
704 841 10
704 845 9
704 870 8
704 878 1
704 882 4
704 884 3
704 886 4
704 899 2
705 710 6
705 732 8
705 763 10
705 768 10
705 816 4
705 817 5
705 840 10
705 850 10
705 874 7
706 755 5
706 765 7
706 805 2
706 822 9
706 839 9
706 850 4
706 880 6
707 749 9
707 769 8
707 778 4
707 784 2
707 799 4
707 838 4
707 851 4
707 870 6
707 899 5
708 744 1
708 761 8
708 791 8
708 826 3
708 829 1
708 830 10
708 834 1
708 856 8
709 718 1
709 728 10
709 759 4
709 769 5
709 792 1
709 815 3
710 730 3
710 819 6
710 828 2
710 842 7
710 865 6
710 880 10
711 715 10
711 729 1
711 746 8
711 758 9
711 772 6
711 789 9
711 859 4
711 862 2
712 747 2
712 804 9
712 812 6
712 831 2
712 844 8
712 882 3
713 722 7
713 724 9
713 730 4
713 743 7
713 744 8
713 747 6
713 777 8
713 807 1
713 816 2
713 819 10
713 847 6
713 885 5
714 744 7
714 755 7
714 770 1
714 771 2
714 817 6
714 830 2
714 844 2
714 862 5
715 771 2
715 792 10
715 800 3
715 814 5
715 835 1
715 866 6
716 717 6
716 736 6
716 761 9
716 769 3
716 771 10
716 783 7
716 812 3
716 830 6
716 837 5
716 859 1
716 861 1
716 871 4
716 874 3
716 881 5
717 720 4
717 729 8
717 740 1
717 745 10
717 752 6
717 766 1
717 768 4
717 835 3
717 838 4
717 841 7
717 846 7
717 891 5
717 895 6
718 749 1
718 765 1
718 787 6
718 788 8
718 799 6
718 834 3
718 870 7
718 893 1
718 896 3
719 753 3
719 760 3
719 776 10
719 795 10
719 802 5
719 814 2
719 842 3
719 859 8
719 864 6
719 885 6
719 889 7
720 740 6
720 766 8
720 775 3
720 797 8
720 804 3
720 810 7
720 832 1
720 838 9
720 844 4
720 845 7
720 849 5
720 851 6
720 856 10
720 860 10
721 733 4
721 735 7
721 765 5
721 793 10
721 794 7
721 798 7
721 828 4
721 881 2
722 740 8
722 746 3
722 798 6
722 806 9
722 809 8
722 826 5
723 751 5
723 752 3
723 777 4
723 783 10
723 788 2
723 812 6
723 818 8
723 875 4
724 734 4
724 735 10
724 798 3
724 800 7
724 812 9
724 873 9
725 749 3
725 769 8
725 775 8
725 790 6
725 810 6
725 815 4
725 826 7
725 859 3
725 861 10
725 863 2
725 878 6
726 737 7
726 801 7
726 816 1
726 826 8
726 848 4
726 882 8
726 888 2
727 735 8
727 738 1
727 741 3
727 756 2
727 809 8
727 841 2
727 848 5
727 857 1
727 879 2
727 899 9
728 752 10
728 760 2
728 830 9
728 888 2
729 738 1
729 800 9
729 814 9
729 853 6
729 871 2
729 888 7
729 897 10
730 744 2
730 759 8
730 789 5
730 800 10
730 824 6
730 848 8
730 869 9
731 734 9
731 761 5
731 792 10
731 825 7
731 859 7
732 771 3
732 782 10
732 790 4
732 802 4
732 814 6
732 821 6
732 828 7
732 830 5
732 834 5
732 883 10
732 889 3
732 900 6
733 749 10
733 777 1
733 795 6
733 858 6
734 772 3
734 786 2
734 789 7
734 800 6
734 822 2
734 823 2
734 835 7
734 836 7
735 741 1
735 744 6
735 787 6
735 791 5
735 799 7
735 801 4
735 813 1
735 845 1
735 862 3
736 741 6
736 802 7
736 811 8
736 821 1
736 823 3
736 894 4
737 767 6
737 777 3
737 802 9
737 811 3
737 825 4
737 834 1
737 895 9
738 759 1
738 762 5
738 770 2
738 774 8
738 787 2
738 797 3
738 802 1
738 824 1
738 874 10
738 882 1
738 885 8
738 893 7
739 765 5
739 785 4
739 800 2
739 823 7
739 843 7
739 863 6
739 874 4
739 893 3
740 790 3
740 794 4
740 817 5
740 819 9
740 834 1
740 841 9
740 847 9
740 852 6
740 871 5
740 887 1
741 744 4
741 764 5
741 765 6
741 786 5
741 792 4
741 805 9
741 820 10
741 824 4
741 851 1
741 871 9
741 899 4
742 746 8
742 770 7
742 794 10
742 808 4
742 821 8
742 825 8
742 830 10
742 841 3
742 842 1
742 848 2
742 879 7
742 885 7
743 745 8
743 774 7
743 775 9
743 779 9
743 809 5
744 749 4
744 750 3
744 783 6
744 796 9
744 808 9
744 830 3
744 841 6
744 863 3
744 880 3
744 882 5
745 747 8
745 791 4
745 806 5
745 809 4
745 848 1
745 850 1
745 878 3
745 889 4
746 749 8
746 788 3
746 882 5
746 886 10
747 817 5
747 839 6
747 849 8
747 856 3
747 861 4
747 863 5
747 896 2
747 900 2
748 790 9
748 813 7
748 883 6
749 770 6
749 787 6
749 799 4
749 806 10
749 861 1
749 873 8
749 888 5
749 899 7
749 900 6
750 767 8
750 771 1
750 780 9
750 785 10
750 809 1
750 817 3
750 820 6
750 846 10
750 847 5
750 858 10
750 897 1
751 779 10
751 850 6
751 855 8
751 873 4
751 876 1
751 877 2
751 900 5
752 759 2
752 763 3
752 783 4
752 784 9
752 800 10
752 884 9
753 773 2
753 776 10
753 814 1
753 815 10
753 833 4
753 894 7
754 768 5
754 769 3
754 778 7
754 786 3
754 817 2
754 831 7
754 863 7
754 886 9
755 770 6
755 773 2
755 813 9
755 825 6
755 840 3
756 782 6
756 808 5
756 832 6
756 834 6
756 848 7
756 881 3
756 893 9
757 760 1
757 780 6
757 818 7
757 826 10
757 847 6
757 848 8
757 851 1
757 867 6
757 875 9
757 881 6
758 787 2
758 788 5
758 799 8
758 810 8
758 811 9
758 866 2
758 882 6
758 901 6
759 764 10
759 767 3
759 786 7
759 790 8
759 794 10
759 819 1
759 853 5
759 861 4
759 865 8
759 884 10
760 787 2
760 794 10
760 800 8
760 820 4
760 853 7
760 884 4
760 891 4
760 897 2
761 775 4
762 791 6
762 826 9
762 834 2
762 879 2
762 890 10
763 772 9
763 874 1
763 887 9
763 898 7
763 900 2
764 821 6
764 827 2
764 829 4
764 837 8
764 842 8
764 856 3
764 870 9
764 881 10
764 884 8
765 773 5
765 775 8
765 779 7
765 782 8
765 803 9
765 812 7
765 851 2
765 862 6
765 870 2
766 767 5
766 794 9
766 804 5
766 805 2
766 815 8
766 817 9
766 820 3
766 822 7
766 824 7
766 832 4
766 865 8
766 873 3
766 874 7
766 881 3
767 773 7
767 797 2
767 799 3
767 817 6
767 828 5
767 881 1
768 801 6
768 803 2
768 804 7
768 826 3
768 829 10
768 888 5
768 891 1
769 779 6
769 786 6
769 803 8
769 810 8
769 827 2
769 843 7
769 852 4
769 859 3
769 863 4
769 898 2
770 779 8
770 783 2
770 794 10
770 843 3
770 852 9
770 859 5
770 880 1
770 890 4
770 896 1
770 897 3
770 901 6
771 791 6
771 795 7
771 823 8
771 832 1
771 870 10
771 876 7
771 891 5
772 775 9
772 790 1
772 792 8
772 846 7
772 872 8
773 792 5
773 800 6
773 808 9
773 816 1
773 819 9
773 850 3
773 884 6
774 793 3
774 796 10
774 819 10
774 824 2
774 831 4
774 837 10
774 889 8
775 789 5
775 813 3
775 817 8
775 849 7
776 778 10
776 797 6
776 844 5
776 846 10
776 852 8
776 860 4
776 869 6
776 877 3
777 818 4
777 844 8
777 850 10
777 867 10
778 815 5
778 823 6
778 834 7
778 874 5
778 894 7
779 788 6
779 849 7
779 850 4
780 781 8
780 797 9
780 821 3
780 850 1
780 861 2
780 889 3
781 782 1
781 814 8
781 836 7
781 848 10
781 854 4
781 865 7
781 882 5
782 796 8
782 797 8
782 809 3
782 841 3
782 863 3
782 880 5
782 890 7
782 893 10
783 786 6
783 810 8
783 815 6
783 850 1
783 851 5
783 883 10
783 901 9
784 786 2
784 803 6
784 805 5
784 815 1
784 824 6
784 827 7
784 835 3
784 863 10
784 885 1
784 888 3
784 901 7
785 790 10
785 794 3
785 864 3
785 898 8
786 790 7
786 795 2
786 799 5
786 822 1
786 823 7
786 829 9
786 856 5
786 869 3
786 880 10
786 886 2
786 896 2
786 901 5
787 820 5
787 857 8
788 809 4
788 819 3
788 824 9
788 849 1
789 848 7
789 866 9
789 896 7
790 794 6
790 822 2
790 837 8
790 892 8
791 803 4
791 829 4
791 832 7
791 844 8
791 855 8
791 875 4
791 878 7
791 883 2
792 817 10
792 836 7
792 840 8
792 886 8
792 887 4
793 804 10
793 831 7
793 838 5
793 842 3
793 869 1
794 795 9
794 833 1
794 841 4
794 849 4
794 851 1
794 874 7
794 894 2
795 801 10
795 822 3
795 849 9
795 860 3
795 890 10
796 811 7
796 819 8
796 852 5
796 858 5
796 868 6
796 870 5
796 874 9
796 875 2
796 897 6
797 838 8
797 884 8
797 888 3
797 898 8
798 826 1
798 847 4
798 860 4
798 887 8
799 805 6
799 826 7
799 837 8
799 855 8
799 871 10
799 899 3
800 801 9
800 821 6
800 828 5
800 836 10
800 841 10
800 853 3
800 858 2
801 836 1
801 841 1
801 898 9
802 806 8
802 813 6
802 827 4
802 828 2
802 837 6
802 856 7
803 805 7
803 834 3
803 876 7
804 844 1
804 861 10
804 899 9
805 813 4
805 819 6
805 844 6
805 860 1
805 861 2
805 868 6
805 869 9
805 880 3
806 823 8
806 834 9
806 873 1
807 815 2
807 852 8
807 855 2
807 868 7
807 877 9
807 881 3
807 887 7
807 889 9
807 894 2
808 849 4
808 851 5
808 865 3
808 874 9
809 815 1
809 832 1
809 835 4
809 838 7
809 856 3
809 883 5
809 898 8
810 835 6
810 839 10
810 875 3
811 818 6
811 819 3
811 846 8
811 856 6
811 861 6
811 881 8
812 814 4
812 822 8
812 844 9
812 896 3
813 820 9
813 840 7
814 816 1
814 837 3
814 850 4
814 872 2
814 880 4
814 884 7
814 897 6
815 820 8
815 826 8
815 898 8
815 900 10
816 822 1
816 850 7
816 859 2
816 864 5
816 872 4
816 895 7
817 853 5
817 855 6
817 861 5
817 862 7
817 880 6
817 893 2
817 896 4
818 841 3
818 848 8
818 853 1
818 858 3
818 864 10
818 866 2
818 871 10
818 881 3
818 890 4
819 826 5
819 848 4
819 878 8
819 898 3
820 841 9
820 849 7
820 856 10
820 857 6
821 856 7
821 862 10
821 887 2
822 864 8
822 879 7
823 832 5
823 834 7
823 886 3
824 832 3
824 863 3
824 888 9
826 842 10
826 855 4
826 875 5
826 892 2
827 843 3
827 875 7
827 888 6
827 892 3
828 839 8
828 866 5
828 871 7
829 832 4
829 840 9
829 841 10
829 848 1
829 899 4
830 835 10
830 880 9
831 835 3
831 849 5
831 897 5
832 848 5
832 854 9
832 874 3
832 887 1
832 899 5
833 845 1
833 861 3
834 842 7
834 855 3
834 857 3
834 867 6
834 873 8
835 851 9
836 851 9
836 869 3
837 839 6
837 863 5
837 881 5
837 901 5
838 842 1
838 846 1
838 852 8
838 869 2
838 871 2
838 873 10
838 883 5
838 901 1
839 849 9
839 897 9
839 901 7
840 843 5
840 844 5
840 848 5
840 896 9
841 843 7
841 866 2
841 867 9
841 892 9
841 893 10
842 864 3
842 869 4
842 870 8
842 883 1
842 884 4
842 889 6
843 855 3
843 874 1
843 885 2
843 894 9
844 849 8
844 863 3
844 890 1
845 875 5
845 878 4
845 890 2
845 896 7
845 897 10
846 886 4
846 895 7
847 876 8
847 882 10
847 886 1
848 863 5
848 864 7
849 869 10
849 888 1
850 890 10
850 894 8
851 880 2
851 882 9
851 887 3
851 890 5
851 900 6
851 901 5
852 860 10
852 894 4
853 867 9
853 890 1
856 901 7
857 876 7
857 884 8
857 886 1
859 883 9
859 886 4
859 890 6
860 864 2
860 872 10
860 881 5
860 896 5
860 900 6
861 877 5
862 892 6
863 880 9
863 890 9
866 896 2
868 876 8
868 890 9
869 892 1
870 885 7
871 876 10
872 874 2
872 877 9
872 881 6
873 878 7
874 890 3
876 890 6
877 878 2
877 879 1
879 895 8
881 884 9
881 891 9
881 893 7
882 888 9
883 890 9
883 900 10
884 885 7
884 886 10
886 898 2
890 896 1
893 899 6
895 899 9
902 601 93
903 901 10
902 903 22
