904 6735
16 84 92 36 12 70 43 68 60 66 64 95 37 48 10 93 34 12 40 99 3 19 35 15 61 67 98 64 20 88 91 87 23 82 74 34 52 68 54 63 33 17 10 22 16 19 14 50 82 6 100 85 24 87 99 36 53 49 99 72 88 89 10 10 71 83 96 22 50 1 36 34 69 45 55 84 16 21 33 97 78 85 33 1 71 84 36 23 32 87 46 71 75 55 80 45 89 27 18 90 27 54 23 95 50 30 31 65 2 63 62 79 99 46 31 69 29 66 43 12 4 88 82 79 94 14 75 82 40 45 71 19 50 46 65 99 75 95 64 76 10 77 54 8 22 84 77 51 1 19 62 5 59 44 35 52 9 9 86 100 53 8 18 2 53 83 1 27 29 64 2 38 92 7 46 13 42 74 63 43 44 77 99 54 20 33 6 80 93 43 79 46 50 97 99 3 31 51 81 59 66 35 49 57 41 46 70 35 71 32 29 66 8 27 20 79 11 77 58 3 19 89 100 68 85 51 22 67 1 3 77 67 37 25 23 29 22 92 63 92 76 91 58 35 69 77 14 79 5 23 34 23 11 85 42 47 35 16 65 36 18 42 2 6 18 76 86 40 68 49 31 95 91 88 29 60 16 94 90 20 69 75 94 31 60 88 78 94 3 42 81 72 35 34 77 53 10 14 92 29 43 87 63 28 61 97 69 95 100 23 23 69 57 47 66 92 82 24 98 10 37 62 14 65 79 49 34 11 28 72 80 70 58 42 50 70 90 18 65 89 40 39 9 96 37 75 39 18 98 37 28 86 98 93 2 29 41 35 91 69 59 70 90 68 11 39 38 53 57 54 93 96 92 2 44 29 76 82 98 25 18 25 62 68 17 64 48 10 98 38 78 56 8 67 24 70 6 13 22 14 66 67 61 9 68 4 89 95 86 87 71 55 63 32 74 80 95 21 89 45 59 18 52 66 36 27 87 93 39 61 6 56 27 67 17 94 22 5 40 59 43 10 14 6 41 39 85 88 60 25 84 18 94 35 35 29 62 21 22 52 33 79 60 59 97 76 4 19 32 43 77 75 52 42 80 45 33 16 84 92 40 67 61 33 1 47 13 14 19 86 18 52 17 29 10 13 4 14 83 87 56 12 61 60 5 40 56 37 55 39 28 46 5 40 30 57 86 95 23 57 80 92 8 96 20 17 61 75 82 43 61 90 54 22 1 59 13 56 95 20 46 75 65 2 14 47 58 52 41 32 8 72 23 15 68 42 83 80 68 17 22 29 6 76 50 6 34 14 13 80 33 58 54 50 59 20 96 68 71 88 100 78 59 74 44 78 68 26 57 35 94 79 63 99 54 64 56 39 78 20 84 87 56 83 90 100 85 62 46 99 7 97 88 90 18 48 28 52 88 82 2 76 51 83 100 94 31 2 41 100 35 55 84 91 89 25 42 73 87 87 23 93 35 11 34 52 58 62 56 97 43 9 72 45 91 71 39 73 25 31 72 11 37 7 1 26 32 42 98 70 81 73 62 15 83 47 19 92 8 26 41 2 34 12 47 76 35 37 48 11 67 71 21 55 77 22 80 60 15 30 29 47 2 42 62 36 89 80 27 96 57 19 50 90 31 96 17 17 32 64 27 50 34 47 4 62 20 84 22 87 65 2 33 18 44 46 53 32 77 31 79 33 50 28 74 32 75 90 48 58 53 26 7 38 24 11 52 44 46 73 82 62 26 14 79 69 12 31 52 88 13 31 21 62 10 94 45 37 84 44 94 88 69 1 78 93 63 81 88 60 5 69 21 30 34 99 99 97 81 2 85 45 84 57 59 94 50 3 30 85 47 23 25 15 75 54 59 37 34 46 48 90 66 68 19 52 18 69 48 50 71 84 95 54 40 53 99 42 55 80 78 53 55 54 68 29 7 78 18 92 76 65 81 93 33 100 44 2 20 44 52 90 27 98 44 19 2 42 60 8 22 37 61 76 91 80 56 49 57 73 41 32 90 73 25 74 24 20 75 44 15 78 33 42 75 28 60 28 22 71 36 95 36 87
0 23 12
0 47 22
0 56 25
0 85 5
0 90 12
0 147 3
0 153 14
0 157 4
0 216 24
0 220 3
0 229 1
0 231 17
0 283 5
1 15 19
1 16 24
1 39 14
1 73 6
1 84 3
1 112 9
1 114 10
1 140 20
1 154 15
1 162 6
1 187 6
1 212 25
1 234 9
1 236 8
1 237 11
1 241 23
1 272 24
1 283 16
1 290 11
2 26 23
2 107 15
2 111 15
2 118 11
2 121 20
2 155 3
2 166 16
2 191 18
2 205 8
2 206 16
2 217 11
2 227 12
2 235 12
2 236 9
2 237 2
2 254 19
3 25 12
3 80 10
3 81 4
3 89 8
3 155 1
3 181 9
3 221 13
3 223 1
3 290 20
4 17 23
4 64 13
4 79 17
4 94 23
4 114 4
4 120 2
4 124 22
4 163 20
4 170 17
4 245 9
4 267 14
4 274 21
4 277 25
4 280 8
4 288 5
4 297 17
5 10 20
5 16 16
5 86 3
5 102 6
5 105 17
5 110 22
5 148 17
5 234 4
5 270 2
5 289 1
5 298 4
6 11 12
6 20 15
6 37 6
6 45 6
6 51 12
6 70 21
6 112 22
6 147 12
6 154 1
6 203 1
6 222 8
6 289 20
7 20 19
7 30 19
7 39 11
7 49 14
7 79 18
7 142 20
7 153 19
7 199 11
7 219 15
7 233 11
7 271 14
8 10 20
8 16 5
8 23 12
8 42 13
8 51 8
8 55 15
8 97 15
8 125 13
8 130 1
8 144 4
8 157 21
8 207 7
8 208 18
8 239 16
8 241 5
8 271 6
9 30 16
9 63 5
9 69 13
9 77 12
9 94 23
9 128 8
9 146 22
9 157 14
9 169 25
9 181 19
9 183 9
9 185 13
9 188 8
9 190 19
9 210 3
9 269 4
10 46 25
10 99 14
10 139 18
10 150 9
10 155 5
10 210 7
10 219 22
10 225 5
10 227 10
10 232 19
10 247 11
10 256 4
10 265 11
10 273 18
10 286 9
10 293 3
11 54 22
11 78 24
11 132 14
11 143 22
11 174 6
11 178 13
11 192 12
11 193 8
11 202 6
11 206 20
11 218 20
11 233 15
11 271 15
11 278 22
11 284 20
11 294 15
11 296 12
12 19 12
12 23 23
12 61 16
12 67 18
12 111 21
12 120 22
12 169 4
12 185 16
12 201 8
12 203 10
12 250 1
12 256 2
12 285 18
12 291 3
12 292 23
13 15 18
13 44 19
13 121 21
13 170 1
13 188 6
13 257 7
13 270 8
13 276 13
14 58 1
14 64 4
14 75 2
14 98 16
14 101 2
14 114 21
14 141 7
14 147 15
14 174 7
14 181 6
14 193 5
14 213 1
14 219 4
14 231 1
14 238 4
14 242 19
14 264 10
14 274 13
15 28 22
15 35 11
15 36 8
15 42 1
15 45 11
15 46 2
15 61 19
15 70 6
15 165 2
15 211 24
15 287 15
16 36 11
16 49 11
16 65 15
16 70 14
16 90 14
16 105 7
16 112 15
16 185 11
16 200 15
16 258 6
16 260 19
17 19 21
17 68 10
17 74 19
17 77 1
17 125 13
17 162 25
17 170 21
17 171 24
17 198 14
17 254 17
17 284 12
17 296 23
18 48 18
18 115 24
18 129 25
18 156 13
18 237 6
18 254 1
18 290 12
18 291 20
18 295 12
19 61 24
19 67 12
19 72 2
19 80 15
19 88 18
19 95 19
19 115 25
19 169 10
19 174 24
19 209 21
19 222 5
19 227 11
19 258 14
19 259 7
19 276 23
19 290 15
20 95 2
20 116 23
20 135 6
20 169 21
20 185 11
20 232 3
20 237 15
20 245 9
20 265 2
20 275 2
20 282 15
20 283 5
20 287 15
21 48 9
21 102 16
21 139 14
21 148 20
21 162 17
21 177 5
21 191 15
21 207 12
21 215 6
21 220 24
21 228 11
21 247 1
21 254 5
21 277 21
22 26 17
22 35 11
22 59 20
22 68 6
22 70 14
22 108 19
22 111 11
22 120 9
22 135 5
22 155 14
22 213 23
22 221 13
23 24 17
23 28 25
23 33 4
23 34 21
23 95 14
23 108 13
23 112 13
23 159 4
23 181 9
23 200 7
23 272 8
23 294 23
24 42 18
24 63 14
24 65 23
24 69 3
24 93 16
24 95 4
24 136 25
24 170 7
24 235 14
24 251 21
24 253 15
24 261 3
25 37 15
25 51 2
25 66 13
25 123 21
25 128 17
25 168 11
25 184 10
25 206 9
25 207 12
25 240 14
25 266 4
25 268 2
26 40 1
26 43 19
26 53 6
26 60 11
26 107 25
26 195 15
26 232 11
26 246 17
26 256 5
26 271 8
26 284 22
26 293 21
26 297 12
27 70 23
27 77 4
27 99 2
27 108 19
27 110 18
27 111 6
27 117 10
27 141 20
27 142 19
27 156 7
27 158 11
27 170 6
27 172 16
27 181 21
27 214 17
27 241 4
27 260 25
28 37 20
28 43 6
28 69 18
28 73 25
28 108 17
28 122 19
28 129 17
28 147 2
28 231 10
28 262 23
29 30 11
29 31 8
29 37 18
29 71 22
29 80 6
29 110 22
29 112 1
29 113 1
29 116 16
29 119 6
29 129 10
29 131 12
29 153 1
29 157 18
29 161 23
29 168 6
29 190 8
29 244 18
29 248 24
29 251 12
29 253 19
29 299 19
30 66 19
30 67 13
30 172 20
30 186 10
30 230 6
30 241 11
30 252 13
30 270 18
30 286 9
30 291 24
31 45 25
31 46 3
31 48 22
31 59 5
31 62 1
31 83 24
31 160 7
31 172 19
31 179 5
31 185 18
31 188 5
31 239 5
31 249 10
31 260 2
31 264 13
31 298 18
32 38 22
32 64 11
32 85 6
32 112 17
32 152 6
32 156 24
32 174 5
32 178 1
32 188 11
32 202 12
32 268 13
32 283 23
33 53 6
33 70 23
33 83 23
33 102 6
33 112 3
33 158 22
33 171 12
33 175 3
33 182 20
33 196 19
33 203 23
33 205 24
33 211 11
33 216 3
33 222 6
33 228 23
33 234 6
33 280 18
33 286 15
33 289 2
33 299 5
34 75 22
34 76 21
34 80 11
34 103 20
34 110 2
34 160 11
34 166 5
34 170 13
34 188 25
34 195 5
34 197 21
34 210 23
34 232 4
34 258 1
35 54 25
35 57 25
35 68 14
35 86 4
35 150 20
35 156 9
35 171 2
35 209 20
35 218 22
35 223 4
35 278 2
35 284 19
35 288 9
35 292 21
36 46 8
36 72 13
36 90 1
36 104 4
36 114 8
36 159 13
36 172 25
36 185 11
36 191 23
36 233 7
37 75 25
37 83 24
37 89 13
37 117 20
37 132 21
37 137 16
37 138 20
37 141 22
37 155 16
37 181 11
37 187 1
37 199 12
37 219 19
37 225 4
37 257 6
37 258 15
37 259 7
37 263 8
38 87 8
38 104 17
38 105 3
38 106 17
38 117 6
38 124 5
38 157 22
38 187 15
38 210 17
38 217 24
38 290 25
39 41 16
39 67 7
39 96 25
39 100 15
39 123 19
39 125 19
39 180 12
39 181 9
39 233 16
39 249 9
39 269 1
39 271 3
40 45 11
40 47 12
40 75 21
40 84 14
40 89 18
40 112 13
40 130 22
40 146 2
40 163 22
40 167 13
40 168 6
40 199 16
40 268 21
40 282 11
40 285 14
41 51 10
41 62 4
41 81 12
41 107 12
41 125 20
41 184 18
41 204 11
41 209 11
41 221 13
41 258 6
41 267 22
41 292 22
42 51 23
42 65 7
42 69 22
42 85 25
42 107 17
42 141 11
42 166 23
42 182 5
42 203 5
42 211 12
42 217 1
42 270 6
43 74 8
43 100 16
43 149 13
43 155 25
43 183 11
43 225 23
43 239 14
43 240 22
43 251 2
43 256 2
43 275 8
43 280 23
43 289 22
43 294 20
44 58 8
44 59 9
44 61 3
44 66 4
44 69 5
44 95 2
44 97 11
44 115 4
44 130 2
44 154 4
44 191 14
44 196 1
44 229 9
44 248 18
44 273 12
44 276 11
45 57 25
45 62 19
45 78 3
45 87 12
45 89 19
45 93 15
45 140 12
45 149 9
45 168 12
45 183 15
45 200 10
45 211 21
45 213 12
45 241 6
45 292 18
46 55 19
46 106 15
46 108 20
46 110 24
46 139 21
46 165 21
46 180 11
46 217 1
46 226 24
46 241 15
46 242 16
46 296 24
47 48 25
47 87 8
47 118 10
47 143 10
47 167 9
47 208 6
47 219 15
47 242 23
47 287 1
47 293 4
48 56 9
48 72 9
48 97 15
48 117 23
48 134 20
48 152 11
48 159 11
48 173 1
48 257 5
48 298 6
49 52 17
49 76 24
49 116 4
49 151 14
49 164 21
49 180 15
49 258 15
49 265 20
49 271 4
49 273 5
49 282 20
49 285 3
49 289 15
49 296 5
50 80 14
50 81 23
50 118 12
50 122 3
50 128 20
50 154 14
50 159 7
50 162 5
50 163 24
50 206 23
50 253 4
50 255 18
50 256 10
50 269 14
50 281 20
50 295 14
50 296 19
51 96 13
51 112 12
51 121 25
51 140 2
51 248 10
51 249 14
51 254 16
51 270 4
51 279 19
52 101 20
52 111 23
52 125 23
52 215 9
52 234 4
52 250 11
52 279 9
53 54 17
53 74 16
53 100 5
53 106 5
53 114 24
53 118 12
53 123 5
53 128 21
53 136 15
53 143 25
53 145 6
53 158 6
53 165 19
53 176 19
53 183 1
53 211 9
53 216 8
53 240 25
53 288 10
53 290 17
53 293 13
54 60 25
54 105 22
54 115 8
54 128 21
54 141 19
54 154 5
54 178 7
54 199 25
54 225 18
54 268 17
54 280 18
54 299 8
55 112 23
55 120 23
55 150 8
55 167 9
55 173 4
55 207 3
55 214 1
55 245 3
55 258 10
55 277 6
56 68 22
56 71 6
56 104 6
56 140 7
56 191 13
56 194 6
56 195 16
56 222 6
56 228 20
56 237 17
56 260 2
56 264 3
57 106 14
57 148 22
57 150 9
57 155 20
57 161 23
57 243 3
57 250 13
57 286 16
58 83 10
58 133 11
58 151 15
58 157 19
58 158 19
58 164 18
58 166 22
58 172 21
58 249 21
58 254 6
58 265 1
58 285 19
58 293 11
58 298 9
59 112 25
59 113 25
59 144 16
59 163 15
59 249 5
59 255 10
59 280 8
60 92 8
60 105 14
60 108 21
60 126 7
60 130 25
60 147 18
60 176 4
60 184 2
60 186 7
60 188 19
60 218 14
60 223 17
60 267 8
60 276 7
60 296 13
61 71 3
61 107 3
61 121 8
61 123 23
61 154 11
61 188 11
61 201 16
61 205 21
61 220 19
61 226 15
61 245 23
61 255 9
61 257 6
61 259 4
61 263 20
61 270 15
62 63 12
62 76 9
62 78 10
62 102 18
62 104 8
62 123 4
62 124 23
62 128 9
62 143 11
62 154 19
62 158 24
62 161 4
62 171 3
62 206 6
62 244 16
62 248 5
62 265 8
62 268 1
62 272 2
63 79 20
63 171 11
63 226 19
63 254 18
63 272 6
63 275 10
63 285 15
64 90 14
64 106 15
64 120 18
64 125 10
64 139 6
64 148 6
64 151 18
64 174 16
64 178 25
64 221 2
64 231 21
64 253 23
64 263 13
64 268 8
64 279 18
64 280 11
65 71 12
65 79 20
65 88 16
65 93 4
65 100 25
65 135 1
65 141 4
65 145 1
65 169 22
65 186 16
65 227 20
65 266 14
65 268 21
65 299 6
66 83 3
66 102 11
66 149 21
66 167 23
66 184 21
66 199 1
66 277 3
66 287 15
67 132 18
67 152 5
67 190 19
67 202 16
67 204 4
67 220 6
67 228 23
67 266 21
67 271 18
67 276 9
68 73 15
68 118 11
68 123 13
68 138 14
68 149 13
68 156 18
68 164 17
68 167 9
68 177 9
68 205 13
68 214 23
68 216 6
68 218 18
68 241 2
68 255 19
68 260 15
69 89 1
69 99 16
69 119 18
69 121 6
69 173 5
69 188 12
69 197 10
69 219 23
69 239 2
69 240 13
69 256 5
69 261 25
69 263 10
69 282 25
69 288 10
70 104 24
70 152 12
70 168 24
70 172 15
70 180 24
70 236 17
70 283 8
70 286 9
71 76 2
71 124 22
71 138 6
71 153 9
71 178 14
71 182 10
71 189 4
71 213 6
71 235 10
71 239 19
71 266 25
71 267 15
71 269 1
71 277 11
72 74 1
72 78 25
72 112 15
72 116 15
72 121 5
72 135 16
72 149 24
72 152 6
72 161 25
72 166 23
72 172 17
72 188 1
72 197 14
72 201 15
72 205 19
72 239 23
72 273 23
72 288 20
72 298 19
73 86 6
73 94 5
73 95 9
73 103 17
73 105 9
73 114 14
73 116 1
73 146 2
73 195 13
73 208 18
73 251 2
73 254 1
73 264 18
73 265 2
73 272 15
73 298 8
74 98 8
74 121 5
74 133 6
74 175 15
74 189 6
74 190 5
74 199 6
74 235 6
74 253 20
75 113 22
75 129 24
75 144 17
75 164 21
75 186 20
75 197 10
75 206 1
75 222 25
75 235 19
75 239 17
76 101 8
76 119 9
76 151 20
76 152 11
76 175 22
76 184 12
76 252 15
76 270 24
76 299 4
77 81 18
77 87 13
77 89 13
77 90 25
77 102 17
77 126 21
77 129 14
77 130 22
77 136 25
77 140 21
77 155 3
77 234 20
77 258 17
78 95 3
78 106 13
78 124 12
78 147 23
78 155 23
78 169 15
78 203 22
78 204 18
78 207 6
78 264 6
78 287 1
79 83 2
79 94 16
79 108 24
79 125 13
79 131 7
79 191 22
79 247 19
79 248 24
79 264 9
79 290 6
80 95 23
80 108 2
80 110 1
80 116 13
80 142 1
80 156 3
80 212 8
80 213 3
80 217 24
80 239 24
80 241 5
80 248 11
80 251 13
80 263 4
81 125 10
81 139 2
81 154 25
81 171 2
81 210 7
81 223 7
81 252 5
81 255 11
82 114 25
82 115 3
82 118 23
82 122 6
82 162 25
82 164 16
82 175 5
82 197 10
82 205 24
82 265 4
83 90 14
83 96 1
83 98 17
83 112 14
83 116 3
83 118 1
83 177 18
84 100 3
84 116 2
84 121 24
84 135 14
84 172 14
84 188 3
84 195 23
84 200 15
84 204 2
84 230 2
84 233 23
84 236 11
84 240 6
84 274 8
85 155 10
85 192 10
85 206 8
85 212 15
85 228 11
85 248 25
86 92 21
86 96 21
86 100 23
86 109 25
86 111 11
86 132 1
86 138 18
86 139 24
86 160 5
86 208 18
86 210 16
86 211 8
87 101 19
87 117 14
87 145 23
87 175 9
87 193 16
87 207 22
87 224 25
87 227 20
87 229 23
87 235 23
87 263 5
87 285 5
88 89 7
88 90 14
88 100 15
88 135 14
88 151 5
88 164 25
88 199 14
88 200 1
88 224 22
88 236 13
88 257 25
88 263 7
88 270 13
88 278 19
88 283 5
88 296 20
89 126 11
89 141 22
89 144 2
89 243 7
89 255 11
89 272 24
89 282 17
89 290 1
89 293 20
90 93 17
90 94 22
90 132 20
90 141 14
90 149 3
90 157 24
90 167 22
90 172 18
90 200 13
90 221 13
90 234 23
90 237 15
90 242 3
90 261 23
90 270 11
90 286 15
91 111 24
91 115 18
91 147 5
91 175 17
91 216 24
91 227 24
91 230 4
91 235 21
91 276 2
91 279 12
91 298 8
92 107 25
92 133 4
92 137 8
92 151 21
92 152 20
92 193 7
92 194 15
92 220 10
92 226 9
92 248 14
92 250 6
92 252 2
92 255 3
93 116 18
93 118 1
93 127 17
93 168 20
93 182 25
93 192 3
93 206 12
93 216 25
93 219 22
93 249 18
93 255 16
93 265 22
93 267 18
93 273 21
93 277 17
93 279 19
94 219 8
94 242 24
94 244 20
94 262 11
94 263 9
95 109 15
95 116 7
95 155 17
95 160 5
95 164 16
95 169 2
95 175 20
95 185 23
95 206 3
95 209 22
95 229 18
96 164 5
96 187 14
96 192 14
96 201 4
96 212 18
96 282 25
96 286 3
96 288 14
96 295 19
97 124 20
97 186 12
97 205 11
97 230 16
97 232 6
97 245 6
97 254 25
97 272 6
97 285 2
97 299 12
98 120 14
98 122 19
98 132 18
98 165 7
98 170 25
98 171 10
98 175 9
98 219 19
98 242 7
98 278 13
99 122 17
99 124 24
99 132 18
99 142 5
99 250 13
99 251 21
99 265 24
99 284 14
100 104 24
100 114 12
100 119 8
100 126 20
100 197 1
100 200 20
100 216 12
100 232 6
100 261 3
100 273 11
101 138 11
101 139 4
101 159 24
101 189 2
101 190 22
101 203 18
101 206 8
101 207 21
101 209 2
101 217 16
101 219 16
101 247 9
101 292 6
102 139 8
102 154 9
102 160 23
102 174 12
102 179 21
102 194 18
102 196 11
102 223 10
102 225 18
102 229 24
102 269 19
103 121 15
103 125 1
103 126 15
103 130 1
103 167 6
103 179 17
103 182 14
103 194 17
103 214 23
103 223 12
103 251 18
103 269 19
103 277 5
103 285 2
103 294 17
104 122 6
104 123 20
104 137 7
104 141 16
104 154 25
104 174 14
104 186 25
104 247 22
104 248 3
104 251 22
105 109 16
105 115 15
105 140 6
105 160 11
105 165 15
105 175 1
105 188 2
105 252 16
105 272 16
105 274 2
106 145 23
106 154 9
106 222 15
106 255 14
106 260 6
106 274 4
106 293 8
106 299 25
107 123 8
107 145 12
107 173 18
107 197 15
107 207 6
107 244 1
107 251 8
107 265 5
107 284 17
107 286 7
107 293 3
107 297 21
108 110 3
108 143 20
108 147 10
108 167 11
108 193 7
108 216 1
108 223 11
108 238 8
108 248 18
108 272 3
109 114 10
109 122 16
109 129 12
109 132 1
109 141 6
109 146 17
109 149 4
109 150 16
109 157 18
109 189 13
109 201 2
109 285 10
110 125 5
110 165 9
110 171 13
110 193 12
110 201 13
110 209 4
110 215 20
110 237 17
110 249 24
110 293 24
110 294 11
110 295 10
110 296 9
110 298 20
111 153 12
111 164 22
111 167 2
111 221 5
111 224 24
111 248 13
111 249 22
111 253 12
111 270 14
111 278 4
111 288 4
111 293 19
111 299 21
112 153 23
112 155 9
112 159 22
112 194 10
112 213 15
112 226 5
112 229 22
112 242 3
112 270 19
112 277 25
112 286 22
113 114 12
113 130 25
113 134 20
113 164 25
113 188 9
113 198 6
113 219 19
113 222 20
113 224 2
113 227 22
113 230 1
113 247 2
113 248 10
113 261 22
113 274 14
114 154 25
114 217 3
114 228 19
114 239 20
114 269 23
114 275 18
115 120 5
115 170 22
115 196 2
115 217 19
115 239 3
115 249 25
115 288 21
115 294 24
116 117 24
116 125 19
116 160 10
116 161 25
116 191 14
116 202 9
116 226 10
116 243 19
116 268 4
116 290 5
116 299 22
117 136 1
117 140 7
117 146 25
117 158 10
117 192 6
117 195 13
117 203 11
117 257 8
117 272 8
117 284 5
118 134 7
118 166 1
118 207 12
118 235 3
118 253 4
118 299 5
119 126 6
119 136 4
119 138 3
119 162 4
119 167 4
119 209 21
119 211 15
119 223 4
119 254 9
119 278 1
120 134 13
120 146 4
120 153 4
120 175 19
120 177 2
120 186 4
120 190 1
120 212 2
120 250 15
120 260 6
120 269 16
120 274 2
120 291 13
121 122 24
121 182 9
121 193 19
121 218 1
121 225 20
121 241 24
121 266 4
121 269 1
122 123 4
122 154 7
122 185 3
122 187 9
122 196 11
122 201 24
122 211 25
122 220 14
122 222 9
122 223 25
122 247 3
123 124 15
123 157 4
123 166 22
123 260 16
123 263 9
123 297 22
124 134 19
124 152 1
124 161 4
124 174 10
124 180 2
124 197 18
124 199 8
124 256 12
124 276 13
124 287 10
125 156 6
125 185 11
125 209 13
125 218 7
125 227 16
125 263 20
125 274 9
125 283 1
125 299 7
126 127 9
126 141 1
126 153 22
126 155 20
126 161 25
126 164 24
126 169 9
126 187 3
126 192 22
126 197 1
126 223 14
126 225 20
126 232 20
126 242 14
126 276 23
126 297 4
127 191 17
127 208 15
127 224 13
127 229 4
127 230 3
127 252 22
127 283 11
128 149 15
128 218 11
128 243 17
129 135 6
129 140 7
129 163 3
129 177 8
129 223 13
129 228 11
129 251 8
129 258 9
129 263 5
129 296 8
129 297 10
130 132 15
130 195 12
130 241 6
130 255 16
130 268 2
130 292 1
131 161 10
131 179 17
131 190 23
131 194 15
131 262 9
131 284 15
131 285 2
132 150 14
132 160 19
132 161 25
132 163 24
132 183 10
132 259 10
132 296 16
133 160 17
133 212 19
133 223 20
133 232 25
133 235 6
133 280 7
134 147 7
134 154 17
134 172 14
134 177 16
134 186 1
134 189 3
134 216 5
134 235 8
134 266 18
135 144 8
135 166 8
135 173 4
135 184 25
135 215 8
135 261 20
135 266 8
135 276 24
136 139 23
136 148 21
136 155 17
136 159 22
136 179 19
136 180 1
136 219 9
136 255 11
137 170 18
137 214 2
137 254 5
137 265 19
137 283 9
137 299 12
138 218 2
138 220 25
138 236 25
138 258 20
138 289 2
139 141 4
139 147 1
139 155 10
139 165 24
139 180 8
139 198 19
139 204 4
139 238 7
139 243 1
139 259 24
139 263 16
140 170 1
140 185 21
140 206 13
140 220 17
140 226 20
140 243 7
140 286 20
141 175 3
141 211 19
141 215 14
141 231 6
141 248 1
141 252 7
141 279 14
141 286 14
142 185 10
142 257 16
142 267 15
142 279 4
142 294 19
143 144 18
143 155 4
143 156 5
143 219 18
143 239 12
143 268 24
143 280 22
143 296 18
144 156 1
144 161 20
144 186 11
144 212 2
144 219 15
144 224 23
144 262 20
144 297 9
145 176 6
145 194 16
145 201 13
145 202 25
145 203 4
145 241 20
145 248 2
145 257 12
145 259 11
146 148 15
146 162 22
146 166 1
146 254 4
146 293 25
146 296 21
147 184 23
147 186 6
147 209 1
147 246 16
147 257 17
147 273 1
147 276 12
147 280 11
147 289 1
148 150 8
148 160 21
148 171 4
148 173 22
148 174 19
148 204 24
148 225 8
148 268 1
149 221 14
149 247 22
149 287 25
149 297 20
150 180 17
150 186 1
150 191 6
150 197 2
150 200 17
150 230 4
150 255 4
151 159 20
151 173 6
151 175 24
151 184 20
151 237 11
152 174 1
152 179 10
152 191 4
152 196 1
152 198 23
152 224 14
152 226 4
152 293 5
153 165 12
153 167 7
153 205 3
153 231 7
153 250 7
153 251 10
153 283 7
153 286 23
154 177 9
154 188 9
154 198 17
154 209 25
154 228 11
154 282 24
155 162 3
155 210 3
155 226 3
155 237 6
155 251 24
155 286 10
155 290 6
155 294 18
155 299 20
156 159 9
156 178 2
156 252 23
156 255 9
156 265 1
156 290 13
157 188 14
157 205 5
157 224 24
157 242 23
157 277 8
158 160 7
158 180 6
158 194 19
158 201 14
158 254 3
158 263 2
158 277 22
159 169 21
159 184 1
159 186 7
159 198 20
159 235 5
159 238 11
159 255 24
159 299 10
160 162 10
160 179 8
160 191 18
160 210 2
161 191 4
161 199 1
161 215 6
161 221 1
161 236 11
161 258 6
161 292 13
162 165 25
162 168 11
162 195 14
162 231 22
162 245 18
162 268 20
162 275 2
162 284 13
162 288 10
163 232 7
163 256 15
163 287 8
164 165 2
164 168 17
164 218 15
164 240 23
164 246 22
164 253 2
164 266 21
164 268 8
165 169 11
165 243 5
165 250 25
165 255 15
165 259 8
165 261 2
165 262 20
165 265 10
165 287 13
165 290 2
166 181 25
166 273 12
166 287 14
167 204 13
167 229 10
167 238 8
167 248 9
167 263 13
167 287 21
168 186 19
168 215 21
168 218 10
168 259 1
168 270 23
168 274 1
168 289 17
169 198 20
169 199 24
169 212 19
169 239 18
169 261 7
169 267 6
169 276 22
169 284 8
170 191 20
170 213 7
170 238 10
170 254 16
170 274 16
171 226 24
171 233 18
171 243 15
171 248 12
171 283 6
171 294 4
172 203 23
172 235 14
172 258 13
173 216 10
173 217 9
173 224 8
173 229 8
173 281 20
173 288 10
173 290 5
174 208 22
174 234 2
174 253 1
174 282 21
175 177 22
175 186 18
175 209 4
175 211 2
175 245 17
175 250 13
175 280 24
175 282 23
175 294 24
176 192 14
176 195 15
176 219 22
176 225 8
176 229 5
176 264 8
176 278 14
176 290 10
177 200 5
177 212 4
177 232 24
177 269 17
177 282 14
178 215 6
178 230 24
178 249 8
178 269 18
179 209 5
179 221 4
179 236 19
179 241 5
179 282 1
180 188 17
180 202 25
180 203 4
180 232 20
180 293 18
181 213 19
181 237 18
181 265 15
181 283 17
182 195 7
182 236 4
182 242 16
182 288 16
183 208 10
183 232 25
183 238 4
183 251 20
183 291 7
183 298 9
184 211 20
184 216 23
184 228 22
185 232 3
185 246 23
185 266 4
185 274 20
186 199 4
186 209 10
186 236 15
186 291 10
187 246 10
187 277 6
187 282 11
188 224 16
188 265 25
188 278 3
188 280 9
188 281 18
188 287 17
188 291 2
188 292 1
189 193 23
189 206 17
189 208 16
189 226 7
190 200 17
190 210 22
190 213 3
190 238 23
190 241 5
190 292 25
191 201 22
191 210 2
191 224 2
191 238 21
191 270 7
191 289 21
192 198 24
192 202 18
192 204 10
192 226 10
192 231 3
192 249 15
192 262 21
192 272 20
192 284 16
193 195 23
193 214 5
193 235 8
193 242 17
193 246 6
193 275 10
194 197 14
194 200 23
194 201 3
194 254 22
194 265 16
194 290 24
194 293 2
194 298 15
195 200 5
195 218 1
195 262 11
195 293 6
195 297 2
196 240 8
196 257 15
197 228 24
197 258 8
197 270 7
197 298 8
198 262 17
198 292 11
199 205 24
199 207 14
199 220 5
199 227 14
199 235 12
200 254 9
200 265 24
200 272 5
200 277 15
200 284 10
200 288 20
201 208 14
201 232 12
201 234 18
202 210 6
202 215 12
203 206 21
203 211 20
203 222 17
203 228 21
203 251 7
203 291 24
204 211 24
204 256 16
204 265 13
205 224 24
205 266 23
205 279 22
205 292 6
205 297 16
206 211 7
206 250 6
207 259 5
208 209 14
208 232 22
208 237 18
208 258 22
208 267 22
208 271 24
208 279 13
208 284 6
209 265 18
209 272 3
209 277 20
209 278 10
209 284 10
210 221 6
210 237 8
210 247 6
210 269 22
210 276 3
211 222 14
211 231 21
211 248 4
211 250 4
211 268 10
211 276 2
211 287 3
211 288 8
212 219 10
212 233 19
212 267 15
212 284 17
213 240 25
213 246 5
213 293 13
213 296 19
214 261 3
214 264 9
215 229 17
215 233 18
215 257 17
215 294 11
216 262 20
216 276 11
216 281 22
216 293 7
217 220 16
217 248 4
217 298 12
218 230 15
218 258 9
218 262 1
218 287 10
218 293 12
219 227 4
219 229 21
219 231 15
219 235 7
219 238 4
219 245 1
219 247 2
219 273 20
219 290 18
220 273 1
220 291 24
220 295 7
220 296 21
221 232 1
221 254 18
221 281 12
221 285 18
222 298 11
223 224 22
223 228 15
223 264 21
223 273 18
224 235 21
224 251 13
224 256 22
225 233 7
225 253 4
225 257 5
225 298 9
226 246 13
227 278 18
227 285 13
228 240 11
228 253 9
228 259 21
229 243 14
229 250 10
229 266 24
230 233 10
230 234 4
230 239 1
230 241 8
230 249 12
230 255 21
230 257 10
230 273 6
231 236 9
231 287 5
231 290 16
232 265 5
232 266 21
232 269 13
232 275 24
233 235 18
233 249 3
233 269 22
233 296 1
234 258 6
234 278 3
235 254 10
235 279 21
236 274 22
236 282 22
236 283 6
236 285 6
236 294 19
237 246 21
237 260 17
237 287 17
237 291 7
237 297 22
238 241 17
238 245 16
238 259 10
238 297 12
239 246 2
239 254 16
240 262 22
240 266 6
240 274 8
240 276 1
241 244 3
242 284 23
243 267 1
243 295 20
244 298 25
245 260 25
245 268 21
245 288 7
246 264 2
246 268 5
246 274 4
246 277 24
246 298 3
247 248 9
247 258 6
247 294 23
248 269 6
248 272 22
248 299 14
249 261 14
250 259 20
251 269 7
251 270 4
251 276 4
251 279 20
251 289 6
252 264 19
253 259 16
253 269 13
254 257 4
254 258 18
254 267 16
254 292 1
255 260 18
255 299 10
256 274 2
257 295 19
258 290 7
258 294 10
259 260 21
261 273 11
262 297 14
264 285 21
265 293 15
266 290 24
266 295 3
266 296 12
267 272 5
269 273 24
269 294 2
270 271 20
271 286 20
272 299 10
273 282 24
274 278 23
274 286 4
274 292 4
276 295 19
276 298 19
276 299 16
278 298 24
280 285 13
280 294 8
281 287 24
282 285 8
282 289 18
283 293 2
283 294 1
285 292 1
285 299 11
286 294 23
286 297 12
287 293 24
288 291 18
300 325 10
300 327 2
300 331 9
300 334 4
300 335 1
300 385 9
300 426 3
300 461 6
300 480 7
300 490 5
300 507 3
300 541 8
300 572 2
300 585 2
301 308 3
301 401 7
301 408 1
301 409 10
301 570 4
301 598 8
302 330 7
302 368 8
302 410 6
302 414 1
302 462 8
302 483 1
302 492 7
302 499 6
302 519 1
302 530 4
302 576 5
302 584 10
302 586 7
303 309 4
303 312 5
303 420 8
303 425 2
303 453 9
303 465 3
303 472 10
303 493 3
303 567 8
303 586 9
303 596 4
303 599 1
304 313 2
304 317 2
304 330 1
304 342 3
304 356 6
304 362 8
304 382 9
304 394 3
304 417 5
304 420 10
304 449 10
304 461 5
304 471 6
304 478 5
304 505 7
304 577 1
304 592 2
305 376 9
305 401 7
305 407 5
305 411 3
305 426 6
305 486 8
305 510 2
305 530 9
305 539 10
305 542 4
305 546 8
306 327 8
306 353 10
306 382 8
306 412 9
306 429 1
306 459 8
306 500 2
306 509 6
306 539 8
307 308 2
307 323 10
307 351 2
307 354 3
307 357 10
307 383 9
307 393 8
307 421 6
307 427 5
307 429 10
307 443 7
307 460 3
307 461 9
307 467 3
307 468 8
307 499 4
307 540 1
307 553 9
307 566 4
307 575 10
308 349 4
308 365 1
308 368 9
308 369 5
308 421 10
308 433 8
308 454 8
308 463 8
308 497 1
308 515 5
308 549 7
308 555 2
308 559 5
308 561 8
308 579 5
308 593 6
309 344 6
309 363 4
309 409 1
309 433 3
309 439 6
309 480 8
309 504 5
309 511 6
309 514 10
309 536 4
309 537 1
309 556 2
309 558 2
309 566 7
310 339 3
310 358 8
310 364 7
310 400 2
310 408 4
310 430 9
310 434 1
310 460 1
310 531 8
310 538 1
310 549 8
310 551 4
310 559 4
310 590 4
310 599 1
311 313 10
311 357 9
311 403 9
311 429 4
311 434 1
311 452 1
311 461 1
311 477 10
311 490 7
311 505 6
311 513 10
311 516 1
311 525 8
311 530 3
311 533 4
311 566 4
312 322 6
312 358 1
312 374 1
312 375 9
312 391 7
312 400 1
312 435 9
312 437 9
312 453 8
312 463 9
312 496 6
312 503 1
312 525 2
312 535 1
312 546 1
312 559 4
312 561 1
312 566 9
312 582 7
312 585 2
313 417 1
313 432 9
313 443 1
313 446 8
313 452 4
313 456 2
313 467 8
313 500 1
313 529 5
313 537 1
313 559 5
314 323 2
314 324 4
314 357 7
314 396 10
314 410 10
314 428 9
314 468 8
314 477 8
314 498 6
314 502 8
314 561 6
314 580 6
315 326 1
315 356 6
315 410 8
315 493 4
315 541 7
315 545 9
315 548 2
315 571 8
315 578 9
315 591 10
315 596 10
316 370 6
316 412 5
316 438 4
316 457 5
316 466 8
316 482 10
316 493 8
316 510 4
316 527 1
316 591 1
317 326 2
317 335 2
317 341 2
317 404 10
317 451 9
317 465 9
317 478 5
317 481 8
317 494 6
317 503 10
317 519 8
317 532 2
317 540 9
317 542 4
317 567 8
317 583 7
318 336 5
318 337 7
318 373 6
318 438 5
318 440 8
318 452 3
318 468 1
318 481 1
318 493 8
318 503 8
318 509 10
318 550 5
318 556 1
318 569 2
318 590 7
318 591 2
318 592 3
319 320 8
319 327 1
319 335 3
319 373 8
319 390 7
319 393 10
319 398 4
319 411 6
319 446 10
319 515 5
319 539 5
319 582 3
320 334 4
320 399 1
320 402 9
320 407 10
320 421 8
320 427 3
320 458 7
320 484 1
320 485 6
320 501 10
320 524 10
320 530 3
320 535 9
320 555 4
320 579 6
320 580 1
321 356 2
321 358 7
321 360 3
321 371 9
321 413 10
321 414 6
321 437 6
321 512 6
321 542 7
321 544 1
321 598 4
322 323 6
322 346 5
322 356 10
322 379 10
322 417 8
322 449 2
322 482 9
322 507 9
322 521 10
322 532 3
322 539 8
322 546 2
322 583 8
323 353 7
323 359 1
323 406 3
323 410 7
323 440 6
323 524 8
323 540 9
323 541 7
323 554 6
323 573 2
323 584 5
323 591 5
323 592 9
324 326 2
324 351 3
324 368 7
324 407 3
324 410 6
324 419 5
324 451 9
324 476 7
324 484 4
324 529 9
324 544 8
324 560 4
324 567 9
325 339 9
325 370 7
325 430 8
325 447 10
325 456 6
325 457 6
325 511 2
325 530 8
325 533 3
325 561 7
325 565 7
325 584 1
325 587 3
326 341 3
326 343 4
326 344 9
326 358 7
326 367 4
326 380 3
326 405 1
326 422 1
326 445 7
326 446 8
326 494 7
326 497 5
326 537 4
326 538 10
326 559 5
327 394 4
327 462 6
327 530 4
327 548 2
327 555 4
327 585 1
328 333 2
328 363 9
328 412 7
328 435 5
328 457 9
328 477 1
328 505 2
328 517 5
328 550 1
328 587 4
329 365 7
329 375 7
329 388 5
329 401 6
329 411 10
329 415 7
329 470 8
329 497 2
329 502 5
329 523 6
329 535 8
329 544 9
329 568 1
329 571 10
329 573 6
330 406 4
330 407 7
330 428 9
330 430 6
330 482 10
330 484 1
330 486 9
330 495 10
330 581 9
330 594 3
331 344 10
331 350 9
331 393 4
331 404 5
331 412 2
331 418 10
331 432 3
331 439 8
331 483 6
331 503 10
331 548 9
331 563 4
331 578 8
331 581 3
332 374 8
332 412 5
332 462 10
332 467 8
332 518 5
332 573 1
332 583 3
332 589 9
333 334 7
333 391 3
333 410 4
333 419 6
333 433 4
333 445 4
333 465 8
333 479 4
333 519 6
333 543 7
333 549 3
333 562 2
333 575 3
334 360 6
334 374 3
334 387 6
334 389 5
334 436 8
334 499 7
334 506 3
334 527 3
334 550 6
334 554 7
334 559 10
334 561 10
335 359 7
335 381 7
335 386 5
335 395 9
335 402 2
335 431 3
335 497 6
335 505 4
335 507 8
335 532 3
335 538 9
335 540 1
335 550 10
335 555 5
336 363 8
336 393 9
336 467 7
336 470 1
336 485 1
336 488 2
336 513 5
336 562 8
336 563 8
337 349 4
337 354 5
337 367 2
337 396 6
337 403 10
337 447 9
337 450 5
337 505 10
337 513 7
338 342 4
338 356 6
338 382 5
338 419 7
338 429 8
338 455 2
338 471 2
338 491 7
338 506 5
338 530 3
338 590 9
339 430 6
339 432 7
339 434 8
339 437 4
339 451 3
339 469 9
339 474 5
339 498 6
339 525 3
339 529 2
339 540 5
340 344 7
340 354 8
340 356 6
340 357 4
340 378 8
340 404 4
340 447 9
340 540 9
340 597 10
341 346 4
341 472 4
341 535 5
342 367 10
342 387 3
342 392 6
342 403 3
342 409 9
342 418 2
342 425 5
342 468 9
342 483 8
342 486 1
342 507 6
342 548 3
342 554 5
342 558 4
342 568 9
342 572 2
343 381 9
343 382 3
343 418 6
343 447 7
343 456 10
343 472 2
343 477 10
343 480 9
343 503 5
343 512 10
343 532 9
343 576 5
344 360 5
344 424 2
344 462 1
344 481 6
344 490 6
344 562 6
344 572 9
344 580 6
344 599 10
345 361 3
345 372 4
345 377 9
345 414 4
345 420 10
345 432 1
345 443 10
345 447 5
345 466 2
345 478 2
345 510 5
345 520 4
345 524 7
345 549 1
345 581 5
346 358 10
346 367 3
346 372 4
346 378 5
346 380 2
346 409 2
346 424 1
346 426 9
346 434 6
346 494 1
346 499 4
346 538 3
346 551 8
347 369 2
347 405 9
347 428 7
347 436 7
347 439 4
347 442 5
347 450 2
347 481 3
347 484 8
347 491 1
347 493 10
347 542 9
347 545 2
347 580 4
347 581 4
348 355 1
348 360 5
348 372 8
348 400 10
348 460 9
348 466 1
348 474 6
348 504 2
348 524 5
348 534 8
348 583 10
348 594 2
349 437 8
349 454 4
349 479 4
349 480 8
349 501 7
349 512 4
349 519 6
349 586 3
350 371 8
350 383 3
350 385 4
350 410 10
350 458 10
350 486 5
350 495 9
350 518 10
350 526 8
350 550 3
350 561 3
350 571 10
350 576 9
351 397 10
351 403 2
351 408 7
351 416 3
351 474 7
351 485 8
351 588 7
352 390 5
352 394 8
352 409 10
352 455 4
352 505 3
352 533 3
352 564 3
353 369 9
353 385 7
353 395 9
353 396 4
353 410 4
353 429 3
353 528 7
353 531 5
353 544 4
353 545 3
353 564 6
353 572 3
353 586 3
354 391 8
354 394 7
354 408 2
354 426 8
354 453 6
354 454 3
354 485 4
354 506 10
354 516 2
354 528 3
354 563 8
354 569 8
355 362 2
355 371 7
355 399 3
355 420 4
355 429 10
355 435 6
355 447 5
355 460 8
355 467 6
355 473 8
355 475 3
355 486 8
355 496 4
355 512 7
355 546 3
355 564 9
355 580 2
355 589 5
356 369 1
356 379 1
356 392 1
356 409 4
356 468 10
356 505 8
356 507 7
356 521 5
356 531 10
356 543 10
356 571 8
356 594 7
356 599 7
357 371 9
357 376 4
357 382 1
357 387 5
357 402 5
357 445 8
357 449 9
357 452 2
357 456 3
357 470 6
357 510 4
357 514 2
357 515 1
357 517 2
357 531 4
357 539 1
357 565 4
357 572 10
358 361 1
358 381 6
358 406 2
358 417 7
358 435 6
358 519 2
358 525 3
358 548 10
358 558 1
358 575 4
358 579 9
358 586 7
359 363 2
359 368 8
359 372 2
359 388 2
359 395 4
359 401 6
359 471 10
359 482 2
359 495 7
359 503 4
359 539 9
359 571 2
359 575 8
359 586 1
360 379 4
360 380 3
360 390 2
360 430 9
360 445 5
360 448 4
360 467 4
360 489 6
360 497 10
360 506 1
360 519 9
360 583 4
360 594 3
361 388 9
361 397 9
361 400 1
361 403 8
361 452 10
361 453 10
361 468 9
361 469 2
361 471 3
361 487 7
361 515 3
361 520 6
361 521 5
361 522 8
361 557 6
361 573 7
361 577 5
362 405 7
362 417 2
362 422 10
362 438 10
362 465 10
362 466 4
362 468 5
362 482 5
362 511 9
362 513 7
362 552 8
362 599 8
363 378 2
363 395 10
363 428 8
363 435 1
363 460 2
363 462 7
363 495 10
363 501 2
363 510 8
363 522 3
363 535 6
363 555 4
363 563 5
363 578 4
363 584 8
363 591 3
363 595 9
364 368 6
364 384 9
364 409 7
364 412 7
364 440 8
364 468 8
364 481 8
364 487 1
364 512 5
364 537 5
364 572 2
364 585 1
365 385 4
365 393 1
365 402 2
365 430 3
365 481 10
365 483 2
365 547 6
365 574 7
365 588 2
366 372 9
366 382 4
366 383 6
366 388 5
366 453 9
366 480 1
366 481 10
366 496 6
366 525 5
366 562 8
366 567 4
366 571 3
367 372 7
367 381 2
367 441 3
367 474 6
367 493 2
367 537 5
367 538 10
367 539 6
367 560 8
367 598 10
368 395 9
368 428 8
368 434 4
368 439 3
368 443 10
368 444 5
368 446 8
368 448 6
368 477 8
368 489 7
368 492 1
368 516 4
368 564 3
368 593 9
369 382 6
369 393 2
369 423 6
369 424 10
369 468 1
369 480 1
369 484 4
369 513 9
369 534 3
369 537 8
369 546 5
369 561 4
369 572 3
370 389 4
370 402 1
370 502 10
370 531 6
370 537 9
370 550 10
370 562 9
371 393 3
371 422 9
371 431 3
371 448 2
371 450 6
371 465 3
371 519 8
371 522 6
371 528 6
371 561 2
371 568 6
371 588 1
371 590 3
372 385 3
372 414 2
372 435 6
372 453 4
372 478 5
372 495 4
372 523 6
372 540 3
372 566 8
372 579 9
373 374 7
373 442 4
373 446 9
373 456 6
373 531 9
373 560 9
373 561 7
374 376 7
374 388 3
374 395 7
374 419 1
374 496 4
374 498 2
374 516 3
374 525 4
374 531 9
374 540 10
374 543 5
374 560 4
374 566 10
374 582 10
374 584 7
375 379 3
375 401 7
375 406 10
375 438 8
375 455 10
375 464 7
375 465 2
375 478 10
375 485 7
375 548 8
375 550 3
375 553 7
375 584 5
376 384 1
376 385 5
376 403 4
376 413 9
376 428 9
376 438 10
376 442 9
376 462 2
376 510 2
376 531 4
376 548 7
376 576 10
376 577 3
376 592 2
376 599 6
377 393 3
377 410 3
377 411 2
377 423 5
377 456 1
377 494 3
377 498 4
377 503 10
377 508 9
377 513 7
377 527 1
377 549 5
377 561 4
377 576 3
377 589 1
377 590 1
377 593 5
378 379 7
378 427 4
378 474 5
378 530 5
378 538 3
378 565 4
378 594 8
379 384 6
379 405 7
379 410 5
379 416 6
379 419 1
379 442 8
379 455 1
379 471 5
379 510 2
379 541 4
379 548 2
379 556 2
379 595 6
380 417 5
380 423 3
380 479 6
380 493 2
380 505 4
380 524 2
380 536 7
380 577 8
380 594 2
381 408 9
381 510 3
381 513 10
381 577 4
382 432 7
382 444 6
382 450 7
382 453 2
382 483 5
382 485 4
382 537 10
382 576 9
383 430 9
383 465 1
383 504 8
383 526 1
383 536 5
383 548 9
383 559 4
383 596 6
384 440 2
384 468 1
384 483 3
384 520 5
384 523 6
384 524 6
384 563 8
385 386 7
385 400 4
385 410 5
385 422 10
385 456 3
385 463 9
385 486 1
385 497 6
385 505 8
385 521 8
385 573 4
385 587 9
386 388 3
386 397 10
386 405 1
386 435 3
386 458 8
386 472 3
386 511 1
386 518 1
386 520 7
386 583 1
387 390 6
387 406 5
387 407 3
387 411 7
387 455 7
387 461 7
387 466 4
387 476 4
387 514 6
387 520 3
387 521 7
387 526 2
387 569 2
387 573 1
387 589 1
387 591 5
388 389 9
388 417 10
388 434 2
388 442 4
388 464 10
388 481 4
388 483 3
388 501 10
388 547 7
388 563 3
388 567 2
388 569 9
388 575 3
388 577 1
389 476 9
389 478 8
389 482 7
389 497 1
389 516 6
389 526 3
389 584 9
390 414 10
390 415 8
390 421 4
390 424 2
390 462 4
390 464 6
390 484 5
390 536 5
390 564 8
391 413 1
391 421 5
391 434 7
391 438 3
391 453 8
391 456 8
391 457 8
391 460 1
391 466 10
392 393 6
392 436 3
392 477 1
392 497 4
392 516 7
392 541 3
392 556 3
392 586 4
392 589 9
393 409 5
393 410 10
393 415 3
393 424 4
393 451 1
393 455 10
393 484 7
393 502 2
393 522 6
393 549 4
393 551 8
393 559 2
393 562 3
394 416 9
394 423 6
394 424 1
394 446 1
394 450 5
394 471 9
394 520 10
394 555 7
394 586 8
394 593 6
394 594 1
395 400 10
395 473 1
395 485 7
395 487 5
395 523 3
395 560 3
395 566 3
395 570 8
395 582 2
396 407 8
396 432 3
396 502 2
396 518 9
396 520 9
396 525 5
396 538 6
396 562 5
396 583 2
396 587 7
396 594 7
396 599 2
397 414 4
397 420 8
397 434 4
397 445 1
397 469 8
397 496 4
397 501 7
397 516 5
397 545 1
397 579 8
397 596 6
398 414 1
398 440 4
398 451 10
398 483 6
398 491 6
398 492 5
398 494 5
398 506 9
398 511 2
398 524 7
398 534 2
398 581 2
398 585 7
398 591 8
398 594 8
399 403 1
399 405 2
399 484 6
399 494 10
399 501 3
399 504 2
399 528 9
399 535 7
399 547 2
399 561 6
399 575 2
400 411 8
400 425 2
400 427 2
400 460 7
400 468 7
400 479 4
400 496 1
400 510 7
400 511 1
400 546 8
400 557 1
400 564 5
400 588 9
401 410 4
401 419 3
401 476 10
401 494 7
401 520 10
401 542 8
401 570 4
401 575 2
401 576 9
402 449 2
402 516 1
402 521 3
402 546 3
402 561 9
402 598 1
403 409 4
403 418 4
403 481 2
403 487 3
403 498 5
403 512 5
403 516 10
403 520 4
403 564 1
403 579 2
404 474 2
404 480 1
404 496 1
404 504 2
404 540 8
404 555 9
404 558 7
404 568 10
404 570 9
404 571 3
404 575 9
405 421 8
405 422 9
405 426 3
405 440 8
405 445 10
405 477 3
405 508 10
405 512 2
406 430 4
406 452 3
406 455 7
406 458 9
406 470 6
406 472 1
406 476 6
406 482 3
406 488 10
406 504 9
406 521 3
406 534 3
406 542 10
406 595 5
407 442 4
407 466 3
407 472 2
407 515 2
407 530 9
407 545 2
407 583 2
407 585 3
408 467 2
408 471 9
408 489 1
408 499 4
408 560 6
409 413 2
409 456 9
409 493 8
409 509 3
409 523 2
409 540 10
409 582 1
410 424 10
410 498 7
410 499 2
410 531 5
410 546 9
410 552 3
410 561 5
411 423 3
411 537 6
411 556 4
411 562 8
411 567 1
411 570 6
411 574 9
411 594 2
412 478 6
412 522 2
412 536 6
413 428 1
413 447 6
413 455 4
413 513 3
413 543 9
413 592 2
414 434 5
414 486 7
414 503 9
414 574 9
414 579 10
414 582 10
415 425 2
415 427 2
415 433 8
415 451 3
415 478 6
415 491 7
415 524 5
415 537 1
415 551 9
415 591 2
416 427 6
416 488 8
416 518 4
416 538 4
416 549 9
416 570 8
416 577 1
416 589 10
416 590 3
417 420 1
417 445 5
417 470 6
417 483 6
417 492 6
417 496 9
417 500 2
417 537 4
417 538 9
417 540 10
417 565 6
418 431 10
418 482 1
418 485 7
418 527 8
418 547 5
418 586 2
419 422 4
419 465 2
419 471 4
419 481 4
419 521 5
419 538 2
419 554 2
420 422 9
420 451 5
420 456 10
420 459 6
420 466 7
420 476 1
420 491 10
420 500 10
420 522 8
420 524 5
421 428 5
421 432 5
421 472 4
421 481 6
421 483 8
421 512 4
421 531 7
421 572 3
422 451 4
422 494 10
422 522 1
422 535 1
422 537 6
422 583 3
423 437 6
423 440 7
423 446 8
423 461 9
423 477 2
423 498 9
423 519 2
423 523 2
423 527 5
423 578 3
424 425 9
424 431 2
424 432 4
424 434 8
424 443 1
424 464 3
424 525 4
424 536 7
424 544 7
424 553 9
424 554 4
424 566 6
424 587 3
424 598 10
425 452 1
425 453 6
425 488 1
425 489 1
425 561 6
426 428 7
426 431 5
426 444 1
426 470 3
426 479 3
426 482 1
426 497 6
426 518 3
426 537 3
426 569 9
426 597 10
427 434 5
427 435 7
427 462 3
427 473 10
427 477 4
427 486 5
427 532 2
427 570 8
427 580 1
428 440 8
428 454 8
428 489 4
428 502 4
428 505 10
428 514 5
428 529 4
428 530 5
428 534 6
428 547 4
428 575 10
428 581 4
428 583 9
428 586 2
428 591 8
428 593 3
429 441 3
429 481 6
429 519 7
429 520 5
429 549 4
429 557 6
429 563 1
429 588 1
430 436 10
430 448 1
430 457 6
430 487 4
430 490 2
430 511 5
430 515 4
430 555 2
430 563 3
430 576 9
430 580 7
431 440 2
431 445 6
431 461 2
431 517 7
431 537 3
431 568 5
431 581 8
431 584 6
432 446 5
432 447 10
432 496 5
432 570 9
433 470 2
433 499 10
433 502 8
433 523 8
433 524 4
433 530 3
433 532 8
433 592 6
434 483 5
434 571 8
434 572 1
434 576 8
434 590 2
435 436 8
435 445 4
435 446 3
435 471 10
435 524 4
435 526 9
435 539 3
435 583 9
435 584 10
436 437 1
436 447 1
436 451 6
436 458 9
436 469 8
436 495 3
436 535 10
436 542 3
436 543 3
436 576 1
436 598 2
437 456 10
437 458 10
437 467 5
437 484 5
437 491 7
437 531 10
438 466 9
438 513 7
438 517 3
438 519 8
438 532 8
438 533 10
438 551 1
438 583 2
438 589 1
439 458 5
439 460 2
439 482 3
439 494 3
439 581 3
439 585 4
439 592 6
439 595 8
440 460 4
440 491 5
440 577 2
440 582 3
440 599 7
441 444 7
441 446 5
441 461 1
441 522 6
441 531 4
441 562 7
441 588 2
442 483 2
442 486 9
442 513 2
442 530 8
442 554 1
442 583 10
442 589 7
442 596 2
443 462 10
443 474 8
443 519 4
443 520 6
443 525 9
443 532 8
443 546 9
443 576 1
443 578 1
443 580 6
443 582 1
443 588 6
444 445 10
444 503 4
444 507 8
444 530 9
444 554 10
444 572 4
444 578 1
444 580 8
444 587 7
444 598 7
445 466 9
445 479 1
445 494 5
445 503 1
445 552 8
445 564 7
445 586 2
446 456 5
446 476 10
446 497 1
446 501 4
446 522 3
446 535 7
446 582 5
447 454 1
447 462 7
447 474 5
447 494 3
447 514 4
447 516 7
447 548 1
447 592 5
448 473 3
448 485 10
448 551 3
448 570 4
448 598 4
449 468 3
449 473 1
449 474 2
449 476 2
449 514 2
449 559 2
449 565 6
449 593 4
450 455 2
450 469 5
450 470 5
450 508 6
450 537 4
450 575 5
450 576 1
450 579 9
450 580 3
450 597 5
450 598 9
451 454 1
451 476 2
451 477 3
451 511 4
451 532 8
451 539 3
451 542 9
451 552 2
452 465 3
452 481 3
452 501 6
452 504 8
452 505 8
452 510 6
452 518 9
452 571 9
452 584 9
452 599 3
453 475 6
453 481 2
453 495 4
453 514 10
453 525 6
453 530 9
454 463 6
454 502 3
454 512 9
454 513 4
454 537 7
454 548 4
454 555 4
454 557 8
454 564 7
454 573 8
455 462 3
455 468 4
455 492 1
455 506 1
455 513 8
455 524 5
455 548 4
455 558 3
455 559 2
455 566 1
455 582 10
456 460 2
456 476 1
456 479 9
456 500 4
456 503 6
456 504 2
456 513 7
456 525 8
456 530 10
456 532 7
456 554 3
457 558 4
458 489 8
458 536 8
458 540 10
458 545 3
458 565 1
458 577 9
458 579 9
458 595 8
459 474 2
459 495 4
459 496 10
459 514 2
459 530 1
459 544 6
459 549 7
459 574 5
459 594 9
460 462 9
460 469 5
460 474 1
460 532 9
460 588 5
461 520 6
461 529 7
461 574 6
461 575 5
461 579 4
461 594 5
462 467 1
462 470 6
462 477 8
462 505 10
462 571 3
462 583 10
463 490 2
463 510 5
463 536 8
463 547 2
463 571 4
464 501 9
464 560 6
464 570 6
464 599 3
465 470 8
465 490 1
465 498 9
465 499 3
465 529 10
465 559 10
465 577 9
465 583 2
465 598 10
466 504 3
466 506 7
466 526 6
466 533 8
466 553 1
466 566 9
467 498 5
467 538 4
467 576 6
468 509 2
468 530 3
468 552 10
468 568 1
469 485 5
469 486 6
469 489 1
469 497 8
469 502 10
469 505 1
469 525 3
469 527 5
469 554 3
469 572 3
469 579 5
469 591 4
469 599 7
470 484 6
470 509 5
470 513 5
470 540 7
470 562 4
470 572 7
470 597 4
471 477 10
471 486 6
471 510 6
471 521 10
471 523 10
471 545 9
471 579 6
472 495 4
472 503 2
472 526 7
472 527 6
472 529 8
472 584 3
472 586 6
472 598 5
473 481 2
473 484 7
473 493 10
473 499 8
473 503 1
473 508 2
473 518 4
473 521 6
473 527 8
473 536 10
473 593 10
473 595 2
473 596 6
474 485 4
474 494 10
474 525 1
474 539 3
474 540 5
474 567 7
474 575 2
474 577 7
474 586 5
475 479 9
475 514 10
475 541 6
475 571 6
476 480 7
476 481 5
476 487 8
476 489 5
476 547 10
476 584 1
476 587 1
476 590 9
477 517 8
477 540 3
477 544 10
478 484 1
478 508 9
478 510 9
478 540 2
478 560 10
478 579 2
478 589 8
479 532 3
479 535 1
479 537 10
479 555 7
479 578 7
479 579 6
479 580 1
479 588 5
479 593 3
480 501 9
480 507 4
480 516 10
480 526 6
480 539 3
480 543 5
480 545 5
480 547 7
480 552 4
480 556 5
480 573 9
481 482 2
481 496 4
481 506 1
481 524 3
481 534 7
481 561 1
481 589 1
481 595 8
482 489 1
482 518 2
482 525 7
482 534 5
482 556 4
482 568 9
482 582 2
483 497 2
483 498 6
483 561 2
483 574 7
484 486 8
484 498 2
484 564 2
485 502 10
485 510 8
485 572 4
485 575 4
485 595 2
486 493 10
486 500 9
486 516 9
486 538 8
486 545 2
486 552 4
486 553 1
486 562 6
486 572 10
487 489 3
487 494 6
487 497 10
487 504 5
487 577 9
487 591 8
488 512 10
488 549 4
488 558 6
488 594 1
489 565 5
489 596 2
490 523 4
490 533 1
490 547 1
491 492 5
491 501 3
491 513 10
491 547 4
491 563 6
491 566 5
491 568 8
491 572 8
491 573 3
491 590 8
491 597 7
492 510 6
492 563 1
492 577 7
493 494 1
493 512 3
493 519 2
493 526 8
493 565 2
493 582 6
493 595 8
494 511 1
494 534 5
495 508 1
495 531 7
495 562 7
495 568 6
495 581 10
495 593 10
496 513 8
496 521 10
496 564 7
496 588 10
497 507 2
497 514 2
497 584 8
497 586 6
497 591 9
497 596 5
498 519 1
498 556 6
498 558 1
498 560 8
498 571 9
499 503 10
499 516 1
499 521 1
499 551 1
499 556 8
499 570 4
499 582 6
500 505 8
500 549 4
500 566 3
500 577 8
500 580 2
500 585 9
500 587 5
500 596 3
501 515 1
501 531 5
501 538 5
501 560 9
502 573 4
502 588 6
502 594 10
502 597 3
503 510 3
503 534 1
503 555 7
503 557 5
503 560 6
503 567 10
503 587 3
503 597 4
504 576 1
504 597 3
505 527 6
505 539 1
505 581 2
506 511 9
506 531 8
506 549 9
506 556 5
506 579 2
507 509 9
507 517 8
507 519 3
507 580 5
508 530 1
508 536 3
508 543 9
508 555 5
508 558 3
508 565 5
508 569 2
509 542 2
509 575 7
509 585 4
509 594 2
509 598 6
509 599 1
510 524 10
510 533 5
510 541 5
510 577 5
510 579 7
510 585 9
510 595 1
511 549 7
511 564 10
511 576 1
512 520 6
512 523 1
512 562 5
512 565 10
512 570 1
513 534 3
513 541 2
513 560 5
513 564 5
513 566 6
513 579 4
513 580 9
514 516 8
514 539 8
514 541 10
514 558 9
514 595 6
515 526 5
515 559 3
515 583 1
516 523 5
516 533 4
516 534 5
516 568 9
516 573 8
516 578 1
516 586 7
516 593 10
516 595 9
517 532 9
517 554 1
517 573 7
517 582 9
518 524 5
518 558 6
518 576 9
518 578 9
519 537 9
519 539 5
519 540 3
519 549 4
519 568 8
519 595 1
520 521 1
520 536 7
520 545 2
520 580 1
520 586 3
520 589 7
521 543 3
521 544 3
521 547 3
521 548 8
521 582 10
522 528 2
522 540 6
522 542 2
522 545 10
522 568 5
523 543 3
523 559 8
523 565 5
523 577 1
524 545 8
524 558 2
524 568 8
524 575 8
524 599 2
525 534 6
525 540 3
525 548 5
525 554 9
525 574 2
525 576 7
525 594 9
525 595 9
526 536 9
526 550 1
526 566 3
527 540 7
527 569 4
527 571 7
527 576 9
527 584 1
528 549 8
528 551 2
528 553 8
528 577 10
528 587 2
528 590 3
528 592 4
529 531 9
529 557 9
529 574 6
530 542 9
530 546 2
531 580 3
532 576 6
532 578 4
533 558 8
533 565 8
533 581 8
533 592 8
534 577 2
534 590 6
534 595 8
535 541 10
535 567 6
535 593 8
535 599 4
536 544 2
536 594 1
537 568 2
538 558 3
538 569 4
538 592 10
538 595 6
539 562 3
539 595 1
540 563 7
541 546 7
541 554 4
541 580 8
542 546 6
542 548 9
542 555 6
542 563 9
542 565 3
542 568 3
542 581 2
542 583 10
542 591 1
543 552 1
543 597 9
544 560 2
544 570 7
544 571 6
544 582 3
544 583 2
544 585 3
544 591 8
544 599 6
545 561 6
545 568 9
545 571 8
545 577 9
546 550 8
546 558 5
546 581 3
546 586 8
547 552 2
547 560 10
547 567 3
547 584 1
547 590 7
548 560 3
548 576 8
548 585 5
548 592 5
549 553 10
549 578 9
549 580 6
549 585 2
549 591 9
550 561 4
550 576 5
550 580 5
550 588 9
550 594 9
551 563 9
551 579 2
552 574 6
552 596 4
552 599 7
553 581 7
553 586 3
554 556 7
554 566 4
554 572 7
555 556 1
555 566 4
555 577 10
555 588 10
556 571 8
557 594 10
558 564 8
559 560 1
559 569 7
560 566 3
560 567 7
560 569 9
561 568 3
561 574 3
561 597 10
562 568 1
562 575 6
562 589 5
564 587 8
565 576 7
565 584 5
565 599 6
566 577 10
566 597 3
567 596 9
568 586 8
569 580 9
571 575 3
571 581 6
571 589 4
572 589 9
572 594 6
572 595 9
573 576 9
573 582 8
573 591 7
573 594 10
574 582 5
576 581 9
576 589 7
576 595 9
577 578 5
577 592 7
578 589 1
581 593 7
583 595 6
584 597 4
586 593 5
587 592 2
587 593 1
592 596 3
593 597 7
594 597 6
595 596 2
598 599 1
600 299 3
601 599 6
600 601 19
602 608 7
602 609 6
602 621 2
602 624 9
602 655 5
602 687 7
602 740 10
602 754 3
602 775 2
602 777 2
602 782 7
602 801 1
602 815 4
602 825 3
602 828 6
602 866 10
602 867 2
602 868 10
602 870 3
602 876 7
603 649 10
603 672 7
603 682 10
603 695 6
603 700 7
603 705 1
603 724 4
603 741 8
603 749 1
603 773 9
603 805 4
603 844 7
604 612 6
604 628 5
604 637 8
604 654 2
604 688 3
604 703 7
604 740 4
604 745 6
604 751 8
604 797 10
604 802 8
604 806 3
604 819 2
604 865 3
604 877 2
605 629 6
605 637 3
605 644 6
605 664 4
605 677 4
605 684 3
605 686 3
605 698 9
605 703 1
605 716 3
605 758 2
605 759 10
605 807 3
605 843 2
605 847 3
605 857 1
605 894 7
606 613 9
606 629 10
606 640 8
606 648 3
606 653 6
606 659 2
606 701 9
606 728 5
606 761 3
606 779 6
606 781 8
606 859 7
606 870 9
606 897 9
607 633 2
607 662 3
607 695 5
607 722 5
607 760 6
607 780 9
607 788 7
607 826 4
607 846 1
607 850 1
607 870 8
607 874 10
608 637 3
608 652 9
608 663 4
608 673 5
608 703 6
608 713 4
608 727 5
608 736 3
608 756 6
608 765 2
608 781 6
608 793 4
608 803 7
608 810 9
608 826 10
608 828 6
608 855 7
608 877 10
608 883 4
609 620 8
609 625 2
609 654 10
609 670 2
609 702 9
609 709 10
609 740 10
609 762 4
609 769 10
609 793 2
609 800 1
609 810 1
609 824 6
609 865 10
609 872 6
609 877 10
610 611 7
610 673 9
610 686 6
610 695 1
610 728 5
610 756 8
610 761 9
610 799 8
610 809 6
610 815 9
610 849 9
610 853 1
610 872 5
610 887 8
610 898 6
611 708 2
611 733 1
611 796 6
611 799 5
611 816 9
611 827 7
611 842 6
611 846 3
611 863 9
611 867 7
611 873 5
611 881 9
611 882 2
611 899 6
612 616 5
612 646 3
612 665 2
612 689 5
612 712 9
612 730 5
612 742 9
612 760 6
612 800 3
612 849 9
612 894 1
613 614 3
613 629 9
613 642 3
613 696 7
613 786 9
613 793 8
613 832 10
613 849 9
613 862 5
613 863 4
613 877 10
613 888 2
614 619 1
614 687 2
614 706 10
614 707 7
614 726 6
614 773 10
614 778 10
614 797 4
614 827 6
614 836 2
614 865 5
614 884 1
614 890 10
614 892 1
614 896 1
615 637 7
615 649 5
615 704 9
615 707 9
615 710 7
615 712 10
615 716 1
615 788 3
615 791 8
615 835 9
615 880 4
615 883 6
615 893 5
616 634 7
616 658 5
616 672 6
616 681 9
616 684 8
616 689 7
616 714 7
616 716 6
616 719 7
616 737 6
616 759 9
616 794 4
616 824 8
616 830 5
616 876 4
617 626 9
617 655 6
617 685 7
617 686 6
617 690 2
617 723 7
617 742 6
617 766 9
617 792 6
617 795 9
617 815 3
617 832 3
617 867 7
617 871 7
618 697 1
618 746 1
618 778 5
618 794 7
618 812 9
618 813 4
618 843 7
618 859 5
618 868 10
618 877 2
618 879 3
618 897 8
619 641 2
619 657 7
619 669 7
619 688 6
619 699 2
619 722 5
619 788 3
619 800 8
619 805 2
619 835 7
619 856 5
619 889 10
619 891 5
620 658 2
620 690 8
620 705 7
620 730 5
620 734 6
620 755 5
620 774 7
620 811 8
620 835 2
620 840 3
620 842 6
620 858 5
620 871 9
620 886 3
620 891 6
621 637 2
621 664 5
621 681 5
621 695 5
621 704 3
621 737 1
621 784 3
621 792 5
621 817 8
621 818 5
621 855 4
621 861 9
621 885 1
621 888 10
622 688 8
622 705 7
622 729 2
622 744 7
622 770 6
622 788 8
622 790 2
622 856 10
622 878 4
622 887 10
623 631 3
623 668 8
623 680 5
623 686 7
623 696 9
623 717 9
623 753 5
623 838 10
623 858 4
623 883 9
624 657 5
624 711 6
624 736 2
624 744 7
624 754 2
624 755 9
624 763 3
624 776 8
624 780 9
624 802 6
624 811 7
624 812 9
624 819 2
624 830 10
624 839 5
624 856 9
624 900 9
625 632 7
625 649 1
625 705 2
625 778 6
625 798 3
625 825 2
625 829 2
625 853 2
626 644 10
626 657 1
626 702 8
626 747 1
626 752 4
626 771 8
626 786 7
626 787 1
626 812 9
626 861 3
627 645 5
627 646 7
627 652 8
627 666 2
627 716 6
627 750 5
627 759 10
627 768 4
627 814 8
627 816 10
627 844 8
627 877 7
627 879 8
627 894 6
628 634 7
628 635 2
628 638 1
628 640 1
628 670 5
628 703 3
628 717 2
628 726 4
628 741 3
628 773 9
628 775 6
628 800 8
628 815 7
628 865 3
629 663 10
629 678 5
629 683 5
629 698 4
629 711 4
629 719 4
629 735 7
629 740 1
629 744 8
629 796 7
629 801 6
629 815 6
629 822 8
629 851 5
629 858 2
630 655 5
630 663 1
630 682 10
630 693 8
630 720 1
630 783 10
630 792 4
630 805 5
630 830 4
630 888 7
631 678 9
631 704 4
631 735 3
631 754 8
631 764 10
631 773 7
631 775 8
631 776 7
631 777 3
631 795 3
631 806 2
631 813 7
631 833 10
631 837 2
631 878 6
631 882 6
631 885 9
631 887 1
632 641 3
632 661 3
632 669 4
632 672 9
632 681 5
632 692 5
632 695 9
632 703 6
632 707 7
632 762 2
632 777 2
632 785 10
632 848 1
633 649 1
633 655 3
633 666 5
633 698 10
633 703 5
633 707 1
633 710 7
633 713 3
633 726 3
633 739 10
633 740 4
633 748 9
633 759 1
633 785 7
633 809 7
633 810 6
633 818 5
633 879 7
634 652 10
634 681 9
634 712 3
634 740 10
634 766 4
634 780 7
634 810 10
634 832 1
634 864 3
634 870 2
634 899 2
635 641 2
635 648 4
635 693 4
635 762 7
635 781 8
635 793 4
635 851 1
635 868 8
636 657 2
636 670 3
636 678 2
636 679 3
636 684 8
636 693 3
636 694 3
636 709 4
636 730 9
636 743 10
636 796 10
636 799 5
636 818 1
636 819 8
636 838 7
636 847 1
636 869 1
636 884 6
637 642 10
637 651 1
637 669 8
637 677 3
637 680 5
637 743 2
637 761 6
637 765 8
637 767 8
637 816 3
637 828 3
637 838 10
637 875 2
638 648 5
638 684 4
638 692 4
638 712 7
638 723 1
638 735 6
638 738 10
638 744 6
638 759 6
638 789 1
638 798 5
638 808 10
638 812 2
638 820 4
638 844 9
638 851 2
638 853 5
638 860 6
639 646 3
639 647 7
639 675 3
639 703 6
639 707 3
639 709 6
639 747 3
639 752 3
639 753 5
639 756 6
639 784 5
639 794 4
639 801 9
639 833 9
639 848 9
639 853 4
639 863 8
639 884 1
640 642 1
640 662 9
640 668 6
640 677 6
640 768 9
640 780 2
640 791 8
640 812 10
640 846 6
641 659 6
641 673 3
641 689 2
641 700 3
641 729 6
641 731 8
641 737 5
641 738 3
641 742 1
641 747 1
641 755 5
641 761 3
641 800 5
641 808 2
641 813 9
641 829 1
641 836 1
641 877 10
641 889 1
641 894 6
642 650 7
642 652 2
642 669 7
642 677 7
642 745 9
642 747 2
642 754 7
642 766 1
642 796 9
642 802 7
642 804 6
642 810 6
642 839 1
642 858 7
642 861 8
643 656 8
643 695 6
643 704 5
643 724 2
643 741 8
643 751 7
643 769 7
643 792 2
643 840 1
643 867 10
643 870 1
643 879 3
643 880 2
643 884 10
643 885 4
644 666 8
644 675 8
644 710 7
644 717 4
644 719 6
644 743 5
644 745 5
644 775 2
644 798 7
644 823 6
644 867 10
644 870 2
644 884 3
645 646 1
645 681 10
645 696 1
645 704 10
645 735 8
645 767 5
645 776 2
645 777 5
645 783 1
645 818 10
645 828 9
645 850 3
645 851 9
645 859 9
645 879 8
645 882 1
646 674 10
646 698 3
646 726 10
646 731 9
646 756 9
646 769 3
646 790 4
646 810 5
646 819 9
646 858 7
646 887 2
647 651 6
647 688 7
647 691 5
647 696 9
647 709 9
647 733 7
647 763 9
647 786 8
647 797 4
647 826 5
647 832 9
647 867 10
647 880 7
648 658 10
648 665 8
648 672 1
648 711 9
648 728 8
648 741 10
648 753 1
648 763 9
648 775 2
648 818 10
648 822 9
648 827 2
648 841 4
648 853 4
648 856 9
648 897 2
649 665 1
649 688 10
649 706 10
649 732 7
649 743 4
649 768 8
649 772 5
649 775 10
649 785 8
649 833 4
649 835 5
649 846 2
649 860 5
650 662 5
650 672 10
650 675 4
650 686 4
650 693 10
650 702 2
650 730 4
650 735 2
650 744 4
650 750 4
650 763 3
650 813 3
650 831 3
650 842 7
650 897 6
651 674 6
651 690 5
651 726 10
651 739 8
651 775 6
651 776 9
651 808 4
651 817 1
651 858 8
651 860 10
651 872 3
651 878 5
652 680 6
652 683 7
652 725 8
652 747 10
652 779 3
652 797 7
652 824 3
652 892 9
653 704 8
653 713 7
653 722 2
653 723 9
653 748 10
653 772 5
653 780 4
653 789 3
653 806 7
653 854 2
653 861 10
653 869 5
653 875 8
653 877 1
653 878 2
654 667 3
654 711 1
654 719 8
654 772 3
654 805 8
654 861 9
654 869 7
654 874 2
654 887 4
655 657 4
655 693 9
655 705 3
655 712 8
655 741 7
655 791 8
655 801 6
655 804 5
655 822 4
655 861 7
655 869 5
655 888 3
655 890 4
656 689 10
656 691 7
656 698 2
656 700 1
656 722 9
656 728 6
656 800 8
656 817 1
656 851 10
656 855 2
657 661 2
657 663 7
657 693 5
657 748 9
657 763 5
657 773 3
657 796 3
657 804 1
657 816 6
657 819 3
657 823 3
657 861 6
657 862 2
657 872 2
657 888 1
657 894 6
658 684 5
658 689 10
658 707 2
658 762 10
658 773 3
658 806 2
658 814 8
658 823 6
658 826 4
658 833 8
658 841 4
658 891 2
658 895 9
658 898 3
659 665 3
659 675 10
659 692 1
659 698 9
659 716 10
659 818 7
659 860 2
659 866 4
659 874 7
660 733 9
660 782 9
660 785 2
660 802 4
660 804 10
660 806 3
660 812 5
660 823 7
660 833 10
660 848 6
661 734 8
661 772 1
661 830 10
661 839 1
661 850 8
661 852 5
661 866 5
661 883 8
661 889 8
661 893 8
662 665 6
662 718 2
662 720 10
662 725 7
662 751 2
662 848 1
662 852 8
662 881 1
662 887 4
662 895 4
663 673 9
663 698 2
663 721 2
663 734 10
663 739 8
663 751 3
663 758 5
663 862 4
663 897 9
663 898 6
664 673 9
664 674 8
664 675 6
664 703 8
664 736 9
664 737 5
664 770 4
665 670 5
665 700 2
665 716 2
665 731 2
665 734 7
665 741 3
665 751 3
665 815 5
665 819 7
665 842 3
665 846 3
665 858 9
665 869 8
665 878 8
665 900 7
666 718 2
666 720 9
666 758 9
666 782 9
666 789 1
666 834 3
666 850 4
666 856 1
666 892 8
667 678 2
667 747 8
667 749 5
667 761 1
667 771 8
667 781 9
667 787 4
667 794 2
667 798 1
667 799 7
667 804 5
667 819 7
667 824 2
667 856 8
667 859 4
667 873 10
667 884 2
668 685 6
668 702 8
668 743 10
668 744 3
668 745 4
668 747 1
668 801 3
668 807 2
668 853 1
669 709 5
669 717 6
669 721 4
669 768 5
669 787 3
669 788 5
669 789 4
669 792 7
669 793 7
669 802 2
669 840 8
669 892 2
670 713 5
670 732 8
670 791 1
670 854 10
670 866 6
670 899 2
671 695 7
671 719 9
671 721 1
671 729 8
671 738 6
671 745 8
671 773 9
671 811 10
671 826 3
671 841 1
671 879 2
671 886 5
672 688 1
672 710 8
672 736 10
672 760 4
672 764 4
672 767 5
672 798 10
672 827 8
672 837 3
672 840 8
672 865 1
672 890 10
673 695 10
673 780 5
673 784 7
673 797 10
673 849 4
673 853 5
673 854 3
673 855 2
673 861 3
673 897 3
673 899 2
674 684 9
674 691 2
674 695 10
674 723 10
674 737 6
674 750 1
674 779 4
674 812 10
674 813 1
674 820 1
674 825 2
674 862 7
674 875 5
674 886 8
675 699 6
675 735 2
675 740 10
675 758 4
675 792 2
675 795 2
675 827 5
675 847 8
675 863 8
676 694 4
676 721 4
676 741 4
676 831 8
676 857 5
676 865 7
677 748 2
677 769 6
677 776 7
677 822 3
677 886 8
677 900 6
678 681 10
678 682 10
678 691 9
678 698 10
678 725 10
678 764 2
678 773 3
678 783 8
678 790 6
678 817 10
678 853 4
679 681 9
679 742 1
679 744 9
679 749 2
679 753 2
679 789 3
679 859 9
679 874 10
679 885 8
679 888 2
679 899 3
680 696 5
680 714 9
680 719 1
680 769 6
680 811 6
680 812 7
680 843 10
680 851 3
680 852 5
681 700 9
681 708 2
681 711 5
681 726 10
681 756 4
681 778 6
681 788 4
681 818 3
681 819 1
681 832 3
681 866 6
681 892 9
682 701 4
682 710 6
682 727 2
682 747 5
682 758 10
682 804 1
682 808 6
682 817 9
682 841 4
682 867 1
682 897 3
683 699 4
683 709 1
683 740 10
683 741 10
683 769 10
683 772 1
683 789 2
683 793 6
683 796 10
683 804 6
683 807 10
683 860 1
684 692 1
684 710 6
684 736 5
684 741 3
684 769 8
684 770 9
684 834 1
684 863 9
684 870 4
684 872 6
684 874 10
685 688 9
685 713 8
685 762 2
685 772 6
685 779 6
685 788 8
685 797 8
685 822 9
685 844 1
685 847 1
686 688 10
686 713 10
686 715 10
686 721 1
686 725 4
686 748 7
686 751 2
686 765 1
686 885 6
686 886 2
687 714 1
687 718 3
687 731 8
687 791 5
687 800 1
687 810 9
687 825 5
687 864 1
687 878 2
687 896 3
688 691 10
688 700 2
688 762 10
688 785 4
688 801 8
688 806 7
688 842 1
688 845 7
688 852 7
688 859 3
688 862 7
688 867 7
688 878 5
688 885 8
689 704 9
689 733 8
689 762 4
689 781 10
689 789 10
689 795 2
689 802 3
689 812 2
689 889 4
690 691 3
690 732 6
690 733 6
690 775 1
690 797 3
690 820 8
690 822 4
690 832 7
690 857 10
690 861 6
690 864 8
690 865 3
690 866 5
690 870 4
690 872 5
690 895 1
691 700 1
691 728 7
691 731 8
691 751 9
691 760 1
691 764 5
691 793 7
691 831 10
691 843 9
691 854 8
691 861 1
691 868 2
691 877 2
691 898 2
692 711 7
692 811 4
692 829 10
692 831 5
692 860 6
692 894 2
693 696 2
693 737 10
693 746 10
693 750 1
693 762 5
693 769 7
693 784 5
693 787 9
693 797 2
693 830 9
693 848 1
693 859 4
693 879 8
693 882 8
694 705 2
694 730 10
694 732 3
694 768 10
694 772 10
694 790 3
694 829 7
694 846 2
694 848 6
694 855 9
694 858 4
694 867 2
694 868 4
694 874 3
695 715 6
695 737 10
695 753 6
695 755 8
695 799 9
695 804 7
695 841 10
695 861 5
695 877 3
695 891 5
696 705 5
696 755 6
696 765 5
696 766 5
696 773 10
696 780 2
696 815 3
696 821 1
696 866 2
696 891 7
696 899 3
697 719 3
697 735 1
697 752 1
697 821 4
697 834 6
697 851 9
697 878 9
697 879 7
697 886 5
697 891 3
698 700 5
698 702 6
698 705 8
698 711 4
698 720 4
698 723 6
698 778 3
698 782 10
698 820 8
698 834 9
698 867 4
699 711 4
699 715 4
699 740 8
699 758 3
699 780 7
699 786 2
699 838 5
699 844 10
699 863 10
699 885 7
699 898 2
700 713 10
700 718 8
700 719 8
700 726 7
700 736 8
700 770 6
700 861 4
700 866 4
700 886 9
701 712 8
701 723 9
701 729 8
701 735 3
701 737 4
701 744 4
701 760 5
701 769 3
701 780 3
701 818 6
701 820 8
701 826 8
701 829 1
701 850 6
701 865 2
701 894 7
701 899 9
702 758 9
702 768 7
702 795 9
702 804 5
702 810 10
702 836 10
702 859 4
702 880 9
702 891 7
702 895 4
703 704 7
703 711 2
703 721 7
703 725 5
703 739 1
703 787 6
703 793 4
703 796 3
703 802 1
703 812 9
703 837 7
703 839 4
703 863 4
703 883 4
703 888 1
704 729 1
704 775 4
704 776 8
704 780 5
704 794 1
704 796 7
704 828 3
704 840 9
704 875 7
704 879 7
705 715 10
705 734 6
705 751 3
705 755 9
705 764 4
705 771 6
705 783 5
705 791 5
705 821 4
705 854 1
705 870 5
705 882 1
706 784 6
706 788 7
706 810 2
706 816 5
706 867 6
706 898 5
707 729 10
707 733 9
707 737 7
707 746 2
707 789 3
707 792 5
707 817 6
707 868 5
707 876 3
707 893 8
708 725 3
708 751 1
708 787 7
708 831 2
708 853 8
708 872 9
709 739 2
709 751 2
709 811 6
709 831 6
709 835 6
709 858 9
709 893 6
709 897 1
710 712 10
710 759 4
710 792 9
710 796 1
710 830 8
710 840 4
710 872 7
710 888 9
711 730 5
711 731 5
711 764 10
711 769 7
711 771 9
711 794 6
711 829 1
711 841 3
711 850 3
711 862 5
711 880 5
711 893 9
712 720 8
712 721 3
712 730 9
712 732 10
712 736 6
712 766 6
712 775 5
712 826 1
712 876 7
713 717 3
713 726 3
713 754 6
713 786 6
713 787 2
713 794 8
713 835 5
713 839 7
713 843 6
713 857 3
713 901 1
714 739 10
714 806 2
714 846 9
714 865 1
714 867 7
714 873 9
714 901 5
715 727 2
715 759 5
715 767 10
715 790 2
715 811 3
715 818 4
715 824 3
715 860 2
715 868 9
715 884 8
715 896 6
716 722 1
716 762 4
716 763 10
716 780 4
716 795 1
716 854 5
716 860 7
716 864 10
716 869 9
717 722 5
717 764 5
717 772 3
717 778 6
717 801 7
717 811 5
717 832 4
717 869 7
717 873 3
717 889 5
717 894 3
718 760 4
718 761 9
718 765 4
718 769 6
718 772 3
718 794 7
718 803 10
718 805 4
718 814 7
718 815 7
718 826 2
718 830 8
718 837 3
718 848 1
718 883 3
719 741 5
719 827 8
719 830 1
719 842 5
719 843 8
720 722 5
720 759 1
720 767 1
720 776 2
720 778 9
720 784 5
720 808 6
720 812 5
720 818 7
720 823 2
720 832 10
720 860 3
720 884 2
721 726 3
721 730 10
721 731 5
721 737 10
721 738 9
721 753 10
721 760 8
721 795 7
721 811 1
721 821 5
721 835 9
721 839 4
721 855 9
721 858 4
722 737 1
722 740 9
722 742 10
722 756 8
722 770 6
722 776 10
722 781 8
722 820 7
722 824 9
722 842 4
722 858 2
722 891 5
723 741 3
723 812 5
723 835 4
723 874 5
723 885 7
724 727 9
724 741 6
724 761 3
724 781 10
724 791 4
724 803 2
724 813 7
724 818 2
724 823 5
724 872 4
724 882 1
724 887 8
725 763 2
725 778 6
725 781 10
725 785 3
725 802 5
725 803 9
725 815 8
725 866 6
725 870 9
726 729 4
726 735 4
726 746 4
726 761 8
726 796 1
726 813 6
726 824 2
726 831 6
726 855 2
726 870 10
726 880 4
726 887 7
727 730 2
727 737 3
727 769 2
727 791 6
727 792 2
727 818 4
727 819 10
727 835 5
727 844 6
727 846 9
727 861 8
727 888 1
728 741 10
728 816 10
728 832 7
728 867 8
729 750 7
729 763 2
729 776 8
729 817 1
729 818 8
729 831 2
729 837 10
729 874 10
730 754 9
730 778 1
730 877 5
730 896 1
730 899 3
731 732 1
731 752 9
731 773 4
731 818 5
731 854 1
731 874 1
731 891 6
732 753 6
732 761 10
732 765 2
732 780 1
732 791 10
732 802 10
732 804 1
732 810 9
732 817 9
733 745 9
733 750 9
733 767 6
733 779 10
733 780 6
733 782 8
733 807 7
733 826 9
733 833 7
733 900 6
734 747 8
734 774 9
734 776 3
734 790 8
734 791 1
734 811 3
734 821 6
734 841 7
734 856 9
735 744 8
735 769 7
735 772 7
735 777 3
735 846 9
735 853 8
735 855 3
735 861 8
735 876 7
735 881 5
735 892 7
736 759 8
736 784 3
736 833 5
736 864 3
736 876 5
736 879 2
736 888 2
736 901 3
737 755 1
737 757 10
737 762 1
737 774 8
737 797 8
737 798 3
737 808 5
737 820 9
737 826 7
737 843 2
737 845 7
737 867 7
737 881 2
737 896 3
737 897 3
738 767 4
738 771 1
738 777 1
738 787 9
738 821 9
738 835 9
738 839 5
738 845 7
738 869 6
739 777 10
739 823 3
739 829 10
739 839 4
739 880 4
740 754 1
740 761 6
740 789 4
740 798 2
740 822 6
740 835 1
740 846 10
740 862 10
740 869 7
740 883 10
740 892 8
741 797 1
741 849 6
741 867 5
741 889 2
742 755 10
742 758 7
742 759 5
742 775 3
742 815 7
742 874 5
742 893 3
743 773 8
743 798 10
743 843 9
743 848 3
743 884 9
744 769 1
744 844 3
744 867 4
744 897 6
745 747 5
745 774 1
745 800 10
745 805 7
745 819 7
745 821 2
745 831 8
745 848 8
745 849 1
745 861 7
746 756 6
746 761 1
746 771 4
746 803 10
746 817 4
746 850 5
746 892 8
746 894 10
747 748 7
747 780 7
747 790 5
747 835 9
747 879 4
747 894 6
748 797 9
748 800 6
748 810 6
748 815 9
748 843 10
748 847 9
748 865 7
748 871 7
748 879 9
748 893 8
748 895 5
749 768 7
749 772 9
749 806 2
749 849 5
749 878 1
750 754 10
750 772 2
750 802 3
750 805 5
750 808 3
750 817 6
750 824 9
750 895 2
751 757 6
751 781 6
751 839 8
751 849 2
752 755 6
752 786 1
752 794 7
752 829 5
752 830 9
752 842 4
752 859 5
752 865 10
752 876 2
752 880 1
753 766 8
753 787 2
753 793 8
753 800 2
753 837 9
753 845 9
753 852 5
754 765 5
754 767 9
754 800 4
754 818 8
754 819 2
754 851 8
754 859 10
754 866 9
754 891 9
755 766 3
755 773 4
755 799 4
755 822 1
755 852 7
755 859 9
755 860 3
755 889 5
756 757 5
756 761 3
756 762 8
756 770 10
756 771 3
756 777 1
756 825 2
756 836 10
756 850 3
756 863 10
756 866 4
756 867 3
756 894 8
756 896 8
756 900 9
757 764 8
757 765 2
757 772 6
757 779 9
757 861 1
757 885 7
757 895 8
758 789 9
758 830 9
758 839 3
758 878 4
758 881 9
758 882 2
759 784 5
759 788 4
759 807 6
759 811 9
759 825 6
759 844 4
759 847 10
759 861 8
759 885 6
760 764 2
760 806 10
760 815 8
760 830 1
760 835 3
760 837 2
760 841 10
760 865 10
760 880 10
760 894 9
761 836 3
761 865 5
761 897 10
762 776 6
762 777 3
762 788 7
762 806 6
762 812 2
762 841 1
762 893 10
763 771 2
763 869 2
763 871 6
764 777 7
764 779 10
764 780 6
764 812 3
764 845 3
764 848 6
764 867 10
764 879 10
764 882 9
765 780 1
765 783 8
765 806 1
765 859 3
765 876 1
765 880 10
765 885 5
765 899 1
766 768 10
766 773 9
766 801 7
766 819 9
766 844 4
766 850 2
767 779 7
767 793 10
767 814 5
767 818 8
767 872 1
767 873 6
767 885 1
767 889 6
768 783 3
768 809 10
768 817 3
768 826 7
769 776 4
769 802 8
769 805 8
769 827 4
769 866 6
769 867 9
769 868 3
769 879 8
769 895 3
770 801 3
770 831 7
770 845 9
770 849 5
770 853 7
770 867 8
771 785 4
771 798 7
771 804 3
771 806 5
771 850 4
771 868 2
771 877 9
771 886 1
772 776 4
772 777 6
772 783 3
772 786 1
772 787 10
772 792 3
772 806 4
772 813 6
772 816 8
772 862 3
772 871 4
772 873 3
772 886 1
772 896 4
773 791 5
773 806 8
773 810 6
773 813 10
773 840 7
773 859 5
773 866 6
773 879 5
773 881 4
773 888 9
773 889 1
773 894 6
773 897 5
774 780 4
774 801 10
774 825 3
774 881 4
774 882 5
774 892 1
774 893 9
774 894 6
775 809 10
775 836 1
775 857 9
775 861 8
776 790 10
776 819 1
776 853 1
777 798 3
777 832 1
777 844 4
777 864 9
777 871 9
778 780 1
778 869 10
778 896 5
778 900 7
779 837 6
779 854 9
779 868 10
779 892 6
780 781 9
780 785 8
780 799 1
780 804 3
780 838 7
780 873 5
781 784 8
781 792 1
781 803 5
781 812 6
781 826 6
781 839 7
781 845 8
782 821 6
782 858 4
782 869 10
782 877 9
782 882 4
782 884 2
782 890 9
783 790 9
783 793 10
783 838 9
783 839 9
783 846 2
783 888 5
784 788 6
784 792 9
784 818 5
784 834 7
784 859 4
784 874 4
784 892 4
785 821 6
785 833 8
785 853 2
785 857 3
785 868 7
785 873 3
786 789 9
786 816 5
786 822 10
786 894 5
788 792 4
789 795 8
789 854 8
789 868 3
790 863 6
790 869 3
790 876 4
790 877 6
791 807 1
791 847 6
791 855 7
791 858 2
792 801 7
792 828 1
792 836 9
792 850 5
792 858 6
792 892 5
793 813 10
793 819 1
793 840 1
793 855 8
793 862 10
794 805 2
794 816 10
794 818 6
794 832 6
794 842 8
794 885 2
794 901 8
795 831 3
795 858 6
795 892 5
795 897 2
796 803 8
796 808 2
796 852 5
796 854 4
796 869 7
796 899 7
797 804 9
797 813 3
797 815 10
797 825 7
797 833 6
797 852 8
797 858 1
797 869 3
798 801 5
798 813 2
798 818 3
798 835 7
799 814 9
799 819 4
799 859 8
799 869 10
799 872 1
799 877 4
799 889 8
800 807 3
800 833 1
800 850 2
800 859 8
800 860 7
800 869 5
800 870 7
800 880 8
800 891 1
800 893 10
801 821 4
801 838 8
801 853 8
801 879 9
801 900 9
802 842 6
802 856 4
802 862 7
803 804 8
803 812 6
803 839 3
803 844 10
803 855 10
803 879 9
803 896 10
804 830 3
804 848 8
804 861 10
804 863 3
804 870 3
805 814 9
805 844 5
805 857 5
805 863 2
806 813 4
806 818 1
806 822 6
806 838 1
806 842 8
806 862 7
806 863 2
806 870 4
806 895 6
807 838 2
807 849 2
807 872 4
808 814 7
808 832 7
808 836 2
808 877 5
808 892 4
808 900 6
809 828 6
809 879 5
809 894 6
810 861 5
810 876 7
811 816 4
811 825 6
811 847 1
811 855 6
811 883 4
812 827 8
812 828 3
812 865 5
812 877 1
812 900 3
813 831 3
813 841 3
813 885 3
814 816 9
814 817 7
814 842 6
814 848 6
814 853 8
814 868 9
814 874 9
814 880 4
814 881 7
814 894 1
815 819 10
815 872 2
815 893 8
816 839 5
817 829 6
817 836 4
817 854 2
817 866 2
817 881 7
817 884 7
818 868 2
818 880 4
818 889 3
818 893 9
819 834 8
819 839 7
819 876 2
819 897 1
819 898 9
820 837 6
820 850 5
820 885 9
821 830 2
821 832 10
821 865 6
821 897 1
822 825 10
822 857 5
822 859 5
822 894 6
823 841 7
823 844 6
823 859 7
823 864 4
823 884 3
823 885 2
824 837 9
824 860 4
824 870 5
825 859 7
825 891 2
826 833 8
826 838 3
826 846 4
826 847 7
826 866 10
826 885 3
827 838 10
827 858 2
827 878 3
827 881 5
827 889 6
828 845 4
828 851 9
829 863 5
831 850 9
831 859 9
831 882 6
831 888 3
832 838 5
833 859 3
833 880 1
834 848 3
834 856 1
834 898 7
835 846 5
835 853 4
835 876 5
835 894 10
836 896 8
837 890 2
838 862 3
839 843 6
839 851 4
839 852 7
839 854 4
840 897 5
841 854 1
841 896 5
842 885 7
843 844 3
843 855 1
843 864 2
843 872 6
843 890 9
843 891 9
844 862 7
844 867 10
844 894 4
845 860 1
845 867 4
846 872 7
846 879 2
847 853 6
847 863 9
847 882 10
848 880 2
848 891 3
849 855 4
849 865 1
849 869 2
850 867 7
850 873 6
852 879 7
852 901 2
854 864 2
854 869 2
854 870 7
854 871 4
855 891 8
855 897 3
855 899 6
856 859 9
856 872 6
856 892 4
856 901 9
857 901 4
858 861 2
858 880 8
859 865 10
859 878 2
859 879 4
859 884 8
860 874 5
860 889 9
860 890 6
861 870 4
862 867 3
862 881 8
862 886 10
862 889 5
863 897 10
864 901 8
865 866 10
867 885 8
867 889 10
868 888 3
869 874 2
869 877 8
870 873 6
872 899 9
874 875 2
875 881 4
875 890 7
875 899 7
876 889 7
879 892 6
880 882 3
881 884 8
881 886 5
885 888 2
887 897 1
887 898 8
889 901 9
890 893 6
896 898 7
902 601 18
903 901 10
902 903 22
