904 6735
100 71 1 88 40 27 42 9 50 99 46 36 30 24 57 27 28 3 43 75 90 50 34 59 26 9 64 25 63 3 87 62 73 88 50 12 66 43 21 68 93 18 55 74 41 63 100 20 65 94 95 55 95 28 65 21 89 28 97 51 31 84 64 55 23 65 19 40 59 91 59 3 8 65 77 49 28 76 68 92 22 14 98 16 94 63 88 82 42 85 84 72 20 47 79 94 64 97 85 22 87 44 25 46 60 53 94 87 80 14 31 1 79 28 17 24 42 4 5 84 40 40 7 59 39 85 4 2 81 89 75 19 84 51 65 43 3 10 82 83 75 12 83 6 91 51 29 33 55 86 16 46 25 22 5 15 59 60 16 39 48 43 10 83 93 26 26 48 87 59 30 14 22 64 19 12 67 99 96 73 84 11 18 61 85 74 75 43 34 91 33 81 85 94 64 77 19 41 24 58 99 5 71 20 21 41 83 39 39 79 11 23 41 28 83 25 2 9 19 35 99 52 67 35 45 82 12 16 22 87 73 72 44 95 91 16 35 26 54 73 4 64 47 44 91 81 21 44 90 39 78 40 90 97 75 87 78 38 2 100 24 26 71 67 20 14 34 6 91 87 30 94 50 29 89 93 9 61 36 98 100 66 90 41 62 64 79 91 1 80 90 76 57 13 95 28 78 28 85 20 52 50 30 59 19 78 11 7 64 100 66 89 33 56 36 65 84 51 20 33 1 42 54 17 12 17 95 92 79 98 71 82 47 1 92 17 30 3 23 93 2 40 81 86 95 68 50 78 71 21 63 71 62 16 40 26 84 34 69 62 83 40 43 29 92 35 46 73 89 20 66 90 60 98 76 54 18 77 84 88 98 46 58 11 13 97 36 96 82 57 9 64 48 51 93 39 37 90 11 25 9 28 67 20 78 94 74 95 70 9 82 67 6 39 78 18 88 65 13 69 73 21 33 20 23 77 10 12 66 73 88 26 52 6 46 29 99 71 75 69 79 56 87 36 47 16 53 34 81 17 2 5 89 34 77 11 10 86 74 27 10 14 53 14 19 50 42 18 20 17 86 50 24 24 85 70 40 89 55 20 5 57 76 93 42 52 55 4 90 29 82 51 42 34 64 60 35 58 29 54 26 66 55 49 90 39 71 29 27 25 100 83 33 75 75 27 79 30 82 68 10 63 18 3 49 82 14 83 39 43 37 64 8 91 64 97 82 86 77 60 11 76 43 95 3 17 73 81 98 54 100 7 17 17 61 65 50 75 99 40 17 87 55 76 78 19 25 11 56 1 70 18 29 64 13 31 81 85 63 30 91 62 89 7 30 49 23 80 23 21 71 91 8 26 67 37 96 43 99 51 84 87 70 36 15 75 35 7 67 31 9 14 42 93 80 39 37 2 47 77 89 41 50 28 71 57 4 3 97 85 80 16 6 49 4 72 76 90 79 42 20 39 7 62 83 38 52 19 40 99 95 28 39 44 7 61 53 11 64 1 95 95 16 53 43 71 24 18 61 54 11 80 92 18 93 75 55 45 45 94 95 40 74 33 35 80 45 87 42 60 39 37 54 7 41 49 77 16 18 37 70 29 69 61 46 61 87 100 57 32 94 51 23 19 35 57 98 32 96 40 91 34 28 45 40 20 45 69 35 62 5 4 90 25 17 35 38 55 87 94 86 32 97 60 50 83 69 99 14 64 38 57 49 17 53 89 36 97 9 71 58 13 26 48 90 94 34 27 49 20 72 86 51 20 46 52 3 14 51 68 29 40 24 77 57 28 17 44 24 25 66 34 90 44 33 79 37 66 57 85 38 28 23 40 100 68 92 2 33 94 21 61 33 97 89 41 24 6 37 100 82 2 33 71 45 65 1 34 82 57 18 19 37 40 59 36 59 2 89 91 95 9 3 79 57 92 72 33 49 8 32 30 61 16 1 58 32 1 91 13 10 60 84 98 52 42 33 10 95 73 53 89 33 7 19 90 98 90 22 46 49 5 28 62 72 28 19 3 80 61 67 41 20 50 38 71 43 70 33 37 94 37 36 87
0 6 15
0 23 15
0 33 65
0 48 16
0 62 43
0 71 53
0 88 8
0 103 3
0 114 66
0 125 44
0 158 1
0 189 65
0 193 61
0 235 42
0 241 57
1 58 74
1 102 5
1 126 36
1 140 64
1 150 57
1 163 67
1 175 6
1 178 32
1 182 24
1 199 18
1 229 78
1 236 3
1 248 47
1 275 6
1 293 88
1 296 66
1 299 72
2 8 2
2 12 30
2 16 87
2 45 96
2 51 34
2 55 95
2 64 98
2 72 99
2 92 90
2 94 50
2 110 15
2 134 50
2 145 91
2 184 72
2 192 75
2 193 47
2 198 59
2 200 38
2 208 3
2 270 25
3 10 43
3 42 87
3 52 48
3 70 12
3 76 64
3 83 3
3 88 10
3 97 21
3 98 90
3 144 75
3 156 92
3 161 43
3 170 56
3 190 79
3 253 38
3 279 42
3 287 25
3 294 87
3 298 92
4 7 14
4 9 89
4 37 59
4 50 15
4 61 79
4 95 82
4 135 89
4 156 26
4 157 40
4 173 26
4 189 80
4 196 64
4 248 21
4 256 66
4 258 64
4 270 32
4 282 82
5 8 66
5 37 42
5 47 2
5 67 55
5 90 68
5 97 46
5 101 97
5 102 76
5 156 24
5 157 86
5 159 17
5 171 48
5 173 24
5 190 60
5 209 13
5 235 12
5 237 18
5 257 79
5 258 91
5 292 99
6 26 67
6 28 68
6 36 38
6 129 44
6 145 47
6 154 2
6 157 64
6 166 65
6 169 17
6 223 48
6 228 98
6 237 82
6 245 41
6 259 99
6 285 36
6 286 8
7 9 44
7 34 84
7 52 83
7 58 19
7 82 21
7 87 51
7 177 18
7 207 44
7 216 11
7 224 30
7 228 56
7 248 80
7 266 8
7 277 98
8 29 79
8 49 26
8 53 65
8 69 68
8 77 22
8 115 63
8 138 21
8 140 85
8 145 79
8 192 37
8 195 84
8 287 76
8 294 18
8 297 24
9 20 27
9 48 5
9 59 32
9 70 70
9 75 40
9 148 66
9 200 41
9 261 60
9 272 17
9 282 58
9 291 56
9 299 79
10 24 40
10 76 11
10 100 58
10 142 99
10 180 60
10 193 88
10 226 25
10 247 76
10 257 56
10 264 46
10 274 90
11 19 76
11 71 82
11 79 69
11 117 65
11 129 18
11 135 96
11 138 82
11 147 41
11 185 22
11 246 87
11 270 24
11 271 44
11 278 78
12 39 90
12 57 84
12 89 38
12 95 58
12 103 41
12 132 93
12 141 36
12 163 32
12 191 55
12 210 45
12 226 31
12 256 66
12 259 33
12 283 7
12 293 41
13 28 40
13 34 4
13 35 30
13 66 15
13 122 37
13 128 50
13 134 79
13 147 54
13 201 46
13 226 13
13 255 95
13 257 67
14 22 51
14 62 18
14 118 10
14 140 28
14 141 7
14 150 93
14 155 17
14 209 16
14 232 86
14 234 9
14 243 51
14 278 17
15 28 15
15 49 96
15 80 99
15 85 80
15 89 28
15 109 5
15 166 72
15 191 67
15 195 60
15 199 2
15 221 33
15 240 97
15 275 51
15 278 64
15 293 50
16 25 96
16 47 28
16 57 96
16 112 63
16 115 78
16 133 66
16 140 24
16 143 5
16 151 72
16 172 17
16 177 22
16 185 40
16 237 54
16 293 82
16 298 90
17 40 70
17 64 49
17 86 37
17 100 21
17 137 80
17 152 64
17 157 25
17 165 52
17 171 82
17 204 37
17 229 53
17 274 67
17 297 33
18 36 55
18 39 82
18 87 34
18 90 3
18 91 9
18 152 30
18 154 65
18 167 86
18 184 95
18 221 40
18 226 42
18 275 18
18 298 56
19 41 15
19 59 57
19 69 9
19 77 49
19 111 99
19 116 31
19 120 49
19 156 35
19 187 51
19 209 28
19 214 51
19 246 27
19 269 79
19 290 84
20 34 63
20 56 83
20 59 2
20 89 47
20 96 90
20 117 83
20 149 33
20 189 92
20 193 43
20 194 62
20 236 8
20 254 28
20 256 8
20 262 47
21 32 22
21 34 77
21 46 55
21 47 88
21 58 86
21 91 15
21 97 36
21 103 84
21 107 45
21 116 36
21 126 18
21 143 47
21 167 64
21 192 20
21 194 26
21 217 94
21 246 4
21 252 40
21 261 77
21 276 5
22 46 87
22 96 18
22 135 88
22 140 19
22 144 9
22 192 30
22 228 32
22 230 16
22 269 10
22 283 91
22 297 62
23 68 83
23 73 67
23 79 16
23 83 70
23 111 52
23 117 83
23 120 58
23 135 87
23 142 27
23 144 45
23 154 5
23 182 26
23 207 8
23 219 76
23 230 51
23 234 2
23 235 79
23 265 90
23 277 30
23 292 84
24 46 28
24 56 47
24 69 23
24 89 98
24 121 7
24 146 4
24 153 81
24 159 22
24 195 65
24 198 71
24 202 35
24 213 47
24 292 38
25 30 3
25 46 69
25 47 41
25 51 85
25 86 78
25 90 28
25 127 63
25 144 22
25 153 84
25 160 88
25 176 82
25 182 59
25 230 90
25 240 35
25 241 90
25 255 32
25 285 64
26 54 73
26 57 59
26 64 62
26 81 47
26 103 9
26 108 68
26 115 2
26 133 89
26 162 41
26 174 67
26 253 12
26 269 75
26 274 65
26 298 1
27 60 77
27 75 85
27 99 41
27 108 13
27 111 14
27 123 20
27 125 76
27 135 36
27 153 55
27 158 63
27 170 69
27 174 14
27 207 5
27 212 3
27 225 55
27 237 36
27 270 18
28 57 79
28 63 46
28 107 31
28 151 25
28 172 6
28 198 98
28 261 26
28 294 95
29 35 90
29 38 44
29 39 6
29 66 64
29 70 9
29 98 58
29 100 93
29 196 93
29 197 98
29 225 5
29 268 7
30 62 70
30 67 32
30 69 94
30 83 24
30 94 47
30 110 62
30 138 89
30 160 51
30 177 16
30 180 43
30 189 38
30 225 33
30 252 21
30 274 83
31 33 63
31 43 97
31 46 89
31 76 12
31 89 23
31 94 35
31 100 1
31 101 66
31 173 92
31 196 16
31 201 26
31 205 49
31 253 8
31 262 19
31 277 98
32 34 65
32 50 77
32 55 67
32 75 48
32 80 70
32 101 43
32 117 94
32 142 83
32 159 31
32 167 96
32 199 98
32 208 26
32 214 33
32 216 30
32 218 46
32 270 16
32 290 44
33 48 95
33 103 56
33 104 55
33 133 69
33 134 42
33 148 7
33 179 34
33 186 33
33 221 22
33 261 12
33 269 81
33 277 82
33 297 30
34 66 30
34 79 46
34 123 6
34 135 97
34 156 45
34 162 27
34 169 39
34 180 39
34 181 9
34 200 21
34 202 34
34 204 58
34 221 46
34 229 67
34 279 87
34 297 44
35 44 34
35 51 82
35 70 38
35 103 41
35 108 88
35 179 6
35 195 82
35 251 94
35 254 91
35 269 14
36 56 67
36 68 2
36 70 46
36 74 48
36 87 83
36 111 75
36 162 45
36 170 40
36 186 23
36 205 90
36 216 66
36 257 13
36 288 80
36 291 26
37 42 86
37 62 13
37 70 83
37 71 31
37 89 31
37 94 21
37 104 26
37 105 16
37 134 2
37 143 15
37 178 56
37 189 41
37 196 20
37 200 89
37 216 34
37 254 63
37 265 54
37 295 1
38 40 16
38 108 99
38 127 100
38 183 51
38 223 26
39 47 45
39 113 90
39 114 100
39 124 86
39 137 8
39 151 65
39 185 65
39 219 85
39 223 50
39 224 77
39 232 68
39 259 32
39 261 60
39 273 40
39 275 58
40 50 27
40 51 94
40 73 72
40 128 35
40 145 34
40 164 44
40 177 23
40 190 20
40 208 6
40 210 77
40 212 72
40 222 73
40 241 27
40 261 71
41 70 23
41 109 4
41 119 67
41 128 13
41 139 56
41 141 52
41 157 72
41 160 20
41 215 16
41 223 56
41 267 69
41 273 45
41 280 75
42 103 100
42 130 56
42 179 15
42 239 57
43 53 82
43 66 8
43 98 81
43 125 16
43 144 41
43 187 24
43 222 39
43 223 12
43 244 81
43 245 15
43 264 83
43 268 53
43 295 93
44 50 6
44 58 28
44 81 97
44 117 72
44 122 40
44 129 52
44 141 76
44 149 63
44 167 23
44 193 43
44 195 18
44 199 91
44 213 87
44 265 93
44 266 42
44 274 42
44 284 7
44 289 51
45 48 24
45 60 66
45 82 31
45 92 91
45 99 58
45 124 6
45 139 29
45 140 70
45 156 86
45 209 95
45 255 4
45 272 90
45 277 88
45 278 9
45 287 17
45 292 36
45 294 33
45 298 8
46 58 39
46 63 8
46 104 70
46 154 61
46 173 50
46 185 40
46 206 3
46 211 89
46 295 84
47 70 44
47 87 82
47 119 42
47 126 46
47 130 5
47 141 7
47 153 76
47 181 96
47 194 64
47 236 33
47 239 76
47 271 85
47 285 70
47 287 23
48 70 89
48 71 60
48 95 62
48 164 49
48 168 28
48 183 97
48 201 81
48 213 36
48 214 87
48 216 40
48 217 57
48 219 47
48 236 42
48 247 96
48 250 1
48 271 30
48 278 79
49 70 44
49 71 11
49 81 20
49 95 42
49 114 68
49 123 78
49 124 17
49 211 15
49 271 94
49 272 2
49 273 42
49 283 30
49 284 71
49 286 64
49 295 18
50 74 30
50 80 25
50 93 19
50 97 58
50 126 73
50 142 51
50 147 45
50 167 59
50 168 43
50 184 53
50 200 57
50 284 84
51 92 1
51 110 57
51 111 65
51 117 31
51 128 53
51 137 75
51 141 3
51 148 94
51 189 94
51 215 80
51 262 62
52 82 60
52 109 73
52 121 63
52 127 2
52 153 3
52 248 34
52 274 65
53 57 72
53 72 15
53 74 42
53 115 42
53 122 24
53 145 14
53 146 93
53 149 20
53 201 73
53 208 35
53 276 73
53 298 29
54 61 70
54 84 73
54 112 38
54 115 34
54 136 3
54 158 90
54 177 60
54 192 5
54 194 83
54 214 6
54 243 37
54 268 96
55 58 65
55 70 61
55 72 59
55 81 18
55 101 15
55 102 44
55 124 83
55 152 39
55 192 58
55 201 24
55 238 80
55 262 34
55 267 89
55 287 24
55 289 53
55 296 61
56 72 10
56 74 25
56 93 42
56 124 79
56 135 49
56 142 79
56 157 64
56 164 52
56 250 20
56 254 24
56 270 8
56 290 2
57 69 81
57 97 44
57 125 49
57 136 45
57 142 5
57 169 7
57 181 63
57 189 19
57 192 2
57 195 97
57 205 57
57 268 60
57 280 72
57 291 89
58 64 45
58 74 60
58 95 12
58 110 97
58 134 73
58 135 22
58 204 74
58 245 14
58 257 52
58 272 22
58 286 44
59 67 16
59 81 25
59 101 63
59 107 39
59 127 85
59 134 16
59 140 19
59 143 28
59 144 64
59 147 15
59 168 84
59 178 23
59 236 29
60 75 55
60 76 24
60 90 25
60 97 63
60 99 35
60 117 96
60 119 51
60 154 79
60 162 8
60 168 15
60 199 76
60 214 80
60 255 36
60 286 1
60 291 45
60 294 87
60 297 22
61 101 88
61 143 2
61 148 99
61 159 2
61 186 92
61 196 83
61 200 69
61 211 62
61 215 62
61 224 32
61 248 29
61 260 46
61 263 6
61 269 57
61 270 52
62 76 30
62 114 82
62 162 14
62 163 16
62 168 29
62 173 17
62 221 95
62 250 88
62 256 31
62 259 22
63 105 67
63 131 18
63 138 22
63 154 63
63 155 56
63 188 95
63 197 2
63 212 10
63 257 45
63 286 3
64 76 53
64 78 27
64 90 71
64 94 15
64 100 89
64 107 55
64 142 43
64 190 86
64 229 60
64 253 51
64 257 37
64 262 41
64 269 84
64 284 2
65 106 57
65 153 13
65 174 70
65 187 3
65 238 52
65 264 100
66 77 76
66 95 71
66 113 69
66 142 97
66 199 33
66 232 25
66 257 43
66 266 35
67 71 86
67 95 88
67 99 89
67 106 38
67 125 66
67 157 12
67 191 4
67 212 54
67 213 66
67 226 46
67 254 91
67 280 77
68 76 49
68 137 79
68 143 70
68 237 32
68 262 81
68 293 78
69 76 96
69 86 2
69 100 80
69 104 48
69 107 2
69 111 55
69 131 18
69 140 22
69 141 3
69 152 2
69 171 98
69 212 45
69 217 36
69 235 83
69 264 84
69 274 77
69 277 21
70 103 50
70 104 88
70 123 24
70 137 55
70 139 5
70 226 22
70 245 46
70 250 81
70 257 22
71 73 24
71 89 50
71 124 53
71 149 56
71 153 79
71 168 49
71 169 58
71 177 58
71 186 48
71 200 11
71 204 64
71 211 17
71 226 84
71 236 66
71 256 18
71 258 82
71 265 63
72 75 6
72 94 16
72 98 46
72 173 82
72 195 88
72 220 47
72 243 69
72 265 12
72 295 2
73 80 73
73 98 85
73 148 99
73 165 5
73 203 6
73 208 74
73 215 7
73 229 10
73 235 30
73 264 85
73 277 58
74 101 39
74 108 95
74 131 57
74 158 1
74 182 58
74 184 73
74 185 84
74 188 76
74 217 91
74 244 17
74 281 90
74 285 96
74 295 33
75 90 87
75 92 77
75 95 20
75 144 34
75 168 97
75 190 83
75 195 87
75 220 21
75 228 19
75 235 85
75 268 77
75 272 24
75 297 58
76 89 83
76 109 34
76 118 39
76 130 20
76 148 43
76 202 29
76 206 66
76 214 100
76 233 29
76 244 23
76 252 24
76 274 65
76 285 50
76 292 14
76 298 81
77 87 39
77 91 61
77 162 13
77 191 26
77 202 37
77 243 85
77 248 59
77 252 85
77 283 67
77 285 97
77 298 57
77 299 86
78 99 81
78 102 34
78 132 61
78 144 90
78 150 68
78 230 46
78 236 81
78 242 39
78 265 41
78 281 9
78 297 4
79 88 40
79 89 90
79 172 79
79 183 15
79 198 54
79 226 28
79 229 29
79 230 34
79 232 19
79 242 89
79 243 99
79 249 44
79 267 78
79 274 83
79 278 54
79 288 14
80 96 1
80 109 50
80 117 71
80 135 86
80 187 30
80 194 56
80 199 99
80 219 71
80 241 23
80 254 44
80 256 51
80 262 14
80 277 84
80 278 12
81 147 17
81 172 75
81 177 1
81 194 47
81 217 90
81 218 6
81 228 75
81 242 70
81 261 39
81 262 93
82 105 58
82 108 89
82 112 88
82 115 87
82 137 23
82 142 41
82 148 1
82 155 24
82 216 90
82 240 23
82 249 61
82 288 71
83 145 78
83 149 59
83 161 93
83 243 52
83 272 55
84 105 44
84 136 65
84 155 38
84 162 7
84 195 34
84 205 65
84 207 7
84 254 80
84 265 54
84 280 12
84 292 6
84 293 23
84 294 2
85 114 50
85 158 32
85 159 43
85 162 37
85 227 19
85 252 65
86 105 77
86 113 71
86 115 88
86 143 18
86 165 93
86 177 49
86 197 88
86 262 70
86 290 59
87 121 33
87 122 73
87 125 13
87 156 28
87 251 38
87 262 51
87 292 34
88 93 71
88 107 15
88 153 92
88 194 2
88 203 20
88 207 55
88 248 8
88 268 94
89 103 56
89 104 57
89 147 25
89 165 50
89 172 94
89 214 95
89 245 15
89 247 22
89 251 65
89 265 2
89 270 40
89 273 9
90 103 2
90 109 79
90 115 30
90 118 61
90 125 11
90 127 3
90 193 25
90 196 90
90 199 92
90 214 27
90 229 23
90 248 62
90 251 93
90 272 14
90 282 15
90 297 12
91 113 68
91 153 22
91 155 5
91 167 76
92 97 31
92 116 82
92 120 25
92 140 76
92 141 28
92 142 91
92 175 97
92 219 93
92 221 45
92 223 88
92 231 53
92 242 46
92 289 19
93 95 83
93 116 58
93 122 81
93 124 85
93 134 83
93 157 71
93 160 76
93 176 61
93 182 93
93 186 89
93 215 54
93 227 59
93 232 3
93 242 65
93 250 26
93 283 77
94 107 22
94 114 53
94 152 59
94 154 55
94 160 30
94 217 34
94 231 82
94 237 20
95 99 30
95 111 26
95 158 64
95 159 70
95 160 79
95 165 62
95 176 88
95 217 61
95 233 71
95 243 68
95 247 45
95 265 5
95 283 38
95 288 72
96 119 66
96 138 83
96 159 60
96 168 19
96 189 41
96 199 14
96 216 83
96 249 18
96 277 90
96 292 56
97 106 23
97 116 100
97 135 10
97 143 4
97 174 33
98 146 92
98 157 23
98 185 15
98 212 69
98 282 39
98 297 84
99 116 47
99 121 52
99 156 23
99 161 7
99 181 22
99 183 90
99 209 51
99 211 27
99 218 80
99 247 22
99 259 92
99 270 62
99 279 33
99 292 62
100 113 54
100 214 47
100 255 96
100 267 71
100 290 88
101 130 52
101 187 45
101 201 88
101 228 13
101 233 48
101 245 20
101 279 56
102 148 23
102 221 86
102 237 25
102 244 13
102 246 69
102 281 71
102 294 64
103 176 91
103 198 78
103 204 37
103 209 33
103 232 80
103 236 15
103 247 12
103 258 54
103 276 58
103 284 25
104 117 38
104 141 19
104 167 78
104 185 84
104 196 15
104 237 100
104 242 24
104 265 18
104 279 45
105 117 63
105 144 30
105 176 92
105 183 34
105 212 86
105 214 66
105 235 20
105 237 62
105 257 78
105 266 40
105 281 32
105 291 41
106 113 31
106 134 61
106 151 78
106 187 63
106 189 93
106 190 44
106 191 26
106 213 46
106 232 2
106 249 2
106 253 83
106 295 20
106 296 31
107 109 19
107 148 34
107 162 82
107 166 94
107 238 3
107 257 26
107 282 56
107 288 33
107 289 70
107 297 41
108 109 70
108 119 35
108 144 60
108 192 31
108 233 13
108 256 100
108 279 14
109 124 5
109 127 82
109 147 75
109 168 34
109 177 96
109 217 67
109 250 78
109 285 73
110 112 64
110 120 79
110 153 74
110 187 98
110 192 50
110 229 4
110 232 68
110 264 84
110 282 37
110 284 13
111 130 38
111 136 63
111 142 20
111 152 70
111 162 84
111 211 61
111 213 39
111 242 70
111 254 72
111 280 21
112 136 34
112 140 71
112 164 35
112 209 91
112 241 4
112 247 61
112 263 24
112 266 99
112 274 79
112 280 53
113 128 23
113 142 94
113 163 31
113 190 96
113 223 91
113 230 81
113 238 51
114 124 11
114 163 16
114 220 88
114 226 23
114 262 53
114 271 2
114 283 43
114 298 75
115 116 37
115 129 55
115 187 65
115 189 58
115 191 26
115 199 86
116 117 44
116 139 49
116 145 72
116 148 34
116 155 52
116 196 32
116 204 57
116 210 3
116 221 62
116 234 10
116 267 25
116 282 55
117 176 92
117 180 73
117 207 97
117 209 24
117 229 75
117 263 7
117 265 39
117 279 14
117 280 82
118 164 44
118 167 67
118 185 76
118 191 18
118 193 55
118 244 30
118 246 82
118 255 13
118 275 55
118 284 19
118 290 56
119 122 3
119 129 90
119 178 89
119 192 55
119 198 73
119 206 97
119 214 9
119 234 34
119 235 58
119 264 85
119 275 88
119 296 2
120 122 9
120 128 85
120 135 25
120 162 84
120 178 43
120 189 16
120 206 49
120 219 24
120 229 11
120 274 16
120 277 51
121 130 80
121 131 22
121 138 80
121 145 13
121 171 34
121 173 35
121 221 32
121 227 41
121 244 37
121 293 21
122 128 29
122 130 43
122 219 46
122 238 78
122 251 3
122 284 79
122 292 87
123 128 88
123 189 19
123 209 88
123 217 96
123 280 3
124 126 65
124 136 31
124 148 97
124 165 80
124 213 80
124 221 73
124 263 90
124 275 47
125 129 23
125 141 21
125 158 68
125 193 3
125 195 33
125 201 54
125 237 37
125 243 64
125 272 94
125 279 25
126 146 37
126 158 75
126 165 20
126 175 82
126 227 4
126 230 22
126 258 60
126 274 90
126 279 61
126 298 78
127 169 30
127 207 9
127 228 32
127 247 94
127 253 91
127 273 81
127 293 25
128 170 22
128 208 53
128 210 66
128 222 68
128 225 75
128 241 86
128 285 88
129 149 77
129 175 18
129 182 93
129 199 65
129 212 82
129 230 86
129 234 42
129 294 70
130 132 12
130 133 13
130 137 51
130 159 15
130 225 86
130 245 62
130 246 57
130 260 47
130 264 92
130 270 86
130 282 7
130 293 75
130 299 31
131 132 97
131 148 55
131 156 55
131 168 19
131 185 7
131 217 20
131 218 38
131 220 34
131 221 5
131 234 77
131 252 62
131 263 22
131 268 69
131 281 27
132 178 55
132 195 7
132 238 20
132 241 24
132 262 18
132 271 32
132 272 26
132 279 85
132 289 17
133 141 88
133 161 41
133 174 15
133 187 31
133 228 78
133 238 73
133 286 5
134 160 8
134 180 70
134 207 60
134 218 62
134 219 40
134 243 18
134 252 81
134 271 77
135 138 51
135 151 37
135 185 6
135 226 13
135 252 10
135 295 74
136 147 91
136 192 65
136 195 32
136 196 62
136 218 40
136 279 2
137 180 93
137 181 66
137 272 86
137 273 61
137 281 5
138 151 78
138 164 28
138 174 35
138 182 55
138 219 100
138 223 91
138 229 62
138 237 21
138 252 50
138 255 23
138 276 12
138 296 20
139 146 55
139 177 89
139 198 70
139 199 43
139 201 46
139 212 34
139 226 52
139 233 71
139 239 24
139 266 68
139 280 3
140 181 85
140 208 60
140 240 4
140 254 29
140 260 25
140 261 41
140 262 42
140 279 81
141 155 18
141 159 21
141 164 15
141 201 72
141 221 72
141 231 5
141 255 33
141 261 45
142 190 7
142 214 7
142 251 56
142 289 26
143 152 13
143 210 96
143 212 47
143 235 55
143 237 41
143 251 81
143 271 58
143 281 12
144 225 56
144 235 26
144 270 14
144 278 93
144 283 85
145 151 69
145 161 73
145 168 61
145 191 9
145 220 66
145 275 41
145 284 26
146 155 86
146 159 7
146 164 49
146 196 58
147 165 63
147 173 33
147 190 54
147 193 21
147 235 39
147 279 9
148 171 98
148 174 3
148 237 5
148 267 97
148 275 57
149 169 45
149 181 77
149 216 14
149 232 8
149 260 84
149 261 91
149 265 73
149 269 28
150 163 75
150 168 41
150 194 1
150 219 87
150 225 1
150 252 66
150 258 79
150 277 78
150 288 4
150 297 85
150 299 26
151 156 13
151 173 100
151 184 58
151 185 66
151 207 20
151 235 48
151 262 74
151 276 70
151 287 50
152 218 78
152 224 66
152 257 6
152 276 75
152 291 94
153 178 72
153 181 82
153 195 77
153 218 62
153 253 55
153 269 57
153 287 89
153 294 47
154 158 57
154 177 27
154 195 48
154 213 74
154 242 6
154 246 25
154 272 29
154 274 42
154 281 3
154 288 41
155 156 41
155 163 60
155 189 58
155 216 13
155 217 8
155 226 32
155 236 34
155 265 9
156 158 61
156 159 99
156 174 67
156 205 87
156 218 92
156 240 38
156 256 69
156 274 20
156 296 51
157 171 75
157 173 28
157 206 91
157 258 73
158 221 36
158 237 70
158 250 20
158 273 10
158 286 75
159 182 97
159 184 90
159 226 16
159 265 51
159 281 31
159 288 9
159 297 10
160 195 88
160 198 73
160 200 69
160 204 71
160 224 6
160 240 30
160 253 32
160 265 56
161 181 96
161 213 70
161 217 99
161 241 85
161 242 90
161 244 18
161 251 87
161 255 64
161 266 98
162 191 78
162 212 89
162 219 33
162 226 47
162 227 60
162 234 42
162 267 73
162 285 56
163 190 84
163 205 40
163 222 58
163 223 14
163 243 48
163 267 68
163 268 53
163 273 72
163 274 88
163 291 24
163 292 77
163 293 17
163 299 7
164 172 84
164 228 64
164 231 76
164 268 82
164 269 48
164 283 18
165 183 52
165 241 35
165 281 81
166 183 49
166 208 64
166 283 21
167 170 81
167 182 62
167 211 81
167 279 75
168 171 34
168 175 88
168 176 58
168 220 73
168 222 46
168 223 71
168 253 73
169 173 65
169 177 75
169 192 44
169 220 52
169 254 98
169 290 73
170 180 21
170 189 56
170 190 56
170 224 84
170 248 84
171 206 38
171 265 84
171 273 1
171 279 89
171 286 70
172 184 33
172 192 89
172 198 33
172 215 54
172 290 69
172 294 94
173 190 34
173 201 43
173 254 79
173 297 21
174 210 100
174 233 3
174 261 18
174 269 22
174 281 75
174 288 82
175 247 97
175 252 71
175 280 86
175 294 46
175 296 95
176 197 6
176 199 54
176 215 50
176 227 41
176 244 89
176 246 39
176 291 76
176 292 89
177 198 79
177 212 45
177 237 73
177 238 67
177 281 77
178 229 78
178 248 36
178 268 22
179 219 63
179 222 30
179 229 52
179 246 36
179 261 82
180 228 55
180 234 53
180 250 3
180 265 81
180 268 35
180 269 51
180 281 3
181 206 20
181 297 49
182 200 97
182 214 77
182 224 2
182 256 99
182 282 69
183 226 42
183 266 89
183 270 45
183 276 30
183 282 68
183 288 41
184 188 54
184 189 86
184 242 70
184 244 32
184 271 73
184 280 91
184 282 94
185 191 3
185 237 95
185 242 29
185 245 36
185 253 1
186 231 82
186 239 38
186 240 81
186 259 68
186 263 41
186 268 84
186 295 39
187 201 89
187 205 32
187 208 15
187 216 42
187 219 30
187 270 35
187 271 83
187 280 71
187 283 31
188 194 64
188 201 38
188 249 72
188 272 69
189 191 75
189 200 41
189 211 100
189 223 48
189 231 83
189 242 46
189 258 2
189 265 77
190 213 26
190 262 89
190 267 77
190 277 59
191 209 26
191 220 10
191 239 26
191 242 18
191 266 45
191 283 16
192 234 58
192 260 76
192 275 30
192 289 51
192 293 58
193 216 17
193 227 85
193 237 28
193 247 47
193 250 48
193 276 17
194 203 18
194 267 69
194 280 43
194 293 58
195 226 20
195 234 42
195 255 93
195 287 65
196 204 95
196 205 21
196 214 43
196 221 83
196 299 98
197 201 1
197 215 61
197 258 59
197 283 79
197 285 78
198 204 3
198 226 94
198 232 36
198 237 30
198 240 76
198 261 86
199 229 87
199 241 92
199 246 71
199 257 66
199 285 38
200 205 70
200 229 34
200 230 56
200 234 90
200 239 77
200 256 65
201 260 10
201 269 18
201 283 57
201 286 74
202 214 13
202 223 78
202 237 68
203 218 95
203 247 27
203 285 69
203 291 55
204 220 85
204 221 47
204 232 85
204 239 87
204 258 40
205 217 20
205 244 68
205 256 15
205 257 57
205 266 55
205 285 6
205 291 79
206 237 72
206 240 96
206 245 1
206 247 6
206 291 51
207 211 90
207 214 82
207 215 15
207 234 99
207 273 51
207 289 24
208 212 25
208 243 63
208 295 53
208 297 92
209 260 10
209 291 79
210 254 12
210 269 64
211 227 15
212 219 10
212 233 48
212 238 53
212 243 50
212 269 19
213 262 20
213 264 16
213 281 28
213 283 26
213 289 74
213 296 6
214 272 98
214 294 21
215 232 58
215 270 55
215 290 71
216 253 48
216 255 88
216 256 37
216 276 98
216 286 38
216 297 12
217 236 74
217 268 53
218 246 64
218 247 18
218 251 62
218 283 94
219 238 29
219 242 25
219 244 8
219 273 39
219 283 25
221 247 60
221 254 40
221 260 95
222 231 80
222 291 7
223 234 22
223 246 57
223 250 32
223 256 80
223 262 54
223 265 52
223 274 89
223 285 60
224 238 74
224 281 88
224 289 47
225 241 11
225 263 86
225 271 85
225 283 22
225 289 11
227 233 37
227 253 38
227 257 28
227 259 98
227 270 31
227 275 9
227 295 74
227 298 39
228 245 99
228 253 50
228 255 50
228 263 38
228 272 97
228 281 81
229 238 96
229 277 70
229 282 38
229 283 28
230 239 1
230 244 43
230 254 31
230 256 90
230 267 3
230 280 5
231 254 77
232 259 49
232 262 67
232 283 62
232 292 85
233 237 40
233 244 25
234 237 73
234 252 77
234 284 52
235 259 22
235 263 8
235 272 12
235 278 48
235 287 98
235 296 10
236 270 49
236 277 47
236 285 47
236 288 45
237 248 28
237 249 95
237 288 15
237 290 65
238 242 22
238 254 15
238 266 7
238 274 4
238 283 56
238 285 61
239 273 8
239 275 33
239 277 10
239 290 74
240 267 46
241 267 46
241 268 14
241 277 70
242 266 19
242 274 42
242 286 22
243 244 40
243 268 49
243 269 85
243 280 87
243 297 98
244 265 95
245 256 36
245 261 45
245 265 41
245 270 32
245 275 24
245 290 35
246 257 98
246 286 40
247 274 8
247 277 13
247 288 98
248 257 12
248 266 68
248 277 59
250 251 71
250 281 52
251 273 20
251 288 97
252 278 98
252 283 65
252 291 62
253 258 67
253 285 35
253 290 3
255 262 40
255 267 75
255 281 4
255 290 25
256 288 13
257 270 1
257 275 19
258 262 100
259 260 97
260 264 11
260 292 84
260 293 20
261 262 98
261 264 81
261 287 11
262 272 5
264 295 45
265 281 9
265 299 68
266 288 65
267 290 67
267 298 91
268 284 16
269 270 86
269 286 87
270 285 13
270 291 2
272 291 48
272 294 32
273 277 37
273 280 2
273 297 71
275 289 63
276 290 5
276 292 47
278 282 27
278 283 58
279 282 65
280 299 27
283 286 54
286 299 28
290 292 62
291 298 26
300 304 43
300 327 20
300 328 19
300 336 23
300 419 34
300 426 33
300 444 3
300 459 16
300 502 19
300 507 15
300 522 45
300 542 9
300 589 28
301 309 33
301 350 17
301 390 8
301 399 34
301 407 41
301 413 39
301 432 6
301 441 14
301 448 9
301 449 49
301 454 23
301 477 36
301 504 17
301 544 9
301 590 31
302 303 9
302 342 9
302 361 34
302 363 3
302 419 28
302 444 4
302 454 26
302 463 11
302 464 36
302 483 30
302 498 26
302 510 6
302 516 47
302 519 23
302 528 15
302 579 24
303 354 5
303 358 33
303 367 33
303 383 40
303 399 24
303 416 21
303 433 48
303 460 37
303 489 30
303 510 46
303 523 9
303 529 15
303 546 14
304 314 19
304 355 48
304 365 24
304 382 27
304 447 33
304 451 26
304 465 6
304 481 36
304 517 3
304 532 19
304 558 21
304 560 33
304 575 46
305 306 28
305 376 29
305 395 18
305 401 42
305 402 4
305 418 25
305 423 25
305 427 37
305 439 14
305 459 50
305 465 7
305 483 11
305 518 36
305 540 38
305 543 8
305 544 46
305 546 5
306 326 21
306 373 14
306 390 4
306 444 44
306 481 42
306 503 36
306 562 22
306 595 47
307 319 21
307 320 24
307 345 17
307 346 43
307 365 6
307 386 13
307 419 20
307 557 36
307 559 30
307 562 14
307 599 40
308 332 6
308 337 38
308 382 28
308 412 20
308 419 39
308 452 36
308 469 32
308 499 24
308 534 26
308 535 42
308 573 19
308 587 30
309 312 12
309 317 34
309 318 35
309 340 8
309 376 25
309 389 20
309 397 29
309 438 23
309 442 42
309 454 4
309 494 40
309 501 34
309 509 10
309 530 4
310 384 5
310 390 47
310 391 35
310 419 18
310 523 38
310 532 41
310 539 7
310 575 15
310 586 12
311 312 45
311 319 1
311 344 45
311 366 20
311 371 28
311 379 36
311 382 38
311 389 7
311 402 50
311 468 23
311 482 41
311 487 9
311 533 47
311 554 12
312 329 37
312 332 22
312 333 3
312 344 40
312 368 13
312 393 38
312 455 1
312 527 16
312 591 42
313 331 50
313 342 2
313 420 12
313 457 37
313 463 44
313 464 18
313 471 2
313 490 5
313 496 15
313 497 4
313 500 2
313 531 34
313 555 31
313 594 39
314 334 24
314 344 39
314 356 38
314 364 46
314 366 31
314 369 46
314 373 45
314 400 42
314 420 34
314 432 16
314 450 46
314 496 26
314 507 30
314 518 33
314 550 28
314 551 47
314 585 26
315 326 27
315 348 48
315 365 37
315 375 16
315 377 42
315 419 5
315 420 19
315 425 48
315 436 21
315 459 22
315 481 1
315 502 4
315 519 4
315 523 40
315 524 27
315 543 44
316 356 29
316 365 25
316 385 24
316 413 25
316 425 19
316 438 17
316 507 10
316 593 36
317 320 14
317 331 35
317 338 17
317 393 48
317 400 15
317 411 13
317 447 23
317 479 43
317 485 12
317 493 10
317 504 8
317 528 5
317 529 16
317 546 26
317 576 5
318 359 38
318 366 49
318 367 5
318 385 41
318 397 2
318 401 46
318 504 20
318 512 47
318 519 25
318 546 46
318 565 22
318 569 1
318 580 14
319 320 40
319 327 10
319 364 1
319 395 3
319 400 47
319 409 19
319 469 2
319 512 11
319 533 31
319 561 25
319 563 3
319 576 44
319 579 36
319 585 13
320 340 49
320 376 3
320 397 38
320 438 5
320 445 40
320 465 37
320 488 9
320 524 32
320 543 40
320 544 5
320 550 1
320 567 37
320 597 31
321 328 48
321 348 10
321 402 31
321 417 11
321 437 50
321 442 40
321 448 13
321 500 4
321 514 36
321 519 31
321 526 6
321 532 48
321 543 13
321 544 30
322 326 3
322 363 9
322 364 17
322 365 15
322 372 9
322 374 19
322 395 4
322 442 13
322 456 10
322 460 40
322 468 23
322 507 41
322 515 30
322 527 27
322 539 44
322 549 18
322 557 9
322 559 41
322 567 27
322 568 39
323 386 4
323 404 28
323 408 29
323 412 18
323 431 32
323 440 16
323 464 1
323 498 39
323 503 16
323 521 13
323 534 18
323 570 18
323 582 21
323 593 36
323 596 34
324 344 31
324 351 6
324 352 37
324 370 43
324 389 15
324 439 29
324 488 16
324 555 5
324 588 10
324 589 44
325 335 50
325 341 27
325 366 3
325 417 41
325 437 5
325 475 41
325 493 44
325 500 35
325 521 21
325 543 11
325 551 16
325 560 39
325 563 11
325 591 6
326 342 4
326 350 26
326 395 23
326 401 23
326 402 48
326 403 10
326 450 6
326 525 29
326 597 15
327 347 44
327 365 23
327 381 29
327 398 22
327 424 38
327 440 35
327 456 31
327 520 32
327 524 35
327 570 9
327 595 36
327 597 25
328 330 16
328 331 26
328 342 20
328 344 50
328 345 47
328 358 32
328 364 17
328 387 37
328 396 45
328 408 22
328 416 40
328 440 22
328 445 46
328 446 12
328 452 21
328 454 5
328 472 19
328 503 1
328 504 21
328 529 12
328 572 24
328 598 49
329 336 36
329 337 11
329 347 33
329 394 18
329 438 44
329 446 19
329 469 27
329 476 29
329 478 45
329 489 44
329 516 5
329 520 14
329 534 43
329 562 3
330 346 48
330 348 11
330 353 39
330 359 44
330 386 34
330 407 30
330 411 15
330 420 29
330 434 41
330 448 35
330 456 35
330 462 11
330 467 36
330 477 5
330 499 24
330 523 9
330 529 5
330 557 9
330 570 21
330 571 39
331 339 27
331 353 15
331 355 8
331 414 5
331 417 43
331 423 4
331 443 48
331 444 49
331 457 20
331 514 40
331 546 1
332 354 17
332 367 2
332 380 41
332 407 10
332 444 35
332 478 20
332 480 26
332 520 15
332 540 12
332 542 12
332 544 1
332 545 22
332 557 49
332 587 5
332 593 46
332 599 9
333 340 11
333 358 4
333 380 30
333 395 49
333 413 32
333 434 44
333 436 8
333 457 36
333 479 38
333 485 14
333 488 33
333 528 37
333 544 33
333 564 24
333 572 39
333 574 49
333 596 27
334 345 30
334 387 10
334 399 11
334 406 49
334 413 37
334 420 25
334 443 11
334 454 48
334 467 25
334 482 34
334 486 47
334 543 31
334 559 29
335 354 7
335 365 43
335 377 35
335 392 36
335 420 44
335 428 16
335 432 31
335 434 1
335 441 2
335 495 19
335 507 16
335 509 36
335 549 7
335 559 48
335 577 12
335 590 45
336 348 48
336 362 38
336 363 24
336 368 7
336 377 49
336 379 25
336 389 45
336 426 25
336 446 37
336 450 43
336 465 2
336 469 20
336 493 41
336 526 34
336 544 1
336 550 47
336 560 27
336 594 35
337 344 35
337 365 20
337 391 50
337 416 17
337 439 22
337 441 3
337 442 35
337 447 38
337 449 41
337 452 41
337 456 37
337 527 2
337 583 38
338 351 35
338 381 39
338 403 11
338 425 41
338 447 39
338 453 35
338 456 38
338 556 16
338 559 23
338 581 30
339 343 19
339 355 43
339 359 22
339 382 2
339 386 43
339 400 20
339 419 30
339 428 29
339 430 6
339 471 1
339 489 28
339 494 23
339 529 25
339 535 33
339 539 9
339 548 14
339 561 23
339 562 2
339 593 50
340 359 26
340 363 39
340 377 34
340 385 14
340 390 49
340 396 27
340 411 5
340 437 36
340 461 14
340 465 20
340 511 8
340 516 45
340 520 38
340 549 2
340 563 18
341 364 41
341 372 46
341 373 37
341 386 21
341 406 24
341 407 43
341 413 23
341 416 4
341 420 17
341 431 47
341 436 38
341 442 25
341 454 10
341 464 10
341 466 26
341 482 10
341 484 37
341 506 14
341 559 45
341 584 50
342 344 15
342 403 21
342 407 6
342 443 2
342 448 36
342 457 27
342 486 9
342 519 30
342 520 14
342 530 13
342 535 47
342 545 7
342 565 8
342 569 36
342 582 29
343 393 34
343 401 30
343 402 1
343 411 37
343 433 46
343 522 48
343 564 24
343 568 22
343 581 9
343 588 35
344 393 48
344 400 20
344 409 21
344 412 13
344 471 17
344 500 22
344 537 29
344 574 39
344 578 28
345 371 30
345 397 25
345 410 4
345 420 39
345 423 6
345 465 20
345 477 3
345 500 5
345 550 26
345 558 10
345 564 42
345 584 4
345 588 43
345 594 21
346 407 6
346 428 31
346 468 18
346 472 5
346 481 4
346 493 39
346 506 14
346 516 40
346 553 38
346 586 35
346 593 10
347 387 1
347 408 1
347 413 34
347 429 29
347 437 40
347 450 11
347 551 11
347 553 16
347 559 16
347 584 1
347 588 21
348 353 35
348 443 3
348 463 27
348 466 12
348 495 14
348 512 18
348 514 17
348 521 7
348 537 38
348 538 23
348 545 39
349 369 5
349 421 29
349 427 43
349 430 46
349 472 44
349 502 34
349 508 33
349 517 29
349 519 44
349 522 35
349 536 31
349 539 27
349 591 16
350 375 22
350 379 39
350 425 26
350 453 37
350 485 4
350 522 26
350 591 8
350 595 41
351 359 30
351 363 34
351 364 4
351 369 43
351 387 4
351 404 21
351 412 49
351 429 41
351 440 45
351 457 38
351 463 48
351 487 23
351 529 32
351 535 45
351 542 17
351 545 15
351 548 27
351 551 47
351 575 10
351 580 14
351 581 27
352 357 38
352 359 29
352 404 49
352 410 26
352 462 6
352 463 35
352 468 32
352 495 33
352 530 44
352 544 24
352 564 12
352 580 30
353 360 27
353 374 4
353 377 33
353 383 47
353 406 5
353 417 25
353 421 43
353 498 44
353 503 24
353 523 16
353 544 27
353 582 18
354 355 34
354 411 43
354 439 47
354 451 30
354 493 3
354 529 10
354 531 8
354 535 42
354 591 40
355 357 8
355 383 20
355 402 45
355 447 43
355 453 1
355 465 27
355 472 38
355 504 26
355 520 38
355 542 19
355 563 2
356 414 43
356 449 3
356 455 1
356 463 47
356 470 28
356 473 43
356 476 40
356 495 3
356 577 8
356 595 16
357 365 23
357 396 43
357 405 9
357 471 19
357 492 22
357 514 13
357 522 30
357 584 32
357 592 4
358 366 19
358 398 39
358 416 23
358 447 13
358 483 33
358 484 25
358 536 41
358 559 21
358 571 2
358 573 30
358 582 41
358 593 4
359 385 22
359 389 44
359 481 4
359 491 21
359 527 23
359 534 48
359 548 10
359 559 27
359 561 6
359 571 28
359 599 49
360 387 50
360 434 38
360 439 17
360 444 24
360 475 2
360 479 46
360 499 5
360 519 5
360 533 14
360 550 43
361 372 30
361 405 28
361 500 26
361 520 6
361 529 20
361 549 48
361 584 8
361 598 1
362 367 38
362 432 13
362 454 23
362 486 33
362 526 16
362 549 43
362 558 5
362 584 15
362 597 4
362 599 32
363 393 22
363 403 33
363 448 32
363 476 22
363 511 22
363 517 49
363 534 45
363 567 23
363 571 46
363 582 49
364 366 30
364 377 12
364 391 41
364 405 9
364 446 39
364 466 18
364 468 16
364 525 11
364 531 15
364 539 25
364 557 11
364 585 5
364 587 37
364 589 35
364 590 37
365 473 4
365 488 29
365 495 44
365 527 19
365 559 35
365 587 27
365 590 40
366 411 17
366 438 8
366 447 11
366 452 39
366 461 8
366 480 5
366 501 11
366 517 4
366 518 5
366 522 40
366 536 15
366 541 48
366 594 50
367 382 5
367 384 15
367 392 18
367 402 17
367 416 32
367 424 42
367 426 28
367 435 38
367 456 29
367 494 14
367 520 26
367 526 32
367 540 43
367 544 21
367 574 50
367 575 27
367 585 47
368 396 42
368 426 45
368 440 7
368 466 2
368 477 35
368 510 16
368 512 9
368 554 48
368 559 21
368 581 15
369 375 37
369 386 35
369 390 12
369 392 39
369 422 42
369 423 27
369 506 6
369 525 8
369 528 10
369 530 47
369 535 37
369 557 47
369 582 27
370 407 1
370 416 22
370 438 9
370 442 43
370 474 43
370 488 10
370 508 21
370 509 41
370 527 1
370 539 17
370 541 49
370 545 5
370 593 2
370 594 17
371 374 15
371 391 49
371 417 37
371 439 29
371 451 37
371 471 22
371 489 41
371 517 25
371 542 15
371 548 19
371 563 32
371 598 22
372 378 30
372 388 31
372 393 9
372 405 26
372 462 7
372 534 9
372 547 49
372 548 15
372 556 3
372 584 43
373 387 27
373 421 25
373 464 34
373 467 29
373 476 41
373 477 34
373 493 33
373 501 42
373 502 50
373 515 49
373 547 40
373 554 37
373 587 30
374 375 27
374 384 10
374 396 20
374 403 3
374 418 24
374 419 40
374 455 37
374 496 45
374 517 21
374 554 17
374 564 5
374 575 46
375 400 23
375 422 15
375 469 46
375 495 40
375 506 19
375 519 39
375 541 16
375 543 43
375 582 24
375 587 46
375 589 36
376 398 7
376 422 31
376 423 29
376 447 7
376 469 29
376 515 19
376 519 45
376 525 8
376 532 47
376 558 4
376 569 29
377 382 1
377 398 29
377 402 20
377 409 37
377 416 23
377 423 40
377 430 3
377 449 28
377 481 37
377 491 28
377 514 44
377 550 33
377 588 17
378 392 13
378 401 23
378 413 34
378 453 7
378 486 46
378 502 29
378 541 42
378 546 2
379 390 9
379 413 21
379 417 10
379 418 40
379 423 41
379 426 6
379 457 49
379 471 39
379 514 9
379 538 28
379 555 39
379 569 37
379 582 49
379 587 28
380 382 12
380 387 41
380 393 32
380 400 41
380 437 27
380 443 11
380 457 34
380 468 11
380 473 29
380 495 48
380 507 33
380 510 12
380 513 5
380 524 30
380 528 43
380 531 46
380 570 34
380 591 3
380 599 18
381 394 45
381 444 44
381 454 8
381 489 1
381 509 43
381 511 48
381 533 11
381 543 22
382 405 39
382 407 50
382 470 20
382 475 16
382 485 13
382 507 10
382 526 49
382 536 3
382 580 39
383 437 10
383 455 38
383 467 49
383 484 38
383 487 36
383 508 34
383 516 2
383 530 42
383 538 15
383 547 46
383 550 39
383 562 48
383 593 48
383 597 7
384 543 43
384 592 42
385 395 16
385 400 43
385 401 34
385 419 16
385 425 5
385 438 7
385 460 4
385 465 4
385 479 26
385 488 21
385 493 16
385 510 38
385 515 21
385 516 20
386 398 26
386 411 30
386 435 10
386 464 26
386 465 20
386 485 47
386 488 9
386 506 23
386 515 38
386 520 24
386 534 18
386 541 26
386 569 23
386 580 17
386 582 34
386 590 15
387 399 10
387 400 2
387 402 9
387 407 45
387 415 17
387 417 14
387 457 1
387 460 22
387 474 19
387 516 27
387 532 42
387 555 37
388 417 16
388 420 12
388 435 6
388 477 41
388 489 44
388 493 15
388 494 16
388 497 15
388 508 11
388 590 27
389 392 37
389 415 50
389 446 2
389 448 6
389 450 28
389 476 24
389 485 24
389 520 11
390 439 41
390 460 34
390 483 14
390 511 1
390 523 28
390 526 32
390 546 14
390 560 29
391 443 3
391 471 35
391 484 7
391 498 44
391 521 21
391 539 22
391 579 8
391 593 28
392 437 14
392 456 3
392 461 45
392 511 31
392 537 17
393 401 5
393 407 9
393 413 5
393 424 7
393 452 10
393 479 12
393 497 34
393 499 36
393 506 35
393 513 46
393 517 28
393 538 18
394 398 10
394 406 28
394 444 46
394 446 41
394 466 44
394 538 26
394 568 46
394 570 28
394 573 34
395 413 41
395 426 50
395 444 7
395 458 48
395 472 27
395 508 20
395 522 2
395 523 21
395 526 2
396 417 18
396 420 28
396 425 11
396 531 24
396 542 34
396 573 22
396 583 35
397 409 19
397 410 9
397 437 22
397 442 14
397 474 36
397 488 39
397 494 25
397 498 14
397 538 36
397 544 18
397 572 9
397 577 13
397 584 13
397 585 36
398 416 48
398 455 3
398 458 35
398 473 4
398 500 3
398 516 13
398 533 25
398 580 4
398 585 34
399 401 27
399 413 24
399 442 13
399 446 39
399 451 47
399 468 46
399 490 12
399 510 34
399 516 16
399 548 21
399 551 7
399 557 29
399 568 8
399 580 45
399 591 6
399 599 23
400 402 33
400 405 23
400 434 31
400 464 47
400 488 37
400 500 16
400 503 45
400 507 39
400 532 2
400 539 48
400 597 43
401 436 15
401 437 25
401 439 47
401 448 50
401 459 3
401 547 20
401 566 12
401 584 41
401 587 18
401 589 9
401 594 2
402 408 3
402 416 26
402 438 24
402 466 9
402 493 4
402 495 32
402 508 6
402 572 11
402 574 4
402 587 38
402 590 33
402 596 35
403 438 36
403 461 19
403 474 2
403 479 30
403 495 10
403 519 4
403 520 30
403 524 2
403 528 20
403 536 4
403 558 48
403 571 21
403 593 6
404 430 19
404 434 34
404 457 48
404 464 37
404 470 44
404 480 1
404 575 39
404 596 19
405 451 25
405 462 48
405 469 24
405 498 8
405 514 3
405 561 35
405 571 13
405 592 42
405 597 17
406 412 49
406 429 27
406 435 38
406 436 1
406 470 9
406 483 47
406 500 6
406 511 38
406 559 50
407 427 27
407 439 43
407 444 48
407 505 49
407 516 50
407 521 18
407 526 32
407 528 47
407 538 4
407 542 25
407 556 47
407 582 45
407 597 45
408 458 23
408 472 44
408 478 18
408 487 32
408 492 48
408 499 4
408 519 45
408 524 41
408 530 23
408 532 43
408 551 19
408 562 10
408 586 45
409 464 27
409 482 8
409 525 2
409 544 16
409 549 7
409 561 28
409 575 10
409 598 6
410 461 26
410 464 9
410 486 24
410 498 9
410 516 5
410 520 29
410 583 35
411 440 4
411 449 25
411 461 29
411 496 26
411 518 18
411 583 49
412 456 10
412 458 15
412 467 4
412 488 4
412 558 7
412 582 26
412 583 48
413 422 26
413 435 37
413 447 45
413 455 2
413 459 46
413 485 46
413 489 20
413 528 5
413 539 26
413 581 29
414 442 12
414 444 3
414 465 38
414 570 37
414 580 12
414 581 44
414 588 16
415 419 48
415 435 49
415 539 42
415 546 29
415 578 27
415 582 10
416 470 27
416 489 36
416 495 26
416 531 32
416 539 39
416 547 33
416 556 8
416 591 38
416 594 8
417 432 46
417 440 32
417 528 11
417 547 42
417 564 30
417 586 30
418 424 46
418 431 5
418 447 11
418 460 7
418 464 9
418 498 50
418 505 46
418 533 20
418 543 45
418 558 11
419 428 20
419 477 44
419 481 2
419 497 48
419 551 20
419 561 13
419 586 26
419 589 5
419 599 41
420 429 7
420 448 45
420 458 23
420 473 16
420 487 32
420 501 32
420 513 12
420 523 16
420 540 44
420 546 5
420 584 47
421 441 26
421 504 50
421 521 1
421 540 36
421 563 8
421 574 11
421 585 37
421 597 5
422 425 31
422 440 31
422 468 15
422 481 2
422 511 24
422 517 19
422 521 49
422 532 43
422 537 33
422 547 24
422 548 47
422 551 23
422 568 30
422 585 43
423 431 47
423 504 48
423 510 27
423 511 30
423 544 9
423 548 42
423 567 24
423 585 13
424 425 38
424 456 49
424 524 14
424 529 40
424 553 36
424 565 23
424 594 50
425 432 22
425 435 28
425 448 32
425 478 2
425 495 44
425 500 33
425 532 28
425 565 14
425 577 31
426 437 20
426 440 47
426 472 6
426 490 19
426 492 21
426 506 38
426 515 11
426 535 20
426 582 35
427 463 37
427 568 49
427 588 43
427 597 30
428 462 22
428 523 7
428 548 19
428 564 22
428 576 22
428 594 8
428 596 9
429 446 44
429 469 10
429 491 32
429 492 23
429 525 43
429 547 34
429 559 17
429 563 26
430 450 13
430 455 32
430 486 8
430 490 32
430 491 28
430 495 16
430 507 2
430 553 1
431 438 3
431 522 13
431 530 20
431 575 37
432 464 1
432 475 18
432 513 31
432 532 31
432 537 42
432 578 37
432 580 49
432 594 15
433 450 8
433 458 9
433 478 26
433 509 3
433 516 20
433 536 7
433 541 26
433 549 12
433 589 42
434 471 44
434 472 39
434 480 4
434 488 25
434 491 47
434 499 36
434 528 5
434 533 12
434 551 37
434 592 5
435 449 14
435 476 1
435 510 26
435 516 2
435 524 4
435 546 45
435 587 32
435 599 34
436 478 38
436 500 18
436 503 34
436 547 3
436 554 27
436 565 44
436 593 28
436 597 29
437 453 13
437 477 36
437 554 6
437 565 25
437 577 28
437 578 49
438 458 13
438 471 31
438 502 24
438 525 11
438 571 18
438 583 28
439 441 24
439 449 7
439 462 34
439 471 39
439 513 9
439 536 9
439 538 40
439 540 12
439 555 3
439 560 21
439 566 47
439 580 41
440 450 40
440 459 33
440 462 45
440 467 18
440 468 26
440 486 24
440 500 49
440 519 41
440 521 9
440 553 4
440 563 17
440 582 36
440 590 3
441 442 31
441 447 19
441 515 28
441 559 42
441 598 36
442 451 7
442 493 17
442 518 42
442 522 40
442 548 6
442 570 1
442 584 50
442 595 45
442 596 14
443 447 4
443 456 18
443 457 11
443 463 44
443 476 9
443 484 43
443 496 40
443 499 29
443 518 20
443 542 15
443 570 27
443 574 10
443 594 24
444 555 30
444 563 26
444 579 11
444 583 34
444 587 7
444 595 31
445 447 13
445 473 50
445 474 17
445 527 19
445 544 16
445 590 10
445 597 8
445 599 21
446 450 12
446 459 9
446 497 18
446 531 26
446 533 13
446 538 37
446 560 38
446 564 8
446 585 45
446 598 30
447 469 48
447 495 23
447 502 49
447 513 14
447 534 1
447 538 9
447 572 37
447 595 33
448 466 36
448 523 50
448 550 16
448 553 42
448 568 30
448 593 29
449 493 43
449 495 48
449 568 49
449 593 9
450 554 10
451 453 9
451 466 29
451 467 21
451 476 17
451 480 48
451 482 48
451 527 29
451 553 34
451 556 35
451 559 39
451 593 31
451 598 16
452 457 38
452 458 3
452 459 15
452 467 1
453 457 6
453 499 25
453 554 40
453 566 38
453 596 10
454 483 39
454 487 3
454 488 4
454 520 20
454 544 33
454 566 46
455 457 20
455 470 32
455 475 6
455 476 29
455 515 40
455 555 37
455 556 1
455 572 8
455 582 34
455 588 1
456 475 39
456 486 18
456 510 35
456 511 27
456 516 48
456 542 1
456 543 14
457 479 2
457 549 17
458 469 14
458 517 7
458 539 41
458 547 3
458 565 46
458 585 2
458 588 43
459 463 49
459 498 7
459 502 13
459 514 33
459 541 3
459 543 34
459 552 16
459 554 8
459 585 12
460 492 7
460 499 44
460 504 12
460 505 15
460 509 30
460 514 14
460 558 3
460 562 47
460 563 49
461 472 31
461 516 46
461 524 1
461 536 44
461 546 49
461 565 19
461 566 7
462 472 8
462 486 9
462 500 10
462 513 3
462 516 12
462 576 2
462 584 3
463 530 19
463 531 16
463 541 36
463 562 23
463 567 49
463 587 3
464 474 32
464 475 12
464 489 12
464 493 28
464 519 26
464 520 28
464 545 7
464 587 39
464 590 32
465 466 5
465 480 39
465 481 12
465 501 50
465 512 39
465 539 5
465 548 50
465 574 7
466 473 11
466 495 7
466 534 17
466 545 22
466 580 10
467 493 31
467 565 26
468 469 12
468 476 49
468 494 43
468 519 49
468 528 21
468 536 44
468 552 2
468 554 2
468 599 5
469 493 15
469 500 29
469 565 30
469 585 42
469 592 37
469 594 19
470 471 23
470 481 41
470 484 7
470 488 34
470 493 42
470 508 48
470 512 38
470 545 42
470 548 6
470 554 50
470 556 50
470 561 25
470 563 24
470 582 9
470 595 5
471 488 1
471 492 23
471 505 5
471 514 43
471 518 21
471 531 27
471 536 36
471 548 24
471 559 30
471 569 43
471 571 38
472 476 11
472 494 22
472 552 29
472 562 47
472 596 42
473 507 1
473 530 40
473 546 1
473 550 36
473 570 33
473 582 50
473 594 25
474 480 24
474 491 7
474 499 27
474 520 24
474 523 31
474 543 50
474 544 34
475 493 37
475 519 2
475 527 6
475 568 43
475 572 44
475 592 29
476 497 19
476 500 32
476 509 2
476 515 1
476 541 24
476 542 40
476 580 11
477 478 47
477 482 20
477 486 9
477 496 39
477 520 23
477 526 50
477 533 41
477 538 8
477 546 33
477 563 40
477 569 35
477 587 8
478 483 46
478 484 11
478 501 33
478 516 29
478 520 12
478 554 17
479 485 15
479 487 15
479 511 24
479 557 10
479 591 8
480 506 2
480 590 30
480 592 41
480 595 4
481 492 30
481 513 16
481 522 45
481 528 42
481 538 13
481 565 14
481 570 3
481 594 1
482 568 38
482 573 2
483 486 43
483 496 48
483 506 34
483 514 32
483 517 32
483 520 42
483 524 29
483 532 44
483 549 24
483 566 7
483 581 7
483 586 42
483 591 24
483 596 21
484 510 16
484 577 33
485 493 30
485 509 17
485 519 12
485 546 21
485 557 20
485 559 44
485 564 36
485 577 16
485 594 35
486 521 50
486 535 32
486 537 39
486 543 2
486 551 19
486 558 41
486 583 44
487 519 16
487 561 24
487 598 25
488 492 49
488 498 17
488 547 4
488 559 42
488 567 43
489 491 10
489 553 50
489 555 34
489 557 35
489 559 20
489 579 49
489 594 17
490 549 50
490 551 18
490 555 31
490 557 22
490 562 39
490 565 24
490 578 9
490 594 5
491 507 10
491 512 9
491 513 36
491 539 49
491 575 10
491 579 4
492 497 39
492 502 4
492 533 22
492 537 14
492 543 30
492 598 20
493 499 33
493 505 35
493 544 14
493 551 25
493 563 47
493 576 13
493 596 8
494 536 31
494 547 35
494 551 9
494 554 48
494 584 34
495 497 26
495 503 30
495 549 7
495 555 14
495 570 5
495 573 15
495 597 18
496 507 14
496 511 25
496 531 5
496 545 14
496 559 35
497 508 9
497 535 2
497 561 40
497 576 32
498 522 18
498 524 19
499 526 1
500 510 2
500 521 4
500 548 16
500 577 26
501 502 50
501 522 29
501 530 35
502 544 32
502 558 13
502 598 43
503 527 31
503 544 48
503 557 18
503 559 10
503 576 4
503 586 32
504 510 14
504 515 20
504 517 1
504 529 30
504 535 45
504 565 6
504 573 43
504 592 31
504 596 16
505 511 47
505 520 20
505 556 47
505 557 14
505 561 38
505 593 49
505 599 15
506 529 43
506 538 17
506 566 42
506 570 44
506 599 45
507 524 26
507 527 26
507 550 9
507 552 19
507 554 6
507 569 8
508 549 38
508 566 18
508 599 13
509 518 21
509 550 31
509 551 32
509 576 22
509 586 10
509 595 28
510 521 29
510 526 3
510 555 8
510 561 46
510 576 49
511 530 29
511 534 44
511 585 14
511 598 19
512 527 42
512 544 30
512 559 11
512 567 10
512 596 21
513 521 7
513 524 4
513 576 48
513 590 32
514 515 14
514 517 16
514 521 39
514 526 23
514 547 4
514 552 6
514 574 35
514 579 24
514 598 39
515 518 19
515 553 47
516 531 48
516 548 48
516 552 27
516 565 2
516 598 6
517 522 22
517 565 2
517 573 36
517 584 15
518 519 17
518 549 4
518 594 9
518 597 48
519 548 15
519 553 18
520 529 18
520 549 23
520 556 24
520 565 18
520 593 4
520 598 37
521 526 33
521 536 44
521 543 10
521 550 38
521 559 50
521 566 46
521 571 14
522 567 40
522 580 14
522 581 12
523 571 37
523 576 14
523 584 39
524 554 41
524 567 21
524 575 10
524 584 44
524 593 6
525 542 25
525 548 11
525 577 10
525 586 33
525 598 8
526 544 26
526 562 50
526 564 28
526 572 48
527 539 25
527 563 45
527 572 3
527 594 12
527 595 29
528 529 46
528 536 23
528 552 19
528 574 47
528 596 20
530 545 34
530 582 36
531 559 36
532 537 45
532 547 25
532 552 49
532 565 33
532 567 15
532 578 19
533 551 45
534 548 8
534 579 24
534 583 19
535 571 20
535 584 33
536 549 3
536 563 28
537 540 8
537 551 4
537 575 7
537 591 5
537 598 29
538 563 3
538 572 7
538 584 42
539 541 31
539 577 5
539 589 16
540 550 1
540 588 1
541 548 35
541 550 34
541 555 37
541 559 20
541 561 31
541 578 13
542 562 18
543 575 13
543 576 27
544 560 36
545 559 9
545 582 36
545 596 12
546 581 29
547 564 8
549 570 44
549 593 31
550 558 37
550 567 4
551 570 37
551 591 43
552 560 10
552 567 17
552 588 47
552 595 19
552 599 8
553 593 29
554 571 23
555 578 23
555 583 30
555 596 25
555 599 7
556 559 15
556 569 13
557 577 29
557 591 45
557 594 25
558 564 48
558 578 10
559 579 3
559 586 34
559 588 18
560 570 41
561 574 47
562 573 47
563 578 48
564 584 42
565 579 29
565 592 34
567 569 47
568 580 15
568 584 28
568 593 7
569 570 33
569 574 24
569 587 25
569 592 40
572 581 2
572 595 49
573 599 14
574 592 33
574 597 25
576 584 23
576 592 48
577 588 38
579 594 1
581 584 42
581 586 14
581 589 48
581 595 3
582 598 17
585 587 33
585 597 23
586 594 7
586 599 31
589 595 19
589 596 6
589 597 23
590 591 49
600 299 78
601 599 16
600 601 94
602 635 2
602 636 2
602 644 18
602 650 21
602 694 16
602 700 18
602 727 12
602 748 14
602 770 15
602 782 11
602 792 20
602 802 17
602 816 22
602 818 16
602 835 21
602 837 17
602 846 20
602 857 3
603 609 2
603 616 11
603 629 18
603 678 23
603 683 13
603 700 6
603 713 21
603 735 5
603 756 2
603 758 3
603 798 17
603 808 21
603 821 16
603 832 18
603 833 24
603 863 8
603 876 15
603 898 14
604 613 25
604 625 2
604 641 4
604 642 15
604 648 14
604 662 23
604 668 8
604 669 10
604 670 15
604 681 4
604 724 1
604 759 9
604 808 6
604 822 4
605 626 21
605 685 25
605 719 1
605 725 8
605 741 7
605 744 21
605 752 15
605 797 11
605 801 23
605 812 8
605 816 8
605 846 13
605 857 25
605 884 6
605 896 23
606 620 17
606 623 21
606 625 24
606 652 20
606 661 24
606 685 13
606 715 8
606 737 23
606 799 23
606 831 17
606 847 14
607 647 1
607 652 19
607 656 24
607 664 8
607 701 22
607 725 19
607 741 9
607 755 22
607 775 4
607 776 16
607 782 18
607 834 18
607 860 3
607 883 17
608 664 25
608 672 10
608 674 7
608 683 1
608 703 17
608 704 4
608 705 19
608 721 12
608 745 2
608 747 13
608 763 12
608 779 17
608 805 20
608 815 11
608 817 16
608 821 11
608 841 24
608 850 18
608 887 6
609 615 22
609 631 2
609 651 2
609 655 17
609 656 10
609 662 1
609 675 20
609 703 2
609 726 20
609 727 14
609 735 4
609 745 11
609 793 15
609 805 15
609 808 17
609 814 16
609 839 6
609 851 22
609 863 9
609 878 17
609 881 1
609 894 24
610 625 5
610 632 19
610 633 18
610 662 15
610 685 9
610 750 6
610 769 15
610 787 1
610 791 11
610 802 13
610 822 2
610 839 15
610 847 5
610 863 13
610 876 15
611 614 1
611 618 15
611 631 9
611 634 17
611 647 20
611 659 21
611 661 6
611 677 10
611 678 15
611 706 23
611 712 15
611 744 13
611 760 9
611 782 9
611 797 13
611 815 7
611 832 13
611 838 8
611 855 24
611 880 5
611 898 16
612 630 6
612 639 19
612 657 18
612 675 17
612 686 9
612 701 21
612 726 8
612 742 15
612 761 9
612 779 24
612 815 15
612 818 23
612 834 7
612 864 8
612 866 19
612 895 4
612 897 16
613 665 3
613 679 18
613 682 13
613 688 18
613 737 6
613 740 23
613 768 3
613 800 20
613 806 4
613 808 17
613 861 3
613 886 5
614 631 21
614 634 20
614 639 10
614 752 17
614 755 15
614 764 3
614 775 25
614 783 10
614 836 10
614 842 14
614 886 18
615 618 8
615 647 5
615 649 17
615 676 16
615 686 13
615 717 11
615 728 22
615 742 3
615 774 13
615 843 14
615 869 17
616 631 7
616 695 21
616 775 15
616 781 11
616 816 18
616 858 20
616 868 3
616 872 20
616 890 24
617 621 23
617 632 16
617 661 11
617 663 16
617 673 5
617 684 13
617 728 15
617 729 15
617 731 23
617 757 3
617 758 9
617 764 7
617 779 10
617 782 3
617 784 25
617 789 24
617 809 13
617 819 21
617 837 1
617 840 2
617 860 11
618 702 19
618 723 11
618 726 7
618 733 8
618 763 21
618 783 24
618 791 3
618 829 23
618 874 20
618 881 3
619 625 23
619 637 10
619 648 13
619 692 13
619 702 17
619 717 1
619 720 5
619 741 8
619 745 25
619 752 9
619 789 16
619 859 8
619 861 18
619 871 18
620 655 7
620 661 16
620 673 7
620 688 4
620 732 18
620 813 11
620 843 15
620 849 12
620 865 21
621 648 21
621 661 21
621 675 18
621 744 21
621 772 25
621 788 18
621 789 15
621 801 3
621 812 15
621 834 1
621 836 17
621 857 4
621 860 17
621 882 19
621 897 8
622 676 24
622 677 20
622 691 17
622 706 17
622 752 5
622 850 11
622 883 11
623 635 11
623 643 2
623 651 18
623 656 15
623 732 19
623 744 5
623 762 4
623 792 7
623 797 25
623 852 1
624 629 5
624 635 19
624 636 21
624 647 4
624 701 11
624 754 12
624 789 8
624 794 25
624 808 12
624 810 2
624 826 6
624 841 6
624 873 20
624 895 13
625 628 6
625 657 17
625 659 6
625 668 24
625 717 21
625 733 17
625 753 10
625 767 6
625 775 20
625 796 4
625 819 22
625 837 13
626 639 8
626 655 2
626 665 22
626 707 9
626 719 4
626 767 1
626 775 2
626 796 1
626 833 6
626 834 13
626 849 12
626 854 14
626 868 14
626 897 1
627 651 17
627 653 21
627 668 8
627 671 11
627 674 11
627 704 15
627 718 2
627 747 16
627 757 14
627 859 22
627 874 7
627 882 25
627 883 5
627 885 1
627 898 3
628 661 3
628 675 16
628 694 12
628 721 7
628 725 14
628 746 22
628 768 10
628 804 16
628 809 23
628 827 13
628 872 21
628 889 12
628 898 1
629 666 11
629 700 3
629 750 1
629 769 2
629 781 23
629 791 10
629 871 15
630 653 8
630 675 25
630 678 18
630 695 24
630 707 15
630 735 17
630 788 7
630 811 14
630 830 21
630 877 10
631 662 18
631 680 25
631 726 2
631 765 4
631 769 8
631 776 17
631 796 2
631 808 20
631 840 7
631 880 24
631 894 7
632 638 4
632 815 13
632 821 7
632 867 15
632 888 15
633 640 10
633 643 18
633 646 14
633 670 19
633 685 7
633 743 22
633 758 20
633 765 25
633 815 22
633 893 9
633 895 16
634 665 5
634 696 22
634 716 13
634 731 16
634 739 16
634 769 14
634 793 19
634 800 21
634 807 22
634 830 10
634 849 22
634 852 16
634 856 16
635 638 23
635 663 22
635 673 22
635 674 10
635 691 3
635 697 11
635 746 1
635 749 14
635 770 3
635 827 14
635 847 10
635 865 12
636 646 12
636 659 4
636 661 11
636 681 8
636 682 15
636 694 3
636 720 15
636 721 11
636 725 15
636 735 5
636 777 4
636 792 3
636 820 24
636 824 24
636 851 24
636 854 10
636 882 21
637 671 16
637 695 3
637 747 18
637 748 12
637 751 24
637 755 4
637 768 17
637 840 9
637 846 4
637 864 5
637 884 13
637 897 19
638 643 14
638 674 24
638 684 6
638 713 20
638 728 11
638 729 15
638 735 9
638 744 13
638 745 4
638 773 21
638 817 2
638 818 11
638 842 24
638 855 7
638 862 11
638 879 23
638 890 7
639 646 20
639 656 18
639 661 23
639 678 24
639 699 12
639 706 9
639 729 22
639 785 15
639 799 2
639 804 7
639 810 20
639 816 9
639 824 20
639 878 13
639 891 24
640 664 20
640 703 20
640 730 18
640 735 6
640 767 10
640 778 3
640 798 18
640 815 15
640 838 24
640 877 22
641 649 2
641 666 22
641 684 3
641 700 12
641 722 21
641 795 11
641 804 9
641 816 15
641 833 8
641 878 7
642 650 1
642 666 19
642 684 4
642 691 17
642 702 20
642 712 12
642 743 11
642 760 5
642 800 6
642 826 24
642 844 4
642 850 3
642 896 20
642 901 23
643 680 8
643 702 4
643 703 1
643 712 2
643 713 21
643 715 1
643 722 23
643 759 22
643 781 24
643 783 2
643 784 11
643 797 20
643 841 13
643 867 19
643 868 9
644 707 22
644 717 2
644 718 12
644 720 15
644 758 5
644 762 5
644 783 12
644 794 17
644 796 16
644 817 16
644 818 24
644 819 16
644 894 21
644 899 1
645 650 10
645 657 19
645 660 10
645 664 16
645 698 21
645 709 12
645 719 11
645 752 21
645 770 9
645 779 9
645 835 19
645 846 13
645 857 19
645 869 13
645 876 25
645 898 12
646 657 24
646 735 23
646 756 16
646 759 12
646 770 13
646 772 20
646 806 16
646 822 1
646 826 13
646 830 8
646 856 18
647 674 14
647 683 23
647 687 14
647 714 16
647 756 8
647 775 9
647 784 1
647 817 25
647 818 4
647 830 12
647 837 10
647 845 1
647 874 22
647 894 18
647 901 19
648 651 11
648 665 14
648 688 9
648 690 12
648 699 2
648 712 9
648 820 10
648 823 17
648 830 22
649 713 22
649 722 14
649 735 12
649 751 24
649 767 3
649 769 22
649 783 16
649 791 16
649 812 19
649 874 4
649 889 9
649 900 3
650 692 12
650 704 9
650 747 2
650 807 17
650 812 22
650 816 13
650 836 17
650 889 20
651 682 8
651 688 11
651 689 6
651 721 21
651 728 21
651 733 17
651 752 22
651 778 4
651 805 1
651 858 14
651 889 25
651 891 24
652 654 2
652 660 13
652 690 22
652 741 6
652 743 9
652 757 13
652 759 22
652 797 5
652 807 18
652 815 5
652 829 7
652 836 7
652 866 15
652 884 11
652 892 23
653 656 13
653 694 23
653 696 17
653 758 7
653 775 5
653 801 4
653 838 12
653 864 25
654 664 24
654 678 6
654 691 24
654 703 4
654 756 6
654 762 14
654 772 5
654 800 7
654 812 15
654 817 17
654 830 3
654 835 20
654 847 3
654 851 17
654 860 18
655 681 7
655 683 10
655 750 24
655 755 15
655 763 16
655 792 13
655 796 25
655 806 15
655 810 2
655 822 25
655 833 6
655 860 9
655 876 6
656 661 11
656 679 20
656 684 8
656 697 9
656 702 25
656 706 6
656 718 14
656 724 8
656 725 19
656 774 18
656 789 14
656 801 10
656 819 10
656 824 18
656 834 6
656 857 14
657 697 10
657 701 1
657 714 22
657 762 21
657 778 24
657 792 11
657 805 13
657 810 14
657 846 13
657 881 2
657 888 15
658 677 14
658 700 10
658 717 23
658 725 19
658 742 20
658 751 20
658 772 1
658 775 6
658 781 21
658 785 8
658 853 19
658 869 5
658 874 1
659 681 12
659 742 20
659 755 10
659 782 23
659 785 13
659 805 18
659 810 11
659 814 24
659 882 18
659 901 9
660 683 19
660 714 16
660 726 19
660 747 8
660 755 6
660 771 8
660 809 9
660 832 21
660 834 21
660 869 20
660 870 20
660 878 17
660 883 15
660 891 16
661 663 19
661 671 22
661 679 14
661 689 2
661 693 15
661 701 18
661 745 2
661 759 3
661 771 13
661 797 14
661 798 25
661 801 2
661 805 6
661 816 12
661 817 25
661 825 25
661 832 20
661 833 20
661 857 15
661 858 16
661 879 2
662 717 23
662 730 25
662 751 12
662 767 20
662 777 23
662 780 7
662 803 14
662 828 14
662 841 23
662 847 7
662 857 7
663 693 19
663 694 20
663 695 10
663 715 10
663 735 12
663 747 12
663 754 13
663 773 1
663 798 2
663 803 14
663 804 2
663 842 9
663 848 1
663 872 1
663 886 8
664 675 22
664 685 22
664 714 24
664 716 14
664 737 23
664 756 21
664 759 16
664 774 12
664 832 15
664 846 13
664 848 18
664 849 6
664 885 3
664 888 17
665 699 12
665 733 11
665 827 12
665 864 6
665 891 21
666 667 21
666 690 19
666 696 9
666 720 8
666 733 20
666 737 10
666 759 22
666 771 21
666 801 18
666 839 24
666 842 24
666 857 25
666 861 22
666 874 20
667 670 23
667 682 11
667 686 20
667 699 21
667 741 1
667 767 6
667 790 10
667 793 15
667 842 25
667 843 17
667 847 17
667 848 16
667 878 3
667 882 4
667 890 2
668 720 10
668 723 24
668 741 24
668 759 6
668 764 9
668 770 7
668 786 2
668 841 18
668 847 5
668 854 24
668 897 12
669 685 5
669 718 22
669 724 11
669 748 1
669 771 19
669 780 11
669 801 13
669 828 15
669 832 8
669 875 13
669 877 20
670 679 17
670 689 4
670 695 19
670 742 9
670 746 20
670 751 11
670 778 13
670 782 1
670 806 12
670 807 25
670 832 1
670 851 10
670 852 7
670 873 10
670 878 18
671 674 8
671 681 4
671 684 24
671 710 6
671 722 16
671 779 3
671 788 5
671 793 3
671 806 6
671 810 23
671 811 15
671 827 18
671 862 12
672 678 22
672 701 8
672 732 8
672 752 14
672 786 11
672 816 3
672 822 24
672 872 8
672 873 13
672 892 13
673 675 10
673 698 1
673 704 14
673 753 10
673 834 12
673 852 20
673 864 19
674 689 7
674 774 2
674 796 23
674 852 5
674 872 10
674 888 15
674 895 10
675 713 14
675 758 17
675 782 17
675 794 13
675 861 7
675 865 11
675 899 24
676 724 5
676 735 20
676 756 8
676 757 20
676 796 8
676 811 10
676 860 18
676 873 15
676 880 24
676 893 8
677 705 1
677 714 24
677 737 23
677 757 10
677 774 10
677 777 18
677 800 6
677 849 18
677 881 21
677 884 5
678 718 25
678 747 5
678 802 19
678 806 11
678 826 18
678 827 12
678 828 2
678 860 5
678 885 20
678 889 12
679 698 5
679 700 25
679 703 7
679 745 14
679 751 19
679 767 14
679 772 23
679 773 14
679 774 5
679 794 21
679 799 23
679 810 7
679 836 21
679 852 20
679 858 16
679 859 8
679 877 12
679 887 23
679 892 25
679 893 10
679 900 2
680 681 24
680 688 14
680 707 22
680 755 9
680 761 9
680 769 11
680 791 12
680 874 13
681 727 5
681 733 1
681 735 20
681 736 6
681 742 9
681 753 8
681 769 25
681 770 24
681 848 8
681 853 15
681 869 5
682 690 5
682 757 12
682 784 11
682 792 1
682 807 6
682 819 3
682 824 8
682 841 20
682 885 1
683 684 9
683 703 4
683 711 4
683 719 10
683 794 19
683 849 3
683 870 20
683 875 2
683 900 13
684 730 7
684 811 17
684 812 19
684 816 7
684 855 11
684 856 25
684 896 17
685 687 20
685 688 24
685 694 15
685 723 2
685 724 13
685 726 21
685 796 9
685 820 1
685 843 6
685 845 9
685 850 6
685 883 8
685 890 18
685 901 2
686 688 10
686 696 1
686 711 7
686 723 14
686 757 12
686 763 1
686 770 18
686 771 7
686 809 2
686 833 5
686 854 13
686 857 18
687 728 23
687 749 21
687 762 5
687 784 22
687 786 14
687 809 25
687 818 22
687 833 3
687 844 3
687 853 11
688 716 23
688 734 13
688 751 11
688 757 5
688 763 21
688 772 19
688 783 14
688 804 15
688 806 20
688 825 24
688 830 18
688 847 2
688 891 14
689 697 4
689 701 4
689 718 6
689 723 10
689 736 5
689 745 12
689 755 24
689 780 25
689 783 9
689 785 19
689 791 4
689 805 8
689 808 7
689 812 5
689 823 6
689 829 11
689 862 10
689 881 17
689 895 10
690 734 22
690 745 2
690 750 16
690 759 20
690 767 22
690 783 5
690 790 9
690 856 19
691 784 5
691 785 3
691 803 20
691 804 20
691 812 7
691 828 25
691 832 2
691 862 18
691 896 4
691 899 13
692 693 17
692 707 5
692 758 23
692 771 12
692 798 9
692 834 7
692 855 21
692 864 15
692 865 13
693 703 6
693 760 24
693 765 4
693 783 18
693 796 23
693 847 7
693 849 8
693 873 17
693 894 4
694 706 14
694 741 2
694 746 22
694 748 20
694 805 5
694 837 18
694 859 14
694 886 13
694 890 17
694 901 17
695 713 5
695 722 22
695 733 4
695 800 21
695 807 2
695 809 4
695 810 10
695 854 12
695 891 10
696 725 5
696 748 1
696 755 22
696 778 12
696 785 2
696 854 2
696 855 4
696 858 24
696 860 9
697 703 14
697 781 17
697 812 14
697 868 4
697 901 18
698 710 12
698 854 24
698 870 22
698 889 6
698 893 14
698 898 11
699 786 24
699 793 6
699 801 16
699 884 20
699 900 11
700 728 13
700 741 23
700 764 14
700 814 22
700 820 9
700 824 24
700 826 1
700 839 12
700 862 20
700 886 13
701 704 13
701 722 22
701 737 18
701 740 11
701 746 7
701 761 8
701 785 4
701 817 22
701 834 12
701 839 21
701 857 8
701 863 12
701 876 20
701 895 15
701 899 25
702 715 5
702 773 13
702 782 7
702 802 20
702 811 9
702 851 18
702 869 10
702 887 7
703 727 6
703 730 6
703 749 15
703 764 6
703 769 9
703 784 1
703 788 3
703 790 21
703 806 15
703 821 1
703 829 15
703 830 2
703 834 7
703 838 23
703 850 5
703 851 5
703 854 11
703 855 1
703 876 12
704 712 22
704 727 22
704 737 3
704 760 23
704 774 1
704 786 15
704 805 5
704 810 23
704 815 23
704 822 24
704 823 7
704 835 4
704 839 4
705 725 14
705 764 21
705 765 10
705 807 22
705 808 23
705 837 12
706 716 19
706 723 13
706 793 12
706 804 9
706 820 16
706 847 20
706 864 8
706 900 21
707 710 24
707 739 18
707 787 23
707 819 12
707 828 16
707 829 21
707 847 14
707 883 15
707 884 21
707 892 3
707 901 21
708 714 20
708 748 2
708 776 19
708 797 3
708 805 6
708 833 25
708 834 17
708 892 3
708 893 11
708 898 13
709 724 25
709 759 24
709 764 7
709 777 14
709 793 12
709 798 17
709 799 7
709 813 6
709 821 24
709 854 4
709 888 6
709 901 18
710 725 1
710 747 19
710 754 10
710 760 21
710 769 7
710 773 24
710 779 18
710 796 11
710 859 20
710 862 15
711 720 12
711 736 15
711 738 17
711 771 19
711 783 14
711 787 8
711 808 23
711 899 24
712 768 23
712 809 25
712 816 24
712 829 6
712 834 15
712 839 10
712 850 22
712 868 21
713 715 17
713 723 22
713 730 24
713 734 22
713 749 16
713 766 1
713 773 17
713 791 25
713 802 23
713 806 23
713 824 25
713 827 18
713 834 10
713 835 21
713 886 7
714 787 24
714 801 11
714 812 23
714 829 19
714 838 1
714 858 8
715 716 17
715 734 2
715 738 5
715 745 18
715 765 25
715 770 10
715 772 7
715 786 10
715 811 6
715 831 5
715 837 1
715 844 4
715 855 5
715 887 25
715 890 19
716 726 8
716 735 16
716 808 20
716 812 5
716 866 16
716 876 19
716 883 24
716 897 25
717 721 15
717 729 7
717 746 25
717 747 2
717 803 5
717 805 19
717 832 2
717 894 12
717 896 12
718 724 3
718 727 18
718 732 4
718 739 3
718 763 2
718 766 12
718 767 14
718 779 9
718 803 16
718 806 14
718 811 12
718 824 21
718 827 15
718 863 7
718 872 3
719 724 8
719 761 1
719 766 9
719 767 23
719 787 19
719 788 10
719 819 24
719 826 10
719 837 16
719 862 1
719 895 11
720 726 22
720 780 19
720 821 13
720 827 10
720 871 7
720 893 15
721 744 2
721 749 10
721 752 19
721 799 3
721 822 23
721 851 7
722 725 13
722 751 14
722 763 23
722 817 24
722 845 11
722 891 12
723 733 7
723 734 15
723 750 21
723 756 7
723 769 23
723 774 18
723 804 3
723 819 9
723 856 19
723 857 12
723 873 25
723 879 19
724 731 23
724 751 23
724 756 14
724 757 10
724 765 8
724 766 20
724 770 1
724 785 9
724 798 6
724 803 20
724 805 14
724 807 3
724 826 1
724 845 1
724 878 16
724 883 23
724 900 2
725 727 3
725 734 12
725 748 8
725 811 17
725 818 7
725 859 15
725 866 17
725 886 2
726 733 19
726 738 25
726 757 22
726 780 5
726 808 1
726 813 17
726 828 2
726 854 24
726 867 5
726 868 13
726 877 6
726 887 24
726 900 14
727 737 14
727 738 4
727 743 10
727 789 4
727 801 8
728 742 12
728 764 5
728 773 24
728 791 12
728 796 8
728 800 3
728 802 25
728 823 15
728 825 20
728 831 6
728 855 6
728 880 11
728 889 9
729 733 24
729 742 10
729 758 5
729 759 6
729 766 11
729 829 21
729 831 7
729 866 9
729 873 2
729 886 22
730 753 14
730 759 2
730 766 10
730 812 4
730 815 7
730 825 21
731 774 10
731 780 15
731 820 7
731 884 14
731 897 15
732 740 20
732 760 23
732 768 17
732 785 19
732 794 14
732 797 11
732 854 25
732 861 22
732 877 21
733 755 10
733 773 20
733 778 8
733 809 17
733 821 2
733 835 18
733 846 14
733 850 9
733 858 3
733 866 16
733 879 5
733 881 18
733 885 17
733 897 16
734 763 23
734 782 24
734 788 13
734 793 7
734 799 13
734 817 21
734 821 22
734 827 4
734 848 16
734 855 19
734 874 20
734 881 9
735 781 8
735 812 6
735 819 10
735 832 4
735 864 3
736 737 22
736 746 25
736 758 10
736 827 13
736 840 2
736 841 4
736 845 1
736 848 12
736 883 8
736 897 18
737 741 18
737 764 25
737 773 12
737 800 10
737 811 25
737 867 10
737 887 24
737 888 6
737 895 24
738 775 19
738 790 5
738 834 2
738 840 9
738 850 23
738 863 23
738 881 20
738 889 7
738 891 5
738 895 6
739 755 12
739 771 8
739 779 2
739 809 14
739 850 19
739 883 14
739 885 17
740 839 25
740 843 17
740 870 3
740 901 7
741 768 11
741 805 22
741 807 9
741 842 22
741 894 8
741 898 8
742 760 6
742 785 6
742 789 15
742 795 6
742 799 24
742 815 19
742 829 9
742 899 10
743 778 19
743 788 7
743 790 6
743 794 2
743 795 11
743 803 11
743 827 14
744 753 20
744 757 13
744 759 2
744 762 14
744 806 3
744 814 18
744 845 13
744 856 19
744 866 22
744 876 21
744 882 5
745 754 20
745 758 4
745 762 3
745 777 2
745 798 11
745 799 11
745 800 7
745 808 3
745 851 16
745 862 7
745 892 23
745 898 2
746 767 18
746 782 16
746 788 8
746 790 23
746 793 18
746 892 20
746 897 9
747 748 8
747 761 17
747 779 21
747 784 9
747 786 5
747 805 25
747 848 3
747 855 19
747 896 19
747 900 1
748 773 14
748 836 25
748 851 20
748 877 20
749 767 4
749 783 21
749 795 7
749 813 14
749 814 4
749 815 9
749 819 5
749 881 12
750 754 7
750 755 8
750 780 5
750 830 24
750 859 17
751 787 2
751 788 16
751 795 13
751 824 12
751 831 23
751 862 4
751 882 9
752 763 8
752 810 10
752 830 9
752 842 12
753 771 3
753 785 4
753 800 12
753 899 19
754 783 5
754 801 6
754 850 15
754 852 8
754 882 3
755 769 21
755 853 22
755 854 8
755 880 5
755 895 3
756 759 20
756 792 13
756 824 10
756 849 1
756 867 11
756 901 3
757 812 4
758 760 4
758 769 15
758 781 16
758 790 3
758 791 19
758 793 1
758 805 11
758 886 3
759 762 9
759 771 22
759 792 8
759 818 12
759 819 11
759 829 3
759 836 18
759 846 16
759 847 17
759 849 1
759 859 21
759 863 12
759 882 24
760 813 3
760 831 18
760 857 1
760 892 24
760 894 7
761 764 12
761 765 1
761 782 20
761 786 14
761 789 5
761 817 23
761 836 3
761 873 22
761 888 2
762 784 21
762 869 22
763 769 12
763 772 1
763 789 8
763 803 11
763 812 8
763 819 21
763 836 21
763 864 12
763 888 14
763 891 13
763 899 3
763 900 14
764 774 8
764 775 14
764 800 12
764 827 13
764 833 9
764 846 14
764 869 13
764 871 15
764 876 2
764 898 14
765 790 11
765 801 15
765 806 18
765 810 8
765 830 19
765 851 16
765 881 10
765 893 17
765 897 12
766 787 23
766 809 17
766 827 19
766 838 10
766 844 1
766 856 15
766 866 5
766 867 12
766 889 5
766 898 20
767 786 14
767 818 20
767 844 4
768 769 4
768 771 8
768 862 16
768 881 14
768 887 21
768 892 6
769 798 6
769 812 22
769 815 19
769 818 16
769 823 13
769 829 13
769 855 24
769 876 6
769 891 3
769 893 10
770 806 22
770 828 16
770 833 9
770 845 13
770 858 12
770 867 19
770 897 13
771 776 3
771 798 23
771 819 1
771 822 7
771 828 19
771 855 14
771 892 1
772 778 23
772 821 20
772 851 8
773 776 13
773 800 8
773 819 5
773 824 18
773 833 13
773 844 3
773 864 13
773 900 4
774 803 15
774 810 25
774 820 4
774 827 20
774 877 4
774 887 15
774 899 17
775 853 22
775 859 23
775 880 6
775 884 8
775 886 16
776 827 21
776 843 12
776 859 16
776 872 21
776 878 18
777 779 9
777 796 12
777 799 20
777 842 6
777 861 8
778 785 2
778 823 21
778 831 17
778 865 8
778 867 15
778 882 5
779 792 10
779 793 5
779 804 10
779 816 24
779 830 6
779 838 15
779 839 18
779 871 10
779 875 4
779 899 11
780 793 8
780 794 3
780 796 19
780 815 15
780 832 19
780 838 14
780 844 1
781 827 11
781 848 11
781 853 20
781 858 19
781 869 24
781 895 14
782 841 2
782 893 6
782 894 17
783 785 24
783 794 23
783 795 24
783 813 15
783 823 4
783 831 8
783 860 19
783 884 15
783 885 8
784 791 2
784 792 4
784 793 2
784 794 11
784 802 9
784 842 13
784 860 18
784 871 11
784 872 6
784 888 9
785 833 6
785 869 21
785 878 11
786 801 16
786 837 6
786 852 7
786 855 12
786 863 5
787 790 20
787 859 15
787 867 12
787 885 13
788 853 15
788 859 9
788 874 11
788 897 6
789 794 12
789 804 20
789 805 25
789 821 1
789 865 2
789 875 3
789 893 6
790 797 5
790 802 13
790 810 16
790 825 17
790 846 7
790 880 2
790 882 24
790 891 17
790 892 9
791 809 21
791 852 4
791 861 2
791 867 4
791 884 10
791 885 15
791 888 8
792 801 6
792 816 4
792 822 21
792 833 18
792 875 20
792 895 5
793 797 5
793 807 25
793 813 18
793 842 1
793 846 1
794 822 21
794 835 4
794 837 3
794 852 3
794 888 8
795 809 17
795 824 19
795 830 2
795 833 25
795 844 22
795 855 2
795 870 16
795 877 5
795 888 23
796 797 21
796 806 8
796 813 1
796 820 7
796 822 22
796 864 10
797 840 12
797 857 2
797 868 5
797 898 6
798 816 21
798 841 11
798 868 10
798 879 21
798 891 6
799 849 10
799 897 23
799 900 1
800 892 15
801 820 1
801 873 5
801 885 23
801 898 19
802 804 23
802 852 24
803 820 19
803 823 19
803 833 25
803 836 11
803 845 1
803 847 24
803 852 7
803 868 10
803 869 24
803 879 13
805 811 7
805 868 10
806 826 2
806 868 8
806 881 17
806 884 7
807 860 4
808 811 2
808 814 17
808 818 1
808 833 7
808 865 3
809 812 25
809 822 9
809 841 18
809 846 2
809 872 14
809 878 17
810 840 21
811 823 13
811 831 17
811 855 16
811 868 9
812 814 18
812 826 1
812 842 9
812 848 17
812 853 9
812 868 18
812 869 17
812 871 24
812 879 1
813 816 2
813 820 25
813 845 9
813 850 18
813 872 6
813 884 14
813 898 21
814 822 24
814 823 16
814 835 5
814 874 4
814 876 17
814 883 13
814 886 23
814 887 19
815 850 3
815 855 16
815 868 14
815 881 16
816 831 7
816 836 4
816 844 24
816 852 24
817 850 6
817 860 9
817 867 15
817 885 15
818 830 3
818 832 9
818 846 15
818 855 6
818 862 10
818 870 14
818 895 14
818 899 4
819 840 21
819 854 4
819 855 24
819 866 22
819 884 21
820 823 3
820 846 2
820 854 12
820 868 18
820 883 24
821 869 5
821 898 20
821 900 14
822 885 20
823 827 12
823 855 22
823 884 25
824 889 12
825 844 20
825 845 6
825 884 22
825 893 12
825 900 22
826 834 25
826 850 20
826 853 11
826 893 5
826 900 6
827 853 1
827 857 20
827 865 9
827 883 21
827 888 25
827 897 9
828 834 17
828 838 20
828 891 12
829 854 18
829 879 6
829 882 6
829 891 18
829 897 13
830 832 2
830 833 8
830 838 9
830 868 14
830 876 4
830 882 9
830 893 2
831 842 1
831 892 16
832 835 24
832 850 12
832 863 12
832 889 23
833 843 6
833 847 24
833 854 4
833 878 11
833 889 24
833 893 25
833 900 21
834 860 19
834 864 24
834 872 4
835 844 13
835 855 18
836 837 17
836 839 7
836 857 25
836 867 22
837 843 2
837 845 14
837 850 24
837 873 9
837 886 23
837 891 14
837 897 15
838 850 8
838 862 15
838 894 15
840 866 23
840 895 13
840 901 1
841 865 11
841 894 12
841 899 8
842 850 9
842 857 17
842 875 18
842 888 7
843 846 16
843 852 13
843 853 2
843 861 14
843 862 18
844 885 16
844 893 8
845 893 10
845 894 23
846 868 10
846 873 6
846 880 24
846 882 25
846 897 6
847 851 9
847 860 24
847 875 19
847 888 23
848 863 6
848 867 11
848 872 12
848 874 5
848 876 25
848 877 14
848 887 15
848 890 12
849 896 21
850 866 25
850 874 5
850 878 15
851 857 8
851 872 21
851 888 4
852 887 10
853 855 11
853 896 22
854 878 25
854 891 19
855 886 6
856 872 24
856 873 5
856 877 11
857 885 24
857 901 4
858 872 19
858 878 8
859 881 3
859 892 12
860 871 5
860 872 10
861 889 24
862 894 19
863 865 15
864 870 24
864 885 7
864 887 6
865 874 12
865 881 5
866 880 6
867 875 16
867 876 19
868 887 15
869 878 11
869 897 23
871 878 1
871 880 24
873 882 21
873 885 3
874 876 19
875 879 1
875 889 1
875 893 23
876 894 13
877 879 25
878 885 3
880 883 6
880 897 9
880 900 7
882 892 20
882 894 13
884 885 17
889 895 18
892 899 8
893 894 8
893 895 16
894 900 17
902 601 93
903 901 25
902 903 22
