904 6735
72 40 94 34 59 82 91 22 51 30 74 27 75 28 41 45 72 23 59 85 72 79 97 3 33 14 96 70 77 69 5 48 60 50 82 70 84 24 91 34 54 16 61 28 95 53 24 66 76 82 2 99 13 51 53 45 64 49 15 92 69 71 40 80 21 73 49 56 48 91 89 1 6 1 81 53 54 4 18 29 38 72 79 50 74 32 94 37 32 60 28 100 83 19 79 55 43 79 10 91 69 98 43 26 51 23 78 4 79 48 84 16 19 62 65 92 93 10 80 24 22 59 75 56 30 5 10 24 83 71 14 51 20 9 29 70 31 6 73 61 53 56 76 23 18 92 66 62 54 97 86 75 8 12 82 37 17 91 60 99 61 26 2 80 34 30 50 16 87 74 77 40 30 4 14 99 96 32 12 1 28 97 27 87 61 8 23 77 98 83 27 10 8 28 41 93 9 90 8 96 16 84 87 97 88 52 95 35 83 6 87 63 55 13 49 15 20 24 43 69 6 69 30 65 49 70 57 9 12 16 4 27 100 42 23 39 94 69 25 76 74 11 90 80 75 39 46 46 62 40 14 19 9 43 35 9 64 43 17 75 58 73 1 9 14 75 99 7 43 75 35 69 85 24 100 11 14 46 56 27 37 69 97 45 63 31 5 27 25 74 53 83 46 6 43 59 80 42 18 23 55 94 69 100 1 34 42 73 18 97 21 64 71 89 83 58 48 27 41 40 28 100 46 61 16 55 97 76 10 59 53 16 4 21 15 4 7 8 28 76 4 48 39 27 88 21 84 87 99 76 26 27 76 24 39 43 30 36 70 39 94 22 54 49 95 21 52 53 28 80 80 84 79 18 10 19 91 45 5 89 73 83 15 100 58 54 42 87 41 64 26 86 37 31 34 83 3 37 35 83 68 14 18 99 84 27 17 74 23 73 14 95 55 81 46 12 86 88 51 26 3 76 63 39 58 96 22 13 84 8 95 4 74 64 2 57 90 18 82 64 42 47 11 97 27 56 60 12 95 10 89 97 37 51 36 47 98 9 59 34 16 5 37 89 68 38 97 9 7 30 72 48 29 34 44 55 90 56 19 36 17 7 33 54 10 20 52 59 28 10 92 95 66 28 36 33 65 84 93 23 66 64 71 94 50 66 48 91 21 18 26 90 25 10 95 86 29 46 44 8 55 36 55 72 15 42 4 32 25 96 54 90 11 24 35 12 42 83 2 62 52 28 3 76 89 97 13 70 42 57 29 48 44 83 19 10 24 74 41 1 21 95 42 32 70 77 95 11 11 97 25 62 76 27 90 64 24 2 33 17 10 62 65 5 96 35 15 20 9 55 72 29 1 65 12 23 41 7 33 3 84 87 7 5 54 58 62 51 52 69 46 78 56 81 76 37 96 38 76 94 73 38 93 63 20 15 88 3 64 72 71 39 93 29 43 46 86 4 48 89 25 46 66 80 26 42 68 21 79 95 14 3 33 58 66 4 73 5 6 88 29 76 27 21 57 69 18 42 25 18 31 49 63 96 80 88 89 100 8 67 94 73 22 78 30 39 81 54 95 38 42 23 66 20 95 22 40 65 63 16 82 45 16 44 41 96 83 29 47 90 48 92 62 69 22 43 7 2 97 1 92 38 76 57 9 22 78 48 38 92 64 19 37 31 14 29 78 96 57 24 37 56 68 50 76 89 93 34 42 89 87 33 78 62 89 86 35 18 85 73 10 100 43 98 31 57 26 8 4 34 32 93 90 51 42 17 39 34 51 80 22 37 13 51 50 53 36 84 23 73 8 84 72 51 81 2 59 6 62 62 91 45 6 80 95 48 49 33 81 99 12 55 35 76 57 36 81 93 19 3 17 27 86 88 77 18 42 87 23 55 100 13 99 6 45 93 53 45 77 85 43 40 39 29 68 96 64 48 40 34 50 56 60 87 95 88 4 88 74 78 42 74 42 40 79 38 84 83 82 12 67 24 52 58 4 19 5 67 18 44 1 67 51 12 5 97 100 8 85 25 37 26 50 78 18 28 16 53 62 97 65 29 36 87
0 20 16
0 74 52
0 82 43
0 93 53
0 124 75
0 127 42
0 130 63
0 136 41
0 139 39
0 154 71
0 155 67
0 161 76
0 164 91
0 253 16
0 270 72
0 293 54
1 19 46
1 42 29
1 44 32
1 66 23
1 78 2
1 86 36
1 103 5
1 104 47
1 107 41
1 123 99
1 163 57
1 245 21
1 246 40
1 258 74
1 271 95
2 24 8
2 33 25
2 54 89
2 72 12
2 87 52
2 92 30
2 98 26
2 128 92
2 140 21
2 156 96
2 174 10
2 178 96
2 232 87
2 247 25
2 255 19
2 284 92
3 14 23
3 38 47
3 55 75
3 62 45
3 87 48
3 109 10
3 112 1
3 116 46
3 118 51
3 123 99
3 132 3
3 141 23
3 161 91
3 175 76
3 178 17
3 182 50
3 193 1
3 205 5
3 206 61
3 222 4
3 248 86
3 274 38
4 21 47
4 47 58
4 52 86
4 62 56
4 73 5
4 102 72
4 122 33
4 158 24
4 176 15
4 180 7
4 184 22
4 203 89
4 205 3
4 209 70
4 263 98
5 10 3
5 41 15
5 51 100
5 97 53
5 105 17
5 135 22
5 145 95
5 168 45
5 170 90
5 175 44
5 222 97
5 255 46
5 266 56
5 290 100
6 11 84
6 37 94
6 51 46
6 53 41
6 60 79
6 83 53
6 106 46
6 112 2
6 127 85
6 130 21
6 184 16
6 205 43
6 274 42
6 275 56
7 20 45
7 34 11
7 57 5
7 67 99
7 73 78
7 89 5
7 98 4
7 100 46
7 137 78
7 148 98
7 181 90
7 186 20
7 198 42
7 203 86
7 224 65
7 244 97
7 248 37
7 267 48
7 293 42
8 29 82
8 53 41
8 90 72
8 124 35
8 128 86
8 145 73
8 169 71
8 170 6
8 214 40
8 238 14
8 249 99
8 264 95
8 272 58
9 11 62
9 25 100
9 37 9
9 38 39
9 42 56
9 67 12
9 122 36
9 132 33
9 137 9
9 162 26
9 191 52
9 261 2
9 284 63
10 14 69
10 24 99
10 35 100
10 42 68
10 79 92
10 130 33
10 134 8
10 154 64
10 157 67
10 170 45
10 200 88
10 212 38
10 215 2
10 223 28
10 238 51
10 251 1
11 33 22
11 40 60
11 45 62
11 118 73
11 132 20
11 141 52
11 149 28
11 191 31
11 208 87
11 209 61
11 255 40
11 272 64
11 276 64
11 277 93
11 279 79
12 18 32
12 34 43
12 38 78
12 65 100
12 70 35
12 86 10
12 96 59
12 98 50
12 155 29
12 163 4
12 168 37
12 170 66
12 189 5
12 192 64
12 235 68
12 241 57
12 263 86
12 274 79
12 275 18
13 21 10
13 23 99
13 30 69
13 57 38
13 95 81
13 107 8
13 138 98
13 145 72
13 148 71
13 149 13
13 152 65
13 154 49
13 157 45
13 166 7
13 171 78
13 183 96
13 187 41
13 203 40
13 209 54
13 219 90
13 225 20
13 265 57
14 61 27
14 67 37
14 86 14
14 105 42
14 107 4
14 122 70
14 162 79
14 181 34
14 225 40
14 233 89
14 242 32
14 246 8
14 276 26
15 22 13
15 43 67
15 45 75
15 112 36
15 116 38
15 124 87
15 125 100
15 170 38
15 172 31
15 177 7
15 195 68
15 197 78
15 198 99
15 200 59
15 226 32
15 254 89
15 279 78
15 294 88
15 297 67
16 20 14
16 36 1
16 38 8
16 110 69
16 230 23
16 237 39
16 290 2
16 292 62
17 49 27
17 57 86
17 60 21
17 90 52
17 94 50
17 119 88
17 124 78
17 172 85
17 184 77
17 206 64
17 211 85
17 260 14
17 286 47
17 295 91
18 22 33
18 92 24
18 106 89
18 129 91
18 133 55
18 134 29
18 135 68
18 169 95
18 172 47
18 189 33
18 199 47
18 237 7
18 246 1
18 263 69
18 284 45
19 110 3
19 160 82
19 174 71
19 194 40
19 199 3
19 206 74
19 210 89
19 226 90
19 234 51
19 262 73
19 267 66
19 297 14
20 25 9
20 173 31
20 179 12
20 197 51
20 199 16
20 207 36
20 249 92
20 292 6
20 295 42
21 23 20
21 37 26
21 52 88
21 59 19
21 82 58
21 85 35
21 90 25
21 103 59
21 121 55
21 148 69
21 161 13
21 167 37
21 173 91
21 176 52
21 209 91
21 234 64
21 280 92
21 282 80
22 29 14
22 30 16
22 62 97
22 64 79
22 66 25
22 102 79
22 110 91
22 160 27
22 165 94
22 168 78
22 182 18
22 232 52
22 256 71
23 32 90
23 33 29
23 34 59
23 132 8
23 137 86
23 143 45
23 176 84
23 182 96
23 195 51
23 196 52
23 237 60
23 263 87
23 276 42
23 285 63
24 43 29
24 44 5
24 106 54
24 175 8
24 256 70
24 286 22
25 54 56
25 72 48
25 85 46
25 103 35
25 111 90
25 116 72
25 136 80
25 166 67
25 170 42
25 187 31
25 194 38
25 195 31
25 210 59
25 212 48
25 274 90
25 276 97
26 65 92
26 77 73
26 139 44
26 158 42
26 161 24
26 165 4
26 166 81
26 193 17
26 223 18
26 239 9
26 262 73
26 282 72
27 43 69
27 50 42
27 55 93
27 85 76
27 104 41
27 115 90
27 127 10
27 210 31
27 217 13
27 227 42
27 253 49
27 255 54
27 260 24
27 277 38
27 278 36
27 284 35
27 294 85
27 298 25
28 45 31
28 73 28
28 78 49
28 117 26
28 124 22
28 164 24
28 177 81
28 192 54
28 221 40
28 223 99
28 244 14
28 250 64
28 255 22
28 271 34
28 299 5
29 57 66
29 92 10
29 108 98
29 141 55
29 154 71
29 208 80
29 234 19
29 236 12
29 252 28
29 254 25
29 259 36
29 283 18
30 33 12
30 36 70
30 48 54
30 73 89
30 121 52
30 131 82
30 145 37
30 153 77
30 179 55
30 207 61
30 222 58
30 227 60
30 237 52
30 282 56
30 296 73
31 41 16
31 52 77
31 57 7
31 69 72
31 112 42
31 113 68
31 122 21
31 152 48
31 161 38
31 212 100
31 236 18
31 237 50
31 242 80
31 263 42
31 286 85
32 75 97
32 84 54
32 101 6
32 107 50
32 117 42
32 121 57
32 157 83
32 187 30
32 190 33
32 191 89
32 228 42
32 230 42
32 241 48
32 252 94
32 265 49
32 286 21
33 35 61
33 116 25
33 147 79
33 157 32
33 198 18
33 202 46
33 215 53
33 254 17
33 258 83
33 285 4
34 38 35
34 53 84
34 66 83
34 69 28
34 82 20
34 95 31
34 120 33
34 126 25
34 131 81
34 242 26
34 268 81
35 80 15
35 98 56
35 104 66
35 119 4
35 129 97
35 136 59
35 144 51
35 146 42
35 155 8
35 189 23
35 212 2
35 221 84
35 224 53
35 235 86
35 248 2
35 252 98
35 258 90
35 262 70
35 272 33
36 42 93
36 67 4
36 100 68
36 128 76
36 156 84
36 175 88
36 191 6
36 198 16
36 213 12
36 215 38
36 234 42
36 241 45
36 250 5
36 270 49
36 272 62
36 273 8
36 289 97
37 64 20
37 114 10
37 139 39
37 141 79
37 161 33
37 172 92
37 260 63
37 266 85
38 76 77
38 107 64
38 126 35
38 135 66
38 169 33
38 181 19
38 204 59
38 228 89
38 264 86
38 277 86
39 52 72
39 61 73
39 82 43
39 95 39
39 127 37
39 132 33
39 209 80
39 287 33
40 90 37
40 157 80
40 183 94
40 188 96
40 191 77
40 209 65
40 215 5
40 247 67
40 283 44
40 289 89
41 92 58
41 118 6
41 135 26
41 171 35
41 189 21
41 191 60
41 194 52
41 196 5
41 206 30
41 216 62
41 260 93
42 53 15
42 101 99
42 113 16
42 131 40
42 154 94
42 186 55
42 187 28
42 274 26
42 285 86
42 289 60
43 52 14
43 76 18
43 77 5
43 80 9
43 85 46
43 96 21
43 119 65
43 120 12
43 190 16
43 203 54
43 210 69
43 242 73
43 249 79
43 263 55
43 290 93
44 62 90
44 63 59
44 97 50
44 123 19
44 147 20
44 174 94
44 185 85
44 189 19
44 237 10
44 282 76
44 294 12
44 296 16
45 60 3
45 108 89
45 133 53
45 139 14
45 141 2
45 213 70
46 56 70
46 62 62
46 84 15
46 96 43
46 99 26
46 100 78
46 117 58
46 142 79
46 182 47
46 212 31
46 238 9
46 246 53
46 268 75
46 291 98
47 81 11
47 110 24
47 130 68
47 147 83
47 149 70
47 154 5
47 162 1
47 179 31
47 180 80
47 191 64
47 198 46
47 268 35
47 273 4
47 295 50
48 50 100
48 99 5
48 171 72
48 186 70
48 187 66
48 197 86
48 215 12
48 234 43
48 244 16
48 245 21
48 256 74
48 267 14
48 293 3
49 60 82
49 142 66
49 146 30
49 161 32
49 166 29
49 177 5
49 241 99
49 254 11
49 265 74
49 281 3
49 297 63
50 58 4
50 59 35
50 95 26
50 101 1
50 102 69
50 108 81
50 122 51
50 126 68
50 144 85
50 150 22
50 161 89
50 175 2
50 202 59
50 210 52
50 232 44
50 238 74
50 245 25
50 246 17
50 264 87
50 265 27
50 270 51
50 271 5
50 286 56
50 287 82
51 67 33
51 74 61
51 174 32
51 184 43
51 195 34
51 215 87
51 220 57
51 242 90
51 270 21
51 282 34
51 291 90
52 55 41
52 161 14
52 168 40
52 172 60
52 176 98
52 181 61
52 215 49
52 227 51
52 262 72
52 286 52
52 291 94
53 56 45
53 66 76
53 74 63
53 76 84
53 117 55
53 234 13
53 276 88
53 291 10
54 55 94
54 61 72
54 82 22
54 166 77
54 168 66
54 206 8
54 209 63
54 239 22
54 273 97
55 83 35
55 100 55
55 135 86
55 136 75
55 148 68
55 186 26
55 195 87
55 196 17
55 248 38
55 255 87
55 270 67
55 277 61
56 58 38
56 90 12
56 92 58
56 102 66
56 117 74
56 123 41
56 124 20
56 142 38
56 189 80
56 191 29
56 210 83
56 221 51
56 264 3
56 271 60
56 284 16
56 294 10
56 298 74
57 60 37
57 65 6
57 78 9
57 88 43
57 105 91
57 178 35
57 210 10
57 221 68
57 228 21
57 285 78
58 126 6
58 158 7
58 206 44
58 217 66
58 219 97
58 226 55
58 228 23
58 245 62
58 261 81
58 296 15
59 87 81
59 89 18
59 156 94
59 188 61
59 197 53
59 227 96
59 233 63
59 235 12
59 268 11
59 273 24
59 283 85
59 287 99
59 291 29
59 295 45
60 83 41
60 103 20
60 118 80
60 123 2
60 156 39
60 176 52
60 224 79
60 240 44
60 245 11
60 250 74
60 267 62
60 276 7
60 282 81
60 286 36
60 290 68
60 293 61
61 62 3
61 104 100
61 133 30
61 138 48
61 150 60
61 158 82
61 196 44
61 204 75
61 235 45
61 241 6
61 245 98
61 262 82
61 265 5
61 294 79
62 80 26
62 101 97
62 115 50
62 130 57
62 140 51
62 166 88
62 178 61
62 209 81
62 217 84
62 253 71
63 72 55
63 88 97
63 89 77
63 100 35
63 139 32
63 179 96
63 186 47
63 193 86
63 200 95
63 202 76
63 211 34
63 237 6
64 66 10
64 80 77
64 88 80
64 101 6
64 107 82
64 147 30
64 164 87
64 171 38
64 202 60
64 219 65
64 234 87
64 277 9
65 105 73
65 122 37
65 129 96
65 133 33
65 158 69
65 201 31
65 211 3
65 213 23
65 223 27
65 251 31
65 252 57
65 259 11
65 283 26
65 298 3
66 73 96
66 150 20
66 155 31
66 171 29
66 188 26
66 233 92
67 83 57
67 122 57
67 127 49
67 160 39
67 162 38
67 193 88
67 239 28
67 254 97
67 295 52
68 90 66
68 91 57
68 93 76
68 94 54
68 104 5
68 126 9
68 187 23
68 205 35
68 215 63
68 257 45
68 258 62
68 283 94
69 122 54
69 125 24
69 127 19
69 155 8
69 192 19
69 209 91
69 255 90
69 259 100
69 275 68
70 95 81
70 105 56
70 107 76
70 120 82
70 134 46
70 138 14
70 148 69
70 171 26
70 236 62
70 250 72
70 265 91
71 77 19
71 92 47
71 97 45
71 105 23
71 150 7
71 154 67
71 170 9
71 190 70
71 202 63
71 203 70
71 206 63
71 232 16
71 240 93
72 79 33
72 98 24
72 152 64
72 154 23
72 176 13
72 178 63
72 180 90
72 209 46
72 228 70
72 277 18
72 288 27
72 292 16
73 74 31
73 85 95
73 163 41
73 208 44
73 259 66
73 264 83
73 273 14
73 294 64
74 120 27
74 149 88
74 164 71
74 190 45
74 198 97
74 212 40
74 223 8
74 228 18
74 247 54
74 254 23
74 258 63
75 131 86
75 133 98
75 138 26
75 169 61
75 193 63
75 213 40
75 283 50
76 86 8
76 106 9
76 109 67
76 119 34
76 145 76
76 154 49
76 206 80
76 214 68
76 277 45
77 78 97
77 110 51
77 115 10
77 145 60
77 150 29
77 184 98
77 203 30
77 205 74
77 228 46
77 239 69
77 249 33
77 271 63
77 278 22
77 298 7
78 92 25
78 113 60
78 206 5
78 257 2
79 81 20
79 85 67
79 95 93
79 108 69
79 133 26
79 134 2
79 189 88
79 202 11
79 208 29
79 214 88
79 228 90
79 248 49
79 265 84
79 267 86
79 268 99
79 290 94
80 134 45
80 135 79
80 150 91
80 194 27
80 207 4
80 266 36
80 297 95
81 89 36
81 95 50
81 98 69
81 122 43
81 133 27
81 185 28
81 208 99
81 221 28
81 237 47
81 240 17
81 251 73
81 259 67
81 278 94
81 281 26
81 294 6
82 101 4
82 102 54
82 118 46
82 137 93
82 147 2
82 156 29
82 180 30
82 181 52
82 189 22
82 191 26
82 218 83
82 270 12
83 154 52
83 164 86
83 191 99
83 193 99
83 213 22
83 223 49
83 241 67
83 260 16
83 295 27
84 94 46
84 119 66
84 156 6
84 173 92
84 196 34
84 234 78
84 247 10
84 284 27
84 299 3
85 91 16
85 115 30
85 118 9
85 134 61
85 212 74
85 254 62
85 276 89
85 284 55
85 290 66
86 88 63
86 105 80
86 123 48
86 125 26
86 128 84
86 130 33
86 137 25
86 143 82
86 154 6
86 174 25
86 188 100
86 219 73
86 242 51
86 258 45
86 276 38
87 108 8
87 125 88
87 131 23
87 137 86
87 202 97
87 231 49
87 286 40
87 298 64
88 90 30
88 98 48
88 112 76
88 115 3
88 123 10
88 172 17
88 178 57
88 194 75
88 206 79
88 210 89
88 219 22
88 230 4
88 280 72
89 92 6
89 95 80
89 107 5
89 125 12
89 143 4
89 192 4
89 207 84
89 210 6
89 215 100
89 235 74
89 298 14
90 93 87
90 105 96
90 117 51
90 135 35
90 167 97
90 178 90
90 199 99
90 252 26
90 253 90
90 254 26
90 259 81
90 278 99
90 291 42
90 295 89
91 111 25
91 140 72
91 146 77
91 148 98
91 185 28
92 98 100
92 108 55
92 115 7
92 139 4
92 141 66
92 167 63
92 181 59
92 182 2
92 184 20
92 185 58
92 213 27
92 220 33
92 228 96
92 261 22
92 271 35
92 299 31
93 150 70
93 175 25
93 187 81
93 196 96
93 277 14
94 112 6
94 120 76
94 142 64
94 171 100
94 190 16
94 237 40
94 268 23
94 276 93
94 279 89
94 280 50
94 293 44
95 112 43
95 115 9
95 131 100
95 204 61
95 218 71
95 231 58
95 236 62
95 287 42
96 130 68
96 142 88
96 175 27
96 208 63
96 245 61
96 257 61
96 268 93
96 278 31
96 283 37
96 291 25
96 292 78
96 294 2
97 98 83
97 99 5
97 154 17
97 158 34
97 169 20
97 186 56
97 220 56
97 254 64
97 256 96
97 295 58
98 128 8
98 140 39
98 143 18
98 147 7
98 189 99
98 212 40
98 234 16
98 259 12
98 263 81
98 272 35
98 289 51
99 105 7
99 163 98
99 166 11
99 206 68
99 234 42
99 257 93
99 266 56
99 267 67
99 276 70
100 114 58
100 121 49
100 229 74
100 289 26
100 292 82
100 293 46
101 112 34
101 146 89
101 151 9
101 159 29
101 169 46
101 244 16
101 271 67
101 281 63
102 148 74
102 178 17
102 191 54
102 209 42
102 220 28
102 222 35
102 226 76
102 238 78
102 280 41
103 104 73
103 129 41
103 135 60
103 139 67
103 144 85
103 148 16
103 154 33
103 164 55
103 232 25
103 240 33
103 270 80
103 283 50
103 292 66
104 124 25
104 133 83
104 148 54
104 165 34
104 232 64
104 244 52
104 250 1
104 254 30
104 258 66
104 260 27
105 120 99
105 134 20
105 147 68
105 165 78
105 181 54
105 249 95
105 254 56
105 288 46
105 290 20
106 114 48
106 155 6
106 180 86
106 189 32
106 193 73
106 213 70
106 232 38
106 260 49
107 130 2
107 143 70
107 155 50
107 244 67
107 258 94
107 261 85
107 269 20
107 295 79
108 149 48
108 168 23
108 172 32
108 178 77
108 182 89
108 184 58
108 204 27
108 208 8
108 223 77
108 229 5
108 248 13
109 120 71
109 123 12
109 129 58
109 152 90
109 174 11
109 176 15
109 199 27
109 217 42
109 274 39
110 134 96
110 166 32
110 167 87
110 171 97
110 178 1
110 220 89
110 268 63
110 283 46
111 116 73
111 150 35
111 156 25
111 184 20
111 185 57
111 188 8
111 267 48
111 296 97
112 113 65
112 133 75
112 137 56
112 152 93
112 260 79
112 266 68
112 273 63
112 274 42
112 277 78
112 284 5
112 287 52
112 294 92
112 298 31
113 122 45
113 140 31
113 216 27
113 225 76
113 230 69
113 235 75
113 247 76
113 248 57
113 290 38
113 293 74
114 150 29
114 174 24
114 177 50
114 201 100
114 205 32
114 232 57
114 242 48
114 267 29
114 275 73
114 277 22
114 288 36
115 121 65
115 134 52
115 148 4
115 150 27
115 151 45
115 161 81
115 164 83
115 176 96
115 222 24
115 240 14
115 258 40
115 269 6
115 271 92
116 159 68
116 163 27
116 174 66
116 179 95
116 183 83
116 199 55
116 212 68
116 218 64
116 251 78
116 277 17
116 292 63
116 294 62
117 176 25
117 183 62
117 190 42
117 193 97
117 195 35
117 225 77
117 263 61
117 266 38
117 286 32
117 292 40
118 121 82
118 130 64
118 170 22
118 177 29
118 189 40
118 199 35
118 205 69
118 222 45
118 270 78
118 280 88
119 151 71
119 166 44
119 199 82
119 242 6
119 273 98
119 279 50
119 281 21
119 298 28
120 183 18
120 185 35
120 186 41
120 230 43
120 236 97
120 253 34
120 262 39
120 281 31
120 289 10
121 126 100
121 146 69
121 148 94
121 153 39
121 195 2
121 205 9
121 206 12
121 229 31
121 232 48
121 250 99
121 277 51
121 281 45
121 295 76
121 299 38
122 151 15
122 160 71
122 171 19
122 259 72
122 284 21
123 150 20
123 196 44
123 200 100
123 221 90
123 226 79
123 237 40
123 254 32
123 262 27
124 130 73
124 131 22
124 137 9
124 145 34
124 181 73
124 211 29
124 216 79
124 236 63
124 266 31
124 272 88
124 291 75
124 293 61
125 152 35
125 162 73
125 174 63
125 176 79
125 209 100
125 240 100
125 249 46
125 253 71
125 270 70
125 282 69
125 288 91
125 293 42
126 133 13
126 135 90
126 137 31
126 180 43
126 199 81
126 207 14
126 228 69
127 147 5
127 154 87
127 160 29
127 192 90
127 233 60
127 264 58
127 269 69
127 287 74
127 296 88
128 140 56
128 162 48
128 168 100
128 182 42
128 183 72
128 210 62
128 233 73
128 259 24
129 130 61
129 132 18
129 146 94
129 149 82
129 150 38
129 154 36
129 160 23
129 177 50
129 190 77
129 198 5
129 235 44
129 237 57
129 260 18
129 279 64
129 299 13
130 140 5
130 147 93
130 162 2
130 190 16
130 222 50
130 227 70
130 231 89
130 236 37
130 239 77
130 257 89
130 297 88
131 132 71
131 165 60
131 209 49
131 229 43
131 289 35
132 133 61
132 134 60
132 179 28
132 181 42
132 196 97
132 204 15
132 211 17
132 217 99
132 251 91
132 289 73
132 290 94
133 141 99
133 150 43
133 152 10
133 181 11
133 229 99
133 234 2
133 248 13
133 279 14
133 297 3
134 137 34
134 139 54
134 143 39
134 177 63
134 204 42
134 261 26
134 269 33
135 152 54
135 153 26
135 164 75
135 172 88
135 186 86
135 187 86
135 200 68
135 228 79
135 238 34
135 288 82
135 293 47
135 294 84
136 260 73
136 261 20
136 278 78
137 156 71
137 184 62
137 219 87
137 225 34
137 261 60
137 264 40
137 265 46
137 277 25
137 280 42
137 281 31
138 242 78
138 290 32
138 298 93
139 177 20
139 191 9
139 210 25
139 211 73
139 218 34
139 242 51
139 248 12
139 289 71
140 144 36
140 150 79
140 151 49
140 152 70
140 177 61
140 235 48
140 242 53
140 271 33
140 274 67
140 285 30
141 148 55
141 152 80
141 172 68
141 207 40
141 220 39
141 233 7
141 252 37
141 291 63
142 145 48
142 148 68
142 199 40
142 203 79
142 207 12
142 240 11
142 244 87
142 246 89
142 262 35
142 273 72
142 277 39
143 167 47
143 171 42
143 189 75
143 235 25
143 245 43
143 261 44
143 280 85
144 147 90
144 169 48
144 173 69
144 185 8
144 219 30
144 222 76
144 235 87
144 269 97
144 286 15
145 146 25
145 152 56
145 175 52
145 177 39
145 203 3
145 236 71
145 255 78
146 203 34
146 252 82
146 262 41
146 272 72
146 292 70
147 173 75
147 189 44
147 209 9
147 216 21
147 217 85
147 226 35
147 239 46
147 274 79
147 277 30
147 278 82
148 179 68
148 271 77
149 186 3
149 188 75
149 199 6
149 205 78
149 208 61
149 244 55
149 263 44
149 292 37
149 294 10
149 296 47
150 198 75
150 209 64
150 232 17
150 237 5
150 251 49
150 270 99
150 289 97
151 157 21
151 162 20
151 163 71
151 164 16
151 171 80
151 177 92
151 254 52
152 167 14
152 171 89
152 197 31
152 233 43
152 237 70
152 257 98
152 279 72
152 284 72
153 156 25
153 186 77
153 188 1
153 235 37
153 247 83
153 266 97
154 163 74
154 167 44
154 176 43
154 188 100
154 218 8
154 278 60
154 292 56
155 168 56
155 220 10
155 278 52
156 217 28
156 222 29
156 229 23
156 231 43
156 235 61
157 160 66
157 173 95
157 179 74
157 208 54
157 216 25
157 224 69
157 283 75
157 288 74
157 290 40
157 297 99
158 159 50
158 221 68
158 230 51
158 240 87
158 246 51
158 256 47
158 267 12
158 283 94
158 285 90
159 167 63
159 168 53
159 169 1
159 176 19
159 192 61
159 222 10
159 244 22
159 246 88
159 267 90
159 291 96
160 209 83
160 212 50
160 222 61
160 258 29
160 268 76
160 293 66
161 220 5
161 237 44
161 240 41
161 241 30
162 166 35
162 184 91
162 200 80
162 216 54
162 220 41
162 227 18
162 284 56
162 287 88
163 170 29
163 180 50
163 195 29
163 200 91
163 201 54
163 212 29
163 214 61
163 233 14
163 240 90
163 251 83
163 286 54
164 174 79
164 200 30
164 211 88
164 263 81
164 286 91
164 287 16
164 293 8
165 176 8
165 181 20
165 186 51
165 192 100
165 201 49
165 202 37
165 203 90
165 210 80
165 214 90
165 217 83
165 237 97
165 246 46
165 267 22
165 269 77
165 273 47
166 167 50
166 195 20
166 207 100
166 208 30
166 228 80
166 229 66
166 232 19
166 256 14
166 274 71
167 168 97
167 187 44
167 190 58
167 210 29
167 220 86
167 225 25
167 267 36
167 293 93
168 197 96
168 218 38
168 222 93
168 233 96
168 237 74
168 243 82
168 260 76
168 265 16
168 290 16
168 295 24
169 175 13
169 186 37
169 195 1
169 202 59
169 214 86
169 223 20
169 237 10
169 260 15
169 267 99
169 272 27
169 282 85
169 296 65
170 179 97
170 187 34
170 194 60
170 210 6
170 216 62
170 221 45
170 234 82
170 241 50
170 244 37
170 251 77
170 253 87
170 264 81
170 271 73
171 174 13
171 195 15
171 223 48
171 241 28
171 245 30
171 275 71
171 289 92
171 292 67
172 181 23
172 204 50
172 251 4
173 201 42
173 221 11
173 238 19
173 246 93
173 297 38
174 187 55
174 190 57
174 197 86
174 210 88
174 236 16
174 239 44
174 241 50
174 242 12
174 245 25
174 255 99
175 188 100
175 254 2
175 266 37
176 202 81
176 244 26
176 280 49
176 293 95
177 178 25
177 211 28
177 231 76
177 266 47
178 179 19
178 196 42
178 204 70
178 208 20
178 241 46
178 243 11
178 280 31
179 207 16
179 223 3
179 248 20
179 257 70
179 288 11
179 298 57
180 234 58
180 278 78
180 292 100
181 182 59
181 218 89
181 227 77
181 273 9
182 186 89
182 220 30
182 260 45
182 283 21
182 293 55
183 205 46
183 253 67
184 232 79
184 236 73
184 253 42
184 256 25
184 286 44
185 211 36
185 227 94
185 233 63
185 241 33
185 253 57
185 266 45
185 286 100
185 291 11
186 198 64
186 224 21
187 221 22
187 237 73
187 249 30
187 252 51
187 280 72
188 194 88
188 199 40
188 253 100
188 257 96
188 265 80
188 298 29
189 288 93
190 197 52
190 225 83
190 232 38
190 233 70
190 249 13
190 286 10
191 193 11
191 274 90
191 289 5
192 206 98
192 218 35
192 229 68
192 243 30
192 256 91
192 263 64
192 269 81
192 270 54
192 273 80
192 297 2
193 223 75
193 234 52
193 252 31
193 254 77
193 270 75
193 282 71
193 289 68
194 207 75
194 211 66
194 230 47
194 250 3
194 280 58
195 199 50
195 224 38
195 259 47
195 260 19
195 282 2
196 230 57
196 237 82
196 277 91
196 284 61
197 211 31
197 219 26
197 246 80
197 293 61
197 297 68
198 202 44
198 246 93
198 248 21
198 251 75
198 274 94
198 281 47
198 296 26
198 299 77
199 296 24
200 278 100
201 206 47
202 223 91
202 236 26
202 258 12
202 280 90
203 207 81
203 226 22
203 227 91
203 231 70
203 232 68
203 254 62
203 270 71
203 271 76
203 277 43
203 281 14
203 291 89
204 223 73
204 229 91
204 236 20
204 272 85
204 280 58
204 290 15
205 223 30
205 233 31
205 240 89
205 245 23
206 244 29
206 253 66
206 287 99
207 266 4
208 234 66
208 249 45
208 260 47
209 214 91
209 226 9
209 232 88
209 260 23
209 290 82
210 227 78
210 243 92
210 259 1
210 274 39
211 234 63
211 283 29
211 285 33
211 290 76
211 293 69
211 296 58
212 218 18
212 256 88
212 279 94
213 263 27
214 239 55
214 254 23
214 264 57
214 281 95
215 238 46
215 277 38
215 290 61
216 255 96
216 281 41
216 296 78
217 219 93
217 257 39
217 264 68
217 283 1
218 286 26
218 298 91
219 230 34
219 232 56
219 245 82
219 251 34
219 252 46
220 241 96
220 250 14
220 256 31
220 283 23
220 292 82
222 253 88
222 259 40
222 261 22
222 280 81
223 232 67
223 248 76
223 253 56
223 261 75
223 280 70
223 293 53
224 250 12
224 282 82
226 252 48
226 254 5
226 276 59
227 232 40
227 238 95
227 273 79
227 295 92
228 249 21
229 262 69
230 233 77
230 251 76
230 299 2
231 242 11
231 260 73
231 267 50
231 268 24
231 280 3
232 233 72
232 236 58
232 252 90
232 270 64
232 279 79
232 282 23
232 283 82
232 284 6
232 289 78
232 297 56
233 234 75
233 249 82
233 263 20
233 267 57
233 287 29
234 247 76
234 257 15
234 261 21
234 299 70
235 243 93
235 245 64
235 254 42
236 264 13
236 282 41
236 289 69
237 269 67
238 266 3
238 271 42
238 281 68
239 242 78
239 247 44
239 257 91
239 259 35
239 282 86
240 294 54
241 243 13
241 269 60
241 270 35
241 289 18
242 260 89
243 251 43
243 264 45
244 247 70
244 252 62
244 282 53
244 292 98
245 258 89
245 293 19
245 294 70
246 255 58
246 259 64
246 261 34
247 257 100
248 268 76
248 283 26
248 297 68
249 252 94
249 265 28
249 270 61
250 252 61
251 255 5
251 266 57
251 267 4
251 278 40
251 283 42
251 291 57
252 260 4
253 269 53
254 258 44
254 263 74
254 277 41
254 286 86
254 287 70
255 276 10
256 287 99
257 272 22
257 273 59
257 287 39
258 266 92
258 271 29
258 280 48
259 264 55
259 293 14
260 263 99
260 272 83
261 291 39
261 299 19
262 270 76
262 282 18
262 289 79
263 268 89
263 290 22
265 271 35
266 273 92
266 279 13
267 286 28
267 287 100
269 270 69
269 279 80
269 282 43
270 276 42
270 278 20
270 293 80
272 282 63
272 295 29
273 281 30
273 289 36
274 281 40
276 284 68
276 287 27
276 297 20
276 298 16
278 286 82
281 283 85
282 298 14
283 291 64
288 290 23
288 298 32
289 296 91
289 298 40
290 293 63
292 299 31
300 314 5
300 320 9
300 325 17
300 344 30
300 355 36
300 373 6
300 381 43
300 406 11
300 462 9
300 492 28
300 494 29
300 510 21
300 569 39
301 424 45
301 446 27
301 461 34
301 462 30
301 480 41
301 553 5
302 316 40
302 359 48
302 366 28
302 414 20
302 444 50
302 458 43
302 544 34
302 566 22
302 576 35
302 592 42
302 595 7
303 316 38
303 348 46
303 357 15
303 412 4
303 426 25
303 436 2
303 442 11
303 448 19
303 458 14
303 487 21
303 500 46
303 541 43
303 561 41
303 569 36
303 570 37
303 586 20
303 596 22
304 354 18
304 368 10
304 374 26
304 384 7
304 390 9
304 393 4
304 422 29
304 442 9
304 466 48
304 490 12
304 512 32
304 577 32
304 581 3
304 590 38
304 595 19
305 370 50
305 393 3
305 414 24
305 434 24
305 479 6
305 483 36
305 488 44
305 499 20
305 503 7
305 517 42
305 550 12
305 562 49
305 568 27
305 569 50
306 310 18
306 360 50
306 403 18
306 406 30
306 466 26
306 471 26
306 476 38
306 501 31
306 517 4
306 529 48
306 534 28
306 544 17
306 553 30
306 595 9
306 596 19
307 317 17
307 326 30
307 332 18
307 334 21
307 348 5
307 355 43
307 361 27
307 364 41
307 371 39
307 375 46
307 420 49
307 424 32
307 446 9
307 458 49
307 464 8
307 479 8
307 507 17
307 513 10
307 520 27
307 527 48
307 533 35
307 543 3
307 547 37
307 580 17
308 310 8
308 336 35
308 356 44
308 360 25
308 442 16
308 449 4
308 458 45
308 464 34
308 479 33
308 509 15
308 519 7
308 540 40
308 552 9
309 330 33
309 338 30
309 369 47
309 424 30
309 447 30
309 465 28
309 475 40
309 483 28
309 521 38
309 524 47
309 570 44
309 574 47
309 578 26
309 595 43
309 599 33
310 318 28
310 336 30
310 337 49
310 352 37
310 353 16
310 392 44
310 400 11
310 413 31
310 453 47
310 456 8
310 473 14
310 478 32
310 496 22
310 517 22
310 549 23
310 556 30
310 564 4
310 595 2
311 339 29
311 344 35
311 373 31
311 375 8
311 415 24
311 491 8
311 571 45
311 572 23
311 592 4
312 325 43
312 333 48
312 335 48
312 418 25
312 424 27
312 471 27
312 487 25
312 489 13
312 504 44
312 508 20
312 519 24
312 549 26
312 550 19
312 590 31
313 330 42
313 342 2
313 349 4
313 352 13
313 357 24
313 360 33
313 375 17
313 383 27
313 385 11
313 414 3
313 448 7
313 452 19
313 470 27
313 484 16
313 513 15
313 522 1
313 546 21
313 547 10
313 550 48
313 566 21
313 587 36
314 319 24
314 369 47
314 401 11
314 403 36
314 408 43
314 426 32
314 451 11
314 490 18
314 542 50
314 551 43
314 567 9
314 572 1
315 319 46
315 334 22
315 335 24
315 372 31
315 392 40
315 394 50
315 417 43
315 436 42
315 439 8
315 464 13
315 481 20
315 485 26
315 533 28
315 535 20
315 537 46
315 540 39
316 327 17
316 349 18
316 357 24
316 366 40
316 368 15
316 381 36
316 396 28
316 433 9
316 439 18
316 479 40
316 486 26
316 513 17
316 535 33
316 540 35
316 592 18
317 346 28
317 410 8
317 426 43
317 442 8
317 460 47
317 489 43
317 504 1
317 535 38
317 540 2
317 547 15
317 571 8
317 598 27
318 324 42
318 339 27
318 426 25
318 506 30
318 535 46
318 539 42
318 563 6
318 592 37
318 593 8
318 594 41
318 595 14
319 346 16
319 356 8
319 439 4
319 459 44
319 475 25
319 493 38
319 514 30
319 539 44
320 343 15
320 356 37
320 391 38
320 401 25
320 428 33
320 430 32
320 439 27
320 441 22
320 467 34
320 472 41
320 500 29
320 505 12
320 520 35
320 521 8
320 579 38
320 586 16
321 333 3
321 355 30
321 390 21
321 439 39
321 450 39
321 466 12
321 488 5
321 493 7
321 539 21
321 546 10
321 554 2
322 330 45
322 378 47
322 390 31
322 426 40
322 462 11
322 525 17
322 527 28
322 531 37
322 543 1
322 557 9
323 330 15
323 341 22
323 358 44
323 361 6
323 385 3
323 416 6
323 459 42
323 483 12
323 492 43
323 500 7
323 511 14
323 529 24
323 587 28
323 588 4
324 339 15
324 367 41
324 386 8
324 388 21
324 395 11
324 431 19
324 473 22
324 484 8
324 503 15
324 510 4
324 517 47
324 523 28
324 540 20
324 546 26
324 578 14
325 353 22
325 390 37
325 440 29
325 442 45
325 460 32
325 477 36
325 480 49
325 493 37
325 524 27
325 531 10
325 538 32
325 547 33
325 564 23
325 580 7
326 340 12
326 361 29
326 385 21
326 406 2
326 408 38
326 416 43
326 470 15
326 498 7
326 520 16
326 525 22
326 538 21
326 546 19
326 555 20
326 577 50
326 595 40
327 363 48
327 366 16
327 383 11
327 397 34
327 398 46
327 410 8
327 418 17
327 465 31
327 478 6
327 529 6
327 533 9
327 559 16
327 584 37
327 589 43
328 364 40
328 410 45
328 438 7
328 456 18
328 459 16
328 468 10
328 479 6
328 521 10
328 549 24
328 596 14
329 331 26
329 349 45
329 353 36
329 386 44
329 395 17
329 427 36
329 433 34
329 445 14
329 454 3
329 467 46
329 479 49
329 482 48
329 526 3
329 558 15
329 571 30
329 583 9
330 359 20
330 363 38
330 367 24
330 414 8
330 452 32
330 545 15
330 585 3
331 334 38
331 411 33
331 434 20
331 435 48
331 436 40
331 452 31
331 473 23
331 484 5
331 491 6
331 530 18
331 548 40
331 577 2
331 595 34
332 334 27
332 344 37
332 347 49
332 382 29
332 385 32
332 388 47
332 396 28
332 403 37
332 438 13
332 455 7
332 457 45
332 471 33
332 489 46
332 533 20
332 565 42
332 593 30
332 594 34
333 367 46
333 415 17
333 435 18
333 440 15
333 446 16
333 447 9
333 451 46
333 456 39
333 478 13
333 536 3
333 587 8
333 594 5
334 340 4
334 413 43
334 414 31
334 431 42
334 439 43
334 441 12
334 453 24
334 499 39
334 504 41
334 521 10
334 545 1
334 555 48
334 557 6
334 569 35
334 573 45
334 588 27
334 591 27
335 362 24
335 370 12
335 371 22
335 373 43
335 384 30
335 407 39
335 427 10
335 430 40
335 441 36
335 450 50
335 505 3
335 534 40
335 544 9
335 557 7
335 566 44
335 585 3
336 338 39
336 360 35
336 374 45
336 380 50
336 386 10
336 387 33
336 432 41
336 452 21
336 512 36
336 514 40
336 543 28
336 578 22
336 585 36
337 338 6
337 356 50
337 376 12
337 405 18
337 489 22
337 522 6
337 570 49
337 574 12
337 587 15
337 599 38
338 348 47
338 368 17
338 370 42
338 373 38
338 380 25
338 403 48
338 421 33
338 428 28
338 435 37
338 459 20
338 472 24
338 513 38
338 545 29
338 548 7
338 552 30
338 562 2
338 573 44
338 588 21
339 349 31
339 366 15
339 376 7
339 386 37
339 391 17
339 398 20
339 406 6
339 434 38
339 440 25
339 442 4
339 484 1
339 493 41
339 498 43
339 541 49
339 555 9
339 557 35
339 577 36
339 586 36
339 595 34
340 357 19
340 369 13
340 385 22
340 388 38
340 393 38
340 396 10
340 486 18
340 491 44
340 524 41
340 525 19
340 527 39
340 541 12
340 542 50
341 342 6
341 373 20
341 396 36
341 407 22
341 414 39
341 429 41
341 449 11
341 469 15
341 485 46
341 495 11
341 519 7
341 540 40
341 582 11
342 348 16
342 361 26
342 367 46
342 426 1
342 481 10
342 491 16
342 523 15
342 540 31
342 586 3
343 364 2
343 382 42
343 389 21
343 399 48
343 405 33
343 414 41
343 433 36
343 455 44
343 484 42
343 505 43
343 517 15
343 518 27
343 530 14
343 573 5
343 581 19
344 355 24
344 359 19
344 364 16
344 380 36
344 419 27
344 446 8
344 488 46
344 492 42
344 508 33
344 530 44
344 554 44
344 575 42
345 348 9
345 373 10
345 378 25
345 402 12
345 417 12
345 432 16
345 442 34
345 475 11
345 514 48
345 529 24
345 570 48
345 571 43
345 587 16
346 392 41
346 404 7
346 408 44
346 417 6
346 441 13
346 453 15
346 478 32
346 516 33
346 522 32
346 580 19
346 585 10
346 594 39
347 365 15
347 387 3
347 401 22
347 406 8
347 432 47
347 439 15
347 460 18
347 477 6
347 484 39
347 516 29
347 537 19
347 565 5
347 573 14
348 353 29
348 368 4
348 401 40
348 402 29
348 425 47
348 449 7
348 475 19
348 520 5
348 527 2
348 560 26
348 573 18
348 592 18
348 596 7
349 353 2
349 373 50
349 376 26
349 377 11
349 378 40
349 386 42
349 389 14
349 390 13
349 412 1
349 439 12
349 460 28
349 490 18
349 496 17
349 524 18
349 545 49
349 561 38
349 577 24
350 361 12
350 386 18
350 422 28
350 424 3
350 431 46
350 456 26
350 464 9
350 477 16
350 483 32
350 493 11
350 500 42
350 503 1
350 535 30
350 536 50
350 548 3
350 588 29
351 353 25
351 354 13
351 365 21
351 382 18
351 419 26
351 420 33
351 447 18
351 451 39
351 453 12
351 455 36
351 459 6
351 487 30
351 493 36
351 524 45
351 553 3
351 558 49
351 559 12
352 400 32
352 433 2
352 447 10
352 469 7
352 493 12
352 518 25
352 524 39
352 548 24
352 550 18
352 551 39
352 562 4
352 568 18
352 577 41
352 583 34
352 590 44
353 377 6
353 414 4
353 418 12
353 428 33
353 435 37
353 458 31
353 459 22
353 469 48
353 475 18
353 487 29
353 582 29
353 595 3
354 356 23
354 393 32
354 413 2
354 423 36
354 427 13
354 462 5
354 464 45
354 513 22
354 522 16
354 529 22
354 539 12
354 581 42
355 364 39
355 368 50
355 369 45
355 378 8
355 393 43
355 395 28
355 421 4
355 434 48
355 460 32
355 498 15
355 526 32
356 365 20
356 415 47
356 428 3
356 430 19
356 533 15
356 538 31
356 550 48
356 561 17
356 567 3
357 375 31
357 384 20
357 417 39
357 434 45
357 454 24
357 455 35
357 480 18
357 510 42
357 512 6
357 548 29
357 566 33
357 594 47
358 415 31
358 489 29
358 524 6
358 580 23
359 386 8
359 399 9
359 401 22
359 408 39
359 422 25
359 459 3
359 532 10
359 559 22
359 564 6
359 596 31
360 369 36
360 395 38
360 431 30
360 556 4
360 576 41
360 581 10
361 371 24
361 440 31
361 496 6
361 508 49
361 542 17
361 544 24
361 558 42
361 582 25
361 589 2
362 372 24
362 374 23
362 380 32
362 449 4
362 453 28
362 468 6
362 499 12
362 505 39
362 527 29
362 537 2
362 539 13
362 544 32
363 380 12
363 388 36
363 421 39
363 521 44
363 533 23
363 540 26
363 555 23
363 584 27
363 588 18
364 414 34
364 426 2
364 474 50
364 487 39
364 488 50
364 509 17
364 535 14
364 538 42
364 549 41
364 551 18
364 580 17
365 371 13
365 379 1
365 406 21
365 407 42
365 450 7
365 478 32
365 485 30
365 489 35
365 492 35
365 500 43
365 536 18
365 538 46
365 543 30
365 551 8
365 559 41
365 589 3
366 406 34
366 436 13
366 445 29
366 447 3
366 448 46
366 459 30
366 464 3
366 497 37
366 529 29
366 556 21
366 576 50
367 414 22
367 425 11
367 439 17
367 442 39
367 524 25
367 550 18
367 571 11
367 573 18
367 588 26
368 399 44
368 450 48
368 490 10
368 500 28
368 512 42
368 526 30
368 536 26
368 565 21
368 589 37
369 395 16
369 427 23
369 434 22
369 441 29
369 473 1
369 479 25
369 497 24
369 552 32
369 566 29
370 394 10
370 428 13
370 432 49
370 454 12
370 463 34
370 485 11
370 513 28
370 559 24
370 563 35
370 569 47
371 381 34
371 392 2
371 480 22
371 481 27
371 507 1
371 520 34
371 541 7
371 564 42
371 595 15
372 381 32
372 407 13
372 416 1
372 444 47
372 462 37
372 476 25
372 484 25
372 488 40
372 491 49
372 551 1
372 561 21
372 572 27
372 597 12
372 598 33
373 386 27
373 398 23
373 435 19
373 472 37
373 519 3
373 544 42
373 565 21
373 577 49
373 585 28
374 378 24
374 436 23
374 451 6
374 469 25
374 486 6
374 496 12
374 498 18
374 509 22
374 511 45
374 515 30
374 527 22
374 533 42
374 540 19
374 553 46
374 555 16
374 556 8
374 566 46
374 571 18
375 406 28
375 408 24
375 413 32
375 414 13
375 424 50
375 429 4
375 505 31
375 525 36
375 540 8
375 575 24
376 390 8
376 401 9
376 402 3
376 430 34
376 450 31
376 451 11
376 469 8
376 493 38
376 520 24
376 525 25
376 534 11
376 541 19
376 554 7
376 560 32
376 571 10
376 581 25
376 592 30
377 438 27
377 464 34
377 467 27
377 487 47
377 496 11
377 541 3
377 542 28
377 561 25
377 563 2
378 434 33
378 447 5
378 519 40
378 521 41
378 531 31
378 541 49
378 565 1
378 588 35
378 596 32
379 382 33
379 392 45
379 468 39
379 470 22
379 502 21
379 504 16
380 434 32
380 442 39
380 448 24
380 483 13
380 543 50
380 585 50
381 424 44
381 435 26
381 443 33
381 458 23
381 460 22
381 472 45
381 475 25
381 543 49
381 550 20
381 598 28
382 387 32
382 390 26
382 398 19
382 399 24
382 437 6
382 442 18
382 444 24
382 457 43
382 514 49
382 532 6
382 571 39
382 581 40
382 589 27
383 387 9
383 394 5
383 407 8
383 418 47
383 473 30
383 493 22
383 523 46
383 525 31
383 586 18
384 393 24
384 409 13
384 435 42
384 441 47
384 454 7
384 480 16
384 488 48
384 499 28
384 502 45
384 510 31
384 520 4
384 521 14
384 536 4
384 574 11
384 596 31
385 413 29
385 416 3
385 434 29
385 437 36
385 508 42
385 522 18
385 534 14
385 545 50
386 405 24
386 427 23
386 459 49
386 477 3
386 478 46
386 484 46
386 522 35
386 524 13
386 527 21
386 537 47
386 559 4
386 578 18
387 388 6
387 411 21
387 428 15
387 450 33
387 471 16
387 523 45
387 554 36
387 564 31
387 587 50
388 421 47
388 441 11
388 451 30
388 452 1
388 479 41
388 483 15
388 485 42
388 495 11
388 510 28
388 526 44
388 534 34
388 539 50
388 557 44
388 562 39
388 585 45
388 586 39
389 397 23
389 407 10
389 435 10
389 436 22
389 459 15
389 470 29
389 506 27
389 544 36
389 597 43
390 401 11
390 429 3
390 449 39
390 473 49
390 482 35
390 490 40
390 501 47
390 523 45
390 527 19
390 543 47
390 559 37
391 416 33
391 463 41
391 478 47
391 547 12
392 401 36
392 426 31
392 439 11
392 481 29
392 498 21
392 505 7
392 519 19
392 528 43
392 551 16
392 568 30
392 569 16
392 589 33
392 593 8
392 597 44
393 403 20
393 408 2
393 414 5
393 424 22
393 487 42
393 501 5
393 520 8
393 530 31
393 578 1
393 583 2
393 593 1
394 400 49
394 457 40
394 466 35
394 504 41
394 515 37
394 537 46
394 570 26
395 399 19
395 428 8
395 430 6
395 446 39
395 461 17
395 466 27
395 496 33
395 513 34
395 528 8
395 534 49
395 535 16
395 538 16
395 568 42
395 596 35
396 403 19
396 413 48
396 426 8
396 434 13
396 510 2
396 526 15
396 529 45
396 537 4
396 552 18
396 557 46
396 568 5
396 597 10
397 412 32
397 421 45
397 458 46
397 484 30
397 492 23
397 494 14
397 500 37
397 517 30
397 538 4
397 540 5
397 555 6
398 421 36
398 424 39
398 451 14
398 514 36
398 515 6
398 547 31
399 402 30
399 448 43
399 460 1
399 499 27
399 500 50
399 504 15
399 538 31
399 539 17
399 553 10
399 559 34
400 441 36
400 442 7
400 467 40
400 486 45
400 538 38
400 543 35
401 412 40
401 426 17
401 430 9
401 474 5
401 481 6
401 495 40
401 499 10
401 502 12
401 521 46
401 550 46
401 576 50
401 578 11
401 581 33
401 583 6
401 585 43
402 418 12
402 421 48
402 435 45
402 450 41
402 481 49
402 485 10
402 486 21
402 522 17
402 550 21
402 562 6
402 573 3
402 582 27
402 594 46
403 445 49
403 447 16
403 452 32
403 478 41
403 491 35
403 519 42
403 536 45
403 555 42
403 562 31
403 573 5
403 592 3
404 407 26
404 410 2
404 432 5
404 441 38
404 479 34
404 496 12
404 594 32
405 406 48
405 425 11
405 426 29
405 463 38
405 474 9
405 539 38
405 549 10
405 555 28
406 455 10
406 507 15
406 516 30
406 527 36
406 546 12
407 411 30
407 426 3
407 435 43
407 446 20
407 451 37
407 453 34
407 529 15
408 422 30
408 430 15
408 505 21
408 517 33
408 571 42
408 584 24
409 418 37
409 425 32
409 430 9
409 455 48
409 486 15
409 491 6
409 492 8
409 517 43
409 555 45
409 566 18
409 583 32
410 416 4
410 425 45
410 470 41
410 488 19
410 496 26
410 510 28
410 559 32
411 458 6
411 460 31
411 468 25
411 470 25
411 483 19
411 486 10
411 491 41
411 497 49
411 499 26
411 534 13
411 539 33
411 548 20
411 569 36
411 578 19
412 487 3
412 513 45
412 530 18
412 546 17
412 547 2
412 555 27
412 563 10
412 571 47
413 450 44
413 473 41
413 511 50
413 533 41
413 538 34
413 567 20
413 590 16
414 415 11
414 436 2
414 451 23
414 453 41
414 479 28
414 483 50
414 485 10
414 505 39
414 520 40
414 533 10
414 535 15
414 582 3
415 444 42
415 490 36
415 494 40
415 496 12
415 516 38
415 526 34
415 565 31
416 474 4
416 503 38
416 528 7
416 545 15
416 577 34
417 425 2
417 426 8
417 477 33
417 495 42
417 519 41
417 524 5
417 557 10
417 564 1
417 574 6
417 577 34
417 590 42
418 426 35
418 436 33
418 442 3
418 459 23
418 469 25
418 477 14
418 489 39
418 493 29
418 504 7
418 541 24
418 556 18
418 573 18
418 579 11
418 589 4
419 439 48
419 467 17
419 493 41
419 508 6
419 523 31
419 530 26
419 537 7
419 540 38
419 551 10
420 435 1
420 437 30
420 468 14
420 485 12
420 497 31
420 519 21
420 557 47
420 560 24
420 564 5
420 571 30
420 582 28
420 583 30
421 436 4
421 462 41
421 473 18
421 481 34
421 483 47
421 497 42
421 501 1
421 506 16
421 518 4
421 528 6
421 532 15
421 553 20
421 572 46
421 588 20
421 590 3
422 427 21
422 451 28
422 491 42
422 492 31
422 493 30
422 524 22
422 525 46
422 527 41
422 544 4
422 556 17
422 564 38
422 571 27
422 590 23
422 595 19
422 599 6
423 486 2
423 501 24
423 531 46
423 541 20
423 552 7
423 553 44
423 560 13
424 448 9
424 495 11
424 519 16
424 534 15
424 550 25
424 571 38
424 585 10
424 589 46
425 475 40
425 483 33
425 495 25
425 500 31
425 529 15
425 539 5
425 584 2
426 492 10
426 499 47
426 522 5
426 525 26
426 532 36
426 535 33
426 549 49
426 551 4
426 574 38
426 575 2
426 593 29
427 461 35
427 467 23
427 472 35
427 486 30
427 491 35
427 504 46
427 533 40
427 573 3
427 583 10
428 444 16
428 458 40
428 490 19
428 502 11
428 548 29
428 573 3
428 575 36
428 599 9
429 466 17
429 474 40
429 532 13
429 544 27
429 556 38
430 454 19
430 459 4
430 488 24
430 494 2
430 507 4
430 560 29
430 561 41
430 584 6
430 593 8
431 441 26
431 491 28
431 513 44
431 531 5
431 538 15
431 545 39
431 555 47
431 586 17
431 593 48
432 434 12
432 447 6
432 521 19
432 588 23
433 466 34
433 478 23
433 495 10
433 509 44
433 541 40
433 547 1
433 554 8
433 579 18
433 586 38
434 474 27
434 501 21
434 503 11
434 512 30
434 515 27
434 553 40
434 557 20
434 582 34
435 440 49
435 470 47
435 486 13
435 508 42
435 552 4
435 558 27
435 565 33
435 567 50
436 442 45
436 446 30
436 465 13
436 472 50
436 474 50
436 503 35
436 536 35
436 564 23
437 454 46
437 476 31
437 500 12
437 530 46
437 545 38
437 548 31
437 578 34
437 587 14
438 447 3
438 449 44
438 453 45
438 482 29
438 509 35
438 526 17
438 532 12
438 541 33
438 561 13
438 564 27
438 571 25
439 481 18
439 486 3
439 499 7
439 506 19
439 531 48
439 535 38
439 556 32
439 589 49
439 596 38
440 449 18
440 490 36
440 496 12
440 518 14
440 541 16
440 554 25
441 474 9
441 475 3
441 478 5
441 510 42
441 571 19
441 573 7
441 575 38
441 589 13
442 501 38
442 504 22
442 519 29
442 528 1
442 536 7
442 580 44
442 582 27
442 595 33
443 452 13
443 459 32
443 477 41
443 481 32
443 488 31
443 499 28
443 536 13
443 550 31
443 551 17
443 565 32
443 581 16
443 588 28
444 456 45
444 495 33
444 499 2
444 509 6
444 512 38
444 566 8
444 582 49
445 503 6
445 554 17
445 563 36
445 573 20
445 578 6
446 461 10
446 462 1
446 474 6
446 476 16
446 487 46
446 488 35
446 516 50
446 525 8
446 535 18
446 570 40
446 597 39
447 464 48
447 468 19
447 505 3
447 534 30
448 461 36
448 486 35
448 513 46
448 523 15
448 538 31
448 555 28
448 563 19
448 588 36
448 599 17
449 481 26
449 530 35
449 574 24
449 585 44
449 599 22
450 453 44
450 484 49
450 503 33
450 518 46
450 535 7
450 542 50
450 543 41
450 566 43
450 569 49
450 579 50
451 501 10
451 518 38
451 525 39
452 462 9
452 481 7
452 484 43
452 485 38
452 530 44
452 538 29
452 582 33
453 459 8
453 472 10
453 479 13
453 502 28
453 509 47
453 511 29
453 525 6
453 548 33
453 572 3
453 586 49
453 591 5
454 479 48
454 486 50
454 493 37
454 503 43
454 524 6
454 536 37
454 537 35
454 572 48
454 575 37
454 595 34
454 596 7
455 480 25
455 483 24
455 515 15
455 534 33
455 538 19
455 544 2
455 567 26
455 569 47
455 570 37
456 460 33
456 479 8
456 482 1
456 495 11
456 500 7
456 514 31
456 530 18
456 583 39
457 464 35
457 481 16
457 500 45
457 523 32
457 562 15
457 569 34
457 570 26
457 594 22
457 597 22
458 479 12
458 487 19
458 541 8
458 562 48
458 569 27
459 461 32
459 483 21
459 487 43
459 488 14
459 497 41
459 510 47
459 517 39
459 539 38
459 540 35
459 559 24
459 568 47
459 574 35
459 582 36
460 489 3
460 544 17
460 562 3
460 573 44
461 558 2
461 571 20
461 584 38
461 596 35
462 485 37
462 511 21
462 545 13
462 551 8
462 597 42
463 473 24
463 478 29
463 501 2
463 502 21
463 524 7
463 555 33
463 591 44
463 596 50
464 504 49
464 520 34
464 522 48
464 531 39
464 542 23
464 554 34
464 587 12
464 596 20
465 473 20
465 479 49
465 489 24
465 505 36
465 546 3
465 549 19
465 594 39
466 526 23
466 530 7
466 566 24
466 580 9
467 469 29
467 481 36
467 516 18
467 532 23
467 549 11
468 472 46
468 485 24
468 493 34
468 515 3
468 526 8
468 539 27
468 552 4
468 566 6
468 576 12
469 481 3
469 491 45
469 493 37
469 497 36
469 526 8
469 546 6
469 578 5
469 587 9
471 484 31
471 531 42
471 570 11
471 596 50
472 493 31
472 507 35
472 511 8
472 535 4
472 540 45
472 567 38
472 572 41
472 585 13
473 475 10
473 481 3
473 484 8
473 500 35
473 512 36
473 520 12
473 532 45
473 583 14
473 593 15
474 489 50
474 497 28
474 511 19
474 541 46
474 565 14
474 566 4
474 594 6
475 500 21
475 505 10
475 517 16
475 581 1
475 590 2
476 484 28
476 501 2
476 536 32
476 542 13
476 554 9
476 570 37
476 575 9
476 589 49
476 593 29
477 510 23
477 545 8
478 483 31
478 533 31
478 539 45
478 579 17
479 488 44
479 505 39
479 581 32
480 494 11
480 505 40
480 513 9
480 548 29
480 574 36
480 578 22
480 581 33
481 487 43
481 511 42
481 512 42
481 523 8
481 528 45
481 556 45
481 580 35
481 584 46
481 585 26
482 489 49
482 496 7
482 521 12
482 526 8
482 543 5
482 544 40
482 547 30
482 548 14
482 573 23
482 578 12
482 585 10
482 587 41
483 484 8
483 486 48
483 489 22
483 498 18
483 502 38
483 503 31
483 547 48
483 560 25
483 582 4
483 596 30
484 487 19
484 489 48
484 517 24
484 520 26
484 526 42
484 531 18
484 539 12
484 551 39
484 554 46
484 558 11
484 599 45
485 489 9
485 519 20
485 531 1
485 532 1
485 551 1
485 568 17
485 572 23
485 587 15
486 521 26
486 533 13
486 561 22
486 588 24
487 508 36
487 512 41
487 529 13
487 536 16
487 540 38
487 548 39
487 587 22
488 503 20
488 510 7
488 547 19
489 500 45
489 508 32
489 550 10
489 567 14
489 568 45
490 504 48
490 507 9
490 519 7
490 539 45
490 546 18
491 523 28
491 533 47
491 536 20
491 549 29
491 587 13
492 501 42
492 509 45
492 540 39
492 569 6
492 593 18
493 528 12
493 540 41
493 541 10
493 564 26
493 569 9
493 581 47
493 593 14
494 515 30
494 517 18
494 525 20
494 547 48
494 551 12
494 582 3
494 587 9
495 505 26
495 508 47
495 533 8
495 549 34
495 565 6
496 521 4
496 543 3
496 570 33
496 587 1
497 555 22
497 561 13
497 572 13
497 592 15
498 525 7
498 551 1
498 561 22
498 573 26
498 582 14
499 530 13
499 534 35
499 539 39
499 548 21
499 552 34
499 573 2
499 580 2
499 591 1
500 571 21
500 578 1
500 586 15
501 529 25
501 559 9
501 582 40
502 505 22
502 507 18
502 521 25
502 536 27
502 539 22
502 582 30
502 584 11
502 596 22
503 520 3
503 527 24
503 536 36
503 561 20
504 506 32
504 580 37
505 525 41
505 527 8
505 547 2
505 549 3
505 556 44
505 568 41
505 589 25
506 514 27
506 531 44
506 569 26
506 579 30
506 590 15
507 526 26
507 585 44
507 588 41
508 522 36
508 531 35
508 555 12
508 572 4
508 594 11
509 525 40
509 548 25
509 554 40
509 560 1
509 562 48
509 572 45
510 525 26
510 527 33
510 553 14
510 570 7
510 587 21
511 562 4
511 599 16
512 533 23
512 534 9
512 541 12
512 549 15
512 581 33
513 551 40
513 558 8
513 569 11
514 518 19
514 524 24
514 525 38
514 536 14
514 590 15
515 540 24
515 559 50
515 569 26
515 571 29
515 572 11
515 577 18
515 597 3
516 544 2
516 551 20
516 583 2
516 598 46
517 524 45
517 528 34
517 543 9
517 579 3
517 581 7
518 521 15
518 548 21
519 557 29
519 589 23
520 581 32
520 590 43
521 543 7
521 546 21
521 579 50
521 581 17
521 586 42
521 599 24
522 564 7
522 590 7
522 591 40
523 533 30
523 537 9
523 545 17
523 589 8
524 549 19
524 572 34
524 593 12
525 554 22
526 535 3
526 565 13
526 576 18
527 554 49
527 563 48
527 564 28
527 572 4
527 577 4
527 584 42
527 593 24
528 544 34
528 549 16
528 553 7
528 563 26
528 568 25
528 570 27
528 584 28
528 588 41
529 540 20
529 581 3
529 591 49
530 569 29
530 582 42
531 537 28
531 548 37
531 586 8
532 559 37
532 581 7
533 566 44
534 541 48
534 547 28
534 591 48
535 539 12
535 543 47
535 548 47
535 560 12
535 565 27
535 567 2
535 577 15
536 539 20
536 547 25
536 578 1
536 588 36
537 539 31
537 570 28
537 576 10
537 597 9
538 550 5
538 558 2
538 562 31
538 564 9
538 574 1
538 576 11
538 596 2
539 541 30
539 544 47
539 555 10
539 578 17
539 584 5
540 549 3
540 551 16
540 563 34
540 581 2
540 585 28
540 588 33
541 563 48
541 575 39
541 580 9
541 593 49
542 560 5
542 562 28
542 573 25
542 587 5
543 546 15
544 548 7
544 569 33
544 573 24
544 580 16
544 581 39
545 561 28
546 549 46
546 553 50
546 579 30
546 585 8
547 553 1
547 567 9
547 583 4
548 549 10
549 552 27
549 557 10
549 567 14
549 588 43
551 556 43
551 578 16
552 585 20
552 587 25
553 562 15
553 591 10
554 586 35
555 559 16
555 563 14
556 582 13
557 570 40
557 589 21
558 574 27
558 587 47
559 580 5
559 583 3
560 577 14
561 567 43
561 582 32
562 565 11
562 567 42
563 568 11
564 567 18
564 571 45
564 592 21
564 596 23
565 572 4
565 590 50
566 595 32
568 583 20
569 572 42
570 577 26
570 593 35
570 595 13
571 580 3
571 599 1
573 584 24
574 578 39
574 588 16
576 591 39
576 596 1
579 592 8
580 582 9
582 596 30
583 588 6
583 590 13
584 586 32
584 591 21
585 595 8
586 588 15
586 592 31
588 598 1
591 597 27
592 595 50
595 596 45
600 299 78
601 599 16
600 601 94
602 655 23
602 675 18
602 681 11
602 700 1
602 712 11
602 715 15
602 735 20
602 746 3
602 753 10
602 772 20
602 779 21
602 796 10
602 797 6
602 844 2
602 885 8
603 656 7
603 676 9
603 684 17
603 687 7
603 691 22
603 752 20
603 758 6
603 785 24
603 787 14
603 806 11
603 830 16
603 833 18
603 835 22
603 838 15
603 901 7
604 651 25
604 661 12
604 665 24
604 737 10
604 739 14
604 740 11
604 758 1
604 781 8
604 788 13
604 789 10
604 807 4
604 821 10
604 836 21
604 838 10
604 853 11
604 875 4
605 633 16
605 651 21
605 656 22
605 662 24
605 674 17
605 690 18
605 741 5
605 753 16
605 774 8
605 795 15
605 804 8
605 813 1
605 833 13
605 836 22
605 860 7
606 610 13
606 616 10
606 668 8
606 686 24
606 715 24
606 772 18
606 788 25
606 851 8
606 879 8
606 880 11
607 631 12
607 638 17
607 655 7
607 660 21
607 697 5
607 710 12
607 712 13
607 756 25
607 811 10
607 815 12
607 841 19
607 853 3
608 642 18
608 677 11
608 702 12
608 725 7
608 731 18
608 734 12
608 813 19
608 820 15
608 824 21
608 838 8
608 849 24
608 860 3
609 651 9
609 675 24
609 698 22
609 706 8
609 729 7
609 737 4
609 835 20
609 848 18
609 861 23
609 872 3
609 893 15
609 894 4
610 636 14
610 657 4
610 705 5
610 731 1
610 751 17
610 776 23
610 796 5
610 801 9
610 806 8
610 812 16
610 837 17
610 840 3
610 877 3
610 881 13
610 884 17
610 894 25
611 647 20
611 670 17
611 680 2
611 694 3
611 707 16
611 732 23
611 738 12
611 780 24
611 781 4
611 801 9
611 838 18
611 880 1
612 613 11
612 623 9
612 650 4
612 675 2
612 679 12
612 751 8
612 784 2
612 787 6
612 808 8
612 816 6
612 817 14
612 826 15
612 853 21
612 860 6
612 862 19
612 866 25
612 870 20
612 873 10
613 630 24
613 654 14
613 656 4
613 664 2
613 676 19
613 711 21
613 726 25
613 765 7
613 769 19
613 774 5
613 792 15
613 793 11
613 863 5
613 892 1
614 619 19
614 686 10
614 699 2
614 702 7
614 720 19
614 748 5
614 754 12
614 759 1
614 762 10
614 788 3
614 802 18
614 839 7
614 859 10
614 876 11
614 891 7
614 900 4
615 637 23
615 667 7
615 674 19
615 689 1
615 693 9
615 720 12
615 728 21
615 752 10
615 783 21
615 786 16
615 791 14
615 799 10
615 802 1
615 803 20
615 823 12
615 845 21
615 886 6
616 665 15
616 668 2
616 685 24
616 727 19
616 733 16
616 734 25
616 736 5
616 741 18
616 768 19
616 812 12
616 829 2
616 839 4
616 864 20
616 865 5
616 869 3
616 894 3
617 619 23
617 635 3
617 665 11
617 680 12
617 714 25
617 716 22
617 740 9
617 753 17
617 767 12
617 773 18
617 786 17
617 787 8
617 791 7
617 811 14
617 812 13
617 830 21
617 840 18
617 855 12
617 857 17
617 883 8
617 887 13
617 896 21
618 624 2
618 668 6
618 686 9
618 690 5
618 712 11
618 724 3
618 728 11
618 732 14
618 768 6
618 770 10
618 793 18
618 828 18
618 844 21
618 851 20
618 900 15
619 628 4
619 644 11
619 658 3
619 664 24
619 699 5
619 731 11
619 749 7
619 752 18
619 771 25
619 823 4
619 826 12
619 833 13
619 844 22
620 628 21
620 670 2
620 676 18
620 719 22
620 816 9
620 825 1
620 840 3
621 637 20
621 639 6
621 644 13
621 645 10
621 648 11
621 669 23
621 712 2
621 719 3
621 735 20
621 794 23
621 812 19
621 832 1
621 846 11
621 847 24
621 852 1
622 655 15
622 659 11
622 660 9
622 674 9
622 681 10
622 691 12
622 713 21
622 715 25
622 744 9
622 758 18
622 764 1
622 772 3
622 773 17
622 802 10
622 816 5
622 843 19
622 897 6
623 633 10
623 661 9
623 663 15
623 729 20
623 732 8
623 740 18
623 751 25
623 759 4
623 767 16
623 782 18
623 786 4
623 787 1
623 790 16
623 887 6
624 629 17
624 640 3
624 654 16
624 668 2
624 683 13
624 686 3
624 745 22
624 771 14
624 806 13
624 809 17
624 811 14
624 829 17
624 840 8
624 851 25
624 889 21
625 636 1
625 666 5
625 707 6
625 713 11
625 779 21
625 821 25
625 842 18
625 859 14
625 862 24
625 878 22
625 883 6
626 636 19
626 644 2
626 681 8
626 684 11
626 715 8
626 723 1
626 734 14
626 741 23
626 753 2
626 793 3
626 805 2
626 806 1
626 841 16
626 846 16
626 881 17
626 883 6
626 888 7
627 670 1
627 674 6
627 679 3
627 684 1
627 702 12
627 724 8
627 728 12
627 797 8
627 814 9
627 815 4
627 833 23
627 851 10
627 857 2
627 878 5
627 900 3
628 697 4
628 722 14
628 725 15
628 739 13
628 833 16
628 848 3
628 850 10
628 867 17
628 894 7
629 632 14
629 677 19
629 688 24
629 708 4
629 709 12
629 710 5
629 718 13
629 727 12
629 736 10
629 750 15
629 760 13
629 765 23
629 773 24
629 783 1
629 810 7
629 814 7
629 815 6
629 820 4
629 831 16
629 834 8
629 839 10
629 843 20
629 846 13
629 893 23
630 644 10
630 663 25
630 669 15
630 682 14
630 708 11
630 736 7
630 741 23
630 783 24
630 788 2
630 815 21
630 828 5
630 861 14
630 899 25
631 647 19
631 662 25
631 683 11
631 709 8
631 737 14
631 746 11
631 775 8
631 794 16
631 804 17
631 810 16
631 841 22
631 884 21
631 898 9
632 636 6
632 642 7
632 651 3
632 653 18
632 673 7
632 674 14
632 717 19
632 778 21
632 780 5
632 850 4
632 852 4
632 856 2
632 868 5
632 879 6
632 886 22
632 897 9
633 640 19
633 648 24
633 651 4
633 658 20
633 660 11
633 688 11
633 711 9
633 720 21
633 734 20
633 768 24
633 792 13
633 851 10
633 852 22
633 858 10
633 887 18
634 664 4
634 668 16
634 695 23
634 698 21
634 703 22
634 718 11
634 741 14
634 751 18
634 808 17
634 812 20
634 842 21
634 859 18
634 889 24
634 897 3
634 898 17
635 639 9
635 641 21
635 671 17
635 689 12
635 698 18
635 699 2
635 724 24
635 730 1
635 796 23
635 838 18
635 840 1
635 846 12
635 860 2
635 861 25
635 879 21
635 880 22
635 893 3
636 644 13
636 648 19
636 661 1
636 680 10
636 688 6
636 719 14
636 776 4
636 808 23
636 817 10
636 821 1
636 829 17
636 850 8
636 853 4
636 868 8
636 883 16
636 900 1
637 673 24
637 836 2
637 838 18
638 642 3
638 663 25
638 664 20
638 668 2
638 676 19
638 692 23
638 712 13
638 716 23
638 742 22
638 752 10
638 754 19
638 763 24
638 792 22
638 831 14
638 832 24
638 863 6
638 865 21
638 887 15
638 901 11
639 670 18
639 713 24
639 734 12
639 738 10
639 805 7
639 807 17
639 814 19
639 820 24
639 824 19
639 873 20
639 898 3
640 655 14
640 660 22
640 663 4
640 683 10
640 698 25
640 727 23
640 736 7
640 752 12
640 759 22
640 819 3
640 859 21
640 870 15
641 658 4
641 685 17
641 695 5
641 712 2
641 715 25
641 730 25
641 732 18
641 749 10
641 763 20
641 778 17
641 788 23
641 790 6
641 804 25
641 855 16
641 874 24
641 900 25
642 687 12
642 713 20
642 717 2
642 736 2
642 741 18
642 783 6
642 802 11
642 855 17
642 856 5
642 869 18
642 890 3
642 891 1
642 896 22
643 677 25
643 698 17
643 699 25
643 712 19
643 717 21
643 736 4
643 747 20
643 773 22
643 778 21
643 780 4
643 817 16
643 838 12
643 839 4
643 850 21
643 864 13
643 877 21
644 646 20
644 647 13
644 652 9
644 656 16
644 704 16
644 736 10
644 745 9
644 749 21
644 761 21
644 781 25
644 806 2
644 807 15
644 851 5
644 884 2
644 885 11
644 893 6
645 657 20
645 665 13
645 668 24
645 688 15
645 699 16
645 705 18
645 716 12
645 741 11
645 747 24
645 794 4
645 797 25
645 808 4
645 817 25
645 871 14
645 878 1
646 656 21
646 731 1
646 740 10
646 758 11
646 785 17
646 812 19
646 823 21
646 863 14
646 885 16
647 660 21
647 663 18
647 689 5
647 691 2
647 700 21
647 726 16
647 728 9
647 744 16
647 749 5
647 758 10
647 778 7
647 860 20
647 881 4
647 900 20
648 679 7
648 711 2
648 716 24
648 737 8
648 760 7
648 769 23
648 783 22
648 784 8
648 793 20
648 820 24
648 884 19
648 888 5
648 895 17
649 680 12
649 693 1
649 717 6
649 734 3
649 744 23
649 752 25
649 761 9
649 778 1
649 801 20
649 832 1
649 838 9
649 880 10
649 884 5
649 887 18
650 654 17
650 679 1
650 687 22
650 719 11
650 758 8
650 764 25
650 766 9
650 806 15
650 837 9
650 864 8
650 868 11
650 875 18
650 884 2
650 891 10
651 679 11
651 680 9
651 710 3
651 727 24
651 733 11
651 766 10
651 773 3
651 778 10
651 816 9
651 836 12
651 839 12
651 849 4
651 865 14
651 877 20
651 887 13
651 889 19
651 898 15
652 676 6
652 732 19
652 736 13
652 765 17
652 771 3
652 785 14
652 814 2
652 834 18
652 844 22
652 850 12
652 866 5
652 870 16
652 872 13
653 679 16
653 682 1
653 689 23
653 710 19
653 711 2
653 741 8
653 798 3
653 816 6
654 659 19
654 671 14
654 698 19
654 712 5
654 723 17
654 734 8
654 767 25
654 770 6
654 805 3
654 817 16
654 834 12
654 873 21
654 880 5
654 882 5
654 886 1
655 656 18
655 675 6
655 681 20
655 713 17
655 772 17
655 774 24
655 777 9
655 782 7
655 810 17
655 824 12
655 848 6
655 857 12
655 875 13
655 887 14
655 892 16
656 660 20
656 672 7
656 679 4
656 696 14
656 722 14
656 735 20
656 748 23
656 761 15
656 814 1
656 823 25
656 843 5
656 853 14
656 887 22
657 664 11
657 666 18
657 680 22
657 693 5
657 703 25
657 708 16
657 717 23
657 730 19
657 801 17
657 802 7
657 836 25
657 837 8
657 864 18
657 881 5
658 708 21
658 718 7
658 743 20
658 794 11
658 820 1
658 834 4
658 846 15
658 888 16
659 667 17
659 679 9
659 716 13
659 720 6
659 726 11
659 739 12
659 752 12
659 754 24
659 760 11
659 767 22
659 793 16
659 802 7
659 807 3
659 816 16
659 823 25
659 839 1
659 848 9
659 883 18
659 895 7
660 663 10
660 664 25
660 674 24
660 677 16
660 701 22
660 707 7
660 737 13
660 745 7
660 748 7
660 750 18
660 787 21
660 846 23
660 855 9
660 863 7
660 871 12
660 890 16
661 664 17
661 678 24
661 683 4
661 686 16
661 690 11
661 691 2
661 744 8
661 747 19
661 764 4
661 776 25
661 786 18
661 793 4
661 809 10
661 817 10
661 856 10
662 665 21
662 671 11
662 686 10
662 690 14
662 701 7
662 707 16
662 721 1
662 734 14
662 743 25
662 759 18
662 773 11
662 776 24
662 792 3
663 698 17
663 714 10
663 728 20
663 741 9
663 830 10
664 681 23
664 689 1
664 798 20
664 837 24
664 857 8
664 863 14
664 882 2
665 710 10
665 713 8
665 724 8
665 734 21
665 865 18
665 877 19
665 885 17
665 892 5
665 898 4
666 674 5
666 686 12
666 702 21
666 708 7
666 711 2
666 724 20
666 767 24
666 773 12
666 795 20
666 832 3
666 833 4
666 864 5
666 866 22
666 870 14
666 898 14
667 685 21
667 704 14
667 708 11
667 727 21
667 740 23
667 765 24
667 790 24
667 792 7
667 797 8
667 831 6
667 841 3
667 848 25
667 850 25
667 871 21
667 886 7
667 893 3
668 672 25
668 686 20
668 697 25
668 703 6
668 721 21
668 791 22
668 871 6
668 891 9
669 696 16
669 720 10
669 730 12
669 731 20
669 740 8
669 766 25
669 789 11
669 818 3
669 823 15
669 892 21
669 897 23
670 678 13
670 679 21
670 715 21
670 716 19
670 724 3
670 727 4
670 733 23
670 743 5
670 769 3
670 771 18
670 805 11
670 808 7
670 829 19
670 841 5
670 871 6
670 885 24
671 697 2
671 770 4
671 844 6
671 868 10
671 892 20
671 901 15
672 680 24
672 737 16
672 741 22
672 749 25
672 764 1
672 779 1
672 789 15
672 799 23
672 807 25
672 825 2
672 849 18
672 861 21
672 873 22
672 885 23
673 710 24
673 771 20
673 804 2
673 823 3
673 824 14
673 855 14
673 873 9
673 874 8
674 677 20
674 681 16
674 686 8
674 762 21
674 779 20
674 790 16
674 853 7
674 858 14
675 685 5
675 711 5
675 712 4
675 748 4
675 801 5
675 817 7
675 845 4
675 858 19
675 890 4
675 896 4
676 699 20
676 705 24
676 735 1
676 744 18
676 783 21
676 800 1
676 834 14
676 852 24
677 695 3
677 708 3
677 721 14
677 723 13
677 724 12
677 729 8
677 731 5
677 752 19
677 766 5
677 767 24
677 783 9
677 853 11
677 854 14
678 686 16
678 696 18
678 699 20
678 707 21
678 713 22
678 733 1
678 765 24
678 781 17
678 819 6
678 831 4
678 890 13
678 894 4
679 701 6
679 715 5
679 729 1
679 730 6
679 846 19
679 856 1
679 863 10
679 872 23
679 878 14
679 879 24
680 687 9
680 696 23
680 730 4
680 748 4
680 751 4
680 850 2
680 852 15
680 879 17
681 737 18
681 738 5
681 771 9
681 799 12
682 694 25
682 722 7
682 808 12
682 814 25
682 815 25
682 877 19
682 901 6
683 687 12
683 693 23
683 696 13
683 701 18
683 710 25
683 759 21
683 775 13
683 776 1
683 830 5
683 863 10
683 888 16
684 687 6
684 719 18
684 777 16
684 853 9
684 880 22
684 900 19
685 698 12
685 717 11
685 720 12
685 734 4
685 739 17
685 745 22
685 754 17
685 814 18
685 858 3
685 879 5
686 696 19
686 699 2
686 700 24
686 703 1
686 709 15
686 714 23
686 738 14
686 742 8
686 768 22
686 775 9
686 794 20
686 809 24
686 839 15
686 901 7
687 713 15
687 727 20
687 731 24
687 784 7
687 825 5
687 868 22
687 879 2
688 706 19
688 733 9
688 756 14
688 771 22
688 773 2
688 780 10
688 790 16
689 738 21
689 743 15
689 807 20
689 838 15
689 856 16
689 893 18
690 736 15
690 741 8
690 754 15
690 765 3
690 767 15
690 852 12
690 859 11
690 863 11
690 866 12
690 875 3
690 890 17
690 898 1
691 706 22
691 707 18
691 739 7
691 744 2
691 761 16
691 793 9
691 861 20
691 867 2
691 880 24
691 886 18
691 888 5
692 697 8
692 724 8
692 731 1
692 746 22
692 767 5
692 792 15
692 799 15
692 802 22
692 812 6
692 823 22
692 859 14
692 864 9
692 873 13
692 896 2
693 729 21
693 741 25
693 757 13
693 759 25
693 771 19
693 788 14
693 805 22
693 838 11
693 849 22
693 862 25
693 886 3
694 702 7
694 705 21
694 708 6
694 710 5
694 718 15
694 720 11
694 730 15
694 738 25
694 749 11
694 758 13
694 804 4
694 814 25
694 830 2
694 841 2
694 875 7
694 876 25
694 883 15
694 898 15
695 722 14
695 734 16
695 743 13
695 790 14
695 809 4
695 828 12
695 857 7
695 893 19
696 722 10
696 768 19
696 771 17
696 777 11
696 786 21
696 842 24
696 846 6
696 858 2
696 871 5
696 874 23
697 700 14
697 743 21
697 747 22
697 758 24
697 805 9
697 813 2
697 817 25
697 851 12
697 865 3
697 867 6
697 880 12
697 898 18
698 734 23
698 742 25
698 750 10
698 768 12
698 797 15
698 800 15
698 831 23
698 832 21
698 846 8
698 848 10
698 882 16
698 891 25
699 722 20
699 724 12
699 759 25
699 799 3
699 819 15
699 841 4
699 851 25
699 858 3
699 875 25
699 901 23
700 708 3
700 727 10
700 733 24
700 756 2
700 764 21
700 767 3
700 801 7
700 840 9
701 766 22
701 769 6
701 770 11
701 771 7
701 791 17
701 796 25
701 818 21
701 826 17
701 886 23
701 888 4
701 890 1
701 901 13
702 703 5
702 709 22
702 736 1
702 747 4
702 753 24
702 780 17
702 807 9
702 839 25
702 860 19
702 873 10
702 888 22
703 721 21
703 726 19
703 733 22
703 745 24
703 767 17
703 784 25
703 817 8
703 828 25
703 831 21
703 840 13
703 858 10
704 708 4
704 721 7
704 722 12
704 727 25
704 743 23
704 751 9
704 783 5
704 842 25
704 897 23
705 717 11
705 762 23
705 780 24
705 792 14
705 812 24
705 813 15
705 814 24
705 816 23
705 819 11
705 839 9
705 855 22
706 734 8
706 744 4
706 749 20
706 792 9
706 818 20
706 822 21
706 843 16
706 874 20
706 880 17
707 717 5
707 733 6
707 751 22
707 759 11
707 762 17
707 769 21
707 775 8
707 776 2
707 814 2
707 842 9
707 845 25
707 869 12
707 884 7
707 889 25
708 713 2
708 723 5
708 732 16
708 739 1
708 748 4
708 753 1
708 755 11
708 768 2
708 812 11
708 822 14
708 837 22
708 846 19
708 854 11
708 858 17
708 898 9
709 712 5
709 727 10
709 779 13
709 814 12
709 823 7
709 834 24
709 894 4
709 899 4
710 713 8
710 717 7
710 755 6
710 777 19
710 787 6
710 828 19
710 859 2
710 889 7
710 898 21
710 899 6
711 750 23
711 793 23
711 799 11
711 800 23
711 846 10
711 859 13
711 865 8
711 871 25
712 716 11
712 723 1
712 799 10
712 844 2
712 848 11
712 901 16
713 734 14
713 754 1
713 767 3
713 804 20
713 817 1
713 868 8
714 751 23
714 753 10
714 763 14
714 791 5
714 800 3
714 812 22
714 832 24
714 835 4
714 853 3
714 868 21
715 717 11
715 782 25
715 809 20
715 817 22
715 821 25
715 837 4
715 872 11
715 886 7
716 731 5
716 809 21
716 839 10
716 856 15
716 857 24
716 860 22
717 718 7
717 728 12
717 731 22
717 735 11
717 736 8
717 768 22
717 785 18
717 800 6
717 811 7
717 819 9
717 840 10
717 842 9
717 871 5
717 886 10
717 887 15
718 731 7
718 813 5
718 814 25
718 834 9
718 855 24
718 872 23
718 887 8
718 892 4
719 867 8
719 873 16
719 889 9
719 893 5
720 738 25
720 774 25
720 776 4
720 788 22
720 828 8
720 873 17
720 878 20
720 882 19
721 723 25
721 782 17
721 812 13
721 817 5
721 820 23
721 842 21
721 870 16
722 749 8
722 773 2
722 787 3
722 791 22
722 838 11
722 849 7
722 856 24
722 858 19
723 731 8
723 732 21
723 757 3
723 759 13
723 766 6
723 781 18
723 810 23
723 847 10
723 859 20
723 875 22
723 879 15
724 760 18
724 780 7
724 795 7
724 799 12
724 813 2
724 831 8
724 880 3
725 746 14
725 762 14
725 806 2
725 822 12
725 826 4
725 827 12
725 837 15
725 839 6
725 864 8
725 870 25
725 886 15
725 890 8
726 732 20
726 736 22
726 741 6
726 763 22
726 770 11
726 773 11
726 811 15
726 815 9
726 846 22
726 876 11
726 879 7
726 897 14
726 898 3
727 746 13
727 776 20
727 856 14
727 866 14
727 869 4
727 895 19
727 897 5
728 748 17
728 768 22
728 784 16
728 804 22
728 809 8
728 826 7
728 843 5
728 900 18
729 755 7
729 759 19
729 789 25
729 807 3
729 855 17
729 871 5
729 878 25
730 769 2
730 798 17
730 803 16
730 809 10
730 852 14
730 853 1
730 892 17
731 736 2
731 792 5
731 807 6
731 830 23
731 844 20
731 857 22
731 859 1
731 871 13
731 886 1
731 890 19
732 744 12
732 772 18
732 796 15
732 832 19
732 844 24
732 900 19
733 767 11
733 770 7
733 808 14
733 838 13
733 839 10
733 891 5
734 737 17
734 740 9
734 745 9
734 746 9
734 784 1
734 786 20
734 814 24
734 846 1
734 889 13
734 900 25
735 751 7
735 754 19
735 786 24
735 794 1
735 798 15
735 805 1
735 810 14
735 830 17
735 847 19
735 877 25
735 897 9
735 898 8
736 795 20
736 817 7
736 828 2
736 837 8
736 840 14
736 851 15
736 893 20
737 781 23
737 801 22
737 820 13
737 823 8
737 859 5
737 861 23
737 870 8
737 874 1
737 881 21
737 897 10
738 740 14
738 811 22
738 826 16
738 864 7
738 883 22
738 896 16
738 897 23
739 745 22
739 755 6
739 765 14
739 821 15
739 826 7
739 833 22
739 839 23
739 856 4
739 863 5
740 756 1
740 779 11
740 780 20
740 808 17
740 809 5
740 819 19
740 824 15
740 834 19
740 862 1
740 897 19
740 899 17
741 790 10
741 802 20
741 807 12
741 870 21
741 886 10
742 794 11
742 798 11
742 839 16
742 853 7
742 870 4
743 754 15
743 769 4
743 821 11
743 880 3
744 774 20
744 784 20
744 812 1
744 816 19
744 817 23
744 820 7
744 836 19
744 846 8
744 847 4
744 856 13
744 865 14
744 883 22
744 893 2
745 748 7
745 750 25
745 769 23
745 772 23
745 786 9
745 830 19
746 762 12
746 805 5
746 807 3
746 808 22
746 849 17
746 856 20
746 898 5
747 753 22
747 765 9
747 775 10
747 776 8
747 829 13
747 835 5
747 855 2
747 877 15
747 900 23
748 763 1
748 776 23
748 806 19
748 827 8
748 861 1
748 869 6
748 885 21
749 773 23
749 775 9
749 799 2
749 803 22
749 826 6
749 830 2
749 842 7
749 844 24
749 875 13
749 896 13
749 899 3
750 758 11
750 770 7
750 794 24
750 806 15
750 818 3
750 852 7
750 873 2
751 792 12
751 799 21
751 815 6
751 843 15
751 865 12
751 877 5
751 888 15
751 899 10
752 786 25
752 816 24
752 834 10
752 838 5
752 860 19
752 873 7
752 879 16
752 896 23
753 756 5
753 760 21
753 764 24
753 767 14
753 772 22
753 791 13
753 823 3
753 826 1
753 866 23
754 777 9
754 800 25
754 812 14
754 814 14
754 847 8
754 868 15
754 883 2
755 763 4
755 767 22
755 816 19
755 846 17
755 849 4
755 900 8
756 759 1
756 775 3
756 779 9
756 811 13
756 852 10
756 857 2
756 859 21
756 869 25
757 783 1
757 808 1
757 838 20
757 864 24
758 763 16
758 776 18
758 809 11
758 821 18
758 823 19
758 824 10
758 867 4
758 885 18
758 896 24
758 897 19
758 899 25
759 766 15
759 767 20
759 806 5
759 819 14
759 825 15
759 859 24
759 866 17
759 898 23
759 901 24
760 790 19
760 814 6
760 832 13
760 837 3
760 873 9
760 884 9
761 787 2
761 800 12
761 815 11
761 817 24
761 829 10
761 849 1
761 858 16
761 878 23
762 766 20
762 802 11
762 804 9
762 831 25
763 766 5
763 824 7
763 856 18
763 862 7
763 879 24
764 794 15
764 804 13
764 808 12
764 828 6
764 851 11
764 862 3
765 774 3
765 786 12
765 834 23
765 858 10
765 861 24
765 875 1
765 885 21
765 892 7
765 894 4
766 773 7
766 775 19
766 792 4
766 825 18
766 829 19
766 854 22
766 876 17
767 804 16
767 810 7
767 830 1
767 835 17
767 843 12
767 845 9
767 852 12
767 869 18
767 898 7
768 790 3
768 798 5
768 800 20
768 804 8
768 805 18
768 820 22
768 860 13
768 865 4
768 867 20
769 774 24
769 822 2
769 839 22
769 871 19
769 886 11
769 900 2
770 775 2
770 823 4
770 830 8
770 831 22
770 836 25
770 838 4
770 862 13
771 782 17
771 875 10
771 882 15
771 889 8
771 895 23
771 897 24
771 899 19
772 791 17
772 798 7
772 801 21
772 817 24
772 818 2
772 846 6
772 866 16
772 871 25
773 790 18
773 821 21
774 777 21
774 843 16
774 853 24
774 854 19
774 892 12
775 790 9
775 809 21
775 846 13
775 858 15
775 880 3
776 790 9
776 832 16
776 872 8
776 889 24
777 782 7
777 793 19
777 795 13
777 806 16
777 846 17
777 851 13
778 847 12
778 881 10
779 791 20
779 836 9
779 846 8
779 851 21
779 880 14
780 789 25
780 801 20
780 811 6
780 822 20
780 828 16
780 837 24
780 850 19
780 868 11
780 880 10
781 800 4
781 804 6
781 815 24
782 832 18
782 847 10
782 849 10
782 869 10
782 879 19
782 894 8
783 785 16
783 806 13
783 816 22
783 833 9
783 835 6
783 848 10
783 863 20
783 871 15
783 880 6
784 801 3
784 817 25
784 833 1
784 845 19
784 853 24
784 899 22
785 813 24
785 815 19
785 819 14
785 830 24
785 834 12
785 862 25
786 791 10
786 803 17
786 815 7
786 846 9
786 848 10
786 859 19
786 872 20
786 882 19
787 810 12
787 813 4
787 820 12
787 826 24
787 831 25
787 833 22
787 880 4
788 801 11
788 806 18
788 814 21
788 821 16
788 831 20
788 897 20
789 810 18
789 822 15
789 825 18
790 798 17
790 843 14
791 792 13
791 794 5
791 876 14
791 886 1
791 887 6
791 889 24
792 793 18
792 819 15
792 825 7
792 827 2
792 880 8
792 882 3
792 890 22
792 892 21
793 802 6
793 822 10
793 829 20
793 838 7
793 854 8
793 859 25
794 855 18
794 863 25
794 873 22
794 877 8
794 888 22
794 893 16
795 806 3
795 834 11
795 837 11
795 877 19
795 888 1
796 824 23
796 840 25
796 890 15
797 799 24
797 833 6
797 862 13
797 873 16
797 882 20
797 884 21
798 811 19
798 843 4
798 862 23
798 870 17
798 875 24
798 883 5
799 837 2
799 844 20
800 810 11
800 812 11
800 828 22
800 842 3
800 848 11
800 875 18
800 879 13
801 888 7
801 890 11
801 893 17
802 817 17
802 819 21
802 831 10
802 834 18
802 852 18
802 872 9
802 881 9
803 804 16
803 815 16
803 842 21
803 853 8
804 807 10
804 813 18
804 821 1
804 866 15
805 824 15
805 841 18
805 848 14
805 881 21
805 882 21
805 892 8
806 831 6
806 836 6
807 832 6
807 836 11
807 856 18
807 863 24
807 865 25
807 874 24
808 883 9
808 884 16
808 896 18
809 823 6
809 854 25
809 855 12
809 887 23
809 894 10
810 817 20
810 866 16
811 833 1
811 834 15
811 876 25
812 897 10
813 821 9
813 830 1
813 844 2
813 869 23
814 826 20
814 863 15
814 867 18
814 869 15
814 871 24
814 894 25
815 818 22
815 833 5
815 861 10
815 868 15
815 897 3
816 843 9
817 822 15
817 855 13
817 859 24
817 861 7
817 884 18
817 889 25
817 890 20
817 891 17
818 828 10
818 829 14
818 854 7
818 868 10
818 877 5
818 884 7
819 829 21
819 831 13
819 846 9
819 896 22
820 849 12
820 853 3
820 859 13
820 872 6
820 882 19
821 828 12
821 853 6
821 858 17
821 870 16
821 879 17
821 883 6
821 885 20
821 894 1
822 897 23
823 846 9
823 852 1
824 828 4
824 836 1
824 857 3
824 879 1
824 889 17
824 894 12
824 896 14
825 829 1
825 883 23
825 894 19
826 835 9
826 894 20
826 895 8
826 899 17
826 901 19
827 840 20
827 845 21
827 867 6
827 879 2
827 880 14
828 843 17
828 858 7
828 880 5
828 892 9
829 831 1
829 841 13
829 845 5
829 861 1
829 866 10
829 880 13
830 842 3
830 863 15
831 862 13
831 884 5
831 891 15
831 899 7
832 833 18
832 840 6
832 847 7
832 862 15
833 857 1
834 853 15
834 874 12
835 838 8
835 846 8
835 850 5
835 862 4
835 881 3
835 886 10
835 890 6
836 844 18
836 854 4
836 860 14
836 869 24
836 884 14
837 851 14
837 872 13
837 873 19
837 881 16
837 890 24
838 852 6
839 853 19
839 869 14
840 879 21
841 842 25
841 889 5
842 864 2
842 886 18
842 896 10
843 877 10
843 880 9
844 876 10
844 880 1
844 891 20
845 847 20
845 849 8
845 858 24
845 890 23
845 897 12
846 851 11
847 855 3
847 864 6
847 866 16
848 878 17
849 882 6
849 893 4
849 899 7
850 856 19
850 873 24
850 880 23
850 886 17
850 896 5
851 884 16
851 899 7
852 873 25
852 876 15
852 881 12
852 883 3
852 888 9
853 872 23
854 874 12
855 867 18
855 871 10
855 875 12
855 899 12
856 860 4
856 888 21
857 877 13
857 897 3
857 901 9
858 883 25
859 876 8
860 887 14
861 864 15
861 876 1
863 896 21
865 876 20
865 893 7
865 896 14
865 898 19
866 874 4
866 891 6
867 901 25
868 870 21
868 871 14
868 899 1
868 900 11
869 874 25
869 878 3
869 899 21
870 880 25
870 899 16
871 878 13
873 878 9
873 890 2
874 881 2
875 891 14
876 888 24
877 892 14
878 880 16
880 893 7
880 900 13
881 901 23
882 900 22
883 885 4
886 900 23
888 892 17
889 893 23
891 897 5
894 899 8
898 900 18
902 601 93
903 901 25
902 903 22
