904 6735
55 94 69 100 1 34 42 73 18 97 21 64 71 89 83 58 48 27 41 40 28 100 46 61 16 55 97 76 10 59 53 16 4 21 15 4 7 8 28 76 4 48 39 27 88 21 84 87 99 76 26 27 76 24 39 43 30 36 70 39 94 22 54 49 95 21 52 53 28 80 80 84 79 18 10 19 91 45 5 89 73 83 15 100 58 54 42 87 41 64 26 86 37 31 34 83 3 37 35 83 68 14 18 99 84 27 17 74 23 73 14 95 55 81 46 12 86 88 51 26 3 76 63 39 58 96 22 13 84 8 95 4 74 64 2 57 90 18 82 64 42 47 11 97 27 56 60 12 95 10 89 97 37 51 36 47 98 9 59 34 16 5 37 89 68 38 97 9 7 30 72 48 29 34 44 55 90 56 19 36 17 7 33 54 10 20 52 59 28 10 92 95 66 28 36 33 65 84 93 23 66 64 71 94 50 66 48 91 21 18 26 90 25 10 95 86 29 46 44 8 55 36 55 72 15 42 4 32 25 96 54 90 11 24 35 12 42 83 2 62 52 28 3 76 89 97 13 70 42 57 29 48 44 83 19 10 24 74 41 1 21 95 42 32 70 77 95 11 11 97 25 62 76 27 90 64 24 2 33 17 10 62 65 5 96 35 15 20 9 55 72 29 1 65 12 23 41 7 33 3 11 14 82 35 80 66 37 89 51 8 47 54 7 88 45 48 96 38 91 66 61 27 14 9 98 60 12 9 77 3 12 87 68 45 74 48 62 10 36 64 69 82 18 27 22 14 74 17 51 64 83 11 43 48 71 40 59 82 100 36 36 12 74 3 8 47 50 70 8 37 33 29 19 50 55 40 15 81 8 65 96 90 27 38 89 97 29 48 30 29 35 65 92 8 68 51 7 69 20 66 6 5 94 76 6 1 15 21 33 74 37 28 64 64 18 4 60 46 51 90 26 85 6 69 45 25 20 3 94 91 68 99 47 14 74 5 14 40 25 46 13 61 25 28 76 42 32 88 88 34 29 65 71 34 86 67 59 57 69 4 99 88 2 46 1 27 50 66 18 26 63 30 38 88 10 14 29 93 1 68 78 29 33 48 62 70 66 72 26 34 75 24 74 28 21 74 54 70 92 71 47 54 53 85 41 14 98 70 6 98 37 83 78 21 83 39 90 48 63 15 34 37 91 7 65 11 32 70 33 23 41 31 77 45 15 17 58 64 38 15 61 75 49 38 47 31 29 37 79 91 3 64 79 45 70 43 8 1 13 92 76 5 22 52 1 37 20 58 100 10 24 13 84 72 2 30 3 82 18 33 72 73 96 3 17 17 45 24 69 9 15 44 65 37 47 65 25 19 74 76 84 87 8 40 40 70 27 26 23 2 95 6 14 39 83 53 11 38 20 17 93 29 5 77 89 92 25 29 12 35 32 17 15 40 57 54 61 35 79 35 36 73 40 2 63 22 6 26 11 25 42 55 53 98 31 41 89 56 22 53 42 53 69 56 44 77 9 56 12 87 90 99 12 29 52 26 2 57 51 64 81 45 18 85 94 49 78 35 56 99 87 97 51 7 4 47 36 64 2 99 2 92 97 65 72 49 43 26 57 93 89 90 89 7 74 83 7 51 17 62 1 55 10 4 13 65 50 48 28 3 46 29 94 43 94 18 43 36 43 51 80 83 40 21 89 66 55 95 68 23 8 69 77 69 24 89 33 73 37 60 75 34 41 21 76 86 90 70 21 84 73 52 66 12 24 55 77 78 1 97 100 9 65 76 77 88 17 62 12 5 21 38 38 13 10 66 98 99 87 70 82 59 74 48 71 97 54 99 75 54 95 26 14 11 54 43 50 70 4 13 26 76 51 63 89 60 28 38 11 15 8 92 73 81 91 95 77 44 46 3 50 92 29 15 3 34 57 4 55 12 17 80 40 19 42 80 30 22 17 40 88 76 84 12 56 74 59 85 18 4 39 19 95 19 33 49 52 42 53 6 53 21 85 44 91 79 75 20 100 92 12 39 19 95 50 75 20 8 11 89 11 49 36 87
0 14 5
0 20 9
0 25 17
0 44 30
0 55 36
0 73 6
0 81 43
0 106 11
0 162 9
0 192 28
0 194 29
0 210 21
0 269 39
1 124 45
1 146 27
1 161 34
1 162 30
1 180 41
1 253 5
2 16 40
2 59 48
2 66 28
2 114 20
2 144 50
2 158 43
2 244 34
2 266 22
2 276 35
2 292 42
2 295 7
3 16 38
3 48 46
3 57 15
3 112 4
3 126 25
3 136 2
3 142 11
3 148 19
3 158 14
3 187 21
3 200 46
3 241 43
3 261 41
3 269 36
3 270 37
3 286 20
3 296 22
4 54 18
4 68 10
4 74 26
4 84 7
4 90 9
4 93 4
4 122 29
4 142 9
4 166 48
4 190 12
4 212 32
4 277 32
4 281 3
4 290 38
4 295 19
5 70 50
5 93 3
5 114 24
5 134 24
5 179 6
5 183 36
5 188 44
5 199 20
5 203 7
5 217 42
5 250 12
5 262 49
5 268 27
5 269 50
6 10 18
6 60 50
6 103 18
6 106 30
6 166 26
6 171 26
6 176 38
6 201 31
6 217 4
6 229 48
6 234 28
6 244 17
6 253 30
6 295 9
6 296 19
7 17 17
7 26 30
7 32 18
7 34 21
7 48 5
7 55 43
7 61 27
7 64 41
7 71 39
7 75 46
7 120 49
7 124 32
7 146 9
7 158 49
7 164 8
7 179 8
7 207 17
7 213 10
7 220 27
7 227 48
7 233 35
7 243 3
7 247 37
7 280 17
8 10 8
8 36 35
8 56 44
8 60 25
8 142 16
8 149 4
8 158 45
8 164 34
8 179 33
8 209 15
8 219 7
8 240 40
8 252 9
9 30 33
9 38 30
9 69 47
9 124 30
9 147 30
9 165 28
9 175 40
9 183 28
9 221 38
9 224 47
9 270 44
9 274 47
9 278 26
9 295 43
9 299 33
10 18 28
10 36 30
10 37 49
10 52 37
10 53 16
10 92 44
10 100 11
10 113 31
10 153 47
10 156 8
10 173 14
10 178 32
10 196 22
10 217 22
10 249 23
10 256 30
10 264 4
10 295 2
11 39 29
11 44 35
11 73 31
11 75 8
11 115 24
11 191 8
11 271 45
11 272 23
11 292 4
12 25 43
12 33 48
12 35 48
12 118 25
12 124 27
12 171 27
12 187 25
12 189 13
12 204 44
12 208 20
12 219 24
12 249 26
12 250 19
12 290 31
13 30 42
13 42 2
13 49 4
13 52 13
13 57 24
13 60 33
13 75 17
13 83 27
13 85 11
13 114 3
13 148 7
13 152 19
13 170 27
13 184 16
13 213 15
13 222 1
13 246 21
13 247 10
13 250 48
13 266 21
13 287 36
14 19 24
14 69 47
14 101 11
14 103 36
14 108 43
14 126 32
14 151 11
14 190 18
14 242 50
14 251 43
14 267 9
14 272 1
15 19 46
15 34 22
15 35 24
15 72 31
15 92 40
15 94 50
15 117 43
15 136 42
15 139 8
15 164 13
15 181 20
15 185 26
15 233 28
15 235 20
15 237 46
15 240 39
16 27 17
16 49 18
16 57 24
16 66 40
16 68 15
16 81 36
16 96 28
16 133 9
16 139 18
16 179 40
16 186 26
16 213 17
16 235 33
16 240 35
16 292 18
17 46 28
17 110 8
17 126 43
17 142 8
17 160 47
17 189 43
17 204 1
17 235 38
17 240 2
17 247 15
17 271 8
17 298 27
18 24 42
18 39 27
18 126 25
18 206 30
18 235 46
18 239 42
18 263 6
18 292 37
18 293 8
18 294 41
18 295 14
19 46 16
19 56 8
19 139 4
19 159 44
19 175 25
19 193 38
19 214 30
19 239 44
20 43 15
20 56 37
20 91 38
20 101 25
20 128 33
20 130 32
20 139 27
20 141 22
20 167 34
20 172 41
20 200 29
20 205 12
20 220 35
20 221 8
20 279 38
20 286 16
21 33 3
21 55 30
21 90 21
21 139 39
21 150 39
21 166 12
21 188 5
21 193 7
21 239 21
21 246 10
21 254 2
22 30 45
22 78 47
22 90 31
22 126 40
22 162 11
22 225 17
22 227 28
22 231 37
22 243 1
22 257 9
23 30 15
23 41 22
23 58 44
23 61 6
23 85 3
23 116 6
23 159 42
23 183 12
23 192 43
23 200 7
23 211 14
23 229 24
23 287 28
23 288 4
24 39 15
24 67 41
24 86 8
24 88 21
24 95 11
24 131 19
24 173 22
24 184 8
24 203 15
24 210 4
24 217 47
24 223 28
24 240 20
24 246 26
24 278 14
25 53 22
25 90 37
25 140 29
25 142 45
25 160 32
25 177 36
25 180 49
25 193 37
25 224 27
25 231 10
25 238 32
25 247 33
25 264 23
25 280 7
26 40 12
26 61 29
26 85 21
26 106 2
26 108 38
26 116 43
26 170 15
26 198 7
26 220 16
26 225 22
26 238 21
26 246 19
26 255 20
26 277 50
26 295 40
27 63 48
27 66 16
27 83 11
27 97 34
27 98 46
27 110 8
27 118 17
27 165 31
27 178 6
27 229 6
27 233 9
27 259 16
27 284 37
27 289 43
28 64 40
28 110 45
28 138 7
28 156 18
28 159 16
28 168 10
28 179 6
28 221 10
28 249 24
28 296 14
29 31 26
29 49 45
29 53 36
29 86 44
29 95 17
29 127 36
29 133 34
29 145 14
29 154 3
29 167 46
29 179 49
29 182 48
29 226 3
29 258 15
29 271 30
29 283 9
30 59 20
30 63 38
30 67 24
30 114 8
30 152 32
30 245 15
30 285 3
31 34 38
31 111 33
31 134 20
31 135 48
31 136 40
31 152 31
31 173 23
31 184 5
31 191 6
31 230 18
31 248 40
31 277 2
31 295 34
32 34 27
32 44 37
32 47 49
32 82 29
32 85 32
32 88 47
32 96 28
32 103 37
32 138 13
32 155 7
32 157 45
32 171 33
32 189 46
32 233 20
32 265 42
32 293 30
32 294 34
33 67 46
33 115 17
33 135 18
33 140 15
33 146 16
33 147 9
33 151 46
33 156 39
33 178 13
33 236 3
33 287 8
33 294 5
34 40 4
34 113 43
34 114 31
34 131 42
34 139 43
34 141 12
34 153 24
34 199 39
34 204 41
34 221 10
34 245 1
34 255 48
34 257 6
34 269 35
34 273 45
34 288 27
34 291 27
35 62 24
35 70 12
35 71 22
35 73 43
35 84 30
35 107 39
35 127 10
35 130 40
35 141 36
35 150 50
35 205 3
35 234 40
35 244 9
35 257 7
35 266 44
35 285 3
36 38 39
36 60 35
36 74 45
36 80 50
36 86 10
36 87 33
36 132 41
36 152 21
36 212 36
36 214 40
36 243 28
36 278 22
36 285 36
37 38 6
37 56 50
37 76 12
37 105 18
37 189 22
37 222 6
37 270 49
37 274 12
37 287 15
37 299 38
38 48 47
38 68 17
38 70 42
38 73 38
38 80 25
38 103 48
38 121 33
38 128 28
38 135 37
38 159 20
38 172 24
38 213 38
38 245 29
38 248 7
38 252 30
38 262 2
38 273 44
38 288 21
39 49 31
39 66 15
39 76 7
39 86 37
39 91 17
39 98 20
39 106 6
39 134 38
39 140 25
39 142 4
39 184 1
39 193 41
39 198 43
39 241 49
39 255 9
39 257 35
39 277 36
39 286 36
39 295 34
40 57 19
40 69 13
40 85 22
40 88 38
40 93 38
40 96 10
40 186 18
40 191 44
40 224 41
40 225 19
40 227 39
40 241 12
40 242 50
41 42 6
41 73 20
41 96 36
41 107 22
41 114 39
41 129 41
41 149 11
41 169 15
41 185 46
41 195 11
41 219 7
41 240 40
41 282 11
42 48 16
42 61 26
42 67 46
42 126 1
42 181 10
42 191 16
42 223 15
42 240 31
42 286 3
43 64 2
43 82 42
43 89 21
43 99 48
43 105 33
43 114 41
43 133 36
43 155 44
43 184 42
43 205 43
43 217 15
43 218 27
43 230 14
43 273 5
43 281 19
44 55 24
44 59 19
44 64 16
44 80 36
44 119 27
44 146 8
44 188 46
44 192 42
44 208 33
44 230 44
44 254 44
44 275 42
45 48 9
45 73 10
45 78 25
45 102 12
45 117 12
45 132 16
45 142 34
45 175 11
45 214 48
45 229 24
45 270 48
45 271 43
45 287 16
46 92 41
46 104 7
46 108 44
46 117 6
46 141 13
46 153 15
46 178 32
46 216 33
46 222 32
46 280 19
46 285 10
46 294 39
47 65 15
47 87 3
47 101 22
47 106 8
47 132 47
47 139 15
47 160 18
47 177 6
47 184 39
47 216 29
47 237 19
47 265 5
47 273 14
48 53 29
48 68 4
48 101 40
48 102 29
48 125 47
48 149 7
48 175 19
48 220 5
48 227 2
48 260 26
48 273 18
48 292 18
48 296 7
49 53 2
49 73 50
49 76 26
49 77 11
49 78 40
49 86 42
49 89 14
49 90 13
49 112 1
49 139 12
49 160 28
49 190 18
49 196 17
49 224 18
49 245 49
49 261 38
49 277 24
50 61 12
50 86 18
50 122 28
50 124 3
50 131 46
50 156 26
50 164 9
50 177 16
50 183 32
50 193 11
50 200 42
50 203 1
50 235 30
50 236 50
50 248 3
50 288 29
51 53 25
51 54 13
51 65 21
51 82 18
51 119 26
51 120 33
51 147 18
51 151 39
51 153 12
51 155 36
51 159 6
51 187 30
51 193 36
51 224 45
51 253 3
51 258 49
51 259 12
52 100 32
52 133 2
52 147 10
52 169 7
52 193 12
52 218 25
52 224 39
52 248 24
52 250 18
52 251 39
52 262 4
52 268 18
52 277 41
52 283 34
52 290 44
53 77 6
53 114 4
53 118 12
53 128 33
53 135 37
53 158 31
53 159 22
53 169 48
53 175 18
53 187 29
53 282 29
53 295 3
54 56 23
54 93 32
54 113 2
54 123 36
54 127 13
54 162 5
54 164 45
54 213 22
54 222 16
54 229 22
54 239 12
54 281 42
55 64 39
55 68 50
55 69 45
55 78 8
55 93 43
55 95 28
55 121 4
55 134 48
55 160 32
55 198 15
55 226 32
56 65 20
56 115 47
56 128 3
56 130 19
56 233 15
56 238 31
56 250 48
56 261 17
56 267 3
57 75 31
57 84 20
57 117 39
57 134 45
57 154 24
57 155 35
57 180 18
57 210 42
57 212 6
57 248 29
57 266 33
57 294 47
58 115 31
58 189 29
58 224 6
58 280 23
59 86 8
59 99 9
59 101 22
59 108 39
59 122 25
59 159 3
59 232 10
59 259 22
59 264 6
59 296 31
60 69 36
60 95 38
60 131 30
60 256 4
60 276 41
60 281 10
61 71 24
61 140 31
61 196 6
61 208 49
61 242 17
61 244 24
61 258 42
61 282 25
61 289 2
62 72 24
62 74 23
62 80 32
62 149 4
62 153 28
62 168 6
62 199 12
62 205 39
62 227 29
62 237 2
62 239 13
62 244 32
63 80 12
63 88 36
63 121 39
63 221 44
63 233 23
63 240 26
63 255 23
63 284 27
63 288 18
64 114 34
64 126 2
64 174 50
64 187 39
64 188 50
64 209 17
64 235 14
64 238 42
64 249 41
64 251 18
64 280 17
65 71 13
65 79 1
65 106 21
65 107 42
65 150 7
65 178 32
65 185 30
65 189 35
65 192 35
65 200 43
65 236 18
65 238 46
65 243 30
65 251 8
65 259 41
65 289 3
66 106 34
66 136 13
66 145 29
66 147 3
66 148 46
66 159 30
66 164 3
66 197 37
66 229 29
66 256 21
66 276 50
67 114 22
67 125 11
67 139 17
67 142 39
67 224 25
67 250 18
67 271 11
67 273 18
67 288 26
68 99 44
68 150 48
68 190 10
68 200 28
68 212 42
68 226 30
68 236 26
68 265 21
68 289 37
69 95 16
69 127 23
69 134 22
69 141 29
69 173 1
69 179 25
69 197 24
69 252 32
69 266 29
70 94 10
70 128 13
70 132 49
70 154 12
70 163 34
70 185 11
70 213 28
70 259 24
70 263 35
70 269 47
71 81 34
71 92 2
71 180 22
71 181 27
71 207 1
71 220 34
71 241 7
71 264 42
71 295 15
72 81 32
72 107 13
72 116 1
72 144 47
72 162 37
72 176 25
72 184 25
72 188 40
72 191 49
72 251 1
72 261 21
72 272 27
72 297 12
72 298 33
73 86 27
73 98 23
73 135 19
73 172 37
73 219 3
73 244 42
73 265 21
73 277 49
73 285 28
74 78 24
74 136 23
74 151 6
74 169 25
74 186 6
74 196 12
74 198 18
74 209 22
74 211 45
74 215 30
74 227 22
74 233 42
74 240 19
74 253 46
74 255 16
74 256 8
74 266 46
74 271 18
75 106 28
75 108 24
75 113 32
75 114 13
75 124 50
75 129 4
75 205 31
75 225 36
75 240 8
75 275 24
76 90 8
76 101 9
76 102 3
76 130 34
76 150 31
76 151 11
76 169 8
76 193 38
76 220 24
76 225 25
76 234 11
76 241 19
76 254 7
76 260 32
76 271 10
76 281 25
76 292 30
77 138 27
77 164 34
77 167 27
77 187 47
77 196 11
77 241 3
77 242 28
77 261 25
77 263 2
78 134 33
78 147 5
78 219 40
78 221 41
78 231 31
78 241 49
78 265 1
78 288 35
78 296 32
79 82 33
79 92 45
79 168 39
79 170 22
79 202 21
79 204 16
80 134 32
80 142 39
80 148 24
80 183 13
80 243 50
80 285 50
81 124 44
81 135 26
81 143 33
81 158 23
81 160 22
81 172 45
81 175 25
81 243 49
81 250 20
81 298 28
82 87 32
82 90 26
82 98 19
82 99 24
82 137 6
82 142 18
82 144 24
82 157 43
82 214 49
82 232 6
82 271 39
82 281 40
82 289 27
83 87 9
83 94 5
83 107 8
83 118 47
83 173 30
83 193 22
83 223 46
83 225 31
83 286 18
84 93 24
84 109 13
84 135 42
84 141 47
84 154 7
84 180 16
84 188 48
84 199 28
84 202 45
84 210 31
84 220 4
84 221 14
84 236 4
84 274 11
84 296 31
85 113 29
85 116 3
85 134 29
85 137 36
85 208 42
85 222 18
85 234 14
85 245 50
86 105 24
86 127 23
86 159 49
86 177 3
86 178 46
86 184 46
86 222 35
86 224 13
86 227 21
86 237 47
86 259 4
86 278 18
87 88 6
87 111 21
87 128 15
87 150 33
87 171 16
87 223 45
87 254 36
87 264 31
87 287 50
88 121 47
88 141 11
88 151 30
88 152 1
88 179 41
88 183 15
88 185 42
88 195 11
88 210 28
88 226 44
88 234 34
88 239 50
88 257 44
88 262 39
88 285 45
88 286 39
89 97 23
89 107 10
89 135 10
89 136 22
89 159 15
89 170 29
89 206 27
89 244 36
89 297 43
90 101 11
90 129 3
90 149 39
90 173 49
90 182 35
90 190 40
90 201 47
90 223 45
90 227 19
90 243 47
90 259 37
91 116 33
91 163 41
91 178 47
91 247 12
92 101 36
92 126 31
92 139 11
92 181 29
92 198 21
92 205 7
92 219 19
92 228 43
92 251 16
92 268 30
92 269 16
92 289 33
92 293 8
92 297 44
93 103 20
93 108 2
93 114 5
93 124 22
93 187 42
93 201 5
93 220 8
93 230 31
93 278 1
93 283 2
93 293 1
94 100 49
94 157 40
94 166 35
94 204 41
94 215 37
94 237 46
94 270 26
95 99 19
95 128 8
95 130 6
95 146 39
95 161 17
95 166 27
95 196 33
95 213 34
95 228 8
95 234 49
95 235 16
95 238 16
95 268 42
95 296 35
96 103 19
96 113 48
96 126 8
96 134 13
96 210 2
96 226 15
96 229 45
96 237 4
96 252 18
96 257 46
96 268 5
96 297 10
97 112 32
97 121 45
97 158 46
97 184 30
97 192 23
97 194 14
97 200 37
97 217 30
97 238 4
97 240 5
97 255 6
98 121 36
98 124 39
98 151 14
98 214 36
98 215 6
98 247 31
99 102 30
99 148 43
99 160 1
99 199 27
99 200 50
99 204 15
99 238 31
99 239 17
99 253 10
99 259 34
100 141 36
100 142 7
100 167 40
100 186 45
100 238 38
100 243 35
101 112 40
101 126 17
101 130 9
101 174 5
101 181 6
101 195 40
101 199 10
101 202 12
101 221 46
101 250 46
101 276 50
101 278 11
101 281 33
101 283 6
101 285 43
102 118 12
102 121 48
102 135 45
102 150 41
102 181 49
102 185 10
102 186 21
102 222 17
102 250 21
102 262 6
102 273 3
102 282 27
102 294 46
103 145 49
103 147 16
103 152 32
103 178 41
103 191 35
103 219 42
103 236 45
103 255 42
103 262 31
103 273 5
103 292 3
104 107 26
104 110 2
104 132 5
104 141 38
104 179 34
104 196 12
104 294 32
105 106 48
105 125 11
105 126 29
105 163 38
105 174 9
105 239 38
105 249 10
105 255 28
106 155 10
106 207 15
106 216 30
106 227 36
106 246 12
107 111 30
107 126 3
107 135 43
107 146 20
107 151 37
107 153 34
107 229 15
108 122 30
108 130 15
108 205 21
108 217 33
108 271 42
108 284 24
109 118 37
109 125 32
109 130 9
109 155 48
109 186 15
109 191 6
109 192 8
109 217 43
109 255 45
109 266 18
109 283 32
110 116 4
110 125 45
110 170 41
110 188 19
110 196 26
110 210 28
110 259 32
111 158 6
111 160 31
111 168 25
111 170 25
111 183 19
111 186 10
111 191 41
111 197 49
111 199 26
111 234 13
111 239 33
111 248 20
111 269 36
111 278 19
112 187 3
112 213 45
112 230 18
112 246 17
112 247 2
112 255 27
112 263 10
112 271 47
113 150 44
113 173 41
113 211 50
113 233 41
113 238 34
113 267 20
113 290 16
114 115 11
114 136 2
114 151 23
114 153 41
114 179 28
114 183 50
114 185 10
114 205 39
114 220 40
114 233 10
114 235 15
114 282 3
115 144 42
115 190 36
115 194 40
115 196 12
115 216 38
115 226 34
115 265 31
116 174 4
116 203 38
116 228 7
116 245 15
116 277 34
117 125 2
117 126 8
117 177 33
117 195 42
117 219 41
117 224 5
117 257 10
117 264 1
117 274 6
117 277 34
117 290 42
118 126 35
118 136 33
118 142 3
118 159 23
118 169 25
118 177 14
118 189 39
118 193 29
118 204 7
118 241 24
118 256 18
118 273 18
118 279 11
118 289 4
119 139 48
119 167 17
119 193 41
119 208 6
119 223 31
119 230 26
119 237 7
119 240 38
119 251 10
120 135 1
120 137 30
120 168 14
120 185 12
120 197 31
120 219 21
120 257 47
120 260 24
120 264 5
120 271 30
120 282 28
120 283 30
121 136 4
121 162 41
121 173 18
121 181 34
121 183 47
121 197 42
121 201 1
121 206 16
121 218 4
121 228 6
121 232 15
121 253 20
121 272 46
121 288 20
121 290 3
122 127 21
122 151 28
122 191 42
122 192 31
122 193 30
122 224 22
122 225 46
122 227 41
122 244 4
122 256 17
122 264 38
122 271 27
122 290 23
122 295 19
122 299 6
123 186 2
123 201 24
123 231 46
123 241 20
123 252 7
123 253 44
123 260 13
124 148 9
124 195 11
124 219 16
124 234 15
124 250 25
124 271 38
124 285 10
124 289 46
125 175 40
125 183 33
125 195 25
125 200 31
125 229 15
125 239 5
125 284 2
126 192 10
126 199 47
126 222 5
126 225 26
126 232 36
126 235 33
126 249 49
126 251 4
126 274 38
126 275 2
126 293 29
127 161 35
127 167 23
127 172 35
127 186 30
127 191 35
127 204 46
127 233 40
127 273 3
127 283 10
128 144 16
128 158 40
128 190 19
128 202 11
128 248 29
128 273 3
128 275 36
128 299 9
129 166 17
129 174 40
129 232 13
129 244 27
129 256 38
130 154 19
130 159 4
130 188 24
130 194 2
130 207 4
130 260 29
130 261 41
130 284 6
130 293 8
131 141 26
131 191 28
131 213 44
131 231 5
131 238 15
131 245 39
131 255 47
131 286 17
131 293 48
132 134 12
132 147 6
132 221 19
132 288 23
133 166 34
133 178 23
133 195 10
133 209 44
133 241 40
133 247 1
133 254 8
133 279 18
133 286 38
134 174 27
134 201 21
134 203 11
134 212 30
134 215 27
134 253 40
134 257 20
134 282 34
135 140 49
135 170 47
135 186 13
135 208 42
135 252 4
135 258 27
135 265 33
135 267 50
136 142 45
136 146 30
136 165 13
136 172 50
136 174 50
136 203 35
136 236 35
136 264 23
137 154 46
137 176 31
137 200 12
137 230 46
137 245 38
137 248 31
137 278 34
137 287 14
138 147 3
138 149 44
138 153 45
138 182 29
138 209 35
138 226 17
138 232 12
138 241 33
138 261 13
138 264 27
138 271 25
139 181 18
139 186 3
139 199 7
139 206 19
139 231 48
139 235 38
139 256 32
139 289 49
139 296 38
140 149 18
140 190 36
140 196 12
140 218 14
140 241 16
140 254 25
141 174 9
141 175 3
141 178 5
141 210 42
141 271 19
141 273 7
141 275 38
141 289 13
142 201 38
142 204 22
142 219 29
142 228 1
142 236 7
142 280 44
142 282 27
142 295 33
143 152 13
143 159 32
143 177 41
143 181 32
143 188 31
143 199 28
143 236 13
143 250 31
143 251 17
143 265 32
143 281 16
143 288 28
144 156 45
144 195 33
144 199 2
144 209 6
144 212 38
144 266 8
144 282 49
145 203 6
145 254 17
145 263 36
145 273 20
145 278 6
146 161 10
146 162 1
146 174 6
146 176 16
146 187 46
146 188 35
146 216 50
146 225 8
146 235 18
146 270 40
146 297 39
147 164 48
147 168 19
147 205 3
147 234 30
148 161 36
148 186 35
148 213 46
148 223 15
148 238 31
148 255 28
148 263 19
148 288 36
148 299 17
149 181 26
149 230 35
149 274 24
149 285 44
149 299 22
150 153 44
150 184 49
150 203 33
150 218 46
150 235 7
150 242 50
150 243 41
150 266 43
150 269 49
150 279 50
151 201 10
151 218 38
151 225 39
152 162 9
152 181 7
152 184 43
152 185 38
152 230 44
152 238 29
152 282 33
153 159 8
153 172 10
153 179 13
153 202 28
153 209 47
153 211 29
153 225 6
153 248 33
153 272 3
153 286 49
153 291 5
154 179 48
154 186 50
154 193 37
154 203 43
154 224 6
154 236 37
154 237 35
154 272 48
154 275 37
154 295 34
154 296 7
155 180 25
155 183 24
155 215 15
155 234 33
155 238 19
155 244 2
155 267 26
155 269 47
155 270 37
156 160 33
156 179 8
156 182 1
156 195 11
156 200 7
156 214 31
156 230 18
156 283 39
157 164 35
157 181 16
157 200 45
157 223 32
157 262 15
157 269 34
157 270 26
157 294 22
157 297 22
158 179 12
158 187 19
158 241 8
158 262 48
158 269 27
159 161 32
159 183 21
159 187 43
159 188 14
159 197 41
159 210 47
159 217 39
159 239 38
159 240 35
159 259 24
159 268 47
159 274 35
159 282 36
160 189 3
160 244 17
160 262 3
160 273 44
161 258 2
161 271 20
161 284 38
161 296 35
162 185 37
162 211 21
162 245 13
162 251 8
162 297 42
163 173 24
163 178 29
163 201 2
163 202 21
163 224 7
163 255 33
163 291 44
163 296 50
164 204 49
164 220 34
164 222 48
164 231 39
164 242 23
164 254 34
164 287 12
164 296 20
165 173 20
165 179 49
165 189 24
165 205 36
165 246 3
165 249 19
165 294 39
166 226 23
166 230 7
166 266 24
166 280 9
167 169 29
167 181 36
167 216 18
167 232 23
167 249 11
168 172 46
168 185 24
168 193 34
168 215 3
168 226 8
168 239 27
168 252 4
168 266 6
168 276 12
169 181 3
169 191 45
169 193 37
169 197 36
169 226 8
169 246 6
169 278 5
169 287 9
171 184 31
171 231 42
171 270 11
171 296 50
172 193 31
172 207 35
172 211 8
172 235 4
172 240 45
172 267 38
172 272 41
172 285 13
173 175 10
173 181 3
173 184 8
173 200 35
173 212 36
173 220 12
173 232 45
173 283 14
173 293 15
174 189 50
174 197 28
174 211 19
174 241 46
174 265 14
174 266 4
174 294 6
175 200 21
175 205 10
175 217 16
175 281 1
175 290 2
176 184 28
176 201 2
176 236 32
176 242 13
176 254 9
176 270 37
176 275 9
176 289 49
176 293 29
177 210 23
177 245 8
178 183 31
178 233 31
178 239 45
178 279 17
179 188 44
179 205 39
179 281 32
180 194 11
180 205 40
180 213 9
180 248 29
180 274 36
180 278 22
180 281 33
181 187 43
181 211 42
181 212 42
181 223 8
181 228 45
181 256 45
181 280 35
181 284 46
181 285 26
182 189 49
182 196 7
182 221 12
182 226 8
182 243 5
182 244 40
182 247 30
182 248 14
182 273 23
182 278 12
182 285 10
182 287 41
183 184 8
183 186 48
183 189 22
183 198 18
183 202 38
183 203 31
183 247 48
183 260 25
183 282 4
183 296 30
184 187 19
184 189 48
184 217 24
184 220 26
184 226 42
184 231 18
184 239 12
184 251 39
184 254 46
184 258 11
184 299 45
185 189 9
185 219 20
185 231 1
185 232 1
185 251 1
185 268 17
185 272 23
185 287 15
186 221 26
186 233 13
186 261 22
186 288 24
187 208 36
187 212 41
187 229 13
187 236 16
187 240 38
187 248 39
187 287 22
188 203 20
188 210 7
188 247 19
189 200 45
189 208 32
189 250 10
189 267 14
189 268 45
190 204 48
190 207 9
190 219 7
190 239 45
190 246 18
191 223 28
191 233 47
191 236 20
191 249 29
191 287 13
192 201 42
192 209 45
192 240 39
192 269 6
192 293 18
193 228 12
193 240 41
193 241 10
193 264 26
193 269 9
193 281 47
193 293 14
194 215 30
194 217 18
194 225 20
194 247 48
194 251 12
194 282 3
194 287 9
195 205 26
195 208 47
195 233 8
195 249 34
195 265 6
196 221 4
196 243 3
196 270 33
196 287 1
197 255 22
197 261 13
197 272 13
197 292 15
198 225 7
198 251 1
198 261 22
198 273 26
198 282 14
199 230 13
199 234 35
199 239 39
199 248 21
199 252 34
199 273 2
199 280 2
199 291 1
200 271 21
200 278 1
200 286 15
201 229 25
201 259 9
201 282 40
202 205 22
202 207 18
202 221 25
202 236 27
202 239 22
202 282 30
202 284 11
202 296 22
203 220 3
203 227 24
203 236 36
203 261 20
204 206 32
204 280 37
205 225 41
205 227 8
205 247 2
205 249 3
205 256 44
205 268 41
205 289 25
206 214 27
206 231 44
206 269 26
206 279 30
206 290 15
207 226 26
207 285 44
207 288 41
208 222 36
208 231 35
208 255 12
208 272 4
208 294 11
209 225 40
209 248 25
209 254 40
209 260 1
209 262 48
209 272 45
210 225 26
210 227 33
210 253 14
210 270 7
210 287 21
211 262 4
211 299 16
212 233 23
212 234 9
212 241 12
212 249 15
212 281 33
213 251 40
213 258 8
213 269 11
214 218 19
214 224 24
214 225 38
214 236 14
214 290 15
215 240 24
215 259 50
215 269 26
215 271 29
215 272 11
215 277 18
215 297 3
216 244 2
216 251 20
216 283 2
216 298 46
217 224 45
217 228 34
217 243 9
217 279 3
217 281 7
218 221 15
218 248 21
219 257 29
219 289 23
220 281 32
220 290 43
221 243 7
221 246 21
221 279 50
221 281 17
221 286 42
221 299 24
222 264 7
222 290 7
222 291 40
223 233 30
223 237 9
223 245 17
223 289 8
224 249 19
224 272 34
224 293 12
225 254 22
226 235 3
226 265 13
226 276 18
227 254 49
227 263 48
227 264 28
227 272 4
227 277 4
227 284 42
227 293 24
228 244 34
228 249 16
228 253 7
228 263 26
228 268 25
228 270 27
228 284 28
228 288 41
229 240 20
229 281 3
229 291 49
230 269 29
230 282 42
231 237 28
231 248 37
231 286 8
232 259 37
232 281 7
233 266 44
234 241 48
234 247 28
234 291 48
235 239 12
235 243 47
235 248 47
235 260 12
235 265 27
235 267 2
235 277 15
236 239 20
236 247 25
236 278 1
236 288 36
237 239 31
237 270 28
237 276 10
237 297 9
238 250 5
238 258 2
238 262 31
238 264 9
238 274 1
238 276 11
238 296 2
239 241 30
239 244 47
239 255 10
239 278 17
239 284 5
240 249 3
240 251 16
240 263 34
240 281 2
240 285 28
240 288 33
241 263 48
241 275 39
241 280 9
241 293 49
242 260 5
242 262 28
242 273 25
242 287 5
243 246 15
244 248 7
244 269 33
244 273 24
244 280 16
244 281 39
245 261 28
246 249 46
246 253 50
246 279 30
246 285 8
247 253 1
247 267 9
247 283 4
248 249 10
249 252 27
249 257 10
249 267 14
249 288 43
251 256 43
251 278 16
252 285 20
252 287 25
253 262 15
253 291 10
254 286 35
255 259 16
255 263 14
256 282 13
257 270 40
257 289 21
258 274 27
258 287 47
259 280 5
259 283 3
260 277 14
261 267 43
261 282 32
262 265 11
262 267 42
263 268 11
264 267 18
264 271 45
264 292 21
264 296 23
265 272 4
265 290 50
266 295 32
268 283 20
269 272 42
270 277 26
270 293 35
270 295 13
271 280 3
271 299 1
273 284 24
274 278 39
274 288 16
276 291 39
276 296 1
279 292 8
280 282 9
282 296 30
283 288 6
283 290 13
284 286 32
284 291 21
285 295 8
286 288 15
286 292 31
288 298 1
291 297 27
292 295 50
295 296 45
300 356 28
300 362 47
300 386 40
300 402 13
300 404 19
300 414 42
300 432 44
300 436 23
300 440 25
300 442 14
300 515 7
300 529 47
300 554 36
301 310 4
301 322 49
301 364 2
301 393 20
301 405 45
301 408 28
301 420 40
301 462 6
301 518 44
301 534 36
301 580 20
301 590 32
302 330 34
302 331 35
302 361 6
302 381 2
302 394 8
302 397 32
302 430 31
302 434 7
302 439 23
302 454 43
302 482 27
302 509 14
302 515 39
302 528 1
302 579 39
302 588 2
302 592 7
302 593 37
302 594 37
303 315 10
303 333 37
303 339 40
303 360 31
303 367 33
303 397 19
303 417 22
303 458 38
303 462 13
303 472 7
303 527 8
303 540 44
304 349 41
304 388 44
304 394 2
304 418 44
304 427 3
304 431 35
304 446 27
304 474 9
304 553 7
304 570 21
304 590 35
304 599 23
305 306 9
305 374 35
305 397 13
305 458 10
305 509 43
305 511 1
305 517 48
305 555 2
305 575 39
305 583 40
306 308 34
306 313 21
306 343 8
306 345 8
306 357 11
306 378 20
306 396 14
306 426 20
306 430 16
306 460 6
306 467 13
306 483 17
306 492 2
306 510 15
306 532 1
306 549 28
306 574 24
306 587 7
306 591 48
306 598 10
306 599 29
307 324 7
307 325 45
307 333 43
307 365 18
307 392 37
307 398 43
307 399 16
307 439 41
307 461 31
307 465 7
307 467 26
307 541 2
307 586 14
308 327 33
308 335 12
308 336 36
308 403 49
308 428 33
308 457 1
308 482 4
308 485 45
308 497 19
308 507 7
308 521 9
308 527 21
308 543 34
308 551 34
308 561 27
308 567 32
308 576 44
308 598 8
309 310 40
309 329 40
309 332 50
309 337 7
309 345 28
309 349 45
309 403 24
309 419 20
309 420 25
309 451 30
309 485 48
309 523 26
309 530 46
309 552 30
309 570 39
309 584 31
310 315 30
310 334 21
310 362 33
310 381 36
310 408 17
310 455 3
310 536 42
310 564 26
310 569 23
310 598 26
311 334 11
311 341 1
311 353 9
311 402 6
311 420 10
311 444 50
311 456 47
311 471 12
311 505 8
311 529 25
311 537 6
311 578 32
311 584 46
311 586 30
312 365 13
312 426 43
312 443 8
312 465 10
312 493 25
312 542 48
312 553 40
312 591 4
312 594 19
312 599 24
313 336 41
313 353 37
313 356 26
313 390 33
313 393 14
313 418 50
313 429 8
313 450 25
313 455 1
313 459 18
313 464 30
313 500 10
313 515 17
313 524 29
313 543 21
313 556 24
313 581 5
313 596 26
313 599 7
314 320 50
314 377 8
314 405 22
314 414 45
314 421 15
314 482 31
314 484 21
314 505 12
314 509 21
314 550 26
314 558 32
314 572 46
315 376 17
315 415 19
315 422 24
315 423 49
315 428 32
315 452 23
315 461 8
315 490 8
315 493 23
315 521 25
316 376 40
316 382 35
316 408 43
316 412 18
316 447 7
316 466 18
316 467 22
316 519 35
316 598 25
317 343 23
317 421 42
317 542 46
317 553 17
317 565 8
317 592 26
318 319 37
318 337 19
318 348 48
318 356 13
318 372 3
318 378 46
318 408 29
318 421 21
318 439 19
318 444 29
318 450 4
318 461 43
318 501 36
318 520 12
318 534 18
318 539 12
318 544 1
318 565 2
318 597 6
319 322 20
319 327 10
319 394 23
319 418 41
319 435 44
319 437 49
319 440 13
319 453 35
319 505 46
319 520 30
319 553 42
320 340 22
320 351 18
320 370 13
320 372 21
320 389 32
320 435 17
320 451 18
320 457 12
320 458 39
320 483 38
320 494 40
320 495 42
320 516 31
320 538 27
320 540 5
320 551 48
320 557 38
320 561 5
320 566 1
320 579 45
320 584 24
320 595 10
321 366 18
321 373 16
321 413 4
321 414 16
321 442 29
321 485 40
321 495 12
321 509 10
321 548 34
321 569 35
322 337 29
322 394 48
322 397 7
322 444 11
322 452 14
322 476 25
322 553 22
322 571 2
323 365 12
323 401 12
323 409 45
323 430 44
323 435 40
323 454 50
323 468 43
323 520 28
323 521 6
323 551 43
323 587 22
324 408 32
324 422 5
324 426 41
324 438 47
324 486 8
324 527 9
324 558 27
324 577 49
325 358 22
325 389 36
325 394 32
325 417 8
325 420 17
325 459 31
325 477 14
325 496 27
325 523 44
325 547 40
325 549 50
325 569 47
325 575 4
325 581 13
325 583 42
326 328 49
326 359 3
326 376 41
326 378 42
326 380 32
326 396 48
326 401 34
326 431 5
326 472 29
326 493 38
326 524 46
326 531 26
326 552 47
326 561 6
326 572 2
326 581 48
326 596 27
327 329 40
327 350 29
327 375 36
327 389 8
327 390 10
327 408 49
327 430 36
327 455 5
327 482 41
327 503 35
327 519 2
327 537 46
327 542 50
327 546 45
327 556 44
327 566 2
327 569 37
327 577 35
327 583 35
327 586 34
328 354 21
328 384 39
328 470 13
328 471 10
328 481 36
328 489 40
328 493 9
328 511 41
328 515 43
328 523 6
328 532 19
328 574 34
328 575 36
328 578 4
328 591 41
329 368 47
329 374 5
329 377 26
329 378 2
329 420 47
329 429 13
329 431 5
329 440 42
329 487 12
329 505 49
329 525 37
329 531 15
329 543 35
329 555 22
329 565 49
329 584 20
330 345 44
330 369 39
330 371 32
330 388 3
330 398 25
330 428 21
330 436 13
330 447 17
330 477 14
330 486 18
330 502 38
330 542 47
330 563 4
330 578 41
330 580 40
330 584 2
330 591 47
330 592 15
330 593 3
330 594 43
331 347 29
331 356 9
331 358 36
331 364 40
331 373 9
331 497 23
331 521 6
331 530 45
331 567 46
331 587 6
331 596 15
331 597 39
332 340 45
332 351 46
332 395 43
332 452 21
332 455 19
332 463 6
332 468 37
332 486 32
332 496 25
332 501 24
332 545 30
332 562 28
332 570 17
332 581 21
333 350 30
333 369 15
333 378 38
333 389 34
333 406 8
333 422 16
333 445 45
333 476 45
333 481 8
333 497 3
333 499 17
333 501 13
333 552 50
333 557 12
333 561 19
333 589 14
333 595 2
334 339 15
334 379 11
334 419 45
334 443 35
334 458 29
334 463 2
334 467 21
334 484 12
334 491 26
334 517 47
334 524 44
334 566 6
334 567 15
334 573 14
334 598 37
335 339 29
335 378 1
335 389 22
335 400 38
335 408 17
335 426 16
335 459 35
335 481 26
335 483 21
335 511 1
335 542 38
335 543 20
336 372 15
336 387 8
336 401 35
336 421 18
336 428 22
336 432 45
336 433 14
336 448 6
336 451 24
336 461 15
336 477 29
336 483 35
336 494 43
336 515 27
336 542 28
336 583 50
336 584 41
337 344 44
337 368 36
337 385 21
337 397 44
337 406 7
337 502 11
337 520 12
337 536 25
337 544 45
337 562 37
337 597 47
337 599 47
338 339 27
338 355 18
338 378 13
338 382 34
338 391 2
338 410 31
338 420 8
338 425 46
338 435 46
338 441 13
338 443 21
339 374 13
339 375 43
339 378 8
339 381 5
339 389 19
339 438 35
339 466 4
339 473 11
339 481 30
339 499 41
339 501 34
339 510 24
339 524 49
339 546 46
339 555 37
339 590 25
339 594 42
339 599 24
340 372 21
340 379 38
340 380 2
340 400 40
340 405 3
340 414 37
340 415 41
340 438 35
340 509 44
340 510 39
340 518 30
340 529 9
340 555 11
340 557 42
340 595 1
341 373 18
341 382 48
341 386 22
341 423 5
341 443 3
341 469 32
341 470 34
341 477 45
341 480 17
341 490 7
341 503 44
341 541 12
341 576 46
342 374 18
342 396 3
342 454 21
342 457 41
342 463 43
342 478 22
342 491 32
342 508 45
342 525 8
342 537 25
342 548 29
342 554 2
342 560 13
343 381 10
343 388 10
343 393 23
343 410 4
343 426 12
343 429 41
343 468 3
343 477 33
343 497 45
343 533 6
343 545 15
343 596 30
344 369 50
344 389 31
344 395 37
344 396 45
344 406 45
344 411 34
344 413 15
344 447 47
344 453 4
344 460 5
344 465 39
344 466 25
344 469 36
344 496 35
344 498 32
344 511 10
344 520 15
344 523 35
344 545 24
345 356 27
345 379 46
345 386 49
345 399 30
345 411 8
345 427 41
345 432 32
345 438 40
345 449 37
345 465 39
345 492 6
345 493 16
345 503 39
345 507 39
345 525 4
345 548 35
345 599 33
346 365 37
346 401 49
346 415 29
346 425 40
346 474 3
346 487 20
346 500 14
346 524 41
346 535 6
346 577 48
346 599 2
347 385 21
347 387 32
347 434 28
347 439 47
347 444 28
347 463 26
347 505 28
347 510 35
347 512 18
347 517 9
347 545 26
347 575 4
348 368 50
348 381 32
348 439 19
348 453 38
348 463 20
348 481 23
348 490 24
348 493 2
348 542 9
348 598 23
349 365 32
349 367 1
349 375 27
349 385 3
349 406 16
349 423 19
349 449 9
349 474 13
349 488 21
349 539 31
349 540 47
349 552 50
349 554 29
349 567 26
349 586 27
349 599 8
350 353 12
350 363 44
350 364 18
350 365 37
350 366 47
350 371 17
350 435 18
350 439 15
350 443 6
350 444 39
350 460 39
350 467 30
350 486 40
350 487 50
350 490 2
350 495 24
350 502 50
350 507 28
350 530 26
350 535 15
350 552 49
350 559 36
350 567 30
350 593 19
350 594 18
351 357 26
351 365 20
351 368 48
351 398 3
351 402 46
351 403 5
351 473 14
351 509 39
351 511 23
351 532 50
351 550 35
351 588 41
351 594 20
352 387 1
352 411 47
352 433 8
352 435 42
352 439 26
352 453 50
352 527 41
352 547 29
352 548 23
352 578 42
352 580 8
353 424 50
353 425 8
353 462 6
353 503 38
353 517 39
353 543 26
353 557 5
353 564 16
353 591 45
354 358 5
354 435 18
354 465 40
354 494 11
354 497 31
354 566 28
354 569 33
354 596 33
355 371 14
355 388 26
355 421 4
355 440 15
355 447 22
355 451 11
355 468 8
355 469 49
355 511 12
355 529 50
355 548 29
355 580 36
355 582 41
355 590 36
356 368 36
356 387 50
356 502 44
356 509 23
356 510 39
356 576 19
356 589 29
357 375 4
357 402 16
357 411 33
357 416 22
357 428 5
357 461 46
357 501 4
357 506 35
357 549 30
357 554 38
357 556 48
357 578 5
357 579 41
358 377 14
358 379 28
358 391 4
358 401 21
358 437 26
358 442 15
358 448 22
358 499 6
358 536 1
358 539 12
358 551 42
358 555 38
358 569 14
358 570 37
359 414 12
359 435 2
359 436 7
359 449 40
359 475 7
359 478 22
359 488 25
359 493 30
359 494 29
359 509 22
359 533 34
359 538 13
359 554 1
359 557 21
359 583 12
360 373 6
360 388 14
360 438 28
360 454 33
360 465 17
360 471 48
360 501 11
360 510 31
361 379 20
361 381 16
361 387 33
361 390 33
361 517 7
361 540 22
361 544 48
361 554 45
361 565 33
361 578 49
362 382 2
362 433 25
362 474 8
362 490 23
362 491 1
362 502 37
362 529 1
362 532 22
362 534 22
362 544 15
362 547 22
362 556 45
362 558 27
362 562 27
362 576 8
362 592 4
362 593 12
363 419 24
363 447 3
363 482 22
363 490 6
363 504 24
363 510 37
363 564 41
364 377 9
364 411 46
364 455 12
364 463 6
364 496 40
364 509 45
364 516 7
364 524 41
364 544 21
364 565 14
364 594 16
365 389 21
365 399 2
365 416 18
365 502 44
365 559 24
365 568 33
365 572 15
365 578 18
365 592 11
365 599 44
366 367 27
366 401 16
366 412 5
366 421 2
366 435 18
366 448 26
366 467 7
366 540 44
366 541 12
366 545 49
366 556 4
366 589 9
367 383 11
367 387 9
367 395 49
367 397 7
367 405 17
367 428 41
367 445 27
367 486 30
367 577 6
368 370 49
368 383 34
368 386 24
368 398 42
368 416 7
368 420 8
368 422 8
368 425 26
368 445 18
368 477 1
368 483 4
368 484 35
368 519 5
368 522 5
368 532 4
368 549 32
368 556 11
368 559 47
368 563 46
368 568 10
368 595 50
369 374 4
369 394 22
369 400 11
369 406 2
369 443 28
369 447 27
369 462 45
369 494 6
369 505 9
369 518 50
369 531 6
369 590 42
370 393 25
370 412 49
370 438 50
370 498 34
370 518 6
370 546 27
370 561 3
370 570 7
370 588 30
371 402 37
371 418 13
371 421 34
371 438 41
371 444 45
371 475 46
371 494 39
371 530 40
371 556 5
371 560 41
371 570 43
371 592 28
372 376 3
372 390 47
372 398 7
372 491 31
372 509 41
372 577 14
372 590 39
373 388 42
373 421 19
373 436 32
373 439 19
373 440 19
373 451 33
373 464 4
373 517 25
373 558 9
373 570 7
373 581 33
373 584 40
373 585 45
374 379 45
374 392 23
374 410 35
374 418 41
374 436 19
374 454 26
374 473 30
374 481 25
374 510 16
374 536 25
374 542 5
374 554 18
375 382 23
375 391 11
375 430 48
375 482 15
375 511 25
375 515 39
375 543 8
375 544 45
375 549 22
375 551 28
376 379 14
376 413 5
376 460 32
376 463 40
376 504 15
376 512 38
376 516 22
376 521 5
376 532 32
376 549 16
376 553 27
376 567 19
376 593 7
376 599 47
377 378 44
377 399 38
377 436 24
377 460 11
377 461 14
377 467 28
377 477 30
377 526 38
377 543 38
377 560 27
378 402 4
378 407 14
378 430 17
378 433 12
378 453 9
378 485 39
378 493 39
378 516 24
378 537 45
378 538 20
378 545 13
378 565 9
378 574 9
378 598 34
379 386 13
379 402 43
379 406 1
379 409 42
379 448 11
379 493 9
379 505 40
379 513 6
379 531 49
379 535 13
379 547 16
379 589 14
380 399 40
380 493 47
380 520 4
380 522 30
380 523 25
380 529 7
380 563 43
380 568 42
380 579 20
381 386 3
381 406 32
381 410 9
381 424 28
381 454 26
381 519 30
381 549 40
381 552 36
381 570 41
381 576 25
382 388 1
382 422 33
382 426 28
382 437 42
382 477 45
382 502 36
382 509 33
382 569 2
382 599 36
383 397 46
383 406 19
383 412 50
383 422 37
383 442 15
383 511 3
383 517 16
383 533 39
383 557 9
383 566 11
383 587 30
383 593 31
383 595 15
384 425 13
384 435 39
384 440 43
384 456 38
384 473 20
384 476 32
384 502 26
384 516 10
384 521 9
384 533 26
384 554 44
384 566 36
384 583 19
384 589 38
385 386 23
385 392 1
385 437 39
385 470 9
385 484 48
385 508 7
385 515 8
385 524 35
385 529 21
385 580 12
385 582 2
385 585 12
385 594 22
386 410 12
386 470 41
386 542 2
386 570 27
386 582 4
386 583 42
386 591 19
387 425 43
387 448 12
387 499 2
387 546 18
387 550 23
387 570 10
388 402 45
388 418 17
388 424 47
388 427 13
388 438 6
388 454 20
388 491 16
388 545 47
388 566 28
389 394 13
389 411 3
389 426 37
389 444 47
389 445 26
389 458 48
389 478 49
389 540 37
389 546 19
389 573 10
389 577 29
390 421 23
390 432 38
390 440 34
390 471 14
390 482 6
390 506 29
390 563 25
390 567 10
390 579 48
390 597 50
391 400 19
391 403 43
391 432 16
391 438 18
391 442 7
391 455 23
391 493 37
391 514 22
391 519 19
391 520 14
391 562 35
391 589 22
392 419 50
392 440 33
392 443 49
392 463 49
392 467 31
392 486 37
392 564 19
392 573 43
392 582 17
392 588 41
393 412 32
393 423 1
393 424 5
393 487 38
393 514 31
393 515 31
393 520 49
393 546 28
393 550 30
393 554 19
393 588 22
393 589 47
394 399 36
394 432 29
394 439 20
394 452 22
394 499 2
394 514 38
394 550 37
394 560 38
395 428 11
395 435 38
395 457 21
395 463 9
395 485 36
395 487 3
395 499 47
395 501 5
395 505 47
395 543 14
395 583 45
396 429 29
396 438 14
396 465 1
396 480 18
396 507 46
396 520 32
396 522 16
396 531 23
396 551 11
396 556 34
396 558 45
396 575 8
396 587 22
397 405 25
397 419 27
397 429 43
397 438 26
397 456 16
397 460 32
397 485 14
397 510 27
397 566 19
398 400 36
398 404 37
398 415 7
398 450 38
398 471 34
398 478 13
398 537 37
398 553 47
398 557 9
398 561 15
399 410 12
399 427 10
399 431 32
399 449 7
399 463 41
399 482 49
399 484 31
399 494 3
399 515 34
399 516 25
399 527 12
399 570 5
399 574 1
400 402 38
400 417 50
400 462 29
400 470 6
400 477 31
400 548 44
400 564 32
401 421 1
401 428 29
401 435 18
401 437 9
401 478 18
401 530 1
401 554 21
401 556 4
401 570 49
401 597 32
402 427 20
402 442 12
402 449 41
402 462 3
402 542 18
402 546 33
402 556 3
402 573 1
402 579 37
402 598 37
403 426 25
403 430 49
403 445 41
403 465 28
403 467 38
403 468 42
403 508 6
403 514 43
403 537 22
403 553 49
403 566 24
403 567 25
403 587 29
404 433 44
404 444 35
404 449 46
404 503 44
404 543 8
404 545 2
404 547 45
404 557 39
404 567 21
405 430 6
405 434 31
405 449 26
405 459 26
405 512 13
405 548 28
405 570 26
405 591 49
406 409 14
406 483 2
406 512 49
406 522 7
406 523 29
406 524 37
406 529 48
406 550 36
406 559 29
406 590 22
406 592 34
407 455 3
407 484 48
407 506 12
407 512 46
407 574 32
408 436 10
408 446 41
408 474 39
408 498 11
408 556 37
409 410 27
409 414 33
409 424 45
409 445 9
409 485 10
409 503 22
409 520 21
409 529 38
409 532 47
409 533 22
409 535 3
409 549 50
409 557 20
410 447 11
410 506 31
410 534 6
410 545 9
410 559 16
410 563 37
410 573 32
410 582 50
411 445 39
411 461 29
411 488 13
411 499 36
411 519 12
411 521 22
411 559 28
411 562 1
411 585 34
412 419 17
412 455 29
412 469 19
412 474 11
412 530 38
412 538 28
412 555 32
412 578 10
412 581 17
413 432 30
413 457 33
413 473 20
413 496 29
413 511 3
413 551 30
413 566 9
413 588 10
413 589 40
414 423 27
414 440 46
414 441 21
414 455 26
414 479 36
414 531 1
414 537 40
414 565 23
414 592 15
414 598 14
415 422 1
415 424 17
415 425 47
415 480 17
415 497 47
415 498 15
415 505 29
415 566 34
415 569 45
415 580 10
415 582 46
415 584 11
415 596 39
415 597 28
416 447 30
416 448 19
416 451 32
416 460 12
416 462 28
416 480 44
416 517 1
416 524 4
416 548 39
416 565 24
416 568 31
416 577 27
416 579 26
416 583 22
417 423 49
417 433 40
417 447 35
417 505 1
417 525 8
417 546 34
417 570 19
417 575 5
417 597 50
418 426 47
418 482 38
418 506 44
418 552 6
419 451 35
419 454 5
419 467 46
419 471 13
419 485 36
419 506 15
419 526 46
419 531 49
419 546 44
419 557 39
419 581 50
419 596 49
420 503 30
420 510 25
420 561 31
420 584 6
420 594 50
421 430 2
421 432 6
421 446 42
421 505 39
421 516 7
421 526 49
421 561 22
421 563 25
421 594 3
421 597 23
422 426 22
422 452 43
422 466 17
422 518 29
422 581 27
422 591 23
423 424 25
423 427 41
423 459 10
423 465 41
423 470 39
423 472 9
423 473 34
423 486 27
423 492 10
423 526 34
423 533 8
423 547 34
423 555 14
423 560 15
423 567 35
424 453 17
424 514 21
424 520 28
424 530 5
424 535 29
424 552 29
424 566 28
424 572 3
424 576 33
424 590 1
425 434 26
425 442 25
425 447 17
425 465 7
425 530 4
425 543 41
425 551 33
425 569 46
425 577 50
426 452 23
426 470 34
426 474 10
426 479 8
426 548 13
426 561 19
426 577 41
426 586 22
426 587 4
426 593 6
426 597 37
427 435 39
427 444 22
427 470 7
427 488 18
427 503 29
427 536 37
427 555 46
427 575 6
428 445 39
428 446 29
428 467 6
428 510 17
428 531 5
428 549 24
428 567 23
428 588 8
429 462 16
429 477 5
429 485 6
429 494 16
429 520 29
429 527 39
429 529 25
429 548 38
429 560 3
429 561 46
429 581 28
429 590 25
429 597 49
430 435 35
430 438 11
430 486 37
430 495 6
430 505 19
430 514 7
430 516 34
430 519 5
430 528 2
430 545 40
430 548 45
430 551 30
430 586 47
431 438 13
431 448 35
431 460 23
431 501 35
431 595 44
432 447 38
432 448 41
432 472 49
432 494 3
432 495 21
432 506 40
432 516 30
432 520 8
432 541 42
432 544 27
432 547 37
432 585 18
432 592 25
433 491 21
433 519 30
433 544 14
433 548 27
433 577 50
433 583 20
433 587 10
434 449 6
434 464 21
434 468 1
434 482 1
434 486 3
434 508 50
434 543 15
434 547 39
434 557 22
434 582 50
435 489 34
435 490 9
435 509 42
435 575 33
435 577 14
436 440 13
436 447 24
436 463 45
436 532 22
436 541 15
436 565 21
436 569 9
436 587 35
437 445 47
437 475 29
437 487 14
437 546 10
437 551 5
437 562 14
437 589 31
437 598 17
438 456 19
438 460 4
438 461 19
438 520 21
438 531 6
438 567 18
438 573 36
438 576 46
438 578 41
438 581 37
438 590 29
439 469 50
439 477 30
439 489 13
439 494 15
439 514 44
439 535 36
439 575 9
439 580 16
440 468 3
440 496 31
440 504 24
440 525 37
440 559 27
440 562 2
441 464 50
441 470 37
441 519 9
441 532 15
441 537 19
441 582 27
441 584 36
441 590 22
441 598 47
442 443 6
442 498 27
442 516 17
442 529 43
442 545 24
442 561 7
442 577 29
442 586 3
443 456 8
443 474 9
443 480 15
443 521 22
443 523 4
443 524 3
443 526 32
443 533 19
443 549 5
443 584 12
443 599 44
444 459 41
444 479 41
444 525 48
444 549 42
444 551 29
444 558 6
444 574 7
444 575 47
445 446 34
445 456 42
445 482 19
445 501 30
445 533 49
445 543 47
445 560 46
445 572 42
445 592 21
446 480 3
446 523 22
446 538 25
446 565 12
446 570 30
446 578 41
446 591 34
447 487 34
447 495 43
447 547 17
447 582 4
448 455 47
448 456 29
448 477 48
448 507 39
448 513 19
448 518 45
448 548 31
448 552 47
448 565 2
448 577 39
448 578 43
448 586 35
448 599 32
449 525 13
449 559 16
450 455 32
450 457 10
450 481 12
450 532 23
450 570 30
450 590 16
450 598 45
451 464 4
451 497 27
451 552 26
451 561 44
451 565 12
451 576 11
451 578 39
452 464 29
452 466 15
452 477 35
452 481 7
452 500 14
452 510 24
452 514 27
452 536 8
452 573 6
453 457 25
453 468 11
453 519 46
453 542 19
453 555 45
453 574 29
454 470 32
454 483 10
454 491 10
454 508 41
454 514 23
454 580 35
454 597 22
455 457 38
455 498 29
455 502 25
455 561 17
455 584 6
455 588 20
456 483 28
456 506 17
456 538 8
456 581 6
456 598 33
457 460 45
457 475 14
457 486 46
457 488 20
457 490 40
457 567 5
457 570 27
458 469 14
458 483 15
458 594 22
459 471 35
459 474 11
459 496 2
459 507 16
459 542 22
459 579 11
459 587 6
459 588 45
460 482 45
460 492 27
460 506 34
460 523 25
461 468 3
461 475 50
461 494 31
461 514 24
461 527 28
461 546 47
461 548 34
462 496 33
462 536 29
462 598 28
463 514 49
463 525 26
463 542 47
463 545 38
463 547 30
463 550 23
463 551 4
463 559 44
464 489 46
464 494 38
464 512 4
464 516 47
464 527 3
464 546 27
464 553 9
465 468 10
465 536 21
465 586 6
465 590 38
466 477 5
466 485 30
466 545 42
466 563 6
466 566 10
467 468 15
467 472 33
467 505 8
467 508 48
467 520 18
467 529 38
467 547 25
467 572 16
467 578 13
468 545 23
468 576 5
468 580 44
468 585 47
468 597 8
468 598 39
469 472 44
469 500 47
469 509 42
469 530 42
469 559 49
469 569 21
469 578 3
469 579 10
470 474 41
470 482 8
470 496 47
470 503 47
470 508 37
470 516 38
470 548 3
470 564 49
470 589 5
470 596 37
471 500 8
471 526 4
471 529 4
471 535 46
471 536 31
472 489 21
472 499 10
472 515 3
472 565 26
472 567 4
472 575 2
473 530 35
473 536 42
473 587 45
474 591 32
475 497 36
475 499 39
475 518 32
475 530 6
475 544 41
475 569 42
475 581 48
476 481 48
476 505 40
476 549 45
476 558 36
476 563 30
477 486 49
477 534 34
477 581 36
477 585 35
477 590 44
478 483 39
478 484 41
478 498 39
478 515 19
478 526 13
478 556 50
478 560 22
478 569 38
478 598 5
479 493 25
479 522 25
479 539 49
479 540 19
479 551 8
479 559 34
479 567 9
479 593 39
480 489 41
480 521 49
480 551 32
480 569 40
481 551 46
481 562 24
482 484 34
482 494 32
482 525 3
482 544 32
482 545 17
482 554 38
482 561 19
482 572 12
482 592 26
483 487 9
483 497 2
483 538 47
483 545 21
483 548 2
483 550 18
483 557 11
483 569 6
483 574 44
483 581 37
483 597 4
484 495 14
484 534 44
484 541 39
484 568 23
484 576 32
485 491 31
486 529 21
486 566 16
486 568 21
486 579 19
486 597 39
487 528 6
487 554 2
487 571 41
487 578 40
487 581 20
487 593 30
488 513 8
488 517 32
488 531 7
489 493 18
489 498 33
489 514 3
489 536 40
489 548 34
489 579 22
490 494 50
490 497 42
490 509 15
490 547 38
490 578 47
490 594 29
491 525 31
491 534 38
491 560 1
491 563 15
491 564 18
491 570 21
491 574 30
492 531 40
492 556 41
492 559 18
492 585 46
492 591 42
493 512 10
493 526 35
493 554 12
493 555 39
493 565 42
493 579 43
494 507 47
494 542 11
494 551 25
494 560 50
494 569 50
494 574 11
495 497 21
495 512 2
495 514 4
495 515 38
495 521 39
495 552 2
495 573 16
495 579 20
495 584 39
495 590 18
496 513 34
496 556 9
496 559 40
497 524 13
497 527 48
497 534 31
497 539 32
497 540 45
497 577 22
498 500 41
498 516 29
498 529 33
498 549 29
498 573 22
498 593 27
499 509 25
499 511 32
499 536 4
499 539 26
499 561 34
499 580 14
499 587 49
499 596 35
500 506 19
500 554 36
501 525 23
501 566 20
501 594 1
502 549 44
503 507 11
503 541 18
503 547 27
503 580 19
503 599 7
504 543 41
504 547 18
504 556 37
504 566 22
504 595 13
505 536 11
505 539 12
505 542 43
505 544 45
505 557 42
505 563 15
505 575 22
506 535 19
506 554 48
506 581 25
506 588 44
507 516 31
507 558 40
507 574 42
507 591 17
508 509 8
508 546 27
508 550 40
509 550 29
509 563 29
509 568 33
509 576 39
510 523 48
510 525 12
510 549 7
510 555 5
510 577 2
510 588 27
511 526 43
511 537 24
511 542 39
511 549 5
511 563 37
511 581 31
512 517 50
512 547 29
512 557 47
512 560 23
512 588 47
512 592 47
513 545 47
513 565 42
513 591 29
514 528 38
514 575 36
514 577 46
515 551 47
515 553 12
515 559 37
515 577 25
515 598 43
516 520 21
516 545 14
516 592 40
517 530 32
517 592 20
517 596 46
518 539 36
518 575 46
518 577 41
518 585 11
518 586 36
518 587 47
519 562 47
520 525 19
520 536 46
520 540 25
520 561 17
520 568 18
520 570 23
520 577 13
520 596 16
521 527 17
521 561 44
521 579 5
521 589 2
522 530 39
522 546 1
522 549 15
523 535 27
523 542 26
523 544 7
523 557 47
523 567 39
523 574 49
523 576 31
523 580 10
523 588 44
524 539 18
524 578 6
525 593 36
526 539 28
526 560 43
526 562 33
526 565 24
526 576 11
526 589 30
526 595 1
527 543 28
527 545 50
527 568 23
528 530 42
528 539 15
528 545 39
528 551 35
529 562 22
529 567 42
529 592 25
530 584 22
530 587 7
531 559 1
531 563 47
531 578 13
531 580 50
532 563 35
532 578 11
532 589 32
532 597 47
532 599 7
533 589 49
533 591 4
534 549 44
534 552 26
534 561 46
534 591 26
534 597 1
535 538 7
535 556 8
535 595 1
536 537 36
536 553 7
536 592 26
537 562 27
537 576 23
537 581 16
537 582 12
538 546 44
538 547 8
538 558 38
539 589 16
539 599 14
540 575 39
540 577 14
541 570 26
541 583 38
542 569 1
542 571 39
542 595 21
543 545 47
543 547 47
543 552 19
543 584 50
544 551 40
544 593 46
545 556 45
545 575 18
545 589 46
546 551 3
547 554 25
547 561 47
547 578 38
547 593 31
548 552 22
548 565 17
548 566 5
549 557 37
549 580 30
550 567 49
550 587 46
550 595 17
551 570 14
551 579 9
551 596 7
553 569 27
554 574 37
554 596 46
555 575 27
555 587 27
555 588 16
555 589 25
556 560 23
558 570 34
558 589 24
558 595 14
559 598 29
560 581 19
560 584 33
561 570 25
561 592 23
563 585 9
563 595 23
565 599 13
566 582 39
566 583 44
567 594 31
568 577 44
568 584 32
568 585 10
568 591 44
569 586 30
569 591 28
570 571 7
572 597 38
573 575 35
577 592 35
577 597 24
578 591 30
578 595 14
579 587 2
579 593 48
586 592 38
586 596 24
587 594 31
587 595 14
590 594 40
594 595 12
600 299 28
601 599 16
600 601 44
602 609 7
602 629 8
602 634 18
602 647 15
602 668 6
602 699 19
602 725 6
602 726 10
602 757 2
602 796 10
602 806 5
602 882 11
602 895 6
603 604 22
603 618 16
603 638 5
603 704 17
603 705 15
603 723 23
603 731 5
603 757 5
603 783 17
603 850 1
603 857 5
603 892 18
604 639 20
604 649 14
604 662 3
604 666 9
604 693 2
604 707 3
604 771 17
604 807 9
604 811 20
604 853 8
604 855 16
604 862 16
604 895 15
604 897 1
605 612 17
605 652 2
605 669 7
605 671 4
605 674 7
605 675 4
605 684 20
605 690 13
605 699 22
605 725 11
605 736 11
605 737 1
605 746 16
605 748 4
605 749 3
605 751 22
605 776 21
605 779 22
605 793 10
605 811 23
605 846 7
605 857 13
605 896 2
605 897 1
606 607 23
606 617 22
606 632 8
606 641 14
606 697 14
606 727 23
606 755 16
606 787 5
606 795 24
606 796 22
606 835 10
606 836 5
606 876 2
606 878 4
606 892 17
607 622 23
607 643 17
607 698 4
607 701 25
607 704 9
607 733 7
607 739 2
607 755 5
607 787 2
607 789 1
607 813 16
607 833 1
607 843 9
607 850 6
607 871 3
608 618 9
608 635 3
608 641 1
608 661 17
608 667 16
608 677 14
608 700 14
608 711 6
608 718 20
608 751 14
608 771 5
608 774 4
608 805 20
608 823 6
608 838 10
608 875 13
608 878 6
608 889 1
608 891 17
609 639 7
609 693 11
609 698 25
609 709 11
609 724 17
609 733 2
609 753 11
609 773 7
609 783 4
609 837 19
609 841 14
609 873 8
610 629 5
610 656 17
610 668 8
610 673 21
610 677 9
610 688 23
610 711 11
610 720 17
610 746 17
610 762 24
610 766 21
610 773 21
610 783 20
610 786 3
610 808 7
610 841 7
610 847 8
610 900 7
611 618 23
611 620 17
611 636 19
611 657 23
611 717 2
611 753 10
611 833 1
611 840 14
611 864 18
611 876 6
611 880 9
611 887 7
612 633 14
612 653 13
612 660 23
612 671 23
612 707 8
612 718 8
612 756 21
612 779 20
612 782 24
612 811 12
612 822 20
612 860 19
612 887 9
612 893 14
612 900 22
613 623 15
613 681 21
613 696 6
613 699 23
613 704 20
613 708 22
613 741 16
613 764 17
613 831 25
613 832 25
613 851 19
613 854 13
613 863 18
613 866 25
613 878 22
613 886 24
613 890 15
614 620 9
614 660 23
614 666 12
614 674 19
614 679 5
614 725 7
614 733 13
614 788 4
614 805 19
614 812 8
615 653 24
615 719 2
615 720 21
615 752 20
615 753 19
615 763 18
615 809 3
615 865 16
615 879 13
615 901 1
616 619 7
616 623 6
616 655 1
616 669 8
616 682 25
616 689 13
616 694 25
616 778 1
616 797 9
616 823 25
616 827 15
616 847 20
616 897 24
617 635 1
617 672 13
617 707 4
617 737 8
617 758 2
617 834 9
617 848 3
617 849 9
617 859 7
617 861 6
618 625 7
618 643 4
618 681 24
618 684 24
618 690 8
618 703 15
618 712 11
618 727 8
618 735 23
618 743 19
618 746 8
618 758 7
618 772 18
618 887 21
618 894 7
618 898 20
619 622 6
619 626 8
619 632 9
619 654 2
619 752 7
619 781 11
619 790 14
619 796 12
619 798 18
619 807 18
619 846 22
619 850 20
619 851 3
619 864 3
620 625 3
620 628 9
620 638 8
620 658 1
620 679 10
620 689 15
620 691 17
620 708 22
620 765 23
620 806 16
620 820 15
620 827 7
620 890 23
621 624 9
621 634 4
621 662 6
621 664 3
621 671 12
621 673 13
621 685 13
621 721 13
621 741 21
621 745 24
621 757 4
621 804 9
621 820 16
621 843 21
621 845 5
621 879 13
622 624 23
622 646 10
622 659 15
622 661 9
622 691 17
622 708 17
622 788 18
622 814 9
622 836 9
622 877 16
622 887 8
622 896 1
623 636 6
623 711 14
623 761 23
623 764 16
623 769 18
623 836 3
623 847 19
623 858 4
624 663 18
624 672 6
624 693 18
624 699 15
624 706 4
624 707 21
624 709 24
624 766 22
624 799 18
624 803 3
624 865 11
624 871 16
625 640 14
625 657 2
625 666 1
625 684 8
625 715 18
625 721 20
625 746 16
625 749 3
625 754 10
625 761 23
625 772 4
625 776 17
625 791 13
625 794 3
625 811 8
625 813 7
625 820 8
625 841 1
625 869 12
626 630 2
626 655 8
626 670 5
626 671 16
626 726 14
626 736 2
626 844 16
626 869 12
626 872 20
626 893 19
627 640 22
627 646 12
627 667 9
627 669 25
627 692 12
627 707 16
627 720 17
627 722 6
627 726 6
627 752 22
627 757 15
627 771 5
627 811 2
627 819 9
627 827 20
627 836 4
627 843 16
627 887 1
628 634 13
628 641 18
628 671 13
628 673 14
628 686 25
628 712 19
628 781 5
628 839 15
628 862 20
628 872 20
628 878 1
629 668 16
629 679 15
629 705 24
629 720 2
629 747 24
629 759 23
629 765 15
629 805 14
629 843 17
629 850 20
629 869 22
629 874 13
630 635 12
630 677 3
630 734 14
630 760 20
630 771 22
630 796 19
630 806 12
630 815 23
630 816 7
630 819 4
630 835 12
630 836 20
630 840 3
630 867 5
630 886 1
630 894 20
631 637 1
631 653 23
631 670 20
631 694 17
631 724 14
631 727 19
631 756 20
631 757 14
631 769 18
631 836 10
631 839 3
631 868 9
631 878 6
631 886 1
631 900 21
632 660 19
632 720 3
632 724 11
632 729 15
632 745 25
632 773 5
632 778 1
632 779 24
632 806 11
632 807 4
632 823 10
632 847 7
632 853 9
632 856 16
632 882 8
633 639 3
633 652 18
633 661 7
633 673 24
633 683 9
633 712 20
633 739 19
633 768 6
633 772 9
633 777 12
633 802 15
633 803 13
633 824 20
633 850 22
634 662 15
634 680 18
634 695 16
634 716 17
634 739 3
634 743 7
634 748 18
634 758 7
634 768 8
634 771 16
634 792 19
634 856 13
634 878 2
634 885 1
634 889 21
635 648 17
635 691 10
635 699 25
635 726 10
635 782 16
635 821 24
635 824 20
635 825 12
635 828 17
635 838 25
635 859 20
635 863 5
635 870 16
635 886 9
636 644 2
636 649 15
636 672 23
636 681 19
636 703 7
636 710 17
636 738 23
636 743 13
636 753 9
636 798 7
636 799 20
636 861 25
636 862 25
636 865 8
636 870 1
637 711 2
637 757 5
637 786 20
637 792 11
637 798 5
637 808 6
637 818 3
637 821 5
637 884 25
637 896 15
637 900 21
638 675 2
638 719 11
638 732 3
638 746 19
638 752 22
638 765 4
638 794 8
638 798 19
638 855 22
638 871 14
638 874 10
638 885 21
638 889 2
639 641 19
639 669 2
639 705 23
639 739 20
639 776 4
639 789 7
639 817 22
639 852 5
639 853 14
639 872 18
640 658 18
640 675 18
640 715 23
640 737 22
640 739 22
640 807 23
640 815 11
640 821 19
640 827 1
640 829 24
640 847 21
640 868 19
640 880 20
640 886 1
640 896 4
640 897 15
640 898 22
641 656 17
641 670 25
641 688 18
641 704 20
641 712 20
641 728 21
641 767 20
641 785 16
641 787 24
641 789 1
641 883 12
641 898 4
642 643 14
642 660 5
642 672 23
642 682 8
642 707 4
642 729 19
642 776 6
642 802 1
642 853 7
642 858 2
642 877 1
642 899 5
643 656 24
643 662 22
643 665 1
643 710 25
643 732 25
643 742 15
643 745 23
643 756 18
643 764 16
643 769 15
643 785 13
643 832 12
643 835 13
643 883 9
643 887 2
644 649 11
644 686 9
644 701 16
644 720 16
644 725 25
644 746 22
644 773 13
644 804 9
644 839 25
644 850 7
644 865 15
644 875 3
644 896 13
644 899 18
645 660 5
645 695 17
645 697 16
645 715 1
645 725 19
645 736 15
645 753 2
645 755 8
645 756 13
645 789 20
645 812 1
645 818 4
645 830 9
645 838 12
645 880 16
645 888 17
645 901 14
646 656 2
646 660 25
646 662 6
646 694 17
646 696 1
646 707 2
646 717 7
646 744 10
646 754 3
646 759 13
646 767 1
646 774 5
646 783 25
646 795 18
646 836 12
646 841 18
646 861 8
646 867 12
646 886 11
646 896 25
647 675 14
647 685 20
647 723 12
647 734 10
647 751 20
647 771 17
647 785 18
647 801 9
647 806 8
647 816 9
647 828 24
647 829 11
647 831 10
647 837 4
647 842 4
647 845 11
647 858 7
647 860 10
647 869 22
647 894 11
648 668 24
648 682 22
648 711 18
648 748 25
648 762 16
648 812 4
648 833 17
648 834 23
648 859 17
648 860 4
648 872 24
649 650 7
649 662 1
649 665 10
649 696 16
649 706 22
649 762 2
649 792 8
649 795 5
649 796 11
649 797 18
649 815 3
649 817 23
649 844 3
649 873 8
649 879 3
649 895 15
650 678 16
650 740 15
650 750 11
650 758 2
650 764 13
650 784 9
650 842 19
650 859 13
650 898 1
651 654 22
651 656 6
651 661 25
651 684 13
651 701 10
651 702 24
651 719 20
651 775 12
651 782 8
651 791 10
651 812 8
651 839 11
651 879 20
651 894 15
651 900 23
652 668 12
652 675 17
652 701 22
652 705 16
652 727 2
652 760 25
652 785 5
652 798 17
652 803 14
652 821 17
652 848 18
652 860 3
653 660 2
653 668 13
653 675 15
653 679 2
653 685 9
653 687 21
653 707 2
653 758 24
653 789 7
653 822 25
653 826 18
653 897 18
654 660 9
654 678 4
654 739 2
654 748 22
654 807 25
654 826 16
654 835 21
654 856 12
654 896 10
655 712 18
655 756 2
655 812 11
655 817 19
655 830 7
656 717 2
656 727 7
656 740 25
656 768 22
656 771 9
656 801 2
656 839 9
657 667 1
657 704 3
657 711 20
657 739 23
657 765 6
657 779 18
657 780 6
657 794 5
657 811 12
657 834 23
657 858 16
657 859 17
657 879 1
657 889 12
658 668 17
658 678 17
658 681 9
658 710 3
658 713 1
658 716 1
658 749 6
658 754 11
658 769 19
658 774 14
658 786 14
658 821 2
658 825 14
658 837 12
658 839 13
658 844 17
658 851 21
658 863 13
658 870 19
658 893 17
658 901 12
659 694 2
659 700 11
659 717 17
659 738 8
659 749 22
659 759 16
659 775 23
659 780 13
659 812 16
659 851 11
659 882 4
659 890 7
660 680 20
660 744 8
660 756 7
660 788 22
660 809 14
660 814 19
660 823 18
660 846 2
660 849 8
660 850 19
660 855 17
660 862 21
660 881 6
660 892 8
661 670 16
661 676 20
661 689 4
661 695 9
661 729 8
661 742 5
661 753 19
661 766 24
661 785 12
661 812 15
661 816 14
661 823 12
661 840 5
661 888 7
662 670 24
662 679 8
662 702 13
662 728 20
662 729 16
662 735 22
662 740 17
662 750 6
662 858 15
662 878 9
662 890 7
663 695 24
663 734 4
663 737 24
663 766 20
663 777 12
663 807 8
663 817 12
663 895 8
663 900 11
664 673 21
664 692 16
664 695 15
664 742 16
664 749 16
664 750 4
664 757 6
664 828 7
664 901 15
665 690 12
665 701 13
665 704 15
665 710 19
665 725 25
665 734 10
665 743 11
665 769 21
665 785 1
665 813 18
665 833 13
665 843 11
665 857 25
665 863 11
665 886 14
666 688 25
666 714 5
666 804 2
666 819 7
666 861 19
666 876 10
667 675 20
667 686 14
667 704 2
667 733 9
667 745 4
667 751 17
667 752 14
667 796 11
667 806 23
667 809 5
667 814 24
667 829 10
667 843 20
667 876 20
668 675 12
668 678 4
668 684 5
668 687 7
668 691 4
668 709 23
668 754 21
668 780 16
668 800 24
668 809 7
668 856 6
668 858 25
669 705 13
669 723 8
669 771 8
669 780 6
669 783 17
669 814 2
669 822 21
669 832 20
669 843 11
669 865 2
669 866 11
669 878 1
670 676 14
670 696 9
670 719 6
670 779 13
670 793 20
670 803 25
670 810 7
670 817 6
670 828 5
670 835 11
670 839 15
670 844 10
670 901 10
671 685 10
671 692 25
671 701 10
671 703 16
671 719 5
671 730 9
671 734 6
671 739 12
671 747 17
671 819 11
671 823 5
671 826 18
671 833 9
671 856 24
671 891 5
671 897 10
672 675 10
672 688 8
672 717 23
672 721 20
672 760 13
672 806 10
672 807 14
672 832 14
672 865 16
672 892 22
673 677 18
673 728 4
673 738 11
673 752 2
673 767 15
673 770 20
673 812 3
673 827 25
673 838 13
673 850 7
673 854 10
673 856 18
673 865 21
674 689 3
674 709 5
674 718 25
674 747 23
674 755 13
674 826 1
674 827 2
675 691 22
675 706 12
675 710 9
675 755 22
675 795 8
675 850 23
675 891 6
676 699 23
676 714 13
676 763 24
676 775 19
676 796 5
676 804 4
676 806 4
676 863 8
676 874 20
676 877 1
677 685 10
677 702 21
677 760 13
677 784 19
677 812 6
677 818 5
677 835 14
677 837 10
677 850 11
678 684 15
678 724 7
678 759 24
678 770 17
678 773 11
678 785 22
678 792 3
678 807 19
678 837 18
678 852 12
679 687 19
679 705 1
679 718 10
679 719 6
679 746 1
679 796 3
679 797 13
679 809 4
679 860 9
679 886 22
680 702 25
680 715 9
680 736 9
680 744 21
680 762 21
680 776 4
680 805 3
680 830 2
680 845 17
680 846 12
680 858 12
680 863 8
680 864 19
680 877 12
681 687 25
681 699 4
681 748 9
681 750 4
681 757 24
681 771 1
681 779 16
681 780 19
681 783 3
681 786 25
681 803 2
681 853 3
682 729 4
682 759 14
682 765 8
682 788 12
682 831 12
682 879 8
683 704 22
683 794 22
683 803 3
683 831 17
683 837 25
683 839 7
683 868 20
683 869 16
683 877 18
684 690 7
684 700 1
684 735 13
684 811 20
684 833 2
684 857 16
684 874 3
685 700 5
685 818 17
685 829 6
685 839 22
685 875 10
686 828 8
686 887 23
687 695 11
687 713 13
687 736 4
687 747 1
687 770 20
687 773 15
687 828 13
687 869 4
687 891 14
688 724 9
688 728 6
688 729 5
688 742 11
688 762 14
688 770 25
688 791 1
688 816 7
688 824 8
688 831 3
688 861 19
688 877 2
688 894 4
689 732 12
689 735 7
689 747 11
689 767 5
689 771 12
689 772 9
689 778 14
689 842 21
690 691 9
690 709 2
690 722 8
690 734 12
690 747 2
690 775 5
690 837 3
690 841 16
690 842 8
690 874 16
690 881 2
690 883 16
690 895 23
691 692 12
691 700 4
691 731 24
691 757 14
691 761 12
691 771 6
691 773 17
691 810 8
691 813 9
691 816 22
691 851 19
691 862 17
691 871 9
691 872 23
691 888 3
692 710 20
692 712 13
692 718 1
692 731 3
692 785 14
692 814 8
692 849 14
692 851 18
692 857 14
692 875 16
692 877 10
692 887 22
692 891 9
692 900 11
693 695 12
693 717 6
693 726 24
693 755 17
693 782 4
693 797 13
693 798 4
693 802 11
693 845 6
693 880 11
693 881 21
694 707 4
694 712 6
694 715 13
694 722 13
694 724 5
694 791 17
694 796 7
694 804 17
694 813 17
694 821 11
694 829 8
694 860 2
694 875 24
694 878 2
694 879 15
694 881 16
694 898 11
695 696 13
695 700 24
695 735 22
695 750 1
695 776 4
695 789 20
695 790 18
695 800 9
695 813 9
695 840 23
695 866 19
695 899 16
696 750 8
696 816 15
696 840 20
696 858 15
696 901 4
697 709 9
697 712 19
697 714 20
697 729 17
697 735 12
697 744 12
697 751 2
697 784 19
697 791 15
697 815 25
697 841 22
697 864 4
697 900 17
698 702 8
698 749 19
698 759 18
698 765 4
698 800 19
698 809 23
698 877 25
698 890 11
698 891 7
699 705 11
699 715 8
699 754 2
699 771 1
699 799 17
699 802 16
699 807 20
699 816 6
699 827 19
699 832 3
699 836 1
699 869 16
699 878 21
699 898 13
700 703 4
700 714 22
700 756 8
700 762 18
700 788 23
700 822 5
700 824 23
700 831 15
700 852 12
700 858 16
700 860 9
701 707 17
701 712 10
701 716 6
701 738 18
701 744 22
701 824 12
701 839 3
701 843 7
701 856 14
702 707 4
702 708 23
702 718 6
702 727 25
702 729 6
702 762 2
702 769 5
702 777 6
702 821 17
702 842 25
702 851 20
702 874 20
702 882 24
702 888 5
703 704 12
703 744 21
703 773 9
703 785 11
703 794 12
703 796 22
703 831 2
703 858 20
703 872 15
703 882 13
703 885 1
703 889 7
703 890 9
704 705 14
704 706 12
704 739 17
704 740 2
704 746 17
704 767 15
704 788 10
704 809 16
704 815 22
704 830 11
704 839 20
704 857 4
704 865 4
704 872 22
704 877 24
704 886 23
704 895 20
705 713 3
705 717 11
705 723 17
705 736 13
705 739 23
705 745 6
705 762 9
705 783 24
705 816 25
705 824 25
705 887 13
706 726 2
706 746 6
706 748 24
706 768 16
706 778 19
706 785 15
706 840 19
706 852 10
706 858 6
707 709 5
707 720 3
707 722 2
707 748 15
707 759 22
707 874 8
708 712 18
708 726 20
708 728 6
708 738 17
708 745 14
708 795 10
708 815 4
708 818 8
708 825 24
708 834 2
708 842 13
708 876 7
708 877 2
709 763 14
709 806 8
709 811 15
709 839 16
709 845 15
709 848 13
709 873 8
709 882 9
709 892 2
710 715 3
710 744 18
710 746 10
710 754 8
710 761 20
710 770 11
710 777 24
710 779 19
710 809 20
710 836 19
710 840 13
710 858 25
710 862 12
710 866 4
710 895 11
711 723 16
711 731 13
711 741 9
711 763 19
711 767 25
711 782 17
711 794 20
711 806 13
711 809 24
711 900 11
712 713 5
712 772 14
712 773 25
712 776 14
712 808 22
712 835 4
712 859 17
712 864 16
712 878 13
712 887 1
712 891 13
713 731 25
713 799 1
713 807 6
713 812 20
713 819 19
713 829 20
713 875 21
713 877 6
713 888 25
713 893 7
714 733 23
714 774 12
714 779 17
714 798 16
714 834 13
714 847 11
714 852 10
714 886 3
715 747 9
715 772 23
715 814 7
715 826 24
715 861 22
715 892 21
716 752 22
716 755 25
716 767 14
716 788 15
716 806 12
716 843 16
716 848 2
716 880 12
717 739 16
717 763 9
717 799 8
717 802 12
717 813 5
717 818 3
717 826 17
717 847 5
717 857 11
717 869 14
718 723 18
718 724 3
718 806 4
718 821 8
718 845 13
718 846 15
718 854 10
718 869 23
718 901 14
719 725 16
719 747 22
719 796 11
719 797 13
719 811 20
719 813 10
719 821 3
719 841 9
719 872 24
720 793 20
720 838 10
720 865 12
720 872 13
720 886 20
720 892 19
721 747 24
721 748 25
721 793 21
721 794 15
721 813 6
721 823 7
721 845 5
721 867 23
722 763 11
722 769 10
722 783 5
722 831 23
722 836 1
722 873 16
722 879 20
722 892 15
722 897 9
723 725 18
723 739 25
723 749 23
723 755 15
723 771 11
723 836 1
723 838 23
723 893 9
724 734 22
724 735 10
724 753 20
724 777 9
724 778 4
724 783 15
724 836 9
724 866 5
725 729 11
725 734 23
725 746 10
725 764 19
725 773 4
725 787 8
725 826 4
725 831 13
725 845 14
725 846 1
725 862 16
725 882 5
726 728 22
726 749 5
726 756 15
726 769 17
726 772 6
726 840 12
726 869 6
726 875 16
727 793 12
727 815 5
727 854 2
727 858 11
727 868 14
727 881 23
727 893 21
728 756 20
728 763 13
728 792 5
728 807 24
728 812 23
728 832 4
728 839 9
728 842 16
728 855 8
728 857 18
728 892 19
729 750 22
729 765 8
729 767 21
729 774 12
729 798 14
729 844 17
729 845 16
729 871 3
729 897 10
730 804 21
730 824 15
731 779 15
731 785 14
731 787 3
731 789 22
731 808 15
731 814 13
731 816 12
731 821 12
731 831 9
731 888 6
732 778 24
732 788 15
732 789 7
732 805 23
732 860 18
732 868 15
732 893 13
732 895 25
733 735 9
733 745 8
733 752 24
733 766 18
733 773 3
733 782 10
733 788 7
733 789 22
733 813 3
733 832 11
733 870 8
734 739 25
734 787 25
734 790 25
734 809 13
734 825 5
734 839 21
734 900 4
735 748 19
735 800 7
735 804 16
735 828 4
735 849 13
735 850 16
735 867 18
735 873 21
735 874 14
735 884 11
735 888 12
736 749 3
736 778 10
736 825 20
736 836 13
736 866 10
736 887 12
736 896 17
737 750 20
737 758 20
737 759 13
737 774 24
737 785 6
737 786 23
737 800 23
737 809 5
737 824 22
737 900 11
738 760 9
738 766 17
738 793 14
738 834 5
738 853 25
738 861 6
738 875 8
738 881 12
738 886 24
739 754 1
739 761 9
739 767 12
739 785 11
739 812 20
739 830 16
739 839 22
739 862 14
739 871 3
739 885 7
739 893 3
740 773 20
740 776 3
740 780 22
740 820 9
740 844 1
740 864 4
740 894 6
741 773 23
741 779 11
741 783 4
741 785 10
741 786 21
741 795 20
741 823 1
741 825 25
741 828 20
741 833 6
741 887 8
741 898 8
742 759 4
742 775 8
742 794 17
742 803 17
742 829 18
742 833 13
742 840 8
742 843 16
742 874 4
742 879 12
742 884 22
743 747 6
743 753 8
743 759 1
743 769 4
743 770 17
743 796 1
743 798 8
743 865 24
743 872 24
743 895 20
744 759 3
744 771 10
744 774 15
744 775 24
744 807 10
744 830 15
744 840 20
744 866 18
745 759 22
745 846 5
745 851 23
745 855 6
745 865 23
745 866 15
745 899 25
746 774 10
746 794 24
746 814 15
746 832 13
746 868 12
747 748 14
747 758 20
747 781 20
747 799 14
747 845 1
747 863 13
747 890 15
748 777 10
748 783 13
748 790 15
748 819 4
748 826 17
748 828 24
749 755 18
749 789 16
749 795 11
749 804 9
749 811 12
749 812 3
749 847 5
749 875 18
749 884 25
750 755 10
750 758 15
750 790 16
750 806 11
750 819 2
750 830 16
750 831 1
750 852 16
750 855 5
750 857 14
750 858 11
750 877 24
750 887 4
750 898 11
750 899 13
751 755 18
751 775 22
751 785 25
751 797 9
751 798 25
751 836 17
751 850 8
751 854 19
751 863 9
751 890 18
752 766 3
752 799 22
752 824 22
752 874 7
753 765 15
753 775 23
753 801 19
753 813 4
753 825 16
753 847 4
753 854 7
753 858 6
753 864 6
753 883 23
753 885 10
754 762 21
754 783 8
754 817 10
754 838 25
754 874 20
755 780 22
755 784 19
755 787 16
755 849 24
755 857 3
755 862 17
755 873 17
755 877 12
756 763 10
756 816 25
756 870 6
757 799 12
757 808 21
757 811 2
757 829 21
757 830 10
757 885 24
757 894 16
758 766 16
758 793 14
758 802 21
758 819 22
758 821 22
758 832 2
758 834 19
758 873 8
758 876 22
759 848 3
759 879 20
760 810 23
760 832 24
760 851 18
760 884 17
761 764 16
761 778 16
761 812 19
761 814 7
761 842 7
761 872 7
762 805 17
762 835 8
762 861 12
762 862 5
762 864 4
762 891 13
763 766 25
763 782 15
763 783 13
763 791 17
763 794 5
763 833 4
763 848 13
763 868 4
763 892 2
763 900 16
764 803 24
764 824 11
764 825 14
764 830 4
764 880 5
765 777 12
765 778 2
765 802 23
765 806 3
765 812 18
765 827 15
765 834 23
765 866 1
766 773 24
766 791 4
766 814 17
766 887 6
766 900 15
767 783 24
767 801 11
767 810 4
767 874 23
767 889 3
768 778 18
768 798 15
768 806 9
768 826 23
768 832 4
768 898 12
769 771 24
769 773 19
769 790 13
769 794 10
769 796 7
769 823 16
769 860 14
769 861 18
769 873 17
770 779 13
770 784 22
770 785 11
770 827 5
770 842 19
770 878 12
771 858 3
771 862 24
771 873 5
772 783 10
772 790 15
772 794 3
772 844 21
772 854 20
772 877 3
772 898 23
773 785 13
773 794 19
773 824 6
773 830 10
773 856 22
773 870 20
773 901 11
774 796 15
774 805 7
774 837 20
774 849 21
774 872 22
774 898 10
775 792 16
775 793 15
775 794 25
775 819 12
775 826 3
776 851 4
776 875 8
776 889 14
776 893 8
776 896 8
777 780 20
777 783 17
777 809 23
777 824 25
777 878 14
777 887 17
777 895 4
777 898 11
778 782 6
778 808 22
778 870 19
778 884 16
778 893 18
779 788 15
779 879 3
779 882 9
779 891 21
779 892 22
780 826 6
780 830 19
780 847 8
780 853 23
780 858 8
781 783 9
781 806 10
781 827 10
781 856 12
781 862 19
781 889 25
782 792 19
782 804 3
782 842 22
782 846 13
782 865 2
782 866 21
782 885 1
782 891 19
782 892 24
783 785 14
783 793 1
783 818 22
783 822 7
783 875 18
783 877 16
784 787 23
784 794 20
784 812 24
784 852 18
784 854 18
785 801 4
785 831 13
785 881 1
785 895 2
786 809 22
786 821 9
786 822 13
786 835 7
786 838 23
786 841 8
786 879 8
786 896 18
787 827 12
787 835 4
787 836 5
787 841 14
787 842 1
787 881 6
787 886 9
787 899 1
788 813 19
788 824 9
788 826 22
788 835 2
788 859 2
788 899 12
789 828 24
789 847 21
789 875 12
789 876 18
789 886 14
789 897 18
789 899 5
790 806 16
790 834 21
790 838 1
790 855 1
791 794 10
791 796 9
791 855 23
791 856 19
791 860 19
791 873 18
791 883 5
792 795 24
792 799 22
792 844 20
792 847 25
792 848 4
792 866 3
792 897 2
793 817 24
793 828 12
793 859 24
793 895 2
794 808 15
794 809 12
794 814 2
794 832 12
794 878 1
794 896 21
795 820 2
795 825 18
795 834 25
795 843 17
795 865 15
795 881 3
795 893 20
796 812 24
796 827 13
796 850 19
796 876 17
796 888 6
797 811 11
797 855 23
797 856 5
797 879 10
797 884 18
797 898 6
798 810 15
798 836 20
798 852 7
798 879 14
799 812 8
799 817 7
799 882 17
799 887 24
799 891 21
800 806 19
800 828 13
800 848 21
800 858 14
800 884 14
800 894 15
801 804 16
801 823 8
801 865 4
801 869 20
801 883 2
801 891 4
802 814 7
802 819 20
802 820 22
802 865 15
802 874 6
802 893 19
803 809 19
803 894 15
804 816 13
804 846 24
804 866 4
804 872 10
804 894 7
805 870 19
805 877 19
805 895 14
805 896 13
806 810 18
806 863 9
806 900 6
807 811 5
807 829 6
807 849 21
807 867 20
807 882 22
807 901 11
808 822 2
808 824 2
808 844 7
808 845 3
808 878 5
808 898 14
808 900 25
809 819 3
809 823 3
809 831 5
809 832 21
809 854 23
809 860 21
809 887 11
810 832 23
810 854 1
810 858 20
810 861 4
811 821 22
811 833 15
811 885 17
812 822 9
812 828 7
812 856 2
813 860 16
813 890 13
814 822 9
814 827 11
814 838 10
815 844 5
815 855 24
815 858 11
815 879 6
815 881 5
816 877 16
817 837 12
817 839 20
817 847 15
817 856 14
817 876 24
817 882 21
817 888 12
818 819 21
818 820 18
818 868 22
819 863 18
819 892 20
819 896 18
820 845 22
820 846 16
821 850 7
821 869 15
821 878 1
822 827 16
824 836 19
824 838 16
824 845 5
824 858 2
824 876 4
825 839 14
825 854 9
825 863 4
825 888 2
826 880 16
827 860 10
827 867 17
827 884 5
827 895 5
828 898 8
828 901 18
829 854 3
829 870 3
829 879 6
830 835 24
830 836 20
830 854 4
830 861 18
830 879 16
830 887 21
830 897 14
831 835 7
831 836 5
831 856 6
831 888 7
831 891 22
832 851 24
832 855 25
832 882 3
832 897 2
832 900 3
833 881 17
834 854 12
834 856 6
835 841 20
835 843 3
835 848 15
835 853 11
836 837 9
836 839 21
836 849 20
836 850 1
836 887 24
836 896 22
837 842 9
837 849 24
837 859 18
837 861 12
837 863 16
838 847 8
838 849 10
838 891 7
838 893 16
839 858 14
839 864 12
839 875 25
839 896 12
840 873 12
840 880 24
840 896 14
840 898 13
841 853 3
841 880 7
841 882 25
842 847 10
842 856 1
842 877 4
843 871 1
844 854 13
844 861 12
844 870 22
844 874 7
845 856 14
846 857 22
846 879 5
846 881 22
847 852 22
847 857 24
847 882 9
848 886 14
849 858 9
849 881 20
850 851 22
850 858 1
850 868 8
850 876 8
851 856 25
851 879 21
851 890 19
851 896 25
852 859 9
852 866 9
852 886 4
853 858 18
853 874 8
853 880 13
854 867 18
854 890 13
854 894 16
856 885 8
856 892 24
856 899 12
857 888 16
857 893 12
858 867 10
859 901 23
861 864 11
861 870 8
861 875 23
862 868 21
862 892 21
862 898 6
864 876 15
866 873 20
866 884 9
866 888 24
867 883 2
867 901 8
868 887 19
868 892 23
868 893 10
868 897 4
868 899 6
871 874 13
871 882 21
871 894 15
873 879 1
873 886 16
875 879 2
875 882 16
876 886 23
878 886 2
879 887 4
879 888 15
880 884 13
881 896 15
884 899 12
887 892 25
887 896 24
887 898 10
889 899 20
890 893 21
894 895 17
902 601 43
903 901 25
902 903 22
