904 6735
100 71 1 88 40 27 42 9 50 99 46 36 30 24 57 27 28 3 43 75 90 50 34 59 26 9 64 25 63 3 87 62 73 88 50 12 66 43 21 68 93 18 55 74 41 63 100 20 65 94 95 55 95 28 65 21 89 28 97 51 31 84 64 55 23 65 19 40 59 91 59 3 8 65 77 49 28 76 68 92 22 14 98 16 94 63 88 82 42 85 84 72 20 47 79 94 64 97 85 22 87 44 25 46 60 53 94 87 80 14 31 1 79 28 17 24 42 4 5 84 40 40 7 59 39 85 4 2 81 89 75 19 84 51 65 43 3 10 82 83 75 12 83 6 91 51 29 33 55 86 16 46 25 22 5 15 59 60 16 39 48 43 10 83 93 26 26 48 87 59 30 14 22 64 19 12 67 99 96 73 84 11 18 61 85 74 75 43 34 91 33 81 85 94 64 77 19 41 24 58 99 5 71 20 21 41 83 39 39 79 11 23 41 28 83 25 2 9 19 35 99 52 67 35 45 82 12 16 22 87 73 72 44 95 91 16 35 26 54 73 4 64 47 44 91 81 21 44 90 39 78 40 90 97 75 87 78 38 2 100 24 26 71 67 20 14 34 6 91 87 30 94 50 29 89 93 9 61 36 98 100 66 90 41 62 64 79 91 1 80 90 76 57 13 95 28 78 28 85 20 56 83 90 100 85 62 46 99 7 97 88 90 18 48 28 52 88 82 2 76 51 83 100 94 31 2 41 100 35 55 84 91 89 25 42 73 87 87 23 93 35 11 34 52 58 62 56 97 43 9 72 45 91 71 39 73 25 31 72 11 37 7 1 26 32 42 98 70 81 73 62 15 83 47 19 92 8 26 41 2 34 12 47 76 35 37 48 11 67 71 21 55 77 22 80 60 15 30 29 47 2 42 62 36 89 80 27 96 57 19 50 90 31 96 17 17 32 64 27 50 34 47 4 62 20 84 22 87 65 2 33 18 44 46 53 32 77 31 79 33 50 28 74 32 75 90 48 58 53 26 7 38 24 11 52 44 46 73 82 62 26 14 79 69 12 31 52 88 13 31 21 62 10 94 45 37 84 44 94 88 69 1 78 93 63 81 88 60 5 69 21 30 34 99 99 97 81 2 85 45 84 57 59 94 50 3 30 85 47 23 25 15 75 54 59 37 34 46 48 90 66 68 19 52 18 69 48 50 71 84 95 54 40 53 99 42 55 80 78 53 55 54 68 29 7 78 18 92 76 65 81 93 33 100 44 2 20 44 52 90 27 98 44 19 2 42 60 8 22 37 61 76 91 80 56 49 57 73 41 32 90 73 25 74 24 20 75 44 15 78 33 42 75 28 60 28 22 71 36 95 84 87 34 93 4 45 44 48 37 41 63 26 9 74 95 75 28 51 15 89 96 58 50 94 37 99 58 91 77 23 57 63 59 90 7 62 86 51 61 75 91 23 100 51 48 46 26 76 97 40 64 92 49 66 85 85 64 94 76 93 16 84 55 26 73 61 39 10 63 99 84 6 22 35 56 21 81 81 48 29 73 64 20 73 29 56 58 44 49 85 36 17 68 42 42 92 3 33 1 17 31 37 22 4 71 78 25 3 58 72 31 82 87 50 55 15 57 64 11 58 48 46 74 67 88 67 58 42 99 10 58 82 46 80 37 17 57 61 19 66 85 2 100 71 3 54 38 60 17 48 69 16 45 94 82 84 60 91 25 11 100 35 44 98 66 80 66 74 93 36 39 29 37 38 51 40 43 88 99 11 87 67 26 32 12 59 15 23 1 92 33 53 26 28 50 91 60 15 64 52 50 54 80 87 44 30 26 38 70 76 49 56 94 26 39 5 37 54 27 37 97 12 89 22 39 38 64 50 4 79 1 54 84 32 92 27 14 69 17 83 44 65 90 37 90 29 93 78 34 19 15 30 82 55 3 73 45 66 22 48 96 23 53 79 6 96 58 19 64 74 53 7 38 95 95 79 23 39 57 8 10 23 37 91 77 91 63 21 8 85 21 3 59 73 81 64 69 90 35 32 63 87 36 87
0 6 15
0 23 15
0 33 65
0 48 16
0 62 43
0 71 53
0 88 8
0 103 3
0 114 66
0 125 44
0 158 1
0 189 65
0 193 61
0 235 42
0 241 57
1 58 74
1 102 5
1 126 36
1 140 64
1 150 57
1 163 67
1 175 6
1 178 32
1 182 24
1 199 18
1 229 78
1 236 3
1 248 47
1 275 6
1 293 88
1 296 66
1 299 72
2 8 2
2 12 30
2 16 87
2 45 96
2 51 34
2 55 95
2 64 98
2 72 99
2 92 90
2 94 50
2 110 15
2 134 50
2 145 91
2 184 72
2 192 75
2 193 47
2 198 59
2 200 38
2 208 3
2 270 25
3 10 43
3 42 87
3 52 48
3 70 12
3 76 64
3 83 3
3 88 10
3 97 21
3 98 90
3 144 75
3 156 92
3 161 43
3 170 56
3 190 79
3 253 38
3 279 42
3 287 25
3 294 87
3 298 92
4 7 14
4 9 89
4 37 59
4 50 15
4 61 79
4 95 82
4 135 89
4 156 26
4 157 40
4 173 26
4 189 80
4 196 64
4 248 21
4 256 66
4 258 64
4 270 32
4 282 82
5 8 66
5 37 42
5 47 2
5 67 55
5 90 68
5 97 46
5 101 97
5 102 76
5 156 24
5 157 86
5 159 17
5 171 48
5 173 24
5 190 60
5 209 13
5 235 12
5 237 18
5 257 79
5 258 91
5 292 99
6 26 67
6 28 68
6 36 38
6 129 44
6 145 47
6 154 2
6 157 64
6 166 65
6 169 17
6 223 48
6 228 98
6 237 82
6 245 41
6 259 99
6 285 36
6 286 8
7 9 44
7 34 84
7 52 83
7 58 19
7 82 21
7 87 51
7 177 18
7 207 44
7 216 11
7 224 30
7 228 56
7 248 80
7 266 8
7 277 98
8 29 79
8 49 26
8 53 65
8 69 68
8 77 22
8 115 63
8 138 21
8 140 85
8 145 79
8 192 37
8 195 84
8 287 76
8 294 18
8 297 24
9 20 27
9 48 5
9 59 32
9 70 70
9 75 40
9 148 66
9 200 41
9 261 60
9 272 17
9 282 58
9 291 56
9 299 79
10 24 40
10 76 11
10 100 58
10 142 99
10 180 60
10 193 88
10 226 25
10 247 76
10 257 56
10 264 46
10 274 90
11 19 76
11 71 82
11 79 69
11 117 65
11 129 18
11 135 96
11 138 82
11 147 41
11 185 22
11 246 87
11 270 24
11 271 44
11 278 78
12 39 90
12 57 84
12 89 38
12 95 58
12 103 41
12 132 93
12 141 36
12 163 32
12 191 55
12 210 45
12 226 31
12 256 66
12 259 33
12 283 7
12 293 41
13 28 40
13 34 4
13 35 30
13 66 15
13 122 37
13 128 50
13 134 79
13 147 54
13 201 46
13 226 13
13 255 95
13 257 67
14 22 51
14 62 18
14 118 10
14 140 28
14 141 7
14 150 93
14 155 17
14 209 16
14 232 86
14 234 9
14 243 51
14 278 17
15 28 15
15 49 96
15 80 99
15 85 80
15 89 28
15 109 5
15 166 72
15 191 67
15 195 60
15 199 2
15 221 33
15 240 97
15 275 51
15 278 64
15 293 50
16 25 96
16 47 28
16 57 96
16 112 63
16 115 78
16 133 66
16 140 24
16 143 5
16 151 72
16 172 17
16 177 22
16 185 40
16 237 54
16 293 82
16 298 90
17 40 70
17 64 49
17 86 37
17 100 21
17 137 80
17 152 64
17 157 25
17 165 52
17 171 82
17 204 37
17 229 53
17 274 67
17 297 33
18 36 55
18 39 82
18 87 34
18 90 3
18 91 9
18 152 30
18 154 65
18 167 86
18 184 95
18 221 40
18 226 42
18 275 18
18 298 56
19 41 15
19 59 57
19 69 9
19 77 49
19 111 99
19 116 31
19 120 49
19 156 35
19 187 51
19 209 28
19 214 51
19 246 27
19 269 79
19 290 84
20 34 63
20 56 83
20 59 2
20 89 47
20 96 90
20 117 83
20 149 33
20 189 92
20 193 43
20 194 62
20 236 8
20 254 28
20 256 8
20 262 47
21 32 22
21 34 77
21 46 55
21 47 88
21 58 86
21 91 15
21 97 36
21 103 84
21 107 45
21 116 36
21 126 18
21 143 47
21 167 64
21 192 20
21 194 26
21 217 94
21 246 4
21 252 40
21 261 77
21 276 5
22 46 87
22 96 18
22 135 88
22 140 19
22 144 9
22 192 30
22 228 32
22 230 16
22 269 10
22 283 91
22 297 62
23 68 83
23 73 67
23 79 16
23 83 70
23 111 52
23 117 83
23 120 58
23 135 87
23 142 27
23 144 45
23 154 5
23 182 26
23 207 8
23 219 76
23 230 51
23 234 2
23 235 79
23 265 90
23 277 30
23 292 84
24 46 28
24 56 47
24 69 23
24 89 98
24 121 7
24 146 4
24 153 81
24 159 22
24 195 65
24 198 71
24 202 35
24 213 47
24 292 38
25 30 3
25 46 69
25 47 41
25 51 85
25 86 78
25 90 28
25 127 63
25 144 22
25 153 84
25 160 88
25 176 82
25 182 59
25 230 90
25 240 35
25 241 90
25 255 32
25 285 64
26 54 73
26 57 59
26 64 62
26 81 47
26 103 9
26 108 68
26 115 2
26 133 89
26 162 41
26 174 67
26 253 12
26 269 75
26 274 65
26 298 1
27 60 77
27 75 85
27 99 41
27 108 13
27 111 14
27 123 20
27 125 76
27 135 36
27 153 55
27 158 63
27 170 69
27 174 14
27 207 5
27 212 3
27 225 55
27 237 36
27 270 18
28 57 79
28 63 46
28 107 31
28 151 25
28 172 6
28 198 98
28 261 26
28 294 95
29 35 90
29 38 44
29 39 6
29 66 64
29 70 9
29 98 58
29 100 93
29 196 93
29 197 98
29 225 5
29 268 7
30 62 70
30 67 32
30 69 94
30 83 24
30 94 47
30 110 62
30 138 89
30 160 51
30 177 16
30 180 43
30 189 38
30 225 33
30 252 21
30 274 83
31 33 63
31 43 97
31 46 89
31 76 12
31 89 23
31 94 35
31 100 1
31 101 66
31 173 92
31 196 16
31 201 26
31 205 49
31 253 8
31 262 19
31 277 98
32 34 65
32 50 77
32 55 67
32 75 48
32 80 70
32 101 43
32 117 94
32 142 83
32 159 31
32 167 96
32 199 98
32 208 26
32 214 33
32 216 30
32 218 46
32 270 16
32 290 44
33 48 95
33 103 56
33 104 55
33 133 69
33 134 42
33 148 7
33 179 34
33 186 33
33 221 22
33 261 12
33 269 81
33 277 82
33 297 30
34 66 30
34 79 46
34 123 6
34 135 97
34 156 45
34 162 27
34 169 39
34 180 39
34 181 9
34 200 21
34 202 34
34 204 58
34 221 46
34 229 67
34 279 87
34 297 44
35 44 34
35 51 82
35 70 38
35 103 41
35 108 88
35 179 6
35 195 82
35 251 94
35 254 91
35 269 14
36 56 67
36 68 2
36 70 46
36 74 48
36 87 83
36 111 75
36 162 45
36 170 40
36 186 23
36 205 90
36 216 66
36 257 13
36 288 80
36 291 26
37 42 86
37 62 13
37 70 83
37 71 31
37 89 31
37 94 21
37 104 26
37 105 16
37 134 2
37 143 15
37 178 56
37 189 41
37 196 20
37 200 89
37 216 34
37 254 63
37 265 54
37 295 1
38 40 16
38 108 99
38 127 100
38 183 51
38 223 26
39 47 45
39 113 90
39 114 100
39 124 86
39 137 8
39 151 65
39 185 65
39 219 85
39 223 50
39 224 77
39 232 68
39 259 32
39 261 60
39 273 40
39 275 58
40 50 27
40 51 94
40 73 72
40 128 35
40 145 34
40 164 44
40 177 23
40 190 20
40 208 6
40 210 77
40 212 72
40 222 73
40 241 27
40 261 71
41 70 23
41 109 4
41 119 67
41 128 13
41 139 56
41 141 52
41 157 72
41 160 20
41 215 16
41 223 56
41 267 69
41 273 45
41 280 75
42 103 100
42 130 56
42 179 15
42 239 57
43 53 82
43 66 8
43 98 81
43 125 16
43 144 41
43 187 24
43 222 39
43 223 12
43 244 81
43 245 15
43 264 83
43 268 53
43 295 93
44 50 6
44 58 28
44 81 97
44 117 72
44 122 40
44 129 52
44 141 76
44 149 63
44 167 23
44 193 43
44 195 18
44 199 91
44 213 87
44 265 93
44 266 42
44 274 42
44 284 7
44 289 51
45 48 24
45 60 66
45 82 31
45 92 91
45 99 58
45 124 6
45 139 29
45 140 70
45 156 86
45 209 95
45 255 4
45 272 90
45 277 88
45 278 9
45 287 17
45 292 36
45 294 33
45 298 8
46 58 39
46 63 8
46 104 70
46 154 61
46 173 50
46 185 40
46 206 3
46 211 89
46 295 84
47 70 44
47 87 82
47 119 42
47 126 46
47 130 5
47 141 7
47 153 76
47 181 96
47 194 64
47 236 33
47 239 76
47 271 85
47 285 70
47 287 23
48 70 89
48 71 60
48 95 62
48 164 49
48 168 28
48 183 97
48 201 81
48 213 36
48 214 87
48 216 40
48 217 57
48 219 47
48 236 42
48 247 96
48 250 1
48 271 30
48 278 79
49 70 44
49 71 11
49 81 20
49 95 42
49 114 68
49 123 78
49 124 17
49 211 15
49 271 94
49 272 2
49 273 42
49 283 30
49 284 71
49 286 64
49 295 18
50 74 30
50 80 25
50 93 19
50 97 58
50 126 73
50 142 51
50 147 45
50 167 59
50 168 43
50 184 53
50 200 57
50 284 84
51 92 1
51 110 57
51 111 65
51 117 31
51 128 53
51 137 75
51 141 3
51 148 94
51 189 94
51 215 80
51 262 62
52 82 60
52 109 73
52 121 63
52 127 2
52 153 3
52 248 34
52 274 65
53 57 72
53 72 15
53 74 42
53 115 42
53 122 24
53 145 14
53 146 93
53 149 20
53 201 73
53 208 35
53 276 73
53 298 29
54 61 70
54 84 73
54 112 38
54 115 34
54 136 3
54 158 90
54 177 60
54 192 5
54 194 83
54 214 6
54 243 37
54 268 96
55 58 65
55 70 61
55 72 59
55 81 18
55 101 15
55 102 44
55 124 83
55 152 39
55 192 58
55 201 24
55 238 80
55 262 34
55 267 89
55 287 24
55 289 53
55 296 61
56 72 10
56 74 25
56 93 42
56 124 79
56 135 49
56 142 79
56 157 64
56 164 52
56 250 20
56 254 24
56 270 8
56 290 2
57 69 81
57 97 44
57 125 49
57 136 45
57 142 5
57 169 7
57 181 63
57 189 19
57 192 2
57 195 97
57 205 57
57 268 60
57 280 72
57 291 89
58 64 45
58 74 60
58 95 12
58 110 97
58 134 73
58 135 22
58 204 74
58 245 14
58 257 52
58 272 22
58 286 44
59 67 16
59 81 25
59 101 63
59 107 39
59 127 85
59 134 16
59 140 19
59 143 28
59 144 64
59 147 15
59 168 84
59 178 23
59 236 29
60 75 55
60 76 24
60 90 25
60 97 63
60 99 35
60 117 96
60 119 51
60 154 79
60 162 8
60 168 15
60 199 76
60 214 80
60 255 36
60 286 1
60 291 45
60 294 87
60 297 22
61 101 88
61 143 2
61 148 99
61 159 2
61 186 92
61 196 83
61 200 69
61 211 62
61 215 62
61 224 32
61 248 29
61 260 46
61 263 6
61 269 57
61 270 52
62 76 30
62 114 82
62 162 14
62 163 16
62 168 29
62 173 17
62 221 95
62 250 88
62 256 31
62 259 22
63 105 67
63 131 18
63 138 22
63 154 63
63 155 56
63 188 95
63 197 2
63 212 10
63 257 45
63 286 3
64 76 53
64 78 27
64 90 71
64 94 15
64 100 89
64 107 55
64 142 43
64 190 86
64 229 60
64 253 51
64 257 37
64 262 41
64 269 84
64 284 2
65 106 57
65 153 13
65 174 70
65 187 3
65 238 52
65 264 100
66 77 76
66 95 71
66 113 69
66 142 97
66 199 33
66 232 25
66 257 43
66 266 35
67 71 86
67 95 88
67 99 89
67 106 38
67 125 66
67 157 12
67 191 4
67 212 54
67 213 66
67 226 46
67 254 91
67 280 77
68 76 49
68 137 79
68 143 70
68 237 32
68 262 81
68 293 78
69 76 96
69 86 2
69 100 80
69 104 48
69 107 2
69 111 55
69 131 18
69 140 22
69 141 3
69 152 2
69 171 98
69 212 45
69 217 36
69 235 83
69 264 84
69 274 77
69 277 21
70 103 50
70 104 88
70 123 24
70 137 55
70 139 5
70 226 22
70 245 46
70 250 81
70 257 22
71 73 24
71 89 50
71 124 53
71 149 56
71 153 79
71 168 49
71 169 58
71 177 58
71 186 48
71 200 11
71 204 64
71 211 17
71 226 84
71 236 66
71 256 18
71 258 82
71 265 63
72 75 6
72 94 16
72 98 46
72 173 82
72 195 88
72 220 47
72 243 69
72 265 12
72 295 2
73 80 73
73 98 85
73 148 99
73 165 5
73 203 6
73 208 74
73 215 7
73 229 10
73 235 30
73 264 85
73 277 58
74 101 39
74 108 95
74 131 57
74 158 1
74 182 58
74 184 73
74 185 84
74 188 76
74 217 91
74 244 17
74 281 90
74 285 96
74 295 33
75 90 87
75 92 77
75 95 20
75 144 34
75 168 97
75 190 83
75 195 87
75 220 21
75 228 19
75 235 85
75 268 77
75 272 24
75 297 58
76 89 83
76 109 34
76 118 39
76 130 20
76 148 43
76 202 29
76 206 66
76 214 100
76 233 29
76 244 23
76 252 24
76 274 65
76 285 50
76 292 14
76 298 81
77 87 39
77 91 61
77 162 13
77 191 26
77 202 37
77 243 85
77 248 59
77 252 85
77 283 67
77 285 97
77 298 57
77 299 86
78 99 81
78 102 34
78 132 61
78 144 90
78 150 68
78 230 46
78 236 81
78 242 39
78 265 41
78 281 9
78 297 4
79 88 40
79 89 90
79 172 79
79 183 15
79 198 54
79 226 28
79 229 29
79 230 34
79 232 19
79 242 89
79 243 99
79 249 44
79 267 78
79 274 83
79 278 54
79 288 14
80 96 1
80 109 50
80 117 71
80 135 86
80 187 30
80 194 56
80 199 99
80 219 71
80 241 23
80 254 44
80 256 51
80 262 14
80 277 84
80 278 12
81 147 17
81 172 75
81 177 1
81 194 47
81 217 90
81 218 6
81 228 75
81 242 70
81 261 39
81 262 93
82 105 58
82 108 89
82 112 88
82 115 87
82 137 23
82 142 41
82 148 1
82 155 24
82 216 90
82 240 23
82 249 61
82 288 71
83 145 78
83 149 59
83 161 93
83 243 52
83 272 55
84 105 44
84 136 65
84 155 38
84 162 7
84 195 34
84 205 65
84 207 7
84 254 80
84 265 54
84 280 12
84 292 6
84 293 23
84 294 2
85 114 50
85 158 32
85 159 43
85 162 37
85 227 19
85 252 65
86 105 77
86 113 71
86 115 88
86 143 18
86 165 93
86 177 49
86 197 88
86 262 70
86 290 59
87 121 33
87 122 73
87 125 13
87 156 28
87 251 38
87 262 51
87 292 34
88 93 71
88 107 15
88 153 92
88 194 2
88 203 20
88 207 55
88 248 8
88 268 94
89 103 56
89 104 57
89 147 25
89 165 50
89 172 94
89 214 95
89 245 15
89 247 22
89 251 65
89 265 2
89 270 40
89 273 9
90 103 2
90 109 79
90 115 30
90 118 61
90 125 11
90 127 3
90 193 25
90 196 90
90 199 92
90 214 27
90 229 23
90 248 62
90 251 93
90 272 14
90 282 15
90 297 12
91 113 68
91 153 22
91 155 5
91 167 76
92 97 31
92 116 82
92 120 25
92 140 76
92 141 28
92 142 91
92 175 97
92 219 93
92 221 45
92 223 88
92 231 53
92 242 46
92 289 19
93 95 83
93 116 58
93 122 81
93 124 85
93 134 83
93 157 71
93 160 76
93 176 61
93 182 93
93 186 89
93 215 54
93 227 59
93 232 3
93 242 65
93 250 26
93 283 77
94 107 22
94 114 53
94 152 59
94 154 55
94 160 30
94 217 34
94 231 82
94 237 20
95 99 30
95 111 26
95 158 64
95 159 70
95 160 79
95 165 62
95 176 88
95 217 61
95 233 71
95 243 68
95 247 45
95 265 5
95 283 38
95 288 72
96 119 66
96 138 83
96 159 60
96 168 19
96 189 41
96 199 14
96 216 83
96 249 18
96 277 90
96 292 56
97 106 23
97 116 100
97 135 10
97 143 4
97 174 33
98 146 92
98 157 23
98 185 15
98 212 69
98 282 39
98 297 84
99 116 47
99 121 52
99 156 23
99 161 7
99 181 22
99 183 90
99 209 51
99 211 27
99 218 80
99 247 22
99 259 92
99 270 62
99 279 33
99 292 62
100 113 54
100 214 47
100 255 96
100 267 71
100 290 88
101 130 52
101 187 45
101 201 88
101 228 13
101 233 48
101 245 20
101 279 56
102 148 23
102 221 86
102 237 25
102 244 13
102 246 69
102 281 71
102 294 64
103 176 91
103 198 78
103 204 37
103 209 33
103 232 80
103 236 15
103 247 12
103 258 54
103 276 58
103 284 25
104 117 38
104 141 19
104 167 78
104 185 84
104 196 15
104 237 100
104 242 24
104 265 18
104 279 45
105 117 63
105 144 30
105 176 92
105 183 34
105 212 86
105 214 66
105 235 20
105 237 62
105 257 78
105 266 40
105 281 32
105 291 41
106 113 31
106 134 61
106 151 78
106 187 63
106 189 93
106 190 44
106 191 26
106 213 46
106 232 2
106 249 2
106 253 83
106 295 20
106 296 31
107 109 19
107 148 34
107 162 82
107 166 94
107 238 3
107 257 26
107 282 56
107 288 33
107 289 70
107 297 41
108 109 70
108 119 35
108 144 60
108 192 31
108 233 13
108 256 100
108 279 14
109 124 5
109 127 82
109 147 75
109 168 34
109 177 96
109 217 67
109 250 78
109 285 73
110 112 64
110 120 79
110 153 74
110 187 98
110 192 50
110 229 4
110 232 68
110 264 84
110 282 37
110 284 13
111 130 38
111 136 63
111 142 20
111 152 70
111 162 84
111 211 61
111 213 39
111 242 70
111 254 72
111 280 21
112 136 34
112 140 71
112 164 35
112 209 91
112 241 4
112 247 61
112 263 24
112 266 99
112 274 79
112 280 53
113 128 23
113 142 94
113 163 31
113 190 96
113 223 91
113 230 81
113 238 51
114 124 11
114 163 16
114 220 88
114 226 23
114 262 53
114 271 2
114 283 43
114 298 75
115 116 37
115 129 55
115 187 65
115 189 58
115 191 26
115 199 86
116 117 44
116 139 49
116 145 72
116 148 34
116 155 52
116 196 32
116 204 57
116 210 3
116 221 62
116 234 10
116 267 25
116 282 55
117 176 92
117 180 73
117 207 97
117 209 24
117 229 75
117 263 7
117 265 39
117 279 14
117 280 82
118 164 44
118 167 67
118 185 76
118 191 18
118 193 55
118 244 30
118 246 82
118 255 13
118 275 55
118 284 19
118 290 56
119 122 3
119 129 90
119 178 89
119 192 55
119 198 73
119 206 97
119 214 9
119 234 34
119 235 58
119 264 85
119 275 88
119 296 2
120 122 9
120 128 85
120 135 25
120 162 84
120 178 43
120 189 16
120 206 49
120 219 24
120 229 11
120 274 16
120 277 51
121 130 80
121 131 22
121 138 80
121 145 13
121 171 34
121 173 35
121 221 32
121 227 41
121 244 37
121 293 21
122 128 29
122 130 43
122 219 46
122 238 78
122 251 3
122 284 79
122 292 87
123 128 88
123 189 19
123 209 88
123 217 96
123 280 3
124 126 65
124 136 31
124 148 97
124 165 80
124 213 80
124 221 73
124 263 90
124 275 47
125 129 23
125 141 21
125 158 68
125 193 3
125 195 33
125 201 54
125 237 37
125 243 64
125 272 94
125 279 25
126 146 37
126 158 75
126 165 20
126 175 82
126 227 4
126 230 22
126 258 60
126 274 90
126 279 61
126 298 78
127 169 30
127 207 9
127 228 32
127 247 94
127 253 91
127 273 81
127 293 25
128 170 22
128 208 53
128 210 66
128 222 68
128 225 75
128 241 86
128 285 88
129 149 77
129 175 18
129 182 93
129 199 65
129 212 82
129 230 86
129 234 42
129 294 70
130 132 12
130 133 13
130 137 51
130 159 15
130 225 86
130 245 62
130 246 57
130 260 47
130 264 92
130 270 86
130 282 7
130 293 75
130 299 31
131 132 97
131 148 55
131 156 55
131 168 19
131 185 7
131 217 20
131 218 38
131 220 34
131 221 5
131 234 77
131 252 62
131 263 22
131 268 69
131 281 27
132 178 55
132 195 7
132 238 20
132 241 24
132 262 18
132 271 32
132 272 26
132 279 85
132 289 17
133 141 88
133 161 41
133 174 15
133 187 31
133 228 78
133 238 73
133 286 5
134 160 8
134 180 70
134 207 60
134 218 62
134 219 40
134 243 18
134 252 81
134 271 77
135 138 51
135 151 37
135 185 6
135 226 13
135 252 10
135 295 74
136 147 91
136 192 65
136 195 32
136 196 62
136 218 40
136 279 2
137 180 93
137 181 66
137 272 86
137 273 61
137 281 5
138 151 78
138 164 28
138 174 35
138 182 55
138 219 100
138 223 91
138 229 62
138 237 21
138 252 50
138 255 23
138 276 12
138 296 20
139 146 55
139 177 89
139 198 70
139 199 43
139 201 46
139 212 34
139 226 52
139 233 71
139 239 24
139 266 68
139 280 3
140 181 85
140 208 60
140 240 4
140 254 29
140 260 25
140 261 41
140 262 42
140 279 81
141 155 18
141 159 21
141 164 15
141 201 72
141 221 72
141 231 5
141 255 33
141 261 45
142 190 7
142 214 7
142 251 56
142 289 26
143 152 13
143 210 96
143 212 47
143 235 55
143 237 41
143 251 81
143 271 58
143 281 12
144 225 56
144 235 26
144 270 14
144 278 93
144 283 85
145 151 69
145 161 73
145 168 61
145 191 9
145 220 66
145 275 41
145 284 26
146 155 86
146 159 7
146 164 49
146 196 58
147 165 63
147 173 33
147 190 54
147 193 21
147 235 39
147 279 9
148 171 98
148 174 3
148 237 5
148 267 97
148 275 57
149 169 45
149 181 77
149 216 14
149 232 8
149 260 84
149 261 91
149 265 73
149 269 28
150 163 75
150 168 41
150 194 1
150 219 87
150 225 1
150 252 66
150 258 79
150 277 78
150 288 4
150 297 85
150 299 26
151 156 13
151 173 100
151 184 58
151 185 66
151 207 20
151 235 48
151 262 74
151 276 70
151 287 50
152 218 78
152 224 66
152 257 6
152 276 75
152 291 94
153 178 72
153 181 82
153 195 77
153 218 62
153 253 55
153 269 57
153 287 89
153 294 47
154 158 57
154 177 27
154 195 48
154 213 74
154 242 6
154 246 25
154 272 29
154 274 42
154 281 3
154 288 41
155 156 41
155 163 60
155 189 58
155 216 13
155 217 8
155 226 32
155 236 34
155 265 9
156 158 61
156 159 99
156 174 67
156 205 87
156 218 92
156 240 38
156 256 69
156 274 20
156 296 51
157 171 75
157 173 28
157 206 91
157 258 73
158 221 36
158 237 70
158 250 20
158 273 10
158 286 75
159 182 97
159 184 90
159 226 16
159 265 51
159 281 31
159 288 9
159 297 10
160 195 88
160 198 73
160 200 69
160 204 71
160 224 6
160 240 30
160 253 32
160 265 56
161 181 96
161 213 70
161 217 99
161 241 85
161 242 90
161 244 18
161 251 87
161 255 64
161 266 98
162 191 78
162 212 89
162 219 33
162 226 47
162 227 60
162 234 42
162 267 73
162 285 56
163 190 84
163 205 40
163 222 58
163 223 14
163 243 48
163 267 68
163 268 53
163 273 72
163 274 88
163 291 24
163 292 77
163 293 17
163 299 7
164 172 84
164 228 64
164 231 76
164 268 82
164 269 48
164 283 18
165 183 52
165 241 35
165 281 81
166 183 49
166 208 64
166 283 21
167 170 81
167 182 62
167 211 81
167 279 75
168 171 34
168 175 88
168 176 58
168 220 73
168 222 46
168 223 71
168 253 73
169 173 65
169 177 75
169 192 44
169 220 52
169 254 98
169 290 73
170 180 21
170 189 56
170 190 56
170 224 84
170 248 84
171 206 38
171 265 84
171 273 1
171 279 89
171 286 70
172 184 33
172 192 89
172 198 33
172 215 54
172 290 69
172 294 94
173 190 34
173 201 43
173 254 79
173 297 21
174 210 100
174 233 3
174 261 18
174 269 22
174 281 75
174 288 82
175 247 97
175 252 71
175 280 86
175 294 46
175 296 95
176 197 6
176 199 54
176 215 50
176 227 41
176 244 89
176 246 39
176 291 76
176 292 89
177 198 79
177 212 45
177 237 73
177 238 67
177 281 77
178 229 78
178 248 36
178 268 22
179 219 63
179 222 30
179 229 52
179 246 36
179 261 82
180 228 55
180 234 53
180 250 3
180 265 81
180 268 35
180 269 51
180 281 3
181 206 20
181 297 49
182 200 97
182 214 77
182 224 2
182 256 99
182 282 69
183 226 42
183 266 89
183 270 45
183 276 30
183 282 68
183 288 41
184 188 54
184 189 86
184 242 70
184 244 32
184 271 73
184 280 91
184 282 94
185 191 3
185 237 95
185 242 29
185 245 36
185 253 1
186 231 82
186 239 38
186 240 81
186 259 68
186 263 41
186 268 84
186 295 39
187 201 89
187 205 32
187 208 15
187 216 42
187 219 30
187 270 35
187 271 83
187 280 71
187 283 31
188 194 64
188 201 38
188 249 72
188 272 69
189 191 75
189 200 41
189 211 100
189 223 48
189 231 83
189 242 46
189 258 2
189 265 77
190 213 26
190 262 89
190 267 77
190 277 59
191 209 26
191 220 10
191 239 26
191 242 18
191 266 45
191 283 16
192 234 58
192 260 76
192 275 30
192 289 51
192 293 58
193 216 17
193 227 85
193 237 28
193 247 47
193 250 48
193 276 17
194 203 18
194 267 69
194 280 43
194 293 58
195 226 20
195 234 42
195 255 93
195 287 65
196 204 95
196 205 21
196 214 43
196 221 83
196 299 98
197 201 1
197 215 61
197 258 59
197 283 79
197 285 78
198 204 3
198 226 94
198 232 36
198 237 30
198 240 76
198 261 86
199 229 87
199 241 92
199 246 71
199 257 66
199 285 38
200 205 70
200 229 34
200 230 56
200 234 90
200 239 77
200 256 65
201 260 10
201 269 18
201 283 57
201 286 74
202 214 13
202 223 78
202 237 68
203 218 95
203 247 27
203 285 69
203 291 55
204 220 85
204 221 47
204 232 85
204 239 87
204 258 40
205 217 20
205 244 68
205 256 15
205 257 57
205 266 55
205 285 6
205 291 79
206 237 72
206 240 96
206 245 1
206 247 6
206 291 51
207 211 90
207 214 82
207 215 15
207 234 99
207 273 51
207 289 24
208 212 25
208 243 63
208 295 53
208 297 92
209 260 10
209 291 79
210 254 12
210 269 64
211 227 15
212 219 10
212 233 48
212 238 53
212 243 50
212 269 19
213 262 20
213 264 16
213 281 28
213 283 26
213 289 74
213 296 6
214 272 98
214 294 21
215 232 58
215 270 55
215 290 71
216 253 48
216 255 88
216 256 37
216 276 98
216 286 38
216 297 12
217 236 74
217 268 53
218 246 64
218 247 18
218 251 62
218 283 94
219 238 29
219 242 25
219 244 8
219 273 39
219 283 25
221 247 60
221 254 40
221 260 95
222 231 80
222 291 7
223 234 22
223 246 57
223 250 32
223 256 80
223 262 54
223 265 52
223 274 89
223 285 60
224 238 74
224 281 88
224 289 47
225 241 11
225 263 86
225 271 85
225 283 22
225 289 11
227 233 37
227 253 38
227 257 28
227 259 98
227 270 31
227 275 9
227 295 74
227 298 39
228 245 99
228 253 50
228 255 50
228 263 38
228 272 97
228 281 81
229 238 96
229 277 70
229 282 38
229 283 28
230 239 1
230 244 43
230 254 31
230 256 90
230 267 3
230 280 5
231 254 77
232 259 49
232 262 67
232 283 62
232 292 85
233 237 40
233 244 25
234 237 73
234 252 77
234 284 52
235 259 22
235 263 8
235 272 12
235 278 48
235 287 98
235 296 10
236 270 49
236 277 47
236 285 47
236 288 45
237 248 28
237 249 95
237 288 15
237 290 65
238 242 22
238 254 15
238 266 7
238 274 4
238 283 56
238 285 61
239 273 8
239 275 33
239 277 10
239 290 74
240 267 46
241 267 46
241 268 14
241 277 70
242 266 19
242 274 42
242 286 22
243 244 40
243 268 49
243 269 85
243 280 87
243 297 98
244 265 95
245 256 36
245 261 45
245 265 41
245 270 32
245 275 24
245 290 35
246 257 98
246 286 40
247 274 8
247 277 13
247 288 98
248 257 12
248 266 68
248 277 59
250 251 71
250 281 52
251 273 20
251 288 97
252 278 98
252 283 65
252 291 62
253 258 67
253 285 35
253 290 3
255 262 40
255 267 75
255 281 4
255 290 25
256 288 13
257 270 1
257 275 19
258 262 100
259 260 97
260 264 11
260 292 84
260 293 20
261 262 98
261 264 81
261 287 11
262 272 5
264 295 45
265 281 9
265 299 68
266 288 65
267 290 67
267 298 91
268 284 16
269 270 86
269 286 87
270 285 13
270 291 2
272 291 48
272 294 32
273 277 37
273 280 2
273 297 71
275 289 63
276 290 5
276 292 47
278 282 27
278 283 58
279 282 65
280 299 27
283 286 54
286 299 28
290 292 62
291 298 26
300 306 7
300 307 6
300 319 2
300 322 9
300 353 5
300 385 7
300 438 10
300 452 3
300 473 2
300 475 2
300 480 7
300 499 1
300 513 4
300 523 3
300 526 6
300 564 10
300 565 2
300 566 10
300 568 3
300 574 7
301 347 10
301 370 7
301 380 10
301 393 6
301 398 7
301 403 1
301 422 4
301 439 8
301 447 1
301 471 9
301 503 4
301 542 7
302 310 6
302 326 5
302 335 8
302 352 2
302 386 3
302 401 7
302 438 4
302 443 6
302 449 8
302 495 10
302 500 8
302 504 3
302 517 2
302 563 3
302 575 2
303 327 6
303 335 3
303 342 6
303 362 4
303 375 4
303 382 3
303 384 3
303 396 9
303 401 1
303 414 3
303 456 2
303 457 10
303 505 3
303 541 2
303 545 3
303 555 1
303 592 7
304 311 9
304 327 10
304 338 8
304 346 3
304 351 6
304 357 2
304 399 9
304 426 5
304 459 3
304 477 6
304 479 8
304 557 7
304 568 9
304 595 9
305 331 2
305 360 3
305 393 5
305 420 5
305 458 6
305 478 9
305 486 7
305 524 4
305 544 1
305 548 1
305 568 8
305 572 10
306 335 3
306 350 9
306 361 4
306 371 5
306 401 6
306 411 4
306 425 5
306 434 3
306 454 6
306 463 2
306 479 6
306 491 4
306 501 7
306 508 9
306 524 10
306 526 6
306 553 7
306 575 10
306 581 4
307 318 8
307 323 2
307 352 10
307 368 2
307 400 9
307 407 10
307 438 10
307 460 4
307 467 10
307 491 2
307 498 1
307 508 1
307 522 6
307 563 10
307 570 6
307 575 10
308 309 7
308 371 9
308 384 6
308 393 1
308 426 5
308 454 8
308 459 9
308 497 8
308 507 6
308 513 9
308 547 9
308 551 1
308 570 5
308 585 8
308 596 6
309 406 2
309 431 1
309 494 6
309 497 5
309 514 9
309 525 7
309 540 6
309 544 3
309 561 9
309 565 7
309 571 5
309 579 9
309 580 2
309 597 6
310 314 5
310 344 3
310 363 2
310 387 5
310 410 9
310 428 5
310 440 9
310 458 6
310 498 3
310 547 9
310 592 1
311 312 3
311 327 9
311 340 3
311 394 7
311 484 9
311 491 8
311 530 10
311 547 9
311 560 5
311 561 4
311 575 10
311 586 2
312 317 1
312 385 2
312 404 10
312 405 7
312 424 6
312 471 10
312 476 10
312 495 4
312 525 6
312 534 2
312 563 5
312 582 1
312 588 10
312 590 1
312 594 1
313 335 7
313 347 5
313 402 9
313 405 9
313 408 7
313 410 10
313 414 1
313 486 3
313 489 8
313 533 9
313 578 4
313 581 6
313 591 5
314 332 7
314 356 5
314 370 6
314 379 9
314 382 8
314 387 7
314 412 7
314 414 6
314 417 7
314 435 6
314 457 9
314 492 4
314 522 8
314 528 5
314 574 4
315 324 9
315 353 6
315 383 7
315 384 6
315 388 2
315 421 7
315 440 6
315 464 9
315 490 6
315 493 9
315 513 3
315 530 3
315 565 7
315 569 7
316 395 1
316 444 1
316 476 5
316 492 7
316 510 9
316 511 4
316 541 7
316 557 5
316 566 10
316 575 2
316 577 3
316 595 8
317 339 2
317 355 7
317 367 7
317 386 6
317 397 2
317 420 5
317 486 3
317 498 8
317 503 2
317 533 7
317 554 5
317 587 10
317 589 5
318 356 2
318 388 8
318 403 7
318 428 5
318 432 6
318 453 5
318 472 7
318 509 8
318 533 2
318 538 3
318 540 6
318 556 5
318 569 9
318 584 3
318 589 6
319 335 2
319 362 5
319 379 5
319 393 5
319 402 3
319 435 1
319 482 3
319 490 5
319 515 8
319 516 5
319 553 4
319 559 9
319 583 1
319 586 10
320 386 8
320 403 7
320 427 2
320 442 7
320 468 6
320 486 8
320 488 2
320 554 10
320 576 4
320 585 10
321 329 3
321 366 8
321 378 5
321 384 7
321 394 9
321 415 9
321 451 5
321 536 10
321 556 4
321 581 9
322 355 5
322 409 6
322 434 2
322 442 7
322 452 2
322 453 9
322 461 3
322 474 8
322 478 9
322 500 6
322 509 7
322 510 9
322 517 2
322 528 10
322 537 5
322 554 9
322 598 9
323 330 7
323 347 1
323 403 2
323 476 6
323 496 3
323 523 2
323 527 2
323 551 2
324 342 10
324 355 1
324 400 8
324 445 1
324 450 4
324 469 8
324 484 7
324 485 1
324 510 9
324 559 3
325 343 5
325 344 7
325 350 8
325 364 2
325 414 6
325 448 5
325 457 10
325 466 4
325 512 8
325 514 10
325 542 8
325 575 7
325 577 8
325 592 6
326 332 7
326 333 2
326 336 1
326 338 1
326 368 5
326 401 3
326 415 2
326 424 4
326 439 3
326 471 9
326 473 6
326 498 8
326 513 7
326 563 3
327 361 10
327 376 5
327 381 5
327 396 4
327 409 4
327 417 4
327 433 7
327 438 1
327 442 8
327 494 7
327 499 6
327 513 6
327 520 8
327 549 5
327 556 2
328 353 5
328 361 1
328 380 10
328 391 8
328 418 1
328 481 10
328 490 4
328 503 5
328 528 4
328 586 7
329 376 9
329 402 4
329 433 3
329 452 8
329 462 10
329 471 7
329 473 8
329 474 7
329 475 3
329 493 3
329 504 2
329 511 7
329 531 10
329 535 2
329 576 6
329 580 6
329 583 9
329 585 1
330 339 3
330 359 3
330 367 4
330 370 9
330 379 5
330 390 5
330 393 9
330 401 6
330 405 7
330 460 2
330 475 2
330 483 10
330 546 1
331 347 1
331 353 3
331 364 5
331 396 10
331 401 5
331 405 1
331 408 7
331 411 3
331 424 3
331 437 10
331 438 4
331 446 9
331 457 1
331 483 7
331 507 7
331 508 6
331 516 5
331 577 7
332 350 10
332 379 9
332 410 3
332 438 10
332 464 4
332 478 7
332 508 10
332 530 1
332 562 3
332 568 2
332 597 2
333 339 2
333 346 4
333 391 4
333 460 7
333 479 8
333 491 4
333 549 1
333 566 8
334 355 2
334 368 3
334 376 2
334 377 3
334 382 8
334 391 3
334 392 3
334 407 4
334 428 9
334 441 10
334 494 10
334 497 5
334 516 1
334 517 8
334 536 7
334 545 1
334 567 1
334 582 6
335 340 10
335 349 1
335 367 8
335 375 3
335 378 5
335 441 2
335 459 6
335 463 8
335 465 8
335 514 3
335 526 3
335 536 10
335 573 2
336 346 5
336 382 4
336 390 4
336 410 7
336 421 1
336 433 6
336 436 10
336 442 6
336 457 6
336 487 1
336 496 5
336 506 10
336 510 2
336 518 4
336 542 9
336 549 2
336 551 5
336 558 6
337 344 3
337 345 7
337 373 3
337 401 6
337 405 3
337 407 6
337 445 3
337 450 3
337 451 5
337 454 6
337 482 5
337 492 4
337 499 9
337 531 9
337 546 9
337 551 4
337 561 8
337 582 1
338 340 1
338 360 9
338 366 6
338 375 6
338 466 9
338 478 2
338 489 8
338 510 10
338 544 6
339 357 6
339 371 3
339 387 2
339 398 3
339 427 6
339 429 8
339 435 5
339 436 3
339 440 1
339 445 1
339 453 5
339 459 3
339 498 5
339 506 2
339 511 9
339 527 1
339 534 1
339 575 10
339 587 1
339 592 6
340 348 7
340 350 2
340 367 7
340 375 7
340 443 9
340 445 2
340 452 7
340 464 1
340 494 9
340 500 7
340 502 6
340 508 6
340 537 1
340 556 7
340 559 8
341 354 8
341 393 6
341 402 5
341 422 2
341 439 8
341 449 7
341 467 7
341 490 2
341 538 1
341 565 10
341 568 1
341 577 3
341 578 2
341 582 10
341 583 4
342 364 8
342 373 8
342 408 7
342 415 4
342 417 6
342 441 5
342 443 5
342 473 2
342 496 7
342 521 6
342 565 10
342 568 2
342 582 3
343 344 1
343 379 10
343 394 1
343 402 10
343 433 8
343 465 5
343 474 2
343 475 5
343 481 1
343 516 10
343 526 9
343 548 3
343 549 9
343 557 9
343 577 8
343 580 1
344 372 10
344 396 3
344 424 10
344 429 9
344 454 9
344 467 3
344 488 4
344 508 5
344 517 9
344 556 7
344 585 2
345 349 6
345 386 7
345 389 5
345 394 9
345 407 9
345 431 7
345 461 9
345 484 8
345 495 4
345 524 5
345 530 9
345 565 10
345 578 7
346 356 10
346 363 8
346 370 1
346 409 9
346 426 8
346 439 10
346 451 1
346 461 9
346 473 2
346 516 10
346 520 9
346 525 2
346 539 4
346 551 4
346 554 9
346 595 2
347 363 1
347 386 10
347 404 10
347 430 7
347 441 4
347 466 8
347 470 5
347 473 10
347 483 8
347 531 4
347 533 5
347 544 2
347 558 5
348 360 5
348 370 10
348 373 4
348 384 4
348 391 10
348 400 2
348 428 4
348 433 2
348 442 4
348 448 4
348 461 3
348 511 3
348 529 3
348 540 7
348 595 6
349 372 6
349 388 5
349 424 10
349 437 8
349 473 6
349 474 9
349 506 4
349 515 1
349 556 8
349 558 10
349 570 3
349 576 5
350 378 6
350 381 7
350 423 8
350 445 10
350 477 3
350 495 7
350 522 3
350 590 9
351 402 8
351 411 7
351 420 2
351 421 9
351 446 10
351 470 5
351 478 4
351 487 3
351 504 7
351 552 2
351 559 10
351 567 5
351 573 8
351 575 1
351 576 2
352 365 3
352 409 1
352 417 8
352 470 3
352 503 8
352 559 9
352 567 7
352 572 2
352 585 4
353 355 4
353 391 9
353 403 3
353 410 8
353 439 7
353 489 8
353 499 6
353 502 5
353 520 4
353 559 7
353 567 5
353 586 3
353 588 4
354 387 10
354 389 7
354 396 2
354 398 1
354 420 9
354 426 6
354 498 8
354 515 1
354 549 10
354 553 2
355 359 2
355 361 7
355 391 5
355 446 9
355 461 5
355 471 3
355 494 3
355 502 1
355 514 6
355 517 3
355 521 3
355 559 6
355 560 2
355 570 2
355 586 1
355 592 6
356 382 5
356 387 10
356 405 2
356 460 10
356 471 3
356 504 2
356 512 8
356 521 6
356 524 4
356 531 8
356 539 4
356 589 2
356 593 9
356 596 3
357 363 3
357 373 10
357 390 1
357 396 9
357 414 10
357 516 7
357 558 2
357 564 4
357 572 7
358 431 9
358 480 9
358 483 2
358 500 4
358 502 10
358 504 3
358 510 5
358 521 7
358 531 10
358 546 6
359 432 8
359 470 1
359 528 10
359 537 1
359 548 8
359 550 5
359 564 5
359 581 8
359 587 8
359 591 8
360 363 6
360 416 2
360 418 10
360 423 7
360 449 2
360 546 1
360 550 8
360 579 1
360 585 4
360 593 4
361 371 9
361 396 2
361 419 2
361 432 10
361 437 8
361 449 3
361 456 5
361 560 4
361 595 9
361 596 6
362 371 9
362 372 8
362 373 6
362 401 8
362 434 9
362 435 5
362 468 4
363 368 5
363 398 2
363 414 2
363 429 2
363 432 7
363 439 3
363 449 3
363 513 5
363 517 7
363 540 3
363 544 3
363 556 9
363 567 8
363 576 8
363 598 7
364 416 2
364 418 9
364 456 9
364 480 9
364 487 1
364 532 3
364 548 4
364 554 1
364 590 8
365 376 2
365 445 8
365 447 5
365 459 1
365 469 8
365 479 9
365 485 4
365 492 2
365 496 1
365 497 7
365 502 5
365 517 7
365 522 2
365 554 8
365 557 4
365 571 10
365 582 2
366 383 6
366 400 8
366 441 10
366 442 3
366 443 4
366 445 1
366 499 3
366 505 2
366 551 1
367 407 5
367 415 6
367 419 4
367 466 5
367 485 3
367 486 5
367 487 4
367 490 7
367 491 7
367 500 2
367 538 8
367 590 2
368 411 5
368 430 8
368 489 1
368 552 10
368 564 6
368 597 2
369 393 7
369 417 9
369 419 1
369 427 8
369 436 6
369 443 8
369 471 9
369 509 10
369 524 3
369 539 1
369 577 2
369 584 5
370 386 1
370 408 8
370 434 10
370 458 4
370 462 4
370 465 5
370 496 10
370 525 8
370 535 3
370 538 8
370 563 1
370 588 10
371 393 10
371 478 5
371 482 7
371 495 10
371 547 4
371 551 5
371 552 3
371 553 2
371 559 3
371 595 3
371 597 2
372 382 9
372 389 2
372 393 10
372 421 10
372 435 6
372 448 1
372 477 4
372 510 10
372 511 1
372 518 1
372 523 2
372 560 7
372 573 5
372 584 8
373 397 6
373 433 2
373 438 10
373 456 4
373 490 2
373 493 2
373 525 5
373 545 8
373 561 8
374 392 4
374 419 4
374 439 4
374 529 8
374 555 5
374 563 7
375 446 2
375 467 6
375 474 7
375 520 3
375 584 8
375 598 6
376 379 10
376 380 10
376 389 9
376 396 10
376 423 10
376 462 2
376 471 3
376 481 8
376 488 6
376 515 10
376 551 4
377 379 9
377 440 1
377 442 9
377 447 2
377 451 2
377 487 3
377 557 9
377 572 10
377 583 8
377 586 2
377 597 3
378 394 5
378 412 9
378 417 1
378 467 6
378 509 6
378 510 7
378 541 10
378 549 3
378 550 5
379 398 9
379 406 2
379 409 5
379 424 10
379 454 4
379 476 6
379 486 4
379 516 3
379 517 1
379 530 3
379 564 6
379 590 9
380 399 4
380 408 6
380 425 2
380 445 5
380 456 10
380 502 1
380 506 6
380 515 9
380 539 4
380 565 1
380 595 3
381 397 4
381 407 1
381 438 10
381 439 10
381 467 10
381 470 1
381 487 2
381 491 6
381 494 10
381 502 6
381 505 10
381 558 1
382 390 1
382 408 6
382 434 5
382 439 3
382 467 8
382 468 9
382 532 1
382 561 9
382 568 4
382 570 6
382 572 10
383 386 9
383 411 8
383 460 2
383 470 6
383 477 6
383 486 8
383 495 8
383 520 9
383 542 1
383 545 1
384 386 10
384 411 10
384 413 10
384 419 1
384 423 4
384 446 7
384 449 2
384 463 1
384 583 6
384 584 2
385 412 1
385 416 3
385 429 8
385 489 5
385 498 1
385 508 9
385 523 5
385 562 1
385 576 2
385 594 3
386 389 10
386 398 2
386 460 10
386 483 4
386 499 8
386 504 7
386 540 1
386 543 7
386 550 7
386 557 3
386 560 7
386 565 7
386 576 5
386 583 8
387 402 9
387 431 8
387 460 4
387 479 10
387 487 10
387 493 2
387 500 3
387 510 2
387 587 4
388 389 3
388 430 6
388 431 6
388 473 1
388 495 3
388 518 8
388 520 4
388 530 7
388 555 10
388 559 6
388 562 8
388 563 3
388 564 5
388 568 4
388 570 5
388 593 1
389 398 1
389 426 7
389 429 8
389 449 9
389 458 1
389 462 5
389 491 7
389 529 10
389 541 9
389 552 8
389 559 1
389 566 2
389 575 2
389 596 2
390 409 7
390 509 4
390 527 10
390 529 5
390 558 6
390 592 2
391 394 2
391 435 10
391 444 10
391 448 1
391 460 5
391 467 7
391 482 5
391 485 9
391 495 2
391 528 9
391 546 1
391 557 4
391 577 8
391 580 8
392 403 2
392 428 10
392 430 3
392 466 10
392 470 10
392 488 3
392 527 7
392 544 2
392 546 6
392 553 9
392 556 4
392 565 2
392 566 4
392 572 3
393 413 6
393 435 10
393 451 6
393 453 8
393 497 9
393 502 7
393 539 10
393 559 5
393 575 3
393 589 5
394 403 5
394 453 6
394 463 5
394 464 5
394 471 10
394 478 2
394 513 3
394 519 1
394 564 2
394 589 7
394 597 3
395 417 3
395 433 1
395 450 1
395 519 4
395 532 6
395 549 9
395 576 9
395 577 7
395 584 5
395 589 3
396 398 5
396 400 6
396 403 8
396 409 4
396 418 4
396 421 6
396 476 3
396 480 10
396 518 8
396 532 9
396 565 4
397 409 4
397 413 4
397 438 8
397 456 3
397 478 7
397 484 2
397 536 5
397 542 10
397 561 10
397 583 7
397 596 2
398 411 10
398 416 8
398 417 8
398 424 7
398 434 8
398 468 6
398 559 4
398 564 4
398 584 9
399 410 8
399 421 9
399 427 8
399 433 3
399 435 4
399 442 4
399 458 5
399 467 3
399 478 3
399 516 6
399 518 8
399 524 8
399 527 1
399 548 6
399 563 2
399 592 7
399 597 9
400 456 9
400 466 7
400 493 9
400 502 5
400 508 10
400 534 10
400 557 4
400 578 9
400 589 7
400 593 4
401 402 7
401 409 2
401 419 7
401 423 5
401 437 1
401 485 6
401 491 4
401 494 3
401 500 1
401 510 9
401 535 7
401 537 4
401 561 4
401 581 4
401 586 1
402 427 1
402 473 4
402 474 8
402 478 5
402 492 1
402 494 7
402 526 3
402 538 9
402 573 7
402 577 7
403 413 10
403 432 6
403 449 3
403 453 9
403 462 4
403 469 6
403 481 5
403 489 5
403 519 4
403 552 1
403 568 5
403 580 1
404 482 6
404 486 7
404 508 2
404 514 5
404 565 6
404 596 5
405 427 10
405 431 9
405 435 7
405 444 2
405 487 3
405 490 5
405 515 6
405 566 5
405 574 3
405 591 8
406 423 3
406 449 1
406 485 7
406 529 2
406 551 8
406 570 9
407 437 2
407 449 2
407 509 6
407 529 6
407 533 6
407 556 9
407 591 6
407 595 1
408 410 10
408 457 4
408 490 9
408 494 1
408 528 8
408 538 4
408 570 7
408 586 9
409 428 5
409 429 5
409 462 10
409 467 7
409 469 9
409 492 6
409 527 1
409 539 3
409 548 3
409 560 5
409 578 5
409 591 9
410 418 8
410 419 3
410 428 9
410 430 10
410 434 6
410 464 6
410 473 5
410 524 1
410 574 7
411 415 3
411 424 3
411 452 6
411 484 6
411 485 2
411 492 8
411 533 5
411 537 7
411 541 6
411 555 3
411 599 1
412 437 10
412 504 2
412 544 9
412 563 1
412 565 7
412 571 9
412 599 5
413 425 2
413 457 5
413 465 10
413 488 2
413 509 3
413 516 4
413 522 3
413 558 2
413 566 9
413 582 8
413 594 6
414 420 1
414 460 4
414 461 10
414 478 4
414 493 1
414 552 5
414 558 7
414 562 10
414 567 9
415 420 5
415 462 5
415 470 3
415 476 6
415 499 7
415 509 5
415 530 4
415 567 7
415 571 3
415 587 5
415 592 3
416 458 4
416 459 9
416 463 4
416 467 6
416 470 3
416 492 7
416 501 10
416 503 4
416 512 7
416 513 7
416 524 2
416 528 8
416 535 3
416 546 1
416 581 3
417 439 5
417 525 8
417 528 1
417 540 5
417 541 8
418 420 5
418 457 1
418 465 1
418 474 2
418 476 9
418 482 5
418 506 6
418 510 5
418 516 7
418 521 2
418 530 10
418 558 3
418 582 2
419 424 3
419 428 10
419 429 5
419 435 10
419 436 9
419 451 10
419 458 8
419 493 7
419 509 1
419 519 5
419 533 9
419 537 4
419 553 9
419 556 4
420 435 1
420 438 9
420 440 10
420 454 8
420 468 6
420 474 10
420 479 8
420 518 7
420 522 9
420 540 4
420 556 2
420 589 5
421 439 3
421 510 5
421 533 4
421 572 5
421 583 7
422 425 9
422 439 6
422 459 3
422 479 10
422 489 4
422 501 2
422 511 7
422 516 2
422 521 5
422 570 4
422 580 1
422 585 8
423 461 2
423 476 6
423 479 10
423 483 3
423 500 5
423 501 9
423 513 8
423 564 6
423 568 9
424 427 4
424 433 4
424 444 4
424 459 8
424 494 1
424 511 6
424 522 2
424 529 6
424 553 2
424 568 10
424 578 4
424 585 7
425 428 2
425 435 3
425 467 2
425 489 6
425 490 2
425 516 4
425 517 10
425 533 5
425 542 6
425 544 9
425 559 8
425 586 1
426 439 10
426 514 10
426 530 7
426 565 8
427 448 7
427 461 2
427 474 8
427 515 1
427 516 8
427 529 2
427 535 10
427 572 10
428 452 9
428 476 1
428 575 5
428 594 1
428 597 3
429 430 1
429 450 9
429 471 4
429 516 5
429 552 1
429 572 1
429 589 6
430 451 6
430 459 10
430 463 2
430 478 1
430 489 10
430 500 10
430 502 1
430 508 9
430 515 9
431 443 9
431 448 9
431 465 6
431 477 10
431 478 6
431 480 8
431 505 7
431 524 9
431 531 7
431 598 6
432 445 8
432 472 9
432 474 3
432 488 8
432 489 1
432 509 3
432 519 6
432 539 7
432 554 9
433 442 8
433 467 7
433 470 7
433 475 3
433 544 9
433 551 8
433 553 3
433 559 8
433 574 7
433 579 5
433 590 7
434 457 8
434 482 3
434 531 5
434 562 3
434 574 5
434 577 2
434 586 2
434 599 3
435 453 1
435 455 10
435 460 1
435 472 8
435 495 8
435 496 3
435 506 5
435 518 9
435 524 7
435 541 2
435 543 7
435 565 7
435 579 2
435 594 3
435 595 3
436 465 4
436 469 1
436 475 1
436 485 9
436 519 9
436 533 9
436 537 5
436 543 7
436 567 6
437 475 10
437 521 3
437 527 10
437 537 4
437 578 4
438 452 1
438 459 6
438 487 4
438 496 2
438 520 6
438 533 1
438 544 10
438 560 10
438 567 7
438 581 10
438 590 8
439 495 1
439 547 6
439 565 5
439 587 2
440 453 10
440 456 7
440 457 5
440 473 3
440 513 7
440 572 5
440 591 3
441 471 8
441 496 10
441 541 9
441 546 3
441 582 9
442 467 1
442 542 3
442 565 4
442 595 6
443 445 5
443 472 1
443 498 10
443 503 7
443 517 7
443 519 2
443 529 8
443 546 8
443 547 1
443 559 7
444 454 6
444 459 1
444 469 4
444 501 10
444 515 4
444 548 5
444 590 8
444 592 10
445 446 7
445 478 7
445 488 5
445 533 9
445 577 4
445 592 6
446 495 9
446 498 6
446 508 6
446 513 9
446 541 10
446 545 9
446 563 7
446 569 7
446 577 9
446 591 8
446 593 5
447 466 7
447 470 9
447 504 2
447 547 5
447 576 1
448 452 10
448 470 2
448 500 3
448 503 5
448 506 3
448 515 6
448 522 9
448 593 2
449 455 6
449 479 6
449 537 8
449 547 2
450 453 6
450 484 1
450 492 7
450 527 5
450 528 9
450 540 4
450 557 5
450 563 10
450 574 2
450 578 1
451 464 8
451 485 2
451 491 8
451 498 2
451 535 9
451 543 9
451 550 5
452 463 5
452 465 9
452 498 4
452 516 8
452 517 2
452 549 8
452 557 10
452 564 9
452 589 9
453 464 3
453 471 4
453 497 4
453 520 1
453 550 7
453 557 9
453 558 3
453 587 5
454 455 5
454 459 3
454 460 8
454 468 10
454 469 3
454 475 1
454 523 2
454 534 10
454 548 3
454 561 10
454 564 4
454 565 3
454 592 8
454 594 8
454 598 9
455 462 8
455 463 2
455 470 6
455 477 9
455 559 1
455 583 7
455 593 8
456 487 9
456 528 9
456 537 3
456 576 4
456 579 9
456 580 2
457 482 5
457 486 4
457 505 6
457 509 9
457 523 6
457 542 4
457 545 10
457 559 8
457 583 6
458 462 2
458 504 10
458 513 8
458 528 1
458 533 3
458 535 2
458 539 10
458 563 10
458 578 10
458 592 9
459 534 3
459 563 5
459 595 10
460 474 6
460 475 3
460 486 7
460 504 6
460 510 2
460 539 1
460 591 10
461 469 2
461 567 2
461 569 6
462 475 7
462 477 10
462 478 6
462 510 3
462 543 3
462 546 6
462 565 10
462 577 10
462 580 9
463 478 1
463 481 8
463 504 1
463 557 3
463 574 1
463 578 10
463 583 5
463 597 1
464 466 10
464 471 9
464 499 7
464 517 9
464 542 4
464 548 2
465 477 7
465 491 10
465 512 5
465 516 8
465 570 1
465 571 6
465 583 1
465 587 6
466 481 3
466 507 10
466 515 3
466 524 7
467 474 4
467 500 8
467 503 8
467 525 4
467 564 6
467 565 9
467 566 3
467 577 8
467 593 3
468 499 3
468 529 7
468 543 9
468 547 5
468 551 7
468 565 8
469 483 4
469 496 7
469 502 3
469 504 5
469 548 4
469 566 2
469 575 9
469 584 1
470 474 4
470 475 6
470 481 3
470 484 1
470 485 10
470 490 3
470 504 4
470 511 6
470 514 8
470 560 3
470 569 4
470 571 3
470 584 1
470 594 4
471 489 5
471 504 8
471 508 6
471 511 10
471 538 7
471 557 5
471 564 6
471 577 5
471 579 4
471 586 9
471 587 1
471 592 6
471 595 5
472 478 4
472 499 10
472 523 3
472 579 4
472 580 5
472 590 1
472 591 9
472 592 6
473 507 10
473 534 1
473 555 9
473 559 8
474 488 10
474 517 1
474 551 1
475 496 3
475 530 1
475 542 4
475 562 9
475 569 9
476 478 1
476 567 10
476 594 5
476 598 7
477 535 6
477 552 9
477 566 10
477 590 6
478 479 9
478 483 8
478 497 1
478 502 3
478 536 7
478 571 5
479 482 8
479 490 1
479 501 5
479 510 6
479 524 6
479 537 7
479 543 8
480 519 6
480 556 4
480 567 10
480 575 9
480 580 4
480 582 2
480 588 9
481 488 9
481 491 10
481 536 9
481 537 9
481 544 2
481 586 5
482 486 6
482 490 9
482 516 5
482 532 7
482 557 4
482 572 4
482 590 4
483 519 6
483 531 8
483 551 2
483 555 3
483 566 7
483 571 3
484 487 9
484 514 5
484 520 10
484 592 5
486 490 4
487 493 8
487 552 8
487 566 3
488 561 6
488 567 3
488 574 4
488 575 6
489 505 1
489 545 6
489 553 7
489 556 2
490 499 7
490 526 1
490 534 9
490 548 5
490 556 6
490 590 5
491 511 10
491 517 1
491 538 1
491 553 8
491 560 10
492 503 2
492 514 10
492 516 6
492 530 6
492 540 8
492 583 2
492 599 8
493 529 3
493 556 6
493 590 5
493 595 2
494 501 8
494 506 2
494 550 5
494 552 4
494 567 7
494 597 7
495 502 9
495 511 3
495 513 10
495 523 7
495 531 6
495 550 8
495 556 1
495 567 3
496 499 5
496 511 2
496 516 3
496 533 7
497 512 9
497 517 4
497 557 8
497 567 10
497 570 1
497 575 4
497 587 8
498 505 3
498 531 1
498 548 2
498 557 8
498 558 7
498 567 5
498 568 7
498 578 8
498 589 1
498 591 10
499 519 4
499 536 8
499 551 8
499 577 9
499 598 9
500 540 6
500 554 4
500 560 7
501 502 8
501 510 6
501 537 3
501 542 10
501 553 10
501 577 9
501 594 10
502 528 3
502 546 8
502 559 10
502 561 3
502 568 3
503 512 9
503 542 5
503 555 5
503 561 2
504 511 4
504 516 1
504 520 6
504 536 1
504 540 8
504 560 7
504 561 2
504 568 4
504 593 6
505 536 2
505 547 2
505 570 4
506 512 7
506 530 7
506 534 2
506 575 5
506 590 4
506 598 6
507 526 6
507 577 5
507 592 6
508 559 5
508 574 7
509 514 4
509 523 6
509 545 1
509 553 6
509 581 4
510 525 8
510 526 3
510 563 5
510 575 1
510 598 3
511 529 3
511 539 3
511 583 3
512 514 9
512 515 7
512 540 6
512 546 6
512 551 8
512 566 9
512 572 9
512 578 4
512 579 7
512 592 1
513 517 10
513 570 2
513 591 8
514 537 5
515 527 6
515 534 4
515 552 2
515 564 2
515 579 7
515 582 7
516 566 2
516 578 4
516 587 3
516 591 9
517 532 8
517 537 7
517 574 2
517 595 1
517 596 9
518 535 6
518 548 5
518 583 9
519 528 2
519 530 10
519 563 6
519 595 1
520 523 10
520 555 5
520 557 5
520 592 6
521 539 7
521 542 6
521 557 7
521 562 4
521 582 3
521 583 2
522 535 9
522 558 4
522 568 5
523 557 7
523 589 2
524 531 8
524 536 3
524 544 4
524 545 7
524 564 10
524 583 3
525 536 10
525 556 2
525 576 3
525 579 5
525 587 6
526 543 4
526 549 9
527 561 5
529 548 9
529 557 9
529 580 6
529 586 3
530 536 5
531 557 3
531 578 1
532 546 3
532 554 1
532 596 7
533 544 5
533 551 4
533 574 5
533 592 10
534 594 8
535 588 2
536 560 3
537 541 6
537 549 4
537 550 7
537 552 4
538 595 5
539 552 1
539 594 5
540 583 7
541 542 3
541 553 1
541 562 2
541 570 6
541 588 9
541 589 9
542 560 7
542 565 10
542 592 4
543 558 1
543 565 4
544 570 7
544 577 2
545 551 6
545 561 9
545 580 10
546 578 2
546 589 3
547 553 4
547 563 1
547 567 2
548 565 7
548 571 6
550 577 7
550 599 2
552 562 2
552 567 2
552 568 7
552 569 4
553 589 8
553 595 3
553 597 6
554 557 9
554 570 6
554 590 4
554 599 9
555 599 4
556 559 2
556 578 8
557 563 10
557 576 2
557 577 4
557 582 8
558 572 5
558 587 9
558 588 6
559 568 4
560 565 3
560 579 8
560 584 10
560 587 5
561 595 10
562 599 8
563 564 10
565 583 8
565 587 10
566 586 3
567 572 2
567 575 8
568 571 6
570 597 9
572 573 2
573 579 4
573 588 7
573 597 7
574 587 7
577 590 6
578 580 3
579 582 8
579 584 5
583 586 2
585 595 1
585 596 8
587 599 9
588 591 6
594 596 7
600 299 78
601 599 6
600 601 94
602 619 1
602 647 2
602 688 1
602 703 7
602 724 3
602 762 5
602 791 6
602 796 1
602 821 2
602 825 5
602 833 3
602 836 10
602 837 7
602 845 1
602 855 10
602 874 10
602 878 2
603 613 7
603 627 6
603 655 2
603 660 1
603 676 6
603 734 6
603 796 4
603 837 1
603 846 4
603 860 3
603 868 5
603 875 8
603 898 8
603 900 4
604 613 10
604 649 9
604 654 6
604 705 6
604 723 3
604 756 3
604 806 3
604 832 3
604 836 6
604 843 7
604 853 7
604 858 6
604 877 6
604 887 8
605 609 7
605 611 7
605 619 1
605 627 6
605 649 2
605 663 2
605 680 6
605 683 9
605 709 9
605 770 9
605 782 9
605 789 3
605 805 2
605 824 6
605 842 2
606 655 9
606 727 1
606 761 1
606 762 9
606 766 8
606 803 6
606 804 2
606 805 10
606 817 1
606 827 4
606 849 6
606 850 9
606 855 1
606 856 3
606 872 4
607 613 10
607 615 9
607 646 10
607 647 10
607 654 4
607 655 3
607 668 3
607 675 2
607 686 1
607 733 1
607 740 10
607 746 2
607 751 5
607 753 3
607 773 7
607 791 6
607 805 1
607 855 9
607 857 6
607 868 2
608 615 6
608 636 4
608 651 3
608 684 6
608 689 4
608 695 8
608 718 3
608 729 2
608 751 10
608 753 5
608 757 6
608 771 9
608 775 3
608 777 5
608 844 8
608 870 9
608 877 8
609 611 2
609 654 10
609 659 10
609 698 3
609 701 9
609 759 1
609 773 7
609 805 2
609 807 9
609 813 3
609 821 4
609 859 7
609 883 10
610 629 5
610 660 5
610 690 3
610 722 9
610 723 10
610 751 8
610 766 7
610 785 2
610 790 2
610 796 6
610 797 6
610 801 7
610 834 7
610 838 10
610 865 3
610 884 6
610 891 10
611 627 2
611 658 8
611 660 9
611 671 4
611 720 10
611 760 10
611 776 4
611 798 8
611 799 3
611 819 5
611 835 2
611 844 8
611 854 3
611 855 2
611 856 3
611 862 7
611 863 6
611 891 3
612 615 8
612 632 4
612 649 9
612 662 9
612 679 5
612 694 7
612 730 6
612 776 3
612 778 3
612 819 8
613 617 7
613 709 8
613 714 7
613 764 1
613 778 7
613 779 8
613 785 4
613 808 8
613 834 7
613 838 7
613 848 6
613 860 1
613 863 3
613 871 7
613 873 8
613 877 6
613 901 10
614 619 2
614 633 2
614 659 6
614 678 5
614 753 10
614 794 1
614 831 3
614 835 10
615 629 7
615 664 1
615 670 8
615 686 1
615 690 3
615 693 5
615 715 7
615 720 3
615 729 3
615 743 7
615 770 9
615 792 10
615 799 2
615 819 7
615 893 8
615 898 9
616 648 4
616 653 10
616 672 3
616 689 10
616 692 8
616 693 8
616 695 10
616 697 9
616 702 10
616 708 7
616 711 5
616 742 9
616 750 9
616 815 10
616 836 10
616 841 5
616 869 10
616 874 7
617 618 7
617 621 5
617 665 3
617 667 5
617 677 7
617 719 6
617 731 4
617 755 5
617 760 7
617 770 5
617 798 3
617 803 7
617 842 5
617 850 6
617 870 6
617 876 8
618 648 8
618 662 5
618 745 5
618 757 9
618 832 4
618 833 4
618 855 7
618 864 10
618 877 4
618 887 5
619 636 9
619 647 6
619 668 1
619 670 1
619 690 2
619 692 7
619 701 5
619 706 5
619 725 1
619 795 1
619 797 2
619 814 4
619 822 7
619 825 10
619 870 9
619 879 2
619 883 8
620 658 5
620 667 7
620 712 4
620 716 2
620 725 4
620 740 8
620 751 7
620 764 4
620 775 3
620 824 2
620 826 10
620 838 3
620 848 8
620 859 4
620 883 3
621 641 3
621 650 6
621 652 3
621 656 4
621 680 2
621 684 7
621 716 10
621 735 5
621 773 9
621 873 3
621 886 10
622 634 8
622 669 5
622 672 10
622 682 9
622 688 2
622 711 5
622 713 7
622 729 7
622 746 6
622 835 1
622 866 5
622 887 4
622 892 6
622 893 9
623 636 6
623 663 6
623 698 3
623 753 3
623 771 1
623 781 6
623 796 7
623 798 7
623 800 10
623 842 2
623 851 10
623 858 9
623 861 4
623 887 4
624 645 9
624 654 8
624 713 6
624 726 6
624 775 2
624 776 5
624 808 6
624 809 6
624 817 1
624 824 3
624 873 2
624 874 9
625 642 5
625 672 8
625 703 2
625 715 10
625 722 7
625 730 9
625 747 5
625 818 1
625 855 1
626 628 8
626 638 8
626 661 9
626 672 4
626 687 10
626 688 1
626 699 3
626 707 8
626 725 4
626 744 9
626 754 8
626 765 1
626 774 4
626 810 4
626 816 5
626 817 10
626 824 9
626 846 10
626 897 1
627 630 1
627 632 3
627 645 9
627 671 5
627 672 1
627 686 2
627 695 7
627 699 9
627 708 1
627 726 3
627 734 9
627 735 3
627 763 10
627 804 9
627 823 2
627 854 3
627 855 8
628 664 2
628 672 8
628 688 7
628 731 7
628 733 6
628 747 4
628 759 9
628 776 1
628 809 7
628 813 5
628 831 10
629 636 8
629 648 6
629 655 2
629 664 10
629 682 9
629 723 10
629 768 7
629 793 1
629 808 4
629 811 3
629 816 1
629 820 4
629 826 7
629 828 1
630 647 6
630 726 7
630 752 9
630 758 7
630 797 1
630 849 6
630 893 10
631 633 10
631 661 2
631 674 8
631 682 5
631 687 6
631 689 9
631 691 7
631 693 4
631 701 3
631 727 7
631 743 3
631 780 9
631 785 10
631 796 5
631 818 9
631 827 2
631 840 1
632 637 9
632 662 5
632 664 5
632 672 9
632 678 8
632 688 1
632 691 9
632 710 3
632 712 9
632 721 10
632 774 10
632 777 2
632 794 5
632 893 1
632 899 1
633 653 9
633 778 9
633 847 6
633 895 6
634 644 7
634 651 4
634 680 1
634 750 1
634 766 10
634 828 4
634 836 9
634 874 2
634 875 8
634 886 9
634 890 3
634 893 10
635 660 7
635 681 7
635 715 6
635 717 7
635 725 4
635 743 8
635 747 8
635 764 8
635 807 7
635 821 7
635 828 9
635 837 8
635 842 1
635 857 10
636 638 10
636 647 1
636 652 10
636 667 5
636 677 6
636 719 8
636 734 9
636 742 7
636 760 8
636 784 10
636 859 2
636 889 7
636 900 3
637 642 1
637 689 7
637 709 5
637 724 2
637 736 4
637 754 3
637 778 7
637 802 2
637 826 6
637 847 6
637 871 9
637 873 6
637 876 4
637 897 5
638 660 4
638 665 3
638 676 8
638 677 5
638 689 3
638 690 10
638 691 4
638 705 9
638 707 6
638 735 1
638 744 9
638 772 4
638 785 9
638 790 1
638 811 7
638 820 7
638 834 3
638 854 7
639 650 3
639 651 8
639 652 10
639 664 8
639 669 10
639 677 8
639 683 2
639 688 8
639 708 3
639 715 10
639 720 3
639 727 9
639 741 7
639 746 8
639 759 1
639 812 6
639 822 3
639 841 5
639 846 5
639 849 6
639 853 4
639 863 2
640 642 9
640 686 2
640 693 7
640 717 9
640 739 2
640 760 3
640 783 7
640 852 5
641 642 1
641 646 1
641 667 4
641 680 10
641 732 1
641 745 5
641 749 9
641 821 2
641 847 2
641 851 4
641 882 3
642 645 6
642 651 2
642 654 9
642 663 4
642 699 4
642 706 6
642 738 6
642 759 9
642 761 1
642 771 3
642 775 2
642 791 2
642 797 1
642 798 5
642 886 1
642 897 1
642 899 9
643 664 3
643 682 7
643 701 5
643 702 4
643 833 8
643 859 8
643 872 5
643 877 8
643 901 2
644 652 4
644 678 1
644 704 6
644 727 7
644 775 3
644 791 1
644 799 10
644 812 2
644 825 4
644 872 3
644 878 7
644 884 9
644 889 3
645 657 9
645 669 4
645 746 6
645 767 3
645 778 6
645 786 1
645 789 3
645 811 7
645 869 1
645 879 5
645 884 5
646 665 5
646 687 10
646 696 2
646 700 4
646 701 7
646 721 1
646 723 7
646 752 2
646 777 1
646 783 2
646 796 10
646 806 6
646 858 3
646 868 9
646 875 7
646 896 8
647 684 3
647 687 5
647 723 9
647 730 6
647 802 6
647 805 2
647 814 1
647 825 8
647 834 7
647 848 3
647 853 10
647 875 5
648 670 3
648 705 6
648 730 10
648 736 7
648 762 8
648 766 3
648 832 2
648 835 4
648 846 6
648 848 9
648 854 5
649 675 8
649 676 2
649 680 4
649 681 3
649 683 4
649 700 4
649 778 1
649 780 4
649 791 6
649 824 6
649 826 2
649 845 1
649 873 1
649 879 5
649 891 4
650 671 10
650 740 1
650 743 6
650 765 1
650 781 8
650 804 9
650 865 6
650 877 7
651 678 7
651 685 5
651 697 1
651 699 9
651 704 8
651 707 6
651 719 9
651 724 4
651 743 4
651 753 10
651 787 7
651 806 8
651 820 6
651 836 2
651 886 9
651 892 9
652 653 8
652 668 6
652 705 2
652 718 10
652 725 8
652 728 6
652 744 3
652 747 7
652 763 8
652 766 9
652 802 7
652 809 5
652 822 9
652 840 4
652 847 3
652 873 7
652 882 9
652 901 4
653 658 5
653 696 8
653 707 9
653 744 5
653 747 2
653 749 4
653 756 5
653 781 10
653 789 2
653 805 2
653 809 2
653 810 2
653 811 2
653 817 9
654 695 7
654 702 3
654 728 8
654 759 4
654 762 8
654 776 3
654 831 10
654 833 7
654 847 1
654 848 8
654 879 2
654 885 1
655 674 1
655 687 4
655 785 7
655 810 1
656 687 9
656 705 4
656 722 9
656 726 10
656 751 8
656 773 2
656 779 5
656 781 4
656 785 1
656 803 6
656 824 5
656 828 2
656 858 9
657 661 8
657 663 10
657 688 5
657 692 10
657 729 10
657 749 8
657 756 9
657 768 2
657 783 9
657 811 6
657 893 4
658 683 6
658 686 9
658 695 4
658 708 9
658 711 4
658 736 10
658 761 1
658 770 3
658 785 5
658 802 9
658 824 2
658 885 3
658 896 2
659 694 6
659 728 8
659 763 3
659 774 4
659 782 3
659 792 4
659 814 4
659 824 2
659 831 6
659 839 9
659 873 2
659 888 5
660 686 6
660 722 10
660 778 8
660 810 7
660 812 7
660 836 1
660 860 2
660 861 5
660 868 6
660 888 2
660 894 9
661 673 7
661 677 3
661 731 1
661 741 2
661 742 3
661 761 4
661 791 6
661 793 5
661 799 1
661 804 3
661 807 7
661 835 6
661 868 7
661 877 2
661 883 10
661 888 9
662 675 7
662 680 8
662 684 10
662 708 3
662 712 5
662 727 1
662 754 10
662 813 1
662 814 8
662 822 2
662 824 5
662 871 4
662 875 7
662 896 8
663 677 2
663 681 4
663 729 10
663 743 4
663 762 7
663 769 5
663 790 7
663 832 2
663 850 9
663 851 8
663 854 4
663 871 7
664 687 5
664 707 1
664 739 8
664 741 4
664 759 1
664 761 7
664 833 3
665 671 10
665 725 9
665 735 8
665 756 2
665 764 9
665 784 10
665 789 9
665 829 2
665 830 6
665 850 3
666 669 9
666 674 4
666 727 6
666 736 4
666 742 3
666 753 10
666 830 2
666 885 9
667 706 6
667 712 3
667 753 7
667 770 5
667 796 8
667 809 5
667 834 2
667 876 10
667 886 5
667 893 5
667 894 10
668 689 1
668 711 10
668 772 9
668 791 1
668 796 7
668 805 3
668 810 1
668 817 8
668 827 3
668 835 3
668 842 4
668 883 5
669 671 1
669 674 7
669 702 3
669 707 6
669 752 1
669 778 2
669 780 7
669 781 10
669 796 9
669 801 1
669 805 8
669 817 6
669 818 8
669 836 3
669 838 7
669 866 8
670 672 9
670 682 3
670 707 7
670 731 1
670 756 2
670 759 8
670 777 1
670 808 8
670 832 2
670 833 4
670 837 8
670 838 4
670 840 6
670 883 1
671 731 1
671 737 8
671 765 9
671 770 3
671 776 3
671 786 9
671 810 4
671 812 1
671 850 8
671 852 4
671 890 1
672 675 8
672 721 9
672 757 10
672 766 2
672 772 5
672 801 9
672 836 10
672 840 8
672 842 8
672 868 2
672 871 9
673 689 7
673 702 4
673 703 9
673 757 8
673 765 7
673 766 6
673 775 1
673 806 2
673 828 8
673 859 1
673 868 1
674 761 8
674 797 3
674 809 5
674 815 6
674 818 8
674 832 5
674 846 6
674 892 2
674 897 7
675 680 3
675 689 10
675 690 9
675 746 4
675 754 5
675 800 7
675 804 5
675 817 4
675 822 4
675 863 6
675 870 4
675 873 2
675 886 1
675 892 2
676 709 9
676 735 8
676 756 9
676 777 10
676 843 1
676 895 8
677 685 2
677 696 2
677 714 5
677 737 7
677 762 6
677 768 1
677 899 4
678 679 3
678 686 8
678 718 5
678 731 1
678 746 2
678 758 7
678 759 9
678 780 7
678 809 3
678 815 8
678 836 1
678 865 6
678 880 3
678 887 8
679 702 9
679 713 5
679 716 8
679 722 3
679 749 3
679 756 7
679 770 1
679 802 4
679 810 8
679 824 1
679 858 8
679 866 9
679 887 5
680 704 4
680 709 6
680 720 7
680 742 7
680 768 8
680 770 4
680 775 4
680 787 9
680 821 7
680 848 10
680 849 7
680 861 3
680 890 2
680 901 6
681 691 5
681 692 7
681 722 9
681 833 2
681 847 7
681 857 3
681 870 2
681 890 9
682 699 7
682 718 8
682 776 2
682 812 1
682 868 5
682 874 2
682 883 10
683 690 5
683 721 8
683 751 3
683 793 1
683 833 5
683 834 9
683 854 8
683 872 10
684 704 2
684 726 8
684 745 7
684 748 1
684 751 7
684 795 1
684 801 4
684 806 2
684 880 6
684 883 2
684 895 10
684 901 9
685 709 9
685 722 2
685 739 10
685 740 9
685 742 1
685 766 8
685 768 2
685 788 3
685 795 4
685 811 3
685 835 2
685 839 9
685 844 3
685 863 4
685 879 9
686 694 7
686 738 2
686 753 8
686 780 8
686 781 6
686 792 6
686 808 6
686 810 8
686 846 4
686 856 7
686 883 2
686 885 5
686 894 4
687 721 3
687 737 5
687 755 2
687 765 3
687 826 8
687 838 2
687 858 2
687 874 10
687 889 1
687 899 3
688 709 2
688 738 4
688 755 8
688 760 3
688 773 4
688 789 2
688 834 8
688 850 4
688 852 8
688 865 2
688 878 2
688 880 7
688 884 7
688 900 9
689 695 3
689 707 6
689 740 2
689 742 1
689 820 7
690 694 8
690 697 4
690 702 2
690 712 4
690 735 5
690 737 4
690 752 4
690 757 8
690 778 7
690 795 3
690 838 8
690 846 2
690 867 5
690 880 4
691 698 1
691 715 9
691 744 7
691 772 2
691 796 7
691 797 1
691 807 1
691 815 8
691 828 4
691 835 7
691 843 6
691 872 2
691 886 1
691 891 1
692 742 5
692 756 3
692 802 8
692 807 2
692 809 6
692 866 1
692 877 8
693 706 3
693 749 4
693 752 1
693 759 10
693 814 3
693 837 3
693 860 10
693 870 4
694 710 7
694 712 3
694 727 6
694 731 8
694 757 1
694 758 7
694 765 4
694 795 1
694 799 9
694 832 3
694 842 6
694 843 7
694 848 8
694 874 9
695 725 10
695 727 8
695 728 3
695 731 2
695 857 7
695 894 7
696 707 10
696 712 7
696 747 4
696 761 4
696 768 3
696 803 4
696 808 5
696 838 7
696 845 8
696 866 4
696 870 10
696 885 7
696 892 8
697 718 7
697 739 4
697 777 9
697 846 3
697 862 7
697 894 1
698 709 3
698 718 1
698 743 7
698 763 9
698 846 8
698 849 5
698 871 8
699 722 5
699 741 10
699 754 10
699 787 4
699 803 8
699 811 1
699 834 10
699 838 1
699 859 4
699 860 4
699 865 6
699 866 8
699 870 10
699 885 3
699 892 4
700 715 1
700 738 9
700 751 1
700 754 7
700 759 4
700 768 1
700 787 1
700 791 10
700 850 2
700 863 3
701 712 10
701 732 10
701 747 4
701 758 9
701 761 6
701 763 1
701 797 4
701 803 5
701 818 2
701 823 7
701 881 2
701 882 2
702 708 8
702 729 4
702 756 7
702 760 4
702 786 9
702 830 5
702 832 3
702 837 4
702 856 8
702 875 4
703 727 4
703 733 10
703 757 2
703 792 8
703 834 1
703 838 3
703 855 9
703 875 2
704 817 7
704 826 1
704 828 3
704 841 10
704 845 9
704 870 8
704 878 1
704 882 4
704 884 3
704 886 4
704 899 2
705 710 6
705 732 8
705 763 10
705 768 10
705 816 4
705 817 5
705 840 10
705 850 10
705 874 7
706 755 5
706 765 7
706 805 2
706 822 9
706 839 9
706 850 4
706 880 6
707 749 9
707 769 8
707 778 4
707 784 2
707 799 4
707 838 4
707 851 4
707 870 6
707 899 5
708 744 1
708 761 8
708 791 8
708 826 3
708 829 1
708 830 10
708 834 1
708 856 8
709 718 1
709 728 10
709 759 4
709 769 5
709 792 1
709 815 3
710 730 3
710 819 6
710 828 2
710 842 7
710 865 6
710 880 10
711 715 10
711 729 1
711 746 8
711 758 9
711 772 6
711 789 9
711 859 4
711 862 2
712 747 2
712 804 9
712 812 6
712 831 2
712 844 8
712 882 3
713 722 7
713 724 9
713 730 4
713 743 7
713 744 8
713 747 6
713 777 8
713 807 1
713 816 2
713 819 10
713 847 6
713 885 5
714 744 7
714 755 7
714 770 1
714 771 2
714 817 6
714 830 2
714 844 2
714 862 5
715 771 2
715 792 10
715 800 3
715 814 5
715 835 1
715 866 6
716 717 6
716 736 6
716 761 9
716 769 3
716 771 10
716 783 7
716 812 3
716 830 6
716 837 5
716 859 1
716 861 1
716 871 4
716 874 3
716 881 5
717 720 4
717 729 8
717 740 1
717 745 10
717 752 6
717 766 1
717 768 4
717 835 3
717 838 4
717 841 7
717 846 7
717 891 5
717 895 6
718 749 1
718 765 1
718 787 6
718 788 8
718 799 6
718 834 3
718 870 7
718 893 1
718 896 3
719 753 3
719 760 3
719 776 10
719 795 10
719 802 5
719 814 2
719 842 3
719 859 8
719 864 6
719 885 6
719 889 7
720 740 6
720 766 8
720 775 3
720 797 8
720 804 3
720 810 7
720 832 1
720 838 9
720 844 4
720 845 7
720 849 5
720 851 6
720 856 10
720 860 10
721 733 4
721 735 7
721 765 5
721 793 10
721 794 7
721 798 7
721 828 4
721 881 2
722 740 8
722 746 3
722 798 6
722 806 9
722 809 8
722 826 5
723 751 5
723 752 3
723 777 4
723 783 10
723 788 2
723 812 6
723 818 8
723 875 4
724 734 4
724 735 10
724 798 3
724 800 7
724 812 9
724 873 9
725 749 3
725 769 8
725 775 8
725 790 6
725 810 6
725 815 4
725 826 7
725 859 3
725 861 10
725 863 2
725 878 6
726 737 7
726 801 7
726 816 1
726 826 8
726 848 4
726 882 8
726 888 2
727 735 8
727 738 1
727 741 3
727 756 2
727 809 8
727 841 2
727 848 5
727 857 1
727 879 2
727 899 9
728 752 10
728 760 2
728 830 9
728 888 2
729 738 1
729 800 9
729 814 9
729 853 6
729 871 2
729 888 7
729 897 10
730 744 2
730 759 8
730 789 5
730 800 10
730 824 6
730 848 8
730 869 9
731 734 9
731 761 5
731 792 10
731 825 7
731 859 7
732 771 3
732 782 10
732 790 4
732 802 4
732 814 6
732 821 6
732 828 7
732 830 5
732 834 5
732 883 10
732 889 3
732 900 6
733 749 10
733 777 1
733 795 6
733 858 6
734 772 3
734 786 2
734 789 7
734 800 6
734 822 2
734 823 2
734 835 7
734 836 7
735 741 1
735 744 6
735 787 6
735 791 5
735 799 7
735 801 4
735 813 1
735 845 1
735 862 3
736 741 6
736 802 7
736 811 8
736 821 1
736 823 3
736 894 4
737 767 6
737 777 3
737 802 9
737 811 3
737 825 4
737 834 1
737 895 9
738 759 1
738 762 5
738 770 2
738 774 8
738 787 2
738 797 3
738 802 1
738 824 1
738 874 10
738 882 1
738 885 8
738 893 7
739 765 5
739 785 4
739 800 2
739 823 7
739 843 7
739 863 6
739 874 4
739 893 3
740 790 3
740 794 4
740 817 5
740 819 9
740 834 1
740 841 9
740 847 9
740 852 6
740 871 5
740 887 1
741 744 4
741 764 5
741 765 6
741 786 5
741 792 4
741 805 9
741 820 10
741 824 4
741 851 1
741 871 9
741 899 4
742 746 8
742 770 7
742 794 10
742 808 4
742 821 8
742 825 8
742 830 10
742 841 3
742 842 1
742 848 2
742 879 7
742 885 7
743 745 8
743 774 7
743 775 9
743 779 9
743 809 5
744 749 4
744 750 3
744 783 6
744 796 9
744 808 9
744 830 3
744 841 6
744 863 3
744 880 3
744 882 5
745 747 8
745 791 4
745 806 5
745 809 4
745 848 1
745 850 1
745 878 3
745 889 4
746 749 8
746 788 3
746 882 5
746 886 10
747 817 5
747 839 6
747 849 8
747 856 3
747 861 4
747 863 5
747 896 2
747 900 2
748 790 9
748 813 7
748 883 6
749 770 6
749 787 6
749 799 4
749 806 10
749 861 1
749 873 8
749 888 5
749 899 7
749 900 6
750 767 8
750 771 1
750 780 9
750 785 10
750 809 1
750 817 3
750 820 6
750 846 10
750 847 5
750 858 10
750 897 1
751 779 10
751 850 6
751 855 8
751 873 4
751 876 1
751 877 2
751 900 5
752 759 2
752 763 3
752 783 4
752 784 9
752 800 10
752 884 9
753 773 2
753 776 10
753 814 1
753 815 10
753 833 4
753 894 7
754 768 5
754 769 3
754 778 7
754 786 3
754 817 2
754 831 7
754 863 7
754 886 9
755 770 6
755 773 2
755 813 9
755 825 6
755 840 3
756 782 6
756 808 5
756 832 6
756 834 6
756 848 7
756 881 3
756 893 9
757 760 1
757 780 6
757 818 7
757 826 10
757 847 6
757 848 8
757 851 1
757 867 6
757 875 9
757 881 6
758 787 2
758 788 5
758 799 8
758 810 8
758 811 9
758 866 2
758 882 6
758 901 6
759 764 10
759 767 3
759 786 7
759 790 8
759 794 10
759 819 1
759 853 5
759 861 4
759 865 8
759 884 10
760 787 2
760 794 10
760 800 8
760 820 4
760 853 7
760 884 4
760 891 4
760 897 2
761 775 4
762 791 6
762 826 9
762 834 2
762 879 2
762 890 10
763 772 9
763 874 1
763 887 9
763 898 7
763 900 2
764 821 6
764 827 2
764 829 4
764 837 8
764 842 8
764 856 3
764 870 9
764 881 10
764 884 8
765 773 5
765 775 8
765 779 7
765 782 8
765 803 9
765 812 7
765 851 2
765 862 6
765 870 2
766 767 5
766 794 9
766 804 5
766 805 2
766 815 8
766 817 9
766 820 3
766 822 7
766 824 7
766 832 4
766 865 8
766 873 3
766 874 7
766 881 3
767 773 7
767 797 2
767 799 3
767 817 6
767 828 5
767 881 1
768 801 6
768 803 2
768 804 7
768 826 3
768 829 10
768 888 5
768 891 1
769 779 6
769 786 6
769 803 8
769 810 8
769 827 2
769 843 7
769 852 4
769 859 3
769 863 4
769 898 2
770 779 8
770 783 2
770 794 10
770 843 3
770 852 9
770 859 5
770 880 1
770 890 4
770 896 1
770 897 3
770 901 6
771 791 6
771 795 7
771 823 8
771 832 1
771 870 10
771 876 7
771 891 5
772 775 9
772 790 1
772 792 8
772 846 7
772 872 8
773 792 5
773 800 6
773 808 9
773 816 1
773 819 9
773 850 3
773 884 6
774 793 3
774 796 10
774 819 10
774 824 2
774 831 4
774 837 10
774 889 8
775 789 5
775 813 3
775 817 8
775 849 7
776 778 10
776 797 6
776 844 5
776 846 10
776 852 8
776 860 4
776 869 6
776 877 3
777 818 4
777 844 8
777 850 10
777 867 10
778 815 5
778 823 6
778 834 7
778 874 5
778 894 7
779 788 6
779 849 7
779 850 4
780 781 8
780 797 9
780 821 3
780 850 1
780 861 2
780 889 3
781 782 1
781 814 8
781 836 7
781 848 10
781 854 4
781 865 7
781 882 5
782 796 8
782 797 8
782 809 3
782 841 3
782 863 3
782 880 5
782 890 7
782 893 10
783 786 6
783 810 8
783 815 6
783 850 1
783 851 5
783 883 10
783 901 9
784 786 2
784 803 6
784 805 5
784 815 1
784 824 6
784 827 7
784 835 3
784 863 10
784 885 1
784 888 3
784 901 7
785 790 10
785 794 3
785 864 3
785 898 8
786 790 7
786 795 2
786 799 5
786 822 1
786 823 7
786 829 9
786 856 5
786 869 3
786 880 10
786 886 2
786 896 2
786 901 5
787 820 5
787 857 8
788 809 4
788 819 3
788 824 9
788 849 1
789 848 7
789 866 9
789 896 7
790 794 6
790 822 2
790 837 8
790 892 8
791 803 4
791 829 4
791 832 7
791 844 8
791 855 8
791 875 4
791 878 7
791 883 2
792 817 10
792 836 7
792 840 8
792 886 8
792 887 4
793 804 10
793 831 7
793 838 5
793 842 3
793 869 1
794 795 9
794 833 1
794 841 4
794 849 4
794 851 1
794 874 7
794 894 2
795 801 10
795 822 3
795 849 9
795 860 3
795 890 10
796 811 7
796 819 8
796 852 5
796 858 5
796 868 6
796 870 5
796 874 9
796 875 2
796 897 6
797 838 8
797 884 8
797 888 3
797 898 8
798 826 1
798 847 4
798 860 4
798 887 8
799 805 6
799 826 7
799 837 8
799 855 8
799 871 10
799 899 3
800 801 9
800 821 6
800 828 5
800 836 10
800 841 10
800 853 3
800 858 2
801 836 1
801 841 1
801 898 9
802 806 8
802 813 6
802 827 4
802 828 2
802 837 6
802 856 7
803 805 7
803 834 3
803 876 7
804 844 1
804 861 10
804 899 9
805 813 4
805 819 6
805 844 6
805 860 1
805 861 2
805 868 6
805 869 9
805 880 3
806 823 8
806 834 9
806 873 1
807 815 2
807 852 8
807 855 2
807 868 7
807 877 9
807 881 3
807 887 7
807 889 9
807 894 2
808 849 4
808 851 5
808 865 3
808 874 9
809 815 1
809 832 1
809 835 4
809 838 7
809 856 3
809 883 5
809 898 8
810 835 6
810 839 10
810 875 3
811 818 6
811 819 3
811 846 8
811 856 6
811 861 6
811 881 8
812 814 4
812 822 8
812 844 9
812 896 3
813 820 9
813 840 7
814 816 1
814 837 3
814 850 4
814 872 2
814 880 4
814 884 7
814 897 6
815 820 8
815 826 8
815 898 8
815 900 10
816 822 1
816 850 7
816 859 2
816 864 5
816 872 4
816 895 7
817 853 5
817 855 6
817 861 5
817 862 7
817 880 6
817 893 2
817 896 4
818 841 3
818 848 8
818 853 1
818 858 3
818 864 10
818 866 2
818 871 10
818 881 3
818 890 4
819 826 5
819 848 4
819 878 8
819 898 3
820 841 9
820 849 7
820 856 10
820 857 6
821 856 7
821 862 10
821 887 2
822 864 8
822 879 7
823 832 5
823 834 7
823 886 3
824 832 3
824 863 3
824 888 9
826 842 10
826 855 4
826 875 5
826 892 2
827 843 3
827 875 7
827 888 6
827 892 3
828 839 8
828 866 5
828 871 7
829 832 4
829 840 9
829 841 10
829 848 1
829 899 4
830 835 10
830 880 9
831 835 3
831 849 5
831 897 5
832 848 5
832 854 9
832 874 3
832 887 1
832 899 5
833 845 1
833 861 3
834 842 7
834 855 3
834 857 3
834 867 6
834 873 8
835 851 9
836 851 9
836 869 3
837 839 6
837 863 5
837 881 5
837 901 5
838 842 1
838 846 1
838 852 8
838 869 2
838 871 2
838 873 10
838 883 5
838 901 1
839 849 9
839 897 9
839 901 7
840 843 5
840 844 5
840 848 5
840 896 9
841 843 7
841 866 2
841 867 9
841 892 9
841 893 10
842 864 3
842 869 4
842 870 8
842 883 1
842 884 4
842 889 6
843 855 3
843 874 1
843 885 2
843 894 9
844 849 8
844 863 3
844 890 1
845 875 5
845 878 4
845 890 2
845 896 7
845 897 10
846 886 4
846 895 7
847 876 8
847 882 10
847 886 1
848 863 5
848 864 7
849 869 10
849 888 1
850 890 10
850 894 8
851 880 2
851 882 9
851 887 3
851 890 5
851 900 6
851 901 5
852 860 10
852 894 4
853 867 9
853 890 1
856 901 7
857 876 7
857 884 8
857 886 1
859 883 9
859 886 4
859 890 6
860 864 2
860 872 10
860 881 5
860 896 5
860 900 6
861 877 5
862 892 6
863 880 9
863 890 9
866 896 2
868 876 8
868 890 9
869 892 1
870 885 7
871 876 10
872 874 2
872 877 9
872 881 6
873 878 7
874 890 3
876 890 6
877 878 2
877 879 1
879 895 8
881 884 9
881 891 9
881 893 7
882 888 9
883 890 9
883 900 10
884 885 7
884 886 10
886 898 2
890 896 1
893 899 6
895 899 9
902 601 93
903 901 10
902 903 22
