904 6735
9 50 31 44 35 58 36 83 73 81 87 10 25 88 76 69 88 16 64 2 67 55 69 85 46 24 77 89 88 24 16 48 73 98 91 60 56 78 42 80 59 80 89 83 68 64 3 55 79 66 56 98 20 77 34 17 52 62 6 92 85 21 39 57 18 82 68 25 59 9 4 69 89 93 51 8 56 5 14 87 22 21 84 94 49 69 10 1 30 15 44 14 87 82 22 57 15 90 81 74 98 85 42 38 29 45 45 36 1 10 74 23 31 9 16 79 77 25 31 6 92 74 19 78 8 41 86 22 30 67 47 79 3 41 17 83 85 13 18 37 23 92 59 53 100 26 83 77 3 14 34 46 39 53 75 46 93 61 68 74 27 14 52 81 54 20 63 90 85 32 27 7 23 37 11 75 15 45 3 17 10 36 62 49 88 36 94 32 48 61 57 74 27 61 6 80 80 20 22 16 52 100 74 26 88 84 100 2 81 54 70 90 42 31 38 29 19 32 13 66 44 69 92 70 81 49 2 13 69 75 28 20 74 2 45 61 37 97 15 17 2 84 7 43 67 96 24 37 79 88 54 75 56 97 96 89 46 97 1 14 23 28 85 96 29 81 9 18 29 75 34 31 58 92 73 76 40 48 12 18 35 66 44 43 62 40 31 7 88 31 72 11 10 56 58 91 89 66 8 17 11 14 82 35 80 66 37 89 51 8 47 54 7 88 45 48 96 38 91 66 61 27 14 9 98 60 12 9 77 3 12 87 68 45 74 48 62 10 36 64 69 82 18 27 22 14 74 17 51 64 83 11 43 48 71 40 59 82 100 36 36 12 74 3 8 47 50 70 8 37 33 29 19 50 55 40 15 81 8 65 96 90 27 38 89 97 29 48 30 29 35 65 92 8 68 51 7 69 20 66 6 5 94 76 6 1 15 21 33 74 37 28 64 64 18 4 60 46 51 90 26 85 6 69 45 25 20 3 94 91 68 99 47 14 74 5 14 40 25 46 13 61 25 28 76 42 32 88 88 34 29 65 71 34 86 67 59 57 69 4 99 88 2 46 1 27 50 66 18 26 63 30 38 88 10 14 29 93 1 68 78 29 33 48 62 70 66 72 26 34 75 24 74 28 21 74 54 70 92 71 47 54 53 85 41 14 98 70 6 98 37 83 78 21 83 39 90 48 63 15 34 37 91 7 65 11 32 70 33 23 41 31 77 45 15 17 58 64 38 15 61 75 49 38 47 31 29 37 79 91 3 64 79 45 70 43 8 1 13 92 76 5 22 52 1 37 20 58 100 10 24 13 84 72 2 30 3 82 18 33 72 73 96 3 17 17 45 24 69 9 15 44 65 37 47 65 25 19 74 76 84 87 53 95 35 14 50 48 19 42 43 14 52 98 56 73 91 54 45 84 38 93 24 25 62 64 74 69 23 42 41 90 45 45 36 31 58 85 30 28 26 73 41 30 70 49 2 61 54 99 96 91 91 71 67 52 34 41 72 57 34 12 98 31 56 86 13 13 22 43 40 100 15 33 29 36 81 82 96 86 80 91 76 22 13 95 25 99 87 96 7 72 7 56 54 14 41 67 26 15 9 18 66 23 2 94 10 34 27 6 19 59 48 94 80 13 40 5 11 26 100 17 50 59 72 3 72 65 69 50 79 77 19 44 51 20 89 61 53 67 18 23 25 17 68 57 29 8 13 39 85 64 7 34 22 79 37 46 43 57 47 21 86 17 16 36 36 4 48 40 22 17 62 99 86 29 55 14 88 19 5 73 82 11 58 56 89 46 1 83 3 99 55 88 15 70 75 2 25 75 93 47 91 6 45 76 86 51 42 74 69 46 98 50 8 55 57 97 1 57 31 55 7 86 42 21 7 68 74 32 42 66 30 33 71 26 60 9 76 1 82 96 46 31 97 54 85 54 2 37 62 32 91 69 69 84 41 76 52 15 59 93 32 88 77 55 65 37 63 40 37 96 87 35 26 83 40 62 36 41 99 98 24 41 18 45 77 58 72 28 24 30 72 8 69 1 62 33 37 76 24 25 36 87
0 22 92
0 28 41
0 39 47
0 66 50
0 114 85
0 115 72
0 122 77
0 125 24
0 156 19
0 219 89
0 223 93
0 250 54
0 273 6
0 285 37
1 6 96
1 43 67
1 44 76
1 59 78
1 72 26
1 80 63
1 106 8
1 140 49
1 143 25
1 165 17
1 185 57
1 201 83
1 215 59
1 244 45
1 250 100
1 257 66
2 19 61
2 32 92
2 43 7
2 53 8
2 54 93
2 112 43
2 140 31
2 159 69
2 168 66
2 268 49
2 291 57
3 15 10
3 16 54
3 26 62
3 34 98
3 53 1
3 90 81
3 105 73
3 121 78
3 136 58
3 162 88
3 216 37
3 222 6
3 268 12
3 272 6
3 283 14
3 291 46
4 8 64
4 34 58
4 45 46
4 53 30
4 54 19
4 64 37
4 100 88
4 106 78
4 141 29
4 177 30
4 187 60
4 192 49
4 231 47
4 293 8
5 14 6
5 21 8
5 38 14
5 77 19
5 108 6
5 114 14
5 143 51
5 166 30
5 206 44
5 260 8
6 23 69
6 25 80
6 41 66
6 58 33
6 70 85
6 75 79
6 96 78
6 102 1
6 120 89
6 121 23
6 126 30
6 155 7
6 171 11
6 212 69
6 236 36
6 252 91
6 270 98
6 280 95
6 283 40
7 16 96
7 24 54
7 75 97
7 114 3
7 130 19
7 136 15
7 164 60
7 210 33
7 245 18
7 259 90
7 280 28
7 290 77
7 295 58
8 111 7
8 128 42
8 168 90
8 174 44
8 215 73
8 222 20
8 230 44
8 247 61
8 255 42
8 270 25
8 275 19
8 292 53
8 293 93
8 297 6
9 62 43
9 101 42
9 108 52
9 153 34
9 199 89
9 204 5
9 214 30
9 216 91
9 221 76
9 225 97
9 251 51
9 252 8
9 296 14
10 32 92
10 38 87
10 42 90
10 48 49
10 98 93
10 119 84
10 120 91
10 167 88
10 190 8
10 194 10
10 211 83
10 234 68
10 266 3
10 276 59
10 295 38
11 33 7
11 44 3
11 47 95
11 76 2
11 81 44
11 89 46
11 106 35
11 135 32
11 178 2
11 181 65
11 247 75
11 271 77
11 280 61
11 284 77
12 17 36
12 94 74
12 103 68
12 156 22
12 181 15
12 252 68
12 260 67
13 60 98
13 67 10
13 72 6
13 75 5
13 88 71
13 112 89
13 122 24
13 123 74
13 144 47
13 210 13
13 217 32
13 227 2
13 279 7
14 18 33
14 65 45
14 70 4
14 74 68
14 121 29
14 215 58
14 219 84
14 242 55
14 253 34
14 281 44
14 282 31
14 284 22
15 22 69
15 27 50
15 71 95
15 85 83
15 97 69
15 109 61
15 129 81
15 144 31
15 181 67
15 199 37
15 206 1
15 212 7
15 218 61
15 253 26
15 263 5
15 276 73
15 278 58
16 18 6
16 66 32
16 78 90
16 83 3
16 130 35
16 147 9
16 175 31
16 183 44
16 208 92
16 209 37
16 234 30
16 238 35
16 296 67
17 25 51
17 35 55
17 44 68
17 84 45
17 115 38
17 130 88
17 146 58
17 167 70
17 172 18
17 173 76
17 187 6
17 192 19
17 201 34
17 238 18
17 248 96
17 255 38
17 274 43
17 284 53
18 19 96
18 20 74
18 39 95
18 53 98
18 63 60
18 80 55
18 82 80
18 136 4
18 138 47
18 141 16
18 193 33
18 196 33
18 242 34
18 248 35
18 253 40
18 254 53
19 81 31
19 121 77
19 159 40
19 172 88
19 188 98
19 195 58
19 219 15
19 252 55
19 271 28
19 277 48
19 281 73
20 44 23
20 54 38
20 70 15
20 89 28
20 92 85
20 179 40
20 182 74
20 187 34
20 196 99
20 208 80
20 218 13
20 229 54
20 241 26
20 258 80
20 266 38
20 268 11
20 269 65
20 278 72
20 293 50
20 299 69
21 23 55
21 31 78
21 32 8
21 99 42
21 118 27
21 144 17
21 165 9
21 170 81
21 189 44
21 206 8
21 212 53
21 220 19
21 225 97
22 27 67
22 28 98
22 33 81
22 37 6
22 78 23
22 105 14
22 118 57
22 157 2
22 185 78
22 235 62
22 249 80
22 271 9
22 277 100
22 282 42
22 290 25
23 26 23
23 32 91
23 49 93
23 63 77
23 115 20
23 154 53
23 161 71
23 223 46
23 273 69
23 293 79
24 25 26
24 56 65
24 79 86
24 98 31
24 136 35
24 167 35
24 197 49
24 200 32
24 239 15
24 249 55
24 253 54
24 254 29
24 257 63
24 259 55
25 32 58
25 43 24
25 51 34
25 63 19
25 79 23
25 80 75
25 118 43
25 119 46
25 138 17
25 147 36
25 165 74
25 166 88
25 180 40
25 234 44
25 254 85
25 294 8
26 29 22
26 75 63
26 79 24
26 83 60
26 108 93
26 115 58
26 133 94
26 166 41
26 197 89
26 213 60
26 219 47
26 224 94
26 228 40
26 248 9
26 295 49
27 51 98
27 56 85
27 62 34
27 64 16
27 87 59
27 103 61
27 124 10
27 160 56
27 171 29
27 179 45
27 185 30
27 212 69
27 240 36
27 241 73
27 281 53
28 49 44
28 55 47
28 67 15
28 76 67
28 102 6
28 107 7
28 122 25
28 126 51
28 132 100
28 136 65
28 143 10
28 152 46
28 178 59
28 198 2
28 204 7
28 212 59
28 230 99
28 236 91
28 249 44
28 261 66
28 293 49
28 295 56
28 296 75
29 60 5
29 69 85
29 70 72
29 81 34
29 90 5
29 91 7
29 110 58
29 125 57
29 190 2
29 207 4
29 230 24
29 241 21
29 252 9
30 40 82
30 43 97
30 60 11
30 84 81
30 93 61
30 119 73
30 133 27
30 150 71
30 161 74
30 166 33
30 168 81
30 239 24
30 258 75
30 291 25
30 294 41
31 46 23
31 57 80
31 61 15
31 64 79
31 91 16
31 101 38
31 168 64
31 170 20
32 53 97
32 57 22
32 62 29
32 78 98
32 100 25
32 106 52
32 113 18
32 116 86
32 147 33
32 170 66
32 194 96
32 239 66
32 252 27
32 270 20
32 280 92
33 69 49
33 140 93
33 141 76
33 171 30
33 184 68
33 215 50
33 217 54
33 248 8
33 252 24
33 258 85
33 260 75
33 280 3
33 281 1
34 74 12
34 112 66
34 115 72
34 157 8
34 193 39
34 287 100
34 296 58
35 40 64
35 60 3
35 102 27
35 121 49
35 143 36
35 148 93
35 166 96
35 210 1
35 211 71
35 226 68
35 251 44
35 256 19
35 258 12
35 295 71
36 39 100
36 73 80
36 81 20
36 125 53
36 153 87
36 154 95
36 171 90
36 201 61
36 224 49
36 226 42
36 235 25
36 287 67
36 295 13
37 61 84
37 74 5
37 151 65
37 161 41
37 180 68
37 185 67
37 201 68
37 238 68
37 258 54
38 42 60
38 62 16
38 119 54
38 121 82
38 202 83
38 209 49
38 246 100
38 249 94
38 255 19
38 276 100
39 81 25
39 96 38
39 149 4
39 155 64
39 186 85
39 187 45
39 263 76
39 286 33
40 46 86
40 85 100
40 144 99
40 154 51
40 177 84
40 182 4
40 195 15
40 207 76
40 209 23
40 275 81
41 73 95
41 95 91
41 118 35
41 150 54
41 164 58
41 200 40
41 214 35
41 257 40
41 290 89
42 62 87
42 75 85
42 130 7
42 135 38
42 136 10
42 145 97
42 164 93
42 259 73
42 273 81
42 284 38
43 50 100
43 52 65
43 53 23
43 61 100
43 70 64
43 82 73
43 110 35
43 135 67
43 154 39
43 198 10
43 202 89
43 225 20
43 240 57
43 262 31
43 263 6
43 274 10
43 275 88
44 45 45
44 99 97
44 115 79
44 118 85
44 127 35
44 130 16
44 147 44
44 182 72
44 264 77
44 277 40
45 59 64
45 68 1
45 72 72
45 80 53
45 132 100
45 146 36
45 153 76
45 155 51
45 181 51
45 184 100
45 213 85
45 214 69
45 233 39
45 249 47
45 257 58
45 261 10
45 269 3
45 279 40
45 286 15
46 76 64
46 120 80
46 123 11
46 125 12
46 130 10
46 192 96
46 228 98
46 280 77
47 62 39
47 106 21
47 110 53
47 117 30
47 147 37
47 173 5
47 200 53
47 209 89
47 210 5
47 223 40
47 236 16
47 241 55
48 56 91
48 103 16
48 108 92
48 110 59
48 135 6
48 143 90
48 162 68
48 165 15
48 187 44
48 194 60
48 202 81
48 203 7
48 224 91
48 226 91
48 229 71
48 241 100
48 255 38
48 256 68
48 268 77
49 83 28
49 85 41
49 91 81
49 102 57
49 106 77
49 108 86
49 183 61
49 190 65
49 232 42
49 265 1
50 96 81
50 155 48
50 178 43
50 207 48
50 208 39
50 223 53
50 231 53
50 264 80
50 274 73
50 278 67
51 54 23
51 56 32
51 57 47
51 65 82
51 68 74
51 76 89
51 83 4
51 106 73
51 185 27
51 209 23
51 244 1
51 277 54
51 285 63
51 295 34
51 297 63
52 53 39
52 73 71
52 124 23
52 129 4
52 163 12
52 191 75
52 216 36
52 221 59
52 222 69
52 227 83
52 234 50
52 268 22
52 286 35
52 297 81
53 60 46
53 64 1
53 67 4
53 77 29
53 90 99
53 97 37
53 104 2
53 117 87
53 118 40
53 189 26
53 212 13
53 215 62
53 295 79
54 56 19
54 91 25
54 150 12
54 157 81
54 159 15
54 164 34
54 174 55
54 176 18
54 187 45
54 233 30
54 240 5
54 285 55
54 298 50
55 68 87
55 81 56
55 103 71
55 145 21
55 172 37
55 177 68
55 189 73
55 195 92
55 203 96
55 206 71
55 233 28
55 234 97
55 236 10
55 275 19
56 63 23
56 111 74
56 136 80
56 139 53
56 222 92
56 241 56
56 249 16
56 265 24
57 96 71
57 150 49
57 159 79
57 165 40
57 206 93
57 246 60
57 279 45
57 283 99
57 286 9
58 59 31
58 99 7
58 101 32
58 140 4
58 151 43
58 176 99
58 179 76
58 191 86
58 202 95
58 204 99
58 253 13
58 259 43
58 297 8
59 63 31
59 67 17
59 75 33
59 116 62
59 127 69
59 136 25
59 169 18
59 229 84
59 263 48
59 269 40
59 279 32
59 285 26
60 87 79
60 138 76
60 151 37
60 205 75
60 208 27
60 239 46
60 246 6
60 250 33
60 256 77
60 284 9
60 287 27
60 289 75
61 100 36
61 103 12
61 121 21
61 154 34
61 228 76
61 250 64
61 260 93
61 261 6
61 271 32
62 68 26
62 70 19
62 148 1
62 193 2
62 221 36
62 237 36
62 249 1
62 255 27
62 256 20
62 266 79
62 268 58
62 269 47
63 68 15
63 75 32
63 77 73
63 153 60
63 175 89
63 201 57
63 209 88
63 243 49
63 246 35
63 258 15
63 267 85
63 296 46
64 102 35
64 136 70
64 167 21
64 184 50
64 241 15
64 255 78
64 261 34
64 262 92
64 266 97
65 75 34
65 114 93
65 152 84
65 200 21
65 207 93
65 245 11
65 284 40
65 286 71
65 293 68
66 73 39
66 94 38
66 96 99
66 125 63
66 127 97
66 131 88
66 143 20
66 172 37
66 204 36
66 208 54
66 214 51
66 215 72
66 224 52
66 259 85
66 264 94
66 280 24
66 282 87
66 292 8
67 77 2
67 151 20
67 173 99
67 193 98
67 224 5
67 236 91
67 253 33
67 254 77
67 280 35
67 291 43
68 86 69
68 90 58
68 143 62
68 151 7
68 159 95
68 167 13
68 200 69
68 230 43
68 237 52
68 257 40
68 284 79
69 82 87
69 113 46
69 180 29
69 203 11
69 208 97
69 275 66
69 276 4
70 75 20
70 95 4
70 112 11
70 133 73
70 152 75
70 166 61
70 224 22
70 263 79
70 272 51
70 273 55
70 276 55
71 93 37
71 96 49
71 105 75
71 116 94
71 136 11
71 138 81
71 157 40
71 193 23
71 213 2
71 219 83
71 225 74
71 230 93
71 285 61
72 180 12
72 189 38
72 193 42
72 227 74
72 235 86
72 252 7
72 284 29
72 289 58
72 299 62
73 77 39
73 123 30
73 139 36
73 154 51
73 189 52
73 190 14
73 194 1
73 205 58
73 241 20
73 268 90
73 286 6
73 292 47
74 95 83
74 105 68
74 126 27
74 140 75
74 152 42
74 185 80
74 195 57
74 251 67
74 256 73
74 267 69
74 272 31
74 283 10
75 79 10
75 125 4
75 188 48
75 234 68
75 281 33
75 286 5
75 299 81
76 102 23
76 130 86
76 137 16
76 155 74
76 170 89
76 181 81
76 190 26
76 230 46
76 232 53
76 266 15
76 270 4
76 289 99
76 293 50
76 297 23
77 108 77
77 124 24
77 125 17
77 155 57
77 160 32
77 169 83
77 183 29
77 194 100
77 204 13
77 205 90
77 218 62
77 224 69
77 272 37
77 280 81
77 290 53
77 295 93
78 132 62
78 138 27
78 144 79
78 161 77
78 183 100
78 196 19
78 197 10
78 203 78
78 241 17
78 257 62
78 265 44
78 270 72
78 274 60
78 280 45
79 95 94
79 104 36
79 114 68
79 145 10
79 154 44
79 156 51
79 194 45
79 195 72
79 201 3
79 246 9
79 270 14
79 297 16
80 98 29
80 136 2
80 142 96
80 189 81
80 190 95
80 202 9
80 204 8
80 240 25
80 263 38
80 270 59
80 276 95
81 83 47
81 97 36
81 112 11
81 123 8
81 165 32
81 186 82
81 197 19
81 200 76
81 220 28
81 226 54
81 241 96
81 254 89
81 258 98
81 265 46
82 83 33
82 112 21
82 167 100
82 175 94
82 200 34
83 95 15
83 115 22
83 166 36
83 201 11
83 220 3
83 275 82
83 292 71
84 152 62
84 153 58
84 174 8
84 191 20
84 195 52
84 209 54
84 254 8
84 278 15
84 299 61
85 133 39
85 142 96
85 167 79
85 187 66
85 204 75
85 219 85
85 242 61
85 298 64
86 93 34
86 106 59
86 109 48
86 121 54
86 122 58
86 147 41
86 159 40
86 163 73
86 174 63
86 187 27
86 202 35
86 212 17
86 256 60
86 266 5
87 120 78
87 167 17
87 170 13
87 183 49
87 194 20
87 195 18
87 227 8
87 244 34
87 253 79
87 273 98
87 284 82
88 103 9
88 107 64
88 113 56
88 123 93
88 140 76
88 143 71
88 148 78
88 151 34
88 166 19
88 231 32
88 238 92
88 243 59
88 247 23
88 278 16
88 291 73
89 94 49
89 99 2
89 144 89
89 149 8
89 175 6
89 209 18
89 213 76
89 238 70
89 285 19
90 99 95
90 136 88
90 139 26
90 142 81
90 191 18
90 206 76
90 271 14
90 291 26
91 94 39
91 124 21
91 132 71
91 168 14
91 170 92
91 175 48
91 177 100
91 183 62
91 184 31
91 195 43
91 240 20
91 297 53
91 299 58
92 107 45
92 112 53
92 160 59
92 227 85
92 257 60
92 294 16
93 115 55
93 133 35
93 140 38
93 164 73
93 165 82
93 169 25
93 175 50
93 191 14
93 192 94
93 195 25
93 236 27
93 261 71
94 130 15
94 154 47
94 169 41
94 191 81
94 200 38
94 219 41
94 264 32
94 267 99
94 270 23
95 108 74
95 114 71
95 152 28
95 179 31
95 249 67
95 252 80
95 261 41
95 278 51
95 284 92
96 110 56
96 123 57
96 139 26
96 160 45
96 179 29
96 193 59
96 211 69
96 232 31
97 147 72
97 172 62
97 177 7
97 181 98
97 182 85
97 200 74
97 274 97
97 280 77
97 284 54
98 125 34
98 135 17
98 145 85
98 174 85
98 219 92
98 250 10
98 260 7
98 263 19
98 274 92
98 276 73
98 283 50
98 293 32
99 114 75
99 140 41
99 153 39
99 157 32
99 174 19
99 183 84
99 190 12
99 205 29
99 259 4
99 289 94
99 295 1
100 111 18
100 176 1
100 178 50
100 181 2
100 184 74
100 193 46
100 195 78
100 198 79
100 201 32
100 210 47
100 216 15
100 222 68
100 243 38
100 259 24
100 276 74
100 282 8
100 284 15
100 286 98
101 111 9
101 118 98
101 140 24
101 159 2
101 173 88
101 191 7
101 248 20
101 254 71
101 282 71
101 291 48
102 157 27
102 160 64
102 194 100
102 212 44
102 236 16
102 238 50
102 245 97
103 129 41
103 161 47
103 163 74
103 169 71
103 187 78
103 208 20
103 287 37
103 292 97
104 118 9
104 120 12
104 131 70
104 140 68
104 153 78
104 170 19
104 179 29
104 234 75
104 235 95
104 241 30
104 256 15
105 117 1
105 119 1
105 123 85
105 171 23
105 254 48
105 286 63
105 296 39
106 119 100
106 173 6
106 187 54
106 193 1
106 230 2
106 237 47
106 261 47
106 275 28
106 295 69
107 130 77
107 151 99
107 184 6
107 207 73
107 209 8
107 261 17
107 282 95
108 129 27
108 140 95
108 146 13
108 153 55
108 159 21
108 161 7
108 169 84
108 201 35
108 204 60
108 216 36
108 235 72
108 255 34
109 114 84
109 129 34
109 131 72
109 135 35
109 151 92
109 192 78
109 195 35
109 234 45
109 275 24
110 132 81
110 154 72
110 163 92
110 172 57
110 200 71
110 203 49
110 205 30
110 223 30
110 242 66
110 260 24
110 274 8
110 288 12
111 159 88
111 170 63
111 185 32
111 214 47
111 233 98
111 241 19
111 268 58
111 269 34
112 137 90
112 272 91
112 273 69
112 278 75
113 132 63
113 182 55
113 184 66
113 190 40
113 238 89
113 241 63
113 251 15
113 293 21
114 127 34
114 148 58
114 156 30
114 160 56
114 179 7
114 180 59
114 186 37
114 198 24
114 202 34
114 204 45
114 240 87
114 275 73
115 137 59
115 147 70
115 153 71
115 160 8
115 186 88
115 187 28
115 218 93
115 239 29
115 243 71
115 249 13
115 266 4
115 292 33
116 125 67
116 137 21
116 150 24
116 165 55
116 203 83
116 221 90
116 234 76
116 249 69
116 298 99
117 147 5
117 163 76
117 165 57
117 188 15
117 236 65
117 239 80
117 272 100
117 293 61
117 294 66
118 123 24
118 125 19
118 142 88
118 155 95
118 197 78
118 202 75
118 222 74
118 260 71
118 277 4
118 283 44
119 122 83
119 123 59
119 226 28
119 249 2
119 250 31
119 259 3
119 270 56
120 131 66
120 159 92
120 160 83
120 166 86
120 172 43
120 181 39
120 235 61
120 245 99
120 261 5
120 266 77
120 274 31
120 283 4
120 294 37
121 152 48
121 153 80
121 169 55
121 174 35
121 179 26
121 186 85
121 192 10
121 203 99
121 206 7
121 225 65
121 230 95
121 234 89
121 249 75
121 276 22
121 289 90
121 297 5
122 134 77
122 146 98
122 152 70
122 173 20
122 187 32
122 188 55
122 209 62
122 221 71
122 240 68
122 251 61
122 298 75
123 178 44
123 206 91
123 226 31
123 241 81
123 276 38
123 281 62
123 286 87
124 154 73
124 162 87
124 181 23
124 225 34
124 287 85
125 133 29
125 151 98
125 152 31
125 165 18
125 180 72
125 223 53
125 265 59
125 272 28
125 276 29
125 279 8
126 144 50
126 163 48
126 170 40
126 177 4
126 178 62
126 180 62
126 227 23
126 229 22
126 237 88
126 265 67
126 269 64
126 275 70
126 278 99
127 137 53
127 157 31
127 159 37
127 190 25
127 211 17
127 278 60
127 292 10
127 293 54
128 134 88
128 152 7
128 172 84
128 184 57
128 186 30
128 256 88
128 270 68
129 137 10
129 164 68
129 179 27
129 207 59
129 218 68
129 219 66
129 243 14
129 248 29
129 264 79
129 273 37
130 147 2
130 148 67
130 161 55
130 165 65
130 210 36
130 212 5
130 251 17
130 277 19
130 297 41
130 299 94
131 171 87
131 181 52
131 185 3
131 261 40
131 269 40
131 289 62
132 174 76
132 207 48
132 223 43
132 257 15
132 298 15
133 135 52
133 155 83
133 190 42
133 216 62
133 270 2
133 278 59
134 141 76
134 143 30
134 148 38
134 160 12
134 177 83
134 186 56
134 201 18
134 270 47
134 299 43
135 143 22
135 151 15
135 176 61
135 186 14
135 205 8
135 207 48
135 225 66
135 233 63
135 243 39
135 245 57
135 246 24
135 261 66
136 138 4
136 154 66
136 168 81
136 209 71
136 234 70
136 294 15
136 298 64
137 146 31
137 162 16
137 272 22
137 285 6
137 288 97
138 181 11
138 191 69
138 193 79
138 200 18
138 225 38
138 237 77
138 254 61
138 267 11
139 177 91
139 253 73
139 263 25
139 275 51
139 287 72
140 143 42
140 148 13
140 174 63
140 177 50
140 182 36
140 187 28
140 198 5
140 214 53
140 225 60
140 232 75
140 239 22
140 247 74
140 251 38
140 256 53
140 292 41
141 184 12
141 192 10
141 204 89
141 207 22
141 226 31
141 233 67
141 248 92
141 275 68
141 280 43
142 149 4
142 151 79
142 160 86
142 167 76
142 180 55
142 197 36
142 198 100
142 217 48
142 240 48
142 254 62
142 275 97
142 283 35
142 294 41
142 296 1
143 160 87
143 173 1
143 187 28
143 210 9
143 212 26
143 222 65
143 233 13
143 260 67
143 264 28
143 276 74
143 288 55
144 182 2
144 187 4
144 200 74
144 204 93
144 205 24
144 229 68
144 236 96
145 147 54
145 184 53
145 189 23
145 217 60
145 219 40
145 223 74
145 273 7
145 277 87
145 299 35
146 152 55
146 156 21
146 183 28
146 219 7
146 223 8
146 266 28
146 274 34
146 286 68
147 152 53
147 153 51
147 157 32
147 168 71
147 184 78
147 228 5
147 239 78
147 259 79
147 261 61
148 149 51
148 162 23
148 165 36
148 195 70
148 212 70
148 213 41
148 243 23
148 267 93
148 270 100
148 271 62
148 278 18
149 154 58
149 190 1
149 216 5
149 217 12
149 226 21
149 255 32
149 274 70
149 279 80
149 290 11
150 167 4
150 188 99
150 205 63
150 234 54
150 245 30
150 256 86
150 258 83
150 288 87
150 293 63
151 173 14
151 180 99
151 189 65
151 193 36
151 200 34
151 241 34
151 248 58
151 260 26
152 167 8
152 193 2
152 215 25
152 290 22
152 299 19
153 174 34
153 214 74
153 222 23
153 235 97
153 266 94
153 281 6
154 216 66
154 234 26
154 248 16
154 278 69
155 160 24
155 174 31
155 209 74
155 252 6
155 258 16
155 286 9
155 298 92
156 163 30
156 205 22
156 218 90
156 240 46
156 252 9
156 276 75
156 281 31
157 202 66
157 213 100
157 221 39
157 223 67
157 265 76
157 274 12
157 289 38
157 295 9
158 159 85
158 173 60
158 194 5
158 233 30
158 237 66
158 265 22
158 282 7
158 284 33
159 266 43
160 205 31
160 288 63
160 289 68
161 187 88
161 188 78
161 200 76
161 223 79
161 241 59
161 247 49
161 275 20
161 299 4
162 179 10
162 198 94
162 206 35
162 213 75
162 219 93
162 251 25
162 252 94
162 265 20
163 176 36
163 183 83
163 198 28
163 218 72
163 226 42
163 227 84
163 295 1
163 296 59
164 214 5
164 235 60
164 251 92
164 268 99
164 280 90
164 285 6
164 299 67
165 179 77
165 182 36
165 186 94
165 215 7
165 233 94
165 237 43
165 254 26
165 265 50
165 267 52
165 275 71
165 277 84
165 279 78
165 284 63
166 169 60
166 195 23
166 216 82
166 225 47
166 238 5
166 272 61
167 168 18
167 180 99
167 195 44
167 211 70
167 212 9
167 221 100
167 232 29
167 265 100
167 273 99
167 293 70
167 298 58
167 299 17
168 172 98
168 184 93
168 247 10
168 275 4
168 279 38
168 286 52
169 175 81
169 216 87
169 253 55
169 278 51
169 287 22
170 200 85
170 202 65
170 211 81
170 217 7
170 221 98
170 222 27
170 227 12
170 254 10
170 263 96
170 273 62
171 176 5
171 178 18
171 184 70
171 186 5
171 270 98
172 193 22
172 194 55
172 211 68
172 222 79
172 258 71
172 270 17
172 281 71
172 288 32
173 186 73
173 193 8
173 194 84
173 196 53
173 233 47
173 272 90
173 274 56
173 292 68
174 204 74
174 294 72
174 297 49
175 176 81
175 190 70
175 220 27
175 223 44
175 236 79
175 252 75
175 255 5
175 258 84
175 289 92
176 186 74
176 190 40
176 197 41
176 205 95
176 207 46
176 244 60
176 245 25
176 246 68
176 250 77
176 259 95
176 293 99
177 197 49
177 198 55
177 205 34
177 208 53
177 224 1
177 256 24
177 285 60
177 295 20
178 205 49
178 208 32
179 224 20
179 240 81
179 262 53
179 264 99
180 187 24
180 205 83
180 214 73
180 249 80
180 280 18
181 188 16
181 208 6
181 236 9
181 268 56
181 281 52
181 297 54
182 257 16
182 262 77
182 271 73
182 285 44
182 288 23
182 295 72
182 297 44
183 206 29
183 223 57
183 254 48
183 271 81
184 278 32
184 287 8
184 297 1
185 226 81
185 238 91
185 248 20
185 275 61
185 285 43
185 291 18
186 229 37
186 233 77
186 269 42
186 275 16
187 198 95
187 210 57
187 249 73
188 195 3
188 207 65
188 209 25
188 278 9
189 197 32
189 199 53
189 235 81
189 242 75
189 249 75
189 253 52
189 274 18
189 275 4
190 206 61
190 210 65
190 236 84
190 258 92
190 260 24
190 261 36
190 268 24
190 285 14
191 223 56
191 234 85
191 254 8
191 256 25
191 274 73
192 196 85
192 206 67
192 241 40
192 251 31
192 267 75
192 270 13
192 285 33
193 196 91
193 209 89
193 217 41
193 244 22
193 248 41
193 274 74
193 282 48
193 287 67
193 292 77
193 297 17
194 201 22
194 238 37
194 264 34
195 209 58
195 210 29
195 221 57
195 254 93
195 268 52
195 297 23
196 211 48
196 229 88
196 242 30
196 260 25
197 203 60
197 205 66
197 233 91
197 238 100
197 239 96
197 244 65
197 261 64
197 283 29
197 291 8
197 294 52
198 212 21
198 241 29
198 249 44
198 276 46
198 285 77
198 286 10
199 218 23
199 228 45
199 229 32
199 231 59
199 243 78
199 253 89
199 295 39
200 201 35
200 279 81
200 289 43
201 202 9
201 246 81
201 268 82
201 277 38
201 286 5
201 293 94
202 205 4
202 219 47
202 237 45
202 253 51
203 226 63
203 253 8
203 270 79
204 258 70
204 284 11
205 236 52
205 260 99
205 262 54
205 289 97
205 293 27
206 259 63
207 219 71
207 246 71
207 257 46
207 274 82
207 293 1
208 227 86
208 249 72
208 295 35
209 234 19
209 244 14
209 253 43
209 263 99
209 266 48
209 274 32
209 281 55
210 251 41
210 268 87
210 269 1
210 281 85
210 285 38
210 294 15
211 230 44
211 242 68
211 253 85
211 262 54
211 295 71
212 216 35
212 225 59
212 227 20
212 232 13
212 251 73
212 263 90
212 274 83
213 229 19
213 250 71
213 292 35
213 295 4
214 215 43
214 231 69
214 240 74
215 218 8
215 244 63
215 249 24
215 255 7
215 282 47
216 236 78
216 263 99
216 266 33
216 275 30
217 219 83
217 223 22
217 225 45
217 259 78
217 294 90
218 237 81
218 258 83
218 264 60
218 269 15
218 282 41
218 284 79
219 258 27
219 299 14
220 249 21
220 259 61
220 270 84
220 292 43
220 296 96
221 232 39
221 237 85
221 238 16
221 242 13
221 247 45
221 259 31
222 267 36
223 227 51
224 263 29
224 273 14
225 236 50
225 239 61
225 266 95
225 292 84
226 230 83
226 289 91
227 287 14
227 294 24
227 299 23
228 229 96
228 253 83
228 259 37
228 278 37
228 279 14
229 258 15
229 266 2
229 272 86
229 293 28
229 299 85
230 238 28
230 247 75
230 261 23
230 270 65
230 295 42
231 240 35
231 244 9
231 256 24
231 289 71
231 296 11
231 299 52
232 256 36
232 265 12
232 287 65
232 294 82
233 242 48
233 277 99
233 288 73
234 270 13
234 273 22
234 282 47
234 289 8
235 237 56
236 247 84
236 280 96
237 247 21
237 265 50
237 281 97
239 248 6
239 251 29
239 271 33
240 256 34
240 274 3
240 283 56
240 285 98
241 260 97
241 299 42
242 261 58
242 285 20
243 257 64
243 292 20
243 298 24
244 254 99
244 258 84
244 266 88
244 270 33
244 278 31
245 249 86
245 250 57
245 262 43
246 264 59
246 285 3
246 286 2
246 292 14
246 294 38
247 263 98
247 272 35
247 284 88
247 293 46
248 259 92
248 270 68
248 284 79
248 295 25
249 251 23
249 293 86
250 264 74
250 297 19
251 278 27
251 284 31
252 257 90
252 258 91
252 271 3
253 275 13
253 294 41
254 288 86
254 289 52
255 274 73
255 294 16
255 295 37
256 273 81
257 262 10
257 271 95
257 284 84
257 293 11
258 264 61
258 280 21
258 287 60
259 266 47
259 269 60
260 265 58
260 272 38
260 282 28
261 274 88
263 276 63
264 272 2
264 274 73
264 283 88
264 295 20
264 298 51
266 284 71
268 271 61
268 276 93
271 275 73
271 288 74
272 273 34
274 281 58
274 282 25
274 296 58
276 279 25
278 286 14
279 282 39
279 289 86
280 289 60
280 293 74
281 288 48
282 292 20
282 296 46
282 298 8
287 289 66
293 298 6
300 356 28
300 362 47
300 386 40
300 402 13
300 404 19
300 414 42
300 432 44
300 436 23
300 440 25
300 442 14
300 515 7
300 529 47
300 554 36
301 310 4
301 322 49
301 364 2
301 393 20
301 405 45
301 408 28
301 420 40
301 462 6
301 518 44
301 534 36
301 580 20
301 590 32
302 330 34
302 331 35
302 361 6
302 381 2
302 394 8
302 397 32
302 430 31
302 434 7
302 439 23
302 454 43
302 482 27
302 509 14
302 515 39
302 528 1
302 579 39
302 588 2
302 592 7
302 593 37
302 594 37
303 315 10
303 333 37
303 339 40
303 360 31
303 367 33
303 397 19
303 417 22
303 458 38
303 462 13
303 472 7
303 527 8
303 540 44
304 349 41
304 388 44
304 394 2
304 418 44
304 427 3
304 431 35
304 446 27
304 474 9
304 553 7
304 570 21
304 590 35
304 599 23
305 306 9
305 374 35
305 397 13
305 458 10
305 509 43
305 511 1
305 517 48
305 555 2
305 575 39
305 583 40
306 308 34
306 313 21
306 343 8
306 345 8
306 357 11
306 378 20
306 396 14
306 426 20
306 430 16
306 460 6
306 467 13
306 483 17
306 492 2
306 510 15
306 532 1
306 549 28
306 574 24
306 587 7
306 591 48
306 598 10
306 599 29
307 324 7
307 325 45
307 333 43
307 365 18
307 392 37
307 398 43
307 399 16
307 439 41
307 461 31
307 465 7
307 467 26
307 541 2
307 586 14
308 327 33
308 335 12
308 336 36
308 403 49
308 428 33
308 457 1
308 482 4
308 485 45
308 497 19
308 507 7
308 521 9
308 527 21
308 543 34
308 551 34
308 561 27
308 567 32
308 576 44
308 598 8
309 310 40
309 329 40
309 332 50
309 337 7
309 345 28
309 349 45
309 403 24
309 419 20
309 420 25
309 451 30
309 485 48
309 523 26
309 530 46
309 552 30
309 570 39
309 584 31
310 315 30
310 334 21
310 362 33
310 381 36
310 408 17
310 455 3
310 536 42
310 564 26
310 569 23
310 598 26
311 334 11
311 341 1
311 353 9
311 402 6
311 420 10
311 444 50
311 456 47
311 471 12
311 505 8
311 529 25
311 537 6
311 578 32
311 584 46
311 586 30
312 365 13
312 426 43
312 443 8
312 465 10
312 493 25
312 542 48
312 553 40
312 591 4
312 594 19
312 599 24
313 336 41
313 353 37
313 356 26
313 390 33
313 393 14
313 418 50
313 429 8
313 450 25
313 455 1
313 459 18
313 464 30
313 500 10
313 515 17
313 524 29
313 543 21
313 556 24
313 581 5
313 596 26
313 599 7
314 320 50
314 377 8
314 405 22
314 414 45
314 421 15
314 482 31
314 484 21
314 505 12
314 509 21
314 550 26
314 558 32
314 572 46
315 376 17
315 415 19
315 422 24
315 423 49
315 428 32
315 452 23
315 461 8
315 490 8
315 493 23
315 521 25
316 376 40
316 382 35
316 408 43
316 412 18
316 447 7
316 466 18
316 467 22
316 519 35
316 598 25
317 343 23
317 421 42
317 542 46
317 553 17
317 565 8
317 592 26
318 319 37
318 337 19
318 348 48
318 356 13
318 372 3
318 378 46
318 408 29
318 421 21
318 439 19
318 444 29
318 450 4
318 461 43
318 501 36
318 520 12
318 534 18
318 539 12
318 544 1
318 565 2
318 597 6
319 322 20
319 327 10
319 394 23
319 418 41
319 435 44
319 437 49
319 440 13
319 453 35
319 505 46
319 520 30
319 553 42
320 340 22
320 351 18
320 370 13
320 372 21
320 389 32
320 435 17
320 451 18
320 457 12
320 458 39
320 483 38
320 494 40
320 495 42
320 516 31
320 538 27
320 540 5
320 551 48
320 557 38
320 561 5
320 566 1
320 579 45
320 584 24
320 595 10
321 366 18
321 373 16
321 413 4
321 414 16
321 442 29
321 485 40
321 495 12
321 509 10
321 548 34
321 569 35
322 337 29
322 394 48
322 397 7
322 444 11
322 452 14
322 476 25
322 553 22
322 571 2
323 365 12
323 401 12
323 409 45
323 430 44
323 435 40
323 454 50
323 468 43
323 520 28
323 521 6
323 551 43
323 587 22
324 408 32
324 422 5
324 426 41
324 438 47
324 486 8
324 527 9
324 558 27
324 577 49
325 358 22
325 389 36
325 394 32
325 417 8
325 420 17
325 459 31
325 477 14
325 496 27
325 523 44
325 547 40
325 549 50
325 569 47
325 575 4
325 581 13
325 583 42
326 328 49
326 359 3
326 376 41
326 378 42
326 380 32
326 396 48
326 401 34
326 431 5
326 472 29
326 493 38
326 524 46
326 531 26
326 552 47
326 561 6
326 572 2
326 581 48
326 596 27
327 329 40
327 350 29
327 375 36
327 389 8
327 390 10
327 408 49
327 430 36
327 455 5
327 482 41
327 503 35
327 519 2
327 537 46
327 542 50
327 546 45
327 556 44
327 566 2
327 569 37
327 577 35
327 583 35
327 586 34
328 354 21
328 384 39
328 470 13
328 471 10
328 481 36
328 489 40
328 493 9
328 511 41
328 515 43
328 523 6
328 532 19
328 574 34
328 575 36
328 578 4
328 591 41
329 368 47
329 374 5
329 377 26
329 378 2
329 420 47
329 429 13
329 431 5
329 440 42
329 487 12
329 505 49
329 525 37
329 531 15
329 543 35
329 555 22
329 565 49
329 584 20
330 345 44
330 369 39
330 371 32
330 388 3
330 398 25
330 428 21
330 436 13
330 447 17
330 477 14
330 486 18
330 502 38
330 542 47
330 563 4
330 578 41
330 580 40
330 584 2
330 591 47
330 592 15
330 593 3
330 594 43
331 347 29
331 356 9
331 358 36
331 364 40
331 373 9
331 497 23
331 521 6
331 530 45
331 567 46
331 587 6
331 596 15
331 597 39
332 340 45
332 351 46
332 395 43
332 452 21
332 455 19
332 463 6
332 468 37
332 486 32
332 496 25
332 501 24
332 545 30
332 562 28
332 570 17
332 581 21
333 350 30
333 369 15
333 378 38
333 389 34
333 406 8
333 422 16
333 445 45
333 476 45
333 481 8
333 497 3
333 499 17
333 501 13
333 552 50
333 557 12
333 561 19
333 589 14
333 595 2
334 339 15
334 379 11
334 419 45
334 443 35
334 458 29
334 463 2
334 467 21
334 484 12
334 491 26
334 517 47
334 524 44
334 566 6
334 567 15
334 573 14
334 598 37
335 339 29
335 378 1
335 389 22
335 400 38
335 408 17
335 426 16
335 459 35
335 481 26
335 483 21
335 511 1
335 542 38
335 543 20
336 372 15
336 387 8
336 401 35
336 421 18
336 428 22
336 432 45
336 433 14
336 448 6
336 451 24
336 461 15
336 477 29
336 483 35
336 494 43
336 515 27
336 542 28
336 583 50
336 584 41
337 344 44
337 368 36
337 385 21
337 397 44
337 406 7
337 502 11
337 520 12
337 536 25
337 544 45
337 562 37
337 597 47
337 599 47
338 339 27
338 355 18
338 378 13
338 382 34
338 391 2
338 410 31
338 420 8
338 425 46
338 435 46
338 441 13
338 443 21
339 374 13
339 375 43
339 378 8
339 381 5
339 389 19
339 438 35
339 466 4
339 473 11
339 481 30
339 499 41
339 501 34
339 510 24
339 524 49
339 546 46
339 555 37
339 590 25
339 594 42
339 599 24
340 372 21
340 379 38
340 380 2
340 400 40
340 405 3
340 414 37
340 415 41
340 438 35
340 509 44
340 510 39
340 518 30
340 529 9
340 555 11
340 557 42
340 595 1
341 373 18
341 382 48
341 386 22
341 423 5
341 443 3
341 469 32
341 470 34
341 477 45
341 480 17
341 490 7
341 503 44
341 541 12
341 576 46
342 374 18
342 396 3
342 454 21
342 457 41
342 463 43
342 478 22
342 491 32
342 508 45
342 525 8
342 537 25
342 548 29
342 554 2
342 560 13
343 381 10
343 388 10
343 393 23
343 410 4
343 426 12
343 429 41
343 468 3
343 477 33
343 497 45
343 533 6
343 545 15
343 596 30
344 369 50
344 389 31
344 395 37
344 396 45
344 406 45
344 411 34
344 413 15
344 447 47
344 453 4
344 460 5
344 465 39
344 466 25
344 469 36
344 496 35
344 498 32
344 511 10
344 520 15
344 523 35
344 545 24
345 356 27
345 379 46
345 386 49
345 399 30
345 411 8
345 427 41
345 432 32
345 438 40
345 449 37
345 465 39
345 492 6
345 493 16
345 503 39
345 507 39
345 525 4
345 548 35
345 599 33
346 365 37
346 401 49
346 415 29
346 425 40
346 474 3
346 487 20
346 500 14
346 524 41
346 535 6
346 577 48
346 599 2
347 385 21
347 387 32
347 434 28
347 439 47
347 444 28
347 463 26
347 505 28
347 510 35
347 512 18
347 517 9
347 545 26
347 575 4
348 368 50
348 381 32
348 439 19
348 453 38
348 463 20
348 481 23
348 490 24
348 493 2
348 542 9
348 598 23
349 365 32
349 367 1
349 375 27
349 385 3
349 406 16
349 423 19
349 449 9
349 474 13
349 488 21
349 539 31
349 540 47
349 552 50
349 554 29
349 567 26
349 586 27
349 599 8
350 353 12
350 363 44
350 364 18
350 365 37
350 366 47
350 371 17
350 435 18
350 439 15
350 443 6
350 444 39
350 460 39
350 467 30
350 486 40
350 487 50
350 490 2
350 495 24
350 502 50
350 507 28
350 530 26
350 535 15
350 552 49
350 559 36
350 567 30
350 593 19
350 594 18
351 357 26
351 365 20
351 368 48
351 398 3
351 402 46
351 403 5
351 473 14
351 509 39
351 511 23
351 532 50
351 550 35
351 588 41
351 594 20
352 387 1
352 411 47
352 433 8
352 435 42
352 439 26
352 453 50
352 527 41
352 547 29
352 548 23
352 578 42
352 580 8
353 424 50
353 425 8
353 462 6
353 503 38
353 517 39
353 543 26
353 557 5
353 564 16
353 591 45
354 358 5
354 435 18
354 465 40
354 494 11
354 497 31
354 566 28
354 569 33
354 596 33
355 371 14
355 388 26
355 421 4
355 440 15
355 447 22
355 451 11
355 468 8
355 469 49
355 511 12
355 529 50
355 548 29
355 580 36
355 582 41
355 590 36
356 368 36
356 387 50
356 502 44
356 509 23
356 510 39
356 576 19
356 589 29
357 375 4
357 402 16
357 411 33
357 416 22
357 428 5
357 461 46
357 501 4
357 506 35
357 549 30
357 554 38
357 556 48
357 578 5
357 579 41
358 377 14
358 379 28
358 391 4
358 401 21
358 437 26
358 442 15
358 448 22
358 499 6
358 536 1
358 539 12
358 551 42
358 555 38
358 569 14
358 570 37
359 414 12
359 435 2
359 436 7
359 449 40
359 475 7
359 478 22
359 488 25
359 493 30
359 494 29
359 509 22
359 533 34
359 538 13
359 554 1
359 557 21
359 583 12
360 373 6
360 388 14
360 438 28
360 454 33
360 465 17
360 471 48
360 501 11
360 510 31
361 379 20
361 381 16
361 387 33
361 390 33
361 517 7
361 540 22
361 544 48
361 554 45
361 565 33
361 578 49
362 382 2
362 433 25
362 474 8
362 490 23
362 491 1
362 502 37
362 529 1
362 532 22
362 534 22
362 544 15
362 547 22
362 556 45
362 558 27
362 562 27
362 576 8
362 592 4
362 593 12
363 419 24
363 447 3
363 482 22
363 490 6
363 504 24
363 510 37
363 564 41
364 377 9
364 411 46
364 455 12
364 463 6
364 496 40
364 509 45
364 516 7
364 524 41
364 544 21
364 565 14
364 594 16
365 389 21
365 399 2
365 416 18
365 502 44
365 559 24
365 568 33
365 572 15
365 578 18
365 592 11
365 599 44
366 367 27
366 401 16
366 412 5
366 421 2
366 435 18
366 448 26
366 467 7
366 540 44
366 541 12
366 545 49
366 556 4
366 589 9
367 383 11
367 387 9
367 395 49
367 397 7
367 405 17
367 428 41
367 445 27
367 486 30
367 577 6
368 370 49
368 383 34
368 386 24
368 398 42
368 416 7
368 420 8
368 422 8
368 425 26
368 445 18
368 477 1
368 483 4
368 484 35
368 519 5
368 522 5
368 532 4
368 549 32
368 556 11
368 559 47
368 563 46
368 568 10
368 595 50
369 374 4
369 394 22
369 400 11
369 406 2
369 443 28
369 447 27
369 462 45
369 494 6
369 505 9
369 518 50
369 531 6
369 590 42
370 393 25
370 412 49
370 438 50
370 498 34
370 518 6
370 546 27
370 561 3
370 570 7
370 588 30
371 402 37
371 418 13
371 421 34
371 438 41
371 444 45
371 475 46
371 494 39
371 530 40
371 556 5
371 560 41
371 570 43
371 592 28
372 376 3
372 390 47
372 398 7
372 491 31
372 509 41
372 577 14
372 590 39
373 388 42
373 421 19
373 436 32
373 439 19
373 440 19
373 451 33
373 464 4
373 517 25
373 558 9
373 570 7
373 581 33
373 584 40
373 585 45
374 379 45
374 392 23
374 410 35
374 418 41
374 436 19
374 454 26
374 473 30
374 481 25
374 510 16
374 536 25
374 542 5
374 554 18
375 382 23
375 391 11
375 430 48
375 482 15
375 511 25
375 515 39
375 543 8
375 544 45
375 549 22
375 551 28
376 379 14
376 413 5
376 460 32
376 463 40
376 504 15
376 512 38
376 516 22
376 521 5
376 532 32
376 549 16
376 553 27
376 567 19
376 593 7
376 599 47
377 378 44
377 399 38
377 436 24
377 460 11
377 461 14
377 467 28
377 477 30
377 526 38
377 543 38
377 560 27
378 402 4
378 407 14
378 430 17
378 433 12
378 453 9
378 485 39
378 493 39
378 516 24
378 537 45
378 538 20
378 545 13
378 565 9
378 574 9
378 598 34
379 386 13
379 402 43
379 406 1
379 409 42
379 448 11
379 493 9
379 505 40
379 513 6
379 531 49
379 535 13
379 547 16
379 589 14
380 399 40
380 493 47
380 520 4
380 522 30
380 523 25
380 529 7
380 563 43
380 568 42
380 579 20
381 386 3
381 406 32
381 410 9
381 424 28
381 454 26
381 519 30
381 549 40
381 552 36
381 570 41
381 576 25
382 388 1
382 422 33
382 426 28
382 437 42
382 477 45
382 502 36
382 509 33
382 569 2
382 599 36
383 397 46
383 406 19
383 412 50
383 422 37
383 442 15
383 511 3
383 517 16
383 533 39
383 557 9
383 566 11
383 587 30
383 593 31
383 595 15
384 425 13
384 435 39
384 440 43
384 456 38
384 473 20
384 476 32
384 502 26
384 516 10
384 521 9
384 533 26
384 554 44
384 566 36
384 583 19
384 589 38
385 386 23
385 392 1
385 437 39
385 470 9
385 484 48
385 508 7
385 515 8
385 524 35
385 529 21
385 580 12
385 582 2
385 585 12
385 594 22
386 410 12
386 470 41
386 542 2
386 570 27
386 582 4
386 583 42
386 591 19
387 425 43
387 448 12
387 499 2
387 546 18
387 550 23
387 570 10
388 402 45
388 418 17
388 424 47
388 427 13
388 438 6
388 454 20
388 491 16
388 545 47
388 566 28
389 394 13
389 411 3
389 426 37
389 444 47
389 445 26
389 458 48
389 478 49
389 540 37
389 546 19
389 573 10
389 577 29
390 421 23
390 432 38
390 440 34
390 471 14
390 482 6
390 506 29
390 563 25
390 567 10
390 579 48
390 597 50
391 400 19
391 403 43
391 432 16
391 438 18
391 442 7
391 455 23
391 493 37
391 514 22
391 519 19
391 520 14
391 562 35
391 589 22
392 419 50
392 440 33
392 443 49
392 463 49
392 467 31
392 486 37
392 564 19
392 573 43
392 582 17
392 588 41
393 412 32
393 423 1
393 424 5
393 487 38
393 514 31
393 515 31
393 520 49
393 546 28
393 550 30
393 554 19
393 588 22
393 589 47
394 399 36
394 432 29
394 439 20
394 452 22
394 499 2
394 514 38
394 550 37
394 560 38
395 428 11
395 435 38
395 457 21
395 463 9
395 485 36
395 487 3
395 499 47
395 501 5
395 505 47
395 543 14
395 583 45
396 429 29
396 438 14
396 465 1
396 480 18
396 507 46
396 520 32
396 522 16
396 531 23
396 551 11
396 556 34
396 558 45
396 575 8
396 587 22
397 405 25
397 419 27
397 429 43
397 438 26
397 456 16
397 460 32
397 485 14
397 510 27
397 566 19
398 400 36
398 404 37
398 415 7
398 450 38
398 471 34
398 478 13
398 537 37
398 553 47
398 557 9
398 561 15
399 410 12
399 427 10
399 431 32
399 449 7
399 463 41
399 482 49
399 484 31
399 494 3
399 515 34
399 516 25
399 527 12
399 570 5
399 574 1
400 402 38
400 417 50
400 462 29
400 470 6
400 477 31
400 548 44
400 564 32
401 421 1
401 428 29
401 435 18
401 437 9
401 478 18
401 530 1
401 554 21
401 556 4
401 570 49
401 597 32
402 427 20
402 442 12
402 449 41
402 462 3
402 542 18
402 546 33
402 556 3
402 573 1
402 579 37
402 598 37
403 426 25
403 430 49
403 445 41
403 465 28
403 467 38
403 468 42
403 508 6
403 514 43
403 537 22
403 553 49
403 566 24
403 567 25
403 587 29
404 433 44
404 444 35
404 449 46
404 503 44
404 543 8
404 545 2
404 547 45
404 557 39
404 567 21
405 430 6
405 434 31
405 449 26
405 459 26
405 512 13
405 548 28
405 570 26
405 591 49
406 409 14
406 483 2
406 512 49
406 522 7
406 523 29
406 524 37
406 529 48
406 550 36
406 559 29
406 590 22
406 592 34
407 455 3
407 484 48
407 506 12
407 512 46
407 574 32
408 436 10
408 446 41
408 474 39
408 498 11
408 556 37
409 410 27
409 414 33
409 424 45
409 445 9
409 485 10
409 503 22
409 520 21
409 529 38
409 532 47
409 533 22
409 535 3
409 549 50
409 557 20
410 447 11
410 506 31
410 534 6
410 545 9
410 559 16
410 563 37
410 573 32
410 582 50
411 445 39
411 461 29
411 488 13
411 499 36
411 519 12
411 521 22
411 559 28
411 562 1
411 585 34
412 419 17
412 455 29
412 469 19
412 474 11
412 530 38
412 538 28
412 555 32
412 578 10
412 581 17
413 432 30
413 457 33
413 473 20
413 496 29
413 511 3
413 551 30
413 566 9
413 588 10
413 589 40
414 423 27
414 440 46
414 441 21
414 455 26
414 479 36
414 531 1
414 537 40
414 565 23
414 592 15
414 598 14
415 422 1
415 424 17
415 425 47
415 480 17
415 497 47
415 498 15
415 505 29
415 566 34
415 569 45
415 580 10
415 582 46
415 584 11
415 596 39
415 597 28
416 447 30
416 448 19
416 451 32
416 460 12
416 462 28
416 480 44
416 517 1
416 524 4
416 548 39
416 565 24
416 568 31
416 577 27
416 579 26
416 583 22
417 423 49
417 433 40
417 447 35
417 505 1
417 525 8
417 546 34
417 570 19
417 575 5
417 597 50
418 426 47
418 482 38
418 506 44
418 552 6
419 451 35
419 454 5
419 467 46
419 471 13
419 485 36
419 506 15
419 526 46
419 531 49
419 546 44
419 557 39
419 581 50
419 596 49
420 503 30
420 510 25
420 561 31
420 584 6
420 594 50
421 430 2
421 432 6
421 446 42
421 505 39
421 516 7
421 526 49
421 561 22
421 563 25
421 594 3
421 597 23
422 426 22
422 452 43
422 466 17
422 518 29
422 581 27
422 591 23
423 424 25
423 427 41
423 459 10
423 465 41
423 470 39
423 472 9
423 473 34
423 486 27
423 492 10
423 526 34
423 533 8
423 547 34
423 555 14
423 560 15
423 567 35
424 453 17
424 514 21
424 520 28
424 530 5
424 535 29
424 552 29
424 566 28
424 572 3
424 576 33
424 590 1
425 434 26
425 442 25
425 447 17
425 465 7
425 530 4
425 543 41
425 551 33
425 569 46
425 577 50
426 452 23
426 470 34
426 474 10
426 479 8
426 548 13
426 561 19
426 577 41
426 586 22
426 587 4
426 593 6
426 597 37
427 435 39
427 444 22
427 470 7
427 488 18
427 503 29
427 536 37
427 555 46
427 575 6
428 445 39
428 446 29
428 467 6
428 510 17
428 531 5
428 549 24
428 567 23
428 588 8
429 462 16
429 477 5
429 485 6
429 494 16
429 520 29
429 527 39
429 529 25
429 548 38
429 560 3
429 561 46
429 581 28
429 590 25
429 597 49
430 435 35
430 438 11
430 486 37
430 495 6
430 505 19
430 514 7
430 516 34
430 519 5
430 528 2
430 545 40
430 548 45
430 551 30
430 586 47
431 438 13
431 448 35
431 460 23
431 501 35
431 595 44
432 447 38
432 448 41
432 472 49
432 494 3
432 495 21
432 506 40
432 516 30
432 520 8
432 541 42
432 544 27
432 547 37
432 585 18
432 592 25
433 491 21
433 519 30
433 544 14
433 548 27
433 577 50
433 583 20
433 587 10
434 449 6
434 464 21
434 468 1
434 482 1
434 486 3
434 508 50
434 543 15
434 547 39
434 557 22
434 582 50
435 489 34
435 490 9
435 509 42
435 575 33
435 577 14
436 440 13
436 447 24
436 463 45
436 532 22
436 541 15
436 565 21
436 569 9
436 587 35
437 445 47
437 475 29
437 487 14
437 546 10
437 551 5
437 562 14
437 589 31
437 598 17
438 456 19
438 460 4
438 461 19
438 520 21
438 531 6
438 567 18
438 573 36
438 576 46
438 578 41
438 581 37
438 590 29
439 469 50
439 477 30
439 489 13
439 494 15
439 514 44
439 535 36
439 575 9
439 580 16
440 468 3
440 496 31
440 504 24
440 525 37
440 559 27
440 562 2
441 464 50
441 470 37
441 519 9
441 532 15
441 537 19
441 582 27
441 584 36
441 590 22
441 598 47
442 443 6
442 498 27
442 516 17
442 529 43
442 545 24
442 561 7
442 577 29
442 586 3
443 456 8
443 474 9
443 480 15
443 521 22
443 523 4
443 524 3
443 526 32
443 533 19
443 549 5
443 584 12
443 599 44
444 459 41
444 479 41
444 525 48
444 549 42
444 551 29
444 558 6
444 574 7
444 575 47
445 446 34
445 456 42
445 482 19
445 501 30
445 533 49
445 543 47
445 560 46
445 572 42
445 592 21
446 480 3
446 523 22
446 538 25
446 565 12
446 570 30
446 578 41
446 591 34
447 487 34
447 495 43
447 547 17
447 582 4
448 455 47
448 456 29
448 477 48
448 507 39
448 513 19
448 518 45
448 548 31
448 552 47
448 565 2
448 577 39
448 578 43
448 586 35
448 599 32
449 525 13
449 559 16
450 455 32
450 457 10
450 481 12
450 532 23
450 570 30
450 590 16
450 598 45
451 464 4
451 497 27
451 552 26
451 561 44
451 565 12
451 576 11
451 578 39
452 464 29
452 466 15
452 477 35
452 481 7
452 500 14
452 510 24
452 514 27
452 536 8
452 573 6
453 457 25
453 468 11
453 519 46
453 542 19
453 555 45
453 574 29
454 470 32
454 483 10
454 491 10
454 508 41
454 514 23
454 580 35
454 597 22
455 457 38
455 498 29
455 502 25
455 561 17
455 584 6
455 588 20
456 483 28
456 506 17
456 538 8
456 581 6
456 598 33
457 460 45
457 475 14
457 486 46
457 488 20
457 490 40
457 567 5
457 570 27
458 469 14
458 483 15
458 594 22
459 471 35
459 474 11
459 496 2
459 507 16
459 542 22
459 579 11
459 587 6
459 588 45
460 482 45
460 492 27
460 506 34
460 523 25
461 468 3
461 475 50
461 494 31
461 514 24
461 527 28
461 546 47
461 548 34
462 496 33
462 536 29
462 598 28
463 514 49
463 525 26
463 542 47
463 545 38
463 547 30
463 550 23
463 551 4
463 559 44
464 489 46
464 494 38
464 512 4
464 516 47
464 527 3
464 546 27
464 553 9
465 468 10
465 536 21
465 586 6
465 590 38
466 477 5
466 485 30
466 545 42
466 563 6
466 566 10
467 468 15
467 472 33
467 505 8
467 508 48
467 520 18
467 529 38
467 547 25
467 572 16
467 578 13
468 545 23
468 576 5
468 580 44
468 585 47
468 597 8
468 598 39
469 472 44
469 500 47
469 509 42
469 530 42
469 559 49
469 569 21
469 578 3
469 579 10
470 474 41
470 482 8
470 496 47
470 503 47
470 508 37
470 516 38
470 548 3
470 564 49
470 589 5
470 596 37
471 500 8
471 526 4
471 529 4
471 535 46
471 536 31
472 489 21
472 499 10
472 515 3
472 565 26
472 567 4
472 575 2
473 530 35
473 536 42
473 587 45
474 591 32
475 497 36
475 499 39
475 518 32
475 530 6
475 544 41
475 569 42
475 581 48
476 481 48
476 505 40
476 549 45
476 558 36
476 563 30
477 486 49
477 534 34
477 581 36
477 585 35
477 590 44
478 483 39
478 484 41
478 498 39
478 515 19
478 526 13
478 556 50
478 560 22
478 569 38
478 598 5
479 493 25
479 522 25
479 539 49
479 540 19
479 551 8
479 559 34
479 567 9
479 593 39
480 489 41
480 521 49
480 551 32
480 569 40
481 551 46
481 562 24
482 484 34
482 494 32
482 525 3
482 544 32
482 545 17
482 554 38
482 561 19
482 572 12
482 592 26
483 487 9
483 497 2
483 538 47
483 545 21
483 548 2
483 550 18
483 557 11
483 569 6
483 574 44
483 581 37
483 597 4
484 495 14
484 534 44
484 541 39
484 568 23
484 576 32
485 491 31
486 529 21
486 566 16
486 568 21
486 579 19
486 597 39
487 528 6
487 554 2
487 571 41
487 578 40
487 581 20
487 593 30
488 513 8
488 517 32
488 531 7
489 493 18
489 498 33
489 514 3
489 536 40
489 548 34
489 579 22
490 494 50
490 497 42
490 509 15
490 547 38
490 578 47
490 594 29
491 525 31
491 534 38
491 560 1
491 563 15
491 564 18
491 570 21
491 574 30
492 531 40
492 556 41
492 559 18
492 585 46
492 591 42
493 512 10
493 526 35
493 554 12
493 555 39
493 565 42
493 579 43
494 507 47
494 542 11
494 551 25
494 560 50
494 569 50
494 574 11
495 497 21
495 512 2
495 514 4
495 515 38
495 521 39
495 552 2
495 573 16
495 579 20
495 584 39
495 590 18
496 513 34
496 556 9
496 559 40
497 524 13
497 527 48
497 534 31
497 539 32
497 540 45
497 577 22
498 500 41
498 516 29
498 529 33
498 549 29
498 573 22
498 593 27
499 509 25
499 511 32
499 536 4
499 539 26
499 561 34
499 580 14
499 587 49
499 596 35
500 506 19
500 554 36
501 525 23
501 566 20
501 594 1
502 549 44
503 507 11
503 541 18
503 547 27
503 580 19
503 599 7
504 543 41
504 547 18
504 556 37
504 566 22
504 595 13
505 536 11
505 539 12
505 542 43
505 544 45
505 557 42
505 563 15
505 575 22
506 535 19
506 554 48
506 581 25
506 588 44
507 516 31
507 558 40
507 574 42
507 591 17
508 509 8
508 546 27
508 550 40
509 550 29
509 563 29
509 568 33
509 576 39
510 523 48
510 525 12
510 549 7
510 555 5
510 577 2
510 588 27
511 526 43
511 537 24
511 542 39
511 549 5
511 563 37
511 581 31
512 517 50
512 547 29
512 557 47
512 560 23
512 588 47
512 592 47
513 545 47
513 565 42
513 591 29
514 528 38
514 575 36
514 577 46
515 551 47
515 553 12
515 559 37
515 577 25
515 598 43
516 520 21
516 545 14
516 592 40
517 530 32
517 592 20
517 596 46
518 539 36
518 575 46
518 577 41
518 585 11
518 586 36
518 587 47
519 562 47
520 525 19
520 536 46
520 540 25
520 561 17
520 568 18
520 570 23
520 577 13
520 596 16
521 527 17
521 561 44
521 579 5
521 589 2
522 530 39
522 546 1
522 549 15
523 535 27
523 542 26
523 544 7
523 557 47
523 567 39
523 574 49
523 576 31
523 580 10
523 588 44
524 539 18
524 578 6
525 593 36
526 539 28
526 560 43
526 562 33
526 565 24
526 576 11
526 589 30
526 595 1
527 543 28
527 545 50
527 568 23
528 530 42
528 539 15
528 545 39
528 551 35
529 562 22
529 567 42
529 592 25
530 584 22
530 587 7
531 559 1
531 563 47
531 578 13
531 580 50
532 563 35
532 578 11
532 589 32
532 597 47
532 599 7
533 589 49
533 591 4
534 549 44
534 552 26
534 561 46
534 591 26
534 597 1
535 538 7
535 556 8
535 595 1
536 537 36
536 553 7
536 592 26
537 562 27
537 576 23
537 581 16
537 582 12
538 546 44
538 547 8
538 558 38
539 589 16
539 599 14
540 575 39
540 577 14
541 570 26
541 583 38
542 569 1
542 571 39
542 595 21
543 545 47
543 547 47
543 552 19
543 584 50
544 551 40
544 593 46
545 556 45
545 575 18
545 589 46
546 551 3
547 554 25
547 561 47
547 578 38
547 593 31
548 552 22
548 565 17
548 566 5
549 557 37
549 580 30
550 567 49
550 587 46
550 595 17
551 570 14
551 579 9
551 596 7
553 569 27
554 574 37
554 596 46
555 575 27
555 587 27
555 588 16
555 589 25
556 560 23
558 570 34
558 589 24
558 595 14
559 598 29
560 581 19
560 584 33
561 570 25
561 592 23
563 585 9
563 595 23
565 599 13
566 582 39
566 583 44
567 594 31
568 577 44
568 584 32
568 585 10
568 591 44
569 586 30
569 591 28
570 571 7
572 597 38
573 575 35
577 592 35
577 597 24
578 591 30
578 595 14
579 587 2
579 593 48
586 592 38
586 596 24
587 594 31
587 595 14
590 594 40
594 595 12
600 299 78
601 599 16
600 601 94
602 695 1
602 718 10
602 754 9
602 755 8
602 773 4
602 791 10
602 799 9
602 874 10
602 875 2
602 896 7
603 606 9
603 628 6
603 650 10
603 651 6
603 675 2
603 704 6
603 716 5
603 749 3
603 750 5
603 795 1
603 802 2
603 822 6
603 826 8
603 831 2
603 855 6
603 885 1
604 627 4
604 651 4
604 655 6
604 683 9
604 696 9
604 708 8
604 714 10
604 732 9
604 735 5
604 746 3
604 750 9
604 773 3
604 787 4
604 792 10
604 849 2
604 864 2
604 880 7
604 892 1
605 607 9
605 640 8
605 665 6
605 696 6
605 707 10
605 708 2
605 722 6
605 735 3
605 753 7
605 756 5
605 777 6
605 779 5
605 805 7
605 817 1
605 835 8
605 844 4
605 894 9
605 897 6
606 618 1
606 620 10
606 701 7
606 710 7
606 722 3
606 734 5
606 758 1
606 767 8
606 782 6
606 784 2
606 825 2
606 840 3
606 844 4
606 846 10
606 851 2
606 854 1
606 860 7
606 884 4
606 896 2
607 699 4
607 718 8
607 729 9
607 749 10
607 810 4
607 826 5
607 854 6
608 623 4
608 640 2
608 665 9
608 667 3
608 672 10
608 673 1
608 685 4
608 687 6
608 716 7
608 725 8
608 726 2
608 756 8
608 775 6
608 832 7
608 881 1
609 655 7
609 676 1
609 680 5
609 684 8
609 708 3
609 717 5
609 728 5
609 729 8
609 731 7
609 763 8
609 772 5
609 774 7
609 790 10
609 817 8
609 834 1
609 846 5
609 856 2
609 870 4
609 881 6
609 887 6
609 889 5
609 895 6
609 896 9
609 899 10
609 900 5
610 619 7
610 623 3
610 631 4
610 716 4
610 730 2
610 753 4
610 812 10
610 813 2
610 816 8
610 828 7
610 860 6
610 895 5
610 899 3
611 617 3
611 631 3
611 636 3
611 642 10
611 651 9
611 653 2
611 680 7
611 686 1
611 714 6
611 719 10
611 720 6
611 726 3
611 755 7
611 786 1
611 792 9
611 795 6
611 805 10
611 809 3
611 825 4
611 855 5
611 858 6
611 871 9
611 878 6
612 636 1
612 638 8
612 645 9
612 648 1
612 658 6
612 660 7
612 661 5
612 689 1
612 705 1
612 707 7
612 708 3
612 724 10
612 733 7
612 744 6
612 771 9
612 778 7
612 787 3
612 795 8
612 798 4
612 858 6
612 859 5
613 617 4
613 619 4
613 632 2
613 647 6
613 690 8
613 714 7
613 736 10
613 747 5
613 748 5
613 754 7
613 761 7
613 783 4
613 811 7
613 822 7
613 844 1
613 845 3
613 850 1
613 851 1
613 869 4
614 615 7
614 643 5
614 653 5
614 688 5
614 689 10
614 753 3
614 755 3
614 775 3
614 796 1
614 838 7
614 841 10
614 865 7
614 885 10
614 901 5
615 639 10
615 651 5
615 667 2
615 683 6
615 734 6
615 773 8
615 807 2
615 851 2
615 860 4
615 885 5
615 889 9
615 898 1
616 620 5
616 643 1
616 644 3
616 667 8
616 698 6
616 773 10
616 814 2
616 830 1
616 838 6
616 886 4
617 660 3
617 735 9
617 750 8
617 757 5
617 758 5
617 786 7
617 796 1
617 803 6
617 810 1
617 811 10
617 818 1
617 845 4
617 849 7
617 874 6
617 879 1
617 894 8
618 620 10
618 624 6
618 688 4
618 702 8
618 723 6
618 742 9
618 743 10
618 797 9
618 812 8
618 822 6
618 853 10
618 893 9
619 638 8
619 643 7
619 648 4
619 652 10
619 676 5
619 711 1
619 746 7
619 759 1
619 760 7
619 766 9
619 780 7
619 791 7
619 793 9
619 807 7
619 855 10
619 862 7
619 866 4
619 870 2
620 645 5
620 654 3
620 657 8
620 730 8
620 743 2
620 771 5
620 779 8
620 800 2
620 811 5
620 840 5
620 888 9
620 890 6
621 642 6
621 648 8
621 682 3
621 707 1
621 728 9
621 729 9
621 768 2
621 777 5
621 813 10
621 826 8
621 839 4
621 852 6
621 875 7
622 624 4
622 629 4
622 642 8
622 648 10
622 658 9
622 713 10
622 721 4
622 746 4
622 751 9
622 803 4
622 808 5
622 814 5
622 861 3
622 870 8
622 885 10
622 888 10
622 899 8
623 661 7
623 678 5
623 704 5
623 706 9
623 744 7
623 754 4
623 761 8
623 791 8
623 794 8
623 798 9
623 810 8
623 854 3
623 862 6
623 866 4
623 879 6
624 628 1
624 630 3
624 655 6
624 672 9
624 705 2
624 720 1
624 724 2
624 738 2
624 743 4
624 759 9
624 761 7
624 878 9
625 687 6
625 691 8
625 697 8
625 740 4
625 752 4
625 770 4
625 772 10
625 784 5
625 858 10
625 868 3
625 870 2
625 886 8
625 893 3
625 894 2
625 900 5
626 630 5
626 651 7
626 690 10
626 704 3
626 722 7
626 735 2
626 762 8
626 823 5
626 846 6
626 850 10
627 653 9
627 658 9
627 673 6
627 748 7
627 807 7
627 813 4
627 824 4
627 826 4
627 829 1
627 853 9
628 667 8
628 701 4
628 721 9
628 741 2
628 753 3
628 780 3
628 782 5
628 790 2
628 823 5
628 852 6
628 887 8
628 895 2
629 643 4
629 649 9
629 659 4
629 669 10
629 679 3
629 702 3
629 706 6
629 711 10
629 726 2
629 764 4
629 773 8
629 783 7
629 790 2
629 799 5
629 801 2
629 816 8
629 821 8
629 835 2
629 836 6
629 854 7
629 874 7
629 877 6
629 888 10
629 896 2
630 642 9
630 669 6
630 670 3
630 671 5
630 698 3
630 709 3
630 710 6
630 803 6
630 818 1
630 850 9
630 866 5
630 874 3
630 885 3
631 647 1
631 656 2
631 691 5
631 692 6
631 700 10
631 702 3
631 718 8
631 807 6
631 817 5
631 830 5
631 841 5
631 878 8
631 890 2
632 659 2
632 686 7
632 690 8
632 700 3
632 750 8
632 771 6
632 780 9
632 802 10
632 804 10
632 826 1
632 832 4
632 846 8
632 862 9
632 885 5
633 653 6
633 750 3
633 798 7
633 832 9
633 837 3
633 848 1
633 856 5
633 885 9
634 636 2
634 642 9
634 650 8
634 655 7
634 676 5
634 681 4
634 683 1
634 692 5
634 763 5
634 790 4
634 804 1
634 816 2
634 823 9
634 830 8
634 862 9
634 888 9
634 891 9
634 894 1
635 665 1
635 686 3
635 688 8
635 718 9
635 786 7
635 827 3
635 840 2
635 851 5
635 862 3
635 879 6
635 883 5
636 650 9
636 686 6
636 687 8
636 693 8
636 732 3
636 751 4
636 754 2
636 777 6
636 785 7
636 798 6
636 819 1
636 873 2
636 886 8
636 890 4
636 901 10
637 662 5
637 675 3
637 713 8
637 725 4
637 737 3
637 753 9
637 766 6
637 776 10
637 787 7
637 798 4
637 851 4
637 861 10
637 866 10
638 653 9
638 711 6
638 747 5
638 761 9
638 768 3
638 789 2
638 796 6
638 846 6
638 847 8
638 861 10
638 880 3
638 883 6
639 649 7
639 653 5
639 661 7
639 665 5
639 667 1
639 672 9
639 674 1
639 718 3
639 730 6
639 741 4
639 743 7
639 749 6
639 751 1
639 759 8
639 794 5
639 809 6
639 819 3
639 845 4
639 848 6
639 883 3
639 894 1
640 641 2
640 661 2
640 670 4
640 693 5
640 715 9
640 732 1
640 753 2
640 774 8
640 784 5
640 823 7
640 831 7
640 863 2
640 870 6
640 873 3
640 883 2
641 685 4
641 714 3
641 740 6
641 757 1
641 789 9
641 802 2
641 826 7
641 827 9
641 870 1
641 872 3
641 895 7
642 653 5
642 657 8
642 706 2
642 735 8
642 790 1
642 840 5
642 873 9
642 897 6
642 899 9
643 675 7
643 688 6
643 717 3
643 744 7
643 747 2
643 752 1
643 775 5
643 790 3
643 795 6
643 805 7
643 808 4
643 868 9
643 900 9
644 710 9
644 747 10
644 752 7
644 758 2
644 759 8
644 761 8
644 816 4
644 822 2
644 836 6
644 858 9
644 867 9
644 868 7
644 885 6
644 886 9
644 895 3
645 672 6
645 683 6
645 714 1
645 762 2
645 766 3
645 769 3
645 795 10
645 842 5
645 869 4
646 649 4
646 678 9
646 704 1
646 706 10
646 729 5
646 737 10
646 747 1
646 750 3
646 755 1
646 765 7
646 791 7
646 797 10
646 863 6
647 654 10
647 694 3
647 704 1
647 718 8
647 729 1
647 754 9
647 778 5
647 803 2
647 807 1
647 809 10
647 850 7
647 856 4
647 857 4
647 881 2
647 891 8
647 896 3
648 681 6
648 692 1
648 719 9
648 758 4
648 766 4
648 777 10
648 804 8
648 816 3
648 826 10
648 845 3
648 897 5
649 651 9
649 681 1
649 698 6
649 750 6
649 773 2
649 786 8
649 802 7
649 806 10
649 839 10
649 852 7
649 879 4
649 900 3
650 660 8
650 691 6
650 709 2
650 760 3
650 783 9
650 792 3
650 821 10
650 823 3
650 838 8
650 844 3
650 857 1
650 863 3
650 868 6
650 879 3
650 893 3
651 652 10
651 676 2
651 697 7
651 701 4
651 706 2
651 746 9
651 766 1
651 767 8
651 795 10
651 811 8
651 812 4
651 826 9
651 828 9
651 838 10
651 871 5
651 886 2
652 676 9
652 708 2
652 709 3
652 717 1
652 728 10
652 750 5
652 762 3
652 771 4
652 775 4
652 796 5
652 876 7
653 663 8
653 665 10
653 697 9
653 742 2
653 763 9
653 779 10
653 810 8
653 820 4
653 868 2
653 877 8
653 888 6
653 899 9
654 655 8
654 669 5
654 676 4
654 683 8
654 686 3
654 705 5
654 706 2
654 712 4
654 732 4
654 769 5
654 779 6
654 803 6
654 823 6
654 826 2
654 860 8
654 866 10
654 885 5
655 703 4
655 732 6
655 742 5
655 746 5
655 754 4
655 761 6
655 765 3
655 779 5
655 816 6
655 828 8
655 845 8
655 846 3
655 850 3
655 860 6
655 880 10
655 887 7
655 900 1
656 664 8
656 688 2
656 697 6
656 698 1
656 726 5
656 743 1
656 744 8
656 789 3
656 790 8
656 792 3
656 811 6
656 823 8
656 839 2
656 868 1
656 888 1
657 658 7
657 682 7
657 699 6
657 720 2
657 759 2
657 810 10
657 824 7
657 836 9
657 860 10
657 874 4
657 878 2
657 881 4
657 887 2
658 662 3
658 674 3
658 678 2
658 709 2
658 737 4
658 744 9
658 764 5
658 801 8
658 814 9
658 850 2
658 880 2
658 881 7
659 664 4
659 672 8
659 695 4
659 735 8
659 746 10
659 776 6
659 783 6
659 795 6
659 824 1
659 841 8
659 842 9
659 843 3
659 868 6
659 874 8
659 879 2
659 893 1
660 670 1
660 676 5
660 698 2
660 699 5
660 731 7
660 769 6
660 786 9
660 823 10
660 835 4
660 860 3
660 871 10
660 888 5
660 898 6
661 688 3
661 695 1
661 708 9
661 741 2
661 748 6
661 768 8
661 770 1
661 805 1
661 821 4
661 823 8
661 833 4
661 849 1
661 858 9
661 866 6
661 876 6
661 882 6
662 667 9
662 688 6
662 699 8
662 765 3
662 804 10
662 808 2
662 834 2
662 860 5
662 877 2
662 892 3
662 893 10
662 899 4
663 684 4
663 690 4
663 706 9
663 717 9
663 749 6
663 752 10
663 787 10
663 791 1
663 792 7
663 804 3
663 833 4
663 842 10
663 857 10
664 736 9
664 737 2
664 740 8
664 756 6
664 805 9
664 806 5
664 826 4
664 828 7
664 868 4
664 870 8
664 880 8
664 882 8
664 890 1
665 667 2
665 681 9
665 695 4
665 713 3
665 731 3
665 785 9
665 790 7
665 794 3
665 804 7
665 806 4
665 858 4
665 865 9
665 868 5
665 876 1
666 686 1
666 708 10
666 716 2
666 718 10
666 778 8
666 791 6
666 811 10
666 832 5
666 835 4
666 892 4
666 898 8
667 693 2
667 695 10
667 710 7
667 715 9
667 729 7
667 758 8
667 759 2
667 770 5
667 776 3
667 790 5
667 797 9
667 800 1
667 827 3
667 865 2
667 881 10
668 686 6
668 702 5
668 741 8
668 747 2
668 785 7
668 806 8
668 842 3
668 869 1
669 674 7
669 676 2
669 709 6
669 713 8
669 742 6
669 743 1
669 761 4
669 803 5
669 851 5
669 890 3
670 675 2
670 690 3
670 702 9
670 705 9
670 708 7
670 725 3
670 755 1
670 770 3
670 771 4
671 685 1
671 716 7
671 727 5
671 745 10
671 754 2
671 768 1
671 780 9
671 802 6
671 813 10
671 832 6
671 837 10
671 895 10
672 686 5
672 719 2
672 737 7
672 766 2
672 786 9
672 792 9
672 829 5
672 881 4
673 688 3
673 696 7
673 759 5
673 772 8
673 777 7
673 781 3
673 799 4
673 827 2
673 831 5
673 834 8
673 846 5
673 878 7
673 894 4
674 708 9
674 727 9
674 772 5
674 810 1
674 835 7
674 870 2
674 879 10
674 890 3
675 689 4
675 710 1
675 714 7
675 724 5
675 728 7
675 745 8
675 748 5
675 788 6
675 789 5
675 791 8
675 800 10
675 801 3
675 810 2
675 821 7
675 824 10
675 880 6
675 896 2
675 897 1
676 684 2
676 715 9
676 734 5
676 757 9
676 805 2
676 816 5
676 827 7
676 858 9
676 874 7
676 875 3
677 694 10
677 702 7
677 741 5
677 786 3
677 859 7
678 689 3
678 730 9
678 759 6
678 793 3
678 836 4
678 881 1
679 685 7
679 699 3
679 708 2
679 713 9
679 725 7
679 741 9
679 754 10
679 828 2
679 835 10
679 838 10
679 894 6
679 897 1
679 900 6
680 688 4
680 723 2
680 760 2
680 792 10
680 802 10
680 805 1
680 828 4
680 843 2
680 860 7
680 868 9
680 880 6
680 892 5
681 685 3
681 727 7
681 737 2
681 740 5
681 756 2
681 763 4
681 776 1
681 796 4
681 811 6
681 817 2
681 878 10
682 707 4
682 709 1
682 712 4
682 715 5
682 718 3
682 726 9
682 731 5
682 776 10
682 794 2
682 848 9
682 872 4
682 876 3
682 884 8
682 893 4
683 700 6
683 706 1
683 710 2
683 720 6
683 739 7
683 776 8
683 788 9
683 826 5
683 851 10
684 685 3
684 733 6
684 765 3
684 772 6
684 790 9
684 802 10
684 814 9
684 816 9
684 822 5
684 894 1
685 735 4
685 784 10
685 785 3
685 849 2
685 854 6
685 857 5
685 858 5
685 891 4
686 703 10
686 710 7
686 716 4
686 724 3
686 742 2
686 749 4
686 761 4
686 810 10
686 817 2
686 825 3
686 848 8
686 865 6
687 691 4
687 695 2
687 709 1
687 762 9
687 763 9
687 790 2
687 848 8
687 850 7
687 853 2
687 891 3
687 896 8
688 694 5
688 703 4
688 705 2
688 716 8
688 727 9
688 763 6
688 833 2
688 847 5
688 870 5
688 874 8
688 896 8
689 717 9
689 761 1
689 785 3
689 811 4
689 815 10
689 886 5
690 691 7
690 696 9
690 699 10
690 700 10
690 713 1
690 729 3
690 740 8
690 838 9
690 852 6
690 857 8
691 737 8
691 756 7
691 778 2
691 792 5
691 794 1
691 830 5
691 852 6
691 885 10
692 694 5
692 705 4
692 714 1
692 731 9
692 737 10
692 738 10
692 744 8
692 777 1
692 798 10
692 833 1
692 897 4
693 719 2
693 753 5
693 851 2
693 857 2
694 704 6
694 731 4
694 796 2
694 799 10
694 834 3
694 841 3
694 845 5
694 862 10
694 881 2
694 887 3
695 716 1
695 726 6
695 734 5
695 743 7
695 758 3
695 760 4
695 770 2
695 803 8
695 888 4
695 889 2
696 757 10
696 780 3
696 782 10
696 894 10
697 713 5
697 732 2
697 768 5
697 787 6
697 815 6
697 817 7
697 880 7
697 890 3
698 717 10
698 719 1
698 734 3
698 740 2
698 751 5
698 783 9
698 814 4
698 822 6
698 829 2
698 834 6
698 858 3
698 862 6
698 883 3
698 890 7
698 896 10
699 705 4
699 787 5
699 791 5
699 793 5
699 803 6
699 825 8
699 873 6
700 709 5
700 736 2
700 751 7
700 753 9
700 770 9
700 797 4
700 808 7
700 815 7
700 854 9
700 874 6
700 880 9
700 882 1
700 886 10
700 890 3
700 893 1
700 894 5
701 741 10
701 754 2
701 774 10
701 782 4
701 786 10
701 797 2
701 826 1
701 859 1
701 869 7
701 878 7
701 894 5
701 895 4
702 704 2
702 706 2
702 708 9
702 783 8
702 794 5
702 842 8
702 843 6
702 868 3
702 869 3
702 874 5
702 892 10
702 898 1
703 708 10
703 721 8
703 724 1
703 726 1
703 810 3
703 844 4
703 867 7
704 748 4
704 755 7
704 781 7
704 822 8
704 858 6
704 873 10
704 880 10
705 723 8
705 744 7
705 769 6
705 772 3
705 773 10
705 775 9
705 777 6
705 781 10
705 784 6
705 842 1
705 844 9
705 885 3
705 886 5
705 892 2
706 714 7
706 715 6
706 718 2
706 754 9
706 803 6
706 854 5
706 858 9
706 864 8
706 878 8
707 736 8
707 743 3
707 748 6
707 754 4
707 768 10
707 778 4
707 801 5
707 845 9
707 861 1
707 866 1
707 898 6
708 716 3
708 717 2
708 740 4
708 750 9
708 767 4
708 806 9
708 819 9
708 831 2
708 856 2
709 735 3
709 744 5
709 756 8
709 761 1
709 788 7
709 796 6
709 798 6
709 857 1
709 864 7
709 865 3
709 872 10
710 839 4
710 856 7
710 877 5
710 883 9
710 896 7
710 898 8
711 716 3
711 764 7
711 785 9
711 812 6
711 818 3
711 832 3
711 860 9
711 876 6
711 896 1
711 900 4
712 724 7
712 757 1
712 798 6
712 832 8
712 872 6
713 723 10
713 747 7
713 768 6
713 803 8
713 813 5
713 821 1
713 828 10
713 831 3
713 844 5
713 847 9
713 855 8
713 859 1
713 867 6
713 892 6
714 722 9
714 743 3
714 779 10
714 800 8
714 833 3
714 851 7
714 884 10
714 899 6
715 719 6
715 724 7
715 772 8
715 799 9
715 816 3
715 849 1
715 868 6
715 872 2
715 879 6
716 719 8
716 738 1
716 798 3
716 847 5
716 850 5
716 866 5
717 718 7
717 720 7
717 726 9
717 727 5
717 735 4
717 760 1
717 765 10
717 826 1
718 734 2
718 761 5
718 780 10
718 787 9
718 802 9
718 850 9
718 875 8
718 877 6
718 897 6
719 767 6
719 768 4
719 786 4
719 787 1
719 801 4
719 805 2
719 820 2
719 823 1
719 849 1
719 851 2
719 896 3
720 725 7
720 743 8
720 762 7
720 766 3
720 784 4
720 849 7
720 887 8
720 889 9
721 742 9
721 778 9
721 780 9
721 781 10
721 783 5
721 787 1
721 794 8
721 851 4
721 892 9
722 727 7
722 805 9
722 854 4
722 895 5
722 901 4
723 743 9
723 748 5
723 758 9
723 762 10
723 768 8
723 775 1
723 819 10
723 850 2
723 853 5
723 860 7
723 866 9
724 730 3
724 748 9
724 775 3
724 781 9
724 857 8
724 881 3
724 895 10
725 752 9
725 767 2
725 831 9
725 833 3
726 731 2
726 738 9
726 772 8
726 853 10
726 857 7
726 858 9
726 865 3
726 866 1
726 879 2
726 895 3
727 744 5
727 822 3
727 828 3
727 885 3
728 736 3
728 742 4
728 749 6
728 779 8
728 802 2
728 811 4
728 820 10
728 839 3
728 843 8
728 892 1
729 733 2
729 749 1
729 753 10
729 804 10
729 812 2
729 825 10
729 831 5
729 850 5
729 859 10
729 888 2
730 767 4
730 794 7
730 806 10
730 840 8
730 882 7
731 732 4
731 734 2
731 744 4
731 746 6
731 754 4
731 774 8
731 782 10
731 808 10
731 901 3
732 756 9
732 798 3
732 808 8
732 821 1
732 871 5
732 876 6
732 892 3
733 747 9
733 755 8
733 780 4
733 786 8
733 807 9
733 809 3
733 820 2
733 834 5
733 838 3
733 887 6
734 745 8
734 751 1
734 871 5
734 894 7
734 896 9
734 899 8
735 768 8
735 803 2
735 806 3
735 808 4
735 810 1
735 816 5
735 827 5
735 849 3
736 759 3
736 779 7
736 781 1
736 789 3
736 843 4
736 864 8
736 883 7
736 898 2
737 747 5
737 778 10
737 787 1
737 793 5
737 796 3
737 811 5
737 817 9
737 826 7
737 844 10
737 862 8
737 880 7
738 742 4
738 788 4
738 811 5
738 829 4
738 848 3
738 891 9
739 742 6
739 750 8
739 798 9
739 811 2
739 850 2
739 852 4
739 857 5
739 868 1
739 876 4
739 883 9
740 810 6
740 825 3
740 847 6
740 884 7
741 754 7
741 769 5
741 773 9
741 799 1
741 803 9
741 824 5
741 849 9
741 873 7
742 847 4
742 848 6
742 868 3
743 819 10
743 823 1
743 865 10
743 889 3
744 750 5
744 801 8
744 830 10
744 839 3
744 864 8
744 877 2
744 881 6
744 899 1
745 771 8
745 786 6
745 817 6
745 832 8
745 850 1
745 851 8
745 854 5
746 751 9
746 752 4
746 757 2
746 820 10
747 760 6
747 767 10
747 784 4
747 809 4
747 844 7
747 865 10
747 880 1
747 891 1
748 786 9
748 787 3
748 810 2
748 819 3
748 853 10
748 878 1
748 893 2
748 900 2
749 761 9
749 778 5
749 798 9
749 806 1
749 822 4
749 863 5
750 751 7
750 763 4
750 807 7
750 888 4
751 755 8
751 773 6
751 777 10
751 778 9
751 812 5
751 820 5
751 832 1
751 853 10
751 858 1
751 870 9
751 879 9
751 894 1
752 795 1
752 799 7
752 806 6
752 809 5
752 813 1
752 840 5
752 846 5
752 857 5
752 862 8
752 872 5
752 895 9
753 766 6
753 769 6
753 796 5
753 804 2
753 810 2
753 842 8
753 859 9
753 873 7
753 899 7
754 772 6
754 776 6
754 780 8
754 797 10
754 852 1
754 882 8
754 886 1
754 888 1
755 763 8
755 793 10
755 804 3
755 830 10
755 888 8
756 773 10
756 813 4
756 868 9
757 778 4
757 792 9
757 796 3
757 804 3
757 807 3
757 822 3
757 833 1
757 858 10
757 874 7
757 884 2
757 885 3
758 768 6
758 786 2
758 790 10
758 795 3
758 811 7
758 823 5
758 832 10
758 862 8
758 867 5
759 771 9
759 778 9
759 779 7
759 823 6
759 870 8
760 793 10
760 807 5
760 822 5
760 827 9
760 842 1
760 843 3
760 865 5
760 880 9
760 887 7
760 896 9
761 786 3
761 809 10
761 812 9
761 820 5
761 839 6
761 851 3
761 855 7
761 876 2
761 897 4
762 774 6
762 790 6
762 797 1
762 805 1
762 806 5
762 827 8
762 898 7
763 776 3
763 782 6
763 783 4
763 789 8
763 791 3
763 793 5
763 798 4
763 806 10
763 813 3
763 845 6
763 858 4
763 873 9
763 878 4
763 901 1
764 776 8
764 862 9
765 782 10
765 795 6
765 798 3
765 803 7
765 847 8
766 775 9
766 779 10
766 818 4
766 821 7
766 852 5
766 872 4
766 876 7
766 882 1
766 883 3
767 784 5
767 812 3
767 820 9
767 826 10
767 842 2
767 845 3
767 869 4
768 782 8
768 785 4
768 794 9
768 798 3
768 861 8
768 863 7
768 887 9
769 772 10
769 821 6
769 871 7
769 884 9
770 804 2
770 816 1
770 819 7
770 835 1
770 838 1
770 839 9
770 856 6
770 887 7
771 785 5
771 786 9
771 804 5
771 814 6
772 774 2
772 792 10
772 863 8
772 868 2
772 873 9
772 884 2
773 788 4
773 804 5
773 824 9
773 830 8
773 833 3
773 851 1
774 780 7
774 793 1
774 805 9
774 819 6
774 823 7
774 878 7
774 887 6
775 789 10
775 817 9
775 819 4
775 839 2
775 848 10
775 880 2
775 897 8
776 783 6
776 786 9
776 798 6
776 809 1
776 840 4
776 846 9
776 879 2
777 792 3
777 806 10
777 827 2
777 838 4
777 839 6
777 843 6
777 869 2
777 876 5
777 882 10
778 808 5
778 820 1
778 842 1
778 899 5
779 832 8
779 855 7
780 803 2
780 816 3
780 898 6
781 795 10
781 811 6
781 850 7
781 851 1
781 877 10
781 888 4
781 892 7
782 793 8
782 796 2
782 881 9
783 794 1
783 799 2
783 827 2
783 839 5
783 841 4
783 873 3
783 877 9
783 885 9
784 794 9
784 819 2
784 826 5
784 830 10
784 836 6
784 863 7
784 869 10
784 870 3
784 873 4
784 880 6
784 885 4
784 887 8
785 802 3
785 822 5
785 833 3
785 857 2
785 877 8
785 882 4
785 886 7
786 848 6
786 873 1
786 889 10
787 791 4
787 832 3
787 845 2
787 869 5
788 792 10
788 827 5
788 856 9
788 871 8
788 889 5
789 839 9
790 851 1
790 869 9
790 871 9
790 872 7
790 878 5
790 888 8
790 893 1
791 801 10
791 829 6
791 831 4
791 885 7
792 825 10
792 876 10
792 890 1
793 812 3
793 825 7
793 831 5
793 839 10
793 874 2
793 875 7
793 881 9
793 890 7
794 800 2
794 815 10
794 839 3
794 881 1
795 806 6
795 812 4
795 848 10
795 861 10
795 878 2
795 881 10
796 825 10
796 832 10
796 853 8
796 862 6
796 885 10
797 804 8
797 812 5
797 816 7
797 821 3
797 822 1
797 837 6
797 855 3
798 820 4
798 824 9
798 843 1
798 859 10
798 862 10
798 869 5
798 887 6
798 889 8
799 812 3
799 849 9
799 884 10
799 894 8
799 899 9
800 802 7
800 815 1
800 837 8
800 854 9
801 870 2
801 879 8
801 883 8
802 806 4
802 827 5
802 840 4
802 856 3
802 865 5
802 889 10
802 893 1
803 830 7
803 848 3
803 853 8
803 868 1
803 869 6
804 832 8
804 869 4
804 870 5
804 888 7
805 807 8
805 821 2
805 854 7
805 860 2
805 874 1
806 822 8
806 829 9
806 839 9
806 863 4
806 888 9
806 894 9
807 815 4
807 834 1
807 840 8
807 841 2
807 870 6
807 877 4
807 886 7
808 835 10
808 874 8
808 878 6
808 885 10
808 891 5
808 895 8
808 898 7
809 824 7
809 849 3
809 853 7
809 854 10
809 870 9
809 882 3
810 870 9
811 813 1
811 866 1
811 877 1
811 878 1
812 855 8
812 863 9
812 875 1
812 893 4
813 836 10
813 854 1
813 890 7
815 843 2
815 852 8
815 864 10
815 866 7
815 878 4
815 891 6
816 844 6
816 859 1
816 865 2
816 867 7
816 879 7
816 883 9
816 893 5
817 835 4
817 842 4
817 848 1
817 863 5
817 876 2
817 881 4
817 901 4
818 820 2
818 830 6
818 857 4
818 883 4
818 885 6
818 889 4
819 858 7
819 885 9
820 841 3
820 862 7
820 874 7
821 830 6
821 883 7
821 896 9
822 823 2
822 844 10
822 845 4
822 890 9
823 835 2
823 874 5
823 893 5
824 829 1
824 845 6
824 867 10
824 876 4
824 883 9
824 890 10
824 899 8
825 839 10
825 853 5
825 876 3
825 879 4
825 891 3
825 896 6
826 884 7
826 894 8
826 897 2
827 835 5
827 836 8
827 838 6
827 862 4
827 877 6
829 833 2
829 843 2
829 858 4
829 887 3
829 891 3
830 832 8
830 897 4
830 899 4
831 834 4
831 853 8
831 869 4
831 874 9
831 884 9
831 899 9
832 844 9
832 863 1
833 848 9
833 852 9
833 868 7
833 892 1
834 877 4
835 837 9
835 851 9
835 887 2
836 848 6
836 858 2
836 862 7
837 840 5
837 871 7
837 877 10
837 899 1
838 870 8
838 888 3
838 900 4
839 841 3
839 842 5
839 846 1
839 849 6
839 877 8
840 877 7
840 890 5
840 898 4
841 878 7
841 884 6
841 897 4
842 849 6
842 857 8
842 863 4
842 870 6
843 844 4
843 848 7
843 859 9
843 861 3
843 863 7
843 871 10
843 875 10
844 847 8
844 854 8
844 866 5
844 868 4
844 875 9
845 846 5
845 889 4
845 890 1
846 871 10
846 876 8
846 896 5
847 851 3
847 865 5
847 875 5
848 866 9
848 869 9
848 885 8
850 872 5
851 883 6
852 869 3
852 885 2
852 897 3
853 855 7
853 860 7
853 863 7
853 890 3
854 860 7
855 866 1
855 873 9
855 898 7
856 864 2
857 872 8
858 859 6
858 873 8
858 898 1
859 865 5
859 868 4
859 870 6
860 868 5
860 870 4
860 874 3
860 896 10
860 901 6
861 881 7
862 886 4
863 883 6
863 887 8
863 894 3
863 898 10
864 873 5
864 893 7
865 882 4
866 873 8
866 895 5
867 893 10
869 885 6
869 894 7
870 875 7
871 889 8
873 882 7
873 888 5
875 882 1
877 899 6
878 882 10
878 887 9
878 901 7
879 896 4
882 896 2
885 893 4
885 894 1
885 896 7
885 899 7
886 894 2
887 889 4
889 897 5
897 901 7
902 601 93
903 901 10
902 903 22
