904 6735
86 82 29 48 68 82 22 19 100 98 86 57 43 34 40 49 11 78 20 81 9 56 39 87 92 3 91 61 12 85 37 97 18 65 44 86 99 18 4 98 67 89 54 9 74 94 10 85 23 29 17 83 84 55 21 27 9 12 88 20 96 24 68 14 88 64 51 86 33 6 36 99 95 41 60 20 34 69 4 8 97 73 43 33 27 63 59 88 74 98 59 70 21 27 35 61 42 37 98 26 42 33 24 88 74 35 8 59 3 63 19 52 35 61 84 14 23 42 1 97 92 59 18 12 37 4 24 30 92 74 55 33 6 31 21 31 65 80 42 20 42 12 71 29 72 54 42 46 47 42 94 38 52 63 2 41 18 25 70 9 98 77 94 56 7 66 38 23 45 79 42 38 90 12 66 13 17 7 11 64 100 4 1 4 19 2 44 36 79 65 97 28 41 90 35 99 7 73 74 51 3 67 40 45 79 6 57 47 64 67 10 64 23 63 19 41 16 62 28 94 78 24 74 71 65 8 69 71 32 94 21 35 61 61 79 91 18 87 37 81 6 47 96 28 9 14 68 24 27 95 70 5 71 95 75 35 2 95 6 86 89 78 20 1 90 50 91 7 36 27 88 41 25 83 20 85 49 87 61 75 34 30 79 56 24 5 90 77 100 95 62 40 25 33 40 14 82 30 21 70 11 14 82 35 80 66 37 89 51 8 47 54 7 88 45 48 96 38 91 66 61 27 14 9 98 60 12 9 77 3 12 87 68 45 74 48 62 10 36 64 69 82 18 27 22 14 74 17 51 64 83 11 43 48 71 40 59 82 100 36 36 12 74 3 8 47 50 70 8 37 33 29 19 50 55 40 15 81 8 65 96 90 27 38 89 97 29 48 30 29 35 65 92 8 68 51 7 69 20 66 6 5 94 76 6 1 15 21 33 74 37 28 64 64 18 4 60 46 51 90 26 85 6 69 45 25 20 3 94 91 68 99 47 14 74 5 14 40 25 46 13 61 25 28 76 42 32 88 88 34 29 65 71 34 86 67 59 57 69 4 99 88 2 46 1 27 50 66 18 26 63 30 38 88 10 14 29 93 1 68 78 29 33 48 62 70 66 72 26 34 75 24 74 28 21 74 54 70 92 71 47 54 53 85 41 14 98 70 6 98 37 83 78 21 83 39 90 48 63 15 34 37 91 7 65 11 32 70 33 23 41 31 77 45 15 17 58 64 38 15 61 75 49 38 47 31 29 37 79 91 3 64 79 45 70 43 8 1 13 92 76 5 22 52 1 37 20 58 100 10 24 13 84 72 2 30 3 82 18 33 72 73 96 3 17 17 45 24 69 9 15 44 65 37 47 65 25 19 74 76 84 87 16 84 92 36 12 70 43 68 60 66 64 95 37 48 10 93 34 12 40 99 3 19 35 15 61 67 98 64 20 88 91 87 23 82 74 34 52 68 54 63 33 17 10 22 16 19 14 50 82 6 100 85 24 87 99 36 53 49 99 72 88 89 10 10 71 83 96 22 50 1 36 34 69 45 55 84 16 21 33 97 78 85 33 1 71 84 36 23 32 87 46 71 75 55 80 45 89 27 18 90 27 54 23 95 50 30 31 65 2 63 62 79 99 46 31 69 29 66 43 12 4 88 82 79 94 14 75 82 40 45 71 19 50 46 65 99 75 95 64 76 10 77 54 8 22 84 77 51 1 19 62 5 59 44 35 52 9 9 86 100 53 8 18 2 53 83 1 27 29 64 2 38 92 7 46 13 42 74 63 43 44 77 99 54 20 33 6 80 93 43 79 46 50 97 99 3 31 51 81 59 66 35 49 57 41 46 70 35 71 32 29 66 8 27 20 79 11 77 58 3 19 89 100 68 85 51 22 67 1 3 77 67 37 25 23 29 22 92 63 92 76 91 58 35 69 77 14 79 5 23 34 23 11 85 42 47 35 16 65 36 18 42 2 6 18 76 86 40 68 49 31 95 91 88 29 60 16 94 90 20 69 75 94 31 60 88 78 94 3 42 81 72 35 34 77 53 10 14 92 29 36 87
0 16 8
0 33 60
0 45 10
0 54 33
0 59 42
0 80 30
0 93 17
0 126 42
0 151 68
0 200 29
0 209 17
0 222 53
0 224 58
0 244 95
0 251 8
0 269 33
0 280 52
1 13 50
1 26 62
1 42 51
1 44 96
1 47 75
1 55 42
1 72 20
1 78 8
1 90 81
1 108 34
1 165 41
1 170 62
1 192 54
1 260 10
1 264 21
1 265 13
1 296 72
2 18 5
2 25 6
2 31 53
2 65 74
2 83 48
2 86 72
2 98 2
2 119 16
2 141 77
2 245 12
2 248 62
2 267 36
2 283 96
2 298 13
3 12 85
3 28 57
3 50 15
3 55 81
3 82 84
3 108 56
3 149 52
3 174 43
3 178 88
3 187 85
3 242 83
4 7 1
4 8 90
4 11 45
4 27 22
4 42 54
4 46 68
4 85 26
4 121 12
4 122 72
4 149 99
4 153 11
4 155 95
4 208 1
4 209 26
4 212 71
4 218 64
4 263 87
4 285 59
4 287 59
4 294 52
5 15 43
5 66 16
5 77 66
5 124 75
5 128 51
5 148 22
5 189 79
5 215 93
5 243 61
5 268 63
5 284 27
5 296 62
6 25 53
6 27 23
6 31 83
6 71 58
6 89 42
6 95 60
6 135 69
6 137 13
6 157 59
6 159 79
6 187 60
6 215 11
6 249 4
6 266 82
6 269 74
6 288 43
7 26 40
7 35 32
7 37 94
7 43 35
7 48 99
7 56 11
7 59 61
7 65 1
7 69 84
7 76 39
7 82 93
7 100 45
7 174 2
7 186 72
7 213 6
7 214 6
7 219 94
7 227 40
7 283 15
7 287 36
8 30 99
8 70 84
8 94 100
8 116 9
8 140 14
8 150 59
8 162 71
8 189 70
8 197 41
8 236 96
8 279 12
9 138 32
9 170 28
9 210 57
9 226 66
9 257 78
9 265 67
10 17 27
10 40 31
10 60 51
10 120 65
10 143 23
10 155 95
10 173 18
10 177 46
10 180 52
10 204 75
10 206 40
10 232 91
10 247 90
10 279 27
10 283 41
11 24 73
11 26 26
11 31 50
11 63 86
11 77 37
11 105 20
11 145 55
11 186 29
11 212 16
11 214 18
11 245 60
12 15 95
12 24 26
12 38 26
12 63 24
12 67 93
12 81 4
12 99 54
12 118 95
12 149 68
12 151 29
12 185 41
12 186 38
12 250 74
12 279 92
12 298 12
13 20 65
13 45 34
13 84 1
13 90 91
13 102 74
13 130 25
13 162 69
13 226 23
13 249 63
13 254 5
13 279 95
14 23 69
14 46 33
14 76 10
14 108 87
14 112 92
14 200 56
14 209 12
14 227 69
14 245 31
15 16 56
15 49 72
15 83 85
15 142 50
15 160 92
15 180 65
15 212 90
15 234 29
15 243 90
15 268 33
16 53 40
16 72 55
16 85 66
16 187 93
16 205 97
16 230 40
16 252 69
16 255 17
16 260 62
16 275 31
16 291 21
17 23 56
17 25 100
17 28 5
17 35 17
17 39 38
17 82 49
17 86 24
17 88 1
17 103 69
17 109 55
17 144 57
17 158 41
17 159 91
17 160 58
17 171 32
17 185 55
17 236 48
17 276 60
17 295 44
18 40 80
18 56 51
18 89 50
18 111 46
18 129 95
18 163 99
18 191 37
18 203 64
18 242 15
18 272 98
19 42 94
19 44 88
19 95 6
19 102 45
19 127 44
19 163 74
19 168 82
19 181 92
19 221 50
19 228 35
19 255 61
19 271 4
20 37 91
20 43 53
20 63 94
20 64 48
20 85 84
20 98 100
20 110 47
20 126 95
20 136 95
20 138 79
20 148 97
20 153 45
20 161 76
20 213 92
20 214 95
20 287 12
20 288 7
21 34 9
21 40 61
21 49 100
21 63 96
21 132 18
21 149 97
21 153 40
21 189 44
21 218 30
21 234 83
21 249 93
21 256 64
21 291 95
22 28 96
22 30 54
22 38 47
22 44 41
22 46 54
22 68 82
22 70 40
22 110 100
22 118 76
22 127 86
22 135 30
22 171 25
22 186 30
22 202 5
22 231 16
22 241 24
22 262 68
22 287 74
22 291 85
23 45 29
23 60 25
23 119 32
23 121 46
23 129 21
23 171 71
23 264 41
23 280 51
23 284 6
23 294 33
24 35 66
24 45 100
24 61 80
24 84 72
24 93 47
24 110 72
24 118 25
24 119 28
24 120 63
24 172 76
24 187 56
24 195 49
24 204 6
24 206 80
24 216 78
24 223 62
25 60 47
25 68 54
25 77 30
25 130 20
25 140 90
25 157 58
25 163 44
25 167 21
25 178 55
25 188 17
25 191 44
25 202 96
25 249 19
25 252 49
25 254 80
25 280 84
25 288 100
26 29 60
26 41 55
26 54 46
26 78 31
26 79 31
26 81 26
26 107 94
26 124 7
26 143 33
26 153 94
26 200 64
26 217 12
26 233 23
26 266 25
26 272 10
26 273 28
27 62 6
27 67 81
27 83 17
27 89 15
27 93 76
27 100 90
27 112 70
27 144 92
27 158 33
27 181 17
27 190 10
27 221 33
27 226 48
27 232 46
27 294 32
28 43 7
28 49 100
28 62 30
28 66 90
28 68 31
28 124 7
28 187 35
28 194 89
28 234 39
28 246 28
28 259 52
28 260 2
28 272 2
28 297 28
29 70 11
29 84 30
29 109 34
29 130 91
29 141 46
29 144 48
29 162 18
29 164 35
29 200 69
29 206 10
29 220 19
29 253 37
30 44 71
30 62 51
30 66 85
30 76 16
30 78 83
30 96 43
30 122 68
30 139 64
30 163 32
30 167 50
30 178 70
30 218 18
30 269 38
30 273 8
30 285 97
31 85 41
31 93 9
31 167 99
31 216 68
31 218 71
31 244 28
31 248 53
31 267 13
31 272 25
31 279 53
31 287 30
31 296 12
31 299 21
32 56 91
32 92 30
32 122 58
32 163 62
32 174 81
32 227 42
32 265 29
32 276 15
32 293 84
32 297 48
33 70 30
33 107 68
33 126 97
33 145 99
33 176 37
33 226 86
33 240 6
33 247 86
33 261 26
33 294 66
33 298 36
34 51 46
34 55 36
34 65 15
34 82 50
34 87 100
34 92 39
34 116 2
34 121 29
34 159 50
34 193 23
34 216 20
34 235 80
34 248 32
34 254 33
34 284 12
35 80 25
35 83 61
35 84 78
35 89 60
35 95 61
35 101 7
35 132 79
35 134 57
35 138 5
35 144 68
35 155 43
35 182 62
35 198 5
35 223 20
35 232 79
35 290 40
36 40 65
36 62 14
36 82 54
36 89 67
36 90 65
36 123 44
36 131 68
36 156 93
36 159 46
36 177 42
36 180 12
36 191 77
36 202 73
36 234 96
36 241 40
36 246 49
36 255 9
36 278 17
37 45 61
37 55 69
37 61 23
37 66 39
37 110 77
37 119 79
37 173 58
37 243 19
37 265 92
37 287 62
38 118 91
38 155 70
38 192 1
38 271 7
38 282 35
39 91 6
39 101 73
39 115 99
39 122 2
39 137 41
39 147 91
39 174 47
39 176 82
39 207 55
39 261 75
39 280 7
39 290 50
40 56 14
40 66 7
40 73 10
40 119 30
40 134 67
40 203 78
40 224 4
40 237 58
40 240 55
40 252 82
40 279 15
41 52 25
41 64 73
41 76 77
41 81 15
41 86 94
41 88 77
41 114 74
41 131 28
41 158 35
41 168 46
41 175 26
41 196 36
41 233 38
41 243 68
41 288 34
42 72 72
42 87 22
42 117 8
42 144 30
42 155 24
42 200 21
42 226 36
42 227 33
42 255 2
42 271 3
42 273 63
42 280 5
42 284 12
43 57 69
43 69 38
43 88 26
43 100 93
43 140 10
43 148 2
43 154 60
43 156 3
43 166 31
43 168 85
43 184 82
43 186 65
43 191 30
43 225 7
43 231 52
43 235 20
43 262 26
43 265 85
43 285 91
44 80 48
44 83 92
44 96 20
44 122 23
44 132 64
44 140 7
44 164 7
44 179 65
44 187 61
44 224 21
44 225 69
44 244 72
44 275 89
44 276 6
45 46 98
45 106 34
45 144 67
45 162 51
45 168 93
45 180 21
45 239 81
45 282 77
45 288 2
46 58 97
46 60 58
46 67 60
46 92 48
46 105 29
46 125 85
46 176 84
46 193 19
46 202 84
46 209 75
46 218 90
46 220 58
46 225 90
46 233 97
46 235 65
46 241 54
46 255 57
46 257 37
46 261 22
46 262 81
46 265 26
46 267 79
46 275 78
46 277 59
47 53 45
47 61 28
47 69 3
47 74 17
47 102 61
47 107 31
47 113 18
47 155 9
47 172 40
47 212 29
47 214 57
47 225 69
47 278 14
48 64 92
48 87 87
48 114 49
48 122 19
48 161 29
48 200 7
48 201 8
48 206 25
48 214 23
48 241 62
48 268 33
49 54 59
49 78 35
49 83 13
49 97 36
49 104 14
49 115 42
49 143 94
49 186 10
49 187 22
49 193 48
49 194 27
49 205 82
49 276 30
49 277 44
49 285 90
49 293 70
50 58 25
50 63 98
50 90 38
50 102 38
50 115 42
50 135 76
50 217 86
50 251 60
50 280 4
50 286 44
50 290 67
51 61 80
51 76 66
51 87 28
51 105 13
51 131 77
51 140 15
51 150 77
51 204 12
51 278 28
51 299 19
52 75 58
52 82 37
52 178 40
52 214 57
52 221 63
52 228 73
52 231 87
52 233 59
52 234 14
52 281 56
53 56 83
53 74 64
53 103 45
53 125 72
53 133 5
53 180 20
53 195 9
53 196 64
53 231 76
53 257 53
53 271 30
54 55 55
54 68 70
54 106 10
54 120 19
54 126 46
54 149 24
54 170 96
54 195 10
54 200 3
54 206 66
54 223 19
54 238 91
54 255 5
54 266 75
54 278 54
54 297 29
54 299 61
55 86 64
55 87 42
55 98 68
55 110 98
55 117 57
55 138 12
55 142 21
55 146 61
55 151 84
55 159 29
55 165 24
55 167 59
55 173 33
55 178 6
55 201 65
55 215 3
55 223 67
55 249 84
55 252 100
55 263 42
55 285 31
55 286 61
55 290 96
55 296 96
56 78 79
56 81 86
56 104 52
56 125 6
56 144 91
56 156 32
56 205 66
56 207 54
56 214 73
56 219 34
56 239 3
56 242 82
56 288 97
57 63 23
57 79 42
57 83 80
57 101 52
57 130 18
57 145 90
57 156 36
57 178 75
57 187 55
57 188 38
57 217 41
57 233 90
57 253 90
57 256 34
58 86 72
58 91 50
58 109 29
58 117 67
58 139 81
58 165 14
58 187 70
58 209 86
58 226 5
58 241 1
58 248 3
58 251 10
58 285 25
59 89 88
59 92 65
59 98 6
59 128 85
59 133 87
59 134 48
59 143 16
59 189 90
59 206 17
59 225 6
59 241 26
59 290 91
60 146 12
60 153 15
60 181 83
60 202 53
60 208 4
60 209 16
60 221 24
60 224 6
60 240 44
60 243 90
60 245 38
60 259 9
60 260 11
60 263 23
60 272 65
60 285 11
61 126 25
61 136 27
61 163 87
61 180 13
61 193 91
61 207 93
61 220 49
61 262 77
61 297 92
61 299 64
62 68 19
62 76 60
62 86 21
62 109 96
62 132 50
62 175 84
62 195 10
62 199 32
62 202 36
62 215 66
62 225 99
62 245 59
62 267 23
62 295 94
63 94 100
63 103 60
63 105 2
63 106 10
63 122 34
63 166 19
63 167 72
63 181 58
63 208 45
63 228 59
63 244 22
63 265 35
64 99 3
64 111 22
64 113 63
64 164 46
64 203 38
64 209 81
64 242 5
64 243 10
64 261 76
64 271 6
64 295 94
65 100 38
65 109 37
65 115 29
65 159 3
65 173 35
65 177 40
65 189 77
65 242 80
65 244 39
65 256 36
65 273 81
65 289 1
66 78 69
66 92 99
66 93 24
66 94 78
66 103 95
66 109 34
66 111 52
66 116 29
66 145 36
66 151 73
66 155 44
66 166 33
66 178 10
66 182 24
66 187 37
66 203 72
66 208 52
66 217 42
66 228 65
66 234 41
66 280 30
66 297 45
66 299 95
67 99 16
67 148 84
67 190 71
67 245 95
67 278 75
67 280 58
67 290 28
67 293 75
68 94 26
68 112 78
68 135 50
68 140 55
68 141 73
68 165 84
68 171 6
68 182 53
68 191 19
68 195 31
68 216 96
68 227 4
68 271 92
68 274 72
68 276 40
68 286 63
68 295 75
69 139 34
69 147 27
69 155 15
69 171 15
69 182 24
69 188 9
69 258 31
69 266 7
69 269 31
69 285 77
70 76 81
70 105 88
70 115 56
70 121 7
70 144 65
70 146 34
70 151 57
70 159 71
70 184 6
70 196 40
70 200 29
70 225 10
70 234 10
70 236 59
70 260 6
70 275 13
70 292 2
71 100 77
71 148 5
71 165 65
71 166 51
71 216 90
71 219 43
71 236 17
71 246 4
71 249 66
71 250 77
72 108 86
72 109 25
72 156 7
72 167 15
72 181 57
72 184 46
72 226 70
72 233 64
72 246 62
72 275 3
72 284 72
72 289 32
73 78 60
73 107 63
73 112 60
73 191 70
73 220 72
73 231 70
73 232 27
73 235 37
73 267 72
73 277 3
73 286 93
73 290 88
73 292 5
74 76 82
74 150 30
74 192 21
74 232 37
75 81 48
75 153 97
75 169 75
75 193 72
75 212 55
75 229 89
75 241 28
75 253 100
75 255 10
76 84 43
76 118 13
76 144 65
76 153 66
76 155 44
76 180 76
76 205 28
76 227 56
76 250 97
76 281 52
76 289 77
77 79 23
77 89 88
77 118 48
77 124 77
77 130 80
77 157 87
77 164 81
77 167 13
77 197 17
77 219 53
77 237 1
77 242 16
77 251 1
77 264 75
78 155 39
78 192 7
78 195 15
78 198 18
78 265 58
78 277 77
78 295 13
79 94 70
79 100 41
79 112 78
79 177 66
79 182 16
79 201 6
79 224 21
79 226 13
79 276 57
79 282 97
80 107 35
80 118 96
80 125 97
80 132 64
80 143 27
80 173 83
80 181 44
80 195 39
81 122 51
81 131 49
81 132 91
81 135 18
81 150 1
81 154 18
81 166 56
81 226 8
81 285 32
82 118 26
82 119 65
82 138 60
82 149 38
82 175 35
82 180 100
82 196 15
82 210 100
82 263 16
82 288 72
82 295 72
83 126 80
83 160 28
83 218 68
83 229 14
83 256 75
83 272 16
83 288 77
84 145 1
84 148 99
84 195 73
84 212 91
84 226 1
84 238 73
84 267 82
85 138 19
85 139 73
85 149 99
85 160 74
85 162 80
85 175 82
85 186 99
85 212 45
85 227 42
85 231 88
85 232 31
85 258 41
85 268 55
85 274 30
85 285 8
86 88 26
86 93 53
86 107 87
86 113 6
86 137 20
86 139 53
86 149 80
86 170 88
86 177 29
86 183 81
86 225 86
86 230 53
86 233 71
86 262 86
86 279 25
86 284 4
87 109 4
87 124 50
87 155 2
87 163 30
87 167 29
87 186 84
87 196 80
87 238 25
87 282 25
88 105 68
88 108 55
88 112 17
88 176 74
88 198 36
88 220 25
88 238 99
88 255 88
88 256 63
88 286 56
88 298 60
89 134 15
89 202 88
89 249 47
89 251 96
89 292 20
90 158 84
90 170 48
90 202 42
90 210 21
90 216 25
90 238 46
90 242 77
90 244 74
90 270 47
90 292 6
90 296 54
91 149 82
91 157 37
91 158 79
91 170 58
91 191 56
91 220 85
91 244 27
91 246 29
91 271 73
91 279 3
91 281 80
92 104 60
92 105 65
92 114 87
92 115 71
92 118 80
92 120 74
92 188 69
92 200 27
92 206 93
92 256 52
93 128 26
93 144 35
93 218 73
93 219 50
93 220 32
93 263 1
93 284 75
94 123 30
94 163 6
94 169 81
94 190 12
94 194 94
94 211 11
94 213 21
95 143 50
95 163 95
95 176 47
95 179 30
95 211 19
95 215 49
95 243 61
95 246 31
95 254 66
95 260 48
95 286 1
95 287 45
95 291 21
96 108 70
96 120 23
96 131 66
96 165 73
96 209 48
96 244 52
96 297 45
97 119 50
97 123 83
97 153 97
97 163 76
97 167 12
97 183 2
97 207 56
97 247 75
97 249 48
97 261 66
97 267 96
97 284 49
98 112 13
98 118 94
98 119 78
98 180 31
98 202 43
98 212 39
98 254 61
98 272 8
98 278 38
98 294 62
98 297 4
99 113 58
99 148 83
99 174 26
99 186 75
99 195 55
99 200 25
99 208 26
99 221 52
99 240 74
99 294 60
100 116 48
100 131 50
100 143 72
100 160 2
100 162 5
100 165 98
100 177 49
100 225 23
100 247 93
100 248 49
100 250 35
100 257 87
101 115 26
101 134 65
101 141 81
101 153 16
101 159 26
101 164 40
101 184 53
101 187 39
101 190 43
101 215 63
101 229 21
101 242 20
101 269 37
102 109 75
102 125 44
102 163 15
102 209 78
102 212 70
102 218 74
102 231 26
102 233 71
102 240 97
103 130 79
103 180 27
103 202 95
103 218 27
103 241 49
103 243 39
103 258 75
103 282 83
104 107 77
104 133 52
104 145 100
104 147 9
104 169 20
104 190 25
104 197 48
104 212 24
104 219 15
104 232 90
104 291 86
104 295 35
105 128 61
105 148 75
105 156 61
105 173 57
105 180 41
105 189 39
105 195 78
105 203 14
105 204 16
105 221 48
105 225 63
105 262 94
105 268 74
105 287 9
106 167 72
106 225 75
106 244 47
106 249 98
106 267 9
106 270 76
106 274 1
106 286 8
106 291 84
107 111 20
107 148 84
107 152 84
107 154 44
107 208 98
107 228 25
107 240 81
107 242 84
107 261 86
107 268 7
107 284 97
108 117 94
108 143 47
108 147 87
108 157 71
108 161 13
108 228 2
108 256 18
108 279 27
108 299 47
109 121 43
109 127 35
109 146 70
109 151 69
109 154 33
109 155 67
109 168 78
109 174 60
109 200 19
109 217 37
109 218 44
109 238 39
109 241 21
110 113 27
110 116 34
110 167 70
110 169 51
110 171 66
110 181 6
110 190 88
110 205 73
110 213 2
110 231 81
110 234 71
110 275 88
110 278 51
111 113 35
111 123 41
111 126 20
111 151 61
111 178 87
111 204 15
111 211 47
111 237 56
111 239 83
111 241 80
111 299 74
112 122 12
112 139 39
112 145 44
112 166 49
112 182 34
112 192 34
112 222 21
112 227 12
112 249 67
112 252 42
112 268 15
113 137 85
113 152 47
113 153 54
113 157 9
113 161 48
113 177 35
113 187 79
113 204 87
113 217 37
113 238 66
113 261 27
113 276 57
113 278 26
113 284 13
113 293 71
113 295 73
114 136 20
114 142 53
114 177 4
114 193 45
114 195 65
114 212 42
114 244 89
114 246 65
114 260 28
114 286 22
115 139 85
115 180 91
115 188 41
115 196 78
115 264 5
115 266 25
115 279 25
115 294 59
116 136 33
116 145 24
116 167 45
116 175 63
116 188 11
116 199 81
116 205 28
116 225 37
116 292 37
117 118 6
117 133 50
117 151 59
117 153 78
117 154 21
117 156 64
117 228 81
118 130 66
118 153 80
118 158 74
118 177 6
118 189 44
118 204 53
118 208 27
118 227 80
118 233 44
118 284 67
119 152 57
119 160 48
119 174 43
119 190 33
119 212 58
119 214 27
119 255 57
120 132 2
120 133 90
120 145 67
120 151 83
120 153 69
120 157 3
120 181 71
120 196 74
120 212 4
120 216 82
120 236 51
120 256 77
120 260 45
120 267 83
120 268 42
120 291 76
121 152 9
121 173 99
121 175 71
121 211 61
121 257 25
121 266 50
121 276 4
121 286 44
122 128 58
122 130 4
122 163 38
122 192 91
122 253 13
122 285 65
122 288 47
123 126 15
123 144 54
123 161 65
123 166 49
123 169 74
123 189 67
123 197 19
123 201 48
123 210 23
123 214 52
123 220 50
123 274 99
124 136 96
124 145 33
124 147 92
124 176 71
124 182 93
124 198 90
124 214 41
124 224 53
124 226 66
124 230 42
124 237 9
124 256 61
124 263 52
124 286 64
124 299 99
125 128 42
125 139 76
125 141 15
125 191 40
125 201 90
125 255 20
125 257 56
125 264 90
125 278 93
126 138 74
126 142 61
126 179 40
126 200 96
126 217 12
126 221 90
126 234 46
126 248 8
126 267 74
126 282 37
127 145 30
127 279 66
128 140 78
128 157 23
128 176 70
128 179 96
128 204 16
128 239 78
128 249 56
128 256 67
128 266 93
128 285 6
129 271 60
129 273 69
129 279 20
129 285 51
130 147 10
130 160 39
130 168 6
130 178 100
130 220 32
130 234 80
130 237 12
130 270 23
130 292 27
131 144 23
131 147 12
131 189 73
131 258 82
131 278 85
131 288 9
131 291 12
131 292 2
132 154 39
132 211 86
132 219 72
132 268 34
132 270 1
132 281 1
132 292 41
133 134 68
133 146 94
133 150 47
133 187 79
133 192 14
133 256 18
133 278 30
134 156 75
134 179 57
134 196 35
134 208 26
134 212 40
134 241 14
134 289 37
134 294 14
135 138 41
135 145 60
135 149 26
135 154 65
135 172 41
135 207 62
135 209 25
135 224 4
135 226 64
135 251 63
135 258 89
135 264 35
135 272 48
135 277 90
135 284 35
135 297 89
136 147 9
136 163 80
136 167 87
136 222 87
136 242 93
136 256 4
136 269 16
137 155 68
137 173 12
137 213 3
137 229 93
137 238 3
137 250 68
138 171 30
138 198 17
138 201 60
138 205 41
138 219 42
139 186 24
139 212 81
139 249 55
139 251 49
140 144 85
140 158 18
140 168 63
140 171 25
140 186 4
140 207 11
140 284 14
140 292 91
140 293 99
141 211 74
141 225 70
141 233 85
141 245 13
141 260 15
141 262 40
141 282 28
141 290 82
142 182 52
142 210 82
142 218 26
142 250 54
142 252 50
142 279 7
142 294 70
143 164 9
143 180 47
143 268 63
143 271 33
144 146 80
144 166 18
144 180 33
144 183 64
144 216 87
144 245 95
144 282 40
144 292 91
145 241 5
145 268 54
145 280 33
146 168 55
146 175 79
146 194 2
146 207 39
146 247 91
146 250 16
146 252 79
147 179 71
147 253 49
147 261 82
147 287 52
148 153 27
148 175 35
148 189 1
148 269 33
148 281 57
148 289 62
149 154 32
149 158 19
149 161 46
149 165 11
149 214 88
149 241 78
149 289 26
150 168 27
150 186 72
150 230 65
150 270 17
150 272 29
150 275 70
150 296 1
151 170 83
151 183 49
151 203 2
151 209 22
151 214 91
151 237 70
151 274 52
151 287 61
152 164 18
152 180 85
152 238 65
152 251 44
152 275 19
152 276 65
152 287 29
153 154 27
153 188 78
153 202 60
153 205 98
153 214 23
153 216 70
153 231 85
153 262 100
153 266 95
153 271 11
153 277 24
153 280 11
154 155 79
154 157 52
154 162 81
154 190 79
154 199 34
154 214 29
154 228 33
154 234 7
154 235 19
154 268 2
154 289 10
154 298 32
155 192 71
155 234 94
155 245 96
155 250 67
155 288 65
156 186 12
156 199 95
156 242 91
156 260 90
156 275 54
157 177 40
157 209 12
157 212 75
157 229 25
157 235 64
157 243 21
157 249 87
157 256 87
157 268 31
157 273 18
158 177 90
158 180 11
158 199 48
158 220 23
158 289 91
158 294 80
159 240 82
159 259 62
160 167 33
160 197 91
160 223 93
160 239 56
160 266 85
160 275 88
161 177 22
161 197 1
161 200 51
161 233 68
161 251 43
161 260 40
161 293 73
161 299 83
162 199 4
162 200 47
162 219 59
162 257 19
163 175 67
163 178 97
163 194 57
163 272 49
163 273 14
163 278 46
163 290 60
164 229 14
164 263 20
164 270 50
164 274 45
164 299 1
165 171 11
165 225 78
165 241 44
165 268 55
165 285 85
166 175 80
166 185 94
166 205 6
166 280 80
166 298 45
167 178 25
167 182 22
167 184 36
167 209 97
167 280 4
167 295 91
168 185 43
168 187 14
168 237 61
168 255 61
168 273 11
168 275 17
168 295 61
169 200 24
169 209 14
169 226 20
169 241 37
169 280 34
169 281 22
170 185 34
170 186 86
170 188 84
170 247 63
170 253 29
170 263 91
170 286 47
171 173 8
171 209 84
171 227 4
171 274 87
171 293 80
172 188 28
172 208 61
172 209 16
172 212 24
172 213 16
172 222 58
172 233 18
172 268 30
172 279 19
172 282 78
173 191 40
173 200 87
173 202 90
173 203 63
173 205 1
174 182 10
174 220 52
174 231 86
174 241 83
174 255 85
174 257 71
174 268 18
174 285 47
174 294 100
175 182 8
175 184 45
175 186 7
175 237 44
175 250 48
175 259 46
176 256 23
176 267 75
176 272 6
177 190 90
177 200 98
177 204 21
177 243 100
177 250 67
177 255 2
177 259 18
178 218 96
178 245 41
178 251 56
178 273 85
179 184 56
179 185 56
179 194 46
179 258 59
179 266 41
180 195 28
180 262 95
180 287 12
180 289 98
180 293 93
180 297 63
181 211 57
181 270 37
181 274 69
181 283 100
181 298 84
182 194 66
182 197 75
182 245 10
183 196 23
183 233 16
183 297 59
184 198 96
184 227 15
184 233 25
184 241 97
184 244 84
184 264 20
184 273 38
184 275 40
184 278 4
185 208 93
185 209 47
185 221 50
185 248 51
185 266 88
185 293 29
185 295 45
186 268 51
186 295 78
187 196 37
187 217 13
187 219 35
187 236 25
187 238 33
187 255 86
187 269 8
187 284 51
187 291 12
188 195 69
188 214 73
188 239 80
188 273 27
189 191 68
189 205 46
189 259 51
189 273 65
189 282 30
190 193 22
190 215 54
190 236 21
190 237 25
190 255 46
190 264 67
190 269 26
190 276 48
190 277 6
190 279 7
190 280 44
190 282 56
191 205 84
191 216 32
191 259 20
191 290 70
191 291 56
192 204 5
192 217 8
192 221 15
192 225 55
192 238 71
192 252 83
192 257 27
192 262 50
192 287 9
193 206 95
193 212 96
193 218 11
193 222 11
193 240 77
193 248 32
193 278 64
193 279 97
193 287 8
193 294 61
194 248 15
194 253 34
194 255 8
194 279 73
194 282 92
195 224 3
195 285 80
195 288 27
195 289 86
195 299 100
196 198 49
196 204 41
196 237 4
196 242 56
196 263 7
196 266 58
196 271 78
196 273 41
196 275 36
196 287 80
196 288 1
197 220 30
197 230 27
197 235 11
198 225 40
198 232 3
198 249 94
198 290 55
198 295 51
199 206 1
199 208 15
199 211 17
199 224 86
199 230 22
199 256 89
199 267 77
199 283 76
200 276 69
200 299 56
201 203 61
201 204 20
201 222 4
201 226 53
201 264 23
202 217 11
202 231 59
202 237 32
202 254 88
202 257 99
202 258 67
202 264 19
202 273 51
202 290 49
203 214 45
203 275 61
203 283 40
203 285 47
204 235 54
204 238 95
204 248 49
204 273 7
204 280 9
204 296 66
205 227 44
205 245 83
206 221 6
206 228 73
206 235 58
206 268 74
206 292 28
207 217 71
207 275 45
207 298 31
208 286 23
209 213 67
209 214 93
209 234 34
209 241 50
209 254 80
210 240 84
210 248 69
210 261 99
210 293 35
211 243 17
211 251 95
211 279 95
212 251 56
212 274 94
212 285 1
213 226 50
213 229 42
213 246 59
213 277 11
213 285 59
214 242 2
214 245 93
215 248 65
215 286 74
216 225 50
216 280 90
216 288 53
217 257 72
217 258 35
217 262 83
217 269 95
218 223 53
218 235 75
218 248 28
218 262 55
219 221 7
219 255 11
219 277 23
219 290 57
220 221 45
220 249 39
220 281 51
221 239 92
221 257 46
221 259 44
221 262 44
221 283 48
221 286 38
222 240 2
222 246 58
222 270 96
223 245 55
223 264 50
223 269 12
224 283 81
225 239 51
225 254 2
225 275 33
225 292 23
226 257 88
228 230 16
228 239 69
228 269 92
228 278 42
228 296 96
229 259 46
229 299 100
230 241 58
230 248 20
230 261 56
230 265 55
231 293 10
232 268 59
233 238 98
233 283 56
233 285 54
234 260 41
234 262 55
234 287 91
235 239 94
235 249 12
235 253 87
235 263 48
235 290 13
235 294 50
236 248 28
236 250 15
236 259 51
236 271 61
236 292 89
237 260 90
237 264 28
237 286 57
237 292 82
238 242 21
238 244 4
238 249 79
238 262 21
238 286 14
239 273 99
239 292 76
240 248 68
240 277 8
240 297 86
241 270 17
241 277 15
241 289 40
242 260 57
242 286 69
242 293 30
243 261 2
243 286 32
243 287 68
244 262 1
245 263 44
246 269 18
247 281 81
247 293 59
248 257 20
249 275 41
249 277 47
249 284 62
249 290 20
249 299 56
250 283 43
251 284 40
251 295 59
252 299 73
254 256 12
254 259 72
254 268 23
254 283 40
255 275 91
255 277 31
256 257 25
256 265 7
256 266 97
256 293 64
257 285 15
257 291 66
258 268 46
258 270 16
258 287 97
258 298 13
260 281 17
261 271 93
261 296 82
261 298 97
262 273 3
263 291 54
265 284 89
266 286 1
267 275 15
267 295 60
268 281 56
269 284 9
270 277 99
270 279 67
271 282 81
271 283 63
272 278 38
273 283 4
273 297 2
274 279 29
275 277 86
277 285 26
277 295 87
278 280 82
278 290 42
278 293 2
279 285 47
279 290 87
279 291 17
280 299 96
281 296 51
282 285 85
282 291 88
283 292 85
284 299 81
286 289 90
289 290 38
290 292 21
291 296 90
300 356 28
300 362 47
300 386 40
300 402 13
300 404 19
300 414 42
300 432 44
300 436 23
300 440 25
300 442 14
300 515 7
300 529 47
300 554 36
301 310 4
301 322 49
301 364 2
301 393 20
301 405 45
301 408 28
301 420 40
301 462 6
301 518 44
301 534 36
301 580 20
301 590 32
302 330 34
302 331 35
302 361 6
302 381 2
302 394 8
302 397 32
302 430 31
302 434 7
302 439 23
302 454 43
302 482 27
302 509 14
302 515 39
302 528 1
302 579 39
302 588 2
302 592 7
302 593 37
302 594 37
303 315 10
303 333 37
303 339 40
303 360 31
303 367 33
303 397 19
303 417 22
303 458 38
303 462 13
303 472 7
303 527 8
303 540 44
304 349 41
304 388 44
304 394 2
304 418 44
304 427 3
304 431 35
304 446 27
304 474 9
304 553 7
304 570 21
304 590 35
304 599 23
305 306 9
305 374 35
305 397 13
305 458 10
305 509 43
305 511 1
305 517 48
305 555 2
305 575 39
305 583 40
306 308 34
306 313 21
306 343 8
306 345 8
306 357 11
306 378 20
306 396 14
306 426 20
306 430 16
306 460 6
306 467 13
306 483 17
306 492 2
306 510 15
306 532 1
306 549 28
306 574 24
306 587 7
306 591 48
306 598 10
306 599 29
307 324 7
307 325 45
307 333 43
307 365 18
307 392 37
307 398 43
307 399 16
307 439 41
307 461 31
307 465 7
307 467 26
307 541 2
307 586 14
308 327 33
308 335 12
308 336 36
308 403 49
308 428 33
308 457 1
308 482 4
308 485 45
308 497 19
308 507 7
308 521 9
308 527 21
308 543 34
308 551 34
308 561 27
308 567 32
308 576 44
308 598 8
309 310 40
309 329 40
309 332 50
309 337 7
309 345 28
309 349 45
309 403 24
309 419 20
309 420 25
309 451 30
309 485 48
309 523 26
309 530 46
309 552 30
309 570 39
309 584 31
310 315 30
310 334 21
310 362 33
310 381 36
310 408 17
310 455 3
310 536 42
310 564 26
310 569 23
310 598 26
311 334 11
311 341 1
311 353 9
311 402 6
311 420 10
311 444 50
311 456 47
311 471 12
311 505 8
311 529 25
311 537 6
311 578 32
311 584 46
311 586 30
312 365 13
312 426 43
312 443 8
312 465 10
312 493 25
312 542 48
312 553 40
312 591 4
312 594 19
312 599 24
313 336 41
313 353 37
313 356 26
313 390 33
313 393 14
313 418 50
313 429 8
313 450 25
313 455 1
313 459 18
313 464 30
313 500 10
313 515 17
313 524 29
313 543 21
313 556 24
313 581 5
313 596 26
313 599 7
314 320 50
314 377 8
314 405 22
314 414 45
314 421 15
314 482 31
314 484 21
314 505 12
314 509 21
314 550 26
314 558 32
314 572 46
315 376 17
315 415 19
315 422 24
315 423 49
315 428 32
315 452 23
315 461 8
315 490 8
315 493 23
315 521 25
316 376 40
316 382 35
316 408 43
316 412 18
316 447 7
316 466 18
316 467 22
316 519 35
316 598 25
317 343 23
317 421 42
317 542 46
317 553 17
317 565 8
317 592 26
318 319 37
318 337 19
318 348 48
318 356 13
318 372 3
318 378 46
318 408 29
318 421 21
318 439 19
318 444 29
318 450 4
318 461 43
318 501 36
318 520 12
318 534 18
318 539 12
318 544 1
318 565 2
318 597 6
319 322 20
319 327 10
319 394 23
319 418 41
319 435 44
319 437 49
319 440 13
319 453 35
319 505 46
319 520 30
319 553 42
320 340 22
320 351 18
320 370 13
320 372 21
320 389 32
320 435 17
320 451 18
320 457 12
320 458 39
320 483 38
320 494 40
320 495 42
320 516 31
320 538 27
320 540 5
320 551 48
320 557 38
320 561 5
320 566 1
320 579 45
320 584 24
320 595 10
321 366 18
321 373 16
321 413 4
321 414 16
321 442 29
321 485 40
321 495 12
321 509 10
321 548 34
321 569 35
322 337 29
322 394 48
322 397 7
322 444 11
322 452 14
322 476 25
322 553 22
322 571 2
323 365 12
323 401 12
323 409 45
323 430 44
323 435 40
323 454 50
323 468 43
323 520 28
323 521 6
323 551 43
323 587 22
324 408 32
324 422 5
324 426 41
324 438 47
324 486 8
324 527 9
324 558 27
324 577 49
325 358 22
325 389 36
325 394 32
325 417 8
325 420 17
325 459 31
325 477 14
325 496 27
325 523 44
325 547 40
325 549 50
325 569 47
325 575 4
325 581 13
325 583 42
326 328 49
326 359 3
326 376 41
326 378 42
326 380 32
326 396 48
326 401 34
326 431 5
326 472 29
326 493 38
326 524 46
326 531 26
326 552 47
326 561 6
326 572 2
326 581 48
326 596 27
327 329 40
327 350 29
327 375 36
327 389 8
327 390 10
327 408 49
327 430 36
327 455 5
327 482 41
327 503 35
327 519 2
327 537 46
327 542 50
327 546 45
327 556 44
327 566 2
327 569 37
327 577 35
327 583 35
327 586 34
328 354 21
328 384 39
328 470 13
328 471 10
328 481 36
328 489 40
328 493 9
328 511 41
328 515 43
328 523 6
328 532 19
328 574 34
328 575 36
328 578 4
328 591 41
329 368 47
329 374 5
329 377 26
329 378 2
329 420 47
329 429 13
329 431 5
329 440 42
329 487 12
329 505 49
329 525 37
329 531 15
329 543 35
329 555 22
329 565 49
329 584 20
330 345 44
330 369 39
330 371 32
330 388 3
330 398 25
330 428 21
330 436 13
330 447 17
330 477 14
330 486 18
330 502 38
330 542 47
330 563 4
330 578 41
330 580 40
330 584 2
330 591 47
330 592 15
330 593 3
330 594 43
331 347 29
331 356 9
331 358 36
331 364 40
331 373 9
331 497 23
331 521 6
331 530 45
331 567 46
331 587 6
331 596 15
331 597 39
332 340 45
332 351 46
332 395 43
332 452 21
332 455 19
332 463 6
332 468 37
332 486 32
332 496 25
332 501 24
332 545 30
332 562 28
332 570 17
332 581 21
333 350 30
333 369 15
333 378 38
333 389 34
333 406 8
333 422 16
333 445 45
333 476 45
333 481 8
333 497 3
333 499 17
333 501 13
333 552 50
333 557 12
333 561 19
333 589 14
333 595 2
334 339 15
334 379 11
334 419 45
334 443 35
334 458 29
334 463 2
334 467 21
334 484 12
334 491 26
334 517 47
334 524 44
334 566 6
334 567 15
334 573 14
334 598 37
335 339 29
335 378 1
335 389 22
335 400 38
335 408 17
335 426 16
335 459 35
335 481 26
335 483 21
335 511 1
335 542 38
335 543 20
336 372 15
336 387 8
336 401 35
336 421 18
336 428 22
336 432 45
336 433 14
336 448 6
336 451 24
336 461 15
336 477 29
336 483 35
336 494 43
336 515 27
336 542 28
336 583 50
336 584 41
337 344 44
337 368 36
337 385 21
337 397 44
337 406 7
337 502 11
337 520 12
337 536 25
337 544 45
337 562 37
337 597 47
337 599 47
338 339 27
338 355 18
338 378 13
338 382 34
338 391 2
338 410 31
338 420 8
338 425 46
338 435 46
338 441 13
338 443 21
339 374 13
339 375 43
339 378 8
339 381 5
339 389 19
339 438 35
339 466 4
339 473 11
339 481 30
339 499 41
339 501 34
339 510 24
339 524 49
339 546 46
339 555 37
339 590 25
339 594 42
339 599 24
340 372 21
340 379 38
340 380 2
340 400 40
340 405 3
340 414 37
340 415 41
340 438 35
340 509 44
340 510 39
340 518 30
340 529 9
340 555 11
340 557 42
340 595 1
341 373 18
341 382 48
341 386 22
341 423 5
341 443 3
341 469 32
341 470 34
341 477 45
341 480 17
341 490 7
341 503 44
341 541 12
341 576 46
342 374 18
342 396 3
342 454 21
342 457 41
342 463 43
342 478 22
342 491 32
342 508 45
342 525 8
342 537 25
342 548 29
342 554 2
342 560 13
343 381 10
343 388 10
343 393 23
343 410 4
343 426 12
343 429 41
343 468 3
343 477 33
343 497 45
343 533 6
343 545 15
343 596 30
344 369 50
344 389 31
344 395 37
344 396 45
344 406 45
344 411 34
344 413 15
344 447 47
344 453 4
344 460 5
344 465 39
344 466 25
344 469 36
344 496 35
344 498 32
344 511 10
344 520 15
344 523 35
344 545 24
345 356 27
345 379 46
345 386 49
345 399 30
345 411 8
345 427 41
345 432 32
345 438 40
345 449 37
345 465 39
345 492 6
345 493 16
345 503 39
345 507 39
345 525 4
345 548 35
345 599 33
346 365 37
346 401 49
346 415 29
346 425 40
346 474 3
346 487 20
346 500 14
346 524 41
346 535 6
346 577 48
346 599 2
347 385 21
347 387 32
347 434 28
347 439 47
347 444 28
347 463 26
347 505 28
347 510 35
347 512 18
347 517 9
347 545 26
347 575 4
348 368 50
348 381 32
348 439 19
348 453 38
348 463 20
348 481 23
348 490 24
348 493 2
348 542 9
348 598 23
349 365 32
349 367 1
349 375 27
349 385 3
349 406 16
349 423 19
349 449 9
349 474 13
349 488 21
349 539 31
349 540 47
349 552 50
349 554 29
349 567 26
349 586 27
349 599 8
350 353 12
350 363 44
350 364 18
350 365 37
350 366 47
350 371 17
350 435 18
350 439 15
350 443 6
350 444 39
350 460 39
350 467 30
350 486 40
350 487 50
350 490 2
350 495 24
350 502 50
350 507 28
350 530 26
350 535 15
350 552 49
350 559 36
350 567 30
350 593 19
350 594 18
351 357 26
351 365 20
351 368 48
351 398 3
351 402 46
351 403 5
351 473 14
351 509 39
351 511 23
351 532 50
351 550 35
351 588 41
351 594 20
352 387 1
352 411 47
352 433 8
352 435 42
352 439 26
352 453 50
352 527 41
352 547 29
352 548 23
352 578 42
352 580 8
353 424 50
353 425 8
353 462 6
353 503 38
353 517 39
353 543 26
353 557 5
353 564 16
353 591 45
354 358 5
354 435 18
354 465 40
354 494 11
354 497 31
354 566 28
354 569 33
354 596 33
355 371 14
355 388 26
355 421 4
355 440 15
355 447 22
355 451 11
355 468 8
355 469 49
355 511 12
355 529 50
355 548 29
355 580 36
355 582 41
355 590 36
356 368 36
356 387 50
356 502 44
356 509 23
356 510 39
356 576 19
356 589 29
357 375 4
357 402 16
357 411 33
357 416 22
357 428 5
357 461 46
357 501 4
357 506 35
357 549 30
357 554 38
357 556 48
357 578 5
357 579 41
358 377 14
358 379 28
358 391 4
358 401 21
358 437 26
358 442 15
358 448 22
358 499 6
358 536 1
358 539 12
358 551 42
358 555 38
358 569 14
358 570 37
359 414 12
359 435 2
359 436 7
359 449 40
359 475 7
359 478 22
359 488 25
359 493 30
359 494 29
359 509 22
359 533 34
359 538 13
359 554 1
359 557 21
359 583 12
360 373 6
360 388 14
360 438 28
360 454 33
360 465 17
360 471 48
360 501 11
360 510 31
361 379 20
361 381 16
361 387 33
361 390 33
361 517 7
361 540 22
361 544 48
361 554 45
361 565 33
361 578 49
362 382 2
362 433 25
362 474 8
362 490 23
362 491 1
362 502 37
362 529 1
362 532 22
362 534 22
362 544 15
362 547 22
362 556 45
362 558 27
362 562 27
362 576 8
362 592 4
362 593 12
363 419 24
363 447 3
363 482 22
363 490 6
363 504 24
363 510 37
363 564 41
364 377 9
364 411 46
364 455 12
364 463 6
364 496 40
364 509 45
364 516 7
364 524 41
364 544 21
364 565 14
364 594 16
365 389 21
365 399 2
365 416 18
365 502 44
365 559 24
365 568 33
365 572 15
365 578 18
365 592 11
365 599 44
366 367 27
366 401 16
366 412 5
366 421 2
366 435 18
366 448 26
366 467 7
366 540 44
366 541 12
366 545 49
366 556 4
366 589 9
367 383 11
367 387 9
367 395 49
367 397 7
367 405 17
367 428 41
367 445 27
367 486 30
367 577 6
368 370 49
368 383 34
368 386 24
368 398 42
368 416 7
368 420 8
368 422 8
368 425 26
368 445 18
368 477 1
368 483 4
368 484 35
368 519 5
368 522 5
368 532 4
368 549 32
368 556 11
368 559 47
368 563 46
368 568 10
368 595 50
369 374 4
369 394 22
369 400 11
369 406 2
369 443 28
369 447 27
369 462 45
369 494 6
369 505 9
369 518 50
369 531 6
369 590 42
370 393 25
370 412 49
370 438 50
370 498 34
370 518 6
370 546 27
370 561 3
370 570 7
370 588 30
371 402 37
371 418 13
371 421 34
371 438 41
371 444 45
371 475 46
371 494 39
371 530 40
371 556 5
371 560 41
371 570 43
371 592 28
372 376 3
372 390 47
372 398 7
372 491 31
372 509 41
372 577 14
372 590 39
373 388 42
373 421 19
373 436 32
373 439 19
373 440 19
373 451 33
373 464 4
373 517 25
373 558 9
373 570 7
373 581 33
373 584 40
373 585 45
374 379 45
374 392 23
374 410 35
374 418 41
374 436 19
374 454 26
374 473 30
374 481 25
374 510 16
374 536 25
374 542 5
374 554 18
375 382 23
375 391 11
375 430 48
375 482 15
375 511 25
375 515 39
375 543 8
375 544 45
375 549 22
375 551 28
376 379 14
376 413 5
376 460 32
376 463 40
376 504 15
376 512 38
376 516 22
376 521 5
376 532 32
376 549 16
376 553 27
376 567 19
376 593 7
376 599 47
377 378 44
377 399 38
377 436 24
377 460 11
377 461 14
377 467 28
377 477 30
377 526 38
377 543 38
377 560 27
378 402 4
378 407 14
378 430 17
378 433 12
378 453 9
378 485 39
378 493 39
378 516 24
378 537 45
378 538 20
378 545 13
378 565 9
378 574 9
378 598 34
379 386 13
379 402 43
379 406 1
379 409 42
379 448 11
379 493 9
379 505 40
379 513 6
379 531 49
379 535 13
379 547 16
379 589 14
380 399 40
380 493 47
380 520 4
380 522 30
380 523 25
380 529 7
380 563 43
380 568 42
380 579 20
381 386 3
381 406 32
381 410 9
381 424 28
381 454 26
381 519 30
381 549 40
381 552 36
381 570 41
381 576 25
382 388 1
382 422 33
382 426 28
382 437 42
382 477 45
382 502 36
382 509 33
382 569 2
382 599 36
383 397 46
383 406 19
383 412 50
383 422 37
383 442 15
383 511 3
383 517 16
383 533 39
383 557 9
383 566 11
383 587 30
383 593 31
383 595 15
384 425 13
384 435 39
384 440 43
384 456 38
384 473 20
384 476 32
384 502 26
384 516 10
384 521 9
384 533 26
384 554 44
384 566 36
384 583 19
384 589 38
385 386 23
385 392 1
385 437 39
385 470 9
385 484 48
385 508 7
385 515 8
385 524 35
385 529 21
385 580 12
385 582 2
385 585 12
385 594 22
386 410 12
386 470 41
386 542 2
386 570 27
386 582 4
386 583 42
386 591 19
387 425 43
387 448 12
387 499 2
387 546 18
387 550 23
387 570 10
388 402 45
388 418 17
388 424 47
388 427 13
388 438 6
388 454 20
388 491 16
388 545 47
388 566 28
389 394 13
389 411 3
389 426 37
389 444 47
389 445 26
389 458 48
389 478 49
389 540 37
389 546 19
389 573 10
389 577 29
390 421 23
390 432 38
390 440 34
390 471 14
390 482 6
390 506 29
390 563 25
390 567 10
390 579 48
390 597 50
391 400 19
391 403 43
391 432 16
391 438 18
391 442 7
391 455 23
391 493 37
391 514 22
391 519 19
391 520 14
391 562 35
391 589 22
392 419 50
392 440 33
392 443 49
392 463 49
392 467 31
392 486 37
392 564 19
392 573 43
392 582 17
392 588 41
393 412 32
393 423 1
393 424 5
393 487 38
393 514 31
393 515 31
393 520 49
393 546 28
393 550 30
393 554 19
393 588 22
393 589 47
394 399 36
394 432 29
394 439 20
394 452 22
394 499 2
394 514 38
394 550 37
394 560 38
395 428 11
395 435 38
395 457 21
395 463 9
395 485 36
395 487 3
395 499 47
395 501 5
395 505 47
395 543 14
395 583 45
396 429 29
396 438 14
396 465 1
396 480 18
396 507 46
396 520 32
396 522 16
396 531 23
396 551 11
396 556 34
396 558 45
396 575 8
396 587 22
397 405 25
397 419 27
397 429 43
397 438 26
397 456 16
397 460 32
397 485 14
397 510 27
397 566 19
398 400 36
398 404 37
398 415 7
398 450 38
398 471 34
398 478 13
398 537 37
398 553 47
398 557 9
398 561 15
399 410 12
399 427 10
399 431 32
399 449 7
399 463 41
399 482 49
399 484 31
399 494 3
399 515 34
399 516 25
399 527 12
399 570 5
399 574 1
400 402 38
400 417 50
400 462 29
400 470 6
400 477 31
400 548 44
400 564 32
401 421 1
401 428 29
401 435 18
401 437 9
401 478 18
401 530 1
401 554 21
401 556 4
401 570 49
401 597 32
402 427 20
402 442 12
402 449 41
402 462 3
402 542 18
402 546 33
402 556 3
402 573 1
402 579 37
402 598 37
403 426 25
403 430 49
403 445 41
403 465 28
403 467 38
403 468 42
403 508 6
403 514 43
403 537 22
403 553 49
403 566 24
403 567 25
403 587 29
404 433 44
404 444 35
404 449 46
404 503 44
404 543 8
404 545 2
404 547 45
404 557 39
404 567 21
405 430 6
405 434 31
405 449 26
405 459 26
405 512 13
405 548 28
405 570 26
405 591 49
406 409 14
406 483 2
406 512 49
406 522 7
406 523 29
406 524 37
406 529 48
406 550 36
406 559 29
406 590 22
406 592 34
407 455 3
407 484 48
407 506 12
407 512 46
407 574 32
408 436 10
408 446 41
408 474 39
408 498 11
408 556 37
409 410 27
409 414 33
409 424 45
409 445 9
409 485 10
409 503 22
409 520 21
409 529 38
409 532 47
409 533 22
409 535 3
409 549 50
409 557 20
410 447 11
410 506 31
410 534 6
410 545 9
410 559 16
410 563 37
410 573 32
410 582 50
411 445 39
411 461 29
411 488 13
411 499 36
411 519 12
411 521 22
411 559 28
411 562 1
411 585 34
412 419 17
412 455 29
412 469 19
412 474 11
412 530 38
412 538 28
412 555 32
412 578 10
412 581 17
413 432 30
413 457 33
413 473 20
413 496 29
413 511 3
413 551 30
413 566 9
413 588 10
413 589 40
414 423 27
414 440 46
414 441 21
414 455 26
414 479 36
414 531 1
414 537 40
414 565 23
414 592 15
414 598 14
415 422 1
415 424 17
415 425 47
415 480 17
415 497 47
415 498 15
415 505 29
415 566 34
415 569 45
415 580 10
415 582 46
415 584 11
415 596 39
415 597 28
416 447 30
416 448 19
416 451 32
416 460 12
416 462 28
416 480 44
416 517 1
416 524 4
416 548 39
416 565 24
416 568 31
416 577 27
416 579 26
416 583 22
417 423 49
417 433 40
417 447 35
417 505 1
417 525 8
417 546 34
417 570 19
417 575 5
417 597 50
418 426 47
418 482 38
418 506 44
418 552 6
419 451 35
419 454 5
419 467 46
419 471 13
419 485 36
419 506 15
419 526 46
419 531 49
419 546 44
419 557 39
419 581 50
419 596 49
420 503 30
420 510 25
420 561 31
420 584 6
420 594 50
421 430 2
421 432 6
421 446 42
421 505 39
421 516 7
421 526 49
421 561 22
421 563 25
421 594 3
421 597 23
422 426 22
422 452 43
422 466 17
422 518 29
422 581 27
422 591 23
423 424 25
423 427 41
423 459 10
423 465 41
423 470 39
423 472 9
423 473 34
423 486 27
423 492 10
423 526 34
423 533 8
423 547 34
423 555 14
423 560 15
423 567 35
424 453 17
424 514 21
424 520 28
424 530 5
424 535 29
424 552 29
424 566 28
424 572 3
424 576 33
424 590 1
425 434 26
425 442 25
425 447 17
425 465 7
425 530 4
425 543 41
425 551 33
425 569 46
425 577 50
426 452 23
426 470 34
426 474 10
426 479 8
426 548 13
426 561 19
426 577 41
426 586 22
426 587 4
426 593 6
426 597 37
427 435 39
427 444 22
427 470 7
427 488 18
427 503 29
427 536 37
427 555 46
427 575 6
428 445 39
428 446 29
428 467 6
428 510 17
428 531 5
428 549 24
428 567 23
428 588 8
429 462 16
429 477 5
429 485 6
429 494 16
429 520 29
429 527 39
429 529 25
429 548 38
429 560 3
429 561 46
429 581 28
429 590 25
429 597 49
430 435 35
430 438 11
430 486 37
430 495 6
430 505 19
430 514 7
430 516 34
430 519 5
430 528 2
430 545 40
430 548 45
430 551 30
430 586 47
431 438 13
431 448 35
431 460 23
431 501 35
431 595 44
432 447 38
432 448 41
432 472 49
432 494 3
432 495 21
432 506 40
432 516 30
432 520 8
432 541 42
432 544 27
432 547 37
432 585 18
432 592 25
433 491 21
433 519 30
433 544 14
433 548 27
433 577 50
433 583 20
433 587 10
434 449 6
434 464 21
434 468 1
434 482 1
434 486 3
434 508 50
434 543 15
434 547 39
434 557 22
434 582 50
435 489 34
435 490 9
435 509 42
435 575 33
435 577 14
436 440 13
436 447 24
436 463 45
436 532 22
436 541 15
436 565 21
436 569 9
436 587 35
437 445 47
437 475 29
437 487 14
437 546 10
437 551 5
437 562 14
437 589 31
437 598 17
438 456 19
438 460 4
438 461 19
438 520 21
438 531 6
438 567 18
438 573 36
438 576 46
438 578 41
438 581 37
438 590 29
439 469 50
439 477 30
439 489 13
439 494 15
439 514 44
439 535 36
439 575 9
439 580 16
440 468 3
440 496 31
440 504 24
440 525 37
440 559 27
440 562 2
441 464 50
441 470 37
441 519 9
441 532 15
441 537 19
441 582 27
441 584 36
441 590 22
441 598 47
442 443 6
442 498 27
442 516 17
442 529 43
442 545 24
442 561 7
442 577 29
442 586 3
443 456 8
443 474 9
443 480 15
443 521 22
443 523 4
443 524 3
443 526 32
443 533 19
443 549 5
443 584 12
443 599 44
444 459 41
444 479 41
444 525 48
444 549 42
444 551 29
444 558 6
444 574 7
444 575 47
445 446 34
445 456 42
445 482 19
445 501 30
445 533 49
445 543 47
445 560 46
445 572 42
445 592 21
446 480 3
446 523 22
446 538 25
446 565 12
446 570 30
446 578 41
446 591 34
447 487 34
447 495 43
447 547 17
447 582 4
448 455 47
448 456 29
448 477 48
448 507 39
448 513 19
448 518 45
448 548 31
448 552 47
448 565 2
448 577 39
448 578 43
448 586 35
448 599 32
449 525 13
449 559 16
450 455 32
450 457 10
450 481 12
450 532 23
450 570 30
450 590 16
450 598 45
451 464 4
451 497 27
451 552 26
451 561 44
451 565 12
451 576 11
451 578 39
452 464 29
452 466 15
452 477 35
452 481 7
452 500 14
452 510 24
452 514 27
452 536 8
452 573 6
453 457 25
453 468 11
453 519 46
453 542 19
453 555 45
453 574 29
454 470 32
454 483 10
454 491 10
454 508 41
454 514 23
454 580 35
454 597 22
455 457 38
455 498 29
455 502 25
455 561 17
455 584 6
455 588 20
456 483 28
456 506 17
456 538 8
456 581 6
456 598 33
457 460 45
457 475 14
457 486 46
457 488 20
457 490 40
457 567 5
457 570 27
458 469 14
458 483 15
458 594 22
459 471 35
459 474 11
459 496 2
459 507 16
459 542 22
459 579 11
459 587 6
459 588 45
460 482 45
460 492 27
460 506 34
460 523 25
461 468 3
461 475 50
461 494 31
461 514 24
461 527 28
461 546 47
461 548 34
462 496 33
462 536 29
462 598 28
463 514 49
463 525 26
463 542 47
463 545 38
463 547 30
463 550 23
463 551 4
463 559 44
464 489 46
464 494 38
464 512 4
464 516 47
464 527 3
464 546 27
464 553 9
465 468 10
465 536 21
465 586 6
465 590 38
466 477 5
466 485 30
466 545 42
466 563 6
466 566 10
467 468 15
467 472 33
467 505 8
467 508 48
467 520 18
467 529 38
467 547 25
467 572 16
467 578 13
468 545 23
468 576 5
468 580 44
468 585 47
468 597 8
468 598 39
469 472 44
469 500 47
469 509 42
469 530 42
469 559 49
469 569 21
469 578 3
469 579 10
470 474 41
470 482 8
470 496 47
470 503 47
470 508 37
470 516 38
470 548 3
470 564 49
470 589 5
470 596 37
471 500 8
471 526 4
471 529 4
471 535 46
471 536 31
472 489 21
472 499 10
472 515 3
472 565 26
472 567 4
472 575 2
473 530 35
473 536 42
473 587 45
474 591 32
475 497 36
475 499 39
475 518 32
475 530 6
475 544 41
475 569 42
475 581 48
476 481 48
476 505 40
476 549 45
476 558 36
476 563 30
477 486 49
477 534 34
477 581 36
477 585 35
477 590 44
478 483 39
478 484 41
478 498 39
478 515 19
478 526 13
478 556 50
478 560 22
478 569 38
478 598 5
479 493 25
479 522 25
479 539 49
479 540 19
479 551 8
479 559 34
479 567 9
479 593 39
480 489 41
480 521 49
480 551 32
480 569 40
481 551 46
481 562 24
482 484 34
482 494 32
482 525 3
482 544 32
482 545 17
482 554 38
482 561 19
482 572 12
482 592 26
483 487 9
483 497 2
483 538 47
483 545 21
483 548 2
483 550 18
483 557 11
483 569 6
483 574 44
483 581 37
483 597 4
484 495 14
484 534 44
484 541 39
484 568 23
484 576 32
485 491 31
486 529 21
486 566 16
486 568 21
486 579 19
486 597 39
487 528 6
487 554 2
487 571 41
487 578 40
487 581 20
487 593 30
488 513 8
488 517 32
488 531 7
489 493 18
489 498 33
489 514 3
489 536 40
489 548 34
489 579 22
490 494 50
490 497 42
490 509 15
490 547 38
490 578 47
490 594 29
491 525 31
491 534 38
491 560 1
491 563 15
491 564 18
491 570 21
491 574 30
492 531 40
492 556 41
492 559 18
492 585 46
492 591 42
493 512 10
493 526 35
493 554 12
493 555 39
493 565 42
493 579 43
494 507 47
494 542 11
494 551 25
494 560 50
494 569 50
494 574 11
495 497 21
495 512 2
495 514 4
495 515 38
495 521 39
495 552 2
495 573 16
495 579 20
495 584 39
495 590 18
496 513 34
496 556 9
496 559 40
497 524 13
497 527 48
497 534 31
497 539 32
497 540 45
497 577 22
498 500 41
498 516 29
498 529 33
498 549 29
498 573 22
498 593 27
499 509 25
499 511 32
499 536 4
499 539 26
499 561 34
499 580 14
499 587 49
499 596 35
500 506 19
500 554 36
501 525 23
501 566 20
501 594 1
502 549 44
503 507 11
503 541 18
503 547 27
503 580 19
503 599 7
504 543 41
504 547 18
504 556 37
504 566 22
504 595 13
505 536 11
505 539 12
505 542 43
505 544 45
505 557 42
505 563 15
505 575 22
506 535 19
506 554 48
506 581 25
506 588 44
507 516 31
507 558 40
507 574 42
507 591 17
508 509 8
508 546 27
508 550 40
509 550 29
509 563 29
509 568 33
509 576 39
510 523 48
510 525 12
510 549 7
510 555 5
510 577 2
510 588 27
511 526 43
511 537 24
511 542 39
511 549 5
511 563 37
511 581 31
512 517 50
512 547 29
512 557 47
512 560 23
512 588 47
512 592 47
513 545 47
513 565 42
513 591 29
514 528 38
514 575 36
514 577 46
515 551 47
515 553 12
515 559 37
515 577 25
515 598 43
516 520 21
516 545 14
516 592 40
517 530 32
517 592 20
517 596 46
518 539 36
518 575 46
518 577 41
518 585 11
518 586 36
518 587 47
519 562 47
520 525 19
520 536 46
520 540 25
520 561 17
520 568 18
520 570 23
520 577 13
520 596 16
521 527 17
521 561 44
521 579 5
521 589 2
522 530 39
522 546 1
522 549 15
523 535 27
523 542 26
523 544 7
523 557 47
523 567 39
523 574 49
523 576 31
523 580 10
523 588 44
524 539 18
524 578 6
525 593 36
526 539 28
526 560 43
526 562 33
526 565 24
526 576 11
526 589 30
526 595 1
527 543 28
527 545 50
527 568 23
528 530 42
528 539 15
528 545 39
528 551 35
529 562 22
529 567 42
529 592 25
530 584 22
530 587 7
531 559 1
531 563 47
531 578 13
531 580 50
532 563 35
532 578 11
532 589 32
532 597 47
532 599 7
533 589 49
533 591 4
534 549 44
534 552 26
534 561 46
534 591 26
534 597 1
535 538 7
535 556 8
535 595 1
536 537 36
536 553 7
536 592 26
537 562 27
537 576 23
537 581 16
537 582 12
538 546 44
538 547 8
538 558 38
539 589 16
539 599 14
540 575 39
540 577 14
541 570 26
541 583 38
542 569 1
542 571 39
542 595 21
543 545 47
543 547 47
543 552 19
543 584 50
544 551 40
544 593 46
545 556 45
545 575 18
545 589 46
546 551 3
547 554 25
547 561 47
547 578 38
547 593 31
548 552 22
548 565 17
548 566 5
549 557 37
549 580 30
550 567 49
550 587 46
550 595 17
551 570 14
551 579 9
551 596 7
553 569 27
554 574 37
554 596 46
555 575 27
555 587 27
555 588 16
555 589 25
556 560 23
558 570 34
558 589 24
558 595 14
559 598 29
560 581 19
560 584 33
561 570 25
561 592 23
563 585 9
563 595 23
565 599 13
566 582 39
566 583 44
567 594 31
568 577 44
568 584 32
568 585 10
568 591 44
569 586 30
569 591 28
570 571 7
572 597 38
573 575 35
577 592 35
577 597 24
578 591 30
578 595 14
579 587 2
579 593 48
586 592 38
586 596 24
587 594 31
587 595 14
590 594 40
594 595 12
600 299 78
601 599 16
600 601 94
602 625 12
602 649 22
602 658 25
602 687 5
602 692 12
602 749 3
602 755 14
602 759 4
602 818 24
602 822 3
602 831 1
602 833 17
602 885 5
603 617 19
603 618 24
603 641 14
603 675 6
603 686 3
603 714 9
603 716 10
603 742 20
603 756 15
603 764 6
603 789 6
603 814 25
603 836 9
603 838 8
603 839 11
603 843 23
603 874 24
603 885 16
603 892 11
604 628 23
604 709 15
604 713 15
604 720 11
604 723 20
604 757 3
604 768 16
604 793 18
604 807 8
604 808 16
604 819 11
604 829 12
604 837 12
604 838 9
604 839 2
604 856 19
605 627 12
605 682 10
605 683 4
605 691 8
605 757 1
605 783 9
605 823 13
605 825 1
605 892 20
606 619 23
606 666 13
606 681 17
606 696 23
606 716 4
606 722 2
606 726 22
606 765 20
606 772 17
606 847 9
606 869 14
606 876 21
606 879 25
606 882 8
606 890 5
606 899 17
607 612 20
607 618 16
607 688 3
607 704 6
607 707 17
607 712 22
607 750 17
607 836 4
607 872 2
607 891 1
607 900 4
608 613 12
608 622 15
608 639 6
608 647 6
608 653 12
608 672 21
608 714 22
608 749 12
608 756 1
608 805 1
608 824 8
608 891 20
609 622 19
609 632 19
609 641 11
609 651 14
609 681 18
609 744 20
609 755 19
609 801 11
609 821 15
609 835 11
609 873 14
610 612 20
610 618 5
610 625 12
610 644 13
610 653 8
610 657 15
610 699 15
610 727 13
610 732 1
610 746 4
610 759 21
610 809 7
610 810 18
610 841 16
610 843 5
610 873 6
611 632 16
611 665 5
611 671 13
611 679 12
611 696 23
611 730 8
611 748 22
611 759 14
611 771 25
611 783 19
611 785 9
611 787 13
611 790 8
611 792 19
611 812 3
611 871 4
612 648 25
612 701 14
612 741 18
612 752 9
612 757 5
612 812 7
612 821 22
612 827 5
612 829 10
612 834 19
612 849 11
612 858 4
612 867 11
612 875 18
612 888 9
612 895 3
613 656 22
613 680 24
613 734 14
613 745 22
613 776 6
613 780 13
613 794 12
613 795 8
613 804 6
613 808 20
613 820 20
613 835 15
613 873 15
613 880 22
613 886 20
613 896 15
613 898 12
614 621 12
614 625 23
614 663 16
614 669 18
614 713 21
614 722 22
614 771 4
614 787 16
614 803 8
614 805 10
614 852 1
614 858 2
614 887 18
614 893 3
614 894 23
615 617 18
615 646 19
615 723 21
615 772 1
615 790 6
615 859 7
615 872 8
615 878 13
616 660 1
616 666 4
616 677 2
616 700 16
616 703 2
616 716 21
616 743 7
616 749 15
616 776 7
616 783 6
616 795 5
616 815 1
616 821 4
616 833 1
616 840 4
616 844 19
616 866 10
616 876 13
617 630 22
617 637 11
617 638 8
617 644 1
617 647 11
617 648 2
617 663 19
617 672 6
617 767 2
617 813 24
617 889 15
618 638 11
618 651 11
618 667 15
618 672 14
618 692 14
618 707 7
618 714 15
618 787 11
618 802 15
618 860 6
618 862 19
619 621 21
619 670 10
619 676 19
619 679 1
619 727 13
619 764 25
619 772 21
619 773 24
619 800 14
619 856 17
619 886 12
619 898 23
620 650 18
620 717 24
620 731 25
620 758 13
620 839 6
620 856 1
620 892 12
620 893 20
620 897 12
621 663 24
621 669 12
621 674 2
621 682 15
621 690 18
621 697 19
621 717 25
621 771 10
621 776 24
621 811 21
621 824 5
621 829 11
621 860 14
621 861 7
621 878 23
621 892 15
622 697 2
622 718 23
622 737 6
622 771 21
622 787 11
622 834 3
622 839 15
622 847 9
622 867 2
622 877 2
622 884 15
622 885 5
622 889 15
623 650 9
623 704 16
623 741 14
623 750 20
623 764 17
623 779 5
623 793 15
623 809 12
623 817 6
623 822 24
623 830 11
623 849 1
623 856 5
623 879 21
624 628 17
624 637 11
624 661 20
624 670 6
624 672 14
624 710 19
624 713 11
624 722 9
624 737 5
624 757 14
624 815 23
624 823 13
625 626 17
625 630 25
625 635 4
625 636 21
625 697 14
625 710 13
625 714 13
625 761 4
625 783 9
625 802 7
625 874 8
625 896 23
626 644 18
626 665 14
626 667 23
626 671 3
626 695 16
626 697 4
626 738 25
626 772 7
626 837 14
626 853 21
626 855 15
626 863 3
627 639 15
627 653 2
627 668 13
627 725 21
627 730 17
627 770 11
627 786 10
627 808 9
627 809 12
627 842 14
627 868 4
627 870 2
628 642 1
628 645 19
628 655 6
628 662 11
628 709 25
628 797 15
628 834 11
628 848 17
628 858 5
628 873 8
628 886 22
628 895 21
628 899 12
629 672 23
629 679 4
629 701 2
629 710 19
629 712 18
629 713 6
629 719 10
629 743 20
629 744 19
629 758 7
629 760 11
629 772 6
629 774 16
629 783 21
629 816 17
629 843 4
629 862 25
630 639 20
630 645 6
630 671 18
630 675 25
630 710 17
630 724 19
630 731 17
630 749 2
630 833 10
630 864 23
631 632 11
631 633 8
631 639 18
631 673 22
631 682 6
631 712 22
631 714 1
631 715 1
631 718 16
631 721 6
631 731 10
631 733 12
631 755 1
631 759 18
631 763 23
631 770 6
631 792 8
631 846 18
631 850 24
631 853 12
631 855 19
631 901 19
632 668 19
632 669 13
632 774 20
632 788 10
632 832 6
632 843 11
632 854 13
632 872 18
632 888 9
632 893 24
633 647 25
633 648 3
633 650 22
633 661 5
633 664 1
633 685 24
633 762 7
633 774 19
633 781 5
633 787 18
633 790 5
633 841 5
633 851 10
633 862 2
633 866 13
633 900 18
634 640 22
634 666 11
634 687 6
634 714 17
634 754 6
634 758 24
634 776 5
634 780 1
634 790 11
634 804 12
634 870 13
634 885 23
635 655 6
635 672 23
635 685 23
635 704 6
635 714 3
635 760 22
635 773 12
635 777 3
635 784 20
635 798 19
635 805 23
635 807 24
635 813 11
635 818 3
635 824 6
635 830 23
635 836 6
635 882 18
635 888 15
635 891 2
635 901 5
636 677 22
636 678 21
636 682 11
636 705 20
636 712 2
636 762 11
636 768 5
636 772 13
636 790 25
636 797 5
636 799 21
636 812 23
636 834 4
636 860 1
637 656 25
637 659 25
637 670 14
637 688 4
637 752 20
637 758 9
637 773 2
637 811 20
637 820 22
637 825 4
637 880 2
637 886 19
637 890 9
637 894 21
638 648 8
638 674 13
638 692 1
638 706 4
638 716 8
638 761 13
638 774 25
638 787 11
638 793 23
638 835 7
639 677 25
639 685 24
639 691 13
639 719 20
639 734 21
639 739 16
639 740 20
639 743 22
639 757 16
639 783 11
639 789 1
639 801 12
639 821 19
639 827 4
639 859 6
639 860 15
639 861 7
639 865 8
640 689 8
640 706 17
640 707 3
640 708 17
640 719 6
640 726 5
640 759 22
640 789 15
640 812 17
640 819 24
640 892 25
641 643 16
641 669 7
641 698 25
641 702 15
641 725 19
641 727 19
641 782 12
641 783 9
641 835 16
641 851 9
641 871 1
641 873 3
642 647 11
642 649 12
642 677 21
642 686 14
642 691 18
642 714 13
642 732 22
642 748 2
642 765 22
642 769 13
642 770 6
642 801 16
642 870 21
642 884 11
642 887 14
643 653 10
643 664 4
643 683 12
643 709 12
643 727 20
643 786 18
643 806 11
643 811 11
643 823 13
643 860 6
643 869 22
643 894 22
644 653 23
644 667 7
644 671 22
644 687 25
644 709 17
644 743 11
644 768 23
644 784 5
644 805 5
644 813 12
644 819 1
644 872 6
645 676 8
645 702 16
645 751 13
645 757 25
645 785 11
645 827 23
645 841 14
645 842 22
645 853 2
645 858 2
645 877 8
645 882 23
645 891 22
645 896 20
646 660 8
646 661 9
646 663 3
646 668 4
646 671 5
646 697 2
646 699 11
646 717 4
646 732 2
646 756 4
646 793 14
646 798 1
646 831 9
646 850 18
646 875 12
646 878 11
647 659 25
647 664 19
647 680 3
647 689 12
647 691 19
647 695 15
647 742 12
647 751 9
647 770 12
647 785 15
647 802 10
647 813 21
647 815 12
647 843 6
647 894 18
648 657 19
648 708 15
648 710 20
648 712 24
648 741 21
648 767 21
648 782 11
648 819 1
648 828 24
648 843 15
648 844 16
648 898 24
649 650 25
649 689 8
649 720 10
649 745 10
649 769 9
649 810 6
649 821 15
649 844 23
649 889 1
649 895 4
650 658 9
650 674 9
650 699 15
650 719 23
650 736 20
650 754 11
650 761 11
650 775 1
650 859 5
650 900 6
651 654 17
651 678 24
651 718 4
651 753 14
651 766 21
651 782 15
651 860 15
651 867 20
651 873 4
651 875 5
651 884 20
651 887 3
651 891 15
651 898 5
652 682 14
652 683 23
652 720 12
652 724 3
652 730 20
652 756 14
652 761 7
652 764 5
652 765 24
652 808 23
652 855 4
652 857 18
652 858 10
652 871 14
652 883 20
652 897 14
652 898 19
653 698 13
653 714 12
653 723 25
653 742 2
653 850 10
653 851 14
653 856 16
653 872 4
653 881 19
654 703 20
654 713 23
654 727 23
654 817 9
654 836 4
654 852 11
654 881 9
655 656 17
655 676 16
655 702 5
655 708 5
655 716 24
655 720 12
655 725 5
655 730 21
655 738 15
655 745 25
655 747 6
655 760 6
655 767 19
655 778 19
655 785 1
655 813 9
655 818 8
655 842 25
655 890 10
655 892 17
655 895 13
656 662 25
656 707 22
656 717 8
656 730 21
656 743 19
656 756 5
656 780 7
656 801 25
656 827 18
656 870 17
656 882 18
656 901 8
657 714 23
657 722 23
657 752 8
657 769 9
657 775 4
657 809 3
657 816 1
657 847 3
657 860 10
657 879 6
658 670 22
658 673 6
658 706 6
658 742 7
658 793 13
658 796 6
658 797 16
658 824 6
658 830 20
658 839 17
658 862 2
658 866 3
659 708 14
659 750 22
659 752 9
659 757 20
659 763 23
659 845 3
659 852 13
659 888 16
660 685 10
660 735 11
660 753 15
660 759 19
660 760 19
660 766 18
660 768 22
660 774 21
660 851 21
660 856 6
660 867 1
660 887 19
660 895 11
660 900 9
661 714 25
661 715 25
661 746 16
661 765 15
661 851 5
661 857 10
661 882 8
662 694 8
662 707 14
662 710 21
662 728 7
662 732 25
662 749 18
662 778 4
662 786 2
662 788 7
662 790 19
662 820 14
662 825 17
662 869 8
662 878 7
662 898 13
663 673 3
663 709 3
663 723 8
663 725 23
663 756 11
663 790 11
663 803 16
663 807 21
663 822 19
663 828 15
663 847 23
663 857 9
663 859 6
663 861 4
663 865 20
663 872 15
664 665 12
664 678 9
664 680 10
664 704 18
664 706 8
664 725 4
664 726 23
664 730 9
664 745 11
664 756 19
664 760 24
664 763 4
664 773 3
664 808 6
664 846 16
664 850 5
664 867 8
664 870 1
664 874 2
665 681 20
665 773 11
665 828 19
665 856 18
665 874 6
665 877 10
665 887 15
666 692 14
666 708 15
666 722 18
666 727 10
666 741 6
666 750 6
666 753 18
666 776 16
666 780 25
666 823 2
666 833 21
666 855 23
666 865 13
666 870 8
666 881 18
666 882 11
667 673 12
667 681 20
667 690 16
667 695 4
667 702 25
667 737 1
667 743 4
667 747 1
667 771 22
667 788 16
667 829 20
667 868 14
667 870 21
667 901 6
668 685 3
668 704 11
668 751 21
668 769 23
668 786 21
668 801 1
668 879 3
668 889 15
669 734 18
669 754 5
669 792 19
669 804 16
669 806 4
669 822 6
669 830 23
669 868 21
669 873 18
669 878 9
670 675 15
670 720 11
670 725 13
670 740 14
670 751 13
670 758 18
670 766 17
670 769 9
670 779 9
670 807 13
670 816 23
670 818 6
670 820 18
670 843 2
670 857 19
670 862 15
671 691 1
671 701 16
671 721 18
671 723 6
671 775 5
671 790 12
671 799 10
671 821 23
671 841 2
671 842 13
671 858 5
671 863 25
671 865 10
671 884 25
671 890 10
672 706 24
672 754 12
672 770 24
672 774 15
672 782 24
672 838 17
672 885 8
672 888 9
673 678 2
673 726 22
673 740 6
673 755 9
673 780 14
673 784 10
673 791 4
673 815 6
673 837 10
673 841 19
673 868 25
673 869 15
673 871 1
673 879 11
674 676 1
674 680 25
674 714 15
674 718 15
674 723 5
674 737 16
674 751 24
674 754 6
674 763 25
674 768 23
674 774 17
674 790 1
674 799 14
674 803 15
674 807 19
674 841 23
674 875 23
674 890 20
674 900 19
675 688 6
675 696 5
675 697 9
675 705 17
675 707 9
675 716 14
675 718 1
675 748 2
675 797 13
675 810 18
675 853 2
675 856 1
675 866 18
675 867 2
675 874 15
675 900 8
676 700 8
676 723 5
676 735 6
676 777 15
676 791 6
676 792 5
676 801 6
676 837 6
676 855 20
677 715 22
677 731 24
677 746 17
677 766 21
677 788 20
677 799 10
677 808 1
677 824 25
677 837 19
677 841 17
678 703 8
678 721 9
678 753 20
678 754 11
678 777 22
678 786 12
678 854 15
678 872 24
678 901 4
679 683 18
679 689 13
679 691 13
679 692 25
679 704 17
679 728 21
679 731 14
679 732 22
679 738 25
679 742 21
679 757 3
679 836 20
679 860 17
680 697 3
680 708 13
680 726 12
680 749 23
680 757 23
680 771 15
680 805 22
680 806 18
680 809 6
680 866 6
680 889 1
681 685 2
681 696 16
681 710 24
681 727 13
681 733 7
681 793 22
681 849 19
681 850 24
681 866 9
681 892 6
682 697 23
682 710 2
682 712 1
682 718 13
682 744 1
682 758 3
682 814 8
682 815 3
682 819 24
682 841 24
682 843 5
682 850 11
682 853 13
682 865 4
683 727 10
683 741 2
683 756 25
683 773 2
683 812 7
683 825 7
683 854 5
683 857 11
684 716 25
684 717 3
684 720 23
684 724 6
684 764 25
684 766 16
684 777 5
684 799 10
684 807 24
684 867 4
685 692 14
685 698 1
685 700 17
685 714 14
685 718 3
685 720 1
685 779 18
686 702 3
686 718 2
686 723 24
686 737 14
686 774 14
686 790 3
686 797 23
686 802 15
686 806 2
686 832 2
686 835 23
686 838 11
686 842 6
686 876 8
687 757 10
687 794 10
687 808 8
687 814 15
687 830 11
687 850 25
688 694 21
688 698 21
688 702 23
688 711 25
688 713 11
688 734 1
688 740 18
688 741 24
688 762 5
688 810 18
688 812 16
688 813 8
689 703 19
689 719 14
689 747 23
689 777 9
689 795 16
689 809 22
689 826 25
689 829 20
689 831 23
689 837 23
689 865 5
689 887 5
690 691 7
690 692 14
690 702 15
690 737 14
690 753 5
690 766 25
690 801 14
690 802 1
690 826 22
690 838 13
690 859 25
690 865 7
690 872 13
690 880 19
690 885 5
690 898 20
691 728 11
691 743 22
691 746 2
691 845 7
691 857 11
691 874 24
691 884 17
691 892 1
691 895 20
692 695 17
692 696 22
692 734 20
692 743 14
692 751 3
692 759 24
692 769 22
692 774 18
692 802 13
692 823 13
692 836 23
692 839 15
692 844 3
692 863 23
692 872 11
692 888 15
693 713 24
693 717 18
693 749 5
693 777 17
693 818 24
693 829 24
693 832 4
693 837 21
693 878 2
693 881 12
693 900 8
694 709 25
694 735 4
694 739 8
694 753 21
694 754 20
694 795 7
694 796 15
694 822 10
694 828 9
694 850 14
694 852 6
694 854 2
694 857 3
695 718 18
695 720 1
695 729 17
695 770 20
695 784 25
695 794 3
695 808 12
695 818 25
695 821 22
695 851 18
695 857 16
695 867 22
695 869 18
695 875 21
695 879 17
695 881 19
696 821 8
696 844 24
696 846 20
696 864 11
696 865 9
697 711 15
697 718 7
697 757 17
697 762 5
697 766 16
697 771 2
697 777 20
697 787 23
697 808 3
697 811 22
697 831 18
698 766 5
698 789 14
698 794 14
698 803 4
698 814 18
698 884 25
698 888 3
698 890 14
698 897 19
699 726 20
699 788 12
699 807 11
699 832 16
699 834 6
699 847 6
699 856 25
699 874 6
699 887 2
699 901 12
700 722 14
700 724 19
700 734 18
700 767 7
700 772 25
700 773 10
700 777 9
700 821 19
700 844 7
700 880 13
701 724 17
701 726 24
701 734 18
701 744 5
701 852 13
701 853 21
701 867 24
701 886 14
702 706 24
702 716 12
702 721 8
702 728 20
702 799 1
702 802 20
702 818 12
702 834 6
702 863 3
702 875 11
703 740 11
703 741 4
703 761 24
703 791 2
703 792 22
703 805 18
703 808 8
703 809 21
703 811 2
703 819 16
703 821 16
703 849 9
703 894 6
704 741 8
704 756 9
704 762 23
704 776 12
704 781 21
704 796 18
704 798 11
704 825 10
704 827 18
704 831 24
704 871 19
705 723 15
705 727 1
705 728 15
705 732 1
705 769 6
705 781 17
705 784 14
705 796 17
705 816 23
705 825 12
705 853 18
705 871 19
705 879 5
705 887 2
705 896 17
706 724 6
706 725 20
706 739 7
706 743 16
706 756 25
706 776 14
706 788 25
706 849 22
706 850 3
706 853 22
707 711 16
707 717 15
707 742 6
707 762 11
707 767 15
707 777 1
707 790 2
707 854 16
707 874 16
707 876 2
708 747 23
708 756 9
708 824 15
708 857 14
708 862 6
708 876 4
708 895 8
708 901 25
709 725 8
709 747 12
709 775 18
709 799 15
709 809 6
709 846 1
709 853 8
709 867 5
709 886 17
709 888 7
709 895 3
709 899 21
710 712 3
710 745 20
710 749 10
710 769 11
710 795 7
710 818 1
710 825 11
710 840 8
710 850 18
710 874 3
711 716 10
711 724 16
711 731 12
711 734 1
711 743 6
711 748 17
711 751 4
711 752 16
711 759 18
711 791 13
711 803 2
711 887 10
712 727 5
712 767 9
712 773 13
712 795 12
712 803 13
712 811 4
712 817 20
712 839 17
712 851 24
712 895 24
712 896 11
712 897 10
712 898 9
712 900 20
713 755 12
713 766 22
713 769 2
713 823 5
713 826 24
713 850 13
713 851 22
713 855 12
713 872 14
713 880 4
713 890 4
713 895 19
713 901 21
714 755 23
714 757 9
714 761 22
714 796 10
714 815 15
714 828 5
714 831 22
714 844 3
714 872 19
714 879 25
714 888 22
715 716 12
715 732 25
715 736 20
715 766 25
715 790 9
715 800 6
715 821 19
715 824 20
715 826 2
715 829 22
715 832 1
715 849 2
715 850 10
715 863 22
715 876 14
716 756 25
716 819 3
716 830 19
716 841 20
716 871 23
716 877 18
717 722 5
717 772 22
717 798 2
717 819 19
717 841 3
717 851 25
717 890 21
717 896 24
718 719 24
718 727 19
718 762 10
718 763 25
718 793 14
718 804 9
718 828 10
718 845 19
718 870 4
718 892 5
718 901 22
719 738 1
719 742 7
719 748 25
719 760 10
719 794 6
719 797 13
719 805 11
719 859 8
719 874 8
719 886 5
720 736 7
720 768 1
720 809 12
720 837 3
720 855 4
720 901 5
721 728 6
721 738 4
721 740 3
721 764 4
721 769 4
721 811 21
721 813 15
721 825 4
721 856 9
721 880 1
722 736 13
722 748 4
722 755 4
722 777 19
722 779 2
722 788 4
722 792 1
722 814 2
722 852 15
722 862 6
722 871 16
722 876 2
722 893 13
723 724 24
723 784 9
723 795 19
723 820 1
723 827 20
723 843 24
723 868 4
723 871 1
724 725 4
724 756 7
724 787 3
724 789 9
724 798 11
724 803 24
724 813 25
724 822 14
724 824 9
724 825 25
724 849 3
725 726 15
725 759 4
725 768 22
725 862 16
725 865 9
725 899 22
726 736 19
726 754 1
726 763 4
726 776 10
726 782 2
726 799 18
726 801 8
726 858 12
726 878 13
726 889 10
727 758 6
727 787 11
727 811 13
727 820 7
727 829 16
727 865 20
727 876 9
727 885 1
727 901 7
728 729 9
728 743 1
728 755 22
728 757 20
728 763 25
728 766 24
728 771 9
728 789 3
728 794 22
728 799 1
728 825 14
728 827 20
728 834 20
728 844 14
728 878 23
728 899 4
729 793 17
729 810 15
729 826 13
729 831 4
729 832 3
729 854 22
729 885 11
730 751 15
730 820 11
730 845 17
731 737 6
731 742 7
731 765 3
731 779 8
731 825 13
731 830 11
731 853 8
731 860 9
731 865 5
731 898 8
731 899 10
732 734 15
732 797 12
732 843 6
732 857 16
732 870 2
732 894 1
733 763 10
733 781 17
733 792 23
733 796 15
733 864 9
733 886 15
733 887 2
734 752 14
734 762 19
734 763 25
734 765 24
734 785 10
734 861 10
734 898 16
735 762 17
735 814 19
735 825 20
735 834 25
735 837 6
735 882 7
736 749 7
736 756 17
736 774 14
736 779 16
736 788 1
736 791 3
736 818 5
736 837 8
736 868 18
737 746 8
737 768 8
737 775 4
737 786 25
737 817 8
737 863 20
737 868 8
737 878 24
738 741 23
738 750 21
738 757 17
738 761 22
738 781 19
738 782 1
738 821 9
738 857 11
739 772 18
739 816 2
739 856 5
739 867 19
739 885 9
739 901 12
740 820 2
740 822 25
740 838 25
740 860 20
740 891 2
741 743 4
741 749 1
741 757 10
741 767 24
741 782 8
741 800 19
741 806 4
741 840 7
741 845 1
741 861 24
741 865 16
742 772 1
742 787 21
742 808 13
742 822 17
742 828 20
742 845 7
742 888 20
743 777 3
743 813 19
743 817 14
743 833 6
743 850 1
743 854 7
743 881 14
743 888 14
744 787 10
744 859 16
744 869 15
744 881 4
744 896 19
745 746 18
745 757 4
745 758 5
745 821 18
745 841 12
745 870 24
745 882 22
745 898 18
746 758 1
746 763 20
746 788 11
746 814 2
746 821 15
746 826 23
746 864 20
746 899 9
747 778 6
747 796 16
747 803 13
747 804 25
747 805 4
747 843 20
747 850 2
747 859 12
747 861 11
748 750 15
748 764 22
748 768 1
748 856 4
748 895 25
748 898 21
749 786 23
749 788 6
749 811 1
749 848 16
749 859 17
749 875 1
749 878 12
749 882 11
749 891 1
750 752 8
750 762 21
750 773 4
750 775 22
750 776 19
750 806 24
750 827 8
750 870 1
751 823 14
751 849 22
751 889 25
751 899 20
752 782 17
752 788 1
752 793 6
752 799 2
752 802 17
752 832 4
752 857 4
753 761 20
753 775 6
753 777 24
753 786 20
753 839 11
754 776 1
754 781 10
754 793 4
754 798 1
754 800 23
754 826 14
754 828 4
754 895 5
755 767 12
755 769 7
755 807 3
755 833 7
755 852 7
755 853 10
755 885 7
755 888 23
756 779 9
756 790 9
756 800 17
756 811 25
756 830 11
756 884 24
757 764 3
757 812 3
757 828 3
757 839 6
757 853 24
757 888 10
757 892 6
757 896 18
757 901 20
758 761 9
758 780 2
758 854 23
758 857 9
758 867 1
758 892 13
759 790 14
759 807 5
759 826 24
759 844 23
759 879 8
760 762 7
760 782 6
760 796 19
760 803 14
760 856 3
760 865 2
760 879 22
761 771 21
761 786 1
761 788 7
761 800 20
761 837 5
761 840 11
761 857 24
761 901 10
762 764 10
762 781 8
762 793 18
762 812 2
763 793 4
763 801 1
763 817 6
763 823 1
763 838 11
763 860 6
763 894 13
764 767 25
764 770 11
764 797 14
764 833 22
764 847 18
764 870 20
764 877 2
764 886 13
764 890 10
765 834 7
765 858 15
765 889 8
766 767 2
766 770 17
766 820 15
766 842 23
766 848 22
766 855 2
766 868 21
766 870 8
767 771 11
767 845 5
767 852 25
767 857 15
767 861 8
767 863 2
767 864 20
767 867 10
767 889 13
767 892 2
768 783 25
768 875 12
768 889 14
769 806 13
769 831 10
769 840 8
769 850 9
769 865 13
769 889 21
770 788 19
770 817 21
770 820 10
770 861 1
770 872 23
770 876 1
770 891 17
771 800 20
771 801 24
771 814 19
771 841 18
771 863 7
771 869 6
771 878 22
771 886 8
772 793 20
772 815 7
772 840 10
772 856 16
772 876 16
773 828 24
773 835 18
773 845 15
773 850 12
773 885 6
773 896 4
774 805 23
774 837 14
774 860 13
775 818 10
775 819 9
775 826 8
775 831 8
775 883 20
775 890 10
775 892 5
776 810 22
776 836 2
776 855 1
776 884 21
777 779 22
777 788 18
777 811 4
777 813 2
777 847 17
777 852 13
777 882 24
777 884 23
777 896 24
778 794 14
778 797 15
778 821 22
778 827 8
778 831 5
778 866 8
778 880 14
778 892 10
779 802 5
779 814 4
779 834 24
779 871 17
779 884 14
780 817 6
780 832 24
780 851 8
780 871 18
781 811 5
781 823 4
781 838 19
781 843 5
781 884 1
782 790 17
782 804 25
782 805 4
782 834 20
782 895 18
783 815 19
783 839 18
783 867 15
783 885 17
784 797 7
784 838 4
784 844 16
784 890 16
785 810 10
785 834 25
785 840 4
785 853 20
785 893 7
785 900 9
786 813 20
786 818 23
786 830 22
787 834 3
787 848 23
787 868 4
787 876 20
788 801 4
788 811 10
788 838 15
788 893 10
789 848 10
789 879 6
789 884 11
790 826 16
790 867 25
790 880 3
790 882 9
790 883 18
790 889 17
790 893 2
790 894 1
791 795 23
791 808 17
791 810 16
791 828 7
792 802 17
792 812 22
792 815 3
792 840 23
792 843 5
792 894 25
793 803 22
793 812 2
793 826 2
793 840 21
793 872 7
793 891 21
794 800 24
794 804 18
794 806 10
794 828 10
794 833 3
794 851 15
794 864 21
794 874 20
794 886 16
795 797 23
795 816 5
795 837 8
795 844 17
795 848 6
795 877 10
796 799 14
796 802 23
796 803 3
796 856 22
796 867 16
796 892 24
796 895 2
796 900 15
797 802 5
797 820 1
797 864 11
797 895 6
797 899 2
798 842 8
798 859 15
799 830 24
799 860 8
799 872 7
799 900 8
800 864 17
800 894 11
801 807 24
801 809 14
801 822 5
801 829 14
801 837 12
802 856 9
802 867 24
802 874 5
802 879 15
802 886 10
802 890 20
803 810 14
803 834 12
803 836 18
804 812 6
804 817 12
805 808 21
805 813 20
805 824 17
805 830 21
805 853 7
805 893 24
806 813 24
806 858 16
806 867 13
807 826 24
807 868 23
807 881 22
807 894 6
807 899 16
808 813 7
808 852 6
809 861 5
810 811 14
810 834 22
810 839 18
810 860 22
810 869 22
810 873 24
810 881 13
810 886 6
811 867 18
811 874 3
811 879 20
811 880 10
811 886 10
812 823 6
812 839 8
812 849 6
812 871 22
812 878 3
813 824 14
813 833 21
813 850 4
813 852 4
813 870 10
813 878 2
813 889 3
813 890 8
814 821 10
814 835 19
814 869 15
814 886 17
815 842 25
815 848 5
815 895 13
815 898 19
816 863 3
816 866 9
817 831 17
817 835 18
817 859 17
817 896 11
818 864 20
818 878 11
818 883 22
818 895 7
819 822 16
819 850 4
819 900 12
820 832 15
820 860 9
820 864 1
820 889 10
820 895 12
821 829 4
821 831 21
821 833 15
821 837 7
821 840 4
821 847 1
821 849 2
821 875 20
821 892 18
822 875 1
822 893 24
822 897 7
822 898 21
823 834 1
823 856 18
823 883 12
823 887 18
824 900 11
825 826 22
825 830 15
825 866 21
825 875 18
826 837 21
826 853 13
826 858 22
827 835 7
827 855 4
827 859 5
827 900 9
828 848 13
829 880 18
829 887 13
830 842 11
830 855 9
830 861 21
831 845 14
831 852 10
831 868 24
832 835 10
832 836 4
832 841 1
832 843 8
832 851 12
832 857 21
832 859 10
832 875 6
833 838 9
833 889 5
833 892 16
834 867 5
834 868 21
834 871 13
834 877 24
835 837 18
835 851 3
835 871 22
835 898 1
836 860 6
836 880 3
837 856 10
837 881 21
838 876 22
838 884 22
838 885 6
838 887 6
838 896 19
839 848 21
839 862 17
839 889 17
839 893 7
839 899 22
840 843 17
840 847 16
840 861 10
840 899 12
841 848 2
841 856 16
842 864 22
842 868 6
842 876 8
842 878 1
843 846 3
844 886 23
845 869 1
845 897 20
846 900 25
847 862 25
847 870 21
847 890 7
848 866 2
848 870 5
848 876 4
848 879 24
848 900 3
849 850 9
849 860 6
849 896 23
850 871 6
850 874 22
850 901 14
851 863 14
852 861 20
853 871 7
853 872 4
853 878 4
853 881 20
853 891 6
854 866 19
855 861 16
855 871 13
856 859 4
856 860 18
856 869 16
856 894 1
857 862 18
857 901 10
858 876 2
859 897 19
860 892 7
860 896 10
861 862 21
863 875 11
864 899 14
866 887 21
867 895 15
868 892 24
868 897 3
868 898 12
869 874 5
871 875 24
871 896 2
872 873 20
873 888 20
874 901 10
875 884 24
876 880 23
876 888 4
876 894 4
878 897 19
878 900 19
878 901 16
880 900 24
882 887 13
882 896 8
883 889 24
884 887 8
884 891 18
885 895 2
885 896 1
887 894 1
887 901 11
888 896 23
888 899 12
889 895 24
890 893 18
902 601 93
903 901 25
902 903 22
