904 6735
11 99 8 92 99 74 11 45 83 26 50 60 75 24 50 38 51 6 93 43 94 71 66 74 78 53 82 3 22 55 97 84 53 4 75 4 29 37 48 11 15 50 22 89 25 23 78 28 28 70 22 74 93 88 47 70 92 80 72 13 34 21 48 39 24 75 42 53 11 41 15 77 42 37 66 67 59 95 94 39 65 67 12 9 54 10 78 46 90 1 10 75 21 58 13 45 84 54 49 94 47 63 71 88 51 88 54 62 82 99 100 98 66 63 6 71 24 35 68 13 36 30 88 8 39 100 4 22 6 52 15 52 67 37 91 17 24 45 78 58 95 29 55 12 91 13 35 15 47 2 79 82 31 18 42 69 70 45 90 75 97 57 78 63 93 68 31 69 64 9 26 11 89 32 22 80 44 8 46 91 10 76 24 92 94 65 61 15 10 2 89 58 58 18 72 3 85 2 71 49 62 48 11 51 79 84 82 23 92 27 13 1 54 88 44 99 53 4 13 14 58 53 71 67 70 94 69 7 95 91 7 57 38 17 7 69 100 88 91 43 66 55 43 71 94 87 70 46 42 34 11 51 39 81 18 8 74 38 66 21 29 72 77 18 40 35 86 40 74 28 82 91 34 77 61 28 15 82 25 8 68 36 59 6 68 76 65 94 13 31 14 93 2 42 63 42 76 100 33 1 70 36 15 75 35 7 67 31 9 14 42 93 80 39 37 2 47 77 89 41 50 28 71 57 4 3 97 85 80 16 6 49 4 72 76 90 79 42 20 39 7 62 83 38 52 19 40 99 95 28 39 44 7 61 53 11 64 1 95 95 16 53 43 71 24 18 61 54 11 80 92 18 93 75 55 45 45 94 95 40 74 33 35 80 45 87 42 60 39 37 54 7 41 49 77 16 18 37 70 29 69 61 46 61 87 100 57 32 94 51 23 19 35 57 98 32 96 40 91 34 28 45 40 20 45 69 35 62 5 4 90 25 17 35 38 55 87 94 86 32 97 60 50 83 69 99 14 64 38 57 49 17 53 89 36 97 9 71 58 13 26 48 90 94 34 27 49 20 72 86 51 20 46 52 3 14 51 68 29 40 24 77 57 28 17 44 24 25 66 34 90 44 33 79 37 66 57 85 38 28 23 40 100 68 92 2 33 94 21 61 33 97 89 41 24 6 37 100 82 2 33 71 45 65 1 34 82 57 18 19 37 40 59 36 59 2 89 91 95 9 3 79 57 92 72 33 49 8 32 30 61 16 1 58 32 1 91 13 10 60 84 98 52 42 33 10 95 73 53 89 33 7 19 90 98 90 22 46 49 5 28 62 72 28 19 3 80 61 67 41 20 50 38 71 43 70 33 37 94 37 84 87 34 93 4 45 44 48 37 41 63 26 9 74 95 75 28 51 15 89 96 58 50 94 37 99 58 91 77 23 57 63 59 90 7 62 86 51 61 75 91 23 100 51 48 46 26 76 97 40 64 92 49 66 85 85 64 94 76 93 16 84 55 26 73 61 39 10 63 99 84 6 22 35 56 21 81 81 48 29 73 64 20 73 29 56 58 44 49 85 36 17 68 42 42 92 3 33 1 17 31 37 22 4 71 78 25 3 58 72 31 82 87 50 55 15 57 64 11 58 48 46 74 67 88 67 58 42 99 10 58 82 46 80 37 17 57 61 19 66 85 2 100 71 3 54 38 60 17 48 69 16 45 94 82 84 60 91 25 11 100 35 44 98 66 80 66 74 93 36 39 29 37 38 51 40 43 88 99 11 87 67 26 32 12 59 15 23 1 92 33 53 26 28 50 91 60 15 64 52 50 54 80 87 44 30 26 38 70 76 49 56 94 26 39 5 37 54 27 37 97 12 89 22 39 38 64 50 4 79 1 54 84 32 92 27 14 69 17 83 44 65 90 37 90 29 93 78 34 19 15 30 82 55 3 73 45 66 22 48 96 23 53 79 6 96 58 19 64 74 53 7 38 95 95 79 23 39 57 8 10 23 37 91 77 91 63 21 8 85 21 3 59 73 81 64 69 90 35 32 63 87 36 87
0 19 28
0 32 16
0 46 41
0 47 13
0 53 44
0 68 3
0 80 40
0 121 8
0 153 35
0 188 17
0 204 18
0 215 2
0 239 2
0 267 26
0 287 7
0 292 19
1 21 3
1 34 21
1 67 12
1 71 17
1 72 3
1 103 25
1 115 10
1 150 5
1 152 18
1 167 22
1 185 48
1 227 45
1 235 23
1 271 32
2 30 45
2 33 50
2 78 47
2 86 37
2 95 15
2 103 41
2 117 40
2 161 6
2 169 50
2 182 24
2 186 22
2 188 19
2 194 27
2 238 23
2 264 44
2 272 33
2 280 44
2 299 48
3 6 5
3 8 5
3 22 15
3 47 8
3 64 32
3 77 26
3 118 14
3 127 49
3 145 49
3 213 13
3 227 44
3 241 21
3 258 44
3 272 40
3 284 23
4 6 42
4 33 27
4 57 37
4 62 34
4 69 16
4 72 42
4 79 36
4 90 41
4 93 14
4 106 4
4 118 17
4 137 38
4 159 50
4 163 49
4 175 31
4 199 47
4 215 5
4 245 38
4 255 13
5 6 14
5 15 19
5 27 40
5 77 27
5 110 19
5 135 40
5 137 39
5 180 14
5 198 11
5 230 34
5 241 4
5 269 35
6 35 26
6 88 32
6 107 23
6 118 11
6 126 47
6 143 16
6 157 46
6 205 37
6 214 31
6 227 50
6 271 5
6 288 19
7 16 49
7 69 5
7 77 1
7 92 45
7 105 9
7 112 38
7 124 10
7 129 23
7 156 8
7 173 49
7 233 1
7 254 29
7 257 39
7 299 42
8 12 42
8 46 1
8 57 25
8 116 47
8 121 35
8 188 2
8 189 28
8 208 9
8 251 13
8 259 26
8 268 24
8 292 8
9 47 14
9 51 5
9 106 7
9 108 18
9 163 23
9 164 7
9 181 22
9 202 25
9 204 4
9 224 33
9 228 13
9 259 13
9 267 7
9 277 22
9 283 11
9 289 7
10 14 50
10 29 1
10 36 48
10 70 42
10 75 1
10 94 25
10 114 40
10 117 37
10 189 28
10 210 18
10 211 45
10 216 40
10 219 45
10 230 21
10 236 50
10 286 9
10 292 25
11 17 6
11 84 26
11 131 49
11 150 15
11 155 50
11 157 23
11 165 18
11 167 32
11 185 35
11 191 30
11 229 38
11 251 9
11 267 42
11 280 46
12 72 8
12 94 43
12 111 46
12 118 49
12 129 45
12 132 22
12 149 41
12 156 32
12 160 49
12 225 8
12 252 28
13 29 39
13 84 2
13 89 48
13 95 38
13 110 12
13 171 24
13 174 45
13 187 40
13 191 22
13 196 11
13 209 39
13 211 45
13 213 28
13 234 22
13 253 31
13 265 7
13 267 11
13 278 39
13 290 49
14 15 6
14 159 49
14 189 43
14 191 3
14 200 49
14 202 37
14 228 24
14 231 39
14 240 20
14 246 23
14 290 46
15 45 50
15 71 13
15 73 50
15 76 49
15 119 2
15 147 13
15 153 23
15 160 48
15 209 2
15 232 46
15 236 9
15 250 42
15 261 40
15 265 36
16 39 15
16 56 23
16 60 45
16 65 25
16 67 13
16 88 43
16 96 33
16 115 11
16 132 37
16 196 35
16 241 10
16 273 25
17 26 9
17 56 50
17 129 45
17 138 31
17 166 48
17 182 46
17 192 43
17 227 47
17 241 44
17 242 46
17 252 9
17 268 18
18 22 43
18 36 13
18 56 14
18 60 1
18 68 4
18 73 5
18 78 37
18 99 21
18 113 29
18 207 31
18 210 45
18 217 42
18 223 25
18 233 27
18 281 4
18 298 11
19 22 14
19 24 15
19 31 37
19 78 22
19 79 15
19 83 31
19 84 4
19 95 12
19 129 26
19 141 48
19 155 10
19 173 22
19 183 43
19 218 20
19 220 39
19 253 35
20 40 32
20 47 4
20 63 36
20 65 38
20 91 9
20 97 24
20 119 8
20 133 37
20 139 6
20 145 4
20 179 30
20 206 30
20 237 33
20 247 34
20 270 42
21 68 46
21 77 50
21 108 28
21 112 19
21 140 16
21 158 11
21 166 24
21 179 27
21 181 38
21 186 21
21 191 38
21 209 9
21 257 15
22 38 8
22 75 50
22 79 1
22 114 41
22 138 5
22 149 38
22 251 30
22 287 13
23 39 11
23 55 39
23 120 2
23 133 16
23 202 43
23 214 33
23 230 47
23 233 27
23 265 18
23 282 38
23 295 22
24 63 18
24 73 18
24 84 42
24 172 33
24 183 30
24 190 15
24 195 12
24 206 17
24 209 37
24 211 49
24 227 28
24 233 1
24 254 8
24 271 29
24 276 3
25 64 49
25 98 33
25 175 41
25 210 28
25 211 48
25 217 3
25 258 19
25 268 1
26 72 19
26 95 11
26 99 33
26 101 17
26 107 37
26 112 1
26 152 7
26 167 10
26 171 18
26 191 24
26 234 3
26 242 2
26 246 3
26 270 17
27 35 13
27 55 21
27 74 5
27 88 14
27 118 48
27 163 5
27 200 21
27 206 26
27 217 9
27 231 19
27 266 11
27 289 49
28 50 49
28 114 8
28 121 2
28 171 17
28 178 8
28 206 22
28 221 29
28 252 42
28 279 38
28 283 17
29 34 42
29 38 46
29 47 26
29 53 11
29 62 19
29 69 30
29 82 13
29 140 23
29 146 46
29 162 27
29 197 44
29 234 50
29 248 40
29 257 43
29 263 6
29 271 11
29 288 21
29 291 14
30 37 31
30 52 31
30 106 15
30 115 31
30 143 40
30 152 18
30 162 47
30 198 49
30 216 39
30 221 25
30 253 40
30 260 28
30 280 41
30 286 32
31 57 24
31 70 18
31 84 44
31 90 44
31 112 47
31 232 6
31 239 19
31 266 44
31 267 35
31 275 14
31 290 45
32 44 26
32 65 6
32 117 50
32 121 36
32 144 28
32 156 16
32 158 19
32 199 10
32 202 30
32 206 49
32 211 49
32 227 47
32 234 48
32 236 47
32 288 37
32 289 22
33 56 39
33 61 16
33 66 15
33 126 20
33 134 39
33 145 34
33 162 13
33 185 35
33 234 33
33 255 21
33 260 3
33 288 28
34 35 7
34 42 16
34 52 23
34 58 32
34 110 23
34 113 24
34 122 20
34 123 1
34 139 39
34 152 38
34 167 12
34 198 20
34 201 38
34 226 11
34 263 18
35 43 35
35 137 9
35 138 6
35 154 9
35 185 47
35 208 22
35 240 25
35 259 18
36 62 12
36 66 8
36 98 33
36 106 46
36 290 42
36 293 5
37 78 50
37 128 20
37 192 11
37 203 17
37 205 42
37 212 42
37 247 40
37 251 17
37 253 11
37 259 42
37 262 8
38 80 50
38 82 3
38 85 29
38 141 38
38 297 15
39 54 47
39 55 22
39 85 24
39 158 4
39 188 32
39 220 22
39 226 25
39 227 6
39 287 40
39 289 39
40 139 14
40 151 24
40 158 34
40 191 7
40 205 28
40 209 36
40 217 26
40 230 38
40 280 2
40 290 19
41 52 31
41 71 41
41 88 38
41 109 42
41 124 34
41 156 45
41 164 41
41 181 39
41 195 23
41 209 30
41 212 3
41 220 21
41 255 2
41 264 28
42 56 25
42 61 35
42 62 50
42 85 1
42 96 41
42 103 41
42 115 39
42 154 6
42 173 16
42 183 25
42 229 12
42 246 43
42 249 10
42 250 40
42 262 32
42 292 11
43 72 10
43 131 12
43 138 4
43 149 47
43 154 5
43 157 39
43 172 41
43 231 46
43 234 27
43 237 16
43 238 25
43 246 30
43 269 36
43 272 28
44 68 7
44 77 12
44 156 15
44 179 8
44 192 15
44 212 5
44 238 50
44 265 3
44 273 10
44 294 15
45 70 29
45 83 23
45 99 7
45 106 38
45 117 12
45 124 38
45 147 1
45 151 22
45 174 2
45 186 4
45 191 18
45 197 6
45 209 42
45 214 11
45 242 3
45 266 21
45 295 28
46 64 30
46 156 50
46 180 13
46 194 9
46 195 8
46 233 27
46 254 23
46 255 16
46 260 41
46 289 27
46 290 15
46 293 45
47 82 36
47 93 32
47 126 24
47 173 11
47 199 38
47 216 13
47 224 22
47 225 28
47 239 13
47 262 45
47 269 29
48 63 18
48 70 15
48 85 36
48 88 10
48 91 25
48 103 39
48 112 30
48 136 2
48 155 18
48 158 31
48 181 16
48 189 26
48 249 40
48 254 44
48 258 49
48 262 5
48 264 34
48 283 27
48 292 22
49 71 31
49 95 13
49 105 3
49 140 4
49 153 23
49 172 42
49 180 16
49 203 46
49 214 21
49 233 29
49 237 41
49 246 49
49 255 48
49 273 5
50 70 37
50 73 9
50 83 31
50 89 25
50 95 40
50 115 34
50 139 44
50 168 20
50 182 49
50 226 19
51 72 10
51 119 43
51 144 19
51 165 16
51 179 28
51 191 46
51 198 39
51 232 8
51 253 10
51 276 43
51 283 13
52 54 34
52 62 35
52 103 29
52 128 29
52 138 5
52 184 9
52 210 21
52 217 6
52 228 6
52 234 27
52 250 44
52 258 15
52 265 7
52 282 18
52 288 4
52 291 40
53 59 13
53 101 26
53 123 41
53 134 31
53 142 37
53 149 33
53 157 2
53 160 2
53 163 12
53 191 47
53 203 43
53 207 22
53 259 8
53 277 35
53 294 34
54 106 41
54 112 21
54 122 14
54 129 21
54 139 28
54 140 22
54 141 44
54 163 33
54 191 30
54 262 20
54 284 26
55 56 46
55 59 27
55 61 45
55 82 1
55 85 18
55 93 7
55 160 28
55 193 8
55 197 39
55 214 14
55 257 42
55 278 42
55 285 18
55 295 4
56 74 38
56 77 10
56 79 25
56 91 47
56 96 46
56 109 8
56 120 39
56 145 17
56 203 22
56 209 10
56 217 44
56 241 45
56 249 5
56 284 28
56 285 26
56 287 24
56 292 3
57 65 21
57 68 2
57 80 49
57 98 22
57 114 20
57 119 7
57 124 1
57 133 27
57 140 45
57 176 15
57 209 19
57 242 37
57 267 32
57 270 22
58 60 26
58 65 43
58 82 48
58 87 25
58 109 38
58 127 7
58 155 13
58 162 4
58 189 28
58 191 24
58 192 49
58 196 25
58 226 28
58 232 26
58 265 50
58 274 2
58 277 30
58 288 23
59 85 5
59 89 28
59 147 46
59 183 24
59 213 34
59 223 46
59 264 1
59 279 31
59 282 10
60 72 21
60 108 19
60 142 43
60 173 44
60 197 46
60 206 35
60 217 41
60 224 20
60 232 23
60 266 47
60 282 33
60 285 28
60 295 27
61 87 6
61 92 29
61 130 3
61 174 36
61 178 4
61 179 2
61 180 39
61 184 34
61 186 24
61 213 43
61 224 13
61 244 19
61 282 17
61 291 49
62 74 15
62 77 19
62 90 31
62 102 26
62 116 41
62 174 49
62 192 19
62 201 34
62 217 44
62 223 5
62 227 26
62 263 16
63 79 29
63 81 22
63 112 48
63 147 7
63 170 50
63 188 5
63 242 35
63 244 2
63 257 40
63 258 40
63 262 6
63 277 30
64 128 23
64 153 29
64 223 23
64 224 38
64 251 50
64 257 41
64 259 36
64 291 16
64 295 11
64 297 16
65 66 43
65 70 1
65 73 16
65 152 11
65 249 36
66 96 11
66 126 16
66 161 11
66 163 26
66 179 44
66 181 32
66 188 25
66 189 2
66 246 34
66 278 32
67 82 38
67 164 37
67 169 23
67 185 28
67 210 42
67 226 3
67 227 2
67 242 23
67 259 25
67 277 41
67 285 24
67 286 17
67 292 26
67 296 39
68 69 27
68 109 43
68 135 31
68 166 29
68 202 10
68 234 44
68 240 14
68 253 23
68 290 11
69 147 24
69 160 48
69 239 4
69 258 7
69 271 25
69 286 8
69 295 42
69 299 6
70 85 47
70 107 29
70 116 30
70 118 24
70 123 20
70 128 32
70 144 28
70 149 44
70 172 8
70 189 18
70 210 17
70 214 24
70 223 46
70 224 7
70 237 2
70 239 40
70 245 40
70 248 32
70 261 2
70 263 33
70 277 45
70 293 24
71 90 43
71 93 20
71 124 23
71 132 48
71 137 29
71 153 47
71 186 7
71 188 22
71 193 4
71 196 4
71 201 50
71 230 34
71 234 29
71 243 22
71 258 17
71 262 8
71 267 15
71 294 25
71 297 28
72 119 34
72 127 50
72 161 23
72 183 40
72 234 4
72 258 14
72 273 29
72 288 35
72 293 15
72 296 13
73 100 32
73 133 40
73 141 7
73 165 3
73 173 13
73 206 5
73 213 31
73 255 11
73 281 13
74 79 3
74 83 15
74 136 16
74 150 4
74 159 50
74 184 47
74 208 25
74 281 18
75 80 4
75 115 42
75 116 42
75 144 31
75 187 25
75 191 44
75 210 5
75 227 16
75 239 47
75 264 21
75 270 47
75 283 33
75 285 35
76 84 9
76 107 14
76 130 25
76 132 16
76 134 17
76 155 39
76 172 22
76 194 49
76 209 49
76 251 34
76 264 3
76 265 13
77 97 2
77 99 7
77 122 14
77 137 48
77 179 33
77 195 32
77 286 1
77 288 26
78 84 25
78 101 34
78 125 2
78 140 20
78 151 38
78 154 18
78 161 16
78 181 8
78 196 16
78 212 1
78 241 45
78 247 24
78 259 14
78 263 21
78 286 41
78 297 32
79 93 9
79 104 12
79 113 33
79 176 7
79 224 48
79 281 35
79 283 22
80 81 49
80 132 43
80 133 37
80 137 46
80 167 26
80 200 18
80 208 48
80 255 3
80 282 45
81 83 31
81 85 5
81 90 14
81 100 21
81 111 24
81 129 32
81 145 30
81 168 39
81 178 32
81 190 26
81 208 14
81 222 47
81 224 46
81 264 5
81 265 31
81 292 6
82 119 18
82 141 13
82 147 13
82 153 15
82 157 47
82 172 36
82 182 13
82 194 40
82 197 22
82 208 10
82 214 17
82 216 42
82 219 8
82 222 19
82 229 38
82 236 38
82 242 25
82 246 1
82 247 10
82 276 48
83 93 34
83 153 40
83 197 36
83 198 15
83 220 15
83 226 50
83 227 14
83 250 13
83 256 6
83 286 44
84 121 18
84 141 23
84 156 6
84 169 32
84 171 38
84 223 4
84 228 19
84 237 50
84 250 45
84 256 43
84 257 10
84 277 11
84 286 34
85 90 19
85 172 32
85 192 21
85 215 8
85 238 6
85 249 23
85 269 18
85 277 6
85 290 7
86 165 9
86 170 41
86 185 23
86 188 25
86 198 42
86 214 36
86 267 39
87 106 47
87 107 31
87 153 9
87 190 20
87 225 38
87 229 40
88 117 9
88 161 42
88 164 11
88 173 10
88 183 36
88 194 3
88 258 21
88 278 49
89 117 38
89 136 39
89 162 32
89 192 8
89 278 47
89 280 39
90 105 32
90 123 16
90 136 44
90 147 38
90 154 26
90 162 37
90 165 13
90 203 50
90 268 28
90 284 50
91 101 39
91 115 25
91 120 31
91 164 47
91 168 46
91 185 18
91 291 38
91 293 4
92 114 11
92 131 48
92 188 15
92 191 49
92 222 2
92 250 36
92 276 49
92 298 39
93 107 24
93 124 30
93 204 48
93 243 22
93 283 18
93 294 30
94 120 37
94 133 14
94 148 19
94 165 12
94 173 50
94 175 31
94 195 14
94 201 27
94 281 31
94 287 4
95 117 3
95 138 11
95 149 2
95 167 50
95 192 30
95 215 39
95 231 3
95 271 43
96 119 39
96 157 18
96 174 41
96 184 42
96 186 5
96 194 41
96 206 31
96 212 28
96 232 20
97 100 28
97 127 2
97 134 39
97 157 9
97 176 40
97 190 2
97 194 28
97 195 2
97 197 1
97 198 8
97 206 17
97 226 30
97 242 38
97 249 20
97 264 32
97 275 50
98 99 21
98 112 32
98 157 32
98 166 11
98 205 36
98 207 24
98 210 1
99 162 5
99 186 16
99 187 43
99 221 9
99 257 6
99 258 23
99 262 39
99 263 27
100 181 2
100 202 40
100 203 15
100 218 11
100 222 29
100 229 19
100 246 38
100 248 32
100 252 19
100 266 45
100 272 48
101 104 48
101 167 35
101 200 19
101 217 32
101 238 34
101 239 41
101 281 13
101 284 15
101 292 4
101 293 50
101 295 40
101 299 4
102 231 5
102 256 5
102 261 46
102 267 13
102 272 12
102 289 20
103 105 3
103 112 38
103 127 24
103 135 42
103 173 5
103 177 34
103 221 23
103 222 23
103 245 23
103 248 4
103 253 43
103 257 19
103 278 4
104 105 43
104 144 3
104 163 24
104 182 24
104 191 39
104 209 15
104 222 38
104 235 3
104 256 18
104 263 37
104 268 45
104 285 21
104 286 41
105 121 49
105 172 19
105 185 6
105 190 13
105 224 40
105 227 8
105 234 50
105 254 13
106 112 2
106 116 6
106 171 48
106 186 24
106 187 30
106 217 20
106 237 27
106 242 23
106 296 39
107 137 32
107 148 17
107 160 43
107 162 6
107 175 40
107 182 31
107 235 20
107 238 29
107 239 36
107 284 39
107 287 15
107 292 30
108 205 9
108 212 8
108 220 30
108 223 29
108 241 15
108 277 42
108 282 19
108 284 22
109 119 44
109 132 33
109 151 23
109 225 49
109 231 31
109 250 46
109 266 31
109 269 2
109 276 25
109 277 3
110 165 42
110 226 6
110 233 21
110 237 35
110 245 11
110 271 12
110 274 15
110 276 32
110 293 40
111 123 2
111 130 20
111 133 6
111 149 31
111 157 31
111 168 15
111 176 11
111 204 11
111 244 29
111 297 4
112 134 31
112 135 1
112 136 49
112 144 14
112 186 25
112 196 50
112 204 46
112 212 23
112 218 30
112 237 47
113 125 49
113 181 34
113 201 39
113 218 4
113 228 4
113 273 25
113 287 17
113 294 15
114 120 39
114 123 48
114 153 4
114 163 43
114 226 20
114 232 11
114 247 23
114 256 50
114 277 26
114 279 35
114 287 12
115 121 4
115 147 41
115 148 43
115 172 6
115 194 39
115 244 6
115 283 33
116 124 38
116 130 1
116 142 5
116 146 19
116 158 49
116 178 3
116 194 2
116 232 39
116 237 8
116 250 5
116 255 13
117 118 26
117 119 21
117 124 4
117 134 26
117 143 24
117 153 46
117 160 45
117 180 37
117 200 20
117 210 46
117 218 12
117 227 7
117 233 7
118 121 17
118 143 47
118 144 49
118 238 23
118 263 37
118 285 6
118 289 7
119 153 25
119 161 8
119 164 11
119 166 45
119 171 7
119 172 15
119 194 47
119 198 45
119 219 24
119 221 3
119 229 8
119 238 50
119 255 24
119 268 13
119 293 25
120 153 49
120 192 8
120 205 19
120 214 35
120 222 27
120 223 16
120 250 48
120 269 33
120 271 22
120 293 15
121 123 29
121 125 23
121 130 39
121 148 18
121 167 28
121 184 45
121 198 44
121 211 38
121 214 7
121 216 38
121 217 46
121 223 21
121 244 34
121 250 40
121 257 44
121 294 39
122 128 49
122 158 43
122 162 12
122 165 11
122 179 19
122 198 10
122 212 20
122 216 37
122 242 47
122 292 47
123 124 2
123 145 44
123 165 31
123 173 26
123 185 10
123 194 12
123 229 50
123 231 48
123 239 29
123 252 29
123 267 42
123 280 22
124 125 16
124 135 48
124 160 9
124 215 11
124 221 20
124 277 45
124 285 3
125 127 16
125 164 33
125 215 3
125 296 8
126 127 46
126 134 16
126 149 29
126 178 7
126 183 35
126 205 15
126 227 3
126 231 33
126 287 19
126 289 49
127 142 14
127 194 46
127 220 8
127 277 27
128 131 45
128 138 6
128 151 5
128 171 23
128 172 49
128 177 28
128 204 39
128 205 47
128 206 38
128 210 1
128 232 18
128 260 32
128 278 3
129 139 33
129 153 16
129 162 8
129 165 43
129 177 11
129 183 23
129 192 21
129 223 18
129 226 9
129 228 37
129 242 20
129 244 42
129 248 5
129 251 20
129 259 7
130 138 50
130 139 28
130 159 33
130 165 46
130 192 35
130 209 39
130 213 19
130 242 33
130 244 18
130 263 9
130 271 31
130 273 5
130 274 9
131 132 1
131 144 37
131 148 14
131 165 33
131 184 2
131 211 21
131 212 25
131 229 15
131 240 43
131 249 47
131 268 32
131 277 1
132 136 34
132 137 3
132 149 44
132 157 38
132 171 23
132 193 2
132 237 40
132 270 2
132 280 36
133 143 35
133 185 38
133 199 26
133 231 5
133 240 22
134 146 43
134 147 13
134 153 5
134 194 48
134 200 24
134 221 5
134 255 36
134 270 37
135 138 37
135 158 39
135 162 9
135 175 14
135 193 3
135 202 3
135 225 10
135 272 34
135 274 5
135 277 43
135 298 39
136 176 49
136 210 33
136 215 11
136 226 50
136 227 24
136 244 14
136 248 38
136 267 8
137 143 1
137 191 13
137 255 15
137 281 22
138 149 6
138 219 29
138 231 26
138 258 3
138 272 2
138 281 30
138 293 38
139 149 40
139 167 19
139 178 28
139 197 48
139 223 32
139 235 31
139 266 50
140 177 43
140 188 16
140 204 5
140 206 38
140 213 4
140 217 5
140 229 20
140 240 16
140 261 6
140 277 43
140 295 29
141 171 43
141 198 2
141 207 29
141 214 6
141 236 18
141 270 1
141 284 13
142 171 47
142 185 26
142 220 15
142 225 48
142 234 8
142 240 4
142 265 40
142 273 26
143 148 31
143 168 39
143 188 9
143 192 13
143 193 39
143 209 3
143 235 29
143 236 45
143 242 40
143 259 32
143 280 1
143 286 11
144 159 48
144 185 8
144 227 5
144 237 26
144 242 1
144 253 9
144 292 7
145 159 8
145 169 26
145 191 7
145 192 20
145 213 22
145 227 34
145 249 36
145 254 22
145 267 43
145 272 41
145 292 11
145 295 20
145 296 23
145 298 1
146 158 30
146 222 38
146 227 41
146 257 33
147 154 16
147 167 35
147 186 24
147 252 47
147 263 37
147 265 37
147 289 46
148 149 45
148 259 41
149 154 24
149 164 47
149 190 1
149 204 30
149 220 6
149 230 27
149 232 38
149 235 27
149 259 50
149 281 23
150 152 14
150 184 23
150 185 16
150 188 6
150 202 35
150 261 35
150 267 28
150 279 36
150 289 15
151 159 15
151 166 26
151 175 49
151 218 32
151 224 13
151 235 22
151 252 31
151 269 49
152 154 8
152 206 26
152 237 45
152 240 1
152 245 49
152 252 43
152 272 1
153 187 30
153 208 48
153 222 29
153 225 17
153 250 24
153 270 31
154 169 40
154 193 37
154 201 3
154 213 7
154 246 44
154 271 38
154 277 43
154 291 22
155 199 23
155 203 9
155 205 38
155 206 50
155 212 7
155 219 20
155 255 12
155 278 31
155 297 2
156 195 13
156 203 40
156 272 27
156 278 7
157 158 42
157 163 28
157 168 50
157 181 43
157 192 7
157 194 47
157 207 23
157 215 24
157 267 23
157 280 3
157 287 15
158 165 11
158 166 8
158 170 23
158 176 5
158 194 47
158 203 15
159 178 28
159 195 21
159 199 26
159 205 17
159 227 20
159 235 34
159 244 38
160 161 32
160 173 14
160 184 39
160 191 44
160 198 6
160 221 16
160 246 50
160 265 47
161 172 43
161 174 1
161 177 41
161 184 1
161 213 50
161 270 14
162 166 26
162 172 22
162 184 18
162 213 42
162 272 34
163 181 27
163 199 14
163 205 38
163 225 23
163 235 31
163 243 17
163 249 43
163 254 8
164 197 34
164 198 13
164 238 41
164 257 21
164 279 46
165 176 7
165 184 10
165 191 39
165 220 12
165 224 27
165 258 40
165 267 10
166 189 21
166 217 41
166 266 1
167 177 21
167 191 42
167 192 16
167 196 49
167 215 13
167 283 35
167 289 40
167 296 48
168 175 12
168 183 6
168 194 36
168 220 34
168 294 36
169 233 4
169 237 29
169 247 43
169 265 37
170 188 41
170 198 35
170 211 10
170 271 38
170 289 41
170 298 19
171 172 26
171 177 4
171 225 47
171 234 17
171 265 14
172 176 17
172 218 9
172 246 14
172 248 39
172 256 50
172 275 31
172 298 37
173 187 14
173 204 15
173 209 29
173 213 12
173 214 28
173 218 34
173 237 49
173 244 14
173 250 19
173 294 2
174 183 42
174 185 13
174 201 41
174 211 34
174 238 47
174 244 50
174 272 21
174 285 38
175 182 20
175 184 48
175 211 41
175 237 16
175 245 14
175 253 6
175 255 32
175 287 23
175 293 19
176 186 22
176 197 24
176 211 1
176 213 9
176 222 38
176 238 16
176 263 37
176 264 1
177 185 45
177 224 22
177 232 49
177 285 8
177 291 40
178 182 2
178 204 49
178 228 4
178 245 42
179 185 32
179 189 2
179 231 43
179 234 4
179 253 39
179 269 12
179 289 1
180 208 32
180 210 27
180 258 17
180 278 39
180 280 10
180 285 41
180 298 8
181 184 32
181 198 14
181 221 10
181 227 42
182 195 3
182 221 27
182 244 30
182 256 3
182 286 22
182 287 1
183 242 3
183 246 29
183 268 42
184 217 7
184 219 28
184 228 47
184 252 50
184 276 11
184 289 48
185 189 43
185 234 17
185 235 39
185 237 4
185 238 17
185 250 20
185 253 31
185 254 35
185 255 8
185 285 40
185 297 25
186 211 17
186 214 23
186 275 39
187 206 29
187 213 14
187 245 41
187 257 5
187 258 45
187 259 46
187 263 26
187 279 45
187 296 50
188 197 5
188 214 38
188 234 6
188 243 34
188 258 34
188 263 6
188 277 46
188 285 32
189 205 48
189 210 12
189 211 20
189 266 3
189 282 31
189 290 41
189 296 33
190 232 15
190 250 50
190 266 25
190 285 42
191 235 19
191 248 47
191 293 30
191 297 47
192 200 13
192 225 22
192 234 1
192 266 9
193 195 19
193 201 29
193 206 6
193 245 19
193 251 33
193 264 43
193 280 24
194 203 18
194 213 29
194 238 31
194 241 15
194 254 10
194 288 30
195 214 27
195 261 31
195 279 33
195 298 9
196 205 23
196 236 17
196 249 25
196 260 24
196 295 41
196 296 16
197 233 42
197 244 40
197 256 47
197 272 40
197 296 4
198 208 19
198 218 43
198 225 12
198 235 37
198 249 21
199 206 17
199 211 7
199 214 5
199 221 12
200 209 33
200 212 24
200 227 40
200 257 13
200 296 38
201 213 1
201 228 45
201 230 16
201 246 33
201 257 27
201 261 26
201 275 5
201 298 45
202 220 1
202 249 28
202 260 36
202 282 18
202 289 22
203 218 27
203 234 17
203 261 11
203 297 30
204 247 37
205 215 5
205 229 41
205 253 23
205 268 25
205 279 10
205 295 32
206 221 31
206 224 21
206 230 14
206 238 4
206 242 10
207 246 26
207 250 44
207 265 12
207 269 22
207 271 9
209 237 44
209 269 48
210 226 35
210 250 48
210 265 45
210 273 37
211 213 27
211 231 30
211 240 6
211 255 48
211 284 8
211 294 22
211 298 11
212 215 37
212 239 8
212 245 15
212 247 29
212 255 33
212 270 42
212 284 40
213 237 14
213 241 24
213 252 10
213 254 27
213 265 30
213 276 21
213 292 4
214 222 23
214 230 32
214 231 26
214 258 33
214 272 25
215 235 25
215 243 19
215 274 24
215 293 19
216 219 7
216 239 1
216 268 50
216 273 13
216 274 50
216 294 7
218 237 36
218 242 12
218 265 45
218 275 46
218 288 29
218 298 26
220 247 30
220 249 20
220 264 15
221 238 45
221 249 45
221 257 25
221 263 23
221 286 24
222 249 47
222 258 28
222 277 46
222 278 29
222 284 3
222 286 31
222 298 5
223 245 30
223 260 49
223 263 31
223 287 50
224 227 6
224 239 33
224 257 2
225 235 20
225 250 32
225 259 10
225 263 7
225 275 46
225 288 5
225 294 4
225 298 24
226 229 30
226 242 33
226 254 45
226 258 46
226 260 29
226 269 39
226 274 20
226 283 1
227 252 13
227 253 19
227 268 29
227 289 10
228 256 49
228 268 33
228 279 40
228 285 3
229 256 14
230 255 39
231 232 35
231 233 14
231 245 46
231 249 17
231 280 17
231 298 15
232 235 1
232 246 26
233 279 21
234 248 46
234 253 30
234 268 25
235 236 19
235 243 11
235 274 9
235 285 13
236 258 7
236 276 38
237 240 1
237 282 28
237 285 38
238 247 13
238 269 46
238 274 18
239 249 25
239 288 46
239 289 1
240 261 14
240 264 49
240 271 14
241 247 4
241 260 35
241 268 29
242 262 49
242 295 2
243 247 45
243 255 13
243 282 2
243 290 23
243 296 36
244 255 47
247 250 4
247 254 12
247 257 17
247 283 15
248 262 22
248 270 29
248 289 23
248 296 9
251 256 29
251 276 50
251 292 49
252 291 44
252 297 48
253 277 18
253 279 20
254 280 43
254 284 18
254 296 33
255 270 43
256 268 34
256 298 37
257 280 28
258 262 14
258 290 37
259 262 31
259 264 9
259 273 2
259 283 32
259 293 33
260 266 37
260 293 30
262 286 36
262 287 50
263 276 46
263 279 50
263 283 21
263 290 26
264 281 24
264 299 30
265 272 4
265 274 26
266 280 30
268 286 49
268 293 23
269 293 47
270 291 20
271 286 17
271 296 17
274 297 3
275 279 12
275 294 50
278 279 41
280 299 41
281 282 15
283 293 29
284 287 21
285 298 25
285 299 30
288 291 4
289 296 7
293 294 18
294 296 35
300 333 2
300 334 2
300 342 18
300 348 21
300 392 16
300 398 18
300 425 12
300 446 14
300 468 15
300 480 11
300 490 20
300 500 17
300 514 22
300 516 16
300 533 21
300 535 17
300 544 20
300 555 3
301 307 2
301 314 11
301 327 18
301 376 23
301 381 13
301 398 6
301 411 21
301 433 5
301 454 2
301 456 3
301 496 17
301 506 21
301 519 16
301 530 18
301 531 24
301 561 8
301 574 15
301 596 14
302 311 25
302 323 2
302 339 4
302 340 15
302 346 14
302 360 23
302 366 8
302 367 10
302 368 15
302 379 4
302 422 1
302 457 9
302 506 6
302 520 4
303 324 21
303 383 25
303 417 1
303 423 8
303 439 7
303 442 21
303 450 15
303 495 11
303 499 23
303 510 8
303 514 8
303 544 13
303 555 25
303 582 6
303 594 23
304 318 17
304 321 21
304 323 24
304 350 20
304 359 24
304 383 13
304 413 8
304 435 23
304 497 23
304 529 17
304 545 14
305 345 1
305 350 19
305 354 24
305 362 8
305 399 22
305 423 19
305 439 9
305 453 22
305 473 4
305 474 16
305 480 18
305 532 18
305 558 3
305 581 17
306 362 25
306 370 10
306 372 7
306 381 1
306 401 17
306 402 4
306 403 19
306 419 12
306 443 2
306 445 13
306 461 12
306 477 17
306 503 20
306 513 11
306 515 16
306 519 11
306 539 24
306 548 18
306 585 6
307 313 22
307 329 2
307 349 2
307 353 17
307 354 10
307 360 1
307 373 20
307 401 2
307 424 20
307 425 14
307 433 4
307 443 11
307 491 15
307 503 15
307 506 17
307 512 16
307 537 6
307 549 22
307 561 9
307 576 17
307 579 1
307 592 24
308 323 5
308 330 19
308 331 18
308 360 15
308 383 9
308 448 6
308 467 15
308 485 1
308 489 11
308 500 13
308 520 2
308 537 15
308 545 5
308 561 13
308 574 15
309 312 1
309 316 15
309 329 9
309 332 17
309 345 20
309 357 21
309 359 6
309 375 10
309 376 15
309 404 23
309 410 15
309 442 13
309 458 9
309 480 9
309 495 13
309 513 7
309 530 13
309 536 8
309 553 24
309 578 5
309 596 16
310 328 6
310 337 19
310 355 18
310 373 17
310 384 9
310 399 21
310 424 8
310 440 15
310 459 9
310 477 24
310 513 15
310 516 23
310 532 7
310 562 8
310 564 19
310 593 4
310 595 16
311 363 3
311 377 18
311 380 13
311 386 18
311 435 6
311 438 23
311 466 3
311 498 20
311 504 4
311 506 17
311 559 3
311 584 5
312 329 21
312 332 20
312 337 10
312 450 17
312 453 15
312 462 3
312 473 25
312 481 10
312 534 10
312 540 14
312 584 18
313 316 8
313 345 5
313 347 17
313 374 16
313 384 13
313 415 11
313 426 22
313 440 3
313 472 13
313 541 14
313 567 17
314 329 7
314 393 21
314 473 15
314 479 11
314 514 18
314 556 20
314 566 3
314 570 20
314 588 24
315 319 23
315 330 16
315 359 11
315 361 16
315 371 5
315 382 13
315 426 15
315 427 15
315 429 23
315 455 3
315 456 9
315 462 7
315 477 10
315 480 3
315 482 25
315 487 24
315 507 13
315 517 21
315 535 1
315 538 2
315 558 11
316 400 19
316 421 11
316 424 7
316 431 8
316 461 21
316 481 24
316 489 3
316 527 23
316 572 20
316 579 3
317 323 23
317 335 10
317 346 13
317 390 13
317 400 17
317 415 1
317 418 5
317 439 8
317 443 25
317 450 9
317 487 16
317 557 8
317 559 18
317 569 18
318 353 7
318 359 16
318 371 7
318 386 4
318 430 18
318 511 11
318 541 15
318 547 12
318 563 21
319 346 21
319 359 21
319 373 18
319 442 21
319 470 25
319 486 18
319 487 15
319 499 3
319 510 15
319 532 1
319 534 17
319 555 4
319 558 17
319 580 19
319 595 8
320 374 24
320 375 20
320 389 17
320 404 17
320 450 5
320 548 11
320 581 11
321 333 11
321 341 2
321 349 18
321 354 15
321 430 19
321 442 5
321 460 4
321 490 7
321 495 25
321 550 1
322 327 5
322 333 19
322 334 21
322 345 4
322 399 11
322 452 12
322 487 8
322 492 25
322 506 12
322 508 2
322 524 6
322 539 6
322 571 20
322 593 13
323 326 6
323 355 17
323 357 6
323 366 24
323 415 21
323 431 17
323 451 10
323 465 6
323 473 20
323 494 4
323 517 22
323 535 13
324 337 8
324 353 2
324 363 22
324 405 9
324 417 4
324 465 1
324 473 2
324 494 1
324 531 6
324 532 13
324 547 12
324 552 14
324 566 14
324 595 1
325 349 17
325 351 21
325 366 8
325 369 11
325 372 11
325 402 15
325 416 2
325 445 16
325 455 14
325 557 22
325 572 7
325 580 25
325 581 5
325 583 1
325 596 3
326 359 3
326 373 16
326 392 12
326 419 7
326 423 14
326 444 22
326 466 10
326 502 16
326 507 23
326 525 13
326 570 21
326 587 12
326 596 1
327 364 11
327 398 3
327 448 1
327 467 2
327 479 23
327 489 10
327 569 15
328 351 8
328 373 25
328 376 18
328 393 24
328 405 15
328 433 17
328 486 7
328 509 14
328 528 21
328 575 10
329 360 18
329 378 25
329 424 2
329 463 4
329 467 8
329 474 17
329 494 2
329 506 20
329 538 7
329 578 24
329 592 7
330 336 4
330 513 13
330 519 7
330 565 15
330 586 15
331 338 10
331 341 18
331 344 14
331 368 19
331 383 7
331 441 22
331 456 20
331 463 25
331 513 22
331 591 9
331 593 16
332 363 5
332 394 22
332 414 13
332 429 16
332 437 16
332 467 14
332 491 19
332 498 21
332 505 22
332 528 10
332 547 22
332 550 16
332 554 16
333 336 23
333 361 22
333 371 22
333 372 10
333 389 3
333 395 11
333 444 1
333 447 14
333 468 3
333 525 14
333 545 10
333 563 12
334 344 12
334 357 4
334 359 11
334 379 8
334 380 15
334 392 3
334 418 15
334 419 11
334 423 15
334 433 5
334 475 4
334 490 3
334 518 24
334 522 24
334 549 24
334 552 10
334 580 21
335 369 16
335 393 3
335 445 18
335 446 12
335 449 24
335 453 4
335 466 17
335 538 9
335 544 4
335 562 5
335 582 13
335 595 19
336 341 14
336 372 24
336 382 6
336 411 20
336 426 11
336 427 15
336 433 9
336 442 13
336 443 4
336 471 21
336 515 2
336 516 11
336 540 24
336 553 7
336 560 11
336 577 23
336 588 7
337 344 20
337 354 18
337 359 23
337 376 24
337 397 12
337 404 9
337 427 22
337 483 15
337 497 2
337 502 7
337 508 20
337 514 9
337 522 20
337 576 13
337 589 24
338 362 20
338 401 20
338 428 18
338 433 6
338 465 10
338 476 3
338 496 18
338 513 15
338 536 24
338 575 22
339 347 2
339 364 22
339 382 3
339 398 12
339 420 21
339 493 11
339 502 9
339 514 15
339 531 8
339 576 7
340 348 1
340 364 19
340 382 4
340 389 17
340 400 20
340 410 12
340 441 11
340 458 5
340 498 6
340 524 24
340 542 4
340 548 3
340 594 20
340 599 23
341 378 8
341 400 4
341 401 1
341 410 2
341 411 21
341 413 1
341 420 23
341 457 22
341 479 24
341 481 2
341 482 11
341 495 20
341 539 13
341 565 19
341 566 9
342 405 22
342 415 2
342 416 12
342 418 15
342 456 5
342 460 5
342 481 12
342 492 17
342 494 16
342 515 16
342 516 24
342 517 16
342 592 21
342 597 1
343 348 10
343 355 19
343 358 10
343 362 16
343 396 21
343 407 12
343 417 11
343 450 21
343 468 9
343 477 9
343 533 19
343 544 13
343 555 19
343 567 13
343 574 25
343 596 12
344 355 24
344 433 23
344 454 16
344 457 12
344 468 13
344 470 20
344 504 16
344 520 1
344 524 13
344 528 8
344 554 18
345 372 14
345 381 23
345 385 14
345 412 16
345 454 8
345 473 9
345 482 1
345 515 25
345 516 4
345 528 12
345 535 10
345 543 1
345 572 22
345 592 18
345 599 19
346 349 11
346 363 14
346 386 9
346 388 12
346 397 2
346 410 9
346 518 10
346 521 17
346 528 22
347 411 22
347 420 14
347 433 12
347 449 24
347 465 3
347 467 22
347 481 16
347 489 16
347 510 19
347 572 4
347 587 9
347 598 3
348 390 12
348 402 9
348 445 2
348 505 17
348 510 22
348 514 13
348 534 17
348 587 20
349 380 8
349 386 11
349 387 6
349 419 21
349 426 21
349 431 17
349 450 22
349 476 4
349 503 1
349 556 14
349 587 25
349 589 24
350 352 2
350 358 13
350 388 22
350 439 6
350 441 9
350 455 13
350 457 22
350 495 5
350 505 18
350 513 5
350 527 7
350 534 7
350 564 15
350 582 11
350 590 23
351 354 13
351 392 23
351 394 17
351 456 7
351 473 5
351 499 4
351 536 12
351 562 25
352 362 24
352 376 6
352 389 24
352 401 4
352 454 6
352 460 14
352 470 5
352 498 7
352 510 15
352 515 17
352 528 3
352 533 20
352 545 3
352 549 17
352 558 18
353 379 7
353 381 10
353 448 24
353 453 15
353 461 16
353 490 13
353 494 25
353 504 15
353 508 2
353 520 25
353 531 6
353 558 9
353 574 6
354 359 11
354 377 20
354 382 8
354 395 9
354 400 25
354 404 6
354 416 14
354 422 8
354 423 19
354 472 18
354 487 14
354 499 10
354 517 10
354 522 18
354 532 6
354 555 14
355 395 10
355 399 1
355 412 22
355 460 21
355 476 24
355 490 11
355 503 13
355 508 14
355 544 13
355 579 2
355 586 15
356 375 14
356 398 10
356 415 23
356 423 19
356 440 20
356 449 20
356 470 1
356 473 6
356 479 21
356 483 8
356 551 19
356 567 5
356 572 1
357 379 12
357 440 20
357 453 10
357 480 23
357 483 13
357 503 18
357 508 11
357 512 24
357 580 18
357 599 9
358 381 19
358 412 16
358 424 19
358 445 8
358 453 6
358 469 8
358 507 9
358 530 21
358 532 21
358 567 20
358 568 20
358 576 17
358 581 15
358 589 16
359 361 19
359 369 22
359 377 14
359 387 2
359 391 15
359 399 18
359 443 2
359 457 3
359 469 13
359 495 14
359 496 25
359 499 2
359 503 6
359 514 12
359 515 25
359 523 25
359 530 20
359 531 20
359 555 15
359 556 16
359 577 2
360 415 23
360 428 25
360 449 12
360 465 20
360 475 23
360 478 7
360 501 14
360 526 14
360 539 23
360 545 7
360 555 7
361 391 19
361 392 20
361 393 10
361 413 10
361 433 12
361 445 12
361 452 13
361 471 1
361 496 2
361 501 14
361 502 2
361 540 9
361 546 1
361 570 1
361 584 8
362 373 22
362 383 22
362 412 24
362 414 14
362 435 23
362 454 21
362 457 16
362 472 12
362 530 15
362 544 13
362 546 18
362 547 6
362 583 3
362 586 17
363 397 12
363 431 11
363 525 12
363 562 6
363 589 21
364 365 21
364 388 19
364 394 9
364 418 8
364 431 20
364 435 10
364 457 22
364 469 21
364 499 18
364 537 24
364 540 24
364 555 25
364 559 22
364 572 20
365 368 23
365 380 11
365 384 20
365 397 21
365 439 1
365 465 6
365 488 10
365 491 15
365 540 25
365 541 17
365 545 17
365 546 16
365 576 3
365 580 4
365 588 2
366 418 10
366 421 24
366 439 24
366 457 6
366 462 9
366 468 7
366 484 2
366 539 18
366 545 5
366 552 24
366 595 12
367 383 5
367 416 22
367 422 11
367 446 1
367 469 19
367 478 11
367 499 13
367 526 15
367 530 8
367 573 13
367 575 20
368 377 17
368 387 4
368 393 19
368 440 9
368 444 20
368 449 11
368 476 13
368 480 1
368 504 12
368 505 25
368 530 1
368 549 10
368 550 7
368 571 10
368 576 18
369 372 8
369 379 4
369 382 24
369 408 6
369 420 16
369 477 3
369 486 5
369 491 3
369 504 6
369 508 23
369 509 15
369 525 18
369 560 12
370 376 22
370 399 8
370 430 8
370 450 14
370 484 11
370 514 3
370 520 24
370 570 8
370 571 13
370 590 13
371 373 10
371 396 1
371 402 14
371 451 10
371 532 12
371 550 20
371 562 19
372 387 7
372 472 2
372 494 23
372 550 5
372 570 10
372 586 15
372 593 10
373 411 14
373 456 17
373 480 17
373 492 13
373 559 7
373 563 11
373 597 24
374 422 5
374 433 20
374 454 8
374 455 20
374 494 8
374 509 10
374 558 18
374 571 15
374 578 24
374 591 8
375 403 1
375 412 24
375 435 23
375 455 10
375 472 10
375 475 18
375 498 6
375 547 18
375 579 21
375 582 5
376 416 25
376 445 5
376 500 19
376 504 11
376 524 18
376 525 12
376 526 2
376 558 5
376 583 20
376 587 12
377 396 5
377 398 25
377 401 7
377 443 14
377 449 19
377 465 14
377 470 23
377 471 14
377 472 5
377 492 21
377 497 23
377 508 7
377 534 21
377 550 20
377 556 16
377 557 8
377 575 12
377 585 23
377 590 25
377 591 10
377 598 2
378 379 24
378 386 14
378 405 22
378 453 9
378 459 9
378 467 11
378 489 12
378 572 13
379 425 5
379 431 1
379 433 20
379 434 6
379 440 9
379 451 8
379 467 25
379 468 24
379 546 8
379 551 15
379 567 5
380 388 5
380 455 12
380 482 11
380 490 1
380 505 6
380 517 3
380 522 8
380 539 20
380 583 1
381 382 9
381 401 4
381 409 4
381 417 10
381 492 19
381 547 3
381 568 20
381 573 2
381 598 13
382 428 7
382 509 17
382 510 19
382 514 7
382 553 11
382 554 25
382 594 17
383 385 20
383 386 24
383 392 15
383 421 2
383 422 13
383 424 21
383 494 9
383 518 1
383 541 6
383 543 9
383 548 6
383 581 8
383 588 18
383 599 2
384 386 10
384 394 1
384 409 7
384 421 14
384 455 12
384 461 1
384 468 18
384 469 7
384 507 2
384 531 5
384 552 13
384 555 18
385 426 23
385 447 21
385 460 5
385 482 22
385 484 14
385 507 25
385 516 22
385 531 3
385 542 3
385 551 11
386 414 23
386 432 13
386 449 11
386 455 5
386 461 21
386 470 19
386 481 14
386 502 15
386 504 20
386 523 24
386 528 18
386 545 2
386 589 14
387 395 4
387 399 4
387 416 6
387 421 10
387 434 5
387 443 12
387 453 24
387 478 25
387 481 9
387 483 19
387 489 4
387 503 8
387 506 7
387 510 5
387 521 6
387 527 11
387 560 10
387 579 17
387 593 10
388 432 22
388 443 2
388 448 16
388 457 20
388 465 22
388 481 5
388 488 9
388 554 19
389 482 5
389 483 3
389 501 20
389 502 20
389 510 7
389 526 25
389 530 2
389 560 18
389 594 4
389 597 13
390 391 17
390 405 5
390 456 23
390 469 12
390 496 9
390 532 7
390 553 21
390 562 15
390 563 13
391 401 6
391 458 24
391 463 4
391 481 18
391 494 23
391 545 7
391 547 8
391 571 17
391 592 4
392 404 14
392 439 2
392 444 22
392 446 20
392 503 5
392 535 18
392 557 14
392 584 13
392 588 17
392 599 17
393 411 5
393 420 22
393 431 4
393 498 21
393 505 2
393 507 4
393 508 10
393 552 12
393 589 10
394 423 5
394 446 1
394 453 22
394 476 12
394 483 2
394 552 2
394 553 4
394 556 24
394 558 9
395 401 14
395 479 17
395 510 14
395 566 4
395 599 18
396 408 12
396 552 24
396 568 22
396 587 6
396 591 14
396 596 11
397 484 24
397 491 6
397 499 16
397 582 20
397 598 11
398 426 13
398 439 23
398 462 14
398 512 22
398 518 9
398 522 24
398 524 1
398 537 12
398 560 20
398 584 13
399 402 13
399 420 22
399 435 18
399 438 11
399 444 7
399 459 8
399 483 4
399 515 22
399 532 12
399 537 21
399 555 8
399 561 12
399 574 20
399 593 15
399 597 25
400 413 5
400 471 13
400 480 7
400 500 20
400 509 9
400 549 18
400 567 10
400 585 7
401 425 6
401 428 6
401 447 15
401 462 6
401 467 9
401 482 1
401 486 3
401 488 21
401 504 15
401 519 1
401 527 15
401 528 2
401 532 7
401 536 23
401 548 5
401 549 5
401 552 11
401 553 1
401 574 12
402 410 22
402 425 22
402 435 3
402 458 23
402 472 1
402 484 15
402 503 5
402 508 23
402 513 23
402 520 24
402 521 7
402 533 4
402 537 4
403 423 14
403 462 21
403 463 10
403 505 22
403 506 23
403 535 12
404 414 19
404 421 13
404 491 12
404 502 9
404 518 16
404 545 20
404 562 8
404 598 21
405 408 24
405 437 18
405 485 23
405 517 12
405 526 16
405 527 21
405 545 14
405 581 15
405 582 21
405 590 3
405 599 21
406 412 20
406 446 2
406 474 19
406 495 3
406 503 6
406 531 25
406 532 17
406 590 3
406 591 11
406 596 13
407 422 25
407 457 24
407 462 7
407 475 14
407 491 12
407 496 17
407 497 7
407 511 6
407 519 24
407 552 4
407 586 6
407 599 18
408 423 1
408 445 19
408 452 10
408 458 21
408 467 7
408 471 24
408 477 18
408 494 11
408 557 20
408 560 15
409 418 12
409 434 15
409 436 17
409 469 19
409 481 14
409 485 8
409 506 23
409 597 24
410 466 23
410 507 25
410 514 24
410 527 6
410 532 15
410 537 10
410 548 22
410 566 21
411 413 17
411 421 22
411 428 24
411 432 22
411 447 16
411 464 1
411 471 17
411 489 25
411 500 23
411 504 23
411 522 25
411 525 18
411 532 10
411 533 21
411 584 7
412 485 24
412 499 11
412 510 23
412 527 19
412 536 1
412 556 8
413 414 17
413 432 2
413 436 5
413 443 18
413 463 25
413 468 10
413 470 7
413 484 10
413 509 6
413 529 5
413 535 1
413 542 4
413 553 5
413 585 25
413 588 19
414 424 8
414 433 16
414 506 20
414 510 5
414 564 16
414 574 19
414 581 24
414 595 25
415 419 15
415 427 7
415 444 25
415 445 2
415 501 5
415 503 19
415 530 2
415 592 12
415 594 12
416 422 3
416 425 18
416 430 4
416 437 3
416 461 2
416 464 12
416 465 14
416 477 9
416 501 16
416 504 14
416 509 12
416 522 21
416 525 15
416 561 7
416 570 3
417 422 8
417 459 1
417 464 9
417 465 23
417 485 19
417 486 10
417 517 24
417 524 10
417 535 16
417 560 1
417 593 11
418 424 22
418 478 19
418 519 13
418 525 10
418 569 7
418 591 15
419 442 2
419 447 10
419 450 19
419 497 3
419 520 23
419 549 7
420 423 13
420 449 14
420 461 23
420 515 24
420 543 11
420 589 12
421 431 7
421 432 15
421 448 21
421 454 7
421 467 23
421 472 18
421 502 3
421 517 9
421 554 19
421 555 12
421 571 25
421 577 19
422 429 23
422 449 23
422 454 14
422 455 10
422 463 8
422 464 20
422 468 1
422 483 9
422 496 6
422 501 20
422 503 14
422 505 3
422 524 1
422 543 1
422 576 16
422 581 23
422 598 2
423 425 3
423 432 12
423 446 8
423 509 17
423 516 7
423 557 15
423 564 17
423 584 2
424 431 19
424 436 25
424 455 22
424 478 5
424 506 1
424 511 17
424 526 2
424 552 24
424 565 5
424 566 13
424 575 6
424 585 24
424 598 14
425 435 14
425 436 4
425 441 10
425 487 4
425 499 8
426 440 12
426 462 5
426 471 24
426 489 12
426 494 8
426 498 3
426 500 25
426 521 15
426 523 20
426 529 6
426 553 6
426 578 11
426 587 9
427 431 24
427 440 10
427 456 5
427 457 6
427 464 11
427 527 21
427 529 7
427 564 9
427 571 2
427 584 22
428 451 14
428 457 2
428 464 10
428 510 4
428 513 7
428 523 21
429 472 10
429 478 15
429 518 7
429 582 14
429 595 15
430 438 20
430 458 23
430 466 17
430 483 19
430 492 14
430 495 11
430 552 25
430 559 22
430 575 21
431 453 10
431 471 20
431 476 8
431 507 17
431 519 2
431 533 18
431 544 14
431 548 9
431 556 3
431 564 16
431 577 5
431 579 18
431 583 17
431 595 16
432 461 23
432 480 24
432 486 13
432 491 7
432 497 13
432 515 21
432 519 22
432 525 4
432 546 16
432 553 19
432 572 20
432 579 9
433 479 8
433 510 6
433 517 10
433 530 4
433 562 3
434 435 22
434 444 25
434 456 10
434 525 13
434 538 2
434 539 4
434 543 1
434 546 12
434 581 8
434 595 18
435 439 18
435 462 25
435 471 12
435 498 10
435 509 25
435 565 10
435 585 24
435 586 6
435 593 24
436 473 19
436 488 5
436 532 2
436 538 9
436 548 23
436 561 23
436 579 20
436 587 7
436 589 5
436 593 6
437 453 12
437 469 8
437 477 2
437 507 14
437 548 19
437 581 14
437 583 17
438 537 25
438 541 17
438 568 3
438 599 7
439 466 11
439 503 22
439 505 9
439 540 22
439 592 8
439 596 8
440 458 6
440 483 6
440 487 15
440 493 6
440 497 24
440 513 19
440 527 9
440 597 10
441 476 19
441 486 7
441 488 6
441 492 2
441 493 11
441 501 11
441 525 14
442 451 20
442 455 13
442 457 2
442 460 14
442 504 3
442 512 18
442 543 13
442 554 19
442 564 22
442 574 21
442 580 5
443 452 20
443 456 4
443 460 3
443 475 2
443 496 11
443 497 11
443 498 7
443 506 3
443 549 16
443 560 7
443 590 23
443 596 2
444 465 18
444 480 16
444 486 8
444 488 23
444 491 18
444 590 20
444 595 9
445 446 8
445 459 17
445 477 21
445 482 9
445 484 5
445 503 25
445 546 3
445 553 19
445 594 19
445 598 1
446 471 14
446 534 25
446 549 20
446 575 20
447 465 4
447 481 21
447 493 7
447 511 14
447 512 4
447 513 9
447 517 5
447 579 12
448 452 7
448 453 8
448 478 5
448 528 24
448 557 17
449 485 2
449 486 16
449 493 13
449 522 12
449 529 23
449 560 4
449 580 9
450 461 8
450 508 10
450 528 9
450 540 12
451 469 3
451 483 4
451 498 12
451 597 19
452 481 5
452 499 6
452 548 15
452 550 8
452 580 3
453 467 21
453 551 22
453 552 8
453 578 5
453 593 3
454 457 20
454 490 13
454 522 10
454 547 1
454 565 11
454 599 3
455 510 4
456 458 4
456 467 15
456 479 16
456 488 3
456 489 19
456 491 1
456 503 11
456 584 3
457 460 9
457 469 22
457 490 8
457 516 12
457 517 11
457 527 3
457 534 18
457 544 16
457 545 17
457 547 1
457 557 21
457 561 12
457 580 24
458 511 3
458 529 18
458 555 1
458 590 24
458 592 7
459 462 12
459 463 1
459 480 20
459 484 14
459 487 5
459 515 23
459 534 3
459 571 22
459 586 2
460 482 21
460 567 22
461 467 12
461 470 1
461 487 8
461 501 11
461 510 8
461 517 21
461 534 21
461 562 12
461 586 14
461 589 13
461 597 3
461 598 14
462 472 8
462 473 14
462 498 12
462 525 13
462 531 9
462 544 14
462 567 13
462 569 15
462 574 2
462 596 14
463 488 11
463 499 15
463 504 18
463 508 8
463 528 19
463 549 16
463 579 10
463 591 17
463 595 12
464 485 23
464 507 17
464 525 19
464 536 10
464 542 1
464 554 15
464 564 5
464 565 12
464 587 5
464 596 20
465 484 14
465 516 20
465 542 4
466 467 4
466 469 8
466 560 16
466 579 14
466 585 21
466 590 6
467 496 6
467 510 22
467 513 19
467 516 16
467 521 13
467 527 13
467 553 24
467 574 6
467 589 3
467 591 10
468 504 22
468 526 16
468 531 9
468 543 13
468 556 12
468 565 19
468 595 13
469 474 3
469 496 23
469 517 1
469 520 7
469 526 19
469 553 14
469 590 1
470 476 23
470 519 20
470 549 8
471 474 13
471 498 8
471 517 5
471 522 18
471 531 13
471 542 3
471 562 13
471 598 4
472 501 15
472 508 25
472 518 4
472 525 20
472 575 4
472 585 15
472 597 17
473 551 22
473 557 23
473 578 6
473 582 8
473 584 16
474 525 21
474 541 12
474 557 16
474 570 21
474 576 18
475 477 9
475 494 12
475 497 20
475 540 6
475 559 8
476 483 2
476 521 21
476 529 17
476 563 8
476 565 15
476 580 5
477 490 10
477 491 5
477 502 10
477 514 24
477 528 6
477 536 15
477 537 18
477 569 10
477 573 4
477 597 11
478 491 8
478 492 3
478 494 19
478 513 15
478 530 19
478 536 14
478 542 1
479 525 11
479 546 11
479 551 20
479 556 19
479 567 24
479 593 14
480 539 2
480 591 6
480 592 17
481 483 24
481 492 23
481 493 24
481 511 15
481 521 4
481 529 8
481 558 19
481 582 15
481 583 8
482 489 2
482 490 4
482 491 2
482 492 11
482 500 9
482 540 13
482 558 18
482 569 11
482 570 6
482 586 9
483 531 6
483 567 21
483 576 11
484 499 16
484 535 6
484 550 7
484 553 12
484 561 5
485 488 20
485 557 15
485 565 12
485 583 13
486 551 15
486 557 9
486 572 11
486 595 6
487 492 12
487 502 20
487 503 25
487 519 1
487 563 2
487 573 3
487 591 6
488 495 5
488 500 13
488 508 16
488 523 17
488 544 7
488 578 2
488 580 24
488 589 17
488 590 9
489 507 21
489 550 4
489 559 2
489 565 4
489 582 10
489 583 15
489 586 8
490 499 6
490 514 4
490 520 21
490 531 18
490 573 20
490 593 5
491 495 5
491 505 25
491 511 18
491 540 1
491 544 1
492 520 21
492 533 4
492 535 3
492 550 3
492 586 8
493 507 17
493 522 19
493 528 2
493 531 25
493 542 22
493 553 2
493 568 16
493 575 5
493 586 23
494 495 21
494 504 8
494 511 1
494 518 7
494 520 22
494 562 10
495 538 12
495 555 2
495 566 5
495 596 6
496 514 21
496 539 11
496 566 10
496 577 21
496 589 6
497 547 10
497 595 23
497 598 1
498 590 15
499 518 1
499 571 5
499 583 23
499 596 19
500 502 23
500 550 24
501 518 19
501 521 19
501 531 25
501 534 11
501 543 1
501 545 24
501 550 7
501 566 10
501 567 24
501 577 13
503 509 7
503 566 10
504 524 2
504 566 8
504 579 17
504 582 7
505 558 4
506 509 2
506 512 17
506 516 1
506 531 7
506 563 3
507 510 25
507 520 9
507 539 18
507 544 2
507 570 14
507 576 17
508 538 21
509 521 13
509 529 17
509 553 16
509 566 9
510 512 18
510 524 1
510 540 9
510 546 17
510 551 9
510 566 18
510 567 17
510 569 24
510 577 1
511 514 2
511 518 25
511 543 9
511 548 18
511 570 6
511 582 14
511 596 21
512 520 24
512 521 16
512 533 5
512 572 4
512 574 17
512 581 13
512 584 23
512 585 19
513 548 3
513 553 16
513 566 14
513 579 16
514 529 7
514 534 4
514 542 24
514 550 24
515 548 6
515 558 9
515 565 15
515 583 15
516 528 3
516 530 9
516 544 15
516 553 6
516 560 10
516 568 14
516 593 14
516 597 4
517 538 21
517 552 4
517 553 24
517 564 22
517 582 21
518 521 3
518 544 2
518 552 12
518 566 18
518 581 24
519 567 5
519 596 20
519 598 14
520 583 20
521 525 12
521 553 22
521 582 25
522 587 12
523 542 20
523 543 6
523 582 22
523 591 12
523 598 22
524 532 25
524 548 20
524 551 11
524 591 5
524 598 6
525 551 1
525 555 20
525 563 9
525 581 21
525 586 25
525 595 9
526 532 17
526 536 20
526 589 12
527 552 18
527 577 6
527 580 6
527 589 18
527 595 13
528 530 2
528 531 8
528 536 9
528 566 14
528 574 4
528 580 9
528 591 2
529 540 1
529 590 16
530 533 24
530 548 12
530 561 12
530 587 23
531 541 6
531 545 24
531 552 4
531 576 11
531 587 24
531 591 25
531 598 21
532 558 19
532 562 24
532 570 4
533 542 13
533 553 18
534 535 17
534 537 7
534 555 25
534 565 22
535 541 2
535 543 14
535 548 24
535 571 9
535 584 23
535 589 14
535 595 15
536 548 8
536 560 15
536 592 15
538 564 23
538 593 13
538 599 1
539 563 11
539 592 12
539 597 8
540 548 9
540 555 17
540 573 18
540 586 7
541 544 16
541 550 13
541 551 2
541 559 14
541 560 18
542 583 16
542 591 8
543 591 10
543 592 23
544 566 10
544 571 6
544 578 24
544 580 25
544 595 6
545 549 9
545 558 24
545 573 19
545 586 23
546 561 6
546 565 11
546 570 12
546 572 5
546 574 25
546 575 14
546 585 15
546 588 12
547 594 21
548 564 25
548 572 5
548 576 15
549 555 8
549 570 21
549 586 4
550 585 10
551 553 11
551 594 22
552 576 25
552 589 19
553 584 6
554 570 24
554 571 5
554 575 11
555 583 24
555 599 4
556 570 19
556 576 8
557 579 3
557 590 12
558 569 5
558 570 10
559 587 24
560 592 19
561 563 15
562 568 24
562 583 7
562 585 6
563 572 12
563 579 5
564 578 6
565 573 16
565 574 19
566 585 15
567 576 11
567 595 23
569 576 1
569 578 24
571 580 21
571 583 3
572 574 19
573 577 1
573 587 1
573 591 23
574 592 13
575 577 25
576 583 3
578 581 6
578 595 9
578 598 7
580 590 20
580 592 13
582 583 17
587 593 18
590 597 8
591 592 8
591 593 16
592 598 17
600 299 28
601 599 16
600 601 44
602 619 1
602 647 2
602 688 1
602 703 7
602 724 3
602 762 5
602 791 6
602 796 1
602 821 2
602 825 5
602 833 3
602 836 10
602 837 7
602 845 1
602 855 10
602 874 10
602 878 2
603 613 7
603 627 6
603 655 2
603 660 1
603 676 6
603 734 6
603 796 4
603 837 1
603 846 4
603 860 3
603 868 5
603 875 8
603 898 8
603 900 4
604 613 10
604 649 9
604 654 6
604 705 6
604 723 3
604 756 3
604 806 3
604 832 3
604 836 6
604 843 7
604 853 7
604 858 6
604 877 6
604 887 8
605 609 7
605 611 7
605 619 1
605 627 6
605 649 2
605 663 2
605 680 6
605 683 9
605 709 9
605 770 9
605 782 9
605 789 3
605 805 2
605 824 6
605 842 2
606 655 9
606 727 1
606 761 1
606 762 9
606 766 8
606 803 6
606 804 2
606 805 10
606 817 1
606 827 4
606 849 6
606 850 9
606 855 1
606 856 3
606 872 4
607 613 10
607 615 9
607 646 10
607 647 10
607 654 4
607 655 3
607 668 3
607 675 2
607 686 1
607 733 1
607 740 10
607 746 2
607 751 5
607 753 3
607 773 7
607 791 6
607 805 1
607 855 9
607 857 6
607 868 2
608 615 6
608 636 4
608 651 3
608 684 6
608 689 4
608 695 8
608 718 3
608 729 2
608 751 10
608 753 5
608 757 6
608 771 9
608 775 3
608 777 5
608 844 8
608 870 9
608 877 8
609 611 2
609 654 10
609 659 10
609 698 3
609 701 9
609 759 1
609 773 7
609 805 2
609 807 9
609 813 3
609 821 4
609 859 7
609 883 10
610 629 5
610 660 5
610 690 3
610 722 9
610 723 10
610 751 8
610 766 7
610 785 2
610 790 2
610 796 6
610 797 6
610 801 7
610 834 7
610 838 10
610 865 3
610 884 6
610 891 10
611 627 2
611 658 8
611 660 9
611 671 4
611 720 10
611 760 10
611 776 4
611 798 8
611 799 3
611 819 5
611 835 2
611 844 8
611 854 3
611 855 2
611 856 3
611 862 7
611 863 6
611 891 3
612 615 8
612 632 4
612 649 9
612 662 9
612 679 5
612 694 7
612 730 6
612 776 3
612 778 3
612 819 8
613 617 7
613 709 8
613 714 7
613 764 1
613 778 7
613 779 8
613 785 4
613 808 8
613 834 7
613 838 7
613 848 6
613 860 1
613 863 3
613 871 7
613 873 8
613 877 6
613 901 10
614 619 2
614 633 2
614 659 6
614 678 5
614 753 10
614 794 1
614 831 3
614 835 10
615 629 7
615 664 1
615 670 8
615 686 1
615 690 3
615 693 5
615 715 7
615 720 3
615 729 3
615 743 7
615 770 9
615 792 10
615 799 2
615 819 7
615 893 8
615 898 9
616 648 4
616 653 10
616 672 3
616 689 10
616 692 8
616 693 8
616 695 10
616 697 9
616 702 10
616 708 7
616 711 5
616 742 9
616 750 9
616 815 10
616 836 10
616 841 5
616 869 10
616 874 7
617 618 7
617 621 5
617 665 3
617 667 5
617 677 7
617 719 6
617 731 4
617 755 5
617 760 7
617 770 5
617 798 3
617 803 7
617 842 5
617 850 6
617 870 6
617 876 8
618 648 8
618 662 5
618 745 5
618 757 9
618 832 4
618 833 4
618 855 7
618 864 10
618 877 4
618 887 5
619 636 9
619 647 6
619 668 1
619 670 1
619 690 2
619 692 7
619 701 5
619 706 5
619 725 1
619 795 1
619 797 2
619 814 4
619 822 7
619 825 10
619 870 9
619 879 2
619 883 8
620 658 5
620 667 7
620 712 4
620 716 2
620 725 4
620 740 8
620 751 7
620 764 4
620 775 3
620 824 2
620 826 10
620 838 3
620 848 8
620 859 4
620 883 3
621 641 3
621 650 6
621 652 3
621 656 4
621 680 2
621 684 7
621 716 10
621 735 5
621 773 9
621 873 3
621 886 10
622 634 8
622 669 5
622 672 10
622 682 9
622 688 2
622 711 5
622 713 7
622 729 7
622 746 6
622 835 1
622 866 5
622 887 4
622 892 6
622 893 9
623 636 6
623 663 6
623 698 3
623 753 3
623 771 1
623 781 6
623 796 7
623 798 7
623 800 10
623 842 2
623 851 10
623 858 9
623 861 4
623 887 4
624 645 9
624 654 8
624 713 6
624 726 6
624 775 2
624 776 5
624 808 6
624 809 6
624 817 1
624 824 3
624 873 2
624 874 9
625 642 5
625 672 8
625 703 2
625 715 10
625 722 7
625 730 9
625 747 5
625 818 1
625 855 1
626 628 8
626 638 8
626 661 9
626 672 4
626 687 10
626 688 1
626 699 3
626 707 8
626 725 4
626 744 9
626 754 8
626 765 1
626 774 4
626 810 4
626 816 5
626 817 10
626 824 9
626 846 10
626 897 1
627 630 1
627 632 3
627 645 9
627 671 5
627 672 1
627 686 2
627 695 7
627 699 9
627 708 1
627 726 3
627 734 9
627 735 3
627 763 10
627 804 9
627 823 2
627 854 3
627 855 8
628 664 2
628 672 8
628 688 7
628 731 7
628 733 6
628 747 4
628 759 9
628 776 1
628 809 7
628 813 5
628 831 10
629 636 8
629 648 6
629 655 2
629 664 10
629 682 9
629 723 10
629 768 7
629 793 1
629 808 4
629 811 3
629 816 1
629 820 4
629 826 7
629 828 1
630 647 6
630 726 7
630 752 9
630 758 7
630 797 1
630 849 6
630 893 10
631 633 10
631 661 2
631 674 8
631 682 5
631 687 6
631 689 9
631 691 7
631 693 4
631 701 3
631 727 7
631 743 3
631 780 9
631 785 10
631 796 5
631 818 9
631 827 2
631 840 1
632 637 9
632 662 5
632 664 5
632 672 9
632 678 8
632 688 1
632 691 9
632 710 3
632 712 9
632 721 10
632 774 10
632 777 2
632 794 5
632 893 1
632 899 1
633 653 9
633 778 9
633 847 6
633 895 6
634 644 7
634 651 4
634 680 1
634 750 1
634 766 10
634 828 4
634 836 9
634 874 2
634 875 8
634 886 9
634 890 3
634 893 10
635 660 7
635 681 7
635 715 6
635 717 7
635 725 4
635 743 8
635 747 8
635 764 8
635 807 7
635 821 7
635 828 9
635 837 8
635 842 1
635 857 10
636 638 10
636 647 1
636 652 10
636 667 5
636 677 6
636 719 8
636 734 9
636 742 7
636 760 8
636 784 10
636 859 2
636 889 7
636 900 3
637 642 1
637 689 7
637 709 5
637 724 2
637 736 4
637 754 3
637 778 7
637 802 2
637 826 6
637 847 6
637 871 9
637 873 6
637 876 4
637 897 5
638 660 4
638 665 3
638 676 8
638 677 5
638 689 3
638 690 10
638 691 4
638 705 9
638 707 6
638 735 1
638 744 9
638 772 4
638 785 9
638 790 1
638 811 7
638 820 7
638 834 3
638 854 7
639 650 3
639 651 8
639 652 10
639 664 8
639 669 10
639 677 8
639 683 2
639 688 8
639 708 3
639 715 10
639 720 3
639 727 9
639 741 7
639 746 8
639 759 1
639 812 6
639 822 3
639 841 5
639 846 5
639 849 6
639 853 4
639 863 2
640 642 9
640 686 2
640 693 7
640 717 9
640 739 2
640 760 3
640 783 7
640 852 5
641 642 1
641 646 1
641 667 4
641 680 10
641 732 1
641 745 5
641 749 9
641 821 2
641 847 2
641 851 4
641 882 3
642 645 6
642 651 2
642 654 9
642 663 4
642 699 4
642 706 6
642 738 6
642 759 9
642 761 1
642 771 3
642 775 2
642 791 2
642 797 1
642 798 5
642 886 1
642 897 1
642 899 9
643 664 3
643 682 7
643 701 5
643 702 4
643 833 8
643 859 8
643 872 5
643 877 8
643 901 2
644 652 4
644 678 1
644 704 6
644 727 7
644 775 3
644 791 1
644 799 10
644 812 2
644 825 4
644 872 3
644 878 7
644 884 9
644 889 3
645 657 9
645 669 4
645 746 6
645 767 3
645 778 6
645 786 1
645 789 3
645 811 7
645 869 1
645 879 5
645 884 5
646 665 5
646 687 10
646 696 2
646 700 4
646 701 7
646 721 1
646 723 7
646 752 2
646 777 1
646 783 2
646 796 10
646 806 6
646 858 3
646 868 9
646 875 7
646 896 8
647 684 3
647 687 5
647 723 9
647 730 6
647 802 6
647 805 2
647 814 1
647 825 8
647 834 7
647 848 3
647 853 10
647 875 5
648 670 3
648 705 6
648 730 10
648 736 7
648 762 8
648 766 3
648 832 2
648 835 4
648 846 6
648 848 9
648 854 5
649 675 8
649 676 2
649 680 4
649 681 3
649 683 4
649 700 4
649 778 1
649 780 4
649 791 6
649 824 6
649 826 2
649 845 1
649 873 1
649 879 5
649 891 4
650 671 10
650 740 1
650 743 6
650 765 1
650 781 8
650 804 9
650 865 6
650 877 7
651 678 7
651 685 5
651 697 1
651 699 9
651 704 8
651 707 6
651 719 9
651 724 4
651 743 4
651 753 10
651 787 7
651 806 8
651 820 6
651 836 2
651 886 9
651 892 9
652 653 8
652 668 6
652 705 2
652 718 10
652 725 8
652 728 6
652 744 3
652 747 7
652 763 8
652 766 9
652 802 7
652 809 5
652 822 9
652 840 4
652 847 3
652 873 7
652 882 9
652 901 4
653 658 5
653 696 8
653 707 9
653 744 5
653 747 2
653 749 4
653 756 5
653 781 10
653 789 2
653 805 2
653 809 2
653 810 2
653 811 2
653 817 9
654 695 7
654 702 3
654 728 8
654 759 4
654 762 8
654 776 3
654 831 10
654 833 7
654 847 1
654 848 8
654 879 2
654 885 1
655 674 1
655 687 4
655 785 7
655 810 1
656 687 9
656 705 4
656 722 9
656 726 10
656 751 8
656 773 2
656 779 5
656 781 4
656 785 1
656 803 6
656 824 5
656 828 2
656 858 9
657 661 8
657 663 10
657 688 5
657 692 10
657 729 10
657 749 8
657 756 9
657 768 2
657 783 9
657 811 6
657 893 4
658 683 6
658 686 9
658 695 4
658 708 9
658 711 4
658 736 10
658 761 1
658 770 3
658 785 5
658 802 9
658 824 2
658 885 3
658 896 2
659 694 6
659 728 8
659 763 3
659 774 4
659 782 3
659 792 4
659 814 4
659 824 2
659 831 6
659 839 9
659 873 2
659 888 5
660 686 6
660 722 10
660 778 8
660 810 7
660 812 7
660 836 1
660 860 2
660 861 5
660 868 6
660 888 2
660 894 9
661 673 7
661 677 3
661 731 1
661 741 2
661 742 3
661 761 4
661 791 6
661 793 5
661 799 1
661 804 3
661 807 7
661 835 6
661 868 7
661 877 2
661 883 10
661 888 9
662 675 7
662 680 8
662 684 10
662 708 3
662 712 5
662 727 1
662 754 10
662 813 1
662 814 8
662 822 2
662 824 5
662 871 4
662 875 7
662 896 8
663 677 2
663 681 4
663 729 10
663 743 4
663 762 7
663 769 5
663 790 7
663 832 2
663 850 9
663 851 8
663 854 4
663 871 7
664 687 5
664 707 1
664 739 8
664 741 4
664 759 1
664 761 7
664 833 3
665 671 10
665 725 9
665 735 8
665 756 2
665 764 9
665 784 10
665 789 9
665 829 2
665 830 6
665 850 3
666 669 9
666 674 4
666 727 6
666 736 4
666 742 3
666 753 10
666 830 2
666 885 9
667 706 6
667 712 3
667 753 7
667 770 5
667 796 8
667 809 5
667 834 2
667 876 10
667 886 5
667 893 5
667 894 10
668 689 1
668 711 10
668 772 9
668 791 1
668 796 7
668 805 3
668 810 1
668 817 8
668 827 3
668 835 3
668 842 4
668 883 5
669 671 1
669 674 7
669 702 3
669 707 6
669 752 1
669 778 2
669 780 7
669 781 10
669 796 9
669 801 1
669 805 8
669 817 6
669 818 8
669 836 3
669 838 7
669 866 8
670 672 9
670 682 3
670 707 7
670 731 1
670 756 2
670 759 8
670 777 1
670 808 8
670 832 2
670 833 4
670 837 8
670 838 4
670 840 6
670 883 1
671 731 1
671 737 8
671 765 9
671 770 3
671 776 3
671 786 9
671 810 4
671 812 1
671 850 8
671 852 4
671 890 1
672 675 8
672 721 9
672 757 10
672 766 2
672 772 5
672 801 9
672 836 10
672 840 8
672 842 8
672 868 2
672 871 9
673 689 7
673 702 4
673 703 9
673 757 8
673 765 7
673 766 6
673 775 1
673 806 2
673 828 8
673 859 1
673 868 1
674 761 8
674 797 3
674 809 5
674 815 6
674 818 8
674 832 5
674 846 6
674 892 2
674 897 7
675 680 3
675 689 10
675 690 9
675 746 4
675 754 5
675 800 7
675 804 5
675 817 4
675 822 4
675 863 6
675 870 4
675 873 2
675 886 1
675 892 2
676 709 9
676 735 8
676 756 9
676 777 10
676 843 1
676 895 8
677 685 2
677 696 2
677 714 5
677 737 7
677 762 6
677 768 1
677 899 4
678 679 3
678 686 8
678 718 5
678 731 1
678 746 2
678 758 7
678 759 9
678 780 7
678 809 3
678 815 8
678 836 1
678 865 6
678 880 3
678 887 8
679 702 9
679 713 5
679 716 8
679 722 3
679 749 3
679 756 7
679 770 1
679 802 4
679 810 8
679 824 1
679 858 8
679 866 9
679 887 5
680 704 4
680 709 6
680 720 7
680 742 7
680 768 8
680 770 4
680 775 4
680 787 9
680 821 7
680 848 10
680 849 7
680 861 3
680 890 2
680 901 6
681 691 5
681 692 7
681 722 9
681 833 2
681 847 7
681 857 3
681 870 2
681 890 9
682 699 7
682 718 8
682 776 2
682 812 1
682 868 5
682 874 2
682 883 10
683 690 5
683 721 8
683 751 3
683 793 1
683 833 5
683 834 9
683 854 8
683 872 10
684 704 2
684 726 8
684 745 7
684 748 1
684 751 7
684 795 1
684 801 4
684 806 2
684 880 6
684 883 2
684 895 10
684 901 9
685 709 9
685 722 2
685 739 10
685 740 9
685 742 1
685 766 8
685 768 2
685 788 3
685 795 4
685 811 3
685 835 2
685 839 9
685 844 3
685 863 4
685 879 9
686 694 7
686 738 2
686 753 8
686 780 8
686 781 6
686 792 6
686 808 6
686 810 8
686 846 4
686 856 7
686 883 2
686 885 5
686 894 4
687 721 3
687 737 5
687 755 2
687 765 3
687 826 8
687 838 2
687 858 2
687 874 10
687 889 1
687 899 3
688 709 2
688 738 4
688 755 8
688 760 3
688 773 4
688 789 2
688 834 8
688 850 4
688 852 8
688 865 2
688 878 2
688 880 7
688 884 7
688 900 9
689 695 3
689 707 6
689 740 2
689 742 1
689 820 7
690 694 8
690 697 4
690 702 2
690 712 4
690 735 5
690 737 4
690 752 4
690 757 8
690 778 7
690 795 3
690 838 8
690 846 2
690 867 5
690 880 4
691 698 1
691 715 9
691 744 7
691 772 2
691 796 7
691 797 1
691 807 1
691 815 8
691 828 4
691 835 7
691 843 6
691 872 2
691 886 1
691 891 1
692 742 5
692 756 3
692 802 8
692 807 2
692 809 6
692 866 1
692 877 8
693 706 3
693 749 4
693 752 1
693 759 10
693 814 3
693 837 3
693 860 10
693 870 4
694 710 7
694 712 3
694 727 6
694 731 8
694 757 1
694 758 7
694 765 4
694 795 1
694 799 9
694 832 3
694 842 6
694 843 7
694 848 8
694 874 9
695 725 10
695 727 8
695 728 3
695 731 2
695 857 7
695 894 7
696 707 10
696 712 7
696 747 4
696 761 4
696 768 3
696 803 4
696 808 5
696 838 7
696 845 8
696 866 4
696 870 10
696 885 7
696 892 8
697 718 7
697 739 4
697 777 9
697 846 3
697 862 7
697 894 1
698 709 3
698 718 1
698 743 7
698 763 9
698 846 8
698 849 5
698 871 8
699 722 5
699 741 10
699 754 10
699 787 4
699 803 8
699 811 1
699 834 10
699 838 1
699 859 4
699 860 4
699 865 6
699 866 8
699 870 10
699 885 3
699 892 4
700 715 1
700 738 9
700 751 1
700 754 7
700 759 4
700 768 1
700 787 1
700 791 10
700 850 2
700 863 3
701 712 10
701 732 10
701 747 4
701 758 9
701 761 6
701 763 1
701 797 4
701 803 5
701 818 2
701 823 7
701 881 2
701 882 2
702 708 8
702 729 4
702 756 7
702 760 4
702 786 9
702 830 5
702 832 3
702 837 4
702 856 8
702 875 4
703 727 4
703 733 10
703 757 2
703 792 8
703 834 1
703 838 3
703 855 9
703 875 2
704 817 7
704 826 1
704 828 3
704 841 10
704 845 9
704 870 8
704 878 1
704 882 4
704 884 3
704 886 4
704 899 2
705 710 6
705 732 8
705 763 10
705 768 10
705 816 4
705 817 5
705 840 10
705 850 10
705 874 7
706 755 5
706 765 7
706 805 2
706 822 9
706 839 9
706 850 4
706 880 6
707 749 9
707 769 8
707 778 4
707 784 2
707 799 4
707 838 4
707 851 4
707 870 6
707 899 5
708 744 1
708 761 8
708 791 8
708 826 3
708 829 1
708 830 10
708 834 1
708 856 8
709 718 1
709 728 10
709 759 4
709 769 5
709 792 1
709 815 3
710 730 3
710 819 6
710 828 2
710 842 7
710 865 6
710 880 10
711 715 10
711 729 1
711 746 8
711 758 9
711 772 6
711 789 9
711 859 4
711 862 2
712 747 2
712 804 9
712 812 6
712 831 2
712 844 8
712 882 3
713 722 7
713 724 9
713 730 4
713 743 7
713 744 8
713 747 6
713 777 8
713 807 1
713 816 2
713 819 10
713 847 6
713 885 5
714 744 7
714 755 7
714 770 1
714 771 2
714 817 6
714 830 2
714 844 2
714 862 5
715 771 2
715 792 10
715 800 3
715 814 5
715 835 1
715 866 6
716 717 6
716 736 6
716 761 9
716 769 3
716 771 10
716 783 7
716 812 3
716 830 6
716 837 5
716 859 1
716 861 1
716 871 4
716 874 3
716 881 5
717 720 4
717 729 8
717 740 1
717 745 10
717 752 6
717 766 1
717 768 4
717 835 3
717 838 4
717 841 7
717 846 7
717 891 5
717 895 6
718 749 1
718 765 1
718 787 6
718 788 8
718 799 6
718 834 3
718 870 7
718 893 1
718 896 3
719 753 3
719 760 3
719 776 10
719 795 10
719 802 5
719 814 2
719 842 3
719 859 8
719 864 6
719 885 6
719 889 7
720 740 6
720 766 8
720 775 3
720 797 8
720 804 3
720 810 7
720 832 1
720 838 9
720 844 4
720 845 7
720 849 5
720 851 6
720 856 10
720 860 10
721 733 4
721 735 7
721 765 5
721 793 10
721 794 7
721 798 7
721 828 4
721 881 2
722 740 8
722 746 3
722 798 6
722 806 9
722 809 8
722 826 5
723 751 5
723 752 3
723 777 4
723 783 10
723 788 2
723 812 6
723 818 8
723 875 4
724 734 4
724 735 10
724 798 3
724 800 7
724 812 9
724 873 9
725 749 3
725 769 8
725 775 8
725 790 6
725 810 6
725 815 4
725 826 7
725 859 3
725 861 10
725 863 2
725 878 6
726 737 7
726 801 7
726 816 1
726 826 8
726 848 4
726 882 8
726 888 2
727 735 8
727 738 1
727 741 3
727 756 2
727 809 8
727 841 2
727 848 5
727 857 1
727 879 2
727 899 9
728 752 10
728 760 2
728 830 9
728 888 2
729 738 1
729 800 9
729 814 9
729 853 6
729 871 2
729 888 7
729 897 10
730 744 2
730 759 8
730 789 5
730 800 10
730 824 6
730 848 8
730 869 9
731 734 9
731 761 5
731 792 10
731 825 7
731 859 7
732 771 3
732 782 10
732 790 4
732 802 4
732 814 6
732 821 6
732 828 7
732 830 5
732 834 5
732 883 10
732 889 3
732 900 6
733 749 10
733 777 1
733 795 6
733 858 6
734 772 3
734 786 2
734 789 7
734 800 6
734 822 2
734 823 2
734 835 7
734 836 7
735 741 1
735 744 6
735 787 6
735 791 5
735 799 7
735 801 4
735 813 1
735 845 1
735 862 3
736 741 6
736 802 7
736 811 8
736 821 1
736 823 3
736 894 4
737 767 6
737 777 3
737 802 9
737 811 3
737 825 4
737 834 1
737 895 9
738 759 1
738 762 5
738 770 2
738 774 8
738 787 2
738 797 3
738 802 1
738 824 1
738 874 10
738 882 1
738 885 8
738 893 7
739 765 5
739 785 4
739 800 2
739 823 7
739 843 7
739 863 6
739 874 4
739 893 3
740 790 3
740 794 4
740 817 5
740 819 9
740 834 1
740 841 9
740 847 9
740 852 6
740 871 5
740 887 1
741 744 4
741 764 5
741 765 6
741 786 5
741 792 4
741 805 9
741 820 10
741 824 4
741 851 1
741 871 9
741 899 4
742 746 8
742 770 7
742 794 10
742 808 4
742 821 8
742 825 8
742 830 10
742 841 3
742 842 1
742 848 2
742 879 7
742 885 7
743 745 8
743 774 7
743 775 9
743 779 9
743 809 5
744 749 4
744 750 3
744 783 6
744 796 9
744 808 9
744 830 3
744 841 6
744 863 3
744 880 3
744 882 5
745 747 8
745 791 4
745 806 5
745 809 4
745 848 1
745 850 1
745 878 3
745 889 4
746 749 8
746 788 3
746 882 5
746 886 10
747 817 5
747 839 6
747 849 8
747 856 3
747 861 4
747 863 5
747 896 2
747 900 2
748 790 9
748 813 7
748 883 6
749 770 6
749 787 6
749 799 4
749 806 10
749 861 1
749 873 8
749 888 5
749 899 7
749 900 6
750 767 8
750 771 1
750 780 9
750 785 10
750 809 1
750 817 3
750 820 6
750 846 10
750 847 5
750 858 10
750 897 1
751 779 10
751 850 6
751 855 8
751 873 4
751 876 1
751 877 2
751 900 5
752 759 2
752 763 3
752 783 4
752 784 9
752 800 10
752 884 9
753 773 2
753 776 10
753 814 1
753 815 10
753 833 4
753 894 7
754 768 5
754 769 3
754 778 7
754 786 3
754 817 2
754 831 7
754 863 7
754 886 9
755 770 6
755 773 2
755 813 9
755 825 6
755 840 3
756 782 6
756 808 5
756 832 6
756 834 6
756 848 7
756 881 3
756 893 9
757 760 1
757 780 6
757 818 7
757 826 10
757 847 6
757 848 8
757 851 1
757 867 6
757 875 9
757 881 6
758 787 2
758 788 5
758 799 8
758 810 8
758 811 9
758 866 2
758 882 6
758 901 6
759 764 10
759 767 3
759 786 7
759 790 8
759 794 10
759 819 1
759 853 5
759 861 4
759 865 8
759 884 10
760 787 2
760 794 10
760 800 8
760 820 4
760 853 7
760 884 4
760 891 4
760 897 2
761 775 4
762 791 6
762 826 9
762 834 2
762 879 2
762 890 10
763 772 9
763 874 1
763 887 9
763 898 7
763 900 2
764 821 6
764 827 2
764 829 4
764 837 8
764 842 8
764 856 3
764 870 9
764 881 10
764 884 8
765 773 5
765 775 8
765 779 7
765 782 8
765 803 9
765 812 7
765 851 2
765 862 6
765 870 2
766 767 5
766 794 9
766 804 5
766 805 2
766 815 8
766 817 9
766 820 3
766 822 7
766 824 7
766 832 4
766 865 8
766 873 3
766 874 7
766 881 3
767 773 7
767 797 2
767 799 3
767 817 6
767 828 5
767 881 1
768 801 6
768 803 2
768 804 7
768 826 3
768 829 10
768 888 5
768 891 1
769 779 6
769 786 6
769 803 8
769 810 8
769 827 2
769 843 7
769 852 4
769 859 3
769 863 4
769 898 2
770 779 8
770 783 2
770 794 10
770 843 3
770 852 9
770 859 5
770 880 1
770 890 4
770 896 1
770 897 3
770 901 6
771 791 6
771 795 7
771 823 8
771 832 1
771 870 10
771 876 7
771 891 5
772 775 9
772 790 1
772 792 8
772 846 7
772 872 8
773 792 5
773 800 6
773 808 9
773 816 1
773 819 9
773 850 3
773 884 6
774 793 3
774 796 10
774 819 10
774 824 2
774 831 4
774 837 10
774 889 8
775 789 5
775 813 3
775 817 8
775 849 7
776 778 10
776 797 6
776 844 5
776 846 10
776 852 8
776 860 4
776 869 6
776 877 3
777 818 4
777 844 8
777 850 10
777 867 10
778 815 5
778 823 6
778 834 7
778 874 5
778 894 7
779 788 6
779 849 7
779 850 4
780 781 8
780 797 9
780 821 3
780 850 1
780 861 2
780 889 3
781 782 1
781 814 8
781 836 7
781 848 10
781 854 4
781 865 7
781 882 5
782 796 8
782 797 8
782 809 3
782 841 3
782 863 3
782 880 5
782 890 7
782 893 10
783 786 6
783 810 8
783 815 6
783 850 1
783 851 5
783 883 10
783 901 9
784 786 2
784 803 6
784 805 5
784 815 1
784 824 6
784 827 7
784 835 3
784 863 10
784 885 1
784 888 3
784 901 7
785 790 10
785 794 3
785 864 3
785 898 8
786 790 7
786 795 2
786 799 5
786 822 1
786 823 7
786 829 9
786 856 5
786 869 3
786 880 10
786 886 2
786 896 2
786 901 5
787 820 5
787 857 8
788 809 4
788 819 3
788 824 9
788 849 1
789 848 7
789 866 9
789 896 7
790 794 6
790 822 2
790 837 8
790 892 8
791 803 4
791 829 4
791 832 7
791 844 8
791 855 8
791 875 4
791 878 7
791 883 2
792 817 10
792 836 7
792 840 8
792 886 8
792 887 4
793 804 10
793 831 7
793 838 5
793 842 3
793 869 1
794 795 9
794 833 1
794 841 4
794 849 4
794 851 1
794 874 7
794 894 2
795 801 10
795 822 3
795 849 9
795 860 3
795 890 10
796 811 7
796 819 8
796 852 5
796 858 5
796 868 6
796 870 5
796 874 9
796 875 2
796 897 6
797 838 8
797 884 8
797 888 3
797 898 8
798 826 1
798 847 4
798 860 4
798 887 8
799 805 6
799 826 7
799 837 8
799 855 8
799 871 10
799 899 3
800 801 9
800 821 6
800 828 5
800 836 10
800 841 10
800 853 3
800 858 2
801 836 1
801 841 1
801 898 9
802 806 8
802 813 6
802 827 4
802 828 2
802 837 6
802 856 7
803 805 7
803 834 3
803 876 7
804 844 1
804 861 10
804 899 9
805 813 4
805 819 6
805 844 6
805 860 1
805 861 2
805 868 6
805 869 9
805 880 3
806 823 8
806 834 9
806 873 1
807 815 2
807 852 8
807 855 2
807 868 7
807 877 9
807 881 3
807 887 7
807 889 9
807 894 2
808 849 4
808 851 5
808 865 3
808 874 9
809 815 1
809 832 1
809 835 4
809 838 7
809 856 3
809 883 5
809 898 8
810 835 6
810 839 10
810 875 3
811 818 6
811 819 3
811 846 8
811 856 6
811 861 6
811 881 8
812 814 4
812 822 8
812 844 9
812 896 3
813 820 9
813 840 7
814 816 1
814 837 3
814 850 4
814 872 2
814 880 4
814 884 7
814 897 6
815 820 8
815 826 8
815 898 8
815 900 10
816 822 1
816 850 7
816 859 2
816 864 5
816 872 4
816 895 7
817 853 5
817 855 6
817 861 5
817 862 7
817 880 6
817 893 2
817 896 4
818 841 3
818 848 8
818 853 1
818 858 3
818 864 10
818 866 2
818 871 10
818 881 3
818 890 4
819 826 5
819 848 4
819 878 8
819 898 3
820 841 9
820 849 7
820 856 10
820 857 6
821 856 7
821 862 10
821 887 2
822 864 8
822 879 7
823 832 5
823 834 7
823 886 3
824 832 3
824 863 3
824 888 9
826 842 10
826 855 4
826 875 5
826 892 2
827 843 3
827 875 7
827 888 6
827 892 3
828 839 8
828 866 5
828 871 7
829 832 4
829 840 9
829 841 10
829 848 1
829 899 4
830 835 10
830 880 9
831 835 3
831 849 5
831 897 5
832 848 5
832 854 9
832 874 3
832 887 1
832 899 5
833 845 1
833 861 3
834 842 7
834 855 3
834 857 3
834 867 6
834 873 8
835 851 9
836 851 9
836 869 3
837 839 6
837 863 5
837 881 5
837 901 5
838 842 1
838 846 1
838 852 8
838 869 2
838 871 2
838 873 10
838 883 5
838 901 1
839 849 9
839 897 9
839 901 7
840 843 5
840 844 5
840 848 5
840 896 9
841 843 7
841 866 2
841 867 9
841 892 9
841 893 10
842 864 3
842 869 4
842 870 8
842 883 1
842 884 4
842 889 6
843 855 3
843 874 1
843 885 2
843 894 9
844 849 8
844 863 3
844 890 1
845 875 5
845 878 4
845 890 2
845 896 7
845 897 10
846 886 4
846 895 7
847 876 8
847 882 10
847 886 1
848 863 5
848 864 7
849 869 10
849 888 1
850 890 10
850 894 8
851 880 2
851 882 9
851 887 3
851 890 5
851 900 6
851 901 5
852 860 10
852 894 4
853 867 9
853 890 1
856 901 7
857 876 7
857 884 8
857 886 1
859 883 9
859 886 4
859 890 6
860 864 2
860 872 10
860 881 5
860 896 5
860 900 6
861 877 5
862 892 6
863 880 9
863 890 9
866 896 2
868 876 8
868 890 9
869 892 1
870 885 7
871 876 10
872 874 2
872 877 9
872 881 6
873 878 7
874 890 3
876 890 6
877 878 2
877 879 1
879 895 8
881 884 9
881 891 9
881 893 7
882 888 9
883 890 9
883 900 10
884 885 7
884 886 10
886 898 2
890 896 1
893 899 6
895 899 9
902 601 43
903 901 10
902 903 22
