904 6735
72 40 94 34 59 82 91 22 51 30 74 27 75 28 41 45 72 23 59 85 72 79 97 3 33 14 96 70 77 69 5 48 60 50 82 70 84 24 91 34 54 16 61 28 95 53 24 66 76 82 2 99 13 51 53 45 64 49 15 92 69 71 40 80 21 73 49 56 48 91 89 1 6 1 81 53 54 4 18 29 38 72 79 50 74 32 94 37 32 60 28 100 83 19 79 55 43 79 10 91 69 98 43 26 51 23 78 4 79 48 84 16 19 62 65 92 93 10 80 24 22 59 75 56 30 5 10 24 83 71 14 51 20 9 29 70 31 6 73 61 53 56 76 23 18 92 66 62 54 97 86 75 8 12 82 37 17 91 60 99 61 26 2 80 34 30 50 16 87 74 77 40 30 4 14 99 96 32 12 1 28 97 27 87 61 8 23 77 98 83 27 10 8 28 41 93 9 90 8 96 16 84 87 97 88 52 95 35 83 6 87 63 55 13 49 15 20 24 43 69 6 69 30 65 49 70 57 9 12 16 4 27 100 42 23 39 94 69 25 76 74 11 90 80 75 39 46 46 62 40 14 19 9 43 35 9 64 43 17 75 58 73 1 9 14 75 99 7 43 75 35 69 85 24 100 11 14 46 56 27 37 69 97 45 63 31 5 27 25 74 53 83 46 6 43 59 80 42 18 23 55 94 69 100 1 34 42 73 18 97 21 64 71 89 83 58 48 27 41 40 28 100 46 61 16 55 97 76 10 59 53 16 4 21 15 4 7 8 28 76 4 48 39 27 88 21 84 87 99 76 26 27 76 24 39 43 30 36 70 39 94 22 54 49 95 21 52 53 28 80 80 84 79 18 10 19 91 45 5 89 73 83 15 100 58 54 42 87 41 64 26 86 37 31 34 83 3 37 35 83 68 14 18 99 84 27 17 74 23 73 14 95 55 81 46 12 86 88 51 26 3 76 63 39 58 96 22 13 84 8 95 4 74 64 2 57 90 18 82 64 42 47 11 97 27 56 60 12 95 10 89 97 37 51 36 47 98 9 59 34 16 5 37 89 68 38 97 9 7 30 72 48 29 34 44 55 90 56 19 36 17 7 33 54 10 20 52 59 28 10 92 95 66 28 36 33 65 84 93 23 66 64 71 94 50 66 48 91 21 18 26 90 25 10 95 86 29 46 44 8 55 36 55 72 15 42 4 32 25 96 54 90 11 24 35 12 42 83 2 62 52 28 3 76 89 97 13 70 42 57 29 48 44 83 19 10 24 74 41 1 21 95 42 32 70 77 95 11 11 97 25 62 76 27 90 64 24 2 33 17 10 62 65 5 96 35 15 20 9 55 72 29 1 65 12 23 41 7 33 3 84 87 56 83 90 100 85 62 46 99 7 97 88 90 18 48 28 52 88 82 2 76 51 83 100 94 31 2 41 100 35 55 84 91 89 25 42 73 87 87 23 93 35 11 34 52 58 62 56 97 43 9 72 45 91 71 39 73 25 31 72 11 37 7 1 26 32 42 98 70 81 73 62 15 83 47 19 92 8 26 41 2 34 12 47 76 35 37 48 11 67 71 21 55 77 22 80 60 15 30 29 47 2 42 62 36 89 80 27 96 57 19 50 90 31 96 17 17 32 64 27 50 34 47 4 62 20 84 22 87 65 2 33 18 44 46 53 32 77 31 79 33 50 28 74 32 75 90 48 58 53 26 7 38 24 11 52 44 46 73 82 62 26 14 79 69 12 31 52 88 13 31 21 62 10 94 45 37 84 44 94 88 69 1 78 93 63 81 88 60 5 69 21 30 34 99 99 97 81 2 85 45 84 57 59 94 50 3 30 85 47 23 25 15 75 54 59 37 34 46 48 90 66 68 19 52 18 69 48 50 71 84 95 54 40 53 99 42 55 80 78 53 55 54 68 29 7 78 18 92 76 65 81 93 33 100 44 2 20 44 52 90 27 98 44 19 2 42 60 8 22 37 61 76 91 80 56 49 57 73 41 32 90 73 25 74 24 20 75 44 15 78 33 42 75 28 60 28 22 71 36 95 36 87
0 20 16
0 74 52
0 82 43
0 93 53
0 124 75
0 127 42
0 130 63
0 136 41
0 139 39
0 154 71
0 155 67
0 161 76
0 164 91
0 253 16
0 270 72
0 293 54
1 19 46
1 42 29
1 44 32
1 66 23
1 78 2
1 86 36
1 103 5
1 104 47
1 107 41
1 123 99
1 163 57
1 245 21
1 246 40
1 258 74
1 271 95
2 24 8
2 33 25
2 54 89
2 72 12
2 87 52
2 92 30
2 98 26
2 128 92
2 140 21
2 156 96
2 174 10
2 178 96
2 232 87
2 247 25
2 255 19
2 284 92
3 14 23
3 38 47
3 55 75
3 62 45
3 87 48
3 109 10
3 112 1
3 116 46
3 118 51
3 123 99
3 132 3
3 141 23
3 161 91
3 175 76
3 178 17
3 182 50
3 193 1
3 205 5
3 206 61
3 222 4
3 248 86
3 274 38
4 21 47
4 47 58
4 52 86
4 62 56
4 73 5
4 102 72
4 122 33
4 158 24
4 176 15
4 180 7
4 184 22
4 203 89
4 205 3
4 209 70
4 263 98
5 10 3
5 41 15
5 51 100
5 97 53
5 105 17
5 135 22
5 145 95
5 168 45
5 170 90
5 175 44
5 222 97
5 255 46
5 266 56
5 290 100
6 11 84
6 37 94
6 51 46
6 53 41
6 60 79
6 83 53
6 106 46
6 112 2
6 127 85
6 130 21
6 184 16
6 205 43
6 274 42
6 275 56
7 20 45
7 34 11
7 57 5
7 67 99
7 73 78
7 89 5
7 98 4
7 100 46
7 137 78
7 148 98
7 181 90
7 186 20
7 198 42
7 203 86
7 224 65
7 244 97
7 248 37
7 267 48
7 293 42
8 29 82
8 53 41
8 90 72
8 124 35
8 128 86
8 145 73
8 169 71
8 170 6
8 214 40
8 238 14
8 249 99
8 264 95
8 272 58
9 11 62
9 25 100
9 37 9
9 38 39
9 42 56
9 67 12
9 122 36
9 132 33
9 137 9
9 162 26
9 191 52
9 261 2
9 284 63
10 14 69
10 24 99
10 35 100
10 42 68
10 79 92
10 130 33
10 134 8
10 154 64
10 157 67
10 170 45
10 200 88
10 212 38
10 215 2
10 223 28
10 238 51
10 251 1
11 33 22
11 40 60
11 45 62
11 118 73
11 132 20
11 141 52
11 149 28
11 191 31
11 208 87
11 209 61
11 255 40
11 272 64
11 276 64
11 277 93
11 279 79
12 18 32
12 34 43
12 38 78
12 65 100
12 70 35
12 86 10
12 96 59
12 98 50
12 155 29
12 163 4
12 168 37
12 170 66
12 189 5
12 192 64
12 235 68
12 241 57
12 263 86
12 274 79
12 275 18
13 21 10
13 23 99
13 30 69
13 57 38
13 95 81
13 107 8
13 138 98
13 145 72
13 148 71
13 149 13
13 152 65
13 154 49
13 157 45
13 166 7
13 171 78
13 183 96
13 187 41
13 203 40
13 209 54
13 219 90
13 225 20
13 265 57
14 61 27
14 67 37
14 86 14
14 105 42
14 107 4
14 122 70
14 162 79
14 181 34
14 225 40
14 233 89
14 242 32
14 246 8
14 276 26
15 22 13
15 43 67
15 45 75
15 112 36
15 116 38
15 124 87
15 125 100
15 170 38
15 172 31
15 177 7
15 195 68
15 197 78
15 198 99
15 200 59
15 226 32
15 254 89
15 279 78
15 294 88
15 297 67
16 20 14
16 36 1
16 38 8
16 110 69
16 230 23
16 237 39
16 290 2
16 292 62
17 49 27
17 57 86
17 60 21
17 90 52
17 94 50
17 119 88
17 124 78
17 172 85
17 184 77
17 206 64
17 211 85
17 260 14
17 286 47
17 295 91
18 22 33
18 92 24
18 106 89
18 129 91
18 133 55
18 134 29
18 135 68
18 169 95
18 172 47
18 189 33
18 199 47
18 237 7
18 246 1
18 263 69
18 284 45
19 110 3
19 160 82
19 174 71
19 194 40
19 199 3
19 206 74
19 210 89
19 226 90
19 234 51
19 262 73
19 267 66
19 297 14
20 25 9
20 173 31
20 179 12
20 197 51
20 199 16
20 207 36
20 249 92
20 292 6
20 295 42
21 23 20
21 37 26
21 52 88
21 59 19
21 82 58
21 85 35
21 90 25
21 103 59
21 121 55
21 148 69
21 161 13
21 167 37
21 173 91
21 176 52
21 209 91
21 234 64
21 280 92
21 282 80
22 29 14
22 30 16
22 62 97
22 64 79
22 66 25
22 102 79
22 110 91
22 160 27
22 165 94
22 168 78
22 182 18
22 232 52
22 256 71
23 32 90
23 33 29
23 34 59
23 132 8
23 137 86
23 143 45
23 176 84
23 182 96
23 195 51
23 196 52
23 237 60
23 263 87
23 276 42
23 285 63
24 43 29
24 44 5
24 106 54
24 175 8
24 256 70
24 286 22
25 54 56
25 72 48
25 85 46
25 103 35
25 111 90
25 116 72
25 136 80
25 166 67
25 170 42
25 187 31
25 194 38
25 195 31
25 210 59
25 212 48
25 274 90
25 276 97
26 65 92
26 77 73
26 139 44
26 158 42
26 161 24
26 165 4
26 166 81
26 193 17
26 223 18
26 239 9
26 262 73
26 282 72
27 43 69
27 50 42
27 55 93
27 85 76
27 104 41
27 115 90
27 127 10
27 210 31
27 217 13
27 227 42
27 253 49
27 255 54
27 260 24
27 277 38
27 278 36
27 284 35
27 294 85
27 298 25
28 45 31
28 73 28
28 78 49
28 117 26
28 124 22
28 164 24
28 177 81
28 192 54
28 221 40
28 223 99
28 244 14
28 250 64
28 255 22
28 271 34
28 299 5
29 57 66
29 92 10
29 108 98
29 141 55
29 154 71
29 208 80
29 234 19
29 236 12
29 252 28
29 254 25
29 259 36
29 283 18
30 33 12
30 36 70
30 48 54
30 73 89
30 121 52
30 131 82
30 145 37
30 153 77
30 179 55
30 207 61
30 222 58
30 227 60
30 237 52
30 282 56
30 296 73
31 41 16
31 52 77
31 57 7
31 69 72
31 112 42
31 113 68
31 122 21
31 152 48
31 161 38
31 212 100
31 236 18
31 237 50
31 242 80
31 263 42
31 286 85
32 75 97
32 84 54
32 101 6
32 107 50
32 117 42
32 121 57
32 157 83
32 187 30
32 190 33
32 191 89
32 228 42
32 230 42
32 241 48
32 252 94
32 265 49
32 286 21
33 35 61
33 116 25
33 147 79
33 157 32
33 198 18
33 202 46
33 215 53
33 254 17
33 258 83
33 285 4
34 38 35
34 53 84
34 66 83
34 69 28
34 82 20
34 95 31
34 120 33
34 126 25
34 131 81
34 242 26
34 268 81
35 80 15
35 98 56
35 104 66
35 119 4
35 129 97
35 136 59
35 144 51
35 146 42
35 155 8
35 189 23
35 212 2
35 221 84
35 224 53
35 235 86
35 248 2
35 252 98
35 258 90
35 262 70
35 272 33
36 42 93
36 67 4
36 100 68
36 128 76
36 156 84
36 175 88
36 191 6
36 198 16
36 213 12
36 215 38
36 234 42
36 241 45
36 250 5
36 270 49
36 272 62
36 273 8
36 289 97
37 64 20
37 114 10
37 139 39
37 141 79
37 161 33
37 172 92
37 260 63
37 266 85
38 76 77
38 107 64
38 126 35
38 135 66
38 169 33
38 181 19
38 204 59
38 228 89
38 264 86
38 277 86
39 52 72
39 61 73
39 82 43
39 95 39
39 127 37
39 132 33
39 209 80
39 287 33
40 90 37
40 157 80
40 183 94
40 188 96
40 191 77
40 209 65
40 215 5
40 247 67
40 283 44
40 289 89
41 92 58
41 118 6
41 135 26
41 171 35
41 189 21
41 191 60
41 194 52
41 196 5
41 206 30
41 216 62
41 260 93
42 53 15
42 101 99
42 113 16
42 131 40
42 154 94
42 186 55
42 187 28
42 274 26
42 285 86
42 289 60
43 52 14
43 76 18
43 77 5
43 80 9
43 85 46
43 96 21
43 119 65
43 120 12
43 190 16
43 203 54
43 210 69
43 242 73
43 249 79
43 263 55
43 290 93
44 62 90
44 63 59
44 97 50
44 123 19
44 147 20
44 174 94
44 185 85
44 189 19
44 237 10
44 282 76
44 294 12
44 296 16
45 60 3
45 108 89
45 133 53
45 139 14
45 141 2
45 213 70
46 56 70
46 62 62
46 84 15
46 96 43
46 99 26
46 100 78
46 117 58
46 142 79
46 182 47
46 212 31
46 238 9
46 246 53
46 268 75
46 291 98
47 81 11
47 110 24
47 130 68
47 147 83
47 149 70
47 154 5
47 162 1
47 179 31
47 180 80
47 191 64
47 198 46
47 268 35
47 273 4
47 295 50
48 50 100
48 99 5
48 171 72
48 186 70
48 187 66
48 197 86
48 215 12
48 234 43
48 244 16
48 245 21
48 256 74
48 267 14
48 293 3
49 60 82
49 142 66
49 146 30
49 161 32
49 166 29
49 177 5
49 241 99
49 254 11
49 265 74
49 281 3
49 297 63
50 58 4
50 59 35
50 95 26
50 101 1
50 102 69
50 108 81
50 122 51
50 126 68
50 144 85
50 150 22
50 161 89
50 175 2
50 202 59
50 210 52
50 232 44
50 238 74
50 245 25
50 246 17
50 264 87
50 265 27
50 270 51
50 271 5
50 286 56
50 287 82
51 67 33
51 74 61
51 174 32
51 184 43
51 195 34
51 215 87
51 220 57
51 242 90
51 270 21
51 282 34
51 291 90
52 55 41
52 161 14
52 168 40
52 172 60
52 176 98
52 181 61
52 215 49
52 227 51
52 262 72
52 286 52
52 291 94
53 56 45
53 66 76
53 74 63
53 76 84
53 117 55
53 234 13
53 276 88
53 291 10
54 55 94
54 61 72
54 82 22
54 166 77
54 168 66
54 206 8
54 209 63
54 239 22
54 273 97
55 83 35
55 100 55
55 135 86
55 136 75
55 148 68
55 186 26
55 195 87
55 196 17
55 248 38
55 255 87
55 270 67
55 277 61
56 58 38
56 90 12
56 92 58
56 102 66
56 117 74
56 123 41
56 124 20
56 142 38
56 189 80
56 191 29
56 210 83
56 221 51
56 264 3
56 271 60
56 284 16
56 294 10
56 298 74
57 60 37
57 65 6
57 78 9
57 88 43
57 105 91
57 178 35
57 210 10
57 221 68
57 228 21
57 285 78
58 126 6
58 158 7
58 206 44
58 217 66
58 219 97
58 226 55
58 228 23
58 245 62
58 261 81
58 296 15
59 87 81
59 89 18
59 156 94
59 188 61
59 197 53
59 227 96
59 233 63
59 235 12
59 268 11
59 273 24
59 283 85
59 287 99
59 291 29
59 295 45
60 83 41
60 103 20
60 118 80
60 123 2
60 156 39
60 176 52
60 224 79
60 240 44
60 245 11
60 250 74
60 267 62
60 276 7
60 282 81
60 286 36
60 290 68
60 293 61
61 62 3
61 104 100
61 133 30
61 138 48
61 150 60
61 158 82
61 196 44
61 204 75
61 235 45
61 241 6
61 245 98
61 262 82
61 265 5
61 294 79
62 80 26
62 101 97
62 115 50
62 130 57
62 140 51
62 166 88
62 178 61
62 209 81
62 217 84
62 253 71
63 72 55
63 88 97
63 89 77
63 100 35
63 139 32
63 179 96
63 186 47
63 193 86
63 200 95
63 202 76
63 211 34
63 237 6
64 66 10
64 80 77
64 88 80
64 101 6
64 107 82
64 147 30
64 164 87
64 171 38
64 202 60
64 219 65
64 234 87
64 277 9
65 105 73
65 122 37
65 129 96
65 133 33
65 158 69
65 201 31
65 211 3
65 213 23
65 223 27
65 251 31
65 252 57
65 259 11
65 283 26
65 298 3
66 73 96
66 150 20
66 155 31
66 171 29
66 188 26
66 233 92
67 83 57
67 122 57
67 127 49
67 160 39
67 162 38
67 193 88
67 239 28
67 254 97
67 295 52
68 90 66
68 91 57
68 93 76
68 94 54
68 104 5
68 126 9
68 187 23
68 205 35
68 215 63
68 257 45
68 258 62
68 283 94
69 122 54
69 125 24
69 127 19
69 155 8
69 192 19
69 209 91
69 255 90
69 259 100
69 275 68
70 95 81
70 105 56
70 107 76
70 120 82
70 134 46
70 138 14
70 148 69
70 171 26
70 236 62
70 250 72
70 265 91
71 77 19
71 92 47
71 97 45
71 105 23
71 150 7
71 154 67
71 170 9
71 190 70
71 202 63
71 203 70
71 206 63
71 232 16
71 240 93
72 79 33
72 98 24
72 152 64
72 154 23
72 176 13
72 178 63
72 180 90
72 209 46
72 228 70
72 277 18
72 288 27
72 292 16
73 74 31
73 85 95
73 163 41
73 208 44
73 259 66
73 264 83
73 273 14
73 294 64
74 120 27
74 149 88
74 164 71
74 190 45
74 198 97
74 212 40
74 223 8
74 228 18
74 247 54
74 254 23
74 258 63
75 131 86
75 133 98
75 138 26
75 169 61
75 193 63
75 213 40
75 283 50
76 86 8
76 106 9
76 109 67
76 119 34
76 145 76
76 154 49
76 206 80
76 214 68
76 277 45
77 78 97
77 110 51
77 115 10
77 145 60
77 150 29
77 184 98
77 203 30
77 205 74
77 228 46
77 239 69
77 249 33
77 271 63
77 278 22
77 298 7
78 92 25
78 113 60
78 206 5
78 257 2
79 81 20
79 85 67
79 95 93
79 108 69
79 133 26
79 134 2
79 189 88
79 202 11
79 208 29
79 214 88
79 228 90
79 248 49
79 265 84
79 267 86
79 268 99
79 290 94
80 134 45
80 135 79
80 150 91
80 194 27
80 207 4
80 266 36
80 297 95
81 89 36
81 95 50
81 98 69
81 122 43
81 133 27
81 185 28
81 208 99
81 221 28
81 237 47
81 240 17
81 251 73
81 259 67
81 278 94
81 281 26
81 294 6
82 101 4
82 102 54
82 118 46
82 137 93
82 147 2
82 156 29
82 180 30
82 181 52
82 189 22
82 191 26
82 218 83
82 270 12
83 154 52
83 164 86
83 191 99
83 193 99
83 213 22
83 223 49
83 241 67
83 260 16
83 295 27
84 94 46
84 119 66
84 156 6
84 173 92
84 196 34
84 234 78
84 247 10
84 284 27
84 299 3
85 91 16
85 115 30
85 118 9
85 134 61
85 212 74
85 254 62
85 276 89
85 284 55
85 290 66
86 88 63
86 105 80
86 123 48
86 125 26
86 128 84
86 130 33
86 137 25
86 143 82
86 154 6
86 174 25
86 188 100
86 219 73
86 242 51
86 258 45
86 276 38
87 108 8
87 125 88
87 131 23
87 137 86
87 202 97
87 231 49
87 286 40
87 298 64
88 90 30
88 98 48
88 112 76
88 115 3
88 123 10
88 172 17
88 178 57
88 194 75
88 206 79
88 210 89
88 219 22
88 230 4
88 280 72
89 92 6
89 95 80
89 107 5
89 125 12
89 143 4
89 192 4
89 207 84
89 210 6
89 215 100
89 235 74
89 298 14
90 93 87
90 105 96
90 117 51
90 135 35
90 167 97
90 178 90
90 199 99
90 252 26
90 253 90
90 254 26
90 259 81
90 278 99
90 291 42
90 295 89
91 111 25
91 140 72
91 146 77
91 148 98
91 185 28
92 98 100
92 108 55
92 115 7
92 139 4
92 141 66
92 167 63
92 181 59
92 182 2
92 184 20
92 185 58
92 213 27
92 220 33
92 228 96
92 261 22
92 271 35
92 299 31
93 150 70
93 175 25
93 187 81
93 196 96
93 277 14
94 112 6
94 120 76
94 142 64
94 171 100
94 190 16
94 237 40
94 268 23
94 276 93
94 279 89
94 280 50
94 293 44
95 112 43
95 115 9
95 131 100
95 204 61
95 218 71
95 231 58
95 236 62
95 287 42
96 130 68
96 142 88
96 175 27
96 208 63
96 245 61
96 257 61
96 268 93
96 278 31
96 283 37
96 291 25
96 292 78
96 294 2
97 98 83
97 99 5
97 154 17
97 158 34
97 169 20
97 186 56
97 220 56
97 254 64
97 256 96
97 295 58
98 128 8
98 140 39
98 143 18
98 147 7
98 189 99
98 212 40
98 234 16
98 259 12
98 263 81
98 272 35
98 289 51
99 105 7
99 163 98
99 166 11
99 206 68
99 234 42
99 257 93
99 266 56
99 267 67
99 276 70
100 114 58
100 121 49
100 229 74
100 289 26
100 292 82
100 293 46
101 112 34
101 146 89
101 151 9
101 159 29
101 169 46
101 244 16
101 271 67
101 281 63
102 148 74
102 178 17
102 191 54
102 209 42
102 220 28
102 222 35
102 226 76
102 238 78
102 280 41
103 104 73
103 129 41
103 135 60
103 139 67
103 144 85
103 148 16
103 154 33
103 164 55
103 232 25
103 240 33
103 270 80
103 283 50
103 292 66
104 124 25
104 133 83
104 148 54
104 165 34
104 232 64
104 244 52
104 250 1
104 254 30
104 258 66
104 260 27
105 120 99
105 134 20
105 147 68
105 165 78
105 181 54
105 249 95
105 254 56
105 288 46
105 290 20
106 114 48
106 155 6
106 180 86
106 189 32
106 193 73
106 213 70
106 232 38
106 260 49
107 130 2
107 143 70
107 155 50
107 244 67
107 258 94
107 261 85
107 269 20
107 295 79
108 149 48
108 168 23
108 172 32
108 178 77
108 182 89
108 184 58
108 204 27
108 208 8
108 223 77
108 229 5
108 248 13
109 120 71
109 123 12
109 129 58
109 152 90
109 174 11
109 176 15
109 199 27
109 217 42
109 274 39
110 134 96
110 166 32
110 167 87
110 171 97
110 178 1
110 220 89
110 268 63
110 283 46
111 116 73
111 150 35
111 156 25
111 184 20
111 185 57
111 188 8
111 267 48
111 296 97
112 113 65
112 133 75
112 137 56
112 152 93
112 260 79
112 266 68
112 273 63
112 274 42
112 277 78
112 284 5
112 287 52
112 294 92
112 298 31
113 122 45
113 140 31
113 216 27
113 225 76
113 230 69
113 235 75
113 247 76
113 248 57
113 290 38
113 293 74
114 150 29
114 174 24
114 177 50
114 201 100
114 205 32
114 232 57
114 242 48
114 267 29
114 275 73
114 277 22
114 288 36
115 121 65
115 134 52
115 148 4
115 150 27
115 151 45
115 161 81
115 164 83
115 176 96
115 222 24
115 240 14
115 258 40
115 269 6
115 271 92
116 159 68
116 163 27
116 174 66
116 179 95
116 183 83
116 199 55
116 212 68
116 218 64
116 251 78
116 277 17
116 292 63
116 294 62
117 176 25
117 183 62
117 190 42
117 193 97
117 195 35
117 225 77
117 263 61
117 266 38
117 286 32
117 292 40
118 121 82
118 130 64
118 170 22
118 177 29
118 189 40
118 199 35
118 205 69
118 222 45
118 270 78
118 280 88
119 151 71
119 166 44
119 199 82
119 242 6
119 273 98
119 279 50
119 281 21
119 298 28
120 183 18
120 185 35
120 186 41
120 230 43
120 236 97
120 253 34
120 262 39
120 281 31
120 289 10
121 126 100
121 146 69
121 148 94
121 153 39
121 195 2
121 205 9
121 206 12
121 229 31
121 232 48
121 250 99
121 277 51
121 281 45
121 295 76
121 299 38
122 151 15
122 160 71
122 171 19
122 259 72
122 284 21
123 150 20
123 196 44
123 200 100
123 221 90
123 226 79
123 237 40
123 254 32
123 262 27
124 130 73
124 131 22
124 137 9
124 145 34
124 181 73
124 211 29
124 216 79
124 236 63
124 266 31
124 272 88
124 291 75
124 293 61
125 152 35
125 162 73
125 174 63
125 176 79
125 209 100
125 240 100
125 249 46
125 253 71
125 270 70
125 282 69
125 288 91
125 293 42
126 133 13
126 135 90
126 137 31
126 180 43
126 199 81
126 207 14
126 228 69
127 147 5
127 154 87
127 160 29
127 192 90
127 233 60
127 264 58
127 269 69
127 287 74
127 296 88
128 140 56
128 162 48
128 168 100
128 182 42
128 183 72
128 210 62
128 233 73
128 259 24
129 130 61
129 132 18
129 146 94
129 149 82
129 150 38
129 154 36
129 160 23
129 177 50
129 190 77
129 198 5
129 235 44
129 237 57
129 260 18
129 279 64
129 299 13
130 140 5
130 147 93
130 162 2
130 190 16
130 222 50
130 227 70
130 231 89
130 236 37
130 239 77
130 257 89
130 297 88
131 132 71
131 165 60
131 209 49
131 229 43
131 289 35
132 133 61
132 134 60
132 179 28
132 181 42
132 196 97
132 204 15
132 211 17
132 217 99
132 251 91
132 289 73
132 290 94
133 141 99
133 150 43
133 152 10
133 181 11
133 229 99
133 234 2
133 248 13
133 279 14
133 297 3
134 137 34
134 139 54
134 143 39
134 177 63
134 204 42
134 261 26
134 269 33
135 152 54
135 153 26
135 164 75
135 172 88
135 186 86
135 187 86
135 200 68
135 228 79
135 238 34
135 288 82
135 293 47
135 294 84
136 260 73
136 261 20
136 278 78
137 156 71
137 184 62
137 219 87
137 225 34
137 261 60
137 264 40
137 265 46
137 277 25
137 280 42
137 281 31
138 242 78
138 290 32
138 298 93
139 177 20
139 191 9
139 210 25
139 211 73
139 218 34
139 242 51
139 248 12
139 289 71
140 144 36
140 150 79
140 151 49
140 152 70
140 177 61
140 235 48
140 242 53
140 271 33
140 274 67
140 285 30
141 148 55
141 152 80
141 172 68
141 207 40
141 220 39
141 233 7
141 252 37
141 291 63
142 145 48
142 148 68
142 199 40
142 203 79
142 207 12
142 240 11
142 244 87
142 246 89
142 262 35
142 273 72
142 277 39
143 167 47
143 171 42
143 189 75
143 235 25
143 245 43
143 261 44
143 280 85
144 147 90
144 169 48
144 173 69
144 185 8
144 219 30
144 222 76
144 235 87
144 269 97
144 286 15
145 146 25
145 152 56
145 175 52
145 177 39
145 203 3
145 236 71
145 255 78
146 203 34
146 252 82
146 262 41
146 272 72
146 292 70
147 173 75
147 189 44
147 209 9
147 216 21
147 217 85
147 226 35
147 239 46
147 274 79
147 277 30
147 278 82
148 179 68
148 271 77
149 186 3
149 188 75
149 199 6
149 205 78
149 208 61
149 244 55
149 263 44
149 292 37
149 294 10
149 296 47
150 198 75
150 209 64
150 232 17
150 237 5
150 251 49
150 270 99
150 289 97
151 157 21
151 162 20
151 163 71
151 164 16
151 171 80
151 177 92
151 254 52
152 167 14
152 171 89
152 197 31
152 233 43
152 237 70
152 257 98
152 279 72
152 284 72
153 156 25
153 186 77
153 188 1
153 235 37
153 247 83
153 266 97
154 163 74
154 167 44
154 176 43
154 188 100
154 218 8
154 278 60
154 292 56
155 168 56
155 220 10
155 278 52
156 217 28
156 222 29
156 229 23
156 231 43
156 235 61
157 160 66
157 173 95
157 179 74
157 208 54
157 216 25
157 224 69
157 283 75
157 288 74
157 290 40
157 297 99
158 159 50
158 221 68
158 230 51
158 240 87
158 246 51
158 256 47
158 267 12
158 283 94
158 285 90
159 167 63
159 168 53
159 169 1
159 176 19
159 192 61
159 222 10
159 244 22
159 246 88
159 267 90
159 291 96
160 209 83
160 212 50
160 222 61
160 258 29
160 268 76
160 293 66
161 220 5
161 237 44
161 240 41
161 241 30
162 166 35
162 184 91
162 200 80
162 216 54
162 220 41
162 227 18
162 284 56
162 287 88
163 170 29
163 180 50
163 195 29
163 200 91
163 201 54
163 212 29
163 214 61
163 233 14
163 240 90
163 251 83
163 286 54
164 174 79
164 200 30
164 211 88
164 263 81
164 286 91
164 287 16
164 293 8
165 176 8
165 181 20
165 186 51
165 192 100
165 201 49
165 202 37
165 203 90
165 210 80
165 214 90
165 217 83
165 237 97
165 246 46
165 267 22
165 269 77
165 273 47
166 167 50
166 195 20
166 207 100
166 208 30
166 228 80
166 229 66
166 232 19
166 256 14
166 274 71
167 168 97
167 187 44
167 190 58
167 210 29
167 220 86
167 225 25
167 267 36
167 293 93
168 197 96
168 218 38
168 222 93
168 233 96
168 237 74
168 243 82
168 260 76
168 265 16
168 290 16
168 295 24
169 175 13
169 186 37
169 195 1
169 202 59
169 214 86
169 223 20
169 237 10
169 260 15
169 267 99
169 272 27
169 282 85
169 296 65
170 179 97
170 187 34
170 194 60
170 210 6
170 216 62
170 221 45
170 234 82
170 241 50
170 244 37
170 251 77
170 253 87
170 264 81
170 271 73
171 174 13
171 195 15
171 223 48
171 241 28
171 245 30
171 275 71
171 289 92
171 292 67
172 181 23
172 204 50
172 251 4
173 201 42
173 221 11
173 238 19
173 246 93
173 297 38
174 187 55
174 190 57
174 197 86
174 210 88
174 236 16
174 239 44
174 241 50
174 242 12
174 245 25
174 255 99
175 188 100
175 254 2
175 266 37
176 202 81
176 244 26
176 280 49
176 293 95
177 178 25
177 211 28
177 231 76
177 266 47
178 179 19
178 196 42
178 204 70
178 208 20
178 241 46
178 243 11
178 280 31
179 207 16
179 223 3
179 248 20
179 257 70
179 288 11
179 298 57
180 234 58
180 278 78
180 292 100
181 182 59
181 218 89
181 227 77
181 273 9
182 186 89
182 220 30
182 260 45
182 283 21
182 293 55
183 205 46
183 253 67
184 232 79
184 236 73
184 253 42
184 256 25
184 286 44
185 211 36
185 227 94
185 233 63
185 241 33
185 253 57
185 266 45
185 286 100
185 291 11
186 198 64
186 224 21
187 221 22
187 237 73
187 249 30
187 252 51
187 280 72
188 194 88
188 199 40
188 253 100
188 257 96
188 265 80
188 298 29
189 288 93
190 197 52
190 225 83
190 232 38
190 233 70
190 249 13
190 286 10
191 193 11
191 274 90
191 289 5
192 206 98
192 218 35
192 229 68
192 243 30
192 256 91
192 263 64
192 269 81
192 270 54
192 273 80
192 297 2
193 223 75
193 234 52
193 252 31
193 254 77
193 270 75
193 282 71
193 289 68
194 207 75
194 211 66
194 230 47
194 250 3
194 280 58
195 199 50
195 224 38
195 259 47
195 260 19
195 282 2
196 230 57
196 237 82
196 277 91
196 284 61
197 211 31
197 219 26
197 246 80
197 293 61
197 297 68
198 202 44
198 246 93
198 248 21
198 251 75
198 274 94
198 281 47
198 296 26
198 299 77
199 296 24
200 278 100
201 206 47
202 223 91
202 236 26
202 258 12
202 280 90
203 207 81
203 226 22
203 227 91
203 231 70
203 232 68
203 254 62
203 270 71
203 271 76
203 277 43
203 281 14
203 291 89
204 223 73
204 229 91
204 236 20
204 272 85
204 280 58
204 290 15
205 223 30
205 233 31
205 240 89
205 245 23
206 244 29
206 253 66
206 287 99
207 266 4
208 234 66
208 249 45
208 260 47
209 214 91
209 226 9
209 232 88
209 260 23
209 290 82
210 227 78
210 243 92
210 259 1
210 274 39
211 234 63
211 283 29
211 285 33
211 290 76
211 293 69
211 296 58
212 218 18
212 256 88
212 279 94
213 263 27
214 239 55
214 254 23
214 264 57
214 281 95
215 238 46
215 277 38
215 290 61
216 255 96
216 281 41
216 296 78
217 219 93
217 257 39
217 264 68
217 283 1
218 286 26
218 298 91
219 230 34
219 232 56
219 245 82
219 251 34
219 252 46
220 241 96
220 250 14
220 256 31
220 283 23
220 292 82
222 253 88
222 259 40
222 261 22
222 280 81
223 232 67
223 248 76
223 253 56
223 261 75
223 280 70
223 293 53
224 250 12
224 282 82
226 252 48
226 254 5
226 276 59
227 232 40
227 238 95
227 273 79
227 295 92
228 249 21
229 262 69
230 233 77
230 251 76
230 299 2
231 242 11
231 260 73
231 267 50
231 268 24
231 280 3
232 233 72
232 236 58
232 252 90
232 270 64
232 279 79
232 282 23
232 283 82
232 284 6
232 289 78
232 297 56
233 234 75
233 249 82
233 263 20
233 267 57
233 287 29
234 247 76
234 257 15
234 261 21
234 299 70
235 243 93
235 245 64
235 254 42
236 264 13
236 282 41
236 289 69
237 269 67
238 266 3
238 271 42
238 281 68
239 242 78
239 247 44
239 257 91
239 259 35
239 282 86
240 294 54
241 243 13
241 269 60
241 270 35
241 289 18
242 260 89
243 251 43
243 264 45
244 247 70
244 252 62
244 282 53
244 292 98
245 258 89
245 293 19
245 294 70
246 255 58
246 259 64
246 261 34
247 257 100
248 268 76
248 283 26
248 297 68
249 252 94
249 265 28
249 270 61
250 252 61
251 255 5
251 266 57
251 267 4
251 278 40
251 283 42
251 291 57
252 260 4
253 269 53
254 258 44
254 263 74
254 277 41
254 286 86
254 287 70
255 276 10
256 287 99
257 272 22
257 273 59
257 287 39
258 266 92
258 271 29
258 280 48
259 264 55
259 293 14
260 263 99
260 272 83
261 291 39
261 299 19
262 270 76
262 282 18
262 289 79
263 268 89
263 290 22
265 271 35
266 273 92
266 279 13
267 286 28
267 287 100
269 270 69
269 279 80
269 282 43
270 276 42
270 278 20
270 293 80
272 282 63
272 295 29
273 281 30
273 289 36
274 281 40
276 284 68
276 287 27
276 297 20
276 298 16
278 286 82
281 283 85
282 298 14
283 291 64
288 290 23
288 298 32
289 296 91
289 298 40
290 293 63
292 299 31
300 314 5
300 320 9
300 325 17
300 344 30
300 355 36
300 373 6
300 381 43
300 406 11
300 462 9
300 492 28
300 494 29
300 510 21
300 569 39
301 424 45
301 446 27
301 461 34
301 462 30
301 480 41
301 553 5
302 316 40
302 359 48
302 366 28
302 414 20
302 444 50
302 458 43
302 544 34
302 566 22
302 576 35
302 592 42
302 595 7
303 316 38
303 348 46
303 357 15
303 412 4
303 426 25
303 436 2
303 442 11
303 448 19
303 458 14
303 487 21
303 500 46
303 541 43
303 561 41
303 569 36
303 570 37
303 586 20
303 596 22
304 354 18
304 368 10
304 374 26
304 384 7
304 390 9
304 393 4
304 422 29
304 442 9
304 466 48
304 490 12
304 512 32
304 577 32
304 581 3
304 590 38
304 595 19
305 370 50
305 393 3
305 414 24
305 434 24
305 479 6
305 483 36
305 488 44
305 499 20
305 503 7
305 517 42
305 550 12
305 562 49
305 568 27
305 569 50
306 310 18
306 360 50
306 403 18
306 406 30
306 466 26
306 471 26
306 476 38
306 501 31
306 517 4
306 529 48
306 534 28
306 544 17
306 553 30
306 595 9
306 596 19
307 317 17
307 326 30
307 332 18
307 334 21
307 348 5
307 355 43
307 361 27
307 364 41
307 371 39
307 375 46
307 420 49
307 424 32
307 446 9
307 458 49
307 464 8
307 479 8
307 507 17
307 513 10
307 520 27
307 527 48
307 533 35
307 543 3
307 547 37
307 580 17
308 310 8
308 336 35
308 356 44
308 360 25
308 442 16
308 449 4
308 458 45
308 464 34
308 479 33
308 509 15
308 519 7
308 540 40
308 552 9
309 330 33
309 338 30
309 369 47
309 424 30
309 447 30
309 465 28
309 475 40
309 483 28
309 521 38
309 524 47
309 570 44
309 574 47
309 578 26
309 595 43
309 599 33
310 318 28
310 336 30
310 337 49
310 352 37
310 353 16
310 392 44
310 400 11
310 413 31
310 453 47
310 456 8
310 473 14
310 478 32
310 496 22
310 517 22
310 549 23
310 556 30
310 564 4
310 595 2
311 339 29
311 344 35
311 373 31
311 375 8
311 415 24
311 491 8
311 571 45
311 572 23
311 592 4
312 325 43
312 333 48
312 335 48
312 418 25
312 424 27
312 471 27
312 487 25
312 489 13
312 504 44
312 508 20
312 519 24
312 549 26
312 550 19
312 590 31
313 330 42
313 342 2
313 349 4
313 352 13
313 357 24
313 360 33
313 375 17
313 383 27
313 385 11
313 414 3
313 448 7
313 452 19
313 470 27
313 484 16
313 513 15
313 522 1
313 546 21
313 547 10
313 550 48
313 566 21
313 587 36
314 319 24
314 369 47
314 401 11
314 403 36
314 408 43
314 426 32
314 451 11
314 490 18
314 542 50
314 551 43
314 567 9
314 572 1
315 319 46
315 334 22
315 335 24
315 372 31
315 392 40
315 394 50
315 417 43
315 436 42
315 439 8
315 464 13
315 481 20
315 485 26
315 533 28
315 535 20
315 537 46
315 540 39
316 327 17
316 349 18
316 357 24
316 366 40
316 368 15
316 381 36
316 396 28
316 433 9
316 439 18
316 479 40
316 486 26
316 513 17
316 535 33
316 540 35
316 592 18
317 346 28
317 410 8
317 426 43
317 442 8
317 460 47
317 489 43
317 504 1
317 535 38
317 540 2
317 547 15
317 571 8
317 598 27
318 324 42
318 339 27
318 426 25
318 506 30
318 535 46
318 539 42
318 563 6
318 592 37
318 593 8
318 594 41
318 595 14
319 346 16
319 356 8
319 439 4
319 459 44
319 475 25
319 493 38
319 514 30
319 539 44
320 343 15
320 356 37
320 391 38
320 401 25
320 428 33
320 430 32
320 439 27
320 441 22
320 467 34
320 472 41
320 500 29
320 505 12
320 520 35
320 521 8
320 579 38
320 586 16
321 333 3
321 355 30
321 390 21
321 439 39
321 450 39
321 466 12
321 488 5
321 493 7
321 539 21
321 546 10
321 554 2
322 330 45
322 378 47
322 390 31
322 426 40
322 462 11
322 525 17
322 527 28
322 531 37
322 543 1
322 557 9
323 330 15
323 341 22
323 358 44
323 361 6
323 385 3
323 416 6
323 459 42
323 483 12
323 492 43
323 500 7
323 511 14
323 529 24
323 587 28
323 588 4
324 339 15
324 367 41
324 386 8
324 388 21
324 395 11
324 431 19
324 473 22
324 484 8
324 503 15
324 510 4
324 517 47
324 523 28
324 540 20
324 546 26
324 578 14
325 353 22
325 390 37
325 440 29
325 442 45
325 460 32
325 477 36
325 480 49
325 493 37
325 524 27
325 531 10
325 538 32
325 547 33
325 564 23
325 580 7
326 340 12
326 361 29
326 385 21
326 406 2
326 408 38
326 416 43
326 470 15
326 498 7
326 520 16
326 525 22
326 538 21
326 546 19
326 555 20
326 577 50
326 595 40
327 363 48
327 366 16
327 383 11
327 397 34
327 398 46
327 410 8
327 418 17
327 465 31
327 478 6
327 529 6
327 533 9
327 559 16
327 584 37
327 589 43
328 364 40
328 410 45
328 438 7
328 456 18
328 459 16
328 468 10
328 479 6
328 521 10
328 549 24
328 596 14
329 331 26
329 349 45
329 353 36
329 386 44
329 395 17
329 427 36
329 433 34
329 445 14
329 454 3
329 467 46
329 479 49
329 482 48
329 526 3
329 558 15
329 571 30
329 583 9
330 359 20
330 363 38
330 367 24
330 414 8
330 452 32
330 545 15
330 585 3
331 334 38
331 411 33
331 434 20
331 435 48
331 436 40
331 452 31
331 473 23
331 484 5
331 491 6
331 530 18
331 548 40
331 577 2
331 595 34
332 334 27
332 344 37
332 347 49
332 382 29
332 385 32
332 388 47
332 396 28
332 403 37
332 438 13
332 455 7
332 457 45
332 471 33
332 489 46
332 533 20
332 565 42
332 593 30
332 594 34
333 367 46
333 415 17
333 435 18
333 440 15
333 446 16
333 447 9
333 451 46
333 456 39
333 478 13
333 536 3
333 587 8
333 594 5
334 340 4
334 413 43
334 414 31
334 431 42
334 439 43
334 441 12
334 453 24
334 499 39
334 504 41
334 521 10
334 545 1
334 555 48
334 557 6
334 569 35
334 573 45
334 588 27
334 591 27
335 362 24
335 370 12
335 371 22
335 373 43
335 384 30
335 407 39
335 427 10
335 430 40
335 441 36
335 450 50
335 505 3
335 534 40
335 544 9
335 557 7
335 566 44
335 585 3
336 338 39
336 360 35
336 374 45
336 380 50
336 386 10
336 387 33
336 432 41
336 452 21
336 512 36
336 514 40
336 543 28
336 578 22
336 585 36
337 338 6
337 356 50
337 376 12
337 405 18
337 489 22
337 522 6
337 570 49
337 574 12
337 587 15
337 599 38
338 348 47
338 368 17
338 370 42
338 373 38
338 380 25
338 403 48
338 421 33
338 428 28
338 435 37
338 459 20
338 472 24
338 513 38
338 545 29
338 548 7
338 552 30
338 562 2
338 573 44
338 588 21
339 349 31
339 366 15
339 376 7
339 386 37
339 391 17
339 398 20
339 406 6
339 434 38
339 440 25
339 442 4
339 484 1
339 493 41
339 498 43
339 541 49
339 555 9
339 557 35
339 577 36
339 586 36
339 595 34
340 357 19
340 369 13
340 385 22
340 388 38
340 393 38
340 396 10
340 486 18
340 491 44
340 524 41
340 525 19
340 527 39
340 541 12
340 542 50
341 342 6
341 373 20
341 396 36
341 407 22
341 414 39
341 429 41
341 449 11
341 469 15
341 485 46
341 495 11
341 519 7
341 540 40
341 582 11
342 348 16
342 361 26
342 367 46
342 426 1
342 481 10
342 491 16
342 523 15
342 540 31
342 586 3
343 364 2
343 382 42
343 389 21
343 399 48
343 405 33
343 414 41
343 433 36
343 455 44
343 484 42
343 505 43
343 517 15
343 518 27
343 530 14
343 573 5
343 581 19
344 355 24
344 359 19
344 364 16
344 380 36
344 419 27
344 446 8
344 488 46
344 492 42
344 508 33
344 530 44
344 554 44
344 575 42
345 348 9
345 373 10
345 378 25
345 402 12
345 417 12
345 432 16
345 442 34
345 475 11
345 514 48
345 529 24
345 570 48
345 571 43
345 587 16
346 392 41
346 404 7
346 408 44
346 417 6
346 441 13
346 453 15
346 478 32
346 516 33
346 522 32
346 580 19
346 585 10
346 594 39
347 365 15
347 387 3
347 401 22
347 406 8
347 432 47
347 439 15
347 460 18
347 477 6
347 484 39
347 516 29
347 537 19
347 565 5
347 573 14
348 353 29
348 368 4
348 401 40
348 402 29
348 425 47
348 449 7
348 475 19
348 520 5
348 527 2
348 560 26
348 573 18
348 592 18
348 596 7
349 353 2
349 373 50
349 376 26
349 377 11
349 378 40
349 386 42
349 389 14
349 390 13
349 412 1
349 439 12
349 460 28
349 490 18
349 496 17
349 524 18
349 545 49
349 561 38
349 577 24
350 361 12
350 386 18
350 422 28
350 424 3
350 431 46
350 456 26
350 464 9
350 477 16
350 483 32
350 493 11
350 500 42
350 503 1
350 535 30
350 536 50
350 548 3
350 588 29
351 353 25
351 354 13
351 365 21
351 382 18
351 419 26
351 420 33
351 447 18
351 451 39
351 453 12
351 455 36
351 459 6
351 487 30
351 493 36
351 524 45
351 553 3
351 558 49
351 559 12
352 400 32
352 433 2
352 447 10
352 469 7
352 493 12
352 518 25
352 524 39
352 548 24
352 550 18
352 551 39
352 562 4
352 568 18
352 577 41
352 583 34
352 590 44
353 377 6
353 414 4
353 418 12
353 428 33
353 435 37
353 458 31
353 459 22
353 469 48
353 475 18
353 487 29
353 582 29
353 595 3
354 356 23
354 393 32
354 413 2
354 423 36
354 427 13
354 462 5
354 464 45
354 513 22
354 522 16
354 529 22
354 539 12
354 581 42
355 364 39
355 368 50
355 369 45
355 378 8
355 393 43
355 395 28
355 421 4
355 434 48
355 460 32
355 498 15
355 526 32
356 365 20
356 415 47
356 428 3
356 430 19
356 533 15
356 538 31
356 550 48
356 561 17
356 567 3
357 375 31
357 384 20
357 417 39
357 434 45
357 454 24
357 455 35
357 480 18
357 510 42
357 512 6
357 548 29
357 566 33
357 594 47
358 415 31
358 489 29
358 524 6
358 580 23
359 386 8
359 399 9
359 401 22
359 408 39
359 422 25
359 459 3
359 532 10
359 559 22
359 564 6
359 596 31
360 369 36
360 395 38
360 431 30
360 556 4
360 576 41
360 581 10
361 371 24
361 440 31
361 496 6
361 508 49
361 542 17
361 544 24
361 558 42
361 582 25
361 589 2
362 372 24
362 374 23
362 380 32
362 449 4
362 453 28
362 468 6
362 499 12
362 505 39
362 527 29
362 537 2
362 539 13
362 544 32
363 380 12
363 388 36
363 421 39
363 521 44
363 533 23
363 540 26
363 555 23
363 584 27
363 588 18
364 414 34
364 426 2
364 474 50
364 487 39
364 488 50
364 509 17
364 535 14
364 538 42
364 549 41
364 551 18
364 580 17
365 371 13
365 379 1
365 406 21
365 407 42
365 450 7
365 478 32
365 485 30
365 489 35
365 492 35
365 500 43
365 536 18
365 538 46
365 543 30
365 551 8
365 559 41
365 589 3
366 406 34
366 436 13
366 445 29
366 447 3
366 448 46
366 459 30
366 464 3
366 497 37
366 529 29
366 556 21
366 576 50
367 414 22
367 425 11
367 439 17
367 442 39
367 524 25
367 550 18
367 571 11
367 573 18
367 588 26
368 399 44
368 450 48
368 490 10
368 500 28
368 512 42
368 526 30
368 536 26
368 565 21
368 589 37
369 395 16
369 427 23
369 434 22
369 441 29
369 473 1
369 479 25
369 497 24
369 552 32
369 566 29
370 394 10
370 428 13
370 432 49
370 454 12
370 463 34
370 485 11
370 513 28
370 559 24
370 563 35
370 569 47
371 381 34
371 392 2
371 480 22
371 481 27
371 507 1
371 520 34
371 541 7
371 564 42
371 595 15
372 381 32
372 407 13
372 416 1
372 444 47
372 462 37
372 476 25
372 484 25
372 488 40
372 491 49
372 551 1
372 561 21
372 572 27
372 597 12
372 598 33
373 386 27
373 398 23
373 435 19
373 472 37
373 519 3
373 544 42
373 565 21
373 577 49
373 585 28
374 378 24
374 436 23
374 451 6
374 469 25
374 486 6
374 496 12
374 498 18
374 509 22
374 511 45
374 515 30
374 527 22
374 533 42
374 540 19
374 553 46
374 555 16
374 556 8
374 566 46
374 571 18
375 406 28
375 408 24
375 413 32
375 414 13
375 424 50
375 429 4
375 505 31
375 525 36
375 540 8
375 575 24
376 390 8
376 401 9
376 402 3
376 430 34
376 450 31
376 451 11
376 469 8
376 493 38
376 520 24
376 525 25
376 534 11
376 541 19
376 554 7
376 560 32
376 571 10
376 581 25
376 592 30
377 438 27
377 464 34
377 467 27
377 487 47
377 496 11
377 541 3
377 542 28
377 561 25
377 563 2
378 434 33
378 447 5
378 519 40
378 521 41
378 531 31
378 541 49
378 565 1
378 588 35
378 596 32
379 382 33
379 392 45
379 468 39
379 470 22
379 502 21
379 504 16
380 434 32
380 442 39
380 448 24
380 483 13
380 543 50
380 585 50
381 424 44
381 435 26
381 443 33
381 458 23
381 460 22
381 472 45
381 475 25
381 543 49
381 550 20
381 598 28
382 387 32
382 390 26
382 398 19
382 399 24
382 437 6
382 442 18
382 444 24
382 457 43
382 514 49
382 532 6
382 571 39
382 581 40
382 589 27
383 387 9
383 394 5
383 407 8
383 418 47
383 473 30
383 493 22
383 523 46
383 525 31
383 586 18
384 393 24
384 409 13
384 435 42
384 441 47
384 454 7
384 480 16
384 488 48
384 499 28
384 502 45
384 510 31
384 520 4
384 521 14
384 536 4
384 574 11
384 596 31
385 413 29
385 416 3
385 434 29
385 437 36
385 508 42
385 522 18
385 534 14
385 545 50
386 405 24
386 427 23
386 459 49
386 477 3
386 478 46
386 484 46
386 522 35
386 524 13
386 527 21
386 537 47
386 559 4
386 578 18
387 388 6
387 411 21
387 428 15
387 450 33
387 471 16
387 523 45
387 554 36
387 564 31
387 587 50
388 421 47
388 441 11
388 451 30
388 452 1
388 479 41
388 483 15
388 485 42
388 495 11
388 510 28
388 526 44
388 534 34
388 539 50
388 557 44
388 562 39
388 585 45
388 586 39
389 397 23
389 407 10
389 435 10
389 436 22
389 459 15
389 470 29
389 506 27
389 544 36
389 597 43
390 401 11
390 429 3
390 449 39
390 473 49
390 482 35
390 490 40
390 501 47
390 523 45
390 527 19
390 543 47
390 559 37
391 416 33
391 463 41
391 478 47
391 547 12
392 401 36
392 426 31
392 439 11
392 481 29
392 498 21
392 505 7
392 519 19
392 528 43
392 551 16
392 568 30
392 569 16
392 589 33
392 593 8
392 597 44
393 403 20
393 408 2
393 414 5
393 424 22
393 487 42
393 501 5
393 520 8
393 530 31
393 578 1
393 583 2
393 593 1
394 400 49
394 457 40
394 466 35
394 504 41
394 515 37
394 537 46
394 570 26
395 399 19
395 428 8
395 430 6
395 446 39
395 461 17
395 466 27
395 496 33
395 513 34
395 528 8
395 534 49
395 535 16
395 538 16
395 568 42
395 596 35
396 403 19
396 413 48
396 426 8
396 434 13
396 510 2
396 526 15
396 529 45
396 537 4
396 552 18
396 557 46
396 568 5
396 597 10
397 412 32
397 421 45
397 458 46
397 484 30
397 492 23
397 494 14
397 500 37
397 517 30
397 538 4
397 540 5
397 555 6
398 421 36
398 424 39
398 451 14
398 514 36
398 515 6
398 547 31
399 402 30
399 448 43
399 460 1
399 499 27
399 500 50
399 504 15
399 538 31
399 539 17
399 553 10
399 559 34
400 441 36
400 442 7
400 467 40
400 486 45
400 538 38
400 543 35
401 412 40
401 426 17
401 430 9
401 474 5
401 481 6
401 495 40
401 499 10
401 502 12
401 521 46
401 550 46
401 576 50
401 578 11
401 581 33
401 583 6
401 585 43
402 418 12
402 421 48
402 435 45
402 450 41
402 481 49
402 485 10
402 486 21
402 522 17
402 550 21
402 562 6
402 573 3
402 582 27
402 594 46
403 445 49
403 447 16
403 452 32
403 478 41
403 491 35
403 519 42
403 536 45
403 555 42
403 562 31
403 573 5
403 592 3
404 407 26
404 410 2
404 432 5
404 441 38
404 479 34
404 496 12
404 594 32
405 406 48
405 425 11
405 426 29
405 463 38
405 474 9
405 539 38
405 549 10
405 555 28
406 455 10
406 507 15
406 516 30
406 527 36
406 546 12
407 411 30
407 426 3
407 435 43
407 446 20
407 451 37
407 453 34
407 529 15
408 422 30
408 430 15
408 505 21
408 517 33
408 571 42
408 584 24
409 418 37
409 425 32
409 430 9
409 455 48
409 486 15
409 491 6
409 492 8
409 517 43
409 555 45
409 566 18
409 583 32
410 416 4
410 425 45
410 470 41
410 488 19
410 496 26
410 510 28
410 559 32
411 458 6
411 460 31
411 468 25
411 470 25
411 483 19
411 486 10
411 491 41
411 497 49
411 499 26
411 534 13
411 539 33
411 548 20
411 569 36
411 578 19
412 487 3
412 513 45
412 530 18
412 546 17
412 547 2
412 555 27
412 563 10
412 571 47
413 450 44
413 473 41
413 511 50
413 533 41
413 538 34
413 567 20
413 590 16
414 415 11
414 436 2
414 451 23
414 453 41
414 479 28
414 483 50
414 485 10
414 505 39
414 520 40
414 533 10
414 535 15
414 582 3
415 444 42
415 490 36
415 494 40
415 496 12
415 516 38
415 526 34
415 565 31
416 474 4
416 503 38
416 528 7
416 545 15
416 577 34
417 425 2
417 426 8
417 477 33
417 495 42
417 519 41
417 524 5
417 557 10
417 564 1
417 574 6
417 577 34
417 590 42
418 426 35
418 436 33
418 442 3
418 459 23
418 469 25
418 477 14
418 489 39
418 493 29
418 504 7
418 541 24
418 556 18
418 573 18
418 579 11
418 589 4
419 439 48
419 467 17
419 493 41
419 508 6
419 523 31
419 530 26
419 537 7
419 540 38
419 551 10
420 435 1
420 437 30
420 468 14
420 485 12
420 497 31
420 519 21
420 557 47
420 560 24
420 564 5
420 571 30
420 582 28
420 583 30
421 436 4
421 462 41
421 473 18
421 481 34
421 483 47
421 497 42
421 501 1
421 506 16
421 518 4
421 528 6
421 532 15
421 553 20
421 572 46
421 588 20
421 590 3
422 427 21
422 451 28
422 491 42
422 492 31
422 493 30
422 524 22
422 525 46
422 527 41
422 544 4
422 556 17
422 564 38
422 571 27
422 590 23
422 595 19
422 599 6
423 486 2
423 501 24
423 531 46
423 541 20
423 552 7
423 553 44
423 560 13
424 448 9
424 495 11
424 519 16
424 534 15
424 550 25
424 571 38
424 585 10
424 589 46
425 475 40
425 483 33
425 495 25
425 500 31
425 529 15
425 539 5
425 584 2
426 492 10
426 499 47
426 522 5
426 525 26
426 532 36
426 535 33
426 549 49
426 551 4
426 574 38
426 575 2
426 593 29
427 461 35
427 467 23
427 472 35
427 486 30
427 491 35
427 504 46
427 533 40
427 573 3
427 583 10
428 444 16
428 458 40
428 490 19
428 502 11
428 548 29
428 573 3
428 575 36
428 599 9
429 466 17
429 474 40
429 532 13
429 544 27
429 556 38
430 454 19
430 459 4
430 488 24
430 494 2
430 507 4
430 560 29
430 561 41
430 584 6
430 593 8
431 441 26
431 491 28
431 513 44
431 531 5
431 538 15
431 545 39
431 555 47
431 586 17
431 593 48
432 434 12
432 447 6
432 521 19
432 588 23
433 466 34
433 478 23
433 495 10
433 509 44
433 541 40
433 547 1
433 554 8
433 579 18
433 586 38
434 474 27
434 501 21
434 503 11
434 512 30
434 515 27
434 553 40
434 557 20
434 582 34
435 440 49
435 470 47
435 486 13
435 508 42
435 552 4
435 558 27
435 565 33
435 567 50
436 442 45
436 446 30
436 465 13
436 472 50
436 474 50
436 503 35
436 536 35
436 564 23
437 454 46
437 476 31
437 500 12
437 530 46
437 545 38
437 548 31
437 578 34
437 587 14
438 447 3
438 449 44
438 453 45
438 482 29
438 509 35
438 526 17
438 532 12
438 541 33
438 561 13
438 564 27
438 571 25
439 481 18
439 486 3
439 499 7
439 506 19
439 531 48
439 535 38
439 556 32
439 589 49
439 596 38
440 449 18
440 490 36
440 496 12
440 518 14
440 541 16
440 554 25
441 474 9
441 475 3
441 478 5
441 510 42
441 571 19
441 573 7
441 575 38
441 589 13
442 501 38
442 504 22
442 519 29
442 528 1
442 536 7
442 580 44
442 582 27
442 595 33
443 452 13
443 459 32
443 477 41
443 481 32
443 488 31
443 499 28
443 536 13
443 550 31
443 551 17
443 565 32
443 581 16
443 588 28
444 456 45
444 495 33
444 499 2
444 509 6
444 512 38
444 566 8
444 582 49
445 503 6
445 554 17
445 563 36
445 573 20
445 578 6
446 461 10
446 462 1
446 474 6
446 476 16
446 487 46
446 488 35
446 516 50
446 525 8
446 535 18
446 570 40
446 597 39
447 464 48
447 468 19
447 505 3
447 534 30
448 461 36
448 486 35
448 513 46
448 523 15
448 538 31
448 555 28
448 563 19
448 588 36
448 599 17
449 481 26
449 530 35
449 574 24
449 585 44
449 599 22
450 453 44
450 484 49
450 503 33
450 518 46
450 535 7
450 542 50
450 543 41
450 566 43
450 569 49
450 579 50
451 501 10
451 518 38
451 525 39
452 462 9
452 481 7
452 484 43
452 485 38
452 530 44
452 538 29
452 582 33
453 459 8
453 472 10
453 479 13
453 502 28
453 509 47
453 511 29
453 525 6
453 548 33
453 572 3
453 586 49
453 591 5
454 479 48
454 486 50
454 493 37
454 503 43
454 524 6
454 536 37
454 537 35
454 572 48
454 575 37
454 595 34
454 596 7
455 480 25
455 483 24
455 515 15
455 534 33
455 538 19
455 544 2
455 567 26
455 569 47
455 570 37
456 460 33
456 479 8
456 482 1
456 495 11
456 500 7
456 514 31
456 530 18
456 583 39
457 464 35
457 481 16
457 500 45
457 523 32
457 562 15
457 569 34
457 570 26
457 594 22
457 597 22
458 479 12
458 487 19
458 541 8
458 562 48
458 569 27
459 461 32
459 483 21
459 487 43
459 488 14
459 497 41
459 510 47
459 517 39
459 539 38
459 540 35
459 559 24
459 568 47
459 574 35
459 582 36
460 489 3
460 544 17
460 562 3
460 573 44
461 558 2
461 571 20
461 584 38
461 596 35
462 485 37
462 511 21
462 545 13
462 551 8
462 597 42
463 473 24
463 478 29
463 501 2
463 502 21
463 524 7
463 555 33
463 591 44
463 596 50
464 504 49
464 520 34
464 522 48
464 531 39
464 542 23
464 554 34
464 587 12
464 596 20
465 473 20
465 479 49
465 489 24
465 505 36
465 546 3
465 549 19
465 594 39
466 526 23
466 530 7
466 566 24
466 580 9
467 469 29
467 481 36
467 516 18
467 532 23
467 549 11
468 472 46
468 485 24
468 493 34
468 515 3
468 526 8
468 539 27
468 552 4
468 566 6
468 576 12
469 481 3
469 491 45
469 493 37
469 497 36
469 526 8
469 546 6
469 578 5
469 587 9
471 484 31
471 531 42
471 570 11
471 596 50
472 493 31
472 507 35
472 511 8
472 535 4
472 540 45
472 567 38
472 572 41
472 585 13
473 475 10
473 481 3
473 484 8
473 500 35
473 512 36
473 520 12
473 532 45
473 583 14
473 593 15
474 489 50
474 497 28
474 511 19
474 541 46
474 565 14
474 566 4
474 594 6
475 500 21
475 505 10
475 517 16
475 581 1
475 590 2
476 484 28
476 501 2
476 536 32
476 542 13
476 554 9
476 570 37
476 575 9
476 589 49
476 593 29
477 510 23
477 545 8
478 483 31
478 533 31
478 539 45
478 579 17
479 488 44
479 505 39
479 581 32
480 494 11
480 505 40
480 513 9
480 548 29
480 574 36
480 578 22
480 581 33
481 487 43
481 511 42
481 512 42
481 523 8
481 528 45
481 556 45
481 580 35
481 584 46
481 585 26
482 489 49
482 496 7
482 521 12
482 526 8
482 543 5
482 544 40
482 547 30
482 548 14
482 573 23
482 578 12
482 585 10
482 587 41
483 484 8
483 486 48
483 489 22
483 498 18
483 502 38
483 503 31
483 547 48
483 560 25
483 582 4
483 596 30
484 487 19
484 489 48
484 517 24
484 520 26
484 526 42
484 531 18
484 539 12
484 551 39
484 554 46
484 558 11
484 599 45
485 489 9
485 519 20
485 531 1
485 532 1
485 551 1
485 568 17
485 572 23
485 587 15
486 521 26
486 533 13
486 561 22
486 588 24
487 508 36
487 512 41
487 529 13
487 536 16
487 540 38
487 548 39
487 587 22
488 503 20
488 510 7
488 547 19
489 500 45
489 508 32
489 550 10
489 567 14
489 568 45
490 504 48
490 507 9
490 519 7
490 539 45
490 546 18
491 523 28
491 533 47
491 536 20
491 549 29
491 587 13
492 501 42
492 509 45
492 540 39
492 569 6
492 593 18
493 528 12
493 540 41
493 541 10
493 564 26
493 569 9
493 581 47
493 593 14
494 515 30
494 517 18
494 525 20
494 547 48
494 551 12
494 582 3
494 587 9
495 505 26
495 508 47
495 533 8
495 549 34
495 565 6
496 521 4
496 543 3
496 570 33
496 587 1
497 555 22
497 561 13
497 572 13
497 592 15
498 525 7
498 551 1
498 561 22
498 573 26
498 582 14
499 530 13
499 534 35
499 539 39
499 548 21
499 552 34
499 573 2
499 580 2
499 591 1
500 571 21
500 578 1
500 586 15
501 529 25
501 559 9
501 582 40
502 505 22
502 507 18
502 521 25
502 536 27
502 539 22
502 582 30
502 584 11
502 596 22
503 520 3
503 527 24
503 536 36
503 561 20
504 506 32
504 580 37
505 525 41
505 527 8
505 547 2
505 549 3
505 556 44
505 568 41
505 589 25
506 514 27
506 531 44
506 569 26
506 579 30
506 590 15
507 526 26
507 585 44
507 588 41
508 522 36
508 531 35
508 555 12
508 572 4
508 594 11
509 525 40
509 548 25
509 554 40
509 560 1
509 562 48
509 572 45
510 525 26
510 527 33
510 553 14
510 570 7
510 587 21
511 562 4
511 599 16
512 533 23
512 534 9
512 541 12
512 549 15
512 581 33
513 551 40
513 558 8
513 569 11
514 518 19
514 524 24
514 525 38
514 536 14
514 590 15
515 540 24
515 559 50
515 569 26
515 571 29
515 572 11
515 577 18
515 597 3
516 544 2
516 551 20
516 583 2
516 598 46
517 524 45
517 528 34
517 543 9
517 579 3
517 581 7
518 521 15
518 548 21
519 557 29
519 589 23
520 581 32
520 590 43
521 543 7
521 546 21
521 579 50
521 581 17
521 586 42
521 599 24
522 564 7
522 590 7
522 591 40
523 533 30
523 537 9
523 545 17
523 589 8
524 549 19
524 572 34
524 593 12
525 554 22
526 535 3
526 565 13
526 576 18
527 554 49
527 563 48
527 564 28
527 572 4
527 577 4
527 584 42
527 593 24
528 544 34
528 549 16
528 553 7
528 563 26
528 568 25
528 570 27
528 584 28
528 588 41
529 540 20
529 581 3
529 591 49
530 569 29
530 582 42
531 537 28
531 548 37
531 586 8
532 559 37
532 581 7
533 566 44
534 541 48
534 547 28
534 591 48
535 539 12
535 543 47
535 548 47
535 560 12
535 565 27
535 567 2
535 577 15
536 539 20
536 547 25
536 578 1
536 588 36
537 539 31
537 570 28
537 576 10
537 597 9
538 550 5
538 558 2
538 562 31
538 564 9
538 574 1
538 576 11
538 596 2
539 541 30
539 544 47
539 555 10
539 578 17
539 584 5
540 549 3
540 551 16
540 563 34
540 581 2
540 585 28
540 588 33
541 563 48
541 575 39
541 580 9
541 593 49
542 560 5
542 562 28
542 573 25
542 587 5
543 546 15
544 548 7
544 569 33
544 573 24
544 580 16
544 581 39
545 561 28
546 549 46
546 553 50
546 579 30
546 585 8
547 553 1
547 567 9
547 583 4
548 549 10
549 552 27
549 557 10
549 567 14
549 588 43
551 556 43
551 578 16
552 585 20
552 587 25
553 562 15
553 591 10
554 586 35
555 559 16
555 563 14
556 582 13
557 570 40
557 589 21
558 574 27
558 587 47
559 580 5
559 583 3
560 577 14
561 567 43
561 582 32
562 565 11
562 567 42
563 568 11
564 567 18
564 571 45
564 592 21
564 596 23
565 572 4
565 590 50
566 595 32
568 583 20
569 572 42
570 577 26
570 593 35
570 595 13
571 580 3
571 599 1
573 584 24
574 578 39
574 588 16
576 591 39
576 596 1
579 592 8
580 582 9
582 596 30
583 588 6
583 590 13
584 586 32
584 591 21
585 595 8
586 588 15
586 592 31
588 598 1
591 597 27
592 595 50
595 596 45
600 299 78
601 599 16
600 601 94
602 608 7
602 609 6
602 621 2
602 624 9
602 655 5
602 687 7
602 740 10
602 754 3
602 775 2
602 777 2
602 782 7
602 801 1
602 815 4
602 825 3
602 828 6
602 866 10
602 867 2
602 868 10
602 870 3
602 876 7
603 649 10
603 672 7
603 682 10
603 695 6
603 700 7
603 705 1
603 724 4
603 741 8
603 749 1
603 773 9
603 805 4
603 844 7
604 612 6
604 628 5
604 637 8
604 654 2
604 688 3
604 703 7
604 740 4
604 745 6
604 751 8
604 797 10
604 802 8
604 806 3
604 819 2
604 865 3
604 877 2
605 629 6
605 637 3
605 644 6
605 664 4
605 677 4
605 684 3
605 686 3
605 698 9
605 703 1
605 716 3
605 758 2
605 759 10
605 807 3
605 843 2
605 847 3
605 857 1
605 894 7
606 613 9
606 629 10
606 640 8
606 648 3
606 653 6
606 659 2
606 701 9
606 728 5
606 761 3
606 779 6
606 781 8
606 859 7
606 870 9
606 897 9
607 633 2
607 662 3
607 695 5
607 722 5
607 760 6
607 780 9
607 788 7
607 826 4
607 846 1
607 850 1
607 870 8
607 874 10
608 637 3
608 652 9
608 663 4
608 673 5
608 703 6
608 713 4
608 727 5
608 736 3
608 756 6
608 765 2
608 781 6
608 793 4
608 803 7
608 810 9
608 826 10
608 828 6
608 855 7
608 877 10
608 883 4
609 620 8
609 625 2
609 654 10
609 670 2
609 702 9
609 709 10
609 740 10
609 762 4
609 769 10
609 793 2
609 800 1
609 810 1
609 824 6
609 865 10
609 872 6
609 877 10
610 611 7
610 673 9
610 686 6
610 695 1
610 728 5
610 756 8
610 761 9
610 799 8
610 809 6
610 815 9
610 849 9
610 853 1
610 872 5
610 887 8
610 898 6
611 708 2
611 733 1
611 796 6
611 799 5
611 816 9
611 827 7
611 842 6
611 846 3
611 863 9
611 867 7
611 873 5
611 881 9
611 882 2
611 899 6
612 616 5
612 646 3
612 665 2
612 689 5
612 712 9
612 730 5
612 742 9
612 760 6
612 800 3
612 849 9
612 894 1
613 614 3
613 629 9
613 642 3
613 696 7
613 786 9
613 793 8
613 832 10
613 849 9
613 862 5
613 863 4
613 877 10
613 888 2
614 619 1
614 687 2
614 706 10
614 707 7
614 726 6
614 773 10
614 778 10
614 797 4
614 827 6
614 836 2
614 865 5
614 884 1
614 890 10
614 892 1
614 896 1
615 637 7
615 649 5
615 704 9
615 707 9
615 710 7
615 712 10
615 716 1
615 788 3
615 791 8
615 835 9
615 880 4
615 883 6
615 893 5
616 634 7
616 658 5
616 672 6
616 681 9
616 684 8
616 689 7
616 714 7
616 716 6
616 719 7
616 737 6
616 759 9
616 794 4
616 824 8
616 830 5
616 876 4
617 626 9
617 655 6
617 685 7
617 686 6
617 690 2
617 723 7
617 742 6
617 766 9
617 792 6
617 795 9
617 815 3
617 832 3
617 867 7
617 871 7
618 697 1
618 746 1
618 778 5
618 794 7
618 812 9
618 813 4
618 843 7
618 859 5
618 868 10
618 877 2
618 879 3
618 897 8
619 641 2
619 657 7
619 669 7
619 688 6
619 699 2
619 722 5
619 788 3
619 800 8
619 805 2
619 835 7
619 856 5
619 889 10
619 891 5
620 658 2
620 690 8
620 705 7
620 730 5
620 734 6
620 755 5
620 774 7
620 811 8
620 835 2
620 840 3
620 842 6
620 858 5
620 871 9
620 886 3
620 891 6
621 637 2
621 664 5
621 681 5
621 695 5
621 704 3
621 737 1
621 784 3
621 792 5
621 817 8
621 818 5
621 855 4
621 861 9
621 885 1
621 888 10
622 688 8
622 705 7
622 729 2
622 744 7
622 770 6
622 788 8
622 790 2
622 856 10
622 878 4
622 887 10
623 631 3
623 668 8
623 680 5
623 686 7
623 696 9
623 717 9
623 753 5
623 838 10
623 858 4
623 883 9
624 657 5
624 711 6
624 736 2
624 744 7
624 754 2
624 755 9
624 763 3
624 776 8
624 780 9
624 802 6
624 811 7
624 812 9
624 819 2
624 830 10
624 839 5
624 856 9
624 900 9
625 632 7
625 649 1
625 705 2
625 778 6
625 798 3
625 825 2
625 829 2
625 853 2
626 644 10
626 657 1
626 702 8
626 747 1
626 752 4
626 771 8
626 786 7
626 787 1
626 812 9
626 861 3
627 645 5
627 646 7
627 652 8
627 666 2
627 716 6
627 750 5
627 759 10
627 768 4
627 814 8
627 816 10
627 844 8
627 877 7
627 879 8
627 894 6
628 634 7
628 635 2
628 638 1
628 640 1
628 670 5
628 703 3
628 717 2
628 726 4
628 741 3
628 773 9
628 775 6
628 800 8
628 815 7
628 865 3
629 663 10
629 678 5
629 683 5
629 698 4
629 711 4
629 719 4
629 735 7
629 740 1
629 744 8
629 796 7
629 801 6
629 815 6
629 822 8
629 851 5
629 858 2
630 655 5
630 663 1
630 682 10
630 693 8
630 720 1
630 783 10
630 792 4
630 805 5
630 830 4
630 888 7
631 678 9
631 704 4
631 735 3
631 754 8
631 764 10
631 773 7
631 775 8
631 776 7
631 777 3
631 795 3
631 806 2
631 813 7
631 833 10
631 837 2
631 878 6
631 882 6
631 885 9
631 887 1
632 641 3
632 661 3
632 669 4
632 672 9
632 681 5
632 692 5
632 695 9
632 703 6
632 707 7
632 762 2
632 777 2
632 785 10
632 848 1
633 649 1
633 655 3
633 666 5
633 698 10
633 703 5
633 707 1
633 710 7
633 713 3
633 726 3
633 739 10
633 740 4
633 748 9
633 759 1
633 785 7
633 809 7
633 810 6
633 818 5
633 879 7
634 652 10
634 681 9
634 712 3
634 740 10
634 766 4
634 780 7
634 810 10
634 832 1
634 864 3
634 870 2
634 899 2
635 641 2
635 648 4
635 693 4
635 762 7
635 781 8
635 793 4
635 851 1
635 868 8
636 657 2
636 670 3
636 678 2
636 679 3
636 684 8
636 693 3
636 694 3
636 709 4
636 730 9
636 743 10
636 796 10
636 799 5
636 818 1
636 819 8
636 838 7
636 847 1
636 869 1
636 884 6
637 642 10
637 651 1
637 669 8
637 677 3
637 680 5
637 743 2
637 761 6
637 765 8
637 767 8
637 816 3
637 828 3
637 838 10
637 875 2
638 648 5
638 684 4
638 692 4
638 712 7
638 723 1
638 735 6
638 738 10
638 744 6
638 759 6
638 789 1
638 798 5
638 808 10
638 812 2
638 820 4
638 844 9
638 851 2
638 853 5
638 860 6
639 646 3
639 647 7
639 675 3
639 703 6
639 707 3
639 709 6
639 747 3
639 752 3
639 753 5
639 756 6
639 784 5
639 794 4
639 801 9
639 833 9
639 848 9
639 853 4
639 863 8
639 884 1
640 642 1
640 662 9
640 668 6
640 677 6
640 768 9
640 780 2
640 791 8
640 812 10
640 846 6
641 659 6
641 673 3
641 689 2
641 700 3
641 729 6
641 731 8
641 737 5
641 738 3
641 742 1
641 747 1
641 755 5
641 761 3
641 800 5
641 808 2
641 813 9
641 829 1
641 836 1
641 877 10
641 889 1
641 894 6
642 650 7
642 652 2
642 669 7
642 677 7
642 745 9
642 747 2
642 754 7
642 766 1
642 796 9
642 802 7
642 804 6
642 810 6
642 839 1
642 858 7
642 861 8
643 656 8
643 695 6
643 704 5
643 724 2
643 741 8
643 751 7
643 769 7
643 792 2
643 840 1
643 867 10
643 870 1
643 879 3
643 880 2
643 884 10
643 885 4
644 666 8
644 675 8
644 710 7
644 717 4
644 719 6
644 743 5
644 745 5
644 775 2
644 798 7
644 823 6
644 867 10
644 870 2
644 884 3
645 646 1
645 681 10
645 696 1
645 704 10
645 735 8
645 767 5
645 776 2
645 777 5
645 783 1
645 818 10
645 828 9
645 850 3
645 851 9
645 859 9
645 879 8
645 882 1
646 674 10
646 698 3
646 726 10
646 731 9
646 756 9
646 769 3
646 790 4
646 810 5
646 819 9
646 858 7
646 887 2
647 651 6
647 688 7
647 691 5
647 696 9
647 709 9
647 733 7
647 763 9
647 786 8
647 797 4
647 826 5
647 832 9
647 867 10
647 880 7
648 658 10
648 665 8
648 672 1
648 711 9
648 728 8
648 741 10
648 753 1
648 763 9
648 775 2
648 818 10
648 822 9
648 827 2
648 841 4
648 853 4
648 856 9
648 897 2
649 665 1
649 688 10
649 706 10
649 732 7
649 743 4
649 768 8
649 772 5
649 775 10
649 785 8
649 833 4
649 835 5
649 846 2
649 860 5
650 662 5
650 672 10
650 675 4
650 686 4
650 693 10
650 702 2
650 730 4
650 735 2
650 744 4
650 750 4
650 763 3
650 813 3
650 831 3
650 842 7
650 897 6
651 674 6
651 690 5
651 726 10
651 739 8
651 775 6
651 776 9
651 808 4
651 817 1
651 858 8
651 860 10
651 872 3
651 878 5
652 680 6
652 683 7
652 725 8
652 747 10
652 779 3
652 797 7
652 824 3
652 892 9
653 704 8
653 713 7
653 722 2
653 723 9
653 748 10
653 772 5
653 780 4
653 789 3
653 806 7
653 854 2
653 861 10
653 869 5
653 875 8
653 877 1
653 878 2
654 667 3
654 711 1
654 719 8
654 772 3
654 805 8
654 861 9
654 869 7
654 874 2
654 887 4
655 657 4
655 693 9
655 705 3
655 712 8
655 741 7
655 791 8
655 801 6
655 804 5
655 822 4
655 861 7
655 869 5
655 888 3
655 890 4
656 689 10
656 691 7
656 698 2
656 700 1
656 722 9
656 728 6
656 800 8
656 817 1
656 851 10
656 855 2
657 661 2
657 663 7
657 693 5
657 748 9
657 763 5
657 773 3
657 796 3
657 804 1
657 816 6
657 819 3
657 823 3
657 861 6
657 862 2
657 872 2
657 888 1
657 894 6
658 684 5
658 689 10
658 707 2
658 762 10
658 773 3
658 806 2
658 814 8
658 823 6
658 826 4
658 833 8
658 841 4
658 891 2
658 895 9
658 898 3
659 665 3
659 675 10
659 692 1
659 698 9
659 716 10
659 818 7
659 860 2
659 866 4
659 874 7
660 733 9
660 782 9
660 785 2
660 802 4
660 804 10
660 806 3
660 812 5
660 823 7
660 833 10
660 848 6
661 734 8
661 772 1
661 830 10
661 839 1
661 850 8
661 852 5
661 866 5
661 883 8
661 889 8
661 893 8
662 665 6
662 718 2
662 720 10
662 725 7
662 751 2
662 848 1
662 852 8
662 881 1
662 887 4
662 895 4
663 673 9
663 698 2
663 721 2
663 734 10
663 739 8
663 751 3
663 758 5
663 862 4
663 897 9
663 898 6
664 673 9
664 674 8
664 675 6
664 703 8
664 736 9
664 737 5
664 770 4
665 670 5
665 700 2
665 716 2
665 731 2
665 734 7
665 741 3
665 751 3
665 815 5
665 819 7
665 842 3
665 846 3
665 858 9
665 869 8
665 878 8
665 900 7
666 718 2
666 720 9
666 758 9
666 782 9
666 789 1
666 834 3
666 850 4
666 856 1
666 892 8
667 678 2
667 747 8
667 749 5
667 761 1
667 771 8
667 781 9
667 787 4
667 794 2
667 798 1
667 799 7
667 804 5
667 819 7
667 824 2
667 856 8
667 859 4
667 873 10
667 884 2
668 685 6
668 702 8
668 743 10
668 744 3
668 745 4
668 747 1
668 801 3
668 807 2
668 853 1
669 709 5
669 717 6
669 721 4
669 768 5
669 787 3
669 788 5
669 789 4
669 792 7
669 793 7
669 802 2
669 840 8
669 892 2
670 713 5
670 732 8
670 791 1
670 854 10
670 866 6
670 899 2
671 695 7
671 719 9
671 721 1
671 729 8
671 738 6
671 745 8
671 773 9
671 811 10
671 826 3
671 841 1
671 879 2
671 886 5
672 688 1
672 710 8
672 736 10
672 760 4
672 764 4
672 767 5
672 798 10
672 827 8
672 837 3
672 840 8
672 865 1
672 890 10
673 695 10
673 780 5
673 784 7
673 797 10
673 849 4
673 853 5
673 854 3
673 855 2
673 861 3
673 897 3
673 899 2
674 684 9
674 691 2
674 695 10
674 723 10
674 737 6
674 750 1
674 779 4
674 812 10
674 813 1
674 820 1
674 825 2
674 862 7
674 875 5
674 886 8
675 699 6
675 735 2
675 740 10
675 758 4
675 792 2
675 795 2
675 827 5
675 847 8
675 863 8
676 694 4
676 721 4
676 741 4
676 831 8
676 857 5
676 865 7
677 748 2
677 769 6
677 776 7
677 822 3
677 886 8
677 900 6
678 681 10
678 682 10
678 691 9
678 698 10
678 725 10
678 764 2
678 773 3
678 783 8
678 790 6
678 817 10
678 853 4
679 681 9
679 742 1
679 744 9
679 749 2
679 753 2
679 789 3
679 859 9
679 874 10
679 885 8
679 888 2
679 899 3
680 696 5
680 714 9
680 719 1
680 769 6
680 811 6
680 812 7
680 843 10
680 851 3
680 852 5
681 700 9
681 708 2
681 711 5
681 726 10
681 756 4
681 778 6
681 788 4
681 818 3
681 819 1
681 832 3
681 866 6
681 892 9
682 701 4
682 710 6
682 727 2
682 747 5
682 758 10
682 804 1
682 808 6
682 817 9
682 841 4
682 867 1
682 897 3
683 699 4
683 709 1
683 740 10
683 741 10
683 769 10
683 772 1
683 789 2
683 793 6
683 796 10
683 804 6
683 807 10
683 860 1
684 692 1
684 710 6
684 736 5
684 741 3
684 769 8
684 770 9
684 834 1
684 863 9
684 870 4
684 872 6
684 874 10
685 688 9
685 713 8
685 762 2
685 772 6
685 779 6
685 788 8
685 797 8
685 822 9
685 844 1
685 847 1
686 688 10
686 713 10
686 715 10
686 721 1
686 725 4
686 748 7
686 751 2
686 765 1
686 885 6
686 886 2
687 714 1
687 718 3
687 731 8
687 791 5
687 800 1
687 810 9
687 825 5
687 864 1
687 878 2
687 896 3
688 691 10
688 700 2
688 762 10
688 785 4
688 801 8
688 806 7
688 842 1
688 845 7
688 852 7
688 859 3
688 862 7
688 867 7
688 878 5
688 885 8
689 704 9
689 733 8
689 762 4
689 781 10
689 789 10
689 795 2
689 802 3
689 812 2
689 889 4
690 691 3
690 732 6
690 733 6
690 775 1
690 797 3
690 820 8
690 822 4
690 832 7
690 857 10
690 861 6
690 864 8
690 865 3
690 866 5
690 870 4
690 872 5
690 895 1
691 700 1
691 728 7
691 731 8
691 751 9
691 760 1
691 764 5
691 793 7
691 831 10
691 843 9
691 854 8
691 861 1
691 868 2
691 877 2
691 898 2
692 711 7
692 811 4
692 829 10
692 831 5
692 860 6
692 894 2
693 696 2
693 737 10
693 746 10
693 750 1
693 762 5
693 769 7
693 784 5
693 787 9
693 797 2
693 830 9
693 848 1
693 859 4
693 879 8
693 882 8
694 705 2
694 730 10
694 732 3
694 768 10
694 772 10
694 790 3
694 829 7
694 846 2
694 848 6
694 855 9
694 858 4
694 867 2
694 868 4
694 874 3
695 715 6
695 737 10
695 753 6
695 755 8
695 799 9
695 804 7
695 841 10
695 861 5
695 877 3
695 891 5
696 705 5
696 755 6
696 765 5
696 766 5
696 773 10
696 780 2
696 815 3
696 821 1
696 866 2
696 891 7
696 899 3
697 719 3
697 735 1
697 752 1
697 821 4
697 834 6
697 851 9
697 878 9
697 879 7
697 886 5
697 891 3
698 700 5
698 702 6
698 705 8
698 711 4
698 720 4
698 723 6
698 778 3
698 782 10
698 820 8
698 834 9
698 867 4
699 711 4
699 715 4
699 740 8
699 758 3
699 780 7
699 786 2
699 838 5
699 844 10
699 863 10
699 885 7
699 898 2
700 713 10
700 718 8
700 719 8
700 726 7
700 736 8
700 770 6
700 861 4
700 866 4
700 886 9
701 712 8
701 723 9
701 729 8
701 735 3
701 737 4
701 744 4
701 760 5
701 769 3
701 780 3
701 818 6
701 820 8
701 826 8
701 829 1
701 850 6
701 865 2
701 894 7
701 899 9
702 758 9
702 768 7
702 795 9
702 804 5
702 810 10
702 836 10
702 859 4
702 880 9
702 891 7
702 895 4
703 704 7
703 711 2
703 721 7
703 725 5
703 739 1
703 787 6
703 793 4
703 796 3
703 802 1
703 812 9
703 837 7
703 839 4
703 863 4
703 883 4
703 888 1
704 729 1
704 775 4
704 776 8
704 780 5
704 794 1
704 796 7
704 828 3
704 840 9
704 875 7
704 879 7
705 715 10
705 734 6
705 751 3
705 755 9
705 764 4
705 771 6
705 783 5
705 791 5
705 821 4
705 854 1
705 870 5
705 882 1
706 784 6
706 788 7
706 810 2
706 816 5
706 867 6
706 898 5
707 729 10
707 733 9
707 737 7
707 746 2
707 789 3
707 792 5
707 817 6
707 868 5
707 876 3
707 893 8
708 725 3
708 751 1
708 787 7
708 831 2
708 853 8
708 872 9
709 739 2
709 751 2
709 811 6
709 831 6
709 835 6
709 858 9
709 893 6
709 897 1
710 712 10
710 759 4
710 792 9
710 796 1
710 830 8
710 840 4
710 872 7
710 888 9
711 730 5
711 731 5
711 764 10
711 769 7
711 771 9
711 794 6
711 829 1
711 841 3
711 850 3
711 862 5
711 880 5
711 893 9
712 720 8
712 721 3
712 730 9
712 732 10
712 736 6
712 766 6
712 775 5
712 826 1
712 876 7
713 717 3
713 726 3
713 754 6
713 786 6
713 787 2
713 794 8
713 835 5
713 839 7
713 843 6
713 857 3
713 901 1
714 739 10
714 806 2
714 846 9
714 865 1
714 867 7
714 873 9
714 901 5
715 727 2
715 759 5
715 767 10
715 790 2
715 811 3
715 818 4
715 824 3
715 860 2
715 868 9
715 884 8
715 896 6
716 722 1
716 762 4
716 763 10
716 780 4
716 795 1
716 854 5
716 860 7
716 864 10
716 869 9
717 722 5
717 764 5
717 772 3
717 778 6
717 801 7
717 811 5
717 832 4
717 869 7
717 873 3
717 889 5
717 894 3
718 760 4
718 761 9
718 765 4
718 769 6
718 772 3
718 794 7
718 803 10
718 805 4
718 814 7
718 815 7
718 826 2
718 830 8
718 837 3
718 848 1
718 883 3
719 741 5
719 827 8
719 830 1
719 842 5
719 843 8
720 722 5
720 759 1
720 767 1
720 776 2
720 778 9
720 784 5
720 808 6
720 812 5
720 818 7
720 823 2
720 832 10
720 860 3
720 884 2
721 726 3
721 730 10
721 731 5
721 737 10
721 738 9
721 753 10
721 760 8
721 795 7
721 811 1
721 821 5
721 835 9
721 839 4
721 855 9
721 858 4
722 737 1
722 740 9
722 742 10
722 756 8
722 770 6
722 776 10
722 781 8
722 820 7
722 824 9
722 842 4
722 858 2
722 891 5
723 741 3
723 812 5
723 835 4
723 874 5
723 885 7
724 727 9
724 741 6
724 761 3
724 781 10
724 791 4
724 803 2
724 813 7
724 818 2
724 823 5
724 872 4
724 882 1
724 887 8
725 763 2
725 778 6
725 781 10
725 785 3
725 802 5
725 803 9
725 815 8
725 866 6
725 870 9
726 729 4
726 735 4
726 746 4
726 761 8
726 796 1
726 813 6
726 824 2
726 831 6
726 855 2
726 870 10
726 880 4
726 887 7
727 730 2
727 737 3
727 769 2
727 791 6
727 792 2
727 818 4
727 819 10
727 835 5
727 844 6
727 846 9
727 861 8
727 888 1
728 741 10
728 816 10
728 832 7
728 867 8
729 750 7
729 763 2
729 776 8
729 817 1
729 818 8
729 831 2
729 837 10
729 874 10
730 754 9
730 778 1
730 877 5
730 896 1
730 899 3
731 732 1
731 752 9
731 773 4
731 818 5
731 854 1
731 874 1
731 891 6
732 753 6
732 761 10
732 765 2
732 780 1
732 791 10
732 802 10
732 804 1
732 810 9
732 817 9
733 745 9
733 750 9
733 767 6
733 779 10
733 780 6
733 782 8
733 807 7
733 826 9
733 833 7
733 900 6
734 747 8
734 774 9
734 776 3
734 790 8
734 791 1
734 811 3
734 821 6
734 841 7
734 856 9
735 744 8
735 769 7
735 772 7
735 777 3
735 846 9
735 853 8
735 855 3
735 861 8
735 876 7
735 881 5
735 892 7
736 759 8
736 784 3
736 833 5
736 864 3
736 876 5
736 879 2
736 888 2
736 901 3
737 755 1
737 757 10
737 762 1
737 774 8
737 797 8
737 798 3
737 808 5
737 820 9
737 826 7
737 843 2
737 845 7
737 867 7
737 881 2
737 896 3
737 897 3
738 767 4
738 771 1
738 777 1
738 787 9
738 821 9
738 835 9
738 839 5
738 845 7
738 869 6
739 777 10
739 823 3
739 829 10
739 839 4
739 880 4
740 754 1
740 761 6
740 789 4
740 798 2
740 822 6
740 835 1
740 846 10
740 862 10
740 869 7
740 883 10
740 892 8
741 797 1
741 849 6
741 867 5
741 889 2
742 755 10
742 758 7
742 759 5
742 775 3
742 815 7
742 874 5
742 893 3
743 773 8
743 798 10
743 843 9
743 848 3
743 884 9
744 769 1
744 844 3
744 867 4
744 897 6
745 747 5
745 774 1
745 800 10
745 805 7
745 819 7
745 821 2
745 831 8
745 848 8
745 849 1
745 861 7
746 756 6
746 761 1
746 771 4
746 803 10
746 817 4
746 850 5
746 892 8
746 894 10
747 748 7
747 780 7
747 790 5
747 835 9
747 879 4
747 894 6
748 797 9
748 800 6
748 810 6
748 815 9
748 843 10
748 847 9
748 865 7
748 871 7
748 879 9
748 893 8
748 895 5
749 768 7
749 772 9
749 806 2
749 849 5
749 878 1
750 754 10
750 772 2
750 802 3
750 805 5
750 808 3
750 817 6
750 824 9
750 895 2
751 757 6
751 781 6
751 839 8
751 849 2
752 755 6
752 786 1
752 794 7
752 829 5
752 830 9
752 842 4
752 859 5
752 865 10
752 876 2
752 880 1
753 766 8
753 787 2
753 793 8
753 800 2
753 837 9
753 845 9
753 852 5
754 765 5
754 767 9
754 800 4
754 818 8
754 819 2
754 851 8
754 859 10
754 866 9
754 891 9
755 766 3
755 773 4
755 799 4
755 822 1
755 852 7
755 859 9
755 860 3
755 889 5
756 757 5
756 761 3
756 762 8
756 770 10
756 771 3
756 777 1
756 825 2
756 836 10
756 850 3
756 863 10
756 866 4
756 867 3
756 894 8
756 896 8
756 900 9
757 764 8
757 765 2
757 772 6
757 779 9
757 861 1
757 885 7
757 895 8
758 789 9
758 830 9
758 839 3
758 878 4
758 881 9
758 882 2
759 784 5
759 788 4
759 807 6
759 811 9
759 825 6
759 844 4
759 847 10
759 861 8
759 885 6
760 764 2
760 806 10
760 815 8
760 830 1
760 835 3
760 837 2
760 841 10
760 865 10
760 880 10
760 894 9
761 836 3
761 865 5
761 897 10
762 776 6
762 777 3
762 788 7
762 806 6
762 812 2
762 841 1
762 893 10
763 771 2
763 869 2
763 871 6
764 777 7
764 779 10
764 780 6
764 812 3
764 845 3
764 848 6
764 867 10
764 879 10
764 882 9
765 780 1
765 783 8
765 806 1
765 859 3
765 876 1
765 880 10
765 885 5
765 899 1
766 768 10
766 773 9
766 801 7
766 819 9
766 844 4
766 850 2
767 779 7
767 793 10
767 814 5
767 818 8
767 872 1
767 873 6
767 885 1
767 889 6
768 783 3
768 809 10
768 817 3
768 826 7
769 776 4
769 802 8
769 805 8
769 827 4
769 866 6
769 867 9
769 868 3
769 879 8
769 895 3
770 801 3
770 831 7
770 845 9
770 849 5
770 853 7
770 867 8
771 785 4
771 798 7
771 804 3
771 806 5
771 850 4
771 868 2
771 877 9
771 886 1
772 776 4
772 777 6
772 783 3
772 786 1
772 787 10
772 792 3
772 806 4
772 813 6
772 816 8
772 862 3
772 871 4
772 873 3
772 886 1
772 896 4
773 791 5
773 806 8
773 810 6
773 813 10
773 840 7
773 859 5
773 866 6
773 879 5
773 881 4
773 888 9
773 889 1
773 894 6
773 897 5
774 780 4
774 801 10
774 825 3
774 881 4
774 882 5
774 892 1
774 893 9
774 894 6
775 809 10
775 836 1
775 857 9
775 861 8
776 790 10
776 819 1
776 853 1
777 798 3
777 832 1
777 844 4
777 864 9
777 871 9
778 780 1
778 869 10
778 896 5
778 900 7
779 837 6
779 854 9
779 868 10
779 892 6
780 781 9
780 785 8
780 799 1
780 804 3
780 838 7
780 873 5
781 784 8
781 792 1
781 803 5
781 812 6
781 826 6
781 839 7
781 845 8
782 821 6
782 858 4
782 869 10
782 877 9
782 882 4
782 884 2
782 890 9
783 790 9
783 793 10
783 838 9
783 839 9
783 846 2
783 888 5
784 788 6
784 792 9
784 818 5
784 834 7
784 859 4
784 874 4
784 892 4
785 821 6
785 833 8
785 853 2
785 857 3
785 868 7
785 873 3
786 789 9
786 816 5
786 822 10
786 894 5
788 792 4
789 795 8
789 854 8
789 868 3
790 863 6
790 869 3
790 876 4
790 877 6
791 807 1
791 847 6
791 855 7
791 858 2
792 801 7
792 828 1
792 836 9
792 850 5
792 858 6
792 892 5
793 813 10
793 819 1
793 840 1
793 855 8
793 862 10
794 805 2
794 816 10
794 818 6
794 832 6
794 842 8
794 885 2
794 901 8
795 831 3
795 858 6
795 892 5
795 897 2
796 803 8
796 808 2
796 852 5
796 854 4
796 869 7
796 899 7
797 804 9
797 813 3
797 815 10
797 825 7
797 833 6
797 852 8
797 858 1
797 869 3
798 801 5
798 813 2
798 818 3
798 835 7
799 814 9
799 819 4
799 859 8
799 869 10
799 872 1
799 877 4
799 889 8
800 807 3
800 833 1
800 850 2
800 859 8
800 860 7
800 869 5
800 870 7
800 880 8
800 891 1
800 893 10
801 821 4
801 838 8
801 853 8
801 879 9
801 900 9
802 842 6
802 856 4
802 862 7
803 804 8
803 812 6
803 839 3
803 844 10
803 855 10
803 879 9
803 896 10
804 830 3
804 848 8
804 861 10
804 863 3
804 870 3
805 814 9
805 844 5
805 857 5
805 863 2
806 813 4
806 818 1
806 822 6
806 838 1
806 842 8
806 862 7
806 863 2
806 870 4
806 895 6
807 838 2
807 849 2
807 872 4
808 814 7
808 832 7
808 836 2
808 877 5
808 892 4
808 900 6
809 828 6
809 879 5
809 894 6
810 861 5
810 876 7
811 816 4
811 825 6
811 847 1
811 855 6
811 883 4
812 827 8
812 828 3
812 865 5
812 877 1
812 900 3
813 831 3
813 841 3
813 885 3
814 816 9
814 817 7
814 842 6
814 848 6
814 853 8
814 868 9
814 874 9
814 880 4
814 881 7
814 894 1
815 819 10
815 872 2
815 893 8
816 839 5
817 829 6
817 836 4
817 854 2
817 866 2
817 881 7
817 884 7
818 868 2
818 880 4
818 889 3
818 893 9
819 834 8
819 839 7
819 876 2
819 897 1
819 898 9
820 837 6
820 850 5
820 885 9
821 830 2
821 832 10
821 865 6
821 897 1
822 825 10
822 857 5
822 859 5
822 894 6
823 841 7
823 844 6
823 859 7
823 864 4
823 884 3
823 885 2
824 837 9
824 860 4
824 870 5
825 859 7
825 891 2
826 833 8
826 838 3
826 846 4
826 847 7
826 866 10
826 885 3
827 838 10
827 858 2
827 878 3
827 881 5
827 889 6
828 845 4
828 851 9
829 863 5
831 850 9
831 859 9
831 882 6
831 888 3
832 838 5
833 859 3
833 880 1
834 848 3
834 856 1
834 898 7
835 846 5
835 853 4
835 876 5
835 894 10
836 896 8
837 890 2
838 862 3
839 843 6
839 851 4
839 852 7
839 854 4
840 897 5
841 854 1
841 896 5
842 885 7
843 844 3
843 855 1
843 864 2
843 872 6
843 890 9
843 891 9
844 862 7
844 867 10
844 894 4
845 860 1
845 867 4
846 872 7
846 879 2
847 853 6
847 863 9
847 882 10
848 880 2
848 891 3
849 855 4
849 865 1
849 869 2
850 867 7
850 873 6
852 879 7
852 901 2
854 864 2
854 869 2
854 870 7
854 871 4
855 891 8
855 897 3
855 899 6
856 859 9
856 872 6
856 892 4
856 901 9
857 901 4
858 861 2
858 880 8
859 865 10
859 878 2
859 879 4
859 884 8
860 874 5
860 889 9
860 890 6
861 870 4
862 867 3
862 881 8
862 886 10
862 889 5
863 897 10
864 901 8
865 866 10
867 885 8
867 889 10
868 888 3
869 874 2
869 877 8
870 873 6
872 899 9
874 875 2
875 881 4
875 890 7
875 899 7
876 889 7
879 892 6
880 882 3
881 884 8
881 886 5
885 888 2
887 897 1
887 898 8
889 901 9
890 893 6
896 898 7
902 601 93
903 901 10
902 903 22
