904 6735
59 10 54 47 92 48 75 56 45 18 66 92 56 1 74 98 17 82 46 3 41 33 89 45 84 12 18 3 26 43 28 36 4 81 83 96 80 9 3 24 27 68 68 82 21 41 31 89 74 28 91 66 13 79 10 96 42 28 50 19 22 77 55 25 9 89 72 41 97 26 64 75 94 31 8 66 23 90 54 96 70 96 62 82 26 23 77 67 2 79 38 75 55 44 100 16 84 23 56 32 49 71 7 94 54 66 59 76 8 64 24 77 59 37 58 84 59 86 2 13 64 91 87 71 34 38 38 69 13 93 1 13 15 59 6 68 24 16 44 31 31 19 7 89 55 16 72 65 54 25 29 69 16 16 39 1 5 28 70 17 72 70 81 87 28 38 54 3 53 49 86 35 67 44 23 73 60 46 38 65 71 66 33 86 33 24 38 90 51 7 58 23 28 39 9 7 76 62 62 81 11 47 15 29 90 38 2 1 35 91 65 5 8 98 42 93 73 80 82 23 38 39 45 18 77 5 24 5 19 85 85 81 31 99 9 73 88 62 73 75 52 90 31 60 87 73 52 11 4 85 33 93 23 30 10 52 86 34 56 4 70 92 84 53 90 45 25 30 6 49 56 10 38 86 69 76 10 72 86 13 56 71 58 30 100 67 81 37 52 36 41 74 27 76 26 69 20 2 50 78 43 87 63 28 61 97 69 95 100 23 23 69 57 47 66 92 82 24 98 10 37 62 14 65 79 49 34 11 28 72 80 70 58 42 50 70 90 18 65 89 40 39 9 96 37 75 39 18 98 37 28 86 98 93 2 29 41 35 91 69 59 70 90 68 11 39 38 53 57 54 93 96 92 2 44 29 76 82 98 25 18 25 62 68 17 64 48 10 98 38 78 56 8 67 24 70 6 13 22 14 66 67 61 9 68 4 89 95 86 87 71 55 63 32 74 80 95 21 89 45 59 18 52 66 36 27 87 93 39 61 6 56 27 67 17 94 22 5 40 59 43 10 14 6 41 39 85 88 60 25 84 18 94 35 35 29 62 21 22 52 33 79 60 59 97 76 4 19 32 43 77 75 52 42 80 45 33 16 84 92 40 67 61 33 1 47 13 14 19 86 18 52 17 29 10 13 4 14 83 87 56 12 61 60 5 40 56 37 55 39 28 46 5 40 30 57 86 95 23 57 80 92 8 96 20 17 61 75 82 43 61 90 54 22 1 59 13 56 95 20 46 75 65 2 14 47 58 52 41 32 8 72 23 15 68 42 83 80 68 17 22 29 6 76 50 6 34 14 13 80 33 58 54 50 59 20 96 68 71 88 100 78 59 74 44 78 68 26 57 35 94 79 63 99 54 64 56 39 78 20 84 87 53 95 35 14 50 48 19 42 43 14 52 98 56 73 91 54 45 84 38 93 24 25 62 64 74 69 23 42 41 90 45 45 36 31 58 85 30 28 26 73 41 30 70 49 2 61 54 99 96 91 91 71 67 52 34 41 72 57 34 12 98 31 56 86 13 13 22 43 40 100 15 33 29 36 81 82 96 86 80 91 76 22 13 95 25 99 87 96 7 72 7 56 54 14 41 67 26 15 9 18 66 23 2 94 10 34 27 6 19 59 48 94 80 13 40 5 11 26 100 17 50 59 72 3 72 65 69 50 79 77 19 44 51 20 89 61 53 67 18 23 25 17 68 57 29 8 13 39 85 64 7 34 22 79 37 46 43 57 47 21 86 17 16 36 36 4 48 40 22 17 62 99 86 29 55 14 88 19 5 73 82 11 58 56 89 46 1 83 3 99 55 88 15 70 75 2 25 75 93 47 91 6 45 76 86 51 42 74 69 46 98 50 8 55 57 97 1 57 31 55 7 86 42 21 7 68 74 32 42 66 30 33 71 26 60 9 76 1 82 96 46 31 97 54 85 54 2 37 62 32 91 69 69 84 41 76 52 15 59 93 32 88 77 55 65 37 63 40 37 96 87 35 26 83 40 62 36 41 99 98 24 41 18 45 77 58 72 28 24 30 72 8 69 1 62 33 37 76 24 25 36 87
0 39 2
0 99 5
0 101 12
0 139 15
0 148 17
0 164 5
0 261 17
0 263 2
0 269 3
1 12 5
1 20 16
1 57 8
1 66 25
1 99 23
1 131 12
1 134 1
1 147 17
1 153 20
1 159 12
1 184 20
1 185 7
1 261 4
1 273 18
1 274 9
1 278 5
2 65 20
2 81 4
2 99 1
2 133 23
2 139 5
2 145 3
2 159 25
2 202 11
2 210 14
2 251 16
2 267 2
2 271 20
2 293 9
3 7 3
3 13 22
3 22 13
3 63 21
3 67 6
3 81 14
3 84 18
3 139 20
3 149 16
3 182 11
3 183 14
3 184 5
3 222 6
3 242 20
3 256 8
3 264 25
4 5 5
4 8 14
4 33 22
4 37 10
4 50 15
4 68 19
4 76 14
4 92 19
4 95 20
4 124 1
4 130 8
4 166 12
4 170 3
4 178 2
4 245 21
4 272 7
4 280 24
4 293 10
5 36 2
5 73 6
5 94 24
5 121 22
5 141 25
5 165 16
5 170 9
5 171 13
5 200 22
5 207 16
5 229 8
5 253 7
5 268 16
5 278 12
5 296 20
6 54 14
6 80 22
6 91 11
6 115 7
6 126 12
6 155 5
6 194 4
6 217 13
6 224 12
6 260 15
7 15 17
7 36 15
7 68 10
7 75 25
7 79 15
7 83 22
7 84 4
7 113 21
7 143 20
7 158 2
7 240 20
7 281 12
8 10 10
8 26 8
8 30 9
8 31 1
8 47 17
8 95 15
8 121 18
8 157 5
8 159 11
8 166 6
8 179 3
8 185 22
8 217 14
8 229 15
8 246 3
8 271 17
8 284 4
8 298 16
9 13 9
9 53 22
9 92 5
9 106 20
9 126 23
9 147 22
9 155 16
9 199 1
9 215 17
9 235 12
9 237 4
9 294 11
10 48 24
10 50 14
10 55 20
10 81 7
10 92 16
10 95 13
10 97 23
10 102 10
10 124 18
10 128 8
10 143 15
10 185 20
10 190 6
10 198 5
10 212 11
10 224 8
10 243 24
10 245 16
10 249 23
10 250 7
10 252 12
10 290 5
11 25 1
11 41 10
11 70 1
11 103 17
11 120 12
11 127 19
11 163 3
11 164 16
11 174 6
11 183 3
11 218 4
11 255 1
11 257 11
11 262 21
11 267 13
12 14 8
12 28 5
12 32 7
12 39 18
12 46 21
12 70 2
12 95 23
12 107 2
12 133 14
12 141 8
12 149 25
12 154 5
12 188 7
12 190 8
12 191 16
12 225 11
12 247 11
12 252 2
12 255 13
12 275 4
12 280 14
13 35 6
13 61 8
13 65 4
13 72 12
13 91 11
13 92 9
13 98 14
13 120 21
13 182 4
13 214 3
13 286 6
14 15 10
14 44 10
14 65 23
14 76 7
14 118 13
14 141 22
14 148 8
14 169 1
14 191 4
14 209 10
14 222 7
14 270 11
14 297 17
15 64 23
15 65 23
15 74 2
15 76 1
15 86 13
15 131 5
15 144 14
15 147 18
15 151 15
15 165 17
15 183 6
15 191 25
15 212 2
15 231 21
15 239 22
15 242 7
15 243 1
15 254 2
15 267 16
15 292 12
16 19 1
16 22 24
16 90 24
16 98 23
16 153 7
16 156 1
16 180 1
16 198 16
16 237 8
16 284 13
16 293 9
17 31 7
17 57 11
17 76 11
17 137 7
17 164 23
17 215 17
17 237 21
17 240 17
17 260 6
17 262 14
17 271 25
18 27 7
18 55 18
18 78 22
18 94 4
18 101 24
18 119 22
18 125 5
18 146 17
18 148 8
18 162 6
18 166 15
18 175 8
18 219 5
18 242 21
18 261 11
18 267 5
18 277 13
19 34 20
19 184 20
19 187 22
19 192 1
19 194 5
19 217 9
19 237 9
19 238 4
19 251 2
19 269 6
19 284 22
19 294 8
20 40 20
20 116 21
20 130 16
20 147 12
20 151 18
20 169 19
20 178 12
20 181 16
20 204 24
20 208 3
20 212 1
20 226 6
20 233 20
20 271 8
20 273 10
20 295 17
21 22 20
21 35 16
21 108 5
21 116 14
21 162 10
21 178 1
21 210 14
21 243 16
21 261 11
22 28 25
22 54 19
22 64 12
22 71 5
22 82 16
22 93 19
22 156 24
22 168 13
22 169 10
22 210 12
22 238 7
22 241 5
22 265 1
22 287 23
23 25 5
23 28 5
23 37 25
23 51 10
23 52 24
23 63 9
23 134 21
23 145 16
23 149 4
23 204 14
23 220 20
23 224 17
23 234 25
23 239 22
23 242 8
23 263 16
23 269 7
23 277 7
23 298 11
24 47 18
24 53 11
24 65 3
24 72 14
24 95 12
24 109 16
24 114 25
24 120 25
24 122 24
24 138 4
24 147 2
24 151 23
24 173 11
24 198 7
24 225 22
24 253 22
25 42 5
25 60 6
25 116 18
25 122 20
25 129 9
25 157 8
25 163 16
25 169 2
25 199 7
25 215 14
25 216 11
25 233 24
25 242 22
25 244 17
25 263 12
25 264 15
25 276 5
25 298 14
26 32 5
26 38 18
26 44 6
26 58 6
26 68 19
26 78 7
26 92 11
26 99 21
26 109 4
26 111 21
26 130 2
26 138 1
26 142 18
26 174 6
26 186 8
26 205 12
26 270 3
26 282 18
27 35 19
27 56 20
27 70 19
27 80 2
27 91 9
27 100 5
27 108 3
27 115 5
27 142 23
27 143 14
27 204 21
27 248 4
27 290 4
27 295 2
28 32 23
28 33 12
28 72 7
28 108 17
28 118 18
28 122 18
28 134 12
28 139 21
28 169 13
28 189 13
28 194 23
28 201 7
28 266 20
28 287 5
28 289 18
28 296 24
29 51 22
29 55 13
29 70 19
29 75 18
29 79 17
29 88 4
29 111 24
29 122 19
29 179 10
29 183 21
29 205 9
29 211 6
29 232 2
29 290 12
29 293 9
29 296 24
30 31 23
30 40 16
30 66 15
30 109 17
30 126 10
30 150 3
30 225 13
30 230 24
30 263 15
30 271 12
31 58 6
31 63 12
31 97 17
31 149 25
31 204 12
31 267 15
31 274 13
31 278 7
31 286 9
32 130 6
32 132 10
32 213 7
32 231 24
32 245 22
33 75 3
33 79 9
33 163 2
33 166 6
33 212 22
33 220 10
33 237 4
33 255 22
33 262 2
34 73 21
34 74 13
34 80 11
34 126 23
34 137 2
34 211 10
34 222 15
34 232 14
34 246 17
34 284 1
35 89 7
35 95 16
35 134 12
35 140 21
35 158 5
35 175 21
35 176 5
35 194 10
35 201 5
35 214 13
35 227 10
35 281 1
36 156 17
36 163 20
36 176 4
36 180 22
36 182 17
36 222 16
36 231 3
36 256 13
36 266 19
36 284 23
37 54 25
37 56 5
37 60 20
37 86 4
37 138 16
37 176 9
37 190 17
37 282 9
38 39 11
38 56 23
38 60 24
38 63 25
38 73 20
38 101 6
38 131 20
38 159 1
38 167 17
38 192 1
38 195 14
38 198 2
38 202 4
38 203 5
38 214 21
38 233 7
39 94 2
39 104 14
39 122 24
39 132 4
39 139 1
39 152 18
39 187 3
39 197 3
39 209 24
39 213 22
39 215 6
39 228 16
39 231 8
39 243 24
39 272 24
39 286 18
39 289 23
39 295 24
40 53 17
40 55 17
40 61 4
40 78 13
40 85 20
40 119 21
40 143 14
40 185 8
40 240 24
40 261 17
40 277 14
41 58 21
41 98 25
41 107 17
41 119 10
41 126 1
41 139 22
41 184 12
41 192 20
41 204 24
41 220 16
41 252 20
41 257 23
41 276 23
41 280 10
41 288 5
41 293 21
42 46 10
42 66 22
42 123 18
42 146 8
42 168 16
42 172 12
42 179 14
42 264 3
43 44 6
43 45 11
43 55 18
43 65 15
43 77 9
43 88 9
43 105 5
43 120 4
43 129 11
43 153 22
43 155 15
43 160 11
43 221 20
43 227 4
43 248 5
43 260 19
44 89 19
44 177 24
44 246 18
44 256 17
45 59 10
45 90 22
45 121 14
45 141 19
45 220 20
45 248 7
45 254 3
45 259 12
45 262 20
45 277 16
45 278 17
46 74 2
46 104 1
46 168 9
46 200 16
46 214 11
46 254 20
46 266 20
47 85 17
47 99 5
47 133 18
47 226 8
47 228 17
47 229 13
47 234 11
47 237 21
47 241 8
47 263 5
47 277 21
48 117 25
48 127 21
48 132 5
48 158 23
48 210 11
48 212 25
48 258 17
48 260 17
48 289 2
49 65 4
49 68 13
49 91 20
49 115 22
49 119 14
49 145 22
49 171 5
49 247 6
49 272 8
49 282 24
50 56 3
50 57 1
50 63 5
50 68 20
50 87 8
50 113 21
50 116 9
50 125 19
50 139 18
50 144 16
50 157 25
50 166 15
50 186 17
50 197 20
50 236 21
50 265 14
50 270 7
50 284 20
50 294 8
51 79 24
51 85 24
51 118 13
51 125 13
51 138 20
51 153 9
51 161 2
51 248 16
51 250 13
51 251 7
51 285 25
51 292 14
52 74 9
52 76 2
52 92 20
52 122 6
52 157 10
52 167 16
52 203 14
52 206 5
52 227 10
52 244 7
52 258 4
52 278 25
52 280 25
52 293 25
53 87 20
53 96 14
53 104 6
53 110 17
53 142 21
53 146 6
53 196 15
53 226 10
53 240 19
53 271 11
53 273 18
53 287 20
54 60 1
54 111 7
54 144 3
54 163 3
54 168 22
54 256 14
54 282 4
55 66 17
55 82 21
55 85 13
55 139 9
55 172 11
55 175 17
55 214 18
55 235 17
55 249 22
55 250 19
55 257 19
55 259 21
55 271 16
55 280 7
55 281 2
55 297 7
56 146 4
56 152 7
56 154 23
56 163 13
56 177 2
56 180 8
56 185 7
56 205 23
56 208 8
56 249 13
56 290 1
56 299 12
57 61 10
57 73 16
57 74 16
57 77 3
57 84 11
57 104 5
57 105 11
57 135 21
57 137 24
57 156 5
57 172 15
57 189 20
57 252 24
57 259 10
57 280 16
57 297 14
58 68 16
58 74 19
58 133 20
58 135 21
58 136 25
58 162 19
58 168 10
58 259 2
58 268 1
58 295 16
58 297 1
59 67 10
59 107 3
59 115 1
59 122 22
59 160 14
59 165 18
59 188 14
59 216 16
59 220 5
59 224 18
59 270 1
59 290 3
60 87 16
60 115 8
60 128 17
60 192 11
60 230 6
60 240 1
60 278 3
60 292 21
60 298 18
61 72 21
61 75 17
61 94 15
61 140 22
61 234 10
61 244 24
61 263 25
61 295 12
62 73 14
62 122 1
62 124 21
62 141 18
62 145 3
62 148 19
62 185 9
62 211 21
62 212 7
62 263 24
62 266 25
62 278 2
62 285 2
62 286 2
63 73 17
63 76 9
63 92 20
63 105 4
63 122 16
63 125 22
63 131 6
63 134 11
63 141 16
63 147 1
63 148 2
63 150 7
63 161 25
63 271 13
64 68 5
64 88 24
64 143 24
64 148 20
64 149 24
64 217 21
64 222 15
64 235 2
64 272 17
64 275 23
64 284 24
65 93 23
65 95 23
65 112 25
65 125 1
65 127 24
65 141 4
65 170 20
65 173 7
65 194 23
65 223 23
65 226 24
65 234 22
65 271 6
65 284 9
65 295 14
66 67 8
66 72 12
66 135 21
66 138 7
66 204 24
66 212 2
66 251 6
66 253 24
66 260 22
66 284 4
66 289 20
66 299 13
67 91 7
67 95 11
67 137 10
67 138 5
67 149 10
67 196 7
67 255 5
67 286 11
67 290 8
67 291 8
68 116 5
68 157 14
68 166 7
68 167 4
68 198 15
68 213 5
68 251 9
68 257 23
68 266 19
68 267 17
68 279 12
68 291 16
69 72 23
69 104 10
69 118 17
69 130 5
69 144 9
69 153 15
69 156 11
69 194 5
69 219 2
69 221 17
69 240 15
69 249 11
69 260 22
69 263 1
69 266 20
69 285 3
70 80 11
70 103 2
70 123 12
70 140 17
70 159 17
70 171 18
70 175 21
70 184 6
70 188 25
70 199 6
70 245 6
70 250 20
70 253 24
70 257 17
70 259 10
70 271 24
70 283 3
70 296 3
71 125 3
71 144 11
71 158 18
71 185 13
71 189 17
71 222 19
71 226 7
71 247 6
71 265 7
71 277 5
72 74 7
72 87 3
72 91 7
72 92 19
72 118 6
72 132 20
72 149 13
72 158 22
72 167 12
72 173 10
72 205 5
72 206 13
72 208 15
72 230 10
72 284 7
72 288 14
73 76 3
73 107 16
73 143 14
73 144 5
73 145 21
73 201 16
73 227 18
73 231 13
73 260 6
73 261 9
73 266 8
73 279 12
73 299 17
74 89 16
74 100 16
74 144 23
74 209 18
74 210 24
74 242 18
74 296 23
75 76 18
75 83 7
75 116 22
75 121 6
75 143 16
75 149 1
75 178 19
75 214 8
75 252 12
75 259 2
75 263 23
75 269 14
75 282 20
76 88 11
76 149 20
76 208 15
76 211 1
76 245 12
76 269 2
76 293 8
77 86 21
77 128 11
77 132 21
77 184 12
77 214 2
77 248 13
77 251 11
77 259 19
78 104 13
78 188 5
78 198 19
78 207 5
78 223 12
78 234 17
78 237 13
78 239 2
78 242 17
78 274 8
79 86 9
79 96 5
79 105 11
79 113 6
79 165 20
79 170 5
79 181 18
79 183 14
79 200 19
79 203 21
79 262 3
79 265 22
79 279 3
80 93 23
80 95 8
80 126 24
80 200 11
80 244 9
80 246 13
80 282 21
80 284 4
81 102 1
81 127 2
81 132 24
81 135 7
81 136 13
81 151 15
81 175 19
81 190 17
81 199 8
81 217 3
81 230 2
81 253 12
82 93 14
82 98 10
82 131 8
82 158 20
82 177 2
82 198 24
82 205 14
82 256 22
82 258 1
83 86 10
83 96 2
83 128 23
83 130 19
83 216 2
83 217 10
83 237 4
83 241 14
83 243 7
83 262 8
83 281 14
83 297 8
84 91 6
84 113 21
84 120 23
84 127 23
84 141 16
84 142 14
84 205 5
84 227 21
84 261 17
84 268 17
85 93 11
85 109 1
85 128 1
85 134 5
85 140 5
85 151 24
85 166 18
85 193 3
85 219 24
85 227 5
85 228 4
85 231 23
85 246 23
85 275 5
85 299 7
86 136 2
86 137 19
86 150 13
86 161 11
86 194 9
86 246 23
86 251 18
86 253 4
86 270 20
86 284 15
86 287 22
87 93 10
87 104 20
87 111 17
87 119 1
87 122 13
87 126 2
87 168 4
87 234 13
87 249 6
87 252 8
87 255 14
87 269 1
87 273 10
87 287 12
88 107 5
88 115 16
88 143 12
88 150 4
88 167 20
88 177 20
88 187 7
88 188 15
88 193 10
88 196 17
88 230 24
88 263 7
89 91 12
89 94 4
89 112 1
89 114 1
89 130 25
89 148 10
89 182 20
89 187 16
89 223 12
89 249 9
89 284 19
89 288 17
90 91 24
90 112 25
90 118 24
90 122 12
90 135 2
90 170 11
90 193 25
90 210 6
90 219 3
90 230 13
90 233 11
90 236 22
90 242 8
90 297 18
91 105 14
91 108 17
91 115 11
91 118 12
91 152 23
91 155 22
91 156 15
91 170 25
91 190 23
91 250 15
91 253 11
91 271 19
91 284 7
91 287 24
92 102 5
92 106 3
92 116 16
92 124 3
92 162 4
92 170 16
92 172 16
92 203 5
92 209 1
92 211 15
92 217 12
92 231 3
92 285 5
92 295 22
93 118 2
93 121 12
93 160 14
93 165 15
93 187 5
93 241 25
93 266 3
93 280 2
93 284 23
94 111 19
94 116 3
94 132 20
94 170 8
94 174 15
94 182 16
94 189 17
94 272 13
95 121 20
95 127 21
95 140 3
95 210 22
95 220 24
95 234 19
95 268 14
95 273 3
95 279 21
95 283 5
96 98 14
96 124 1
96 129 9
96 157 12
96 185 4
96 187 20
96 228 1
96 236 20
96 288 24
97 123 2
97 135 22
97 184 2
97 232 24
97 237 15
98 110 6
98 125 21
98 126 25
98 184 20
98 287 11
98 295 18
99 133 8
99 144 7
99 155 13
99 173 12
99 210 5
99 222 11
99 295 5
99 297 18
99 298 15
100 101 3
100 116 22
100 117 5
100 122 3
100 197 6
100 240 16
100 251 6
100 256 2
100 257 16
101 112 25
101 116 3
101 123 19
101 125 23
101 126 6
101 130 20
101 155 12
101 167 14
101 175 15
101 222 13
101 296 8
102 116 2
102 138 5
102 182 17
102 225 8
102 242 17
102 245 4
102 246 12
102 262 4
102 268 10
102 270 6
102 271 18
102 284 12
103 121 2
103 128 22
103 147 14
103 171 9
103 177 13
103 180 21
103 188 13
103 195 5
103 199 22
103 214 17
103 217 1
103 218 19
103 234 24
103 235 20
103 239 6
103 288 12
104 105 9
104 106 18
104 125 22
104 145 12
104 157 23
104 158 13
104 171 19
104 184 16
104 198 18
104 199 7
104 212 20
104 233 3
104 255 12
104 284 14
105 173 14
105 177 15
105 198 13
105 202 5
105 204 1
105 212 25
105 223 2
105 241 15
105 266 6
105 295 24
105 296 6
106 116 6
106 132 17
106 145 6
106 190 25
106 201 24
106 223 18
106 249 10
106 258 17
106 278 14
106 293 21
107 125 16
107 153 1
107 178 16
107 185 8
107 203 19
107 286 24
107 287 4
108 122 23
108 137 12
108 145 18
108 224 13
108 237 2
108 278 5
109 112 19
109 124 4
109 129 6
109 175 21
109 188 18
109 189 13
109 201 21
109 212 25
109 262 19
109 280 12
109 294 5
110 132 20
110 197 11
110 200 22
110 205 7
110 212 4
110 223 12
110 259 4
110 297 19
111 122 15
111 144 22
111 166 3
111 169 10
111 191 20
111 208 7
111 211 7
111 260 7
111 291 1
112 116 19
112 133 10
112 149 7
112 179 15
112 196 13
112 200 12
112 202 10
112 232 7
112 240 1
113 134 5
113 152 6
113 174 21
113 185 18
113 190 10
113 223 16
113 242 3
113 250 9
113 259 24
113 261 8
113 271 20
113 284 2
114 126 3
114 137 9
114 180 25
114 239 6
114 263 18
114 271 20
115 122 12
115 125 1
115 129 3
115 153 12
115 169 20
115 177 14
115 194 18
115 213 9
115 226 3
115 256 6
115 277 20
115 287 9
115 297 6
116 157 1
116 181 14
116 185 4
116 194 18
116 222 25
116 259 19
116 260 23
117 120 8
117 123 19
117 174 5
117 200 5
117 202 22
117 228 8
117 237 13
117 285 22
118 132 15
118 136 8
118 198 18
118 213 3
118 214 8
118 219 22
118 239 16
118 245 4
118 254 10
118 261 10
118 275 12
118 290 14
119 154 15
119 163 8
119 212 22
119 234 22
119 240 8
119 252 12
119 275 25
119 284 3
119 289 13
119 296 20
120 132 25
120 137 21
120 140 15
120 150 6
120 186 25
120 208 12
120 210 15
120 216 14
120 223 8
120 231 4
120 239 21
121 128 2
121 145 6
121 147 6
121 158 23
121 223 21
121 255 9
121 258 9
121 276 5
121 287 23
121 289 22
122 133 21
122 141 5
122 146 20
122 152 20
122 166 15
122 218 8
122 235 21
122 247 17
122 263 20
122 274 18
122 277 18
122 286 17
122 298 7
123 143 23
123 191 18
123 244 20
123 264 13
123 280 7
124 153 4
124 160 18
124 186 4
124 189 5
124 196 1
124 229 9
124 232 4
124 244 23
124 268 20
124 271 14
124 277 3
124 282 17
125 184 12
125 222 25
125 241 23
125 259 6
125 264 21
125 269 12
125 270 15
125 277 19
125 288 5
126 155 10
126 161 13
126 184 22
126 196 1
126 224 21
126 236 22
126 242 19
126 248 16
126 293 9
127 153 2
127 183 19
127 213 3
127 216 5
127 241 1
127 277 3
127 280 16
128 141 4
128 171 1
128 214 10
128 229 18
128 230 5
128 266 1
129 147 4
129 157 6
129 166 23
129 206 12
129 235 4
129 246 12
129 275 1
129 295 22
130 142 16
130 161 12
130 165 9
130 174 13
130 228 13
130 251 4
130 294 9
131 133 8
131 169 21
131 197 19
131 204 9
131 243 15
131 274 23
131 280 15
132 152 17
132 154 1
132 161 7
132 170 20
132 209 3
132 211 16
132 238 14
132 254 7
132 257 18
132 260 20
132 270 14
132 280 18
132 287 8
132 292 17
132 293 4
133 150 10
133 171 15
133 185 19
133 204 22
133 230 23
133 245 8
133 246 11
133 255 4
133 275 18
133 278 20
133 283 1
134 150 13
134 159 3
134 164 15
134 191 11
134 280 19
134 297 8
135 161 13
135 179 1
135 183 3
135 188 15
135 214 18
135 225 18
135 259 23
136 162 11
136 188 14
136 203 11
136 206 3
136 236 21
136 240 5
136 251 8
137 139 8
137 170 19
137 180 1
137 184 4
137 187 19
137 189 11
137 213 14
137 231 22
137 244 5
137 270 10
137 284 24
138 140 18
138 142 12
138 219 14
138 221 5
138 227 7
138 246 23
138 247 17
138 258 7
138 288 25
139 165 8
139 169 2
139 180 20
139 191 7
139 211 12
139 216 8
139 235 19
140 163 16
140 182 6
140 188 23
140 195 23
140 203 13
140 253 17
140 270 25
140 272 18
140 283 10
141 209 10
141 211 8
141 228 8
141 229 15
141 241 17
141 261 6
141 272 9
141 286 3
141 294 21
142 150 13
142 164 11
142 174 19
142 186 6
142 190 20
142 192 20
142 207 13
142 245 21
142 273 14
142 290 21
143 151 7
143 166 24
143 177 14
143 179 24
143 192 6
143 194 12
143 209 21
143 214 18
143 224 3
143 251 20
143 253 12
143 278 14
143 281 5
144 147 19
144 150 23
144 173 21
144 206 10
144 216 3
144 227 4
144 232 14
144 274 1
144 278 16
145 171 24
145 180 19
145 184 21
145 236 18
145 253 15
145 259 10
145 288 15
146 162 6
146 182 5
146 226 23
146 231 6
146 254 18
146 255 21
146 278 11
146 294 6
147 166 16
147 178 5
147 188 8
147 230 11
147 282 16
147 289 23
148 184 17
148 217 9
148 223 20
148 231 12
148 237 20
148 241 25
149 167 15
149 168 8
149 186 25
149 214 7
149 225 6
149 249 20
149 292 4
149 295 1
150 164 9
150 179 15
150 212 17
150 224 16
150 240 21
150 297 15
151 177 21
151 230 15
151 238 10
151 248 8
151 275 21
151 286 1
151 290 12
152 215 5
152 218 11
152 234 4
152 259 3
152 298 2
153 219 12
153 224 22
153 253 15
153 270 6
153 279 21
153 283 6
153 292 15
154 204 22
154 216 12
154 230 23
154 272 16
154 289 17
155 179 25
155 182 2
155 197 8
155 206 16
155 217 17
155 223 3
155 234 5
155 272 15
156 162 17
156 164 15
156 184 22
156 199 12
156 204 15
156 213 9
156 230 17
156 233 2
156 237 12
156 241 19
156 250 5
156 251 1
156 252 17
156 254 19
156 261 8
156 262 15
156 267 1
157 173 23
157 174 11
157 176 14
157 201 22
157 207 4
157 214 5
157 215 21
157 229 5
157 246 12
157 263 11
157 275 23
157 281 16
157 292 16
158 159 12
158 162 7
158 177 7
158 179 9
158 186 19
158 201 21
159 172 19
159 234 12
159 240 24
159 253 5
159 296 7
160 162 3
160 167 7
160 209 25
160 227 23
160 263 15
160 275 14
160 287 23
160 290 14
161 202 2
161 227 11
161 255 10
161 262 7
161 277 17
162 195 7
162 203 13
162 242 5
162 260 17
162 277 10
162 298 20
163 167 9
163 182 24
163 183 1
163 193 15
163 253 7
163 285 21
164 172 12
164 191 25
164 203 7
164 204 10
164 231 6
164 249 15
164 261 14
164 281 15
165 173 15
165 194 11
165 214 4
165 217 5
165 223 10
165 231 19
165 254 6
165 263 20
165 275 5
166 201 12
166 210 13
166 255 11
166 288 1
167 171 17
167 181 4
167 192 11
167 199 11
167 200 13
167 214 11
167 224 14
167 261 4
167 296 17
168 207 11
168 241 16
168 270 18
168 297 20
169 207 2
169 229 25
169 249 9
169 263 16
170 181 14
170 196 23
170 202 3
170 204 19
170 210 3
170 236 13
170 242 14
170 247 10
170 270 9
170 280 18
171 172 24
171 185 22
171 194 5
171 211 24
171 247 15
171 262 9
171 285 11
172 210 1
172 212 23
172 237 21
172 248 16
172 282 3
173 178 14
173 183 1
173 205 20
173 284 8
173 286 20
173 293 22
174 182 8
174 190 6
174 217 14
174 233 23
174 252 5
175 185 16
175 211 19
175 219 9
175 234 3
175 280 7
175 297 19
176 180 14
176 188 2
176 199 19
176 217 10
176 236 6
176 239 19
176 257 24
177 184 16
177 232 5
178 213 1
178 218 13
178 249 2
178 252 16
178 271 18
178 285 16
179 225 19
179 230 12
179 286 25
179 290 15
180 190 8
180 199 9
180 227 20
180 232 21
180 235 7
180 286 25
180 288 14
180 297 25
181 188 8
181 227 16
181 237 6
181 249 3
181 261 6
181 281 9
182 208 23
182 224 15
182 235 15
182 271 17
182 277 16
182 286 5
183 213 23
183 223 16
183 240 20
183 252 24
183 275 9
183 285 12
183 298 16
184 225 4
184 237 25
184 299 16
185 197 18
185 226 8
186 205 24
186 221 15
186 226 5
186 263 7
186 275 16
187 206 18
187 216 8
187 231 23
187 239 11
187 246 16
187 259 3
187 267 16
187 286 24
187 287 25
188 207 8
188 221 13
188 230 16
189 203 23
189 232 20
189 239 15
189 245 15
189 251 16
189 295 14
189 296 25
190 195 4
190 207 6
190 221 5
190 246 3
191 199 23
191 201 25
191 219 12
191 263 22
191 275 14
191 277 17
191 287 5
192 193 4
192 235 11
192 239 13
192 248 3
192 256 23
192 270 3
193 197 5
193 215 14
193 225 1
193 248 7
193 256 23
193 294 16
194 207 24
194 229 22
194 231 12
194 235 14
194 273 13
194 277 2
195 299 4
196 202 15
196 208 5
196 218 9
196 221 19
196 224 9
196 227 7
196 246 18
196 255 21
196 265 5
196 278 6
196 291 14
197 218 9
197 244 11
197 254 24
197 263 23
197 271 14
197 283 22
197 286 2
198 206 20
198 215 12
198 248 3
198 272 3
198 276 9
198 286 20
199 202 2
199 213 5
199 218 6
199 224 17
200 236 19
200 238 7
201 221 22
201 227 8
201 253 13
201 260 5
201 290 2
202 270 21
203 211 13
203 214 19
203 239 18
203 242 17
203 262 2
203 271 6
203 281 3
203 288 12
204 211 5
204 214 2
204 254 2
204 279 3
205 244 4
205 266 24
205 288 14
206 216 8
206 218 1
206 228 22
206 229 4
206 231 4
206 243 3
206 290 9
207 228 22
207 230 21
207 242 17
207 248 18
208 237 4
208 243 6
208 289 23
209 210 7
209 260 3
209 262 10
209 264 2
209 265 21
209 273 4
209 276 3
210 222 1
210 223 8
210 235 17
210 236 7
210 238 11
210 243 20
210 250 9
210 259 14
211 212 18
211 236 22
211 237 23
211 250 21
211 290 20
212 216 1
212 233 24
212 284 22
212 289 9
212 293 21
213 259 20
213 270 2
213 298 13
214 252 25
214 272 7
215 222 12
215 263 6
215 272 10
215 290 24
216 219 7
216 247 5
216 279 4
216 296 12
217 220 7
217 278 11
217 282 5
217 286 14
217 299 21
218 282 24
219 257 22
220 244 12
220 248 19
220 264 19
220 271 9
220 284 14
221 223 15
221 253 10
221 271 12
221 282 12
221 283 20
221 293 9
221 296 8
222 298 22
223 246 24
223 268 7
223 271 3
223 277 10
223 299 14
224 279 14
224 290 10
225 231 20
225 249 18
225 272 13
225 273 8
225 285 25
225 291 25
225 293 12
226 258 15
226 285 23
227 254 13
227 255 11
227 269 9
227 286 6
228 236 6
228 241 19
228 242 19
228 250 21
228 293 5
229 258 7
229 265 9
229 293 25
230 294 16
231 248 16
231 269 23
231 272 16
231 289 24
231 291 2
232 244 25
232 249 12
232 295 16
233 236 10
233 265 8
234 241 10
234 249 22
234 268 18
235 252 11
235 253 24
235 255 4
235 268 25
235 272 21
236 297 16
236 298 11
237 259 4
237 280 21
237 287 16
238 275 24
238 284 16
238 286 13
238 288 4
238 289 23
239 270 21
239 297 3
240 253 15
240 264 11
240 266 25
240 273 5
240 283 11
240 298 1
241 243 6
241 254 22
241 273 18
241 291 17
242 275 7
242 283 3
244 270 16
245 251 24
245 291 13
245 299 14
246 287 4
246 299 15
247 263 9
247 285 22
248 265 2
248 285 14
249 251 19
250 275 17
250 279 12
250 287 10
250 291 7
251 288 15
251 289 9
251 292 2
252 274 17
252 284 25
252 287 15
252 288 18
253 295 4
254 277 25
255 262 21
258 262 11
258 275 24
258 295 13
259 286 3
260 261 5
260 263 17
260 265 18
260 296 5
261 278 7
262 267 6
262 289 8
263 273 21
263 284 16
264 295 6
265 275 22
266 283 4
269 288 25
270 291 15
271 283 17
271 292 11
272 280 21
272 285 7
273 279 19
273 287 23
274 292 25
274 297 18
275 281 14
275 289 20
276 298 23
281 294 13
282 285 15
282 295 8
283 291 11
285 295 4
289 295 12
293 298 17
294 296 21
300 325 10
300 327 2
300 331 9
300 334 4
300 335 1
300 385 9
300 426 3
300 461 6
300 480 7
300 490 5
300 507 3
300 541 8
300 572 2
300 585 2
301 308 3
301 401 7
301 408 1
301 409 10
301 570 4
301 598 8
302 330 7
302 368 8
302 410 6
302 414 1
302 462 8
302 483 1
302 492 7
302 499 6
302 519 1
302 530 4
302 576 5
302 584 10
302 586 7
303 309 4
303 312 5
303 420 8
303 425 2
303 453 9
303 465 3
303 472 10
303 493 3
303 567 8
303 586 9
303 596 4
303 599 1
304 313 2
304 317 2
304 330 1
304 342 3
304 356 6
304 362 8
304 382 9
304 394 3
304 417 5
304 420 10
304 449 10
304 461 5
304 471 6
304 478 5
304 505 7
304 577 1
304 592 2
305 376 9
305 401 7
305 407 5
305 411 3
305 426 6
305 486 8
305 510 2
305 530 9
305 539 10
305 542 4
305 546 8
306 327 8
306 353 10
306 382 8
306 412 9
306 429 1
306 459 8
306 500 2
306 509 6
306 539 8
307 308 2
307 323 10
307 351 2
307 354 3
307 357 10
307 383 9
307 393 8
307 421 6
307 427 5
307 429 10
307 443 7
307 460 3
307 461 9
307 467 3
307 468 8
307 499 4
307 540 1
307 553 9
307 566 4
307 575 10
308 349 4
308 365 1
308 368 9
308 369 5
308 421 10
308 433 8
308 454 8
308 463 8
308 497 1
308 515 5
308 549 7
308 555 2
308 559 5
308 561 8
308 579 5
308 593 6
309 344 6
309 363 4
309 409 1
309 433 3
309 439 6
309 480 8
309 504 5
309 511 6
309 514 10
309 536 4
309 537 1
309 556 2
309 558 2
309 566 7
310 339 3
310 358 8
310 364 7
310 400 2
310 408 4
310 430 9
310 434 1
310 460 1
310 531 8
310 538 1
310 549 8
310 551 4
310 559 4
310 590 4
310 599 1
311 313 10
311 357 9
311 403 9
311 429 4
311 434 1
311 452 1
311 461 1
311 477 10
311 490 7
311 505 6
311 513 10
311 516 1
311 525 8
311 530 3
311 533 4
311 566 4
312 322 6
312 358 1
312 374 1
312 375 9
312 391 7
312 400 1
312 435 9
312 437 9
312 453 8
312 463 9
312 496 6
312 503 1
312 525 2
312 535 1
312 546 1
312 559 4
312 561 1
312 566 9
312 582 7
312 585 2
313 417 1
313 432 9
313 443 1
313 446 8
313 452 4
313 456 2
313 467 8
313 500 1
313 529 5
313 537 1
313 559 5
314 323 2
314 324 4
314 357 7
314 396 10
314 410 10
314 428 9
314 468 8
314 477 8
314 498 6
314 502 8
314 561 6
314 580 6
315 326 1
315 356 6
315 410 8
315 493 4
315 541 7
315 545 9
315 548 2
315 571 8
315 578 9
315 591 10
315 596 10
316 370 6
316 412 5
316 438 4
316 457 5
316 466 8
316 482 10
316 493 8
316 510 4
316 527 1
316 591 1
317 326 2
317 335 2
317 341 2
317 404 10
317 451 9
317 465 9
317 478 5
317 481 8
317 494 6
317 503 10
317 519 8
317 532 2
317 540 9
317 542 4
317 567 8
317 583 7
318 336 5
318 337 7
318 373 6
318 438 5
318 440 8
318 452 3
318 468 1
318 481 1
318 493 8
318 503 8
318 509 10
318 550 5
318 556 1
318 569 2
318 590 7
318 591 2
318 592 3
319 320 8
319 327 1
319 335 3
319 373 8
319 390 7
319 393 10
319 398 4
319 411 6
319 446 10
319 515 5
319 539 5
319 582 3
320 334 4
320 399 1
320 402 9
320 407 10
320 421 8
320 427 3
320 458 7
320 484 1
320 485 6
320 501 10
320 524 10
320 530 3
320 535 9
320 555 4
320 579 6
320 580 1
321 356 2
321 358 7
321 360 3
321 371 9
321 413 10
321 414 6
321 437 6
321 512 6
321 542 7
321 544 1
321 598 4
322 323 6
322 346 5
322 356 10
322 379 10
322 417 8
322 449 2
322 482 9
322 507 9
322 521 10
322 532 3
322 539 8
322 546 2
322 583 8
323 353 7
323 359 1
323 406 3
323 410 7
323 440 6
323 524 8
323 540 9
323 541 7
323 554 6
323 573 2
323 584 5
323 591 5
323 592 9
324 326 2
324 351 3
324 368 7
324 407 3
324 410 6
324 419 5
324 451 9
324 476 7
324 484 4
324 529 9
324 544 8
324 560 4
324 567 9
325 339 9
325 370 7
325 430 8
325 447 10
325 456 6
325 457 6
325 511 2
325 530 8
325 533 3
325 561 7
325 565 7
325 584 1
325 587 3
326 341 3
326 343 4
326 344 9
326 358 7
326 367 4
326 380 3
326 405 1
326 422 1
326 445 7
326 446 8
326 494 7
326 497 5
326 537 4
326 538 10
326 559 5
327 394 4
327 462 6
327 530 4
327 548 2
327 555 4
327 585 1
328 333 2
328 363 9
328 412 7
328 435 5
328 457 9
328 477 1
328 505 2
328 517 5
328 550 1
328 587 4
329 365 7
329 375 7
329 388 5
329 401 6
329 411 10
329 415 7
329 470 8
329 497 2
329 502 5
329 523 6
329 535 8
329 544 9
329 568 1
329 571 10
329 573 6
330 406 4
330 407 7
330 428 9
330 430 6
330 482 10
330 484 1
330 486 9
330 495 10
330 581 9
330 594 3
331 344 10
331 350 9
331 393 4
331 404 5
331 412 2
331 418 10
331 432 3
331 439 8
331 483 6
331 503 10
331 548 9
331 563 4
331 578 8
331 581 3
332 374 8
332 412 5
332 462 10
332 467 8
332 518 5
332 573 1
332 583 3
332 589 9
333 334 7
333 391 3
333 410 4
333 419 6
333 433 4
333 445 4
333 465 8
333 479 4
333 519 6
333 543 7
333 549 3
333 562 2
333 575 3
334 360 6
334 374 3
334 387 6
334 389 5
334 436 8
334 499 7
334 506 3
334 527 3
334 550 6
334 554 7
334 559 10
334 561 10
335 359 7
335 381 7
335 386 5
335 395 9
335 402 2
335 431 3
335 497 6
335 505 4
335 507 8
335 532 3
335 538 9
335 540 1
335 550 10
335 555 5
336 363 8
336 393 9
336 467 7
336 470 1
336 485 1
336 488 2
336 513 5
336 562 8
336 563 8
337 349 4
337 354 5
337 367 2
337 396 6
337 403 10
337 447 9
337 450 5
337 505 10
337 513 7
338 342 4
338 356 6
338 382 5
338 419 7
338 429 8
338 455 2
338 471 2
338 491 7
338 506 5
338 530 3
338 590 9
339 430 6
339 432 7
339 434 8
339 437 4
339 451 3
339 469 9
339 474 5
339 498 6
339 525 3
339 529 2
339 540 5
340 344 7
340 354 8
340 356 6
340 357 4
340 378 8
340 404 4
340 447 9
340 540 9
340 597 10
341 346 4
341 472 4
341 535 5
342 367 10
342 387 3
342 392 6
342 403 3
342 409 9
342 418 2
342 425 5
342 468 9
342 483 8
342 486 1
342 507 6
342 548 3
342 554 5
342 558 4
342 568 9
342 572 2
343 381 9
343 382 3
343 418 6
343 447 7
343 456 10
343 472 2
343 477 10
343 480 9
343 503 5
343 512 10
343 532 9
343 576 5
344 360 5
344 424 2
344 462 1
344 481 6
344 490 6
344 562 6
344 572 9
344 580 6
344 599 10
345 361 3
345 372 4
345 377 9
345 414 4
345 420 10
345 432 1
345 443 10
345 447 5
345 466 2
345 478 2
345 510 5
345 520 4
345 524 7
345 549 1
345 581 5
346 358 10
346 367 3
346 372 4
346 378 5
346 380 2
346 409 2
346 424 1
346 426 9
346 434 6
346 494 1
346 499 4
346 538 3
346 551 8
347 369 2
347 405 9
347 428 7
347 436 7
347 439 4
347 442 5
347 450 2
347 481 3
347 484 8
347 491 1
347 493 10
347 542 9
347 545 2
347 580 4
347 581 4
348 355 1
348 360 5
348 372 8
348 400 10
348 460 9
348 466 1
348 474 6
348 504 2
348 524 5
348 534 8
348 583 10
348 594 2
349 437 8
349 454 4
349 479 4
349 480 8
349 501 7
349 512 4
349 519 6
349 586 3
350 371 8
350 383 3
350 385 4
350 410 10
350 458 10
350 486 5
350 495 9
350 518 10
350 526 8
350 550 3
350 561 3
350 571 10
350 576 9
351 397 10
351 403 2
351 408 7
351 416 3
351 474 7
351 485 8
351 588 7
352 390 5
352 394 8
352 409 10
352 455 4
352 505 3
352 533 3
352 564 3
353 369 9
353 385 7
353 395 9
353 396 4
353 410 4
353 429 3
353 528 7
353 531 5
353 544 4
353 545 3
353 564 6
353 572 3
353 586 3
354 391 8
354 394 7
354 408 2
354 426 8
354 453 6
354 454 3
354 485 4
354 506 10
354 516 2
354 528 3
354 563 8
354 569 8
355 362 2
355 371 7
355 399 3
355 420 4
355 429 10
355 435 6
355 447 5
355 460 8
355 467 6
355 473 8
355 475 3
355 486 8
355 496 4
355 512 7
355 546 3
355 564 9
355 580 2
355 589 5
356 369 1
356 379 1
356 392 1
356 409 4
356 468 10
356 505 8
356 507 7
356 521 5
356 531 10
356 543 10
356 571 8
356 594 7
356 599 7
357 371 9
357 376 4
357 382 1
357 387 5
357 402 5
357 445 8
357 449 9
357 452 2
357 456 3
357 470 6
357 510 4
357 514 2
357 515 1
357 517 2
357 531 4
357 539 1
357 565 4
357 572 10
358 361 1
358 381 6
358 406 2
358 417 7
358 435 6
358 519 2
358 525 3
358 548 10
358 558 1
358 575 4
358 579 9
358 586 7
359 363 2
359 368 8
359 372 2
359 388 2
359 395 4
359 401 6
359 471 10
359 482 2
359 495 7
359 503 4
359 539 9
359 571 2
359 575 8
359 586 1
360 379 4
360 380 3
360 390 2
360 430 9
360 445 5
360 448 4
360 467 4
360 489 6
360 497 10
360 506 1
360 519 9
360 583 4
360 594 3
361 388 9
361 397 9
361 400 1
361 403 8
361 452 10
361 453 10
361 468 9
361 469 2
361 471 3
361 487 7
361 515 3
361 520 6
361 521 5
361 522 8
361 557 6
361 573 7
361 577 5
362 405 7
362 417 2
362 422 10
362 438 10
362 465 10
362 466 4
362 468 5
362 482 5
362 511 9
362 513 7
362 552 8
362 599 8
363 378 2
363 395 10
363 428 8
363 435 1
363 460 2
363 462 7
363 495 10
363 501 2
363 510 8
363 522 3
363 535 6
363 555 4
363 563 5
363 578 4
363 584 8
363 591 3
363 595 9
364 368 6
364 384 9
364 409 7
364 412 7
364 440 8
364 468 8
364 481 8
364 487 1
364 512 5
364 537 5
364 572 2
364 585 1
365 385 4
365 393 1
365 402 2
365 430 3
365 481 10
365 483 2
365 547 6
365 574 7
365 588 2
366 372 9
366 382 4
366 383 6
366 388 5
366 453 9
366 480 1
366 481 10
366 496 6
366 525 5
366 562 8
366 567 4
366 571 3
367 372 7
367 381 2
367 441 3
367 474 6
367 493 2
367 537 5
367 538 10
367 539 6
367 560 8
367 598 10
368 395 9
368 428 8
368 434 4
368 439 3
368 443 10
368 444 5
368 446 8
368 448 6
368 477 8
368 489 7
368 492 1
368 516 4
368 564 3
368 593 9
369 382 6
369 393 2
369 423 6
369 424 10
369 468 1
369 480 1
369 484 4
369 513 9
369 534 3
369 537 8
369 546 5
369 561 4
369 572 3
370 389 4
370 402 1
370 502 10
370 531 6
370 537 9
370 550 10
370 562 9
371 393 3
371 422 9
371 431 3
371 448 2
371 450 6
371 465 3
371 519 8
371 522 6
371 528 6
371 561 2
371 568 6
371 588 1
371 590 3
372 385 3
372 414 2
372 435 6
372 453 4
372 478 5
372 495 4
372 523 6
372 540 3
372 566 8
372 579 9
373 374 7
373 442 4
373 446 9
373 456 6
373 531 9
373 560 9
373 561 7
374 376 7
374 388 3
374 395 7
374 419 1
374 496 4
374 498 2
374 516 3
374 525 4
374 531 9
374 540 10
374 543 5
374 560 4
374 566 10
374 582 10
374 584 7
375 379 3
375 401 7
375 406 10
375 438 8
375 455 10
375 464 7
375 465 2
375 478 10
375 485 7
375 548 8
375 550 3
375 553 7
375 584 5
376 384 1
376 385 5
376 403 4
376 413 9
376 428 9
376 438 10
376 442 9
376 462 2
376 510 2
376 531 4
376 548 7
376 576 10
376 577 3
376 592 2
376 599 6
377 393 3
377 410 3
377 411 2
377 423 5
377 456 1
377 494 3
377 498 4
377 503 10
377 508 9
377 513 7
377 527 1
377 549 5
377 561 4
377 576 3
377 589 1
377 590 1
377 593 5
378 379 7
378 427 4
378 474 5
378 530 5
378 538 3
378 565 4
378 594 8
379 384 6
379 405 7
379 410 5
379 416 6
379 419 1
379 442 8
379 455 1
379 471 5
379 510 2
379 541 4
379 548 2
379 556 2
379 595 6
380 417 5
380 423 3
380 479 6
380 493 2
380 505 4
380 524 2
380 536 7
380 577 8
380 594 2
381 408 9
381 510 3
381 513 10
381 577 4
382 432 7
382 444 6
382 450 7
382 453 2
382 483 5
382 485 4
382 537 10
382 576 9
383 430 9
383 465 1
383 504 8
383 526 1
383 536 5
383 548 9
383 559 4
383 596 6
384 440 2
384 468 1
384 483 3
384 520 5
384 523 6
384 524 6
384 563 8
385 386 7
385 400 4
385 410 5
385 422 10
385 456 3
385 463 9
385 486 1
385 497 6
385 505 8
385 521 8
385 573 4
385 587 9
386 388 3
386 397 10
386 405 1
386 435 3
386 458 8
386 472 3
386 511 1
386 518 1
386 520 7
386 583 1
387 390 6
387 406 5
387 407 3
387 411 7
387 455 7
387 461 7
387 466 4
387 476 4
387 514 6
387 520 3
387 521 7
387 526 2
387 569 2
387 573 1
387 589 1
387 591 5
388 389 9
388 417 10
388 434 2
388 442 4
388 464 10
388 481 4
388 483 3
388 501 10
388 547 7
388 563 3
388 567 2
388 569 9
388 575 3
388 577 1
389 476 9
389 478 8
389 482 7
389 497 1
389 516 6
389 526 3
389 584 9
390 414 10
390 415 8
390 421 4
390 424 2
390 462 4
390 464 6
390 484 5
390 536 5
390 564 8
391 413 1
391 421 5
391 434 7
391 438 3
391 453 8
391 456 8
391 457 8
391 460 1
391 466 10
392 393 6
392 436 3
392 477 1
392 497 4
392 516 7
392 541 3
392 556 3
392 586 4
392 589 9
393 409 5
393 410 10
393 415 3
393 424 4
393 451 1
393 455 10
393 484 7
393 502 2
393 522 6
393 549 4
393 551 8
393 559 2
393 562 3
394 416 9
394 423 6
394 424 1
394 446 1
394 450 5
394 471 9
394 520 10
394 555 7
394 586 8
394 593 6
394 594 1
395 400 10
395 473 1
395 485 7
395 487 5
395 523 3
395 560 3
395 566 3
395 570 8
395 582 2
396 407 8
396 432 3
396 502 2
396 518 9
396 520 9
396 525 5
396 538 6
396 562 5
396 583 2
396 587 7
396 594 7
396 599 2
397 414 4
397 420 8
397 434 4
397 445 1
397 469 8
397 496 4
397 501 7
397 516 5
397 545 1
397 579 8
397 596 6
398 414 1
398 440 4
398 451 10
398 483 6
398 491 6
398 492 5
398 494 5
398 506 9
398 511 2
398 524 7
398 534 2
398 581 2
398 585 7
398 591 8
398 594 8
399 403 1
399 405 2
399 484 6
399 494 10
399 501 3
399 504 2
399 528 9
399 535 7
399 547 2
399 561 6
399 575 2
400 411 8
400 425 2
400 427 2
400 460 7
400 468 7
400 479 4
400 496 1
400 510 7
400 511 1
400 546 8
400 557 1
400 564 5
400 588 9
401 410 4
401 419 3
401 476 10
401 494 7
401 520 10
401 542 8
401 570 4
401 575 2
401 576 9
402 449 2
402 516 1
402 521 3
402 546 3
402 561 9
402 598 1
403 409 4
403 418 4
403 481 2
403 487 3
403 498 5
403 512 5
403 516 10
403 520 4
403 564 1
403 579 2
404 474 2
404 480 1
404 496 1
404 504 2
404 540 8
404 555 9
404 558 7
404 568 10
404 570 9
404 571 3
404 575 9
405 421 8
405 422 9
405 426 3
405 440 8
405 445 10
405 477 3
405 508 10
405 512 2
406 430 4
406 452 3
406 455 7
406 458 9
406 470 6
406 472 1
406 476 6
406 482 3
406 488 10
406 504 9
406 521 3
406 534 3
406 542 10
406 595 5
407 442 4
407 466 3
407 472 2
407 515 2
407 530 9
407 545 2
407 583 2
407 585 3
408 467 2
408 471 9
408 489 1
408 499 4
408 560 6
409 413 2
409 456 9
409 493 8
409 509 3
409 523 2
409 540 10
409 582 1
410 424 10
410 498 7
410 499 2
410 531 5
410 546 9
410 552 3
410 561 5
411 423 3
411 537 6
411 556 4
411 562 8
411 567 1
411 570 6
411 574 9
411 594 2
412 478 6
412 522 2
412 536 6
413 428 1
413 447 6
413 455 4
413 513 3
413 543 9
413 592 2
414 434 5
414 486 7
414 503 9
414 574 9
414 579 10
414 582 10
415 425 2
415 427 2
415 433 8
415 451 3
415 478 6
415 491 7
415 524 5
415 537 1
415 551 9
415 591 2
416 427 6
416 488 8
416 518 4
416 538 4
416 549 9
416 570 8
416 577 1
416 589 10
416 590 3
417 420 1
417 445 5
417 470 6
417 483 6
417 492 6
417 496 9
417 500 2
417 537 4
417 538 9
417 540 10
417 565 6
418 431 10
418 482 1
418 485 7
418 527 8
418 547 5
418 586 2
419 422 4
419 465 2
419 471 4
419 481 4
419 521 5
419 538 2
419 554 2
420 422 9
420 451 5
420 456 10
420 459 6
420 466 7
420 476 1
420 491 10
420 500 10
420 522 8
420 524 5
421 428 5
421 432 5
421 472 4
421 481 6
421 483 8
421 512 4
421 531 7
421 572 3
422 451 4
422 494 10
422 522 1
422 535 1
422 537 6
422 583 3
423 437 6
423 440 7
423 446 8
423 461 9
423 477 2
423 498 9
423 519 2
423 523 2
423 527 5
423 578 3
424 425 9
424 431 2
424 432 4
424 434 8
424 443 1
424 464 3
424 525 4
424 536 7
424 544 7
424 553 9
424 554 4
424 566 6
424 587 3
424 598 10
425 452 1
425 453 6
425 488 1
425 489 1
425 561 6
426 428 7
426 431 5
426 444 1
426 470 3
426 479 3
426 482 1
426 497 6
426 518 3
426 537 3
426 569 9
426 597 10
427 434 5
427 435 7
427 462 3
427 473 10
427 477 4
427 486 5
427 532 2
427 570 8
427 580 1
428 440 8
428 454 8
428 489 4
428 502 4
428 505 10
428 514 5
428 529 4
428 530 5
428 534 6
428 547 4
428 575 10
428 581 4
428 583 9
428 586 2
428 591 8
428 593 3
429 441 3
429 481 6
429 519 7
429 520 5
429 549 4
429 557 6
429 563 1
429 588 1
430 436 10
430 448 1
430 457 6
430 487 4
430 490 2
430 511 5
430 515 4
430 555 2
430 563 3
430 576 9
430 580 7
431 440 2
431 445 6
431 461 2
431 517 7
431 537 3
431 568 5
431 581 8
431 584 6
432 446 5
432 447 10
432 496 5
432 570 9
433 470 2
433 499 10
433 502 8
433 523 8
433 524 4
433 530 3
433 532 8
433 592 6
434 483 5
434 571 8
434 572 1
434 576 8
434 590 2
435 436 8
435 445 4
435 446 3
435 471 10
435 524 4
435 526 9
435 539 3
435 583 9
435 584 10
436 437 1
436 447 1
436 451 6
436 458 9
436 469 8
436 495 3
436 535 10
436 542 3
436 543 3
436 576 1
436 598 2
437 456 10
437 458 10
437 467 5
437 484 5
437 491 7
437 531 10
438 466 9
438 513 7
438 517 3
438 519 8
438 532 8
438 533 10
438 551 1
438 583 2
438 589 1
439 458 5
439 460 2
439 482 3
439 494 3
439 581 3
439 585 4
439 592 6
439 595 8
440 460 4
440 491 5
440 577 2
440 582 3
440 599 7
441 444 7
441 446 5
441 461 1
441 522 6
441 531 4
441 562 7
441 588 2
442 483 2
442 486 9
442 513 2
442 530 8
442 554 1
442 583 10
442 589 7
442 596 2
443 462 10
443 474 8
443 519 4
443 520 6
443 525 9
443 532 8
443 546 9
443 576 1
443 578 1
443 580 6
443 582 1
443 588 6
444 445 10
444 503 4
444 507 8
444 530 9
444 554 10
444 572 4
444 578 1
444 580 8
444 587 7
444 598 7
445 466 9
445 479 1
445 494 5
445 503 1
445 552 8
445 564 7
445 586 2
446 456 5
446 476 10
446 497 1
446 501 4
446 522 3
446 535 7
446 582 5
447 454 1
447 462 7
447 474 5
447 494 3
447 514 4
447 516 7
447 548 1
447 592 5
448 473 3
448 485 10
448 551 3
448 570 4
448 598 4
449 468 3
449 473 1
449 474 2
449 476 2
449 514 2
449 559 2
449 565 6
449 593 4
450 455 2
450 469 5
450 470 5
450 508 6
450 537 4
450 575 5
450 576 1
450 579 9
450 580 3
450 597 5
450 598 9
451 454 1
451 476 2
451 477 3
451 511 4
451 532 8
451 539 3
451 542 9
451 552 2
452 465 3
452 481 3
452 501 6
452 504 8
452 505 8
452 510 6
452 518 9
452 571 9
452 584 9
452 599 3
453 475 6
453 481 2
453 495 4
453 514 10
453 525 6
453 530 9
454 463 6
454 502 3
454 512 9
454 513 4
454 537 7
454 548 4
454 555 4
454 557 8
454 564 7
454 573 8
455 462 3
455 468 4
455 492 1
455 506 1
455 513 8
455 524 5
455 548 4
455 558 3
455 559 2
455 566 1
455 582 10
456 460 2
456 476 1
456 479 9
456 500 4
456 503 6
456 504 2
456 513 7
456 525 8
456 530 10
456 532 7
456 554 3
457 558 4
458 489 8
458 536 8
458 540 10
458 545 3
458 565 1
458 577 9
458 579 9
458 595 8
459 474 2
459 495 4
459 496 10
459 514 2
459 530 1
459 544 6
459 549 7
459 574 5
459 594 9
460 462 9
460 469 5
460 474 1
460 532 9
460 588 5
461 520 6
461 529 7
461 574 6
461 575 5
461 579 4
461 594 5
462 467 1
462 470 6
462 477 8
462 505 10
462 571 3
462 583 10
463 490 2
463 510 5
463 536 8
463 547 2
463 571 4
464 501 9
464 560 6
464 570 6
464 599 3
465 470 8
465 490 1
465 498 9
465 499 3
465 529 10
465 559 10
465 577 9
465 583 2
465 598 10
466 504 3
466 506 7
466 526 6
466 533 8
466 553 1
466 566 9
467 498 5
467 538 4
467 576 6
468 509 2
468 530 3
468 552 10
468 568 1
469 485 5
469 486 6
469 489 1
469 497 8
469 502 10
469 505 1
469 525 3
469 527 5
469 554 3
469 572 3
469 579 5
469 591 4
469 599 7
470 484 6
470 509 5
470 513 5
470 540 7
470 562 4
470 572 7
470 597 4
471 477 10
471 486 6
471 510 6
471 521 10
471 523 10
471 545 9
471 579 6
472 495 4
472 503 2
472 526 7
472 527 6
472 529 8
472 584 3
472 586 6
472 598 5
473 481 2
473 484 7
473 493 10
473 499 8
473 503 1
473 508 2
473 518 4
473 521 6
473 527 8
473 536 10
473 593 10
473 595 2
473 596 6
474 485 4
474 494 10
474 525 1
474 539 3
474 540 5
474 567 7
474 575 2
474 577 7
474 586 5
475 479 9
475 514 10
475 541 6
475 571 6
476 480 7
476 481 5
476 487 8
476 489 5
476 547 10
476 584 1
476 587 1
476 590 9
477 517 8
477 540 3
477 544 10
478 484 1
478 508 9
478 510 9
478 540 2
478 560 10
478 579 2
478 589 8
479 532 3
479 535 1
479 537 10
479 555 7
479 578 7
479 579 6
479 580 1
479 588 5
479 593 3
480 501 9
480 507 4
480 516 10
480 526 6
480 539 3
480 543 5
480 545 5
480 547 7
480 552 4
480 556 5
480 573 9
481 482 2
481 496 4
481 506 1
481 524 3
481 534 7
481 561 1
481 589 1
481 595 8
482 489 1
482 518 2
482 525 7
482 534 5
482 556 4
482 568 9
482 582 2
483 497 2
483 498 6
483 561 2
483 574 7
484 486 8
484 498 2
484 564 2
485 502 10
485 510 8
485 572 4
485 575 4
485 595 2
486 493 10
486 500 9
486 516 9
486 538 8
486 545 2
486 552 4
486 553 1
486 562 6
486 572 10
487 489 3
487 494 6
487 497 10
487 504 5
487 577 9
487 591 8
488 512 10
488 549 4
488 558 6
488 594 1
489 565 5
489 596 2
490 523 4
490 533 1
490 547 1
491 492 5
491 501 3
491 513 10
491 547 4
491 563 6
491 566 5
491 568 8
491 572 8
491 573 3
491 590 8
491 597 7
492 510 6
492 563 1
492 577 7
493 494 1
493 512 3
493 519 2
493 526 8
493 565 2
493 582 6
493 595 8
494 511 1
494 534 5
495 508 1
495 531 7
495 562 7
495 568 6
495 581 10
495 593 10
496 513 8
496 521 10
496 564 7
496 588 10
497 507 2
497 514 2
497 584 8
497 586 6
497 591 9
497 596 5
498 519 1
498 556 6
498 558 1
498 560 8
498 571 9
499 503 10
499 516 1
499 521 1
499 551 1
499 556 8
499 570 4
499 582 6
500 505 8
500 549 4
500 566 3
500 577 8
500 580 2
500 585 9
500 587 5
500 596 3
501 515 1
501 531 5
501 538 5
501 560 9
502 573 4
502 588 6
502 594 10
502 597 3
503 510 3
503 534 1
503 555 7
503 557 5
503 560 6
503 567 10
503 587 3
503 597 4
504 576 1
504 597 3
505 527 6
505 539 1
505 581 2
506 511 9
506 531 8
506 549 9
506 556 5
506 579 2
507 509 9
507 517 8
507 519 3
507 580 5
508 530 1
508 536 3
508 543 9
508 555 5
508 558 3
508 565 5
508 569 2
509 542 2
509 575 7
509 585 4
509 594 2
509 598 6
509 599 1
510 524 10
510 533 5
510 541 5
510 577 5
510 579 7
510 585 9
510 595 1
511 549 7
511 564 10
511 576 1
512 520 6
512 523 1
512 562 5
512 565 10
512 570 1
513 534 3
513 541 2
513 560 5
513 564 5
513 566 6
513 579 4
513 580 9
514 516 8
514 539 8
514 541 10
514 558 9
514 595 6
515 526 5
515 559 3
515 583 1
516 523 5
516 533 4
516 534 5
516 568 9
516 573 8
516 578 1
516 586 7
516 593 10
516 595 9
517 532 9
517 554 1
517 573 7
517 582 9
518 524 5
518 558 6
518 576 9
518 578 9
519 537 9
519 539 5
519 540 3
519 549 4
519 568 8
519 595 1
520 521 1
520 536 7
520 545 2
520 580 1
520 586 3
520 589 7
521 543 3
521 544 3
521 547 3
521 548 8
521 582 10
522 528 2
522 540 6
522 542 2
522 545 10
522 568 5
523 543 3
523 559 8
523 565 5
523 577 1
524 545 8
524 558 2
524 568 8
524 575 8
524 599 2
525 534 6
525 540 3
525 548 5
525 554 9
525 574 2
525 576 7
525 594 9
525 595 9
526 536 9
526 550 1
526 566 3
527 540 7
527 569 4
527 571 7
527 576 9
527 584 1
528 549 8
528 551 2
528 553 8
528 577 10
528 587 2
528 590 3
528 592 4
529 531 9
529 557 9
529 574 6
530 542 9
530 546 2
531 580 3
532 576 6
532 578 4
533 558 8
533 565 8
533 581 8
533 592 8
534 577 2
534 590 6
534 595 8
535 541 10
535 567 6
535 593 8
535 599 4
536 544 2
536 594 1
537 568 2
538 558 3
538 569 4
538 592 10
538 595 6
539 562 3
539 595 1
540 563 7
541 546 7
541 554 4
541 580 8
542 546 6
542 548 9
542 555 6
542 563 9
542 565 3
542 568 3
542 581 2
542 583 10
542 591 1
543 552 1
543 597 9
544 560 2
544 570 7
544 571 6
544 582 3
544 583 2
544 585 3
544 591 8
544 599 6
545 561 6
545 568 9
545 571 8
545 577 9
546 550 8
546 558 5
546 581 3
546 586 8
547 552 2
547 560 10
547 567 3
547 584 1
547 590 7
548 560 3
548 576 8
548 585 5
548 592 5
549 553 10
549 578 9
549 580 6
549 585 2
549 591 9
550 561 4
550 576 5
550 580 5
550 588 9
550 594 9
551 563 9
551 579 2
552 574 6
552 596 4
552 599 7
553 581 7
553 586 3
554 556 7
554 566 4
554 572 7
555 556 1
555 566 4
555 577 10
555 588 10
556 571 8
557 594 10
558 564 8
559 560 1
559 569 7
560 566 3
560 567 7
560 569 9
561 568 3
561 574 3
561 597 10
562 568 1
562 575 6
562 589 5
564 587 8
565 576 7
565 584 5
565 599 6
566 577 10
566 597 3
567 596 9
568 586 8
569 580 9
571 575 3
571 581 6
571 589 4
572 589 9
572 594 6
572 595 9
573 576 9
573 582 8
573 591 7
573 594 10
574 582 5
576 581 9
576 589 7
576 595 9
577 578 5
577 592 7
578 589 1
581 593 7
583 595 6
584 597 4
586 593 5
587 592 2
587 593 1
592 596 3
593 597 7
594 597 6
595 596 2
598 599 1
600 299 3
601 599 6
600 601 19
602 695 1
602 718 10
602 754 9
602 755 8
602 773 4
602 791 10
602 799 9
602 874 10
602 875 2
602 896 7
603 606 9
603 628 6
603 650 10
603 651 6
603 675 2
603 704 6
603 716 5
603 749 3
603 750 5
603 795 1
603 802 2
603 822 6
603 826 8
603 831 2
603 855 6
603 885 1
604 627 4
604 651 4
604 655 6
604 683 9
604 696 9
604 708 8
604 714 10
604 732 9
604 735 5
604 746 3
604 750 9
604 773 3
604 787 4
604 792 10
604 849 2
604 864 2
604 880 7
604 892 1
605 607 9
605 640 8
605 665 6
605 696 6
605 707 10
605 708 2
605 722 6
605 735 3
605 753 7
605 756 5
605 777 6
605 779 5
605 805 7
605 817 1
605 835 8
605 844 4
605 894 9
605 897 6
606 618 1
606 620 10
606 701 7
606 710 7
606 722 3
606 734 5
606 758 1
606 767 8
606 782 6
606 784 2
606 825 2
606 840 3
606 844 4
606 846 10
606 851 2
606 854 1
606 860 7
606 884 4
606 896 2
607 699 4
607 718 8
607 729 9
607 749 10
607 810 4
607 826 5
607 854 6
608 623 4
608 640 2
608 665 9
608 667 3
608 672 10
608 673 1
608 685 4
608 687 6
608 716 7
608 725 8
608 726 2
608 756 8
608 775 6
608 832 7
608 881 1
609 655 7
609 676 1
609 680 5
609 684 8
609 708 3
609 717 5
609 728 5
609 729 8
609 731 7
609 763 8
609 772 5
609 774 7
609 790 10
609 817 8
609 834 1
609 846 5
609 856 2
609 870 4
609 881 6
609 887 6
609 889 5
609 895 6
609 896 9
609 899 10
609 900 5
610 619 7
610 623 3
610 631 4
610 716 4
610 730 2
610 753 4
610 812 10
610 813 2
610 816 8
610 828 7
610 860 6
610 895 5
610 899 3
611 617 3
611 631 3
611 636 3
611 642 10
611 651 9
611 653 2
611 680 7
611 686 1
611 714 6
611 719 10
611 720 6
611 726 3
611 755 7
611 786 1
611 792 9
611 795 6
611 805 10
611 809 3
611 825 4
611 855 5
611 858 6
611 871 9
611 878 6
612 636 1
612 638 8
612 645 9
612 648 1
612 658 6
612 660 7
612 661 5
612 689 1
612 705 1
612 707 7
612 708 3
612 724 10
612 733 7
612 744 6
612 771 9
612 778 7
612 787 3
612 795 8
612 798 4
612 858 6
612 859 5
613 617 4
613 619 4
613 632 2
613 647 6
613 690 8
613 714 7
613 736 10
613 747 5
613 748 5
613 754 7
613 761 7
613 783 4
613 811 7
613 822 7
613 844 1
613 845 3
613 850 1
613 851 1
613 869 4
614 615 7
614 643 5
614 653 5
614 688 5
614 689 10
614 753 3
614 755 3
614 775 3
614 796 1
614 838 7
614 841 10
614 865 7
614 885 10
614 901 5
615 639 10
615 651 5
615 667 2
615 683 6
615 734 6
615 773 8
615 807 2
615 851 2
615 860 4
615 885 5
615 889 9
615 898 1
616 620 5
616 643 1
616 644 3
616 667 8
616 698 6
616 773 10
616 814 2
616 830 1
616 838 6
616 886 4
617 660 3
617 735 9
617 750 8
617 757 5
617 758 5
617 786 7
617 796 1
617 803 6
617 810 1
617 811 10
617 818 1
617 845 4
617 849 7
617 874 6
617 879 1
617 894 8
618 620 10
618 624 6
618 688 4
618 702 8
618 723 6
618 742 9
618 743 10
618 797 9
618 812 8
618 822 6
618 853 10
618 893 9
619 638 8
619 643 7
619 648 4
619 652 10
619 676 5
619 711 1
619 746 7
619 759 1
619 760 7
619 766 9
619 780 7
619 791 7
619 793 9
619 807 7
619 855 10
619 862 7
619 866 4
619 870 2
620 645 5
620 654 3
620 657 8
620 730 8
620 743 2
620 771 5
620 779 8
620 800 2
620 811 5
620 840 5
620 888 9
620 890 6
621 642 6
621 648 8
621 682 3
621 707 1
621 728 9
621 729 9
621 768 2
621 777 5
621 813 10
621 826 8
621 839 4
621 852 6
621 875 7
622 624 4
622 629 4
622 642 8
622 648 10
622 658 9
622 713 10
622 721 4
622 746 4
622 751 9
622 803 4
622 808 5
622 814 5
622 861 3
622 870 8
622 885 10
622 888 10
622 899 8
623 661 7
623 678 5
623 704 5
623 706 9
623 744 7
623 754 4
623 761 8
623 791 8
623 794 8
623 798 9
623 810 8
623 854 3
623 862 6
623 866 4
623 879 6
624 628 1
624 630 3
624 655 6
624 672 9
624 705 2
624 720 1
624 724 2
624 738 2
624 743 4
624 759 9
624 761 7
624 878 9
625 687 6
625 691 8
625 697 8
625 740 4
625 752 4
625 770 4
625 772 10
625 784 5
625 858 10
625 868 3
625 870 2
625 886 8
625 893 3
625 894 2
625 900 5
626 630 5
626 651 7
626 690 10
626 704 3
626 722 7
626 735 2
626 762 8
626 823 5
626 846 6
626 850 10
627 653 9
627 658 9
627 673 6
627 748 7
627 807 7
627 813 4
627 824 4
627 826 4
627 829 1
627 853 9
628 667 8
628 701 4
628 721 9
628 741 2
628 753 3
628 780 3
628 782 5
628 790 2
628 823 5
628 852 6
628 887 8
628 895 2
629 643 4
629 649 9
629 659 4
629 669 10
629 679 3
629 702 3
629 706 6
629 711 10
629 726 2
629 764 4
629 773 8
629 783 7
629 790 2
629 799 5
629 801 2
629 816 8
629 821 8
629 835 2
629 836 6
629 854 7
629 874 7
629 877 6
629 888 10
629 896 2
630 642 9
630 669 6
630 670 3
630 671 5
630 698 3
630 709 3
630 710 6
630 803 6
630 818 1
630 850 9
630 866 5
630 874 3
630 885 3
631 647 1
631 656 2
631 691 5
631 692 6
631 700 10
631 702 3
631 718 8
631 807 6
631 817 5
631 830 5
631 841 5
631 878 8
631 890 2
632 659 2
632 686 7
632 690 8
632 700 3
632 750 8
632 771 6
632 780 9
632 802 10
632 804 10
632 826 1
632 832 4
632 846 8
632 862 9
632 885 5
633 653 6
633 750 3
633 798 7
633 832 9
633 837 3
633 848 1
633 856 5
633 885 9
634 636 2
634 642 9
634 650 8
634 655 7
634 676 5
634 681 4
634 683 1
634 692 5
634 763 5
634 790 4
634 804 1
634 816 2
634 823 9
634 830 8
634 862 9
634 888 9
634 891 9
634 894 1
635 665 1
635 686 3
635 688 8
635 718 9
635 786 7
635 827 3
635 840 2
635 851 5
635 862 3
635 879 6
635 883 5
636 650 9
636 686 6
636 687 8
636 693 8
636 732 3
636 751 4
636 754 2
636 777 6
636 785 7
636 798 6
636 819 1
636 873 2
636 886 8
636 890 4
636 901 10
637 662 5
637 675 3
637 713 8
637 725 4
637 737 3
637 753 9
637 766 6
637 776 10
637 787 7
637 798 4
637 851 4
637 861 10
637 866 10
638 653 9
638 711 6
638 747 5
638 761 9
638 768 3
638 789 2
638 796 6
638 846 6
638 847 8
638 861 10
638 880 3
638 883 6
639 649 7
639 653 5
639 661 7
639 665 5
639 667 1
639 672 9
639 674 1
639 718 3
639 730 6
639 741 4
639 743 7
639 749 6
639 751 1
639 759 8
639 794 5
639 809 6
639 819 3
639 845 4
639 848 6
639 883 3
639 894 1
640 641 2
640 661 2
640 670 4
640 693 5
640 715 9
640 732 1
640 753 2
640 774 8
640 784 5
640 823 7
640 831 7
640 863 2
640 870 6
640 873 3
640 883 2
641 685 4
641 714 3
641 740 6
641 757 1
641 789 9
641 802 2
641 826 7
641 827 9
641 870 1
641 872 3
641 895 7
642 653 5
642 657 8
642 706 2
642 735 8
642 790 1
642 840 5
642 873 9
642 897 6
642 899 9
643 675 7
643 688 6
643 717 3
643 744 7
643 747 2
643 752 1
643 775 5
643 790 3
643 795 6
643 805 7
643 808 4
643 868 9
643 900 9
644 710 9
644 747 10
644 752 7
644 758 2
644 759 8
644 761 8
644 816 4
644 822 2
644 836 6
644 858 9
644 867 9
644 868 7
644 885 6
644 886 9
644 895 3
645 672 6
645 683 6
645 714 1
645 762 2
645 766 3
645 769 3
645 795 10
645 842 5
645 869 4
646 649 4
646 678 9
646 704 1
646 706 10
646 729 5
646 737 10
646 747 1
646 750 3
646 755 1
646 765 7
646 791 7
646 797 10
646 863 6
647 654 10
647 694 3
647 704 1
647 718 8
647 729 1
647 754 9
647 778 5
647 803 2
647 807 1
647 809 10
647 850 7
647 856 4
647 857 4
647 881 2
647 891 8
647 896 3
648 681 6
648 692 1
648 719 9
648 758 4
648 766 4
648 777 10
648 804 8
648 816 3
648 826 10
648 845 3
648 897 5
649 651 9
649 681 1
649 698 6
649 750 6
649 773 2
649 786 8
649 802 7
649 806 10
649 839 10
649 852 7
649 879 4
649 900 3
650 660 8
650 691 6
650 709 2
650 760 3
650 783 9
650 792 3
650 821 10
650 823 3
650 838 8
650 844 3
650 857 1
650 863 3
650 868 6
650 879 3
650 893 3
651 652 10
651 676 2
651 697 7
651 701 4
651 706 2
651 746 9
651 766 1
651 767 8
651 795 10
651 811 8
651 812 4
651 826 9
651 828 9
651 838 10
651 871 5
651 886 2
652 676 9
652 708 2
652 709 3
652 717 1
652 728 10
652 750 5
652 762 3
652 771 4
652 775 4
652 796 5
652 876 7
653 663 8
653 665 10
653 697 9
653 742 2
653 763 9
653 779 10
653 810 8
653 820 4
653 868 2
653 877 8
653 888 6
653 899 9
654 655 8
654 669 5
654 676 4
654 683 8
654 686 3
654 705 5
654 706 2
654 712 4
654 732 4
654 769 5
654 779 6
654 803 6
654 823 6
654 826 2
654 860 8
654 866 10
654 885 5
655 703 4
655 732 6
655 742 5
655 746 5
655 754 4
655 761 6
655 765 3
655 779 5
655 816 6
655 828 8
655 845 8
655 846 3
655 850 3
655 860 6
655 880 10
655 887 7
655 900 1
656 664 8
656 688 2
656 697 6
656 698 1
656 726 5
656 743 1
656 744 8
656 789 3
656 790 8
656 792 3
656 811 6
656 823 8
656 839 2
656 868 1
656 888 1
657 658 7
657 682 7
657 699 6
657 720 2
657 759 2
657 810 10
657 824 7
657 836 9
657 860 10
657 874 4
657 878 2
657 881 4
657 887 2
658 662 3
658 674 3
658 678 2
658 709 2
658 737 4
658 744 9
658 764 5
658 801 8
658 814 9
658 850 2
658 880 2
658 881 7
659 664 4
659 672 8
659 695 4
659 735 8
659 746 10
659 776 6
659 783 6
659 795 6
659 824 1
659 841 8
659 842 9
659 843 3
659 868 6
659 874 8
659 879 2
659 893 1
660 670 1
660 676 5
660 698 2
660 699 5
660 731 7
660 769 6
660 786 9
660 823 10
660 835 4
660 860 3
660 871 10
660 888 5
660 898 6
661 688 3
661 695 1
661 708 9
661 741 2
661 748 6
661 768 8
661 770 1
661 805 1
661 821 4
661 823 8
661 833 4
661 849 1
661 858 9
661 866 6
661 876 6
661 882 6
662 667 9
662 688 6
662 699 8
662 765 3
662 804 10
662 808 2
662 834 2
662 860 5
662 877 2
662 892 3
662 893 10
662 899 4
663 684 4
663 690 4
663 706 9
663 717 9
663 749 6
663 752 10
663 787 10
663 791 1
663 792 7
663 804 3
663 833 4
663 842 10
663 857 10
664 736 9
664 737 2
664 740 8
664 756 6
664 805 9
664 806 5
664 826 4
664 828 7
664 868 4
664 870 8
664 880 8
664 882 8
664 890 1
665 667 2
665 681 9
665 695 4
665 713 3
665 731 3
665 785 9
665 790 7
665 794 3
665 804 7
665 806 4
665 858 4
665 865 9
665 868 5
665 876 1
666 686 1
666 708 10
666 716 2
666 718 10
666 778 8
666 791 6
666 811 10
666 832 5
666 835 4
666 892 4
666 898 8
667 693 2
667 695 10
667 710 7
667 715 9
667 729 7
667 758 8
667 759 2
667 770 5
667 776 3
667 790 5
667 797 9
667 800 1
667 827 3
667 865 2
667 881 10
668 686 6
668 702 5
668 741 8
668 747 2
668 785 7
668 806 8
668 842 3
668 869 1
669 674 7
669 676 2
669 709 6
669 713 8
669 742 6
669 743 1
669 761 4
669 803 5
669 851 5
669 890 3
670 675 2
670 690 3
670 702 9
670 705 9
670 708 7
670 725 3
670 755 1
670 770 3
670 771 4
671 685 1
671 716 7
671 727 5
671 745 10
671 754 2
671 768 1
671 780 9
671 802 6
671 813 10
671 832 6
671 837 10
671 895 10
672 686 5
672 719 2
672 737 7
672 766 2
672 786 9
672 792 9
672 829 5
672 881 4
673 688 3
673 696 7
673 759 5
673 772 8
673 777 7
673 781 3
673 799 4
673 827 2
673 831 5
673 834 8
673 846 5
673 878 7
673 894 4
674 708 9
674 727 9
674 772 5
674 810 1
674 835 7
674 870 2
674 879 10
674 890 3
675 689 4
675 710 1
675 714 7
675 724 5
675 728 7
675 745 8
675 748 5
675 788 6
675 789 5
675 791 8
675 800 10
675 801 3
675 810 2
675 821 7
675 824 10
675 880 6
675 896 2
675 897 1
676 684 2
676 715 9
676 734 5
676 757 9
676 805 2
676 816 5
676 827 7
676 858 9
676 874 7
676 875 3
677 694 10
677 702 7
677 741 5
677 786 3
677 859 7
678 689 3
678 730 9
678 759 6
678 793 3
678 836 4
678 881 1
679 685 7
679 699 3
679 708 2
679 713 9
679 725 7
679 741 9
679 754 10
679 828 2
679 835 10
679 838 10
679 894 6
679 897 1
679 900 6
680 688 4
680 723 2
680 760 2
680 792 10
680 802 10
680 805 1
680 828 4
680 843 2
680 860 7
680 868 9
680 880 6
680 892 5
681 685 3
681 727 7
681 737 2
681 740 5
681 756 2
681 763 4
681 776 1
681 796 4
681 811 6
681 817 2
681 878 10
682 707 4
682 709 1
682 712 4
682 715 5
682 718 3
682 726 9
682 731 5
682 776 10
682 794 2
682 848 9
682 872 4
682 876 3
682 884 8
682 893 4
683 700 6
683 706 1
683 710 2
683 720 6
683 739 7
683 776 8
683 788 9
683 826 5
683 851 10
684 685 3
684 733 6
684 765 3
684 772 6
684 790 9
684 802 10
684 814 9
684 816 9
684 822 5
684 894 1
685 735 4
685 784 10
685 785 3
685 849 2
685 854 6
685 857 5
685 858 5
685 891 4
686 703 10
686 710 7
686 716 4
686 724 3
686 742 2
686 749 4
686 761 4
686 810 10
686 817 2
686 825 3
686 848 8
686 865 6
687 691 4
687 695 2
687 709 1
687 762 9
687 763 9
687 790 2
687 848 8
687 850 7
687 853 2
687 891 3
687 896 8
688 694 5
688 703 4
688 705 2
688 716 8
688 727 9
688 763 6
688 833 2
688 847 5
688 870 5
688 874 8
688 896 8
689 717 9
689 761 1
689 785 3
689 811 4
689 815 10
689 886 5
690 691 7
690 696 9
690 699 10
690 700 10
690 713 1
690 729 3
690 740 8
690 838 9
690 852 6
690 857 8
691 737 8
691 756 7
691 778 2
691 792 5
691 794 1
691 830 5
691 852 6
691 885 10
692 694 5
692 705 4
692 714 1
692 731 9
692 737 10
692 738 10
692 744 8
692 777 1
692 798 10
692 833 1
692 897 4
693 719 2
693 753 5
693 851 2
693 857 2
694 704 6
694 731 4
694 796 2
694 799 10
694 834 3
694 841 3
694 845 5
694 862 10
694 881 2
694 887 3
695 716 1
695 726 6
695 734 5
695 743 7
695 758 3
695 760 4
695 770 2
695 803 8
695 888 4
695 889 2
696 757 10
696 780 3
696 782 10
696 894 10
697 713 5
697 732 2
697 768 5
697 787 6
697 815 6
697 817 7
697 880 7
697 890 3
698 717 10
698 719 1
698 734 3
698 740 2
698 751 5
698 783 9
698 814 4
698 822 6
698 829 2
698 834 6
698 858 3
698 862 6
698 883 3
698 890 7
698 896 10
699 705 4
699 787 5
699 791 5
699 793 5
699 803 6
699 825 8
699 873 6
700 709 5
700 736 2
700 751 7
700 753 9
700 770 9
700 797 4
700 808 7
700 815 7
700 854 9
700 874 6
700 880 9
700 882 1
700 886 10
700 890 3
700 893 1
700 894 5
701 741 10
701 754 2
701 774 10
701 782 4
701 786 10
701 797 2
701 826 1
701 859 1
701 869 7
701 878 7
701 894 5
701 895 4
702 704 2
702 706 2
702 708 9
702 783 8
702 794 5
702 842 8
702 843 6
702 868 3
702 869 3
702 874 5
702 892 10
702 898 1
703 708 10
703 721 8
703 724 1
703 726 1
703 810 3
703 844 4
703 867 7
704 748 4
704 755 7
704 781 7
704 822 8
704 858 6
704 873 10
704 880 10
705 723 8
705 744 7
705 769 6
705 772 3
705 773 10
705 775 9
705 777 6
705 781 10
705 784 6
705 842 1
705 844 9
705 885 3
705 886 5
705 892 2
706 714 7
706 715 6
706 718 2
706 754 9
706 803 6
706 854 5
706 858 9
706 864 8
706 878 8
707 736 8
707 743 3
707 748 6
707 754 4
707 768 10
707 778 4
707 801 5
707 845 9
707 861 1
707 866 1
707 898 6
708 716 3
708 717 2
708 740 4
708 750 9
708 767 4
708 806 9
708 819 9
708 831 2
708 856 2
709 735 3
709 744 5
709 756 8
709 761 1
709 788 7
709 796 6
709 798 6
709 857 1
709 864 7
709 865 3
709 872 10
710 839 4
710 856 7
710 877 5
710 883 9
710 896 7
710 898 8
711 716 3
711 764 7
711 785 9
711 812 6
711 818 3
711 832 3
711 860 9
711 876 6
711 896 1
711 900 4
712 724 7
712 757 1
712 798 6
712 832 8
712 872 6
713 723 10
713 747 7
713 768 6
713 803 8
713 813 5
713 821 1
713 828 10
713 831 3
713 844 5
713 847 9
713 855 8
713 859 1
713 867 6
713 892 6
714 722 9
714 743 3
714 779 10
714 800 8
714 833 3
714 851 7
714 884 10
714 899 6
715 719 6
715 724 7
715 772 8
715 799 9
715 816 3
715 849 1
715 868 6
715 872 2
715 879 6
716 719 8
716 738 1
716 798 3
716 847 5
716 850 5
716 866 5
717 718 7
717 720 7
717 726 9
717 727 5
717 735 4
717 760 1
717 765 10
717 826 1
718 734 2
718 761 5
718 780 10
718 787 9
718 802 9
718 850 9
718 875 8
718 877 6
718 897 6
719 767 6
719 768 4
719 786 4
719 787 1
719 801 4
719 805 2
719 820 2
719 823 1
719 849 1
719 851 2
719 896 3
720 725 7
720 743 8
720 762 7
720 766 3
720 784 4
720 849 7
720 887 8
720 889 9
721 742 9
721 778 9
721 780 9
721 781 10
721 783 5
721 787 1
721 794 8
721 851 4
721 892 9
722 727 7
722 805 9
722 854 4
722 895 5
722 901 4
723 743 9
723 748 5
723 758 9
723 762 10
723 768 8
723 775 1
723 819 10
723 850 2
723 853 5
723 860 7
723 866 9
724 730 3
724 748 9
724 775 3
724 781 9
724 857 8
724 881 3
724 895 10
725 752 9
725 767 2
725 831 9
725 833 3
726 731 2
726 738 9
726 772 8
726 853 10
726 857 7
726 858 9
726 865 3
726 866 1
726 879 2
726 895 3
727 744 5
727 822 3
727 828 3
727 885 3
728 736 3
728 742 4
728 749 6
728 779 8
728 802 2
728 811 4
728 820 10
728 839 3
728 843 8
728 892 1
729 733 2
729 749 1
729 753 10
729 804 10
729 812 2
729 825 10
729 831 5
729 850 5
729 859 10
729 888 2
730 767 4
730 794 7
730 806 10
730 840 8
730 882 7
731 732 4
731 734 2
731 744 4
731 746 6
731 754 4
731 774 8
731 782 10
731 808 10
731 901 3
732 756 9
732 798 3
732 808 8
732 821 1
732 871 5
732 876 6
732 892 3
733 747 9
733 755 8
733 780 4
733 786 8
733 807 9
733 809 3
733 820 2
733 834 5
733 838 3
733 887 6
734 745 8
734 751 1
734 871 5
734 894 7
734 896 9
734 899 8
735 768 8
735 803 2
735 806 3
735 808 4
735 810 1
735 816 5
735 827 5
735 849 3
736 759 3
736 779 7
736 781 1
736 789 3
736 843 4
736 864 8
736 883 7
736 898 2
737 747 5
737 778 10
737 787 1
737 793 5
737 796 3
737 811 5
737 817 9
737 826 7
737 844 10
737 862 8
737 880 7
738 742 4
738 788 4
738 811 5
738 829 4
738 848 3
738 891 9
739 742 6
739 750 8
739 798 9
739 811 2
739 850 2
739 852 4
739 857 5
739 868 1
739 876 4
739 883 9
740 810 6
740 825 3
740 847 6
740 884 7
741 754 7
741 769 5
741 773 9
741 799 1
741 803 9
741 824 5
741 849 9
741 873 7
742 847 4
742 848 6
742 868 3
743 819 10
743 823 1
743 865 10
743 889 3
744 750 5
744 801 8
744 830 10
744 839 3
744 864 8
744 877 2
744 881 6
744 899 1
745 771 8
745 786 6
745 817 6
745 832 8
745 850 1
745 851 8
745 854 5
746 751 9
746 752 4
746 757 2
746 820 10
747 760 6
747 767 10
747 784 4
747 809 4
747 844 7
747 865 10
747 880 1
747 891 1
748 786 9
748 787 3
748 810 2
748 819 3
748 853 10
748 878 1
748 893 2
748 900 2
749 761 9
749 778 5
749 798 9
749 806 1
749 822 4
749 863 5
750 751 7
750 763 4
750 807 7
750 888 4
751 755 8
751 773 6
751 777 10
751 778 9
751 812 5
751 820 5
751 832 1
751 853 10
751 858 1
751 870 9
751 879 9
751 894 1
752 795 1
752 799 7
752 806 6
752 809 5
752 813 1
752 840 5
752 846 5
752 857 5
752 862 8
752 872 5
752 895 9
753 766 6
753 769 6
753 796 5
753 804 2
753 810 2
753 842 8
753 859 9
753 873 7
753 899 7
754 772 6
754 776 6
754 780 8
754 797 10
754 852 1
754 882 8
754 886 1
754 888 1
755 763 8
755 793 10
755 804 3
755 830 10
755 888 8
756 773 10
756 813 4
756 868 9
757 778 4
757 792 9
757 796 3
757 804 3
757 807 3
757 822 3
757 833 1
757 858 10
757 874 7
757 884 2
757 885 3
758 768 6
758 786 2
758 790 10
758 795 3
758 811 7
758 823 5
758 832 10
758 862 8
758 867 5
759 771 9
759 778 9
759 779 7
759 823 6
759 870 8
760 793 10
760 807 5
760 822 5
760 827 9
760 842 1
760 843 3
760 865 5
760 880 9
760 887 7
760 896 9
761 786 3
761 809 10
761 812 9
761 820 5
761 839 6
761 851 3
761 855 7
761 876 2
761 897 4
762 774 6
762 790 6
762 797 1
762 805 1
762 806 5
762 827 8
762 898 7
763 776 3
763 782 6
763 783 4
763 789 8
763 791 3
763 793 5
763 798 4
763 806 10
763 813 3
763 845 6
763 858 4
763 873 9
763 878 4
763 901 1
764 776 8
764 862 9
765 782 10
765 795 6
765 798 3
765 803 7
765 847 8
766 775 9
766 779 10
766 818 4
766 821 7
766 852 5
766 872 4
766 876 7
766 882 1
766 883 3
767 784 5
767 812 3
767 820 9
767 826 10
767 842 2
767 845 3
767 869 4
768 782 8
768 785 4
768 794 9
768 798 3
768 861 8
768 863 7
768 887 9
769 772 10
769 821 6
769 871 7
769 884 9
770 804 2
770 816 1
770 819 7
770 835 1
770 838 1
770 839 9
770 856 6
770 887 7
771 785 5
771 786 9
771 804 5
771 814 6
772 774 2
772 792 10
772 863 8
772 868 2
772 873 9
772 884 2
773 788 4
773 804 5
773 824 9
773 830 8
773 833 3
773 851 1
774 780 7
774 793 1
774 805 9
774 819 6
774 823 7
774 878 7
774 887 6
775 789 10
775 817 9
775 819 4
775 839 2
775 848 10
775 880 2
775 897 8
776 783 6
776 786 9
776 798 6
776 809 1
776 840 4
776 846 9
776 879 2
777 792 3
777 806 10
777 827 2
777 838 4
777 839 6
777 843 6
777 869 2
777 876 5
777 882 10
778 808 5
778 820 1
778 842 1
778 899 5
779 832 8
779 855 7
780 803 2
780 816 3
780 898 6
781 795 10
781 811 6
781 850 7
781 851 1
781 877 10
781 888 4
781 892 7
782 793 8
782 796 2
782 881 9
783 794 1
783 799 2
783 827 2
783 839 5
783 841 4
783 873 3
783 877 9
783 885 9
784 794 9
784 819 2
784 826 5
784 830 10
784 836 6
784 863 7
784 869 10
784 870 3
784 873 4
784 880 6
784 885 4
784 887 8
785 802 3
785 822 5
785 833 3
785 857 2
785 877 8
785 882 4
785 886 7
786 848 6
786 873 1
786 889 10
787 791 4
787 832 3
787 845 2
787 869 5
788 792 10
788 827 5
788 856 9
788 871 8
788 889 5
789 839 9
790 851 1
790 869 9
790 871 9
790 872 7
790 878 5
790 888 8
790 893 1
791 801 10
791 829 6
791 831 4
791 885 7
792 825 10
792 876 10
792 890 1
793 812 3
793 825 7
793 831 5
793 839 10
793 874 2
793 875 7
793 881 9
793 890 7
794 800 2
794 815 10
794 839 3
794 881 1
795 806 6
795 812 4
795 848 10
795 861 10
795 878 2
795 881 10
796 825 10
796 832 10
796 853 8
796 862 6
796 885 10
797 804 8
797 812 5
797 816 7
797 821 3
797 822 1
797 837 6
797 855 3
798 820 4
798 824 9
798 843 1
798 859 10
798 862 10
798 869 5
798 887 6
798 889 8
799 812 3
799 849 9
799 884 10
799 894 8
799 899 9
800 802 7
800 815 1
800 837 8
800 854 9
801 870 2
801 879 8
801 883 8
802 806 4
802 827 5
802 840 4
802 856 3
802 865 5
802 889 10
802 893 1
803 830 7
803 848 3
803 853 8
803 868 1
803 869 6
804 832 8
804 869 4
804 870 5
804 888 7
805 807 8
805 821 2
805 854 7
805 860 2
805 874 1
806 822 8
806 829 9
806 839 9
806 863 4
806 888 9
806 894 9
807 815 4
807 834 1
807 840 8
807 841 2
807 870 6
807 877 4
807 886 7
808 835 10
808 874 8
808 878 6
808 885 10
808 891 5
808 895 8
808 898 7
809 824 7
809 849 3
809 853 7
809 854 10
809 870 9
809 882 3
810 870 9
811 813 1
811 866 1
811 877 1
811 878 1
812 855 8
812 863 9
812 875 1
812 893 4
813 836 10
813 854 1
813 890 7
815 843 2
815 852 8
815 864 10
815 866 7
815 878 4
815 891 6
816 844 6
816 859 1
816 865 2
816 867 7
816 879 7
816 883 9
816 893 5
817 835 4
817 842 4
817 848 1
817 863 5
817 876 2
817 881 4
817 901 4
818 820 2
818 830 6
818 857 4
818 883 4
818 885 6
818 889 4
819 858 7
819 885 9
820 841 3
820 862 7
820 874 7
821 830 6
821 883 7
821 896 9
822 823 2
822 844 10
822 845 4
822 890 9
823 835 2
823 874 5
823 893 5
824 829 1
824 845 6
824 867 10
824 876 4
824 883 9
824 890 10
824 899 8
825 839 10
825 853 5
825 876 3
825 879 4
825 891 3
825 896 6
826 884 7
826 894 8
826 897 2
827 835 5
827 836 8
827 838 6
827 862 4
827 877 6
829 833 2
829 843 2
829 858 4
829 887 3
829 891 3
830 832 8
830 897 4
830 899 4
831 834 4
831 853 8
831 869 4
831 874 9
831 884 9
831 899 9
832 844 9
832 863 1
833 848 9
833 852 9
833 868 7
833 892 1
834 877 4
835 837 9
835 851 9
835 887 2
836 848 6
836 858 2
836 862 7
837 840 5
837 871 7
837 877 10
837 899 1
838 870 8
838 888 3
838 900 4
839 841 3
839 842 5
839 846 1
839 849 6
839 877 8
840 877 7
840 890 5
840 898 4
841 878 7
841 884 6
841 897 4
842 849 6
842 857 8
842 863 4
842 870 6
843 844 4
843 848 7
843 859 9
843 861 3
843 863 7
843 871 10
843 875 10
844 847 8
844 854 8
844 866 5
844 868 4
844 875 9
845 846 5
845 889 4
845 890 1
846 871 10
846 876 8
846 896 5
847 851 3
847 865 5
847 875 5
848 866 9
848 869 9
848 885 8
850 872 5
851 883 6
852 869 3
852 885 2
852 897 3
853 855 7
853 860 7
853 863 7
853 890 3
854 860 7
855 866 1
855 873 9
855 898 7
856 864 2
857 872 8
858 859 6
858 873 8
858 898 1
859 865 5
859 868 4
859 870 6
860 868 5
860 870 4
860 874 3
860 896 10
860 901 6
861 881 7
862 886 4
863 883 6
863 887 8
863 894 3
863 898 10
864 873 5
864 893 7
865 882 4
866 873 8
866 895 5
867 893 10
869 885 6
869 894 7
870 875 7
871 889 8
873 882 7
873 888 5
875 882 1
877 899 6
878 882 10
878 887 9
878 901 7
879 896 4
882 896 2
885 893 4
885 894 1
885 896 7
885 899 7
886 894 2
887 889 4
889 897 5
897 901 7
902 601 18
903 901 10
902 903 22
