904 6735
70 36 15 75 35 7 67 31 9 14 42 93 80 39 37 2 47 77 89 41 50 28 71 57 4 3 97 85 80 16 6 49 4 72 76 90 79 42 20 39 7 62 83 38 52 19 40 99 95 28 39 44 7 61 53 11 64 1 95 95 16 53 43 71 24 18 61 54 11 80 92 18 93 75 55 45 45 94 95 40 74 33 35 80 45 87 42 60 39 37 54 7 41 49 77 16 18 37 70 29 69 61 46 61 87 100 57 32 94 51 23 19 35 57 98 32 96 40 91 34 28 45 40 20 45 69 35 62 5 4 90 25 17 35 38 55 87 94 86 32 97 60 50 83 69 99 14 64 38 57 49 17 53 89 36 97 9 71 58 13 26 48 90 94 34 27 49 20 72 86 51 20 46 52 3 14 51 68 29 40 24 77 57 28 17 44 24 25 66 34 90 44 33 79 37 66 57 85 38 28 23 40 100 68 92 2 33 94 21 61 33 97 89 41 24 6 37 100 82 2 33 71 45 65 1 34 82 57 18 19 37 40 59 36 59 2 89 91 95 9 3 79 57 92 72 33 49 8 32 30 61 16 1 58 32 1 91 13 10 60 84 98 52 42 33 10 95 73 53 89 33 7 19 90 98 90 22 46 49 5 28 62 72 28 19 3 80 61 67 41 20 50 38 71 43 70 33 37 94 37 56 83 90 100 85 62 46 99 7 97 88 90 18 48 28 52 88 82 2 76 51 83 100 94 31 2 41 100 35 55 84 91 89 25 42 73 87 87 23 93 35 11 34 52 58 62 56 97 43 9 72 45 91 71 39 73 25 31 72 11 37 7 1 26 32 42 98 70 81 73 62 15 83 47 19 92 8 26 41 2 34 12 47 76 35 37 48 11 67 71 21 55 77 22 80 60 15 30 29 47 2 42 62 36 89 80 27 96 57 19 50 90 31 96 17 17 32 64 27 50 34 47 4 62 20 84 22 87 65 2 33 18 44 46 53 32 77 31 79 33 50 28 74 32 75 90 48 58 53 26 7 38 24 11 52 44 46 73 82 62 26 14 79 69 12 31 52 88 13 31 21 62 10 94 45 37 84 44 94 88 69 1 78 93 63 81 88 60 5 69 21 30 34 99 99 97 81 2 85 45 84 57 59 94 50 3 30 85 47 23 25 15 75 54 59 37 34 46 48 90 66 68 19 52 18 69 48 50 71 84 95 54 40 53 99 42 55 80 78 53 55 54 68 29 7 78 18 92 76 65 81 93 33 100 44 2 20 44 52 90 27 98 44 19 2 42 60 8 22 37 61 76 91 80 56 49 57 73 41 32 90 73 25 74 24 20 75 44 15 78 33 42 75 28 60 28 22 71 36 95 84 87 53 95 35 14 50 48 19 42 43 14 52 98 56 73 91 54 45 84 38 93 24 25 62 64 74 69 23 42 41 90 45 45 36 31 58 85 30 28 26 73 41 30 70 49 2 61 54 99 96 91 91 71 67 52 34 41 72 57 34 12 98 31 56 86 13 13 22 43 40 100 15 33 29 36 81 82 96 86 80 91 76 22 13 95 25 99 87 96 7 72 7 56 54 14 41 67 26 15 9 18 66 23 2 94 10 34 27 6 19 59 48 94 80 13 40 5 11 26 100 17 50 59 72 3 72 65 69 50 79 77 19 44 51 20 89 61 53 67 18 23 25 17 68 57 29 8 13 39 85 64 7 34 22 79 37 46 43 57 47 21 86 17 16 36 36 4 48 40 22 17 62 99 86 29 55 14 88 19 5 73 82 11 58 56 89 46 1 83 3 99 55 88 15 70 75 2 25 75 93 47 91 6 45 76 86 51 42 74 69 46 98 50 8 55 57 97 1 57 31 55 7 86 42 21 7 68 74 32 42 66 30 33 71 26 60 9 76 1 82 96 46 31 97 54 85 54 2 37 62 32 91 69 69 84 41 76 52 15 59 93 32 88 77 55 65 37 63 40 37 96 87 35 26 83 40 62 36 41 99 98 24 41 18 45 77 58 72 28 24 30 72 8 69 1 62 33 37 76 24 25 36 87
0 33 2
0 34 2
0 42 18
0 48 21
0 92 16
0 98 18
0 125 12
0 146 14
0 168 15
0 180 11
0 190 20
0 200 17
0 214 22
0 216 16
0 233 21
0 235 17
0 244 20
0 255 3
1 7 2
1 14 11
1 27 18
1 76 23
1 81 13
1 98 6
1 111 21
1 133 5
1 154 2
1 156 3
1 196 17
1 206 21
1 219 16
1 230 18
1 231 24
1 261 8
1 274 15
1 296 14
2 11 25
2 23 2
2 39 4
2 40 15
2 46 14
2 60 23
2 66 8
2 67 10
2 68 15
2 79 4
2 122 1
2 157 9
2 206 6
2 220 4
3 24 21
3 83 25
3 117 1
3 123 8
3 139 7
3 142 21
3 150 15
3 195 11
3 199 23
3 210 8
3 214 8
3 244 13
3 255 25
3 282 6
3 294 23
4 18 17
4 21 21
4 23 24
4 50 20
4 59 24
4 83 13
4 113 8
4 135 23
4 197 23
4 229 17
4 245 14
5 45 1
5 50 19
5 54 24
5 62 8
5 99 22
5 123 19
5 139 9
5 153 22
5 173 4
5 174 16
5 180 18
5 232 18
5 258 3
5 281 17
6 62 25
6 70 10
6 72 7
6 81 1
6 101 17
6 102 4
6 103 19
6 119 12
6 143 2
6 145 13
6 161 12
6 177 17
6 203 20
6 213 11
6 215 16
6 219 11
6 239 24
6 248 18
6 285 6
7 13 22
7 29 2
7 49 2
7 53 17
7 54 10
7 60 1
7 73 20
7 101 2
7 124 20
7 125 14
7 133 4
7 143 11
7 191 15
7 203 15
7 206 17
7 212 16
7 237 6
7 249 22
7 261 9
7 276 17
7 279 1
7 292 24
8 23 5
8 30 19
8 31 18
8 60 15
8 83 9
8 148 6
8 167 15
8 185 1
8 189 11
8 200 13
8 220 2
8 237 15
8 245 5
8 261 13
8 274 15
9 12 1
9 16 15
9 29 9
9 32 17
9 45 20
9 57 21
9 59 6
9 75 10
9 76 15
9 104 23
9 110 15
9 142 13
9 158 9
9 180 9
9 195 13
9 213 7
9 230 13
9 236 8
9 253 24
9 278 5
9 296 16
10 28 6
10 37 19
10 55 18
10 73 17
10 84 9
10 99 21
10 124 8
10 140 15
10 159 9
10 177 24
10 213 15
10 216 23
10 232 7
10 262 8
10 264 19
10 293 4
10 295 16
11 63 3
11 77 18
11 80 13
11 86 18
11 135 6
11 138 23
11 166 3
11 198 20
11 204 4
11 206 17
11 259 3
11 284 5
12 29 21
12 32 20
12 37 10
12 150 17
12 153 15
12 162 3
12 173 25
12 181 10
12 234 10
12 240 14
12 284 18
13 16 8
13 45 5
13 47 17
13 74 16
13 84 13
13 115 11
13 126 22
13 140 3
13 172 13
13 241 14
13 267 17
14 29 7
14 93 21
14 173 15
14 179 11
14 214 18
14 256 20
14 266 3
14 270 20
14 288 24
15 19 23
15 30 16
15 59 11
15 61 16
15 71 5
15 82 13
15 126 15
15 127 15
15 129 23
15 155 3
15 156 9
15 162 7
15 177 10
15 180 3
15 182 25
15 187 24
15 207 13
15 217 21
15 235 1
15 238 2
15 258 11
16 100 19
16 121 11
16 124 7
16 131 8
16 161 21
16 181 24
16 189 3
16 227 23
16 272 20
16 279 3
17 23 23
17 35 10
17 46 13
17 90 13
17 100 17
17 115 1
17 118 5
17 139 8
17 143 25
17 150 9
17 187 16
17 257 8
17 259 18
17 269 18
18 53 7
18 59 16
18 71 7
18 86 4
18 130 18
18 211 11
18 241 15
18 247 12
18 263 21
19 46 21
19 59 21
19 73 18
19 142 21
19 170 25
19 186 18
19 187 15
19 199 3
19 210 15
19 232 1
19 234 17
19 255 4
19 258 17
19 280 19
19 295 8
20 74 24
20 75 20
20 89 17
20 104 17
20 150 5
20 248 11
20 281 11
21 33 11
21 41 2
21 49 18
21 54 15
21 130 19
21 142 5
21 160 4
21 190 7
21 195 25
21 250 1
22 27 5
22 33 19
22 34 21
22 45 4
22 99 11
22 152 12
22 187 8
22 192 25
22 206 12
22 208 2
22 224 6
22 239 6
22 271 20
22 293 13
23 26 6
23 55 17
23 57 6
23 66 24
23 115 21
23 131 17
23 151 10
23 165 6
23 173 20
23 194 4
23 217 22
23 235 13
24 37 8
24 53 2
24 63 22
24 105 9
24 117 4
24 165 1
24 173 2
24 194 1
24 231 6
24 232 13
24 247 12
24 252 14
24 266 14
24 295 1
25 49 17
25 51 21
25 66 8
25 69 11
25 72 11
25 102 15
25 116 2
25 145 16
25 155 14
25 257 22
25 272 7
25 280 25
25 281 5
25 283 1
25 296 3
26 59 3
26 73 16
26 92 12
26 119 7
26 123 14
26 144 22
26 166 10
26 202 16
26 207 23
26 225 13
26 270 21
26 287 12
26 296 1
27 64 11
27 98 3
27 148 1
27 167 2
27 179 23
27 189 10
27 269 15
28 51 8
28 73 25
28 76 18
28 93 24
28 105 15
28 133 17
28 186 7
28 209 14
28 228 21
28 275 10
29 60 18
29 78 25
29 124 2
29 163 4
29 167 8
29 174 17
29 194 2
29 206 20
29 238 7
29 278 24
29 292 7
30 36 4
30 213 13
30 219 7
30 265 15
30 286 15
31 38 10
31 41 18
31 44 14
31 68 19
31 83 7
31 141 22
31 156 20
31 163 25
31 213 22
31 291 9
31 293 16
32 63 5
32 94 22
32 114 13
32 129 16
32 137 16
32 167 14
32 191 19
32 198 21
32 205 22
32 228 10
32 247 22
32 250 16
32 254 16
33 36 23
33 61 22
33 71 22
33 72 10
33 89 3
33 95 11
33 144 1
33 147 14
33 168 3
33 225 14
33 245 10
33 263 12
34 44 12
34 57 4
34 59 11
34 79 8
34 80 15
34 92 3
34 118 15
34 119 11
34 123 15
34 133 5
34 175 4
34 190 3
34 218 24
34 222 24
34 249 24
34 252 10
34 280 21
35 69 16
35 93 3
35 145 18
35 146 12
35 149 24
35 153 4
35 166 17
35 238 9
35 244 4
35 262 5
35 282 13
35 295 19
36 41 14
36 72 24
36 82 6
36 111 20
36 126 11
36 127 15
36 133 9
36 142 13
36 143 4
36 171 21
36 215 2
36 216 11
36 240 24
36 253 7
36 260 11
36 277 23
36 288 7
37 44 20
37 54 18
37 59 23
37 76 24
37 97 12
37 104 9
37 127 22
37 183 15
37 197 2
37 202 7
37 208 20
37 214 9
37 222 20
37 276 13
37 289 24
38 62 20
38 101 20
38 128 18
38 133 6
38 165 10
38 176 3
38 196 18
38 213 15
38 236 24
38 275 22
39 47 2
39 64 22
39 82 3
39 98 12
39 120 21
39 193 11
39 202 9
39 214 15
39 231 8
39 276 7
40 48 1
40 64 19
40 82 4
40 89 17
40 100 20
40 110 12
40 141 11
40 158 5
40 198 6
40 224 24
40 242 4
40 248 3
40 294 20
40 299 23
41 78 8
41 100 4
41 101 1
41 110 2
41 111 21
41 113 1
41 120 23
41 157 22
41 179 24
41 181 2
41 182 11
41 195 20
41 239 13
41 265 19
41 266 9
42 105 22
42 115 2
42 116 12
42 118 15
42 156 5
42 160 5
42 181 12
42 192 17
42 194 16
42 215 16
42 216 24
42 217 16
42 292 21
42 297 1
43 48 10
43 55 19
43 58 10
43 62 16
43 96 21
43 107 12
43 117 11
43 150 21
43 168 9
43 177 9
43 233 19
43 244 13
43 255 19
43 267 13
43 274 25
43 296 12
44 55 24
44 133 23
44 154 16
44 157 12
44 168 13
44 170 20
44 204 16
44 220 1
44 224 13
44 228 8
44 254 18
45 72 14
45 81 23
45 85 14
45 112 16
45 154 8
45 173 9
45 182 1
45 215 25
45 216 4
45 228 12
45 235 10
45 243 1
45 272 22
45 292 18
45 299 19
46 49 11
46 63 14
46 86 9
46 88 12
46 97 2
46 110 9
46 218 10
46 221 17
46 228 22
47 111 22
47 120 14
47 133 12
47 149 24
47 165 3
47 167 22
47 181 16
47 189 16
47 210 19
47 272 4
47 287 9
47 298 3
48 90 12
48 102 9
48 145 2
48 205 17
48 210 22
48 214 13
48 234 17
48 287 20
49 80 8
49 86 11
49 87 6
49 119 21
49 126 21
49 131 17
49 150 22
49 176 4
49 203 1
49 256 14
49 287 25
49 289 24
50 52 2
50 58 13
50 88 22
50 139 6
50 141 9
50 155 13
50 157 22
50 195 5
50 205 18
50 213 5
50 227 7
50 234 7
50 264 15
50 282 11
50 290 23
51 54 13
51 92 23
51 94 17
51 156 7
51 173 5
51 199 4
51 236 12
51 262 25
52 62 24
52 76 6
52 89 24
52 101 4
52 154 6
52 160 14
52 170 5
52 198 7
52 210 15
52 215 17
52 228 3
52 233 20
52 245 3
52 249 17
52 258 18
53 79 7
53 81 10
53 148 24
53 153 15
53 161 16
53 190 13
53 194 25
53 204 15
53 208 2
53 220 25
53 231 6
53 258 9
53 274 6
54 59 11
54 77 20
54 82 8
54 95 9
54 100 25
54 104 6
54 116 14
54 122 8
54 123 19
54 172 18
54 187 14
54 199 10
54 217 10
54 222 18
54 232 6
54 255 14
55 95 10
55 99 1
55 112 22
55 160 21
55 176 24
55 190 11
55 203 13
55 208 14
55 244 13
55 279 2
55 286 15
56 75 14
56 98 10
56 115 23
56 123 19
56 140 20
56 149 20
56 170 1
56 173 6
56 179 21
56 183 8
56 251 19
56 267 5
56 272 1
57 79 12
57 140 20
57 153 10
57 180 23
57 183 13
57 203 18
57 208 11
57 212 24
57 280 18
57 299 9
58 81 19
58 112 16
58 124 19
58 145 8
58 153 6
58 169 8
58 207 9
58 230 21
58 232 21
58 267 20
58 268 20
58 276 17
58 281 15
58 289 16
59 61 19
59 69 22
59 77 14
59 87 2
59 91 15
59 99 18
59 143 2
59 157 3
59 169 13
59 195 14
59 196 25
59 199 2
59 203 6
59 214 12
59 215 25
59 223 25
59 230 20
59 231 20
59 255 15
59 256 16
59 277 2
60 115 23
60 128 25
60 149 12
60 165 20
60 175 23
60 178 7
60 201 14
60 226 14
60 239 23
60 245 7
60 255 7
61 91 19
61 92 20
61 93 10
61 113 10
61 133 12
61 145 12
61 152 13
61 171 1
61 196 2
61 201 14
61 202 2
61 240 9
61 246 1
61 270 1
61 284 8
62 73 22
62 83 22
62 112 24
62 114 14
62 135 23
62 154 21
62 157 16
62 172 12
62 230 15
62 244 13
62 246 18
62 247 6
62 283 3
62 286 17
63 97 12
63 131 11
63 225 12
63 262 6
63 289 21
64 65 21
64 88 19
64 94 9
64 118 8
64 131 20
64 135 10
64 157 22
64 169 21
64 199 18
64 237 24
64 240 24
64 255 25
64 259 22
64 272 20
65 68 23
65 80 11
65 84 20
65 97 21
65 139 1
65 165 6
65 188 10
65 191 15
65 240 25
65 241 17
65 245 17
65 246 16
65 276 3
65 280 4
65 288 2
66 118 10
66 121 24
66 139 24
66 157 6
66 162 9
66 168 7
66 184 2
66 239 18
66 245 5
66 252 24
66 295 12
67 83 5
67 116 22
67 122 11
67 146 1
67 169 19
67 178 11
67 199 13
67 226 15
67 230 8
67 273 13
67 275 20
68 77 17
68 87 4
68 93 19
68 140 9
68 144 20
68 149 11
68 176 13
68 180 1
68 204 12
68 205 25
68 230 1
68 249 10
68 250 7
68 271 10
68 276 18
69 72 8
69 79 4
69 82 24
69 108 6
69 120 16
69 177 3
69 186 5
69 191 3
69 204 6
69 208 23
69 209 15
69 225 18
69 260 12
70 76 22
70 99 8
70 130 8
70 150 14
70 184 11
70 214 3
70 220 24
70 270 8
70 271 13
70 290 13
71 73 10
71 96 1
71 102 14
71 151 10
71 232 12
71 250 20
71 262 19
72 87 7
72 172 2
72 194 23
72 250 5
72 270 10
72 286 15
72 293 10
73 111 14
73 156 17
73 180 17
73 192 13
73 259 7
73 263 11
73 297 24
74 122 5
74 133 20
74 154 8
74 155 20
74 194 8
74 209 10
74 258 18
74 271 15
74 278 24
74 291 8
75 103 1
75 112 24
75 135 23
75 155 10
75 172 10
75 175 18
75 198 6
75 247 18
75 279 21
75 282 5
76 116 25
76 145 5
76 200 19
76 204 11
76 224 18
76 225 12
76 226 2
76 258 5
76 283 20
76 287 12
77 96 5
77 98 25
77 101 7
77 143 14
77 149 19
77 165 14
77 170 23
77 171 14
77 172 5
77 192 21
77 197 23
77 208 7
77 234 21
77 250 20
77 256 16
77 257 8
77 275 12
77 285 23
77 290 25
77 291 10
77 298 2
78 79 24
78 86 14
78 105 22
78 153 9
78 159 9
78 167 11
78 189 12
78 272 13
79 125 5
79 131 1
79 133 20
79 134 6
79 140 9
79 151 8
79 167 25
79 168 24
79 246 8
79 251 15
79 267 5
80 88 5
80 155 12
80 182 11
80 190 1
80 205 6
80 217 3
80 222 8
80 239 20
80 283 1
81 82 9
81 101 4
81 109 4
81 117 10
81 192 19
81 247 3
81 268 20
81 273 2
81 298 13
82 128 7
82 209 17
82 210 19
82 214 7
82 253 11
82 254 25
82 294 17
83 85 20
83 86 24
83 92 15
83 121 2
83 122 13
83 124 21
83 194 9
83 218 1
83 241 6
83 243 9
83 248 6
83 281 8
83 288 18
83 299 2
84 86 10
84 94 1
84 109 7
84 121 14
84 155 12
84 161 1
84 168 18
84 169 7
84 207 2
84 231 5
84 252 13
84 255 18
85 126 23
85 147 21
85 160 5
85 182 22
85 184 14
85 207 25
85 216 22
85 231 3
85 242 3
85 251 11
86 114 23
86 132 13
86 149 11
86 155 5
86 161 21
86 170 19
86 181 14
86 202 15
86 204 20
86 223 24
86 228 18
86 245 2
86 289 14
87 95 4
87 99 4
87 116 6
87 121 10
87 134 5
87 143 12
87 153 24
87 178 25
87 181 9
87 183 19
87 189 4
87 203 8
87 206 7
87 210 5
87 221 6
87 227 11
87 260 10
87 279 17
87 293 10
88 132 22
88 143 2
88 148 16
88 157 20
88 165 22
88 181 5
88 188 9
88 254 19
89 182 5
89 183 3
89 201 20
89 202 20
89 210 7
89 226 25
89 230 2
89 260 18
89 294 4
89 297 13
90 91 17
90 105 5
90 156 23
90 169 12
90 196 9
90 232 7
90 253 21
90 262 15
90 263 13
91 101 6
91 158 24
91 163 4
91 181 18
91 194 23
91 245 7
91 247 8
91 271 17
91 292 4
92 104 14
92 139 2
92 144 22
92 146 20
92 203 5
92 235 18
92 257 14
92 284 13
92 288 17
92 299 17
93 111 5
93 120 22
93 131 4
93 198 21
93 205 2
93 207 4
93 208 10
93 252 12
93 289 10
94 123 5
94 146 1
94 153 22
94 176 12
94 183 2
94 252 2
94 253 4
94 256 24
94 258 9
95 101 14
95 179 17
95 210 14
95 266 4
95 299 18
96 108 12
96 252 24
96 268 22
96 287 6
96 291 14
96 296 11
97 184 24
97 191 6
97 199 16
97 282 20
97 298 11
98 126 13
98 139 23
98 162 14
98 212 22
98 218 9
98 222 24
98 224 1
98 237 12
98 260 20
98 284 13
99 102 13
99 120 22
99 135 18
99 138 11
99 144 7
99 159 8
99 183 4
99 215 22
99 232 12
99 237 21
99 255 8
99 261 12
99 274 20
99 293 15
99 297 25
100 113 5
100 171 13
100 180 7
100 200 20
100 209 9
100 249 18
100 267 10
100 285 7
101 125 6
101 128 6
101 147 15
101 162 6
101 167 9
101 182 1
101 186 3
101 188 21
101 204 15
101 219 1
101 227 15
101 228 2
101 232 7
101 236 23
101 248 5
101 249 5
101 252 11
101 253 1
101 274 12
102 110 22
102 125 22
102 135 3
102 158 23
102 172 1
102 184 15
102 203 5
102 208 23
102 213 23
102 220 24
102 221 7
102 233 4
102 237 4
103 123 14
103 162 21
103 163 10
103 205 22
103 206 23
103 235 12
104 114 19
104 121 13
104 191 12
104 202 9
104 218 16
104 245 20
104 262 8
104 298 21
105 108 24
105 137 18
105 185 23
105 217 12
105 226 16
105 227 21
105 245 14
105 281 15
105 282 21
105 290 3
105 299 21
106 112 20
106 146 2
106 174 19
106 195 3
106 203 6
106 231 25
106 232 17
106 290 3
106 291 11
106 296 13
107 122 25
107 157 24
107 162 7
107 175 14
107 191 12
107 196 17
107 197 7
107 211 6
107 219 24
107 252 4
107 286 6
107 299 18
108 123 1
108 145 19
108 152 10
108 158 21
108 167 7
108 171 24
108 177 18
108 194 11
108 257 20
108 260 15
109 118 12
109 134 15
109 136 17
109 169 19
109 181 14
109 185 8
109 206 23
109 297 24
110 166 23
110 207 25
110 214 24
110 227 6
110 232 15
110 237 10
110 248 22
110 266 21
111 113 17
111 121 22
111 128 24
111 132 22
111 147 16
111 164 1
111 171 17
111 189 25
111 200 23
111 204 23
111 222 25
111 225 18
111 232 10
111 233 21
111 284 7
112 185 24
112 199 11
112 210 23
112 227 19
112 236 1
112 256 8
113 114 17
113 132 2
113 136 5
113 143 18
113 163 25
113 168 10
113 170 7
113 184 10
113 209 6
113 229 5
113 235 1
113 242 4
113 253 5
113 285 25
113 288 19
114 124 8
114 133 16
114 206 20
114 210 5
114 264 16
114 274 19
114 281 24
114 295 25
115 119 15
115 127 7
115 144 25
115 145 2
115 201 5
115 203 19
115 230 2
115 292 12
115 294 12
116 122 3
116 125 18
116 130 4
116 137 3
116 161 2
116 164 12
116 165 14
116 177 9
116 201 16
116 204 14
116 209 12
116 222 21
116 225 15
116 261 7
116 270 3
117 122 8
117 159 1
117 164 9
117 165 23
117 185 19
117 186 10
117 217 24
117 224 10
117 235 16
117 260 1
117 293 11
118 124 22
118 178 19
118 219 13
118 225 10
118 269 7
118 291 15
119 142 2
119 147 10
119 150 19
119 197 3
119 220 23
119 249 7
120 123 13
120 149 14
120 161 23
120 215 24
120 243 11
120 289 12
121 131 7
121 132 15
121 148 21
121 154 7
121 167 23
121 172 18
121 202 3
121 217 9
121 254 19
121 255 12
121 271 25
121 277 19
122 129 23
122 149 23
122 154 14
122 155 10
122 163 8
122 164 20
122 168 1
122 183 9
122 196 6
122 201 20
122 203 14
122 205 3
122 224 1
122 243 1
122 276 16
122 281 23
122 298 2
123 125 3
123 132 12
123 146 8
123 209 17
123 216 7
123 257 15
123 264 17
123 284 2
124 131 19
124 136 25
124 155 22
124 178 5
124 206 1
124 211 17
124 226 2
124 252 24
124 265 5
124 266 13
124 275 6
124 285 24
124 298 14
125 135 14
125 136 4
125 141 10
125 187 4
125 199 8
126 140 12
126 162 5
126 171 24
126 189 12
126 194 8
126 198 3
126 200 25
126 221 15
126 223 20
126 229 6
126 253 6
126 278 11
126 287 9
127 131 24
127 140 10
127 156 5
127 157 6
127 164 11
127 227 21
127 229 7
127 264 9
127 271 2
127 284 22
128 151 14
128 157 2
128 164 10
128 210 4
128 213 7
128 223 21
129 172 10
129 178 15
129 218 7
129 282 14
129 295 15
130 138 20
130 158 23
130 166 17
130 183 19
130 192 14
130 195 11
130 252 25
130 259 22
130 275 21
131 153 10
131 171 20
131 176 8
131 207 17
131 219 2
131 233 18
131 244 14
131 248 9
131 256 3
131 264 16
131 277 5
131 279 18
131 283 17
131 295 16
132 161 23
132 180 24
132 186 13
132 191 7
132 197 13
132 215 21
132 219 22
132 225 4
132 246 16
132 253 19
132 272 20
132 279 9
133 179 8
133 210 6
133 217 10
133 230 4
133 262 3
134 135 22
134 144 25
134 156 10
134 225 13
134 238 2
134 239 4
134 243 1
134 246 12
134 281 8
134 295 18
135 139 18
135 162 25
135 171 12
135 198 10
135 209 25
135 265 10
135 285 24
135 286 6
135 293 24
136 173 19
136 188 5
136 232 2
136 238 9
136 248 23
136 261 23
136 279 20
136 287 7
136 289 5
136 293 6
137 153 12
137 169 8
137 177 2
137 207 14
137 248 19
137 281 14
137 283 17
138 237 25
138 241 17
138 268 3
138 299 7
139 166 11
139 203 22
139 205 9
139 240 22
139 292 8
139 296 8
140 158 6
140 183 6
140 187 15
140 193 6
140 197 24
140 213 19
140 227 9
140 297 10
141 176 19
141 186 7
141 188 6
141 192 2
141 193 11
141 201 11
141 225 14
142 151 20
142 155 13
142 157 2
142 160 14
142 204 3
142 212 18
142 243 13
142 254 19
142 264 22
142 274 21
142 280 5
143 152 20
143 156 4
143 160 3
143 175 2
143 196 11
143 197 11
143 198 7
143 206 3
143 249 16
143 260 7
143 290 23
143 296 2
144 165 18
144 180 16
144 186 8
144 188 23
144 191 18
144 290 20
144 295 9
145 146 8
145 159 17
145 177 21
145 182 9
145 184 5
145 203 25
145 246 3
145 253 19
145 294 19
145 298 1
146 171 14
146 234 25
146 249 20
146 275 20
147 165 4
147 181 21
147 193 7
147 211 14
147 212 4
147 213 9
147 217 5
147 279 12
148 152 7
148 153 8
148 178 5
148 228 24
148 257 17
149 185 2
149 186 16
149 193 13
149 222 12
149 229 23
149 260 4
149 280 9
150 161 8
150 208 10
150 228 9
150 240 12
151 169 3
151 183 4
151 198 12
151 297 19
152 181 5
152 199 6
152 248 15
152 250 8
152 280 3
153 167 21
153 251 22
153 252 8
153 278 5
153 293 3
154 157 20
154 190 13
154 222 10
154 247 1
154 265 11
154 299 3
155 210 4
156 158 4
156 167 15
156 179 16
156 188 3
156 189 19
156 191 1
156 203 11
156 284 3
157 160 9
157 169 22
157 190 8
157 216 12
157 217 11
157 227 3
157 234 18
157 244 16
157 245 17
157 247 1
157 257 21
157 261 12
157 280 24
158 211 3
158 229 18
158 255 1
158 290 24
158 292 7
159 162 12
159 163 1
159 180 20
159 184 14
159 187 5
159 215 23
159 234 3
159 271 22
159 286 2
160 182 21
160 267 22
161 167 12
161 170 1
161 187 8
161 201 11
161 210 8
161 217 21
161 234 21
161 262 12
161 286 14
161 289 13
161 297 3
161 298 14
162 172 8
162 173 14
162 198 12
162 225 13
162 231 9
162 244 14
162 267 13
162 269 15
162 274 2
162 296 14
163 188 11
163 199 15
163 204 18
163 208 8
163 228 19
163 249 16
163 279 10
163 291 17
163 295 12
164 185 23
164 207 17
164 225 19
164 236 10
164 242 1
164 254 15
164 264 5
164 265 12
164 287 5
164 296 20
165 184 14
165 216 20
165 242 4
166 167 4
166 169 8
166 260 16
166 279 14
166 285 21
166 290 6
167 196 6
167 210 22
167 213 19
167 216 16
167 221 13
167 227 13
167 253 24
167 274 6
167 289 3
167 291 10
168 204 22
168 226 16
168 231 9
168 243 13
168 256 12
168 265 19
168 295 13
169 174 3
169 196 23
169 217 1
169 220 7
169 226 19
169 253 14
169 290 1
170 176 23
170 219 20
170 249 8
171 174 13
171 198 8
171 217 5
171 222 18
171 231 13
171 242 3
171 262 13
171 298 4
172 201 15
172 208 25
172 218 4
172 225 20
172 275 4
172 285 15
172 297 17
173 251 22
173 257 23
173 278 6
173 282 8
173 284 16
174 225 21
174 241 12
174 257 16
174 270 21
174 276 18
175 177 9
175 194 12
175 197 20
175 240 6
175 259 8
176 183 2
176 221 21
176 229 17
176 263 8
176 265 15
176 280 5
177 190 10
177 191 5
177 202 10
177 214 24
177 228 6
177 236 15
177 237 18
177 269 10
177 273 4
177 297 11
178 191 8
178 192 3
178 194 19
178 213 15
178 230 19
178 236 14
178 242 1
179 225 11
179 246 11
179 251 20
179 256 19
179 267 24
179 293 14
180 239 2
180 291 6
180 292 17
181 183 24
181 192 23
181 193 24
181 211 15
181 221 4
181 229 8
181 258 19
181 282 15
181 283 8
182 189 2
182 190 4
182 191 2
182 192 11
182 200 9
182 240 13
182 258 18
182 269 11
182 270 6
182 286 9
183 231 6
183 267 21
183 276 11
184 199 16
184 235 6
184 250 7
184 253 12
184 261 5
185 188 20
185 257 15
185 265 12
185 283 13
186 251 15
186 257 9
186 272 11
186 295 6
187 192 12
187 202 20
187 203 25
187 219 1
187 263 2
187 273 3
187 291 6
188 195 5
188 200 13
188 208 16
188 223 17
188 244 7
188 278 2
188 280 24
188 289 17
188 290 9
189 207 21
189 250 4
189 259 2
189 265 4
189 282 10
189 283 15
189 286 8
190 199 6
190 214 4
190 220 21
190 231 18
190 273 20
190 293 5
191 195 5
191 205 25
191 211 18
191 240 1
191 244 1
192 220 21
192 233 4
192 235 3
192 250 3
192 286 8
193 207 17
193 222 19
193 228 2
193 231 25
193 242 22
193 253 2
193 268 16
193 275 5
193 286 23
194 195 21
194 204 8
194 211 1
194 218 7
194 220 22
194 262 10
195 238 12
195 255 2
195 266 5
195 296 6
196 214 21
196 239 11
196 266 10
196 277 21
196 289 6
197 247 10
197 295 23
197 298 1
198 290 15
199 218 1
199 271 5
199 283 23
199 296 19
200 202 23
200 250 24
201 218 19
201 221 19
201 231 25
201 234 11
201 243 1
201 245 24
201 250 7
201 266 10
201 267 24
201 277 13
203 209 7
203 266 10
204 224 2
204 266 8
204 279 17
204 282 7
205 258 4
206 209 2
206 212 17
206 216 1
206 231 7
206 263 3
207 210 25
207 220 9
207 239 18
207 244 2
207 270 14
207 276 17
208 238 21
209 221 13
209 229 17
209 253 16
209 266 9
210 212 18
210 224 1
210 240 9
210 246 17
210 251 9
210 266 18
210 267 17
210 269 24
210 277 1
211 214 2
211 218 25
211 243 9
211 248 18
211 270 6
211 282 14
211 296 21
212 220 24
212 221 16
212 233 5
212 272 4
212 274 17
212 281 13
212 284 23
212 285 19
213 248 3
213 253 16
213 266 14
213 279 16
214 229 7
214 234 4
214 242 24
214 250 24
215 248 6
215 258 9
215 265 15
215 283 15
216 228 3
216 230 9
216 244 15
216 253 6
216 260 10
216 268 14
216 293 14
216 297 4
217 238 21
217 252 4
217 253 24
217 264 22
217 282 21
218 221 3
218 244 2
218 252 12
218 266 18
218 281 24
219 267 5
219 296 20
219 298 14
220 283 20
221 225 12
221 253 22
221 282 25
222 287 12
223 242 20
223 243 6
223 282 22
223 291 12
223 298 22
224 232 25
224 248 20
224 251 11
224 291 5
224 298 6
225 251 1
225 255 20
225 263 9
225 281 21
225 286 25
225 295 9
226 232 17
226 236 20
226 289 12
227 252 18
227 277 6
227 280 6
227 289 18
227 295 13
228 230 2
228 231 8
228 236 9
228 266 14
228 274 4
228 280 9
228 291 2
229 240 1
229 290 16
230 233 24
230 248 12
230 261 12
230 287 23
231 241 6
231 245 24
231 252 4
231 276 11
231 287 24
231 291 25
231 298 21
232 258 19
232 262 24
232 270 4
233 242 13
233 253 18
234 235 17
234 237 7
234 255 25
234 265 22
235 241 2
235 243 14
235 248 24
235 271 9
235 284 23
235 289 14
235 295 15
236 248 8
236 260 15
236 292 15
238 264 23
238 293 13
238 299 1
239 263 11
239 292 12
239 297 8
240 248 9
240 255 17
240 273 18
240 286 7
241 244 16
241 250 13
241 251 2
241 259 14
241 260 18
242 283 16
242 291 8
243 291 10
243 292 23
244 266 10
244 271 6
244 278 24
244 280 25
244 295 6
245 249 9
245 258 24
245 273 19
245 286 23
246 261 6
246 265 11
246 270 12
246 272 5
246 274 25
246 275 14
246 285 15
246 288 12
247 294 21
248 264 25
248 272 5
248 276 15
249 255 8
249 270 21
249 286 4
250 285 10
251 253 11
251 294 22
252 276 25
252 289 19
253 284 6
254 270 24
254 271 5
254 275 11
255 283 24
255 299 4
256 270 19
256 276 8
257 279 3
257 290 12
258 269 5
258 270 10
259 287 24
260 292 19
261 263 15
262 268 24
262 283 7
262 285 6
263 272 12
263 279 5
264 278 6
265 273 16
265 274 19
266 285 15
267 276 11
267 295 23
269 276 1
269 278 24
271 280 21
271 283 3
272 274 19
273 277 1
273 287 1
273 291 23
274 292 13
275 277 25
276 283 3
278 281 6
278 295 9
278 298 7
280 290 20
280 292 13
282 283 17
287 293 18
290 297 8
291 292 8
291 293 16
292 298 17
300 306 7
300 307 6
300 319 2
300 322 9
300 353 5
300 385 7
300 438 10
300 452 3
300 473 2
300 475 2
300 480 7
300 499 1
300 513 4
300 523 3
300 526 6
300 564 10
300 565 2
300 566 10
300 568 3
300 574 7
301 347 10
301 370 7
301 380 10
301 393 6
301 398 7
301 403 1
301 422 4
301 439 8
301 447 1
301 471 9
301 503 4
301 542 7
302 310 6
302 326 5
302 335 8
302 352 2
302 386 3
302 401 7
302 438 4
302 443 6
302 449 8
302 495 10
302 500 8
302 504 3
302 517 2
302 563 3
302 575 2
303 327 6
303 335 3
303 342 6
303 362 4
303 375 4
303 382 3
303 384 3
303 396 9
303 401 1
303 414 3
303 456 2
303 457 10
303 505 3
303 541 2
303 545 3
303 555 1
303 592 7
304 311 9
304 327 10
304 338 8
304 346 3
304 351 6
304 357 2
304 399 9
304 426 5
304 459 3
304 477 6
304 479 8
304 557 7
304 568 9
304 595 9
305 331 2
305 360 3
305 393 5
305 420 5
305 458 6
305 478 9
305 486 7
305 524 4
305 544 1
305 548 1
305 568 8
305 572 10
306 335 3
306 350 9
306 361 4
306 371 5
306 401 6
306 411 4
306 425 5
306 434 3
306 454 6
306 463 2
306 479 6
306 491 4
306 501 7
306 508 9
306 524 10
306 526 6
306 553 7
306 575 10
306 581 4
307 318 8
307 323 2
307 352 10
307 368 2
307 400 9
307 407 10
307 438 10
307 460 4
307 467 10
307 491 2
307 498 1
307 508 1
307 522 6
307 563 10
307 570 6
307 575 10
308 309 7
308 371 9
308 384 6
308 393 1
308 426 5
308 454 8
308 459 9
308 497 8
308 507 6
308 513 9
308 547 9
308 551 1
308 570 5
308 585 8
308 596 6
309 406 2
309 431 1
309 494 6
309 497 5
309 514 9
309 525 7
309 540 6
309 544 3
309 561 9
309 565 7
309 571 5
309 579 9
309 580 2
309 597 6
310 314 5
310 344 3
310 363 2
310 387 5
310 410 9
310 428 5
310 440 9
310 458 6
310 498 3
310 547 9
310 592 1
311 312 3
311 327 9
311 340 3
311 394 7
311 484 9
311 491 8
311 530 10
311 547 9
311 560 5
311 561 4
311 575 10
311 586 2
312 317 1
312 385 2
312 404 10
312 405 7
312 424 6
312 471 10
312 476 10
312 495 4
312 525 6
312 534 2
312 563 5
312 582 1
312 588 10
312 590 1
312 594 1
313 335 7
313 347 5
313 402 9
313 405 9
313 408 7
313 410 10
313 414 1
313 486 3
313 489 8
313 533 9
313 578 4
313 581 6
313 591 5
314 332 7
314 356 5
314 370 6
314 379 9
314 382 8
314 387 7
314 412 7
314 414 6
314 417 7
314 435 6
314 457 9
314 492 4
314 522 8
314 528 5
314 574 4
315 324 9
315 353 6
315 383 7
315 384 6
315 388 2
315 421 7
315 440 6
315 464 9
315 490 6
315 493 9
315 513 3
315 530 3
315 565 7
315 569 7
316 395 1
316 444 1
316 476 5
316 492 7
316 510 9
316 511 4
316 541 7
316 557 5
316 566 10
316 575 2
316 577 3
316 595 8
317 339 2
317 355 7
317 367 7
317 386 6
317 397 2
317 420 5
317 486 3
317 498 8
317 503 2
317 533 7
317 554 5
317 587 10
317 589 5
318 356 2
318 388 8
318 403 7
318 428 5
318 432 6
318 453 5
318 472 7
318 509 8
318 533 2
318 538 3
318 540 6
318 556 5
318 569 9
318 584 3
318 589 6
319 335 2
319 362 5
319 379 5
319 393 5
319 402 3
319 435 1
319 482 3
319 490 5
319 515 8
319 516 5
319 553 4
319 559 9
319 583 1
319 586 10
320 386 8
320 403 7
320 427 2
320 442 7
320 468 6
320 486 8
320 488 2
320 554 10
320 576 4
320 585 10
321 329 3
321 366 8
321 378 5
321 384 7
321 394 9
321 415 9
321 451 5
321 536 10
321 556 4
321 581 9
322 355 5
322 409 6
322 434 2
322 442 7
322 452 2
322 453 9
322 461 3
322 474 8
322 478 9
322 500 6
322 509 7
322 510 9
322 517 2
322 528 10
322 537 5
322 554 9
322 598 9
323 330 7
323 347 1
323 403 2
323 476 6
323 496 3
323 523 2
323 527 2
323 551 2
324 342 10
324 355 1
324 400 8
324 445 1
324 450 4
324 469 8
324 484 7
324 485 1
324 510 9
324 559 3
325 343 5
325 344 7
325 350 8
325 364 2
325 414 6
325 448 5
325 457 10
325 466 4
325 512 8
325 514 10
325 542 8
325 575 7
325 577 8
325 592 6
326 332 7
326 333 2
326 336 1
326 338 1
326 368 5
326 401 3
326 415 2
326 424 4
326 439 3
326 471 9
326 473 6
326 498 8
326 513 7
326 563 3
327 361 10
327 376 5
327 381 5
327 396 4
327 409 4
327 417 4
327 433 7
327 438 1
327 442 8
327 494 7
327 499 6
327 513 6
327 520 8
327 549 5
327 556 2
328 353 5
328 361 1
328 380 10
328 391 8
328 418 1
328 481 10
328 490 4
328 503 5
328 528 4
328 586 7
329 376 9
329 402 4
329 433 3
329 452 8
329 462 10
329 471 7
329 473 8
329 474 7
329 475 3
329 493 3
329 504 2
329 511 7
329 531 10
329 535 2
329 576 6
329 580 6
329 583 9
329 585 1
330 339 3
330 359 3
330 367 4
330 370 9
330 379 5
330 390 5
330 393 9
330 401 6
330 405 7
330 460 2
330 475 2
330 483 10
330 546 1
331 347 1
331 353 3
331 364 5
331 396 10
331 401 5
331 405 1
331 408 7
331 411 3
331 424 3
331 437 10
331 438 4
331 446 9
331 457 1
331 483 7
331 507 7
331 508 6
331 516 5
331 577 7
332 350 10
332 379 9
332 410 3
332 438 10
332 464 4
332 478 7
332 508 10
332 530 1
332 562 3
332 568 2
332 597 2
333 339 2
333 346 4
333 391 4
333 460 7
333 479 8
333 491 4
333 549 1
333 566 8
334 355 2
334 368 3
334 376 2
334 377 3
334 382 8
334 391 3
334 392 3
334 407 4
334 428 9
334 441 10
334 494 10
334 497 5
334 516 1
334 517 8
334 536 7
334 545 1
334 567 1
334 582 6
335 340 10
335 349 1
335 367 8
335 375 3
335 378 5
335 441 2
335 459 6
335 463 8
335 465 8
335 514 3
335 526 3
335 536 10
335 573 2
336 346 5
336 382 4
336 390 4
336 410 7
336 421 1
336 433 6
336 436 10
336 442 6
336 457 6
336 487 1
336 496 5
336 506 10
336 510 2
336 518 4
336 542 9
336 549 2
336 551 5
336 558 6
337 344 3
337 345 7
337 373 3
337 401 6
337 405 3
337 407 6
337 445 3
337 450 3
337 451 5
337 454 6
337 482 5
337 492 4
337 499 9
337 531 9
337 546 9
337 551 4
337 561 8
337 582 1
338 340 1
338 360 9
338 366 6
338 375 6
338 466 9
338 478 2
338 489 8
338 510 10
338 544 6
339 357 6
339 371 3
339 387 2
339 398 3
339 427 6
339 429 8
339 435 5
339 436 3
339 440 1
339 445 1
339 453 5
339 459 3
339 498 5
339 506 2
339 511 9
339 527 1
339 534 1
339 575 10
339 587 1
339 592 6
340 348 7
340 350 2
340 367 7
340 375 7
340 443 9
340 445 2
340 452 7
340 464 1
340 494 9
340 500 7
340 502 6
340 508 6
340 537 1
340 556 7
340 559 8
341 354 8
341 393 6
341 402 5
341 422 2
341 439 8
341 449 7
341 467 7
341 490 2
341 538 1
341 565 10
341 568 1
341 577 3
341 578 2
341 582 10
341 583 4
342 364 8
342 373 8
342 408 7
342 415 4
342 417 6
342 441 5
342 443 5
342 473 2
342 496 7
342 521 6
342 565 10
342 568 2
342 582 3
343 344 1
343 379 10
343 394 1
343 402 10
343 433 8
343 465 5
343 474 2
343 475 5
343 481 1
343 516 10
343 526 9
343 548 3
343 549 9
343 557 9
343 577 8
343 580 1
344 372 10
344 396 3
344 424 10
344 429 9
344 454 9
344 467 3
344 488 4
344 508 5
344 517 9
344 556 7
344 585 2
345 349 6
345 386 7
345 389 5
345 394 9
345 407 9
345 431 7
345 461 9
345 484 8
345 495 4
345 524 5
345 530 9
345 565 10
345 578 7
346 356 10
346 363 8
346 370 1
346 409 9
346 426 8
346 439 10
346 451 1
346 461 9
346 473 2
346 516 10
346 520 9
346 525 2
346 539 4
346 551 4
346 554 9
346 595 2
347 363 1
347 386 10
347 404 10
347 430 7
347 441 4
347 466 8
347 470 5
347 473 10
347 483 8
347 531 4
347 533 5
347 544 2
347 558 5
348 360 5
348 370 10
348 373 4
348 384 4
348 391 10
348 400 2
348 428 4
348 433 2
348 442 4
348 448 4
348 461 3
348 511 3
348 529 3
348 540 7
348 595 6
349 372 6
349 388 5
349 424 10
349 437 8
349 473 6
349 474 9
349 506 4
349 515 1
349 556 8
349 558 10
349 570 3
349 576 5
350 378 6
350 381 7
350 423 8
350 445 10
350 477 3
350 495 7
350 522 3
350 590 9
351 402 8
351 411 7
351 420 2
351 421 9
351 446 10
351 470 5
351 478 4
351 487 3
351 504 7
351 552 2
351 559 10
351 567 5
351 573 8
351 575 1
351 576 2
352 365 3
352 409 1
352 417 8
352 470 3
352 503 8
352 559 9
352 567 7
352 572 2
352 585 4
353 355 4
353 391 9
353 403 3
353 410 8
353 439 7
353 489 8
353 499 6
353 502 5
353 520 4
353 559 7
353 567 5
353 586 3
353 588 4
354 387 10
354 389 7
354 396 2
354 398 1
354 420 9
354 426 6
354 498 8
354 515 1
354 549 10
354 553 2
355 359 2
355 361 7
355 391 5
355 446 9
355 461 5
355 471 3
355 494 3
355 502 1
355 514 6
355 517 3
355 521 3
355 559 6
355 560 2
355 570 2
355 586 1
355 592 6
356 382 5
356 387 10
356 405 2
356 460 10
356 471 3
356 504 2
356 512 8
356 521 6
356 524 4
356 531 8
356 539 4
356 589 2
356 593 9
356 596 3
357 363 3
357 373 10
357 390 1
357 396 9
357 414 10
357 516 7
357 558 2
357 564 4
357 572 7
358 431 9
358 480 9
358 483 2
358 500 4
358 502 10
358 504 3
358 510 5
358 521 7
358 531 10
358 546 6
359 432 8
359 470 1
359 528 10
359 537 1
359 548 8
359 550 5
359 564 5
359 581 8
359 587 8
359 591 8
360 363 6
360 416 2
360 418 10
360 423 7
360 449 2
360 546 1
360 550 8
360 579 1
360 585 4
360 593 4
361 371 9
361 396 2
361 419 2
361 432 10
361 437 8
361 449 3
361 456 5
361 560 4
361 595 9
361 596 6
362 371 9
362 372 8
362 373 6
362 401 8
362 434 9
362 435 5
362 468 4
363 368 5
363 398 2
363 414 2
363 429 2
363 432 7
363 439 3
363 449 3
363 513 5
363 517 7
363 540 3
363 544 3
363 556 9
363 567 8
363 576 8
363 598 7
364 416 2
364 418 9
364 456 9
364 480 9
364 487 1
364 532 3
364 548 4
364 554 1
364 590 8
365 376 2
365 445 8
365 447 5
365 459 1
365 469 8
365 479 9
365 485 4
365 492 2
365 496 1
365 497 7
365 502 5
365 517 7
365 522 2
365 554 8
365 557 4
365 571 10
365 582 2
366 383 6
366 400 8
366 441 10
366 442 3
366 443 4
366 445 1
366 499 3
366 505 2
366 551 1
367 407 5
367 415 6
367 419 4
367 466 5
367 485 3
367 486 5
367 487 4
367 490 7
367 491 7
367 500 2
367 538 8
367 590 2
368 411 5
368 430 8
368 489 1
368 552 10
368 564 6
368 597 2
369 393 7
369 417 9
369 419 1
369 427 8
369 436 6
369 443 8
369 471 9
369 509 10
369 524 3
369 539 1
369 577 2
369 584 5
370 386 1
370 408 8
370 434 10
370 458 4
370 462 4
370 465 5
370 496 10
370 525 8
370 535 3
370 538 8
370 563 1
370 588 10
371 393 10
371 478 5
371 482 7
371 495 10
371 547 4
371 551 5
371 552 3
371 553 2
371 559 3
371 595 3
371 597 2
372 382 9
372 389 2
372 393 10
372 421 10
372 435 6
372 448 1
372 477 4
372 510 10
372 511 1
372 518 1
372 523 2
372 560 7
372 573 5
372 584 8
373 397 6
373 433 2
373 438 10
373 456 4
373 490 2
373 493 2
373 525 5
373 545 8
373 561 8
374 392 4
374 419 4
374 439 4
374 529 8
374 555 5
374 563 7
375 446 2
375 467 6
375 474 7
375 520 3
375 584 8
375 598 6
376 379 10
376 380 10
376 389 9
376 396 10
376 423 10
376 462 2
376 471 3
376 481 8
376 488 6
376 515 10
376 551 4
377 379 9
377 440 1
377 442 9
377 447 2
377 451 2
377 487 3
377 557 9
377 572 10
377 583 8
377 586 2
377 597 3
378 394 5
378 412 9
378 417 1
378 467 6
378 509 6
378 510 7
378 541 10
378 549 3
378 550 5
379 398 9
379 406 2
379 409 5
379 424 10
379 454 4
379 476 6
379 486 4
379 516 3
379 517 1
379 530 3
379 564 6
379 590 9
380 399 4
380 408 6
380 425 2
380 445 5
380 456 10
380 502 1
380 506 6
380 515 9
380 539 4
380 565 1
380 595 3
381 397 4
381 407 1
381 438 10
381 439 10
381 467 10
381 470 1
381 487 2
381 491 6
381 494 10
381 502 6
381 505 10
381 558 1
382 390 1
382 408 6
382 434 5
382 439 3
382 467 8
382 468 9
382 532 1
382 561 9
382 568 4
382 570 6
382 572 10
383 386 9
383 411 8
383 460 2
383 470 6
383 477 6
383 486 8
383 495 8
383 520 9
383 542 1
383 545 1
384 386 10
384 411 10
384 413 10
384 419 1
384 423 4
384 446 7
384 449 2
384 463 1
384 583 6
384 584 2
385 412 1
385 416 3
385 429 8
385 489 5
385 498 1
385 508 9
385 523 5
385 562 1
385 576 2
385 594 3
386 389 10
386 398 2
386 460 10
386 483 4
386 499 8
386 504 7
386 540 1
386 543 7
386 550 7
386 557 3
386 560 7
386 565 7
386 576 5
386 583 8
387 402 9
387 431 8
387 460 4
387 479 10
387 487 10
387 493 2
387 500 3
387 510 2
387 587 4
388 389 3
388 430 6
388 431 6
388 473 1
388 495 3
388 518 8
388 520 4
388 530 7
388 555 10
388 559 6
388 562 8
388 563 3
388 564 5
388 568 4
388 570 5
388 593 1
389 398 1
389 426 7
389 429 8
389 449 9
389 458 1
389 462 5
389 491 7
389 529 10
389 541 9
389 552 8
389 559 1
389 566 2
389 575 2
389 596 2
390 409 7
390 509 4
390 527 10
390 529 5
390 558 6
390 592 2
391 394 2
391 435 10
391 444 10
391 448 1
391 460 5
391 467 7
391 482 5
391 485 9
391 495 2
391 528 9
391 546 1
391 557 4
391 577 8
391 580 8
392 403 2
392 428 10
392 430 3
392 466 10
392 470 10
392 488 3
392 527 7
392 544 2
392 546 6
392 553 9
392 556 4
392 565 2
392 566 4
392 572 3
393 413 6
393 435 10
393 451 6
393 453 8
393 497 9
393 502 7
393 539 10
393 559 5
393 575 3
393 589 5
394 403 5
394 453 6
394 463 5
394 464 5
394 471 10
394 478 2
394 513 3
394 519 1
394 564 2
394 589 7
394 597 3
395 417 3
395 433 1
395 450 1
395 519 4
395 532 6
395 549 9
395 576 9
395 577 7
395 584 5
395 589 3
396 398 5
396 400 6
396 403 8
396 409 4
396 418 4
396 421 6
396 476 3
396 480 10
396 518 8
396 532 9
396 565 4
397 409 4
397 413 4
397 438 8
397 456 3
397 478 7
397 484 2
397 536 5
397 542 10
397 561 10
397 583 7
397 596 2
398 411 10
398 416 8
398 417 8
398 424 7
398 434 8
398 468 6
398 559 4
398 564 4
398 584 9
399 410 8
399 421 9
399 427 8
399 433 3
399 435 4
399 442 4
399 458 5
399 467 3
399 478 3
399 516 6
399 518 8
399 524 8
399 527 1
399 548 6
399 563 2
399 592 7
399 597 9
400 456 9
400 466 7
400 493 9
400 502 5
400 508 10
400 534 10
400 557 4
400 578 9
400 589 7
400 593 4
401 402 7
401 409 2
401 419 7
401 423 5
401 437 1
401 485 6
401 491 4
401 494 3
401 500 1
401 510 9
401 535 7
401 537 4
401 561 4
401 581 4
401 586 1
402 427 1
402 473 4
402 474 8
402 478 5
402 492 1
402 494 7
402 526 3
402 538 9
402 573 7
402 577 7
403 413 10
403 432 6
403 449 3
403 453 9
403 462 4
403 469 6
403 481 5
403 489 5
403 519 4
403 552 1
403 568 5
403 580 1
404 482 6
404 486 7
404 508 2
404 514 5
404 565 6
404 596 5
405 427 10
405 431 9
405 435 7
405 444 2
405 487 3
405 490 5
405 515 6
405 566 5
405 574 3
405 591 8
406 423 3
406 449 1
406 485 7
406 529 2
406 551 8
406 570 9
407 437 2
407 449 2
407 509 6
407 529 6
407 533 6
407 556 9
407 591 6
407 595 1
408 410 10
408 457 4
408 490 9
408 494 1
408 528 8
408 538 4
408 570 7
408 586 9
409 428 5
409 429 5
409 462 10
409 467 7
409 469 9
409 492 6
409 527 1
409 539 3
409 548 3
409 560 5
409 578 5
409 591 9
410 418 8
410 419 3
410 428 9
410 430 10
410 434 6
410 464 6
410 473 5
410 524 1
410 574 7
411 415 3
411 424 3
411 452 6
411 484 6
411 485 2
411 492 8
411 533 5
411 537 7
411 541 6
411 555 3
411 599 1
412 437 10
412 504 2
412 544 9
412 563 1
412 565 7
412 571 9
412 599 5
413 425 2
413 457 5
413 465 10
413 488 2
413 509 3
413 516 4
413 522 3
413 558 2
413 566 9
413 582 8
413 594 6
414 420 1
414 460 4
414 461 10
414 478 4
414 493 1
414 552 5
414 558 7
414 562 10
414 567 9
415 420 5
415 462 5
415 470 3
415 476 6
415 499 7
415 509 5
415 530 4
415 567 7
415 571 3
415 587 5
415 592 3
416 458 4
416 459 9
416 463 4
416 467 6
416 470 3
416 492 7
416 501 10
416 503 4
416 512 7
416 513 7
416 524 2
416 528 8
416 535 3
416 546 1
416 581 3
417 439 5
417 525 8
417 528 1
417 540 5
417 541 8
418 420 5
418 457 1
418 465 1
418 474 2
418 476 9
418 482 5
418 506 6
418 510 5
418 516 7
418 521 2
418 530 10
418 558 3
418 582 2
419 424 3
419 428 10
419 429 5
419 435 10
419 436 9
419 451 10
419 458 8
419 493 7
419 509 1
419 519 5
419 533 9
419 537 4
419 553 9
419 556 4
420 435 1
420 438 9
420 440 10
420 454 8
420 468 6
420 474 10
420 479 8
420 518 7
420 522 9
420 540 4
420 556 2
420 589 5
421 439 3
421 510 5
421 533 4
421 572 5
421 583 7
422 425 9
422 439 6
422 459 3
422 479 10
422 489 4
422 501 2
422 511 7
422 516 2
422 521 5
422 570 4
422 580 1
422 585 8
423 461 2
423 476 6
423 479 10
423 483 3
423 500 5
423 501 9
423 513 8
423 564 6
423 568 9
424 427 4
424 433 4
424 444 4
424 459 8
424 494 1
424 511 6
424 522 2
424 529 6
424 553 2
424 568 10
424 578 4
424 585 7
425 428 2
425 435 3
425 467 2
425 489 6
425 490 2
425 516 4
425 517 10
425 533 5
425 542 6
425 544 9
425 559 8
425 586 1
426 439 10
426 514 10
426 530 7
426 565 8
427 448 7
427 461 2
427 474 8
427 515 1
427 516 8
427 529 2
427 535 10
427 572 10
428 452 9
428 476 1
428 575 5
428 594 1
428 597 3
429 430 1
429 450 9
429 471 4
429 516 5
429 552 1
429 572 1
429 589 6
430 451 6
430 459 10
430 463 2
430 478 1
430 489 10
430 500 10
430 502 1
430 508 9
430 515 9
431 443 9
431 448 9
431 465 6
431 477 10
431 478 6
431 480 8
431 505 7
431 524 9
431 531 7
431 598 6
432 445 8
432 472 9
432 474 3
432 488 8
432 489 1
432 509 3
432 519 6
432 539 7
432 554 9
433 442 8
433 467 7
433 470 7
433 475 3
433 544 9
433 551 8
433 553 3
433 559 8
433 574 7
433 579 5
433 590 7
434 457 8
434 482 3
434 531 5
434 562 3
434 574 5
434 577 2
434 586 2
434 599 3
435 453 1
435 455 10
435 460 1
435 472 8
435 495 8
435 496 3
435 506 5
435 518 9
435 524 7
435 541 2
435 543 7
435 565 7
435 579 2
435 594 3
435 595 3
436 465 4
436 469 1
436 475 1
436 485 9
436 519 9
436 533 9
436 537 5
436 543 7
436 567 6
437 475 10
437 521 3
437 527 10
437 537 4
437 578 4
438 452 1
438 459 6
438 487 4
438 496 2
438 520 6
438 533 1
438 544 10
438 560 10
438 567 7
438 581 10
438 590 8
439 495 1
439 547 6
439 565 5
439 587 2
440 453 10
440 456 7
440 457 5
440 473 3
440 513 7
440 572 5
440 591 3
441 471 8
441 496 10
441 541 9
441 546 3
441 582 9
442 467 1
442 542 3
442 565 4
442 595 6
443 445 5
443 472 1
443 498 10
443 503 7
443 517 7
443 519 2
443 529 8
443 546 8
443 547 1
443 559 7
444 454 6
444 459 1
444 469 4
444 501 10
444 515 4
444 548 5
444 590 8
444 592 10
445 446 7
445 478 7
445 488 5
445 533 9
445 577 4
445 592 6
446 495 9
446 498 6
446 508 6
446 513 9
446 541 10
446 545 9
446 563 7
446 569 7
446 577 9
446 591 8
446 593 5
447 466 7
447 470 9
447 504 2
447 547 5
447 576 1
448 452 10
448 470 2
448 500 3
448 503 5
448 506 3
448 515 6
448 522 9
448 593 2
449 455 6
449 479 6
449 537 8
449 547 2
450 453 6
450 484 1
450 492 7
450 527 5
450 528 9
450 540 4
450 557 5
450 563 10
450 574 2
450 578 1
451 464 8
451 485 2
451 491 8
451 498 2
451 535 9
451 543 9
451 550 5
452 463 5
452 465 9
452 498 4
452 516 8
452 517 2
452 549 8
452 557 10
452 564 9
452 589 9
453 464 3
453 471 4
453 497 4
453 520 1
453 550 7
453 557 9
453 558 3
453 587 5
454 455 5
454 459 3
454 460 8
454 468 10
454 469 3
454 475 1
454 523 2
454 534 10
454 548 3
454 561 10
454 564 4
454 565 3
454 592 8
454 594 8
454 598 9
455 462 8
455 463 2
455 470 6
455 477 9
455 559 1
455 583 7
455 593 8
456 487 9
456 528 9
456 537 3
456 576 4
456 579 9
456 580 2
457 482 5
457 486 4
457 505 6
457 509 9
457 523 6
457 542 4
457 545 10
457 559 8
457 583 6
458 462 2
458 504 10
458 513 8
458 528 1
458 533 3
458 535 2
458 539 10
458 563 10
458 578 10
458 592 9
459 534 3
459 563 5
459 595 10
460 474 6
460 475 3
460 486 7
460 504 6
460 510 2
460 539 1
460 591 10
461 469 2
461 567 2
461 569 6
462 475 7
462 477 10
462 478 6
462 510 3
462 543 3
462 546 6
462 565 10
462 577 10
462 580 9
463 478 1
463 481 8
463 504 1
463 557 3
463 574 1
463 578 10
463 583 5
463 597 1
464 466 10
464 471 9
464 499 7
464 517 9
464 542 4
464 548 2
465 477 7
465 491 10
465 512 5
465 516 8
465 570 1
465 571 6
465 583 1
465 587 6
466 481 3
466 507 10
466 515 3
466 524 7
467 474 4
467 500 8
467 503 8
467 525 4
467 564 6
467 565 9
467 566 3
467 577 8
467 593 3
468 499 3
468 529 7
468 543 9
468 547 5
468 551 7
468 565 8
469 483 4
469 496 7
469 502 3
469 504 5
469 548 4
469 566 2
469 575 9
469 584 1
470 474 4
470 475 6
470 481 3
470 484 1
470 485 10
470 490 3
470 504 4
470 511 6
470 514 8
470 560 3
470 569 4
470 571 3
470 584 1
470 594 4
471 489 5
471 504 8
471 508 6
471 511 10
471 538 7
471 557 5
471 564 6
471 577 5
471 579 4
471 586 9
471 587 1
471 592 6
471 595 5
472 478 4
472 499 10
472 523 3
472 579 4
472 580 5
472 590 1
472 591 9
472 592 6
473 507 10
473 534 1
473 555 9
473 559 8
474 488 10
474 517 1
474 551 1
475 496 3
475 530 1
475 542 4
475 562 9
475 569 9
476 478 1
476 567 10
476 594 5
476 598 7
477 535 6
477 552 9
477 566 10
477 590 6
478 479 9
478 483 8
478 497 1
478 502 3
478 536 7
478 571 5
479 482 8
479 490 1
479 501 5
479 510 6
479 524 6
479 537 7
479 543 8
480 519 6
480 556 4
480 567 10
480 575 9
480 580 4
480 582 2
480 588 9
481 488 9
481 491 10
481 536 9
481 537 9
481 544 2
481 586 5
482 486 6
482 490 9
482 516 5
482 532 7
482 557 4
482 572 4
482 590 4
483 519 6
483 531 8
483 551 2
483 555 3
483 566 7
483 571 3
484 487 9
484 514 5
484 520 10
484 592 5
486 490 4
487 493 8
487 552 8
487 566 3
488 561 6
488 567 3
488 574 4
488 575 6
489 505 1
489 545 6
489 553 7
489 556 2
490 499 7
490 526 1
490 534 9
490 548 5
490 556 6
490 590 5
491 511 10
491 517 1
491 538 1
491 553 8
491 560 10
492 503 2
492 514 10
492 516 6
492 530 6
492 540 8
492 583 2
492 599 8
493 529 3
493 556 6
493 590 5
493 595 2
494 501 8
494 506 2
494 550 5
494 552 4
494 567 7
494 597 7
495 502 9
495 511 3
495 513 10
495 523 7
495 531 6
495 550 8
495 556 1
495 567 3
496 499 5
496 511 2
496 516 3
496 533 7
497 512 9
497 517 4
497 557 8
497 567 10
497 570 1
497 575 4
497 587 8
498 505 3
498 531 1
498 548 2
498 557 8
498 558 7
498 567 5
498 568 7
498 578 8
498 589 1
498 591 10
499 519 4
499 536 8
499 551 8
499 577 9
499 598 9
500 540 6
500 554 4
500 560 7
501 502 8
501 510 6
501 537 3
501 542 10
501 553 10
501 577 9
501 594 10
502 528 3
502 546 8
502 559 10
502 561 3
502 568 3
503 512 9
503 542 5
503 555 5
503 561 2
504 511 4
504 516 1
504 520 6
504 536 1
504 540 8
504 560 7
504 561 2
504 568 4
504 593 6
505 536 2
505 547 2
505 570 4
506 512 7
506 530 7
506 534 2
506 575 5
506 590 4
506 598 6
507 526 6
507 577 5
507 592 6
508 559 5
508 574 7
509 514 4
509 523 6
509 545 1
509 553 6
509 581 4
510 525 8
510 526 3
510 563 5
510 575 1
510 598 3
511 529 3
511 539 3
511 583 3
512 514 9
512 515 7
512 540 6
512 546 6
512 551 8
512 566 9
512 572 9
512 578 4
512 579 7
512 592 1
513 517 10
513 570 2
513 591 8
514 537 5
515 527 6
515 534 4
515 552 2
515 564 2
515 579 7
515 582 7
516 566 2
516 578 4
516 587 3
516 591 9
517 532 8
517 537 7
517 574 2
517 595 1
517 596 9
518 535 6
518 548 5
518 583 9
519 528 2
519 530 10
519 563 6
519 595 1
520 523 10
520 555 5
520 557 5
520 592 6
521 539 7
521 542 6
521 557 7
521 562 4
521 582 3
521 583 2
522 535 9
522 558 4
522 568 5
523 557 7
523 589 2
524 531 8
524 536 3
524 544 4
524 545 7
524 564 10
524 583 3
525 536 10
525 556 2
525 576 3
525 579 5
525 587 6
526 543 4
526 549 9
527 561 5
529 548 9
529 557 9
529 580 6
529 586 3
530 536 5
531 557 3
531 578 1
532 546 3
532 554 1
532 596 7
533 544 5
533 551 4
533 574 5
533 592 10
534 594 8
535 588 2
536 560 3
537 541 6
537 549 4
537 550 7
537 552 4
538 595 5
539 552 1
539 594 5
540 583 7
541 542 3
541 553 1
541 562 2
541 570 6
541 588 9
541 589 9
542 560 7
542 565 10
542 592 4
543 558 1
543 565 4
544 570 7
544 577 2
545 551 6
545 561 9
545 580 10
546 578 2
546 589 3
547 553 4
547 563 1
547 567 2
548 565 7
548 571 6
550 577 7
550 599 2
552 562 2
552 567 2
552 568 7
552 569 4
553 589 8
553 595 3
553 597 6
554 557 9
554 570 6
554 590 4
554 599 9
555 599 4
556 559 2
556 578 8
557 563 10
557 576 2
557 577 4
557 582 8
558 572 5
558 587 9
558 588 6
559 568 4
560 565 3
560 579 8
560 584 10
560 587 5
561 595 10
562 599 8
563 564 10
565 583 8
565 587 10
566 586 3
567 572 2
567 575 8
568 571 6
570 597 9
572 573 2
573 579 4
573 588 7
573 597 7
574 587 7
577 590 6
578 580 3
579 582 8
579 584 5
583 586 2
585 595 1
585 596 8
587 599 9
588 591 6
594 596 7
600 299 3
601 599 6
600 601 19
602 695 1
602 718 10
602 754 9
602 755 8
602 773 4
602 791 10
602 799 9
602 874 10
602 875 2
602 896 7
603 606 9
603 628 6
603 650 10
603 651 6
603 675 2
603 704 6
603 716 5
603 749 3
603 750 5
603 795 1
603 802 2
603 822 6
603 826 8
603 831 2
603 855 6
603 885 1
604 627 4
604 651 4
604 655 6
604 683 9
604 696 9
604 708 8
604 714 10
604 732 9
604 735 5
604 746 3
604 750 9
604 773 3
604 787 4
604 792 10
604 849 2
604 864 2
604 880 7
604 892 1
605 607 9
605 640 8
605 665 6
605 696 6
605 707 10
605 708 2
605 722 6
605 735 3
605 753 7
605 756 5
605 777 6
605 779 5
605 805 7
605 817 1
605 835 8
605 844 4
605 894 9
605 897 6
606 618 1
606 620 10
606 701 7
606 710 7
606 722 3
606 734 5
606 758 1
606 767 8
606 782 6
606 784 2
606 825 2
606 840 3
606 844 4
606 846 10
606 851 2
606 854 1
606 860 7
606 884 4
606 896 2
607 699 4
607 718 8
607 729 9
607 749 10
607 810 4
607 826 5
607 854 6
608 623 4
608 640 2
608 665 9
608 667 3
608 672 10
608 673 1
608 685 4
608 687 6
608 716 7
608 725 8
608 726 2
608 756 8
608 775 6
608 832 7
608 881 1
609 655 7
609 676 1
609 680 5
609 684 8
609 708 3
609 717 5
609 728 5
609 729 8
609 731 7
609 763 8
609 772 5
609 774 7
609 790 10
609 817 8
609 834 1
609 846 5
609 856 2
609 870 4
609 881 6
609 887 6
609 889 5
609 895 6
609 896 9
609 899 10
609 900 5
610 619 7
610 623 3
610 631 4
610 716 4
610 730 2
610 753 4
610 812 10
610 813 2
610 816 8
610 828 7
610 860 6
610 895 5
610 899 3
611 617 3
611 631 3
611 636 3
611 642 10
611 651 9
611 653 2
611 680 7
611 686 1
611 714 6
611 719 10
611 720 6
611 726 3
611 755 7
611 786 1
611 792 9
611 795 6
611 805 10
611 809 3
611 825 4
611 855 5
611 858 6
611 871 9
611 878 6
612 636 1
612 638 8
612 645 9
612 648 1
612 658 6
612 660 7
612 661 5
612 689 1
612 705 1
612 707 7
612 708 3
612 724 10
612 733 7
612 744 6
612 771 9
612 778 7
612 787 3
612 795 8
612 798 4
612 858 6
612 859 5
613 617 4
613 619 4
613 632 2
613 647 6
613 690 8
613 714 7
613 736 10
613 747 5
613 748 5
613 754 7
613 761 7
613 783 4
613 811 7
613 822 7
613 844 1
613 845 3
613 850 1
613 851 1
613 869 4
614 615 7
614 643 5
614 653 5
614 688 5
614 689 10
614 753 3
614 755 3
614 775 3
614 796 1
614 838 7
614 841 10
614 865 7
614 885 10
614 901 5
615 639 10
615 651 5
615 667 2
615 683 6
615 734 6
615 773 8
615 807 2
615 851 2
615 860 4
615 885 5
615 889 9
615 898 1
616 620 5
616 643 1
616 644 3
616 667 8
616 698 6
616 773 10
616 814 2
616 830 1
616 838 6
616 886 4
617 660 3
617 735 9
617 750 8
617 757 5
617 758 5
617 786 7
617 796 1
617 803 6
617 810 1
617 811 10
617 818 1
617 845 4
617 849 7
617 874 6
617 879 1
617 894 8
618 620 10
618 624 6
618 688 4
618 702 8
618 723 6
618 742 9
618 743 10
618 797 9
618 812 8
618 822 6
618 853 10
618 893 9
619 638 8
619 643 7
619 648 4
619 652 10
619 676 5
619 711 1
619 746 7
619 759 1
619 760 7
619 766 9
619 780 7
619 791 7
619 793 9
619 807 7
619 855 10
619 862 7
619 866 4
619 870 2
620 645 5
620 654 3
620 657 8
620 730 8
620 743 2
620 771 5
620 779 8
620 800 2
620 811 5
620 840 5
620 888 9
620 890 6
621 642 6
621 648 8
621 682 3
621 707 1
621 728 9
621 729 9
621 768 2
621 777 5
621 813 10
621 826 8
621 839 4
621 852 6
621 875 7
622 624 4
622 629 4
622 642 8
622 648 10
622 658 9
622 713 10
622 721 4
622 746 4
622 751 9
622 803 4
622 808 5
622 814 5
622 861 3
622 870 8
622 885 10
622 888 10
622 899 8
623 661 7
623 678 5
623 704 5
623 706 9
623 744 7
623 754 4
623 761 8
623 791 8
623 794 8
623 798 9
623 810 8
623 854 3
623 862 6
623 866 4
623 879 6
624 628 1
624 630 3
624 655 6
624 672 9
624 705 2
624 720 1
624 724 2
624 738 2
624 743 4
624 759 9
624 761 7
624 878 9
625 687 6
625 691 8
625 697 8
625 740 4
625 752 4
625 770 4
625 772 10
625 784 5
625 858 10
625 868 3
625 870 2
625 886 8
625 893 3
625 894 2
625 900 5
626 630 5
626 651 7
626 690 10
626 704 3
626 722 7
626 735 2
626 762 8
626 823 5
626 846 6
626 850 10
627 653 9
627 658 9
627 673 6
627 748 7
627 807 7
627 813 4
627 824 4
627 826 4
627 829 1
627 853 9
628 667 8
628 701 4
628 721 9
628 741 2
628 753 3
628 780 3
628 782 5
628 790 2
628 823 5
628 852 6
628 887 8
628 895 2
629 643 4
629 649 9
629 659 4
629 669 10
629 679 3
629 702 3
629 706 6
629 711 10
629 726 2
629 764 4
629 773 8
629 783 7
629 790 2
629 799 5
629 801 2
629 816 8
629 821 8
629 835 2
629 836 6
629 854 7
629 874 7
629 877 6
629 888 10
629 896 2
630 642 9
630 669 6
630 670 3
630 671 5
630 698 3
630 709 3
630 710 6
630 803 6
630 818 1
630 850 9
630 866 5
630 874 3
630 885 3
631 647 1
631 656 2
631 691 5
631 692 6
631 700 10
631 702 3
631 718 8
631 807 6
631 817 5
631 830 5
631 841 5
631 878 8
631 890 2
632 659 2
632 686 7
632 690 8
632 700 3
632 750 8
632 771 6
632 780 9
632 802 10
632 804 10
632 826 1
632 832 4
632 846 8
632 862 9
632 885 5
633 653 6
633 750 3
633 798 7
633 832 9
633 837 3
633 848 1
633 856 5
633 885 9
634 636 2
634 642 9
634 650 8
634 655 7
634 676 5
634 681 4
634 683 1
634 692 5
634 763 5
634 790 4
634 804 1
634 816 2
634 823 9
634 830 8
634 862 9
634 888 9
634 891 9
634 894 1
635 665 1
635 686 3
635 688 8
635 718 9
635 786 7
635 827 3
635 840 2
635 851 5
635 862 3
635 879 6
635 883 5
636 650 9
636 686 6
636 687 8
636 693 8
636 732 3
636 751 4
636 754 2
636 777 6
636 785 7
636 798 6
636 819 1
636 873 2
636 886 8
636 890 4
636 901 10
637 662 5
637 675 3
637 713 8
637 725 4
637 737 3
637 753 9
637 766 6
637 776 10
637 787 7
637 798 4
637 851 4
637 861 10
637 866 10
638 653 9
638 711 6
638 747 5
638 761 9
638 768 3
638 789 2
638 796 6
638 846 6
638 847 8
638 861 10
638 880 3
638 883 6
639 649 7
639 653 5
639 661 7
639 665 5
639 667 1
639 672 9
639 674 1
639 718 3
639 730 6
639 741 4
639 743 7
639 749 6
639 751 1
639 759 8
639 794 5
639 809 6
639 819 3
639 845 4
639 848 6
639 883 3
639 894 1
640 641 2
640 661 2
640 670 4
640 693 5
640 715 9
640 732 1
640 753 2
640 774 8
640 784 5
640 823 7
640 831 7
640 863 2
640 870 6
640 873 3
640 883 2
641 685 4
641 714 3
641 740 6
641 757 1
641 789 9
641 802 2
641 826 7
641 827 9
641 870 1
641 872 3
641 895 7
642 653 5
642 657 8
642 706 2
642 735 8
642 790 1
642 840 5
642 873 9
642 897 6
642 899 9
643 675 7
643 688 6
643 717 3
643 744 7
643 747 2
643 752 1
643 775 5
643 790 3
643 795 6
643 805 7
643 808 4
643 868 9
643 900 9
644 710 9
644 747 10
644 752 7
644 758 2
644 759 8
644 761 8
644 816 4
644 822 2
644 836 6
644 858 9
644 867 9
644 868 7
644 885 6
644 886 9
644 895 3
645 672 6
645 683 6
645 714 1
645 762 2
645 766 3
645 769 3
645 795 10
645 842 5
645 869 4
646 649 4
646 678 9
646 704 1
646 706 10
646 729 5
646 737 10
646 747 1
646 750 3
646 755 1
646 765 7
646 791 7
646 797 10
646 863 6
647 654 10
647 694 3
647 704 1
647 718 8
647 729 1
647 754 9
647 778 5
647 803 2
647 807 1
647 809 10
647 850 7
647 856 4
647 857 4
647 881 2
647 891 8
647 896 3
648 681 6
648 692 1
648 719 9
648 758 4
648 766 4
648 777 10
648 804 8
648 816 3
648 826 10
648 845 3
648 897 5
649 651 9
649 681 1
649 698 6
649 750 6
649 773 2
649 786 8
649 802 7
649 806 10
649 839 10
649 852 7
649 879 4
649 900 3
650 660 8
650 691 6
650 709 2
650 760 3
650 783 9
650 792 3
650 821 10
650 823 3
650 838 8
650 844 3
650 857 1
650 863 3
650 868 6
650 879 3
650 893 3
651 652 10
651 676 2
651 697 7
651 701 4
651 706 2
651 746 9
651 766 1
651 767 8
651 795 10
651 811 8
651 812 4
651 826 9
651 828 9
651 838 10
651 871 5
651 886 2
652 676 9
652 708 2
652 709 3
652 717 1
652 728 10
652 750 5
652 762 3
652 771 4
652 775 4
652 796 5
652 876 7
653 663 8
653 665 10
653 697 9
653 742 2
653 763 9
653 779 10
653 810 8
653 820 4
653 868 2
653 877 8
653 888 6
653 899 9
654 655 8
654 669 5
654 676 4
654 683 8
654 686 3
654 705 5
654 706 2
654 712 4
654 732 4
654 769 5
654 779 6
654 803 6
654 823 6
654 826 2
654 860 8
654 866 10
654 885 5
655 703 4
655 732 6
655 742 5
655 746 5
655 754 4
655 761 6
655 765 3
655 779 5
655 816 6
655 828 8
655 845 8
655 846 3
655 850 3
655 860 6
655 880 10
655 887 7
655 900 1
656 664 8
656 688 2
656 697 6
656 698 1
656 726 5
656 743 1
656 744 8
656 789 3
656 790 8
656 792 3
656 811 6
656 823 8
656 839 2
656 868 1
656 888 1
657 658 7
657 682 7
657 699 6
657 720 2
657 759 2
657 810 10
657 824 7
657 836 9
657 860 10
657 874 4
657 878 2
657 881 4
657 887 2
658 662 3
658 674 3
658 678 2
658 709 2
658 737 4
658 744 9
658 764 5
658 801 8
658 814 9
658 850 2
658 880 2
658 881 7
659 664 4
659 672 8
659 695 4
659 735 8
659 746 10
659 776 6
659 783 6
659 795 6
659 824 1
659 841 8
659 842 9
659 843 3
659 868 6
659 874 8
659 879 2
659 893 1
660 670 1
660 676 5
660 698 2
660 699 5
660 731 7
660 769 6
660 786 9
660 823 10
660 835 4
660 860 3
660 871 10
660 888 5
660 898 6
661 688 3
661 695 1
661 708 9
661 741 2
661 748 6
661 768 8
661 770 1
661 805 1
661 821 4
661 823 8
661 833 4
661 849 1
661 858 9
661 866 6
661 876 6
661 882 6
662 667 9
662 688 6
662 699 8
662 765 3
662 804 10
662 808 2
662 834 2
662 860 5
662 877 2
662 892 3
662 893 10
662 899 4
663 684 4
663 690 4
663 706 9
663 717 9
663 749 6
663 752 10
663 787 10
663 791 1
663 792 7
663 804 3
663 833 4
663 842 10
663 857 10
664 736 9
664 737 2
664 740 8
664 756 6
664 805 9
664 806 5
664 826 4
664 828 7
664 868 4
664 870 8
664 880 8
664 882 8
664 890 1
665 667 2
665 681 9
665 695 4
665 713 3
665 731 3
665 785 9
665 790 7
665 794 3
665 804 7
665 806 4
665 858 4
665 865 9
665 868 5
665 876 1
666 686 1
666 708 10
666 716 2
666 718 10
666 778 8
666 791 6
666 811 10
666 832 5
666 835 4
666 892 4
666 898 8
667 693 2
667 695 10
667 710 7
667 715 9
667 729 7
667 758 8
667 759 2
667 770 5
667 776 3
667 790 5
667 797 9
667 800 1
667 827 3
667 865 2
667 881 10
668 686 6
668 702 5
668 741 8
668 747 2
668 785 7
668 806 8
668 842 3
668 869 1
669 674 7
669 676 2
669 709 6
669 713 8
669 742 6
669 743 1
669 761 4
669 803 5
669 851 5
669 890 3
670 675 2
670 690 3
670 702 9
670 705 9
670 708 7
670 725 3
670 755 1
670 770 3
670 771 4
671 685 1
671 716 7
671 727 5
671 745 10
671 754 2
671 768 1
671 780 9
671 802 6
671 813 10
671 832 6
671 837 10
671 895 10
672 686 5
672 719 2
672 737 7
672 766 2
672 786 9
672 792 9
672 829 5
672 881 4
673 688 3
673 696 7
673 759 5
673 772 8
673 777 7
673 781 3
673 799 4
673 827 2
673 831 5
673 834 8
673 846 5
673 878 7
673 894 4
674 708 9
674 727 9
674 772 5
674 810 1
674 835 7
674 870 2
674 879 10
674 890 3
675 689 4
675 710 1
675 714 7
675 724 5
675 728 7
675 745 8
675 748 5
675 788 6
675 789 5
675 791 8
675 800 10
675 801 3
675 810 2
675 821 7
675 824 10
675 880 6
675 896 2
675 897 1
676 684 2
676 715 9
676 734 5
676 757 9
676 805 2
676 816 5
676 827 7
676 858 9
676 874 7
676 875 3
677 694 10
677 702 7
677 741 5
677 786 3
677 859 7
678 689 3
678 730 9
678 759 6
678 793 3
678 836 4
678 881 1
679 685 7
679 699 3
679 708 2
679 713 9
679 725 7
679 741 9
679 754 10
679 828 2
679 835 10
679 838 10
679 894 6
679 897 1
679 900 6
680 688 4
680 723 2
680 760 2
680 792 10
680 802 10
680 805 1
680 828 4
680 843 2
680 860 7
680 868 9
680 880 6
680 892 5
681 685 3
681 727 7
681 737 2
681 740 5
681 756 2
681 763 4
681 776 1
681 796 4
681 811 6
681 817 2
681 878 10
682 707 4
682 709 1
682 712 4
682 715 5
682 718 3
682 726 9
682 731 5
682 776 10
682 794 2
682 848 9
682 872 4
682 876 3
682 884 8
682 893 4
683 700 6
683 706 1
683 710 2
683 720 6
683 739 7
683 776 8
683 788 9
683 826 5
683 851 10
684 685 3
684 733 6
684 765 3
684 772 6
684 790 9
684 802 10
684 814 9
684 816 9
684 822 5
684 894 1
685 735 4
685 784 10
685 785 3
685 849 2
685 854 6
685 857 5
685 858 5
685 891 4
686 703 10
686 710 7
686 716 4
686 724 3
686 742 2
686 749 4
686 761 4
686 810 10
686 817 2
686 825 3
686 848 8
686 865 6
687 691 4
687 695 2
687 709 1
687 762 9
687 763 9
687 790 2
687 848 8
687 850 7
687 853 2
687 891 3
687 896 8
688 694 5
688 703 4
688 705 2
688 716 8
688 727 9
688 763 6
688 833 2
688 847 5
688 870 5
688 874 8
688 896 8
689 717 9
689 761 1
689 785 3
689 811 4
689 815 10
689 886 5
690 691 7
690 696 9
690 699 10
690 700 10
690 713 1
690 729 3
690 740 8
690 838 9
690 852 6
690 857 8
691 737 8
691 756 7
691 778 2
691 792 5
691 794 1
691 830 5
691 852 6
691 885 10
692 694 5
692 705 4
692 714 1
692 731 9
692 737 10
692 738 10
692 744 8
692 777 1
692 798 10
692 833 1
692 897 4
693 719 2
693 753 5
693 851 2
693 857 2
694 704 6
694 731 4
694 796 2
694 799 10
694 834 3
694 841 3
694 845 5
694 862 10
694 881 2
694 887 3
695 716 1
695 726 6
695 734 5
695 743 7
695 758 3
695 760 4
695 770 2
695 803 8
695 888 4
695 889 2
696 757 10
696 780 3
696 782 10
696 894 10
697 713 5
697 732 2
697 768 5
697 787 6
697 815 6
697 817 7
697 880 7
697 890 3
698 717 10
698 719 1
698 734 3
698 740 2
698 751 5
698 783 9
698 814 4
698 822 6
698 829 2
698 834 6
698 858 3
698 862 6
698 883 3
698 890 7
698 896 10
699 705 4
699 787 5
699 791 5
699 793 5
699 803 6
699 825 8
699 873 6
700 709 5
700 736 2
700 751 7
700 753 9
700 770 9
700 797 4
700 808 7
700 815 7
700 854 9
700 874 6
700 880 9
700 882 1
700 886 10
700 890 3
700 893 1
700 894 5
701 741 10
701 754 2
701 774 10
701 782 4
701 786 10
701 797 2
701 826 1
701 859 1
701 869 7
701 878 7
701 894 5
701 895 4
702 704 2
702 706 2
702 708 9
702 783 8
702 794 5
702 842 8
702 843 6
702 868 3
702 869 3
702 874 5
702 892 10
702 898 1
703 708 10
703 721 8
703 724 1
703 726 1
703 810 3
703 844 4
703 867 7
704 748 4
704 755 7
704 781 7
704 822 8
704 858 6
704 873 10
704 880 10
705 723 8
705 744 7
705 769 6
705 772 3
705 773 10
705 775 9
705 777 6
705 781 10
705 784 6
705 842 1
705 844 9
705 885 3
705 886 5
705 892 2
706 714 7
706 715 6
706 718 2
706 754 9
706 803 6
706 854 5
706 858 9
706 864 8
706 878 8
707 736 8
707 743 3
707 748 6
707 754 4
707 768 10
707 778 4
707 801 5
707 845 9
707 861 1
707 866 1
707 898 6
708 716 3
708 717 2
708 740 4
708 750 9
708 767 4
708 806 9
708 819 9
708 831 2
708 856 2
709 735 3
709 744 5
709 756 8
709 761 1
709 788 7
709 796 6
709 798 6
709 857 1
709 864 7
709 865 3
709 872 10
710 839 4
710 856 7
710 877 5
710 883 9
710 896 7
710 898 8
711 716 3
711 764 7
711 785 9
711 812 6
711 818 3
711 832 3
711 860 9
711 876 6
711 896 1
711 900 4
712 724 7
712 757 1
712 798 6
712 832 8
712 872 6
713 723 10
713 747 7
713 768 6
713 803 8
713 813 5
713 821 1
713 828 10
713 831 3
713 844 5
713 847 9
713 855 8
713 859 1
713 867 6
713 892 6
714 722 9
714 743 3
714 779 10
714 800 8
714 833 3
714 851 7
714 884 10
714 899 6
715 719 6
715 724 7
715 772 8
715 799 9
715 816 3
715 849 1
715 868 6
715 872 2
715 879 6
716 719 8
716 738 1
716 798 3
716 847 5
716 850 5
716 866 5
717 718 7
717 720 7
717 726 9
717 727 5
717 735 4
717 760 1
717 765 10
717 826 1
718 734 2
718 761 5
718 780 10
718 787 9
718 802 9
718 850 9
718 875 8
718 877 6
718 897 6
719 767 6
719 768 4
719 786 4
719 787 1
719 801 4
719 805 2
719 820 2
719 823 1
719 849 1
719 851 2
719 896 3
720 725 7
720 743 8
720 762 7
720 766 3
720 784 4
720 849 7
720 887 8
720 889 9
721 742 9
721 778 9
721 780 9
721 781 10
721 783 5
721 787 1
721 794 8
721 851 4
721 892 9
722 727 7
722 805 9
722 854 4
722 895 5
722 901 4
723 743 9
723 748 5
723 758 9
723 762 10
723 768 8
723 775 1
723 819 10
723 850 2
723 853 5
723 860 7
723 866 9
724 730 3
724 748 9
724 775 3
724 781 9
724 857 8
724 881 3
724 895 10
725 752 9
725 767 2
725 831 9
725 833 3
726 731 2
726 738 9
726 772 8
726 853 10
726 857 7
726 858 9
726 865 3
726 866 1
726 879 2
726 895 3
727 744 5
727 822 3
727 828 3
727 885 3
728 736 3
728 742 4
728 749 6
728 779 8
728 802 2
728 811 4
728 820 10
728 839 3
728 843 8
728 892 1
729 733 2
729 749 1
729 753 10
729 804 10
729 812 2
729 825 10
729 831 5
729 850 5
729 859 10
729 888 2
730 767 4
730 794 7
730 806 10
730 840 8
730 882 7
731 732 4
731 734 2
731 744 4
731 746 6
731 754 4
731 774 8
731 782 10
731 808 10
731 901 3
732 756 9
732 798 3
732 808 8
732 821 1
732 871 5
732 876 6
732 892 3
733 747 9
733 755 8
733 780 4
733 786 8
733 807 9
733 809 3
733 820 2
733 834 5
733 838 3
733 887 6
734 745 8
734 751 1
734 871 5
734 894 7
734 896 9
734 899 8
735 768 8
735 803 2
735 806 3
735 808 4
735 810 1
735 816 5
735 827 5
735 849 3
736 759 3
736 779 7
736 781 1
736 789 3
736 843 4
736 864 8
736 883 7
736 898 2
737 747 5
737 778 10
737 787 1
737 793 5
737 796 3
737 811 5
737 817 9
737 826 7
737 844 10
737 862 8
737 880 7
738 742 4
738 788 4
738 811 5
738 829 4
738 848 3
738 891 9
739 742 6
739 750 8
739 798 9
739 811 2
739 850 2
739 852 4
739 857 5
739 868 1
739 876 4
739 883 9
740 810 6
740 825 3
740 847 6
740 884 7
741 754 7
741 769 5
741 773 9
741 799 1
741 803 9
741 824 5
741 849 9
741 873 7
742 847 4
742 848 6
742 868 3
743 819 10
743 823 1
743 865 10
743 889 3
744 750 5
744 801 8
744 830 10
744 839 3
744 864 8
744 877 2
744 881 6
744 899 1
745 771 8
745 786 6
745 817 6
745 832 8
745 850 1
745 851 8
745 854 5
746 751 9
746 752 4
746 757 2
746 820 10
747 760 6
747 767 10
747 784 4
747 809 4
747 844 7
747 865 10
747 880 1
747 891 1
748 786 9
748 787 3
748 810 2
748 819 3
748 853 10
748 878 1
748 893 2
748 900 2
749 761 9
749 778 5
749 798 9
749 806 1
749 822 4
749 863 5
750 751 7
750 763 4
750 807 7
750 888 4
751 755 8
751 773 6
751 777 10
751 778 9
751 812 5
751 820 5
751 832 1
751 853 10
751 858 1
751 870 9
751 879 9
751 894 1
752 795 1
752 799 7
752 806 6
752 809 5
752 813 1
752 840 5
752 846 5
752 857 5
752 862 8
752 872 5
752 895 9
753 766 6
753 769 6
753 796 5
753 804 2
753 810 2
753 842 8
753 859 9
753 873 7
753 899 7
754 772 6
754 776 6
754 780 8
754 797 10
754 852 1
754 882 8
754 886 1
754 888 1
755 763 8
755 793 10
755 804 3
755 830 10
755 888 8
756 773 10
756 813 4
756 868 9
757 778 4
757 792 9
757 796 3
757 804 3
757 807 3
757 822 3
757 833 1
757 858 10
757 874 7
757 884 2
757 885 3
758 768 6
758 786 2
758 790 10
758 795 3
758 811 7
758 823 5
758 832 10
758 862 8
758 867 5
759 771 9
759 778 9
759 779 7
759 823 6
759 870 8
760 793 10
760 807 5
760 822 5
760 827 9
760 842 1
760 843 3
760 865 5
760 880 9
760 887 7
760 896 9
761 786 3
761 809 10
761 812 9
761 820 5
761 839 6
761 851 3
761 855 7
761 876 2
761 897 4
762 774 6
762 790 6
762 797 1
762 805 1
762 806 5
762 827 8
762 898 7
763 776 3
763 782 6
763 783 4
763 789 8
763 791 3
763 793 5
763 798 4
763 806 10
763 813 3
763 845 6
763 858 4
763 873 9
763 878 4
763 901 1
764 776 8
764 862 9
765 782 10
765 795 6
765 798 3
765 803 7
765 847 8
766 775 9
766 779 10
766 818 4
766 821 7
766 852 5
766 872 4
766 876 7
766 882 1
766 883 3
767 784 5
767 812 3
767 820 9
767 826 10
767 842 2
767 845 3
767 869 4
768 782 8
768 785 4
768 794 9
768 798 3
768 861 8
768 863 7
768 887 9
769 772 10
769 821 6
769 871 7
769 884 9
770 804 2
770 816 1
770 819 7
770 835 1
770 838 1
770 839 9
770 856 6
770 887 7
771 785 5
771 786 9
771 804 5
771 814 6
772 774 2
772 792 10
772 863 8
772 868 2
772 873 9
772 884 2
773 788 4
773 804 5
773 824 9
773 830 8
773 833 3
773 851 1
774 780 7
774 793 1
774 805 9
774 819 6
774 823 7
774 878 7
774 887 6
775 789 10
775 817 9
775 819 4
775 839 2
775 848 10
775 880 2
775 897 8
776 783 6
776 786 9
776 798 6
776 809 1
776 840 4
776 846 9
776 879 2
777 792 3
777 806 10
777 827 2
777 838 4
777 839 6
777 843 6
777 869 2
777 876 5
777 882 10
778 808 5
778 820 1
778 842 1
778 899 5
779 832 8
779 855 7
780 803 2
780 816 3
780 898 6
781 795 10
781 811 6
781 850 7
781 851 1
781 877 10
781 888 4
781 892 7
782 793 8
782 796 2
782 881 9
783 794 1
783 799 2
783 827 2
783 839 5
783 841 4
783 873 3
783 877 9
783 885 9
784 794 9
784 819 2
784 826 5
784 830 10
784 836 6
784 863 7
784 869 10
784 870 3
784 873 4
784 880 6
784 885 4
784 887 8
785 802 3
785 822 5
785 833 3
785 857 2
785 877 8
785 882 4
785 886 7
786 848 6
786 873 1
786 889 10
787 791 4
787 832 3
787 845 2
787 869 5
788 792 10
788 827 5
788 856 9
788 871 8
788 889 5
789 839 9
790 851 1
790 869 9
790 871 9
790 872 7
790 878 5
790 888 8
790 893 1
791 801 10
791 829 6
791 831 4
791 885 7
792 825 10
792 876 10
792 890 1
793 812 3
793 825 7
793 831 5
793 839 10
793 874 2
793 875 7
793 881 9
793 890 7
794 800 2
794 815 10
794 839 3
794 881 1
795 806 6
795 812 4
795 848 10
795 861 10
795 878 2
795 881 10
796 825 10
796 832 10
796 853 8
796 862 6
796 885 10
797 804 8
797 812 5
797 816 7
797 821 3
797 822 1
797 837 6
797 855 3
798 820 4
798 824 9
798 843 1
798 859 10
798 862 10
798 869 5
798 887 6
798 889 8
799 812 3
799 849 9
799 884 10
799 894 8
799 899 9
800 802 7
800 815 1
800 837 8
800 854 9
801 870 2
801 879 8
801 883 8
802 806 4
802 827 5
802 840 4
802 856 3
802 865 5
802 889 10
802 893 1
803 830 7
803 848 3
803 853 8
803 868 1
803 869 6
804 832 8
804 869 4
804 870 5
804 888 7
805 807 8
805 821 2
805 854 7
805 860 2
805 874 1
806 822 8
806 829 9
806 839 9
806 863 4
806 888 9
806 894 9
807 815 4
807 834 1
807 840 8
807 841 2
807 870 6
807 877 4
807 886 7
808 835 10
808 874 8
808 878 6
808 885 10
808 891 5
808 895 8
808 898 7
809 824 7
809 849 3
809 853 7
809 854 10
809 870 9
809 882 3
810 870 9
811 813 1
811 866 1
811 877 1
811 878 1
812 855 8
812 863 9
812 875 1
812 893 4
813 836 10
813 854 1
813 890 7
815 843 2
815 852 8
815 864 10
815 866 7
815 878 4
815 891 6
816 844 6
816 859 1
816 865 2
816 867 7
816 879 7
816 883 9
816 893 5
817 835 4
817 842 4
817 848 1
817 863 5
817 876 2
817 881 4
817 901 4
818 820 2
818 830 6
818 857 4
818 883 4
818 885 6
818 889 4
819 858 7
819 885 9
820 841 3
820 862 7
820 874 7
821 830 6
821 883 7
821 896 9
822 823 2
822 844 10
822 845 4
822 890 9
823 835 2
823 874 5
823 893 5
824 829 1
824 845 6
824 867 10
824 876 4
824 883 9
824 890 10
824 899 8
825 839 10
825 853 5
825 876 3
825 879 4
825 891 3
825 896 6
826 884 7
826 894 8
826 897 2
827 835 5
827 836 8
827 838 6
827 862 4
827 877 6
829 833 2
829 843 2
829 858 4
829 887 3
829 891 3
830 832 8
830 897 4
830 899 4
831 834 4
831 853 8
831 869 4
831 874 9
831 884 9
831 899 9
832 844 9
832 863 1
833 848 9
833 852 9
833 868 7
833 892 1
834 877 4
835 837 9
835 851 9
835 887 2
836 848 6
836 858 2
836 862 7
837 840 5
837 871 7
837 877 10
837 899 1
838 870 8
838 888 3
838 900 4
839 841 3
839 842 5
839 846 1
839 849 6
839 877 8
840 877 7
840 890 5
840 898 4
841 878 7
841 884 6
841 897 4
842 849 6
842 857 8
842 863 4
842 870 6
843 844 4
843 848 7
843 859 9
843 861 3
843 863 7
843 871 10
843 875 10
844 847 8
844 854 8
844 866 5
844 868 4
844 875 9
845 846 5
845 889 4
845 890 1
846 871 10
846 876 8
846 896 5
847 851 3
847 865 5
847 875 5
848 866 9
848 869 9
848 885 8
850 872 5
851 883 6
852 869 3
852 885 2
852 897 3
853 855 7
853 860 7
853 863 7
853 890 3
854 860 7
855 866 1
855 873 9
855 898 7
856 864 2
857 872 8
858 859 6
858 873 8
858 898 1
859 865 5
859 868 4
859 870 6
860 868 5
860 870 4
860 874 3
860 896 10
860 901 6
861 881 7
862 886 4
863 883 6
863 887 8
863 894 3
863 898 10
864 873 5
864 893 7
865 882 4
866 873 8
866 895 5
867 893 10
869 885 6
869 894 7
870 875 7
871 889 8
873 882 7
873 888 5
875 882 1
877 899 6
878 882 10
878 887 9
878 901 7
879 896 4
882 896 2
885 893 4
885 894 1
885 896 7
885 899 7
886 894 2
887 889 4
889 897 5
897 901 7
902 601 18
903 901 10
902 903 22
