904 6735
7 5 54 58 62 51 52 69 46 78 56 81 76 37 96 38 76 94 73 38 93 63 20 15 88 3 64 72 71 39 93 29 43 46 86 4 48 89 25 46 66 80 26 42 68 21 79 95 14 3 33 58 66 4 73 5 6 88 29 76 27 21 57 69 18 42 25 18 31 49 63 96 80 88 89 100 8 67 94 73 22 78 30 39 81 54 95 38 42 23 66 20 95 22 40 65 63 16 82 45 16 44 41 96 83 29 47 90 48 92 62 69 22 43 7 2 97 1 92 38 76 57 9 22 78 48 38 92 64 19 37 31 14 29 78 96 57 24 37 56 68 50 76 89 93 34 42 89 87 33 78 62 89 86 35 18 85 73 10 100 43 98 31 57 26 8 4 34 32 93 90 51 42 17 39 34 51 80 22 37 13 51 50 53 36 84 23 73 8 84 72 51 81 2 59 6 62 62 91 45 6 80 95 48 49 33 81 99 12 55 35 76 57 36 81 93 19 3 17 27 86 88 77 18 42 87 23 55 100 13 99 6 45 93 53 45 77 85 43 40 39 29 68 96 64 48 40 34 50 56 60 87 95 88 4 88 74 78 42 74 42 40 79 38 84 83 82 12 67 24 52 58 4 19 5 67 18 44 1 67 51 12 5 97 100 8 85 25 37 26 50 78 18 28 16 53 62 97 65 29 37 59 15 99 43 35 9 31 29 60 22 11 88 39 80 73 51 41 99 79 89 17 38 2 86 5 95 69 37 47 33 25 57 47 23 99 33 83 30 61 42 3 23 30 93 55 54 43 95 52 73 84 20 11 85 5 15 31 73 3 29 5 27 85 3 2 36 35 84 65 47 78 19 70 7 11 24 12 6 70 15 78 5 34 40 89 39 7 72 63 9 52 20 88 37 74 41 72 61 24 88 7 1 6 28 59 68 3 70 25 73 36 3 29 70 94 70 60 100 41 74 61 92 93 100 80 67 40 3 27 15 90 85 16 47 65 26 67 67 48 91 91 83 45 20 4 39 41 15 90 81 89 50 24 33 49 56 99 88 58 77 55 100 14 22 98 78 47 64 96 46 7 39 81 3 10 84 41 50 99 31 82 87 32 5 19 81 60 70 20 70 98 74 69 63 95 18 40 94 82 88 39 40 26 19 42 87 55 35 36 53 17 17 91 48 73 61 80 85 82 52 6 32 77 74 94 24 91 86 17 24 73 7 15 50 78 9 88 32 43 23 36 59 91 78 58 15 90 38 51 24 41 56 55 17 81 48 40 24 85 8 99 9 15 14 10 44 74 97 75 16 71 62 26 13 91 35 28 80 24 30 3 64 86 9 81 18 57 72 41 93 80 40 2 94 5 63 37 78 60 84 87 34 93 4 45 44 48 37 41 63 26 9 74 95 75 28 51 15 89 96 58 50 94 37 99 58 91 77 23 57 63 59 90 7 62 86 51 61 75 91 23 100 51 48 46 26 76 97 40 64 92 49 66 85 85 64 94 76 93 16 84 55 26 73 61 39 10 63 99 84 6 22 35 56 21 81 81 48 29 73 64 20 73 29 56 58 44 49 85 36 17 68 42 42 92 3 33 1 17 31 37 22 4 71 78 25 3 58 72 31 82 87 50 55 15 57 64 11 58 48 46 74 67 88 67 58 42 99 10 58 82 46 80 37 17 57 61 19 66 85 2 100 71 3 54 38 60 17 48 69 16 45 94 82 84 60 91 25 11 100 35 44 98 66 80 66 74 93 36 39 29 37 38 51 40 43 88 99 11 87 67 26 32 12 59 15 23 1 92 33 53 26 28 50 91 60 15 64 52 50 54 80 87 44 30 26 38 70 76 49 56 94 26 39 5 37 54 27 37 97 12 89 22 39 38 64 50 4 79 1 54 84 32 92 27 14 69 17 83 44 65 90 37 90 29 93 78 34 19 15 30 82 55 3 73 45 66 22 48 96 23 53 79 6 96 58 19 64 74 53 7 38 95 95 79 23 39 57 8 10 23 37 91 77 91 63 21 8 85 21 3 59 73 81 64 69 90 35 32 63 87 36 87
0 53 23
0 73 18
0 79 11
0 98 1
0 110 11
0 113 15
0 133 20
0 144 3
0 151 10
0 170 20
0 177 21
0 194 10
0 195 6
0 242 2
0 283 8
1 54 7
1 74 9
1 82 17
1 85 7
1 89 22
1 150 20
1 156 6
1 183 24
1 185 14
1 204 11
1 228 16
1 231 18
1 233 22
1 236 15
1 299 7
2 49 25
2 59 12
2 63 24
2 135 10
2 137 14
2 138 11
2 156 1
2 179 8
2 186 13
2 187 10
2 205 4
2 219 10
2 234 21
2 236 10
2 251 11
2 273 4
3 31 16
3 49 21
3 54 22
3 60 24
3 72 17
3 88 18
3 139 5
3 151 16
3 172 8
3 193 15
3 202 8
3 211 1
3 231 13
3 234 22
3 258 7
4 8 13
4 14 10
4 66 8
4 84 24
4 113 24
4 170 18
4 186 25
4 249 8
4 277 8
4 278 11
5 29 12
5 36 17
5 53 7
5 58 21
5 95 5
5 108 12
5 110 13
5 154 25
5 209 10
5 213 12
5 239 19
5 251 3
6 40 18
6 75 11
6 100 12
6 123 7
6 129 18
6 132 12
6 211 19
6 218 15
6 222 21
6 236 8
6 247 24
6 258 3
7 49 9
7 73 24
7 96 22
7 104 8
7 127 7
7 135 4
7 233 20
7 246 18
7 259 23
7 270 3
7 291 15
7 292 4
8 34 14
8 55 4
8 103 5
8 129 1
8 149 17
8 174 23
8 194 5
8 199 9
8 204 8
8 210 16
8 235 17
8 238 3
8 275 3
8 279 13
8 282 17
8 292 25
9 45 20
9 68 17
9 78 2
9 92 3
9 105 16
9 130 23
9 136 12
9 178 24
9 179 4
9 199 9
9 236 18
9 278 1
10 11 11
10 21 9
10 48 4
10 73 2
10 77 12
10 149 8
10 182 2
10 185 6
10 206 8
10 214 6
10 215 14
10 224 15
10 251 21
10 258 6
10 260 19
10 264 25
10 268 20
10 271 10
11 28 24
11 52 14
11 54 4
11 62 2
11 74 19
11 109 21
11 124 25
11 163 7
11 167 19
11 172 5
11 190 15
11 191 11
11 261 5
11 290 1
12 17 19
12 84 10
12 97 2
12 100 7
12 118 19
12 146 5
12 152 12
12 157 1
12 160 10
12 186 3
12 200 18
12 237 7
12 257 10
12 274 11
12 289 7
12 298 4
13 35 23
13 65 7
13 72 19
13 87 1
13 91 9
13 118 12
13 126 21
13 150 10
13 181 21
13 184 16
13 189 14
13 197 10
13 200 1
13 201 20
13 221 12
13 243 21
13 284 6
14 63 15
14 66 2
14 83 24
14 125 19
14 131 16
14 132 25
14 134 5
14 139 18
14 166 19
14 210 12
14 227 2
14 237 4
14 262 20
14 263 5
14 267 3
14 292 3
15 17 23
15 33 3
15 63 11
15 78 12
15 112 25
15 114 22
15 138 9
15 151 17
15 165 12
15 171 18
15 184 17
15 185 8
15 189 7
15 209 14
15 210 13
15 228 21
15 238 18
15 253 12
15 255 17
15 281 8
15 285 13
15 294 21
16 22 2
16 66 6
16 84 9
16 88 5
16 110 11
16 122 3
16 126 11
16 130 14
16 166 6
16 168 10
16 191 18
16 226 18
16 242 21
16 249 20
16 298 15
17 26 4
17 42 11
17 56 3
17 62 24
17 97 5
17 129 11
17 147 7
17 150 18
17 169 25
17 221 4
17 224 12
17 231 13
17 242 22
18 26 21
18 68 2
18 74 18
18 117 22
18 214 9
18 223 1
18 238 3
19 35 20
19 37 6
19 42 13
19 43 10
19 46 11
19 67 23
19 110 2
19 117 3
19 133 20
19 192 23
19 210 19
19 230 1
19 244 11
19 245 24
19 250 1
20 53 15
20 57 11
20 58 9
20 72 9
20 79 10
20 89 12
20 111 21
20 113 25
20 142 9
20 156 18
20 162 1
20 170 3
20 171 17
20 200 10
20 214 5
20 241 19
20 295 6
21 31 10
21 59 9
21 61 15
21 127 20
21 130 8
21 138 18
21 149 25
21 157 4
21 165 16
21 180 18
21 184 4
21 185 1
21 188 16
21 285 6
22 27 17
22 38 3
22 52 16
22 66 2
22 81 13
22 84 3
22 143 22
22 169 14
22 204 13
22 207 17
22 209 14
22 227 17
22 238 8
22 249 25
22 287 21
23 34 1
23 64 5
23 105 6
23 111 11
23 177 21
23 219 25
23 240 18
23 257 14
23 260 24
23 276 22
23 281 6
24 34 19
24 42 2
24 79 8
24 82 11
24 113 8
24 121 1
24 132 14
24 139 23
24 151 2
24 191 3
24 203 2
24 204 1
24 239 16
24 244 16
24 279 17
24 281 6
24 286 7
25 68 1
25 72 6
25 77 3
25 82 1
25 100 12
25 122 8
25 126 12
25 195 8
25 212 9
25 213 4
25 231 23
25 249 10
25 255 2
25 276 5
25 298 3
26 95 4
26 120 14
26 123 15
26 137 13
26 231 16
26 246 3
26 248 10
26 265 17
26 292 7
27 30 14
27 75 19
27 86 24
27 106 4
27 107 12
27 108 5
27 116 13
27 125 12
27 134 10
27 148 15
27 158 13
27 163 23
27 171 24
27 181 1
27 208 7
27 212 7
27 213 6
27 218 4
27 229 16
27 232 8
27 237 10
27 241 20
27 244 13
27 291 23
28 42 10
28 61 25
28 67 15
28 80 14
28 106 11
28 134 7
28 139 23
28 181 24
28 186 2
28 213 21
28 226 5
28 259 14
28 297 25
29 45 19
29 60 25
29 81 11
29 107 8
29 135 14
29 144 11
29 173 8
29 192 16
29 202 17
29 208 16
29 239 22
29 282 21
29 296 9
30 34 6
30 40 7
30 49 3
30 51 18
30 71 7
30 72 14
30 115 19
30 176 21
30 178 5
30 248 4
30 250 4
30 254 2
30 266 5
30 277 6
30 284 22
30 295 9
31 38 19
31 46 24
31 49 4
31 56 20
31 58 11
31 86 11
31 109 9
31 118 21
31 132 20
31 166 24
31 190 13
31 249 10
31 250 22
31 256 10
31 285 18
32 62 4
32 66 16
32 93 23
32 96 21
32 101 22
32 116 11
32 139 14
32 149 18
32 206 17
32 210 20
32 240 21
32 257 18
32 287 24
32 295 3
32 296 17
33 37 9
33 39 21
33 69 17
33 87 12
33 96 18
33 97 2
33 122 24
33 128 1
33 194 23
33 236 18
33 238 1
33 244 12
33 258 2
33 259 25
33 277 21
33 278 22
33 291 3
34 42 13
34 46 19
34 59 1
34 78 10
34 86 6
34 117 14
34 174 4
34 206 23
34 215 10
34 219 1
34 227 17
34 248 8
34 251 4
34 266 8
34 281 16
34 298 1
35 71 24
35 234 2
35 236 18
36 40 3
36 61 25
36 62 20
36 66 2
36 74 19
36 90 23
36 110 13
36 114 23
36 140 22
36 150 10
36 152 19
36 161 24
36 190 22
36 229 14
36 230 24
36 261 6
36 263 21
36 285 15
36 299 11
37 68 18
37 111 24
37 132 12
37 136 10
37 203 7
37 205 17
37 212 19
37 218 24
37 222 19
37 271 20
37 296 3
38 53 14
38 58 22
38 61 4
38 81 10
38 96 25
38 125 23
38 134 7
38 150 12
38 157 22
38 217 3
38 257 21
38 268 15
39 56 4
39 83 17
39 93 5
39 110 2
39 113 25
39 128 25
39 130 18
39 147 10
39 161 20
39 176 17
39 186 23
39 188 6
39 202 25
39 253 16
39 272 24
39 298 25
40 85 12
40 111 20
40 115 2
40 134 2
40 139 18
40 181 6
40 200 11
40 253 17
40 254 5
40 267 18
40 288 3
40 289 1
40 294 22
41 75 25
41 96 17
41 97 25
41 110 19
41 115 21
41 134 4
41 145 20
41 171 22
41 176 21
41 178 4
41 215 16
41 236 12
41 237 4
41 248 21
41 262 13
41 275 21
42 44 20
42 45 13
42 50 9
42 54 16
42 102 16
42 134 10
42 143 9
42 147 21
42 159 21
42 179 25
42 204 2
42 205 15
42 249 5
42 282 2
42 283 11
42 291 6
43 55 20
43 63 13
43 66 24
43 86 15
43 97 16
43 103 18
43 114 12
43 139 11
43 145 24
43 192 4
43 195 25
43 206 4
43 215 25
43 269 14
43 276 1
44 54 21
44 129 1
44 138 10
44 156 11
44 183 17
44 210 19
44 221 21
44 261 14
44 283 16
45 58 21
45 61 18
45 87 5
45 89 2
45 98 21
45 124 16
45 126 9
45 142 16
45 147 5
45 156 10
45 176 7
45 258 20
45 279 4
45 298 20
46 77 7
46 109 2
46 114 24
46 135 8
46 158 7
46 167 23
46 181 22
46 182 8
46 191 20
46 218 24
46 282 19
46 286 5
46 293 17
47 78 12
47 91 1
47 115 6
47 132 3
47 142 23
47 150 25
47 159 9
47 176 1
47 199 20
47 230 1
47 236 9
47 278 10
47 282 5
47 285 18
48 52 17
48 77 1
48 85 22
48 117 11
48 156 8
48 162 25
48 164 9
48 204 15
48 235 9
48 262 8
48 266 11
48 273 18
48 282 2
48 289 10
49 77 11
49 78 9
49 108 3
49 125 24
49 131 11
49 164 10
49 171 3
49 176 10
49 214 9
49 234 12
49 237 12
49 247 4
49 263 14
49 275 20
49 285 13
49 287 19
49 296 15
50 74 6
50 130 19
50 134 13
50 163 17
50 169 3
50 183 14
50 212 2
50 232 18
50 242 22
50 248 12
50 264 5
50 268 16
50 270 13
51 77 16
51 80 1
51 87 23
51 108 19
51 109 2
51 139 8
51 196 3
51 214 6
52 57 19
52 69 14
52 96 19
52 110 5
52 121 17
52 132 8
52 165 25
52 168 6
52 203 3
52 215 16
52 232 12
52 271 21
52 278 5
52 280 5
52 284 1
53 54 18
53 73 6
53 79 20
53 111 17
53 170 17
53 172 24
53 175 9
53 180 7
53 208 17
53 222 12
53 246 6
53 255 12
53 273 13
53 285 14
53 290 16
54 58 20
54 70 7
54 77 4
54 94 14
54 120 14
54 133 20
54 146 23
54 159 15
54 212 1
54 221 25
54 241 5
54 251 14
54 285 22
55 62 11
55 64 18
55 78 22
55 91 5
55 101 25
55 106 16
55 115 23
55 128 19
55 199 17
55 200 7
55 234 25
55 235 8
55 262 18
55 279 5
56 106 21
56 116 7
56 141 20
56 192 11
56 218 1
56 232 4
56 244 15
56 286 16
57 65 17
57 77 9
57 114 13
57 118 6
57 124 11
57 137 12
57 150 12
57 152 24
57 158 11
57 165 22
57 191 16
57 200 7
57 205 3
57 214 16
57 221 25
57 237 1
57 246 9
57 281 18
57 293 7
58 61 10
58 62 25
58 72 24
58 75 16
58 99 22
58 105 7
58 135 13
58 143 7
58 146 7
58 148 18
58 185 21
58 244 23
58 253 9
58 261 7
58 269 12
58 288 16
59 62 17
59 76 24
59 81 4
59 84 16
59 88 11
59 89 2
59 142 8
59 145 19
59 162 4
59 174 25
59 184 18
59 191 4
59 207 10
59 215 10
59 254 10
60 63 21
60 69 11
60 84 10
60 88 14
60 99 7
60 105 16
60 119 1
60 132 14
60 141 25
60 157 18
60 171 11
60 174 24
60 190 3
61 96 17
61 112 10
61 126 20
61 139 9
61 228 10
62 79 23
62 87 1
62 196 20
62 235 24
62 255 8
62 261 14
62 280 2
63 108 10
63 111 8
63 122 8
63 132 21
63 263 18
63 275 19
63 283 17
63 290 5
63 296 4
64 72 5
64 84 12
64 100 21
64 106 7
64 109 2
64 122 20
64 165 24
64 171 12
64 193 20
64 230 3
64 231 4
64 262 5
64 264 22
64 268 14
64 296 14
65 83 21
65 102 14
65 106 11
65 125 21
65 138 23
65 163 24
65 188 24
65 190 7
65 195 8
65 229 6
65 239 3
65 246 25
65 248 25
65 269 21
65 284 7
65 291 3
66 70 25
66 84 20
66 95 25
66 101 6
66 119 21
66 189 22
66 269 6
66 289 9
67 94 16
67 118 10
67 128 12
67 129 20
67 138 8
67 164 25
67 187 11
67 216 3
67 221 15
67 290 21
67 295 23
68 76 13
68 77 21
68 113 21
68 114 19
68 122 3
68 125 4
68 131 23
68 141 5
68 167 3
68 169 18
68 203 11
68 206 7
68 227 19
68 239 5
68 269 6
68 283 24
69 95 2
69 168 4
69 242 6
69 266 10
69 290 20
69 299 15
70 78 24
70 135 16
70 139 22
70 147 25
70 162 1
70 177 1
70 187 15
70 197 23
70 205 25
70 223 2
70 247 18
70 259 21
70 271 22
70 283 23
71 108 24
71 169 20
71 202 2
71 221 3
71 222 14
71 253 14
71 271 9
71 272 8
72 75 20
72 79 16
72 84 8
72 160 21
72 177 20
72 188 16
72 251 7
72 256 14
73 83 5
73 109 5
73 110 4
73 146 4
73 199 5
73 215 7
73 243 4
73 256 19
73 288 4
73 294 4
74 97 20
74 103 24
74 133 1
74 142 18
74 181 21
74 198 1
74 232 14
74 250 24
75 93 3
75 106 3
75 119 14
75 121 13
75 122 12
75 127 8
75 129 5
75 150 19
75 164 5
75 165 24
75 181 9
75 251 11
75 252 14
76 84 16
76 94 18
76 97 20
76 105 21
76 111 22
76 131 1
76 163 24
76 179 17
76 217 6
76 229 4
76 288 13
76 292 4
77 99 6
77 113 5
77 127 1
77 128 6
77 244 19
77 254 1
77 261 10
77 270 23
77 276 14
77 277 24
78 85 9
78 94 23
78 128 4
78 146 4
78 149 4
78 248 2
78 250 15
78 277 17
79 135 18
79 136 5
79 169 9
79 197 12
80 92 25
80 120 7
80 206 12
80 212 25
80 213 25
80 275 19
80 299 6
81 85 12
81 91 23
81 94 13
81 99 18
81 108 25
81 157 21
81 173 13
81 174 1
81 228 5
81 261 10
81 286 16
82 85 6
82 117 18
82 175 16
82 251 9
82 278 22
82 298 19
83 96 12
83 115 11
83 118 12
83 132 4
83 137 17
83 143 22
83 152 17
83 212 18
83 256 3
83 277 5
84 94 19
84 97 2
84 98 24
84 101 1
84 107 15
84 112 23
84 136 14
84 140 8
84 166 22
84 173 9
84 192 20
84 207 24
84 237 15
84 299 7
85 111 15
85 125 20
85 129 24
85 182 7
85 223 5
85 266 22
85 277 2
86 104 19
86 131 9
86 154 14
86 169 22
86 171 2
86 178 10
86 188 16
87 136 21
87 141 15
87 205 20
87 236 15
87 254 16
87 291 18
88 134 15
88 139 8
88 152 15
88 163 3
88 165 15
88 250 12
88 257 11
88 261 11
88 264 12
88 273 3
88 288 17
88 296 1
89 104 22
89 105 18
89 137 7
89 142 2
89 159 16
89 191 9
89 259 20
89 265 2
89 278 24
89 284 18
89 286 5
90 95 8
90 122 8
90 129 1
90 144 22
90 165 5
90 190 15
90 197 15
90 200 22
90 210 6
90 221 22
90 257 14
90 262 9
90 271 13
90 294 2
91 127 21
91 139 25
91 155 13
91 157 25
91 169 19
91 186 14
91 203 22
91 236 11
91 247 22
91 260 25
91 284 3
92 100 7
92 103 21
92 106 6
92 108 5
92 116 15
92 118 11
92 128 15
92 136 25
92 147 11
92 156 13
92 202 4
92 212 25
92 228 2
92 239 2
92 273 7
92 274 25
92 281 15
92 296 15
93 120 14
93 132 16
93 141 13
93 188 14
93 207 4
93 226 12
93 255 7
93 291 19
94 120 10
94 166 19
94 169 17
94 175 11
94 184 21
94 240 24
94 244 6
94 256 2
94 269 5
94 272 23
95 98 14
95 141 21
95 145 22
95 156 24
95 203 9
95 211 2
95 215 25
95 249 12
95 263 3
95 265 6
95 278 12
95 296 18
96 132 23
96 140 25
96 148 10
96 166 12
96 195 15
96 198 15
96 229 23
96 230 21
96 244 8
96 246 10
96 280 16
96 289 25
97 120 20
97 122 12
97 157 25
97 197 3
97 217 15
97 239 4
97 249 25
97 256 3
97 273 25
97 299 23
98 106 3
98 125 10
98 131 24
98 154 2
98 162 21
98 165 3
98 199 7
98 238 9
99 164 22
99 167 6
99 168 11
99 169 7
99 189 17
99 194 25
99 216 21
99 224 17
99 284 23
99 286 4
99 288 1
99 299 13
100 101 5
100 107 22
100 134 1
100 145 4
100 151 24
100 178 17
100 205 9
100 237 25
100 258 19
100 271 10
100 286 22
101 119 21
101 124 19
101 131 22
101 143 24
101 165 17
101 182 25
101 215 8
101 226 25
101 229 21
101 238 13
101 256 10
102 106 4
102 119 7
102 120 12
102 125 25
102 141 23
102 149 9
102 181 5
102 240 25
102 295 23
103 115 11
103 160 23
103 178 24
103 190 14
103 210 24
103 211 15
103 212 24
103 214 23
103 217 11
103 237 9
103 253 22
104 132 8
104 142 4
104 147 20
104 190 9
104 216 20
104 220 21
104 241 16
104 272 20
104 278 17
105 115 5
105 131 6
105 149 22
105 157 11
105 160 17
105 167 21
105 173 8
105 174 2
105 212 2
105 240 9
105 243 25
105 267 12
105 282 7
105 287 25
106 111 2
106 121 5
106 130 16
106 137 1
106 146 4
106 151 1
106 153 11
106 166 2
106 210 11
106 220 14
106 235 22
106 244 19
106 252 11
106 256 17
106 296 9
107 110 5
107 125 10
107 177 13
107 212 12
107 221 7
107 232 24
107 292 4
107 297 4
108 111 8
108 115 7
108 153 6
108 175 19
108 185 6
108 226 19
108 257 2
108 287 7
108 296 21
108 297 6
109 148 23
109 191 23
109 197 11
109 198 23
109 244 10
109 257 13
109 263 8
109 269 25
110 114 11
110 121 1
110 197 10
110 242 2
110 246 11
110 299 16
111 132 14
111 152 1
111 165 3
111 202 20
111 215 1
111 266 8
112 149 23
112 151 10
112 161 14
112 189 5
112 198 3
112 210 22
112 230 24
112 233 4
112 251 3
112 266 21
113 115 11
113 180 25
113 207 20
113 215 22
113 219 25
113 235 4
113 270 11
113 284 7
114 129 5
114 207 21
114 237 10
114 254 15
114 255 24
114 258 22
115 116 7
115 126 12
115 129 22
115 133 11
115 134 8
115 166 22
115 183 18
115 198 6
115 209 7
115 217 9
115 238 10
115 240 9
115 269 5
115 284 10
115 285 15
116 129 7
116 211 5
116 212 25
116 232 9
116 253 24
116 270 23
116 285 8
116 290 4
117 265 8
117 271 16
117 287 9
117 291 5
118 136 25
118 172 25
118 174 4
118 186 22
118 226 8
118 271 17
118 276 20
118 280 19
119 121 25
119 180 17
119 210 13
119 215 5
119 218 23
119 240 21
119 268 16
120 147 8
120 171 2
120 185 3
120 189 22
120 236 11
120 247 7
120 254 24
120 256 19
121 129 8
121 130 21
121 155 3
121 157 13
121 164 6
121 179 18
121 208 23
121 245 10
121 257 20
121 273 22
121 277 15
122 158 18
122 178 7
122 193 7
122 197 12
122 211 2
122 229 8
122 278 3
123 144 14
123 160 14
123 204 2
123 220 12
123 224 4
123 225 12
123 235 15
123 237 6
123 262 8
123 268 25
123 284 15
123 288 8
124 130 20
124 134 22
124 139 6
124 161 22
124 168 11
124 171 11
124 209 15
124 213 9
124 244 22
124 274 11
124 277 7
124 295 14
124 296 3
125 144 13
125 174 20
125 254 14
125 264 14
125 267 4
125 293 19
125 295 5
126 146 17
126 166 22
126 182 16
126 202 22
126 207 8
126 224 7
126 241 5
126 298 18
127 153 7
127 157 19
127 187 25
127 205 3
127 253 17
127 269 5
127 276 25
128 167 2
128 196 17
128 201 16
128 207 10
128 250 14
128 251 1
128 290 17
129 134 2
129 190 5
129 205 6
129 228 23
129 242 20
129 255 22
129 257 1
129 269 13
129 284 1
129 288 19
130 142 12
130 170 18
130 194 15
130 230 19
130 242 24
130 298 19
131 165 11
131 168 7
131 206 14
131 236 13
131 237 10
131 289 5
132 135 17
132 138 9
132 143 9
132 144 9
132 182 1
132 184 20
132 212 24
132 244 1
132 287 13
132 298 25
133 149 7
133 152 19
133 184 24
133 192 1
133 196 15
133 203 1
133 208 14
133 228 17
133 245 19
133 275 25
133 295 9
133 296 8
134 193 20
134 215 7
134 226 2
134 235 8
134 238 14
134 249 15
134 291 20
135 179 23
135 199 22
135 218 13
135 221 8
135 257 5
135 259 23
135 268 8
135 272 1
135 279 21
135 295 10
136 138 14
136 209 22
136 224 16
136 262 7
136 281 22
136 294 16
136 295 23
137 143 22
137 153 6
137 163 14
137 219 15
137 224 7
137 231 22
137 237 23
137 254 4
137 261 5
138 154 1
138 177 11
138 178 20
138 206 17
138 207 5
138 217 19
138 222 15
138 232 19
138 260 1
138 295 19
138 297 17
139 188 10
139 200 20
139 205 12
139 268 21
139 284 10
140 192 11
140 196 11
140 237 16
140 251 7
140 268 4
141 152 15
141 167 4
141 219 11
141 278 3
142 172 20
142 182 20
142 210 1
142 214 19
142 215 23
142 218 7
142 234 19
142 244 8
142 245 4
142 254 13
142 263 14
142 281 22
142 291 2
143 146 7
143 148 25
143 167 23
143 170 23
143 184 9
143 228 19
144 160 12
144 203 5
144 205 3
144 206 22
144 247 17
144 254 20
144 296 5
145 151 22
145 163 9
145 173 10
145 174 8
145 227 13
145 233 5
145 253 2
145 275 15
145 298 23
146 161 1
146 174 23
146 204 19
146 225 8
146 259 1
146 267 6
146 283 21
147 171 23
147 173 9
147 197 2
147 201 22
147 224 6
147 228 2
147 240 7
147 242 24
147 273 13
147 294 13
147 297 3
148 156 11
148 168 7
148 192 24
148 204 15
148 216 3
148 250 7
148 271 2
149 190 12
149 197 21
149 213 6
149 241 15
149 263 12
149 275 5
149 286 15
149 297 10
150 184 25
150 214 24
150 232 10
150 236 5
150 258 19
150 271 7
150 277 16
150 294 23
151 154 5
151 158 21
151 162 24
151 165 14
151 170 22
151 189 13
151 221 3
151 224 1
151 264 23
152 175 9
152 198 25
152 210 14
152 212 14
152 245 8
152 266 15
152 281 2
153 161 4
153 165 22
153 214 19
153 244 17
153 247 4
153 298 8
154 157 1
154 173 3
154 177 9
154 209 13
154 250 10
154 255 2
154 257 21
154 267 25
155 181 1
155 206 1
155 236 20
155 262 24
156 161 16
156 174 18
156 207 11
156 219 18
156 221 19
156 222 10
156 265 4
156 283 18
156 294 24
156 295 19
156 297 25
157 164 15
157 165 20
157 204 5
157 217 14
157 223 15
157 257 24
157 264 17
157 296 23
157 299 24
158 188 19
158 212 6
158 230 13
158 235 3
158 271 9
158 282 9
159 185 2
159 198 12
159 213 11
159 215 24
159 227 10
159 247 1
159 256 16
159 276 23
160 164 20
160 200 11
160 202 9
160 229 25
161 164 5
161 222 7
161 254 18
161 260 7
161 277 24
162 192 15
162 202 13
162 206 12
162 226 6
162 249 11
162 260 3
163 172 3
163 184 12
163 232 23
163 256 10
163 259 24
163 273 1
163 283 21
163 290 7
163 292 4
164 171 7
164 173 19
164 190 4
164 223 18
164 227 19
164 252 22
164 274 17
165 202 16
165 208 7
165 228 1
165 233 17
165 241 12
165 243 9
165 250 12
165 267 18
165 296 7
166 188 3
166 196 5
166 198 20
166 202 8
166 203 18
166 218 22
166 258 13
166 263 4
166 265 20
167 172 24
167 220 2
167 237 22
167 269 19
167 284 11
167 298 2
168 173 2
168 221 4
168 228 8
168 229 22
168 234 25
168 236 4
168 260 13
169 180 17
169 273 10
169 280 15
169 287 8
169 293 23
169 295 24
169 297 19
170 189 17
170 196 7
170 199 21
170 215 24
170 216 2
170 244 6
170 264 16
170 269 25
171 188 18
171 219 21
172 175 21
172 241 16
172 251 24
172 252 19
172 290 12
173 188 9
173 207 21
173 244 13
173 256 15
173 278 3
174 188 9
174 230 16
174 270 8
174 287 24
175 180 7
175 191 19
175 193 13
175 204 16
175 244 17
175 249 13
176 245 12
176 279 10
177 189 20
177 234 9
177 244 8
177 249 21
177 278 14
178 187 25
178 199 20
178 209 6
178 220 20
178 226 16
178 235 24
178 248 19
178 266 11
178 278 10
179 198 4
179 202 6
179 213 24
180 230 18
180 245 10
180 247 10
180 267 10
180 277 19
180 292 8
181 183 16
181 204 13
181 214 22
181 231 9
181 233 6
181 246 10
181 261 20
181 269 15
181 278 6
182 199 3
182 215 25
182 231 1
182 243 19
182 251 24
182 297 22
183 211 24
183 213 19
183 217 14
183 228 24
183 232 12
183 260 25
184 189 10
184 201 17
184 213 7
184 244 9
184 246 10
184 257 19
184 270 20
184 280 19
185 208 12
185 211 4
185 218 12
185 224 24
185 229 25
185 231 22
185 278 4
186 199 11
186 204 18
186 212 21
186 219 16
186 229 20
186 295 20
187 208 18
187 220 15
187 223 18
188 196 17
188 241 14
189 190 13
189 192 5
189 274 14
189 284 1
189 285 6
189 287 24
190 191 18
190 217 15
190 223 7
190 225 2
190 278 8
190 280 3
190 288 22
190 290 21
191 200 6
191 220 10
191 227 20
191 236 7
191 252 8
191 257 25
192 253 18
192 261 25
192 271 22
192 275 8
192 286 22
192 291 16
193 204 3
193 232 11
193 235 11
193 275 19
193 286 1
194 222 23
194 238 25
194 288 15
195 197 24
195 231 6
195 260 13
195 271 16
195 280 20
195 282 21
196 209 19
196 241 4
196 260 23
196 268 17
196 273 24
196 281 5
197 235 2
197 242 20
198 208 11
198 210 11
198 226 22
198 240 3
198 246 11
198 273 18
198 277 13
199 286 7
199 288 11
199 291 17
200 215 17
200 217 21
200 229 10
200 232 18
200 250 18
200 270 9
200 279 9
201 202 16
201 213 16
201 240 21
201 251 8
202 205 10
202 211 18
202 219 1
202 264 15
203 222 15
203 239 18
203 246 14
203 279 21
203 280 21
203 290 8
204 229 6
204 234 6
205 230 6
205 234 11
205 254 18
205 261 24
205 263 25
205 272 24
206 281 9
206 282 16
206 294 18
207 221 6
207 252 25
207 253 12
207 285 23
207 292 10
208 215 20
208 264 16
209 231 1
209 232 15
209 274 25
210 295 10
211 219 9
211 228 1
211 242 2
211 267 23
212 224 20
212 261 15
212 265 18
212 267 15
212 269 24
212 292 25
213 216 22
213 231 5
213 259 10
213 266 15
213 295 3
214 241 9
215 220 15
215 253 13
215 257 24
215 259 7
215 282 18
215 287 25
215 288 20
215 289 17
216 226 10
216 227 14
216 252 7
216 266 10
216 275 5
216 282 7
217 227 21
217 229 13
217 244 9
217 294 22
218 247 12
218 251 3
218 257 13
218 270 6
218 280 19
219 226 12
219 251 6
219 256 17
219 268 16
219 277 17
219 281 6
219 283 20
219 292 1
220 295 23
221 244 9
221 250 1
222 226 4
222 234 1
222 255 3
222 277 1
222 287 17
222 292 12
222 294 14
223 227 1
223 281 23
223 292 19
224 233 9
224 292 20
224 293 8
224 297 17
224 299 19
225 238 20
225 243 21
225 265 6
225 277 2
225 278 14
226 241 17
226 256 7
226 278 5
226 290 9
227 229 1
227 239 13
227 243 5
227 259 1
227 264 10
227 278 13
228 240 3
228 261 15
229 260 13
229 282 5
229 289 15
229 297 7
230 231 18
230 238 6
230 245 7
230 260 15
231 255 1
232 251 15
232 272 12
233 236 8
233 244 8
233 248 5
233 260 4
233 279 3
233 284 10
233 288 6
234 242 18
234 252 4
234 258 14
234 267 24
234 282 14
235 249 14
235 270 13
235 271 19
235 279 16
235 288 24
236 250 6
237 251 19
237 267 14
238 277 21
239 240 25
239 287 5
240 262 2
240 284 18
240 294 10
241 275 10
241 278 9
242 274 10
242 278 1
242 289 20
243 245 20
243 247 8
243 256 24
243 288 23
243 295 12
244 249 11
245 253 3
245 262 6
245 264 16
246 276 17
247 280 6
247 291 4
247 297 7
248 254 19
248 271 24
248 278 23
248 284 17
248 294 5
249 282 16
249 297 7
250 271 25
250 274 15
250 279 12
250 281 3
250 286 9
251 270 23
252 272 12
253 265 18
253 269 10
253 273 12
253 297 12
254 258 4
254 286 21
255 275 13
255 295 3
255 299 9
256 281 25
257 274 8
258 285 14
259 262 15
259 274 1
261 294 21
263 274 20
263 291 7
263 294 14
263 296 19
264 272 4
264 289 6
265 299 25
266 268 21
266 269 14
266 297 1
266 298 11
267 272 25
267 276 3
267 297 21
268 278 25
268 297 16
269 276 13
271 276 9
271 288 2
272 279 2
273 289 14
274 286 24
275 290 14
276 278 16
278 291 7
278 298 13
279 299 23
280 298 22
281 283 4
284 298 23
286 290 17
287 291 23
289 295 5
292 297 8
296 298 18
300 317 3
300 332 5
300 377 10
300 394 6
300 422 2
300 440 5
300 450 6
300 460 6
300 469 2
300 491 7
300 512 10
300 577 3
300 587 10
301 326 5
301 342 8
301 343 8
301 356 5
301 359 6
301 371 6
301 387 7
301 401 8
301 405 1
301 412 6
301 457 9
301 461 2
301 487 1
301 511 5
301 522 4
301 523 9
302 309 4
302 329 5
302 344 3
302 365 8
302 366 7
302 429 8
302 433 1
302 438 1
302 470 5
302 489 7
302 491 4
302 537 1
302 543 8
302 564 6
302 575 10
302 591 2
303 312 6
303 326 10
303 340 9
303 348 3
303 359 7
303 368 7
303 383 2
303 433 7
303 468 4
303 478 1
303 496 10
303 531 4
303 559 7
304 317 6
304 347 4
304 360 1
304 440 10
304 446 6
304 459 10
304 514 8
304 551 5
304 567 1
305 324 8
305 336 9
305 358 9
305 450 3
305 469 9
305 493 6
305 494 1
305 500 1
305 508 9
305 527 8
305 559 2
305 565 9
305 570 10
305 571 8
305 581 5
305 586 1
305 593 7
306 307 8
306 323 3
306 393 6
306 399 3
306 493 10
306 506 1
306 540 6
306 541 10
306 543 3
306 549 3
306 558 9
306 564 10
306 569 7
306 572 1
306 588 10
307 341 7
307 354 9
307 365 4
307 376 8
307 386 6
307 422 4
307 435 10
307 465 5
307 486 1
307 489 1
307 491 3
307 493 2
307 503 10
307 507 10
307 525 5
307 575 6
307 581 7
307 583 7
308 322 4
308 349 2
308 392 8
308 408 4
308 418 9
308 422 9
308 437 8
308 440 2
308 454 8
308 477 8
309 341 10
309 359 10
309 365 9
309 375 9
309 385 9
309 459 2
309 461 6
309 474 4
309 478 6
309 555 5
309 598 10
310 377 8
310 419 5
310 432 5
310 450 10
310 462 6
310 476 4
310 484 4
310 493 2
310 504 2
310 522 2
310 529 7
310 565 3
311 328 10
311 330 10
311 343 4
311 401 8
311 422 10
311 428 5
311 444 7
311 453 7
311 497 6
311 500 7
311 507 7
311 509 4
311 538 7
311 544 8
312 347 9
312 358 2
312 361 5
312 362 5
312 412 2
312 420 3
312 458 1
312 499 8
312 509 4
312 560 7
312 572 3
313 339 7
313 357 10
313 360 6
313 362 10
313 384 6
313 399 9
313 423 9
313 424 7
313 463 2
313 472 9
313 491 6
313 528 8
313 561 7
313 585 4
314 339 5
314 341 5
314 343 10
314 365 9
314 385 1
314 414 10
314 419 9
314 445 3
314 450 4
314 451 4
314 472 6
314 531 8
314 536 6
314 537 5
314 543 1
314 558 4
315 329 7
315 346 7
315 391 3
315 407 2
315 422 9
315 450 10
315 453 2
315 491 7
315 525 7
315 529 5
315 599 7
316 325 4
316 334 4
316 358 4
316 364 8
316 377 9
316 380 8
316 385 9
316 409 7
316 428 1
316 460 8
316 482 7
316 485 5
316 501 4
316 519 2
316 579 10
316 582 1
316 599 8
317 320 6
317 327 2
317 337 1
317 361 2
317 366 10
317 384 6
317 392 5
317 403 8
317 407 5
317 419 9
317 458 7
317 474 3
317 517 3
317 548 5
317 556 7
317 591 7
317 596 8
318 351 6
318 383 7
318 394 8
318 401 6
318 426 5
318 429 8
318 448 6
318 463 1
318 467 2
318 477 9
318 489 5
318 498 3
318 505 1
318 525 2
318 531 8
318 552 2
318 556 4
318 574 1
318 583 4
318 591 1
319 323 5
319 324 1
319 365 6
319 370 3
319 382 9
319 426 10
319 429 8
319 464 4
319 466 6
319 482 6
319 514 3
319 533 3
319 554 2
319 588 10
319 593 1
320 370 6
320 375 9
320 407 6
320 459 8
320 493 2
320 507 6
320 511 2
320 552 6
320 579 6
321 363 5
321 366 3
321 380 10
321 385 1
321 441 5
321 461 3
321 502 1
321 522 2
321 524 5
321 530 8
321 552 6
321 560 6
321 566 8
321 574 3
321 580 9
321 591 5
321 598 10
322 340 3
322 344 10
322 347 3
322 373 5
322 379 10
322 421 10
322 442 3
322 471 7
322 476 8
322 513 7
322 544 2
322 556 1
322 580 2
323 338 9
323 362 8
323 388 7
323 416 8
323 435 8
323 443 1
323 482 2
323 483 10
323 489 2
323 511 7
323 522 10
323 543 10
323 574 2
323 579 7
323 583 4
323 596 2
324 328 3
324 343 4
324 366 4
324 374 2
324 388 6
324 392 8
324 418 3
324 441 6
324 445 3
324 466 9
324 483 5
324 554 9
324 579 2
324 582 7
325 334 10
325 367 3
325 388 4
325 398 6
325 424 10
325 428 3
325 520 9
325 531 2
325 568 3
325 597 2
326 351 10
326 364 2
326 375 1
326 409 1
326 429 10
326 476 5
326 498 4
326 502 2
326 506 10
326 545 7
326 561 6
326 562 5
326 565 7
327 335 8
327 361 2
327 378 9
327 394 9
327 398 8
327 442 7
327 460 2
327 461 5
327 477 8
327 482 4
327 516 8
327 520 6
327 525 6
327 529 1
327 563 4
327 579 9
328 451 5
328 452 5
328 467 8
328 488 8
328 508 8
328 532 10
328 550 7
329 343 2
329 349 3
329 352 8
329 356 3
329 358 1
329 386 5
329 412 9
329 435 7
329 443 5
329 504 1
329 529 7
329 540 5
329 549 10
329 589 3
329 592 6
330 393 4
330 395 3
330 451 2
330 466 2
330 489 8
330 528 9
330 537 4
330 542 1
330 567 7
330 577 8
330 581 7
330 586 6
330 598 5
331 354 4
331 369 5
331 396 3
331 408 7
331 438 9
331 443 2
331 444 9
331 457 1
331 462 7
331 478 10
331 480 10
331 517 1
331 523 10
331 586 6
331 590 5
331 595 9
332 352 1
332 374 2
332 424 5
332 428 3
332 432 5
332 553 8
332 567 2
332 578 3
332 590 1
333 336 2
333 351 9
333 354 10
333 360 10
333 399 4
333 401 6
333 406 6
333 408 10
333 433 8
333 446 4
333 468 10
333 469 9
333 470 5
333 545 1
333 577 7
333 594 4
334 355 10
334 363 9
334 385 5
334 388 7
334 446 5
334 484 3
334 493 7
334 504 7
334 506 9
334 549 9
334 599 1
335 360 6
335 374 10
335 387 6
335 439 6
335 491 3
335 497 4
335 506 7
335 520 5
335 528 10
335 551 2
335 572 10
335 579 1
335 593 9
335 597 3
336 362 1
336 378 10
336 417 9
336 479 3
336 485 6
336 495 2
336 500 4
336 537 5
336 568 6
336 569 10
336 570 9
336 587 1
336 597 7
337 352 7
337 384 9
337 392 7
337 405 10
337 429 5
337 493 9
337 500 5
337 512 2
337 522 3
337 566 10
337 571 9
337 573 7
337 588 9
338 339 10
338 340 8
338 364 2
338 415 1
338 417 3
338 463 4
338 488 2
338 599 1
339 377 6
339 383 9
339 401 3
339 413 1
339 429 5
339 448 10
339 454 10
339 464 4
339 506 10
339 507 8
339 519 2
339 537 9
339 543 7
339 545 1
339 550 5
339 551 5
339 561 7
340 361 6
340 366 9
340 380 7
340 403 6
340 433 8
340 444 7
340 457 6
340 509 5
340 514 8
340 523 8
340 524 9
340 543 1
340 577 9
341 357 10
341 360 8
341 378 9
341 390 4
341 404 8
341 440 4
341 445 3
341 466 10
341 490 9
341 508 5
341 525 7
341 532 10
341 558 5
341 588 5
342 393 3
342 399 9
342 433 1
342 438 1
342 448 6
342 466 10
342 475 7
342 487 2
342 502 7
342 513 6
342 519 9
342 520 3
342 527 5
342 537 6
342 556 2
342 559 6
342 564 6
342 586 3
343 356 5
343 371 4
343 376 6
343 392 3
343 394 7
343 404 10
343 458 2
343 501 5
343 502 4
343 503 10
343 558 7
344 362 10
344 390 5
344 401 1
344 409 8
344 443 7
344 481 1
344 485 6
344 513 6
344 572 10
344 592 7
345 365 4
345 374 5
345 399 5
345 411 7
345 420 9
345 428 2
345 441 8
345 447 6
345 456 7
345 458 10
345 464 1
345 468 2
345 472 7
345 494 5
345 495 1
345 515 8
345 538 8
345 540 7
345 552 4
345 557 7
345 597 3
346 356 3
346 413 3
346 414 3
346 431 3
346 451 10
346 456 4
346 466 8
346 476 7
346 496 3
346 499 4
346 511 1
346 522 9
346 555 10
346 570 7
346 571 7
346 572 1
347 432 6
347 441 3
347 447 9
347 469 7
347 474 5
347 493 2
347 510 5
347 524 9
348 382 2
348 389 2
348 396 6
348 408 9
348 413 7
348 425 4
348 441 1
348 472 10
348 479 7
348 490 6
348 497 4
348 507 8
348 523 1
348 527 1
348 560 6
348 568 5
348 569 6
348 595 6
349 381 3
349 440 5
349 449 4
349 461 9
349 483 7
349 492 1
349 497 3
349 502 7
349 511 9
349 543 7
349 549 8
349 555 3
349 567 7
350 352 10
350 360 7
350 367 2
350 382 8
350 396 3
350 397 8
350 439 10
350 528 4
350 582 6
351 352 5
351 378 7
351 392 3
351 455 7
351 456 7
351 483 8
351 498 1
351 513 4
351 536 6
351 540 3
351 549 8
351 567 1
351 583 4
352 417 6
352 435 2
352 444 6
352 490 2
352 517 10
352 524 5
352 527 10
352 580 5
352 588 3
353 418 9
353 431 1
353 432 5
353 465 8
353 486 3
353 523 2
353 545 9
353 576 9
353 577 9
353 595 6
354 362 5
354 377 1
354 403 2
354 458 4
354 462 10
354 478 3
354 482 7
354 515 7
354 519 5
354 572 7
354 579 8
355 418 8
355 424 2
355 438 1
355 449 6
355 474 6
355 481 10
355 499 2
355 516 5
355 552 4
355 576 4
355 587 5
355 589 6
356 360 10
356 402 4
356 406 1
356 419 3
356 428 2
356 429 9
356 443 1
356 460 7
356 540 3
356 549 3
356 586 9
357 360 6
357 384 5
357 394 3
357 405 5
357 434 1
357 451 7
357 453 1
357 467 10
357 475 7
357 479 4
357 506 10
357 509 4
357 534 9
358 429 2
358 450 7
358 490 5
358 501 7
358 523 2
358 544 1
358 593 3
358 597 4
359 365 4
359 369 5
359 372 6
359 410 8
359 434 3
359 451 9
359 471 6
359 507 7
359 509 3
359 540 6
359 548 5
359 560 9
359 566 8
359 582 9
359 594 10
360 369 7
360 401 9
360 420 1
360 471 5
360 474 2
360 505 3
360 512 8
360 553 3
360 590 4
360 597 4
361 364 7
361 381 2
361 432 7
361 454 8
361 483 6
361 489 10
361 490 3
361 545 10
361 546 8
361 562 2
361 564 4
362 367 6
362 393 8
362 397 1
362 445 10
362 458 3
362 483 5
362 499 9
362 515 1
362 527 3
362 528 10
362 542 9
362 555 3
362 573 10
362 580 3
363 375 4
363 398 4
363 406 10
363 408 8
363 411 9
363 414 5
363 426 5
363 492 1
363 493 1
363 514 4
363 518 6
364 371 1
364 376 6
364 391 8
364 407 8
364 430 8
364 431 1
364 486 5
364 489 7
364 490 1
364 500 6
364 507 9
364 555 5
364 570 4
364 573 1
365 371 9
365 380 5
365 383 9
365 428 1
365 448 7
365 458 1
365 490 7
365 495 10
365 497 2
365 507 4
365 537 9
365 546 8
365 552 8
365 555 9
365 556 9
365 595 3
366 397 6
366 438 1
366 547 1
366 549 3
366 567 10
366 578 10
366 597 4
367 409 6
367 410 6
367 454 6
367 517 1
367 546 4
367 563 1
367 575 7
367 580 7
367 587 1
367 590 1
368 372 5
368 416 2
368 431 7
368 433 8
368 514 10
368 524 9
368 533 1
368 548 3
368 556 7
368 558 9
368 572 3
368 582 7
369 370 9
369 375 5
369 413 4
369 420 9
369 433 7
369 447 7
369 454 10
369 455 6
369 464 2
369 502 5
369 504 1
369 506 7
369 558 7
369 578 7
370 391 9
370 394 5
370 413 5
370 427 10
370 439 6
370 442 9
370 459 3
370 464 4
370 465 8
370 476 2
370 483 4
370 506 9
370 509 6
370 513 10
370 550 7
370 568 10
371 419 8
371 428 5
371 465 5
371 480 2
371 488 5
371 494 3
371 516 10
371 531 6
371 548 9
371 565 1
371 568 2
372 410 1
372 423 9
372 427 8
372 491 7
372 498 8
372 545 3
372 572 1
372 590 9
373 377 10
373 423 2
373 433 3
373 454 5
373 474 1
373 476 6
373 489 9
373 511 9
373 520 1
373 539 8
373 555 7
373 564 3
373 570 8
374 405 3
374 408 9
374 409 1
374 411 7
374 429 1
374 434 10
374 435 4
374 468 9
374 471 2
374 488 5
374 491 10
374 502 10
374 527 3
374 550 8
374 553 9
374 599 7
375 386 9
375 439 9
375 454 6
375 504 2
375 598 1
376 417 10
376 426 2
376 484 8
376 513 10
376 519 3
376 563 9
376 596 10
377 406 9
377 427 3
377 488 7
377 496 4
377 506 1
377 513 7
377 530 2
377 531 1
377 543 6
378 399 6
378 427 10
378 485 7
378 501 10
378 504 1
378 519 8
378 542 4
378 548 8
378 568 7
379 441 10
379 461 8
379 473 5
379 514 7
379 536 9
379 548 8
379 550 9
379 551 3
379 596 5
380 408 8
380 414 7
380 420 5
380 459 7
380 501 7
380 534 7
380 550 5
380 563 10
381 394 7
381 402 1
381 454 2
381 456 8
381 459 8
381 465 9
381 471 7
381 529 6
381 533 8
381 543 9
381 573 4
381 574 4
381 588 6
382 388 2
382 428 3
382 437 4
382 452 6
382 468 2
382 469 4
382 472 3
382 509 2
382 523 8
382 534 8
382 561 1
382 591 4
383 410 2
383 441 10
383 452 1
383 463 9
383 502 4
383 511 2
383 522 7
383 549 7
383 559 5
384 398 4
384 448 6
384 480 3
384 511 2
384 531 2
384 549 1
384 566 10
385 388 7
385 420 4
385 432 8
385 442 8
385 444 8
385 460 3
385 473 5
385 495 1
385 514 6
385 520 8
385 523 4
386 420 6
386 484 7
386 491 5
386 500 1
386 523 10
386 540 4
386 546 3
386 554 10
386 558 9
386 560 5
387 390 7
387 449 5
387 458 9
387 466 10
387 470 1
387 473 2
387 482 4
387 490 4
387 515 4
387 522 5
387 578 10
388 402 9
388 414 2
388 430 7
388 448 8
388 450 4
388 458 3
388 516 1
388 519 2
388 525 10
388 573 4
389 402 7
389 414 8
389 415 8
389 416 7
389 421 8
389 428 3
389 482 10
389 524 9
389 539 2
389 556 4
389 595 5
390 412 6
390 423 4
390 444 7
390 477 8
390 482 7
390 489 2
390 516 1
390 525 2
390 547 6
390 548 10
390 557 10
391 396 8
391 404 8
391 420 10
391 458 1
391 492 1
391 507 10
391 516 4
391 531 2
391 540 5
391 550 10
392 419 2
392 473 3
392 510 7
392 514 9
392 516 5
392 568 8
392 591 9
392 593 8
393 396 3
393 407 4
393 414 4
393 415 6
393 427 2
393 434 3
393 442 5
393 552 3
393 562 4
394 396 6
394 427 10
394 442 5
394 463 8
394 485 7
394 487 5
394 514 9
394 534 10
394 536 5
394 571 10
394 584 3
395 404 8
395 423 4
395 438 5
395 442 9
395 449 6
395 457 3
395 526 9
395 539 3
395 566 10
395 587 8
396 402 10
396 408 2
396 415 3
396 430 5
396 432 9
396 446 4
396 491 8
396 494 5
396 524 8
396 539 3
396 545 1
396 548 7
396 564 7
396 587 10
397 408 6
397 463 1
397 472 8
397 484 7
397 492 7
397 501 9
397 511 9
397 518 7
397 524 2
397 533 3
397 557 5
397 585 10
397 592 5
398 413 6
398 423 4
398 447 6
398 480 3
398 508 3
398 556 9
398 563 7
398 572 10
398 584 10
398 594 2
398 598 9
399 437 4
399 451 9
399 457 1
399 527 6
399 539 7
399 551 9
399 555 5
399 557 4
399 560 10
399 570 4
399 590 10
400 402 8
400 416 2
400 440 1
400 460 4
400 487 6
400 493 3
400 502 1
400 527 5
400 567 10
400 583 6
401 421 8
401 498 7
401 524 10
401 559 2
401 583 6
402 479 6
402 485 3
402 491 5
402 495 9
402 508 1
402 570 8
402 586 9
403 426 1
403 434 6
403 450 5
403 459 10
403 467 10
403 468 1
403 485 1
403 489 6
403 494 10
403 503 10
403 511 9
403 533 10
403 534 4
403 539 4
403 545 5
404 419 6
404 431 10
404 455 6
404 465 1
404 487 7
404 501 2
404 522 2
404 547 9
404 596 7
405 433 9
405 440 1
405 502 3
405 598 7
406 450 4
406 457 1
406 465 5
406 484 6
406 494 6
406 512 1
406 530 7
406 571 7
406 580 1
406 587 7
406 595 4
407 412 1
407 419 7
407 426 5
407 455 2
407 480 2
407 486 8
407 520 6
407 569 7
408 417 8
408 418 1
408 420 9
408 430 6
408 474 5
408 544 10
408 557 4
408 582 3
409 426 8
409 431 7
409 458 6
409 470 6
409 517 2
409 539 8
409 562 10
409 599 7
410 432 5
410 472 10
410 475 4
410 487 1
410 502 3
410 523 2
410 557 7
410 591 3
410 592 10
411 436 1
411 441 6
411 447 1
411 452 10
411 461 2
411 485 9
411 493 7
411 560 4
411 566 7
411 567 3
411 575 10
412 416 8
412 417 8
412 437 3
412 468 7
412 471 6
412 478 8
412 517 2
412 537 7
412 552 5
412 553 3
412 557 6
413 425 9
413 432 5
413 457 9
413 506 1
413 515 7
413 516 2
413 584 7
413 590 1
414 417 2
414 420 9
414 452 6
414 472 4
414 486 9
414 489 9
414 514 3
414 518 7
414 546 5
414 559 1
414 576 1
414 598 4
415 474 9
415 487 9
415 489 6
415 524 5
415 547 6
415 563 3
415 585 9
416 425 5
416 427 9
416 431 1
416 440 10
416 495 7
416 512 5
416 551 10
416 576 10
417 437 1
417 446 1
417 454 8
417 470 3
417 477 4
417 498 7
417 530 9
417 540 8
417 541 7
417 559 9
417 569 10
417 570 3
417 576 3
417 599 10
418 458 4
418 476 7
418 519 10
418 531 4
418 541 2
418 560 5
418 573 1
418 578 7
419 420 3
419 422 5
419 423 5
419 428 5
419 443 6
419 486 4
419 500 10
419 501 7
419 528 5
419 534 2
419 540 8
419 561 2
419 566 5
419 586 3
419 593 10
420 424 5
420 429 10
420 435 6
420 452 5
420 468 1
420 502 1
420 564 8
420 580 1
420 593 4
420 594 6
420 595 10
421 433 9
421 436 9
421 437 6
421 469 9
421 484 5
421 519 10
421 591 6
422 426 2
422 427 5
422 433 1
422 445 7
422 449 6
422 493 8
422 513 1
422 522 7
422 542 7
422 550 4
422 561 3
422 581 9
423 430 6
423 436 9
423 440 1
423 492 1
423 496 4
423 497 1
423 520 3
423 587 3
424 445 3
424 469 8
424 484 8
424 494 5
424 495 6
424 550 6
424 564 10
424 566 5
424 587 3
425 452 2
425 470 10
425 487 6
425 496 6
425 509 2
425 511 4
425 526 1
425 544 9
425 547 6
425 566 9
426 471 7
426 472 9
426 477 4
426 511 8
426 515 6
426 584 2
427 468 8
427 508 9
427 515 7
427 527 10
427 541 1
427 554 9
427 561 3
428 456 9
428 469 6
428 471 7
428 506 4
428 541 4
428 553 6
428 592 10
429 434 8
429 439 7
429 452 9
429 468 3
429 505 4
429 514 1
429 528 6
429 529 6
429 592 1
430 444 1
430 456 5
430 469 10
430 483 1
430 498 10
430 503 9
430 513 7
430 565 1
430 588 6
431 445 7
431 478 8
431 502 5
432 457 7
432 503 8
432 529 9
432 538 5
432 563 4
432 599 5
433 444 1
433 467 9
433 484 3
433 487 10
433 493 6
433 497 1
433 563 1
433 581 8
434 469 5
434 478 3
434 486 5
434 567 2
435 439 3
435 487 7
435 518 8
435 530 4
435 535 9
435 578 7
435 589 2
436 438 7
436 443 8
436 485 9
436 554 3
436 560 7
436 574 6
436 575 10
436 585 6
436 589 4
437 466 6
437 479 9
437 506 9
437 507 8
437 516 9
437 518 3
437 526 8
437 542 4
437 549 3
437 554 8
437 565 3
437 573 9
437 575 10
437 585 9
437 592 1
438 440 4
438 466 5
438 468 8
438 486 10
438 489 6
438 500 5
438 518 1
438 536 2
438 553 4
438 560 10
439 455 7
439 531 2
439 559 7
439 579 8
440 442 7
440 446 10
440 480 3
440 487 8
440 502 10
440 546 1
440 553 6
440 557 2
440 583 10
440 585 2
441 481 7
441 484 9
441 506 4
441 510 5
441 519 10
441 545 3
441 547 5
441 562 3
441 565 9
441 591 5
441 593 4
441 597 4
442 473 1
442 477 5
442 488 8
442 490 6
442 501 6
442 531 4
442 534 9
442 544 2
442 558 1
442 582 7
442 595 3
443 449 5
443 453 4
443 487 5
443 495 7
443 514 2
443 531 6
443 545 6
443 548 5
443 576 2
444 445 4
444 457 10
444 470 9
444 479 5
444 484 4
444 501 5
444 523 8
444 575 3
444 577 9
444 591 3
444 597 8
445 458 1
445 462 7
445 465 7
445 468 6
445 473 4
445 505 10
445 512 4
445 515 7
445 537 2
445 583 1
446 470 2
446 482 9
446 498 6
446 500 6
446 503 5
446 504 9
446 505 3
446 546 3
446 563 3
446 579 7
447 465 8
447 486 5
447 495 5
447 512 3
447 518 8
447 543 9
447 562 2
447 566 10
447 569 10
447 587 4
448 466 10
448 468 10
448 503 3
448 544 6
448 552 8
448 561 6
448 588 8
448 594 3
448 598 5
449 455 9
449 484 3
449 508 6
449 510 9
449 521 1
449 522 3
449 547 4
450 474 1
450 478 5
450 511 6
450 518 4
450 525 3
450 534 3
450 548 8
450 550 7
450 554 5
450 555 7
450 568 8
450 584 6
451 459 7
451 475 9
451 532 2
451 544 8
451 548 8
451 558 4
452 463 5
452 466 7
452 475 9
452 478 2
452 505 10
452 512 3
452 540 3
452 561 4
453 471 10
453 472 1
453 479 4
453 487 2
453 492 6
453 522 5
453 530 9
453 552 1
453 553 10
453 592 1
454 470 6
454 477 9
454 479 10
454 489 2
454 527 5
454 529 7
454 551 10
454 554 3
454 574 7
454 579 1
455 467 2
455 477 6
455 510 4
455 563 7
455 572 3
456 468 4
456 478 8
456 505 2
456 511 9
456 516 2
456 525 5
456 548 8
456 568 3
456 572 1
456 593 2
457 469 8
457 498 7
457 518 10
457 541 1
457 568 8
457 581 2
457 582 6
457 591 8
458 465 1
458 482 9
458 507 4
458 538 9
459 492 8
459 507 7
459 550 5
459 582 8
459 583 10
459 586 1
460 485 3
460 509 6
460 528 3
460 566 7
460 585 6
461 464 6
461 478 5
461 480 7
461 491 2
461 518 4
461 529 1
461 532 2
461 588 5
462 477 1
462 507 10
462 522 6
462 561 1
462 565 9
462 581 8
462 592 8
462 598 6
463 467 8
463 474 6
463 480 10
463 495 7
463 518 6
463 543 8
463 556 1
463 557 5
463 564 9
463 586 1
464 476 8
464 520 5
464 522 5
464 543 4
464 551 10
464 587 10
465 484 10
465 495 8
465 501 4
465 503 3
465 569 9
465 578 7
465 579 8
465 586 9
466 470 7
466 481 3
466 519 1
466 536 7
466 547 2
466 551 8
466 552 3
466 560 10
466 572 5
467 484 4
467 491 8
467 584 2
467 594 3
468 499 8
468 502 7
468 509 1
468 515 1
468 531 4
468 554 7
468 555 7
468 556 9
468 566 8
468 573 9
468 588 10
469 474 6
469 490 2
469 529 2
469 559 6
469 569 8
469 593 1
470 505 6
470 515 6
470 542 4
470 553 8
470 564 3
471 486 5
471 495 7
471 504 5
471 513 6
471 565 1
471 585 10
471 594 3
472 548 5
472 569 4
472 596 3
473 491 1
473 502 6
473 503 5
473 534 6
473 564 3
473 566 1
473 578 6
473 583 10
473 595 9
474 488 5
474 529 7
474 543 10
474 545 6
474 548 4
474 572 10
474 585 7
475 486 1
475 499 5
475 539 2
476 496 8
476 498 7
476 553 8
476 559 4
476 563 3
476 572 4
476 594 7
477 527 4
477 557 8
477 594 1
478 482 7
478 484 10
478 507 3
478 509 3
478 524 4
478 525 8
478 533 5
478 536 7
478 545 3
478 591 6
479 525 7
479 535 9
479 580 5
480 491 9
480 492 6
480 547 8
480 566 8
480 583 4
481 483 9
481 552 2
481 568 5
482 490 8
482 494 9
482 519 5
482 527 2
482 542 3
482 545 10
482 557 10
483 488 7
483 497 7
483 501 10
483 521 3
483 524 9
483 570 2
483 594 7
484 497 2
484 498 1
484 522 1
484 543 10
484 576 5
484 578 9
484 594 7
485 487 3
485 499 3
485 513 5
485 516 8
485 517 2
485 578 2
486 503 2
486 514 2
486 515 5
486 517 8
486 557 10
486 565 3
486 575 2
487 523 1
487 525 8
487 540 1
487 592 2
488 491 4
488 501 10
488 529 1
488 552 8
489 510 8
489 560 4
489 562 5
490 510 1
490 520 4
490 530 7
491 493 1
491 499 8
491 502 5
491 517 7
491 541 2
491 555 9
491 586 1
491 592 1
492 514 1
492 523 4
492 546 4
492 566 4
493 495 8
493 543 4
493 565 3
493 575 3
493 590 5
494 524 5
494 541 10
494 551 8
494 554 6
494 591 5
495 536 9
495 548 8
495 551 2
495 585 6
496 502 1
496 506 8
496 524 6
496 573 4
496 595 5
497 520 8
497 533 3
497 537 1
497 561 6
497 566 6
497 569 2
497 578 8
498 514 7
498 521 2
498 532 1
498 543 2
498 552 5
498 560 1
498 566 5
499 505 10
499 516 3
499 541 2
499 562 4
499 598 4
500 525 1
500 569 2
500 575 8
500 587 9
501 532 9
501 535 1
501 597 4
501 598 10
501 599 9
502 518 1
502 519 5
502 523 5
502 541 1
502 584 10
502 585 7
502 590 6
503 505 5
503 522 8
503 590 4
504 583 3
505 506 9
505 513 6
505 551 5
505 571 6
506 516 6
506 531 1
506 566 7
506 587 10
506 594 2
507 509 10
507 514 3
507 516 4
507 526 1
507 541 2
507 545 2
508 522 10
508 541 5
508 569 7
508 571 1
509 519 5
509 522 10
509 546 5
509 591 9
510 512 10
510 523 4
510 577 5
510 585 7
511 514 1
511 520 3
511 529 10
511 531 3
511 550 3
511 555 6
511 568 9
511 584 10
512 528 3
512 561 10
512 563 6
512 599 3
513 521 3
513 526 8
513 572 5
513 573 9
513 574 10
513 575 9
513 591 10
514 529 1
514 557 3
514 594 9
515 516 1
515 556 7
515 557 8
516 528 8
516 546 7
516 565 9
516 572 1
516 597 3
517 529 5
517 544 3
517 549 5
517 553 7
517 598 6
518 530 10
518 571 4
518 577 6
518 583 1
518 589 6
519 524 7
519 533 9
519 536 8
519 539 2
519 591 6
520 522 5
520 541 10
520 544 7
520 551 3
520 564 1
520 572 8
521 522 5
521 525 9
521 526 10
521 535 3
521 540 8
521 548 7
521 570 9
521 575 8
523 541 10
523 573 1
523 574 3
523 595 2
524 536 8
524 551 1
524 553 9
524 567 9
525 536 4
525 538 5
525 545 9
525 548 9
525 555 1
525 585 7
525 588 7
525 589 2
525 598 4
526 528 1
526 550 3
526 554 3
526 568 5
526 585 4
526 588 2
527 542 1
527 558 4
527 566 1
527 587 3
527 595 2
528 535 10
528 570 3
528 582 1
529 531 9
529 543 5
529 596 5
530 537 2
530 549 4
530 583 5
531 543 3
531 556 2
531 566 8
531 577 7
532 539 3
532 544 7
532 557 9
532 572 1
532 595 5
532 599 3
533 547 5
533 562 7
533 564 5
534 536 9
534 554 1
534 582 10
534 591 10
535 539 1
535 542 4
535 551 10
535 553 5
535 557 7
535 569 9
535 598 7
536 572 7
536 596 9
537 538 3
537 541 2
537 582 3
537 599 7
538 553 6
538 567 5
538 573 8
539 594 6
540 585 3
541 575 10
541 589 2
542 578 1
542 599 1
543 552 8
543 570 5
543 588 7
543 596 4
544 590 10
544 597 5
545 552 6
545 569 1
545 575 4
545 586 8
546 551 4
546 569 3
546 586 2
548 561 10
548 573 4
548 574 10
549 556 9
549 590 4
550 558 2
550 598 10
551 552 6
553 563 8
553 570 7
554 567 2
555 584 6
556 565 2
556 584 4
556 591 7
557 575 5
557 578 5
558 566 7
558 587 2
559 566 9
559 584 5
559 593 7
560 576 10
560 589 9
561 587 4
561 595 1
562 572 2
562 590 1
562 593 6
562 597 7
563 570 2
564 574 6
564 588 2
565 588 1
567 579 6
567 599 7
568 569 3
568 585 5
568 591 3
571 583 2
571 592 3
572 589 4
573 594 7
574 595 5
575 578 10
575 587 4
577 585 1
582 583 4
584 587 2
585 595 3
590 598 4
592 593 7
592 594 1
600 299 3
601 599 6
600 601 19
602 619 1
602 647 2
602 688 1
602 703 7
602 724 3
602 762 5
602 791 6
602 796 1
602 821 2
602 825 5
602 833 3
602 836 10
602 837 7
602 845 1
602 855 10
602 874 10
602 878 2
603 613 7
603 627 6
603 655 2
603 660 1
603 676 6
603 734 6
603 796 4
603 837 1
603 846 4
603 860 3
603 868 5
603 875 8
603 898 8
603 900 4
604 613 10
604 649 9
604 654 6
604 705 6
604 723 3
604 756 3
604 806 3
604 832 3
604 836 6
604 843 7
604 853 7
604 858 6
604 877 6
604 887 8
605 609 7
605 611 7
605 619 1
605 627 6
605 649 2
605 663 2
605 680 6
605 683 9
605 709 9
605 770 9
605 782 9
605 789 3
605 805 2
605 824 6
605 842 2
606 655 9
606 727 1
606 761 1
606 762 9
606 766 8
606 803 6
606 804 2
606 805 10
606 817 1
606 827 4
606 849 6
606 850 9
606 855 1
606 856 3
606 872 4
607 613 10
607 615 9
607 646 10
607 647 10
607 654 4
607 655 3
607 668 3
607 675 2
607 686 1
607 733 1
607 740 10
607 746 2
607 751 5
607 753 3
607 773 7
607 791 6
607 805 1
607 855 9
607 857 6
607 868 2
608 615 6
608 636 4
608 651 3
608 684 6
608 689 4
608 695 8
608 718 3
608 729 2
608 751 10
608 753 5
608 757 6
608 771 9
608 775 3
608 777 5
608 844 8
608 870 9
608 877 8
609 611 2
609 654 10
609 659 10
609 698 3
609 701 9
609 759 1
609 773 7
609 805 2
609 807 9
609 813 3
609 821 4
609 859 7
609 883 10
610 629 5
610 660 5
610 690 3
610 722 9
610 723 10
610 751 8
610 766 7
610 785 2
610 790 2
610 796 6
610 797 6
610 801 7
610 834 7
610 838 10
610 865 3
610 884 6
610 891 10
611 627 2
611 658 8
611 660 9
611 671 4
611 720 10
611 760 10
611 776 4
611 798 8
611 799 3
611 819 5
611 835 2
611 844 8
611 854 3
611 855 2
611 856 3
611 862 7
611 863 6
611 891 3
612 615 8
612 632 4
612 649 9
612 662 9
612 679 5
612 694 7
612 730 6
612 776 3
612 778 3
612 819 8
613 617 7
613 709 8
613 714 7
613 764 1
613 778 7
613 779 8
613 785 4
613 808 8
613 834 7
613 838 7
613 848 6
613 860 1
613 863 3
613 871 7
613 873 8
613 877 6
613 901 10
614 619 2
614 633 2
614 659 6
614 678 5
614 753 10
614 794 1
614 831 3
614 835 10
615 629 7
615 664 1
615 670 8
615 686 1
615 690 3
615 693 5
615 715 7
615 720 3
615 729 3
615 743 7
615 770 9
615 792 10
615 799 2
615 819 7
615 893 8
615 898 9
616 648 4
616 653 10
616 672 3
616 689 10
616 692 8
616 693 8
616 695 10
616 697 9
616 702 10
616 708 7
616 711 5
616 742 9
616 750 9
616 815 10
616 836 10
616 841 5
616 869 10
616 874 7
617 618 7
617 621 5
617 665 3
617 667 5
617 677 7
617 719 6
617 731 4
617 755 5
617 760 7
617 770 5
617 798 3
617 803 7
617 842 5
617 850 6
617 870 6
617 876 8
618 648 8
618 662 5
618 745 5
618 757 9
618 832 4
618 833 4
618 855 7
618 864 10
618 877 4
618 887 5
619 636 9
619 647 6
619 668 1
619 670 1
619 690 2
619 692 7
619 701 5
619 706 5
619 725 1
619 795 1
619 797 2
619 814 4
619 822 7
619 825 10
619 870 9
619 879 2
619 883 8
620 658 5
620 667 7
620 712 4
620 716 2
620 725 4
620 740 8
620 751 7
620 764 4
620 775 3
620 824 2
620 826 10
620 838 3
620 848 8
620 859 4
620 883 3
621 641 3
621 650 6
621 652 3
621 656 4
621 680 2
621 684 7
621 716 10
621 735 5
621 773 9
621 873 3
621 886 10
622 634 8
622 669 5
622 672 10
622 682 9
622 688 2
622 711 5
622 713 7
622 729 7
622 746 6
622 835 1
622 866 5
622 887 4
622 892 6
622 893 9
623 636 6
623 663 6
623 698 3
623 753 3
623 771 1
623 781 6
623 796 7
623 798 7
623 800 10
623 842 2
623 851 10
623 858 9
623 861 4
623 887 4
624 645 9
624 654 8
624 713 6
624 726 6
624 775 2
624 776 5
624 808 6
624 809 6
624 817 1
624 824 3
624 873 2
624 874 9
625 642 5
625 672 8
625 703 2
625 715 10
625 722 7
625 730 9
625 747 5
625 818 1
625 855 1
626 628 8
626 638 8
626 661 9
626 672 4
626 687 10
626 688 1
626 699 3
626 707 8
626 725 4
626 744 9
626 754 8
626 765 1
626 774 4
626 810 4
626 816 5
626 817 10
626 824 9
626 846 10
626 897 1
627 630 1
627 632 3
627 645 9
627 671 5
627 672 1
627 686 2
627 695 7
627 699 9
627 708 1
627 726 3
627 734 9
627 735 3
627 763 10
627 804 9
627 823 2
627 854 3
627 855 8
628 664 2
628 672 8
628 688 7
628 731 7
628 733 6
628 747 4
628 759 9
628 776 1
628 809 7
628 813 5
628 831 10
629 636 8
629 648 6
629 655 2
629 664 10
629 682 9
629 723 10
629 768 7
629 793 1
629 808 4
629 811 3
629 816 1
629 820 4
629 826 7
629 828 1
630 647 6
630 726 7
630 752 9
630 758 7
630 797 1
630 849 6
630 893 10
631 633 10
631 661 2
631 674 8
631 682 5
631 687 6
631 689 9
631 691 7
631 693 4
631 701 3
631 727 7
631 743 3
631 780 9
631 785 10
631 796 5
631 818 9
631 827 2
631 840 1
632 637 9
632 662 5
632 664 5
632 672 9
632 678 8
632 688 1
632 691 9
632 710 3
632 712 9
632 721 10
632 774 10
632 777 2
632 794 5
632 893 1
632 899 1
633 653 9
633 778 9
633 847 6
633 895 6
634 644 7
634 651 4
634 680 1
634 750 1
634 766 10
634 828 4
634 836 9
634 874 2
634 875 8
634 886 9
634 890 3
634 893 10
635 660 7
635 681 7
635 715 6
635 717 7
635 725 4
635 743 8
635 747 8
635 764 8
635 807 7
635 821 7
635 828 9
635 837 8
635 842 1
635 857 10
636 638 10
636 647 1
636 652 10
636 667 5
636 677 6
636 719 8
636 734 9
636 742 7
636 760 8
636 784 10
636 859 2
636 889 7
636 900 3
637 642 1
637 689 7
637 709 5
637 724 2
637 736 4
637 754 3
637 778 7
637 802 2
637 826 6
637 847 6
637 871 9
637 873 6
637 876 4
637 897 5
638 660 4
638 665 3
638 676 8
638 677 5
638 689 3
638 690 10
638 691 4
638 705 9
638 707 6
638 735 1
638 744 9
638 772 4
638 785 9
638 790 1
638 811 7
638 820 7
638 834 3
638 854 7
639 650 3
639 651 8
639 652 10
639 664 8
639 669 10
639 677 8
639 683 2
639 688 8
639 708 3
639 715 10
639 720 3
639 727 9
639 741 7
639 746 8
639 759 1
639 812 6
639 822 3
639 841 5
639 846 5
639 849 6
639 853 4
639 863 2
640 642 9
640 686 2
640 693 7
640 717 9
640 739 2
640 760 3
640 783 7
640 852 5
641 642 1
641 646 1
641 667 4
641 680 10
641 732 1
641 745 5
641 749 9
641 821 2
641 847 2
641 851 4
641 882 3
642 645 6
642 651 2
642 654 9
642 663 4
642 699 4
642 706 6
642 738 6
642 759 9
642 761 1
642 771 3
642 775 2
642 791 2
642 797 1
642 798 5
642 886 1
642 897 1
642 899 9
643 664 3
643 682 7
643 701 5
643 702 4
643 833 8
643 859 8
643 872 5
643 877 8
643 901 2
644 652 4
644 678 1
644 704 6
644 727 7
644 775 3
644 791 1
644 799 10
644 812 2
644 825 4
644 872 3
644 878 7
644 884 9
644 889 3
645 657 9
645 669 4
645 746 6
645 767 3
645 778 6
645 786 1
645 789 3
645 811 7
645 869 1
645 879 5
645 884 5
646 665 5
646 687 10
646 696 2
646 700 4
646 701 7
646 721 1
646 723 7
646 752 2
646 777 1
646 783 2
646 796 10
646 806 6
646 858 3
646 868 9
646 875 7
646 896 8
647 684 3
647 687 5
647 723 9
647 730 6
647 802 6
647 805 2
647 814 1
647 825 8
647 834 7
647 848 3
647 853 10
647 875 5
648 670 3
648 705 6
648 730 10
648 736 7
648 762 8
648 766 3
648 832 2
648 835 4
648 846 6
648 848 9
648 854 5
649 675 8
649 676 2
649 680 4
649 681 3
649 683 4
649 700 4
649 778 1
649 780 4
649 791 6
649 824 6
649 826 2
649 845 1
649 873 1
649 879 5
649 891 4
650 671 10
650 740 1
650 743 6
650 765 1
650 781 8
650 804 9
650 865 6
650 877 7
651 678 7
651 685 5
651 697 1
651 699 9
651 704 8
651 707 6
651 719 9
651 724 4
651 743 4
651 753 10
651 787 7
651 806 8
651 820 6
651 836 2
651 886 9
651 892 9
652 653 8
652 668 6
652 705 2
652 718 10
652 725 8
652 728 6
652 744 3
652 747 7
652 763 8
652 766 9
652 802 7
652 809 5
652 822 9
652 840 4
652 847 3
652 873 7
652 882 9
652 901 4
653 658 5
653 696 8
653 707 9
653 744 5
653 747 2
653 749 4
653 756 5
653 781 10
653 789 2
653 805 2
653 809 2
653 810 2
653 811 2
653 817 9
654 695 7
654 702 3
654 728 8
654 759 4
654 762 8
654 776 3
654 831 10
654 833 7
654 847 1
654 848 8
654 879 2
654 885 1
655 674 1
655 687 4
655 785 7
655 810 1
656 687 9
656 705 4
656 722 9
656 726 10
656 751 8
656 773 2
656 779 5
656 781 4
656 785 1
656 803 6
656 824 5
656 828 2
656 858 9
657 661 8
657 663 10
657 688 5
657 692 10
657 729 10
657 749 8
657 756 9
657 768 2
657 783 9
657 811 6
657 893 4
658 683 6
658 686 9
658 695 4
658 708 9
658 711 4
658 736 10
658 761 1
658 770 3
658 785 5
658 802 9
658 824 2
658 885 3
658 896 2
659 694 6
659 728 8
659 763 3
659 774 4
659 782 3
659 792 4
659 814 4
659 824 2
659 831 6
659 839 9
659 873 2
659 888 5
660 686 6
660 722 10
660 778 8
660 810 7
660 812 7
660 836 1
660 860 2
660 861 5
660 868 6
660 888 2
660 894 9
661 673 7
661 677 3
661 731 1
661 741 2
661 742 3
661 761 4
661 791 6
661 793 5
661 799 1
661 804 3
661 807 7
661 835 6
661 868 7
661 877 2
661 883 10
661 888 9
662 675 7
662 680 8
662 684 10
662 708 3
662 712 5
662 727 1
662 754 10
662 813 1
662 814 8
662 822 2
662 824 5
662 871 4
662 875 7
662 896 8
663 677 2
663 681 4
663 729 10
663 743 4
663 762 7
663 769 5
663 790 7
663 832 2
663 850 9
663 851 8
663 854 4
663 871 7
664 687 5
664 707 1
664 739 8
664 741 4
664 759 1
664 761 7
664 833 3
665 671 10
665 725 9
665 735 8
665 756 2
665 764 9
665 784 10
665 789 9
665 829 2
665 830 6
665 850 3
666 669 9
666 674 4
666 727 6
666 736 4
666 742 3
666 753 10
666 830 2
666 885 9
667 706 6
667 712 3
667 753 7
667 770 5
667 796 8
667 809 5
667 834 2
667 876 10
667 886 5
667 893 5
667 894 10
668 689 1
668 711 10
668 772 9
668 791 1
668 796 7
668 805 3
668 810 1
668 817 8
668 827 3
668 835 3
668 842 4
668 883 5
669 671 1
669 674 7
669 702 3
669 707 6
669 752 1
669 778 2
669 780 7
669 781 10
669 796 9
669 801 1
669 805 8
669 817 6
669 818 8
669 836 3
669 838 7
669 866 8
670 672 9
670 682 3
670 707 7
670 731 1
670 756 2
670 759 8
670 777 1
670 808 8
670 832 2
670 833 4
670 837 8
670 838 4
670 840 6
670 883 1
671 731 1
671 737 8
671 765 9
671 770 3
671 776 3
671 786 9
671 810 4
671 812 1
671 850 8
671 852 4
671 890 1
672 675 8
672 721 9
672 757 10
672 766 2
672 772 5
672 801 9
672 836 10
672 840 8
672 842 8
672 868 2
672 871 9
673 689 7
673 702 4
673 703 9
673 757 8
673 765 7
673 766 6
673 775 1
673 806 2
673 828 8
673 859 1
673 868 1
674 761 8
674 797 3
674 809 5
674 815 6
674 818 8
674 832 5
674 846 6
674 892 2
674 897 7
675 680 3
675 689 10
675 690 9
675 746 4
675 754 5
675 800 7
675 804 5
675 817 4
675 822 4
675 863 6
675 870 4
675 873 2
675 886 1
675 892 2
676 709 9
676 735 8
676 756 9
676 777 10
676 843 1
676 895 8
677 685 2
677 696 2
677 714 5
677 737 7
677 762 6
677 768 1
677 899 4
678 679 3
678 686 8
678 718 5
678 731 1
678 746 2
678 758 7
678 759 9
678 780 7
678 809 3
678 815 8
678 836 1
678 865 6
678 880 3
678 887 8
679 702 9
679 713 5
679 716 8
679 722 3
679 749 3
679 756 7
679 770 1
679 802 4
679 810 8
679 824 1
679 858 8
679 866 9
679 887 5
680 704 4
680 709 6
680 720 7
680 742 7
680 768 8
680 770 4
680 775 4
680 787 9
680 821 7
680 848 10
680 849 7
680 861 3
680 890 2
680 901 6
681 691 5
681 692 7
681 722 9
681 833 2
681 847 7
681 857 3
681 870 2
681 890 9
682 699 7
682 718 8
682 776 2
682 812 1
682 868 5
682 874 2
682 883 10
683 690 5
683 721 8
683 751 3
683 793 1
683 833 5
683 834 9
683 854 8
683 872 10
684 704 2
684 726 8
684 745 7
684 748 1
684 751 7
684 795 1
684 801 4
684 806 2
684 880 6
684 883 2
684 895 10
684 901 9
685 709 9
685 722 2
685 739 10
685 740 9
685 742 1
685 766 8
685 768 2
685 788 3
685 795 4
685 811 3
685 835 2
685 839 9
685 844 3
685 863 4
685 879 9
686 694 7
686 738 2
686 753 8
686 780 8
686 781 6
686 792 6
686 808 6
686 810 8
686 846 4
686 856 7
686 883 2
686 885 5
686 894 4
687 721 3
687 737 5
687 755 2
687 765 3
687 826 8
687 838 2
687 858 2
687 874 10
687 889 1
687 899 3
688 709 2
688 738 4
688 755 8
688 760 3
688 773 4
688 789 2
688 834 8
688 850 4
688 852 8
688 865 2
688 878 2
688 880 7
688 884 7
688 900 9
689 695 3
689 707 6
689 740 2
689 742 1
689 820 7
690 694 8
690 697 4
690 702 2
690 712 4
690 735 5
690 737 4
690 752 4
690 757 8
690 778 7
690 795 3
690 838 8
690 846 2
690 867 5
690 880 4
691 698 1
691 715 9
691 744 7
691 772 2
691 796 7
691 797 1
691 807 1
691 815 8
691 828 4
691 835 7
691 843 6
691 872 2
691 886 1
691 891 1
692 742 5
692 756 3
692 802 8
692 807 2
692 809 6
692 866 1
692 877 8
693 706 3
693 749 4
693 752 1
693 759 10
693 814 3
693 837 3
693 860 10
693 870 4
694 710 7
694 712 3
694 727 6
694 731 8
694 757 1
694 758 7
694 765 4
694 795 1
694 799 9
694 832 3
694 842 6
694 843 7
694 848 8
694 874 9
695 725 10
695 727 8
695 728 3
695 731 2
695 857 7
695 894 7
696 707 10
696 712 7
696 747 4
696 761 4
696 768 3
696 803 4
696 808 5
696 838 7
696 845 8
696 866 4
696 870 10
696 885 7
696 892 8
697 718 7
697 739 4
697 777 9
697 846 3
697 862 7
697 894 1
698 709 3
698 718 1
698 743 7
698 763 9
698 846 8
698 849 5
698 871 8
699 722 5
699 741 10
699 754 10
699 787 4
699 803 8
699 811 1
699 834 10
699 838 1
699 859 4
699 860 4
699 865 6
699 866 8
699 870 10
699 885 3
699 892 4
700 715 1
700 738 9
700 751 1
700 754 7
700 759 4
700 768 1
700 787 1
700 791 10
700 850 2
700 863 3
701 712 10
701 732 10
701 747 4
701 758 9
701 761 6
701 763 1
701 797 4
701 803 5
701 818 2
701 823 7
701 881 2
701 882 2
702 708 8
702 729 4
702 756 7
702 760 4
702 786 9
702 830 5
702 832 3
702 837 4
702 856 8
702 875 4
703 727 4
703 733 10
703 757 2
703 792 8
703 834 1
703 838 3
703 855 9
703 875 2
704 817 7
704 826 1
704 828 3
704 841 10
704 845 9
704 870 8
704 878 1
704 882 4
704 884 3
704 886 4
704 899 2
705 710 6
705 732 8
705 763 10
705 768 10
705 816 4
705 817 5
705 840 10
705 850 10
705 874 7
706 755 5
706 765 7
706 805 2
706 822 9
706 839 9
706 850 4
706 880 6
707 749 9
707 769 8
707 778 4
707 784 2
707 799 4
707 838 4
707 851 4
707 870 6
707 899 5
708 744 1
708 761 8
708 791 8
708 826 3
708 829 1
708 830 10
708 834 1
708 856 8
709 718 1
709 728 10
709 759 4
709 769 5
709 792 1
709 815 3
710 730 3
710 819 6
710 828 2
710 842 7
710 865 6
710 880 10
711 715 10
711 729 1
711 746 8
711 758 9
711 772 6
711 789 9
711 859 4
711 862 2
712 747 2
712 804 9
712 812 6
712 831 2
712 844 8
712 882 3
713 722 7
713 724 9
713 730 4
713 743 7
713 744 8
713 747 6
713 777 8
713 807 1
713 816 2
713 819 10
713 847 6
713 885 5
714 744 7
714 755 7
714 770 1
714 771 2
714 817 6
714 830 2
714 844 2
714 862 5
715 771 2
715 792 10
715 800 3
715 814 5
715 835 1
715 866 6
716 717 6
716 736 6
716 761 9
716 769 3
716 771 10
716 783 7
716 812 3
716 830 6
716 837 5
716 859 1
716 861 1
716 871 4
716 874 3
716 881 5
717 720 4
717 729 8
717 740 1
717 745 10
717 752 6
717 766 1
717 768 4
717 835 3
717 838 4
717 841 7
717 846 7
717 891 5
717 895 6
718 749 1
718 765 1
718 787 6
718 788 8
718 799 6
718 834 3
718 870 7
718 893 1
718 896 3
719 753 3
719 760 3
719 776 10
719 795 10
719 802 5
719 814 2
719 842 3
719 859 8
719 864 6
719 885 6
719 889 7
720 740 6
720 766 8
720 775 3
720 797 8
720 804 3
720 810 7
720 832 1
720 838 9
720 844 4
720 845 7
720 849 5
720 851 6
720 856 10
720 860 10
721 733 4
721 735 7
721 765 5
721 793 10
721 794 7
721 798 7
721 828 4
721 881 2
722 740 8
722 746 3
722 798 6
722 806 9
722 809 8
722 826 5
723 751 5
723 752 3
723 777 4
723 783 10
723 788 2
723 812 6
723 818 8
723 875 4
724 734 4
724 735 10
724 798 3
724 800 7
724 812 9
724 873 9
725 749 3
725 769 8
725 775 8
725 790 6
725 810 6
725 815 4
725 826 7
725 859 3
725 861 10
725 863 2
725 878 6
726 737 7
726 801 7
726 816 1
726 826 8
726 848 4
726 882 8
726 888 2
727 735 8
727 738 1
727 741 3
727 756 2
727 809 8
727 841 2
727 848 5
727 857 1
727 879 2
727 899 9
728 752 10
728 760 2
728 830 9
728 888 2
729 738 1
729 800 9
729 814 9
729 853 6
729 871 2
729 888 7
729 897 10
730 744 2
730 759 8
730 789 5
730 800 10
730 824 6
730 848 8
730 869 9
731 734 9
731 761 5
731 792 10
731 825 7
731 859 7
732 771 3
732 782 10
732 790 4
732 802 4
732 814 6
732 821 6
732 828 7
732 830 5
732 834 5
732 883 10
732 889 3
732 900 6
733 749 10
733 777 1
733 795 6
733 858 6
734 772 3
734 786 2
734 789 7
734 800 6
734 822 2
734 823 2
734 835 7
734 836 7
735 741 1
735 744 6
735 787 6
735 791 5
735 799 7
735 801 4
735 813 1
735 845 1
735 862 3
736 741 6
736 802 7
736 811 8
736 821 1
736 823 3
736 894 4
737 767 6
737 777 3
737 802 9
737 811 3
737 825 4
737 834 1
737 895 9
738 759 1
738 762 5
738 770 2
738 774 8
738 787 2
738 797 3
738 802 1
738 824 1
738 874 10
738 882 1
738 885 8
738 893 7
739 765 5
739 785 4
739 800 2
739 823 7
739 843 7
739 863 6
739 874 4
739 893 3
740 790 3
740 794 4
740 817 5
740 819 9
740 834 1
740 841 9
740 847 9
740 852 6
740 871 5
740 887 1
741 744 4
741 764 5
741 765 6
741 786 5
741 792 4
741 805 9
741 820 10
741 824 4
741 851 1
741 871 9
741 899 4
742 746 8
742 770 7
742 794 10
742 808 4
742 821 8
742 825 8
742 830 10
742 841 3
742 842 1
742 848 2
742 879 7
742 885 7
743 745 8
743 774 7
743 775 9
743 779 9
743 809 5
744 749 4
744 750 3
744 783 6
744 796 9
744 808 9
744 830 3
744 841 6
744 863 3
744 880 3
744 882 5
745 747 8
745 791 4
745 806 5
745 809 4
745 848 1
745 850 1
745 878 3
745 889 4
746 749 8
746 788 3
746 882 5
746 886 10
747 817 5
747 839 6
747 849 8
747 856 3
747 861 4
747 863 5
747 896 2
747 900 2
748 790 9
748 813 7
748 883 6
749 770 6
749 787 6
749 799 4
749 806 10
749 861 1
749 873 8
749 888 5
749 899 7
749 900 6
750 767 8
750 771 1
750 780 9
750 785 10
750 809 1
750 817 3
750 820 6
750 846 10
750 847 5
750 858 10
750 897 1
751 779 10
751 850 6
751 855 8
751 873 4
751 876 1
751 877 2
751 900 5
752 759 2
752 763 3
752 783 4
752 784 9
752 800 10
752 884 9
753 773 2
753 776 10
753 814 1
753 815 10
753 833 4
753 894 7
754 768 5
754 769 3
754 778 7
754 786 3
754 817 2
754 831 7
754 863 7
754 886 9
755 770 6
755 773 2
755 813 9
755 825 6
755 840 3
756 782 6
756 808 5
756 832 6
756 834 6
756 848 7
756 881 3
756 893 9
757 760 1
757 780 6
757 818 7
757 826 10
757 847 6
757 848 8
757 851 1
757 867 6
757 875 9
757 881 6
758 787 2
758 788 5
758 799 8
758 810 8
758 811 9
758 866 2
758 882 6
758 901 6
759 764 10
759 767 3
759 786 7
759 790 8
759 794 10
759 819 1
759 853 5
759 861 4
759 865 8
759 884 10
760 787 2
760 794 10
760 800 8
760 820 4
760 853 7
760 884 4
760 891 4
760 897 2
761 775 4
762 791 6
762 826 9
762 834 2
762 879 2
762 890 10
763 772 9
763 874 1
763 887 9
763 898 7
763 900 2
764 821 6
764 827 2
764 829 4
764 837 8
764 842 8
764 856 3
764 870 9
764 881 10
764 884 8
765 773 5
765 775 8
765 779 7
765 782 8
765 803 9
765 812 7
765 851 2
765 862 6
765 870 2
766 767 5
766 794 9
766 804 5
766 805 2
766 815 8
766 817 9
766 820 3
766 822 7
766 824 7
766 832 4
766 865 8
766 873 3
766 874 7
766 881 3
767 773 7
767 797 2
767 799 3
767 817 6
767 828 5
767 881 1
768 801 6
768 803 2
768 804 7
768 826 3
768 829 10
768 888 5
768 891 1
769 779 6
769 786 6
769 803 8
769 810 8
769 827 2
769 843 7
769 852 4
769 859 3
769 863 4
769 898 2
770 779 8
770 783 2
770 794 10
770 843 3
770 852 9
770 859 5
770 880 1
770 890 4
770 896 1
770 897 3
770 901 6
771 791 6
771 795 7
771 823 8
771 832 1
771 870 10
771 876 7
771 891 5
772 775 9
772 790 1
772 792 8
772 846 7
772 872 8
773 792 5
773 800 6
773 808 9
773 816 1
773 819 9
773 850 3
773 884 6
774 793 3
774 796 10
774 819 10
774 824 2
774 831 4
774 837 10
774 889 8
775 789 5
775 813 3
775 817 8
775 849 7
776 778 10
776 797 6
776 844 5
776 846 10
776 852 8
776 860 4
776 869 6
776 877 3
777 818 4
777 844 8
777 850 10
777 867 10
778 815 5
778 823 6
778 834 7
778 874 5
778 894 7
779 788 6
779 849 7
779 850 4
780 781 8
780 797 9
780 821 3
780 850 1
780 861 2
780 889 3
781 782 1
781 814 8
781 836 7
781 848 10
781 854 4
781 865 7
781 882 5
782 796 8
782 797 8
782 809 3
782 841 3
782 863 3
782 880 5
782 890 7
782 893 10
783 786 6
783 810 8
783 815 6
783 850 1
783 851 5
783 883 10
783 901 9
784 786 2
784 803 6
784 805 5
784 815 1
784 824 6
784 827 7
784 835 3
784 863 10
784 885 1
784 888 3
784 901 7
785 790 10
785 794 3
785 864 3
785 898 8
786 790 7
786 795 2
786 799 5
786 822 1
786 823 7
786 829 9
786 856 5
786 869 3
786 880 10
786 886 2
786 896 2
786 901 5
787 820 5
787 857 8
788 809 4
788 819 3
788 824 9
788 849 1
789 848 7
789 866 9
789 896 7
790 794 6
790 822 2
790 837 8
790 892 8
791 803 4
791 829 4
791 832 7
791 844 8
791 855 8
791 875 4
791 878 7
791 883 2
792 817 10
792 836 7
792 840 8
792 886 8
792 887 4
793 804 10
793 831 7
793 838 5
793 842 3
793 869 1
794 795 9
794 833 1
794 841 4
794 849 4
794 851 1
794 874 7
794 894 2
795 801 10
795 822 3
795 849 9
795 860 3
795 890 10
796 811 7
796 819 8
796 852 5
796 858 5
796 868 6
796 870 5
796 874 9
796 875 2
796 897 6
797 838 8
797 884 8
797 888 3
797 898 8
798 826 1
798 847 4
798 860 4
798 887 8
799 805 6
799 826 7
799 837 8
799 855 8
799 871 10
799 899 3
800 801 9
800 821 6
800 828 5
800 836 10
800 841 10
800 853 3
800 858 2
801 836 1
801 841 1
801 898 9
802 806 8
802 813 6
802 827 4
802 828 2
802 837 6
802 856 7
803 805 7
803 834 3
803 876 7
804 844 1
804 861 10
804 899 9
805 813 4
805 819 6
805 844 6
805 860 1
805 861 2
805 868 6
805 869 9
805 880 3
806 823 8
806 834 9
806 873 1
807 815 2
807 852 8
807 855 2
807 868 7
807 877 9
807 881 3
807 887 7
807 889 9
807 894 2
808 849 4
808 851 5
808 865 3
808 874 9
809 815 1
809 832 1
809 835 4
809 838 7
809 856 3
809 883 5
809 898 8
810 835 6
810 839 10
810 875 3
811 818 6
811 819 3
811 846 8
811 856 6
811 861 6
811 881 8
812 814 4
812 822 8
812 844 9
812 896 3
813 820 9
813 840 7
814 816 1
814 837 3
814 850 4
814 872 2
814 880 4
814 884 7
814 897 6
815 820 8
815 826 8
815 898 8
815 900 10
816 822 1
816 850 7
816 859 2
816 864 5
816 872 4
816 895 7
817 853 5
817 855 6
817 861 5
817 862 7
817 880 6
817 893 2
817 896 4
818 841 3
818 848 8
818 853 1
818 858 3
818 864 10
818 866 2
818 871 10
818 881 3
818 890 4
819 826 5
819 848 4
819 878 8
819 898 3
820 841 9
820 849 7
820 856 10
820 857 6
821 856 7
821 862 10
821 887 2
822 864 8
822 879 7
823 832 5
823 834 7
823 886 3
824 832 3
824 863 3
824 888 9
826 842 10
826 855 4
826 875 5
826 892 2
827 843 3
827 875 7
827 888 6
827 892 3
828 839 8
828 866 5
828 871 7
829 832 4
829 840 9
829 841 10
829 848 1
829 899 4
830 835 10
830 880 9
831 835 3
831 849 5
831 897 5
832 848 5
832 854 9
832 874 3
832 887 1
832 899 5
833 845 1
833 861 3
834 842 7
834 855 3
834 857 3
834 867 6
834 873 8
835 851 9
836 851 9
836 869 3
837 839 6
837 863 5
837 881 5
837 901 5
838 842 1
838 846 1
838 852 8
838 869 2
838 871 2
838 873 10
838 883 5
838 901 1
839 849 9
839 897 9
839 901 7
840 843 5
840 844 5
840 848 5
840 896 9
841 843 7
841 866 2
841 867 9
841 892 9
841 893 10
842 864 3
842 869 4
842 870 8
842 883 1
842 884 4
842 889 6
843 855 3
843 874 1
843 885 2
843 894 9
844 849 8
844 863 3
844 890 1
845 875 5
845 878 4
845 890 2
845 896 7
845 897 10
846 886 4
846 895 7
847 876 8
847 882 10
847 886 1
848 863 5
848 864 7
849 869 10
849 888 1
850 890 10
850 894 8
851 880 2
851 882 9
851 887 3
851 890 5
851 900 6
851 901 5
852 860 10
852 894 4
853 867 9
853 890 1
856 901 7
857 876 7
857 884 8
857 886 1
859 883 9
859 886 4
859 890 6
860 864 2
860 872 10
860 881 5
860 896 5
860 900 6
861 877 5
862 892 6
863 880 9
863 890 9
866 896 2
868 876 8
868 890 9
869 892 1
870 885 7
871 876 10
872 874 2
872 877 9
872 881 6
873 878 7
874 890 3
876 890 6
877 878 2
877 879 1
879 895 8
881 884 9
881 891 9
881 893 7
882 888 9
883 890 9
883 900 10
884 885 7
884 886 10
886 898 2
890 896 1
893 899 6
895 899 9
902 601 18
903 901 10
902 903 22
