904 6735
98 57 17 74 95 91 18 28 52 70 7 91 32 55 39 15 86 29 40 94 60 36 66 100 82 22 94 41 68 88 27 65 44 44 90 38 34 7 18 37 28 24 28 12 30 18 26 16 46 17 61 58 4 26 57 85 99 50 78 66 90 4 83 85 47 72 23 80 31 92 17 10 67 96 21 97 13 98 64 10 15 24 67 70 1 23 7 100 25 84 17 14 87 99 98 86 23 72 65 53 15 33 14 82 28 35 78 92 84 41 54 50 16 20 20 16 95 78 67 71 61 84 36 99 34 85 84 56 9 1 60 23 85 74 4 65 60 81 56 43 73 9 93 88 81 64 4 27 41 22 97 53 5 84 51 39 68 87 94 76 39 54 99 23 79 2 87 38 35 95 80 7 55 24 95 35 87 50 13 27 71 61 79 28 44 82 66 12 20 11 39 58 16 37 80 94 91 19 31 25 13 63 31 67 86 77 54 73 26 18 51 49 79 82 76 22 63 41 85 82 3 24 39 19 12 70 64 2 88 47 26 100 9 9 19 46 85 24 18 63 41 21 11 71 2 86 93 16 78 29 49 80 52 39 50 16 8 14 17 96 12 95 47 20 55 17 17 91 92 87 53 33 7 15 3 8 100 47 75 29 76 23 9 79 61 10 94 68 75 63 15 86 57 14 57 11 82 74 53 74 72 40 94 34 59 82 91 22 51 30 74 27 75 28 41 45 72 23 59 85 72 79 97 3 33 14 96 70 77 69 5 48 60 50 82 70 84 24 91 34 54 16 61 28 95 53 24 66 76 82 2 99 13 51 53 45 64 49 15 92 69 71 40 80 21 73 49 56 48 91 89 1 6 1 81 53 54 4 18 29 38 72 79 50 74 32 94 37 32 60 28 100 83 19 79 55 43 79 10 91 69 98 43 26 51 23 78 4 79 48 84 16 19 62 65 92 93 10 80 24 22 59 75 56 30 5 10 24 83 71 14 51 20 9 29 70 31 6 73 61 53 56 76 23 18 92 66 62 54 97 86 75 8 12 82 37 17 91 60 99 61 26 2 80 34 30 50 16 87 74 77 40 30 4 14 99 96 32 12 1 28 97 27 87 61 8 23 77 98 83 27 10 8 28 41 93 9 90 8 96 16 84 87 97 88 52 95 35 83 6 87 63 55 13 49 15 20 24 43 69 6 69 30 65 49 70 57 9 12 16 4 27 100 42 23 39 94 69 25 76 74 11 90 80 75 39 46 46 62 40 14 19 9 43 35 9 64 43 17 75 58 73 1 9 14 75 99 7 43 75 35 69 85 24 100 11 14 46 56 27 37 69 97 45 63 31 5 27 25 74 53 83 46 6 43 59 80 42 18 23 84 87 16 84 92 36 12 70 43 68 60 66 64 95 37 48 10 93 34 12 40 99 3 19 35 15 61 67 98 64 20 88 91 87 23 82 74 34 52 68 54 63 33 17 10 22 16 19 14 50 82 6 100 85 24 87 99 36 53 49 99 72 88 89 10 10 71 83 96 22 50 1 36 34 69 45 55 84 16 21 33 97 78 85 33 1 71 84 36 23 32 87 46 71 75 55 80 45 89 27 18 90 27 54 23 95 50 30 31 65 2 63 62 79 99 46 31 69 29 66 43 12 4 88 82 79 94 14 75 82 40 45 71 19 50 46 65 99 75 95 64 76 10 77 54 8 22 84 77 51 1 19 62 5 59 44 35 52 9 9 86 100 53 8 18 2 53 83 1 27 29 64 2 38 92 7 46 13 42 74 63 43 44 77 99 54 20 33 6 80 93 43 79 46 50 97 99 3 31 51 81 59 66 35 49 57 41 46 70 35 71 32 29 66 8 27 20 79 11 77 58 3 19 89 100 68 85 51 22 67 1 3 77 67 37 25 23 29 22 92 63 92 76 91 58 35 69 77 14 79 5 23 34 23 11 85 42 47 35 16 65 36 18 42 2 6 18 76 86 40 68 49 31 95 91 88 29 60 16 94 90 20 69 75 94 31 60 88 78 94 3 42 81 72 35 34 77 53 10 14 92 29 36 87
0 3 60
0 23 6
0 25 58
0 45 18
0 109 20
0 146 60
0 171 25
0 176 72
0 188 59
0 194 51
0 246 52
0 271 86
0 279 73
0 281 60
0 284 16
0 292 33
1 3 22
1 28 10
1 58 52
1 123 96
1 129 72
1 145 19
1 175 34
1 212 80
1 235 32
1 261 90
1 282 42
2 8 13
2 12 15
2 17 94
2 65 38
2 88 26
2 104 51
2 117 95
2 119 43
2 130 71
2 148 7
2 157 19
2 203 94
2 213 17
2 218 69
2 247 45
2 266 2
2 290 41
3 8 57
3 23 17
3 50 25
3 64 30
3 65 78
3 99 77
3 103 25
3 161 49
3 180 47
3 192 10
3 208 80
3 216 78
3 241 100
3 274 21
3 281 42
3 289 66
4 15 15
4 22 32
4 32 92
4 51 65
4 55 26
4 58 34
4 62 87
4 87 84
4 105 53
4 159 32
4 169 100
4 206 73
4 214 29
4 247 1
4 287 14
5 14 37
5 33 18
5 40 90
5 99 66
5 109 95
5 124 18
5 126 42
5 127 96
5 158 64
5 171 52
5 193 75
5 208 93
5 230 3
5 255 48
5 270 87
5 272 68
5 293 14
6 15 18
6 19 59
6 69 30
6 73 43
6 80 45
6 81 17
6 85 27
6 97 49
6 102 100
6 104 78
6 105 21
6 132 28
6 141 79
6 159 86
6 165 64
6 189 48
6 195 76
6 209 29
6 221 94
6 268 93
6 284 23
7 43 41
7 70 9
7 76 74
7 102 68
7 106 1
7 114 76
7 146 15
7 162 87
7 171 43
7 193 28
7 223 4
7 248 54
7 269 57
7 277 99
7 279 50
7 285 25
7 287 77
7 295 98
8 42 77
8 47 54
8 71 70
8 102 56
8 118 84
8 229 56
8 235 20
8 241 31
8 245 83
8 255 100
8 269 25
8 272 75
8 278 22
9 20 65
9 107 83
9 161 47
9 168 84
9 173 36
9 186 22
9 219 98
9 239 22
9 249 17
9 297 77
10 60 26
10 102 22
10 116 86
10 122 76
10 228 71
10 239 10
10 256 52
10 263 20
10 268 38
10 285 57
10 293 89
11 14 94
11 70 41
11 93 44
11 124 65
11 133 71
11 177 26
11 190 16
11 200 47
11 204 53
11 211 38
11 216 64
11 246 87
11 265 36
11 268 47
11 279 74
12 27 58
12 33 45
12 37 96
12 43 26
12 90 73
12 108 73
12 109 47
12 115 58
12 128 48
12 145 17
12 173 20
12 203 51
12 214 36
12 215 57
12 236 7
12 291 24
13 20 2
13 28 47
13 35 20
13 39 66
13 55 70
13 60 97
13 61 82
13 75 16
13 90 1
13 139 71
13 145 31
13 153 40
13 166 6
13 204 78
13 213 13
14 21 15
14 63 74
14 72 8
14 192 40
14 206 46
14 218 32
14 259 86
15 20 56
15 71 79
15 72 2
15 78 75
15 121 81
15 136 89
15 169 83
15 186 88
15 262 65
15 278 85
15 287 86
16 19 84
16 76 50
16 101 55
16 107 32
16 147 83
16 182 71
16 200 33
16 213 53
16 232 53
16 240 72
16 249 11
16 270 30
16 282 36
16 287 25
17 23 55
17 37 96
17 64 65
17 103 53
17 115 27
17 128 50
17 135 8
17 166 58
17 169 4
17 204 34
17 212 38
17 243 92
18 28 68
18 38 77
18 69 56
18 87 52
18 92 63
18 112 91
18 151 54
18 161 17
18 172 23
18 253 36
18 255 39
18 277 55
18 290 41
18 297 92
19 25 78
19 36 51
19 51 73
19 68 13
19 85 75
19 89 28
19 139 60
19 196 91
19 235 32
19 239 87
19 240 41
19 262 39
19 271 96
19 273 44
19 281 24
19 294 85
20 50 87
20 122 91
20 126 62
20 127 43
20 170 95
20 180 24
20 189 33
20 205 48
20 210 92
20 231 55
20 243 35
20 246 31
20 280 61
20 292 27
20 298 74
20 299 38
21 33 77
21 47 46
21 63 3
21 66 4
21 133 25
21 158 62
21 201 94
21 207 56
22 51 100
22 67 86
22 70 46
22 91 47
22 93 29
22 143 21
22 165 32
22 171 16
22 174 12
22 186 45
22 203 10
22 204 6
22 222 20
22 237 94
22 245 5
22 292 11
23 74 49
23 96 39
23 111 93
23 125 61
23 133 18
23 143 66
23 144 51
23 150 94
23 182 64
23 201 53
23 244 49
23 248 40
23 255 66
23 270 95
23 283 48
23 291 18
23 295 80
23 296 93
24 68 16
24 85 61
24 90 14
24 97 47
24 109 28
24 148 77
24 149 43
24 195 37
24 206 34
24 223 62
24 224 30
24 229 38
24 271 73
24 278 30
24 282 28
25 38 17
25 56 91
25 115 45
25 180 83
25 240 41
26 75 91
26 101 98
26 105 45
26 119 91
26 154 37
26 180 62
26 187 85
26 191 84
26 206 79
26 232 17
26 246 29
26 257 95
26 282 77
27 30 94
27 36 93
27 42 4
27 44 22
27 121 36
27 128 40
27 195 55
27 197 49
27 208 21
27 211 44
27 225 73
27 263 3
28 69 71
28 104 90
28 236 45
28 245 68
29 209 24
29 243 37
29 282 10
29 297 21
30 97 81
30 125 52
30 137 9
30 156 94
30 160 37
30 167 45
30 203 73
30 212 53
30 215 25
30 219 19
30 253 81
30 262 18
30 268 63
31 37 84
31 49 39
31 62 50
31 71 75
31 73 45
31 89 99
31 93 95
31 95 88
31 103 71
31 115 49
31 122 10
31 178 12
31 209 93
31 217 29
31 256 35
32 47 29
32 64 38
32 96 7
32 110 61
32 129 90
32 132 68
32 136 55
32 141 78
32 145 12
32 153 79
32 159 82
32 178 88
32 217 97
32 267 62
33 63 5
33 64 11
33 77 97
33 92 95
33 96 61
33 108 71
33 120 39
33 155 11
33 161 17
33 173 78
33 202 33
33 214 66
33 215 87
33 246 45
33 255 10
33 269 68
33 289 31
33 292 91
34 39 5
34 41 90
34 78 51
34 127 46
34 129 57
34 131 57
34 133 75
34 134 20
34 156 35
34 194 56
34 212 7
34 228 83
34 238 69
34 260 63
34 264 46
34 265 65
35 47 9
35 49 6
35 76 35
35 97 99
35 127 16
35 158 4
35 165 76
35 172 100
35 180 69
35 227 14
35 243 44
35 298 30
36 57 81
36 69 27
36 70 20
36 71 38
36 93 16
36 94 23
36 104 35
36 127 24
36 135 79
36 181 10
36 184 95
36 203 66
36 222 17
36 227 53
36 264 100
36 265 86
36 285 15
37 52 45
37 77 2
37 112 23
37 129 50
37 141 37
37 156 21
37 184 17
37 210 92
37 283 48
38 61 17
38 62 12
38 70 13
38 82 12
38 111 41
38 125 94
38 130 38
38 167 61
38 175 83
38 177 5
38 270 35
38 283 17
38 298 28
39 56 13
39 120 78
39 126 22
39 144 30
39 163 95
39 177 26
39 225 30
39 226 32
39 243 40
39 256 74
39 264 33
40 57 14
40 98 76
40 100 21
40 113 86
40 143 92
40 146 12
40 181 33
40 197 60
40 202 23
40 250 98
40 253 24
40 265 64
40 271 91
40 273 13
40 292 76
41 54 25
41 81 18
41 88 10
41 89 41
41 101 97
41 103 74
41 118 19
41 126 71
41 158 4
41 162 65
41 164 96
41 196 85
41 207 96
41 216 88
41 217 58
41 233 28
41 260 1
41 286 33
42 45 49
42 67 87
42 99 77
42 135 12
42 140 71
42 167 36
42 178 35
42 189 68
42 262 59
43 63 50
43 71 10
43 83 72
43 89 25
43 114 34
43 131 41
43 170 86
43 173 27
43 179 37
43 196 11
43 200 97
43 201 59
43 225 14
43 232 13
43 270 55
43 273 98
43 292 8
44 68 42
44 114 8
44 174 87
44 191 94
44 205 40
44 224 87
44 227 32
44 247 16
44 257 99
44 262 3
44 273 4
44 287 33
45 80 22
45 102 14
45 128 82
45 130 84
45 219 37
45 251 58
45 295 69
45 297 77
45 298 43
45 299 47
46 81 66
46 97 53
46 102 95
46 183 24
46 186 19
46 224 7
46 245 30
46 262 68
46 286 14
46 295 71
47 84 27
47 87 53
47 115 65
47 134 67
47 135 39
47 144 96
47 172 34
47 180 37
47 191 50
47 213 89
47 234 21
47 238 24
47 242 3
47 254 54
47 265 59
47 285 39
48 84 11
48 130 79
48 140 68
48 151 5
48 167 26
48 212 33
48 265 10
48 287 20
48 289 8
49 52 80
49 66 79
49 75 38
49 78 47
49 89 44
49 93 60
49 124 26
49 151 96
49 180 76
49 212 92
49 241 87
49 243 24
49 264 77
49 279 23
50 53 73
50 56 66
50 83 96
50 90 48
50 92 68
50 126 49
50 164 6
50 167 58
50 213 60
50 215 85
50 248 25
51 72 16
51 105 62
51 116 9
51 157 25
51 172 33
51 231 69
51 268 4
51 270 11
51 297 58
52 69 3
52 84 55
52 87 17
52 125 28
52 129 2
52 184 93
52 189 71
52 195 88
52 216 16
52 232 47
52 248 11
52 271 40
52 272 64
52 283 58
53 89 88
53 115 83
53 147 6
53 159 45
53 168 41
53 182 17
53 192 81
53 266 17
53 275 33
54 57 94
54 58 78
54 96 9
54 101 27
54 150 46
54 164 13
54 168 37
54 173 3
54 184 15
54 255 43
54 292 71
54 298 42
55 56 45
55 66 15
55 105 12
55 112 32
55 114 30
55 117 10
55 124 94
55 153 22
55 168 74
55 228 51
55 244 61
55 261 56
55 270 9
55 274 5
56 59 48
56 112 77
56 113 38
56 117 65
56 142 61
56 145 31
56 178 94
56 197 70
56 203 57
56 213 91
56 239 82
56 274 46
56 287 93
56 292 48
56 298 40
57 65 15
57 75 41
57 93 84
57 129 30
57 170 4
57 196 68
57 201 11
57 222 13
57 245 61
57 258 32
58 85 38
58 113 64
58 161 92
58 174 46
58 195 24
58 198 49
58 203 93
58 212 100
58 221 86
58 294 9
58 296 61
59 63 16
59 69 2
59 117 82
59 133 25
59 147 92
59 158 15
59 167 22
59 176 36
59 182 62
59 194 61
59 239 51
59 247 54
59 252 97
59 258 32
59 278 57
59 299 16
60 78 42
60 86 21
60 99 28
60 106 74
60 109 11
60 113 91
60 127 17
60 158 56
60 193 66
60 203 65
60 207 48
60 218 66
60 236 2
60 239 57
60 241 78
61 77 70
61 94 10
61 112 11
61 159 46
61 162 54
61 179 25
61 233 67
61 247 89
61 263 86
61 292 79
61 293 91
62 123 91
62 170 27
62 188 74
62 201 47
62 250 42
62 253 16
62 263 19
62 265 70
62 267 41
62 285 29
63 73 12
63 75 9
63 82 84
63 91 78
63 136 26
63 153 84
63 156 95
63 160 27
63 239 40
63 249 24
63 259 96
64 116 1
64 155 34
64 176 93
64 197 54
65 84 58
65 101 11
65 104 95
65 115 95
65 146 90
65 151 85
65 166 85
65 179 16
66 81 59
66 99 83
66 104 10
66 137 26
66 143 1
66 158 79
66 170 18
66 210 82
66 211 90
66 222 26
66 243 17
66 283 19
67 76 51
67 77 100
67 90 65
67 119 78
67 163 91
67 168 88
67 180 25
67 183 92
67 218 21
67 239 18
67 288 45
68 70 30
68 89 28
68 119 39
68 163 24
68 176 69
68 179 76
68 190 60
68 259 37
68 290 86
69 82 94
69 114 46
69 136 11
69 139 95
69 155 76
69 158 28
69 166 28
69 173 65
69 181 53
69 200 44
69 215 36
69 227 56
69 248 44
69 276 100
69 280 33
70 98 86
70 134 88
70 137 9
70 161 77
70 181 60
70 186 78
70 222 74
70 234 90
70 237 58
70 250 64
70 252 65
70 278 26
71 90 91
71 101 77
71 121 14
71 129 76
71 146 70
71 175 59
71 199 38
71 279 16
71 282 34
72 74 17
72 78 43
72 107 51
72 115 70
72 145 39
72 160 86
72 176 77
72 211 34
72 233 37
72 244 9
72 285 19
72 298 24
73 100 69
73 108 48
73 123 36
73 170 47
73 187 73
73 271 77
73 281 4
73 291 36
73 295 93
73 299 81
74 96 27
74 145 69
74 150 95
74 165 54
74 232 39
74 234 5
74 290 92
75 80 54
75 86 39
75 156 8
75 168 49
75 220 41
75 230 29
75 276 39
76 83 78
76 93 5
76 99 72
76 104 14
76 146 65
76 151 42
76 154 90
76 167 34
76 178 89
76 195 25
76 255 80
76 274 61
76 290 1
77 85 35
77 88 49
77 107 93
77 139 67
77 158 75
77 168 14
77 185 13
77 192 28
77 215 52
77 258 18
77 265 71
77 268 57
77 269 8
78 115 79
78 142 57
78 178 48
78 182 7
78 184 95
78 185 77
78 255 64
78 262 18
78 264 90
78 265 28
78 267 60
78 273 79
79 82 61
79 116 48
79 129 55
79 139 92
79 149 61
79 184 7
79 190 78
79 276 9
79 294 52
80 82 45
80 84 35
80 89 65
80 111 9
80 168 14
80 170 68
80 227 26
80 229 37
80 240 76
80 247 85
80 280 15
80 285 33
80 291 32
81 85 73
81 157 79
81 178 60
81 198 36
81 245 97
81 263 50
81 285 64
81 299 56
82 89 80
82 146 76
82 171 55
82 182 35
82 211 20
82 227 67
82 263 93
82 279 97
83 85 27
83 116 44
83 157 93
83 175 13
83 180 60
83 193 2
83 198 27
83 200 27
83 201 79
83 202 63
83 221 55
83 243 64
83 266 29
83 271 39
83 275 47
83 291 1
83 293 17
84 149 7
84 217 89
84 226 65
84 271 8
84 296 4
85 87 20
85 88 87
85 90 79
85 107 27
85 112 73
85 163 98
85 164 45
85 165 18
85 173 47
85 192 72
85 237 61
85 262 91
85 265 84
86 129 73
86 148 44
86 213 62
86 223 99
87 94 23
87 96 76
87 97 5
87 99 38
87 100 4
87 110 43
87 113 36
87 138 57
87 163 60
87 205 42
87 257 45
87 266 24
88 128 1
88 130 48
88 149 96
88 179 40
88 203 78
88 219 74
88 223 64
88 227 28
88 251 18
88 260 81
88 269 74
88 272 89
88 278 94
88 293 16
89 92 73
89 173 66
89 238 60
89 241 86
89 296 16
89 297 34
90 98 62
90 101 21
90 115 23
90 130 65
90 177 63
90 191 58
90 207 73
90 220 22
90 224 52
90 234 17
90 247 98
90 251 52
91 96 16
91 109 45
91 172 91
91 180 94
91 182 18
91 223 55
91 230 21
91 252 35
91 279 35
91 281 46
91 290 76
92 122 28
92 125 61
92 133 100
92 135 45
92 155 72
92 187 85
92 202 61
92 204 5
92 215 98
92 219 81
92 260 27
92 261 63
92 269 95
92 274 37
92 297 35
93 122 17
93 124 88
93 128 4
93 130 66
93 169 39
93 181 19
93 194 10
93 198 30
93 200 12
93 204 79
93 252 36
93 264 84
93 278 65
93 297 70
94 98 29
94 103 92
94 106 50
94 116 42
94 152 91
94 158 94
94 169 13
94 174 28
94 179 6
94 243 70
94 272 25
94 282 86
94 287 96
94 297 39
95 106 81
95 116 32
95 132 26
95 179 49
95 184 71
95 188 29
95 204 66
95 215 10
95 224 99
95 243 27
95 252 91
95 265 63
95 268 5
96 111 26
96 145 46
96 202 21
96 272 47
96 277 75
96 293 13
97 101 96
97 150 16
97 152 55
97 180 42
97 186 80
97 203 34
97 255 47
97 269 49
98 149 59
98 167 85
98 173 97
98 176 49
98 197 17
98 205 80
98 242 74
98 259 17
98 262 51
98 264 54
98 271 82
98 277 60
98 287 53
99 104 8
99 149 50
99 165 67
99 197 64
99 225 27
99 226 12
99 229 36
99 231 73
99 235 38
99 246 48
99 248 69
99 266 5
100 106 55
100 109 62
100 145 85
100 149 88
100 151 60
100 161 33
100 180 98
100 201 44
100 247 81
100 253 47
100 255 60
100 269 61
100 272 72
100 274 28
100 282 63
101 148 78
101 201 9
101 202 22
101 210 30
101 227 68
101 260 23
101 276 96
101 279 83
101 290 49
101 295 59
102 110 19
102 132 21
102 177 97
102 185 18
102 187 41
102 190 1
102 293 72
103 106 54
103 119 85
103 160 60
103 165 14
103 172 70
103 194 9
103 208 9
103 234 50
103 264 55
103 270 69
103 280 62
103 291 27
103 292 96
104 106 24
104 123 4
104 144 57
104 161 97
104 189 85
104 228 24
105 108 19
105 128 32
105 144 59
105 157 19
105 193 42
105 205 77
105 211 92
105 269 38
106 111 94
106 154 84
106 156 39
106 162 18
106 171 38
106 185 75
106 187 29
106 190 51
106 194 96
106 245 37
106 253 59
107 147 46
107 198 92
107 202 79
107 205 59
107 234 70
107 243 27
107 246 83
107 249 25
107 251 35
107 259 79
108 114 61
108 116 10
108 130 50
108 180 44
108 182 68
108 188 20
108 196 85
108 211 96
108 234 11
108 274 75
109 115 90
109 125 47
109 162 65
109 221 59
109 251 84
109 255 39
109 280 87
110 132 86
110 134 35
110 139 23
110 153 96
110 189 32
110 191 66
110 241 27
110 248 90
110 261 87
111 117 5
111 118 24
111 125 63
111 130 39
111 136 55
111 174 75
111 189 100
111 216 56
111 221 18
111 230 68
111 242 75
111 243 55
111 245 63
111 270 38
112 128 29
112 137 4
112 162 84
112 178 93
112 185 62
112 192 19
112 256 83
112 264 100
113 129 56
113 134 69
113 160 75
113 170 3
113 183 52
113 202 92
113 276 29
113 282 94
113 294 79
114 122 85
114 129 69
114 130 93
114 132 23
114 133 23
114 168 68
114 268 75
114 269 78
114 272 37
114 288 42
114 290 5
114 297 91
115 127 56
115 155 94
115 214 71
115 230 12
115 240 77
115 270 15
115 277 73
115 283 47
115 289 50
116 153 25
116 175 54
116 186 18
116 190 99
116 224 56
116 232 22
116 267 90
116 276 37
117 146 67
117 169 20
117 177 21
117 181 35
117 213 65
117 222 96
117 240 58
117 242 32
117 257 70
117 286 87
118 128 68
118 138 11
118 185 43
118 188 11
118 202 18
118 207 36
118 226 33
118 259 29
118 292 64
118 293 48
119 125 54
119 154 10
119 165 97
119 168 78
119 181 15
119 195 66
119 240 76
119 247 71
119 249 39
119 275 17
119 293 7
120 123 5
120 129 89
120 146 27
120 149 40
120 165 53
120 169 74
120 180 49
120 217 84
120 221 43
120 226 87
120 244 3
120 264 5
120 277 30
120 283 65
120 284 23
120 294 65
121 148 98
121 149 3
121 210 29
121 224 97
121 229 56
121 243 90
121 278 45
122 130 33
122 161 5
122 172 62
122 192 60
122 195 75
122 229 1
122 232 29
122 239 33
122 248 57
122 271 17
122 295 11
123 125 96
123 152 69
123 197 85
123 207 96
123 214 4
123 236 27
123 249 83
123 273 58
123 275 84
123 283 12
123 287 75
124 151 6
124 155 76
124 204 72
124 217 8
124 261 56
124 268 20
124 279 64
125 141 46
125 142 64
125 202 48
125 208 50
125 215 77
125 225 60
125 234 76
125 235 29
125 266 88
125 268 60
125 286 86
125 294 56
126 221 70
126 230 33
126 294 24
127 159 6
127 171 29
127 203 79
127 205 85
127 283 63
127 290 36
128 130 68
128 161 74
128 162 10
128 163 73
128 221 1
128 222 33
128 273 32
128 281 9
128 286 4
128 298 47
129 155 54
129 231 19
129 238 47
129 259 55
129 268 96
130 162 6
130 228 82
130 231 24
130 283 93
130 286 41
131 143 9
131 166 100
131 177 62
131 179 42
131 189 23
131 203 68
131 229 22
131 272 53
131 286 52
131 294 84
132 141 40
132 147 71
132 159 9
132 184 2
132 191 43
132 197 61
132 211 34
132 261 26
132 275 69
132 281 90
132 290 25
132 296 22
133 161 8
133 217 71
133 237 28
133 261 55
133 299 76
134 150 9
134 152 79
134 167 20
134 168 1
134 173 39
134 182 19
134 191 63
134 197 32
134 257 93
134 283 82
135 153 53
135 160 45
135 173 85
135 287 88
136 158 36
136 183 55
136 216 48
136 224 37
136 246 49
136 247 9
136 270 23
136 287 74
136 297 77
137 144 12
137 165 50
137 171 51
137 188 19
137 199 20
137 220 78
137 245 74
137 275 47
137 276 39
137 288 4
138 160 66
138 186 39
138 196 42
138 202 36
138 215 53
138 218 26
138 221 80
138 226 86
138 248 78
138 256 76
138 280 70
138 289 18
138 294 12
138 297 24
139 142 65
139 235 48
139 254 72
139 281 73
139 284 70
139 299 98
140 161 2
140 166 81
140 170 47
140 184 4
140 199 52
140 209 19
140 210 33
140 251 77
140 263 65
140 274 71
140 286 32
141 143 83
141 192 62
141 195 73
141 219 18
141 223 66
141 271 98
141 280 50
141 299 52
142 175 28
142 178 25
142 211 21
142 243 97
142 283 36
142 291 97
143 171 13
143 179 84
143 190 20
143 220 86
143 224 53
144 145 69
144 151 39
144 197 86
144 205 16
144 206 42
144 218 37
144 246 86
144 247 74
144 278 65
144 286 50
144 288 97
144 290 96
144 295 32
145 146 58
145 149 20
145 173 2
145 203 75
145 224 70
145 232 51
145 270 26
145 275 49
145 287 75
145 296 99
146 156 45
146 199 11
146 212 95
146 227 57
146 249 94
146 292 14
147 152 94
147 157 98
147 183 35
147 198 84
147 200 83
147 220 2
147 222 25
147 247 71
147 273 87
147 281 99
147 299 87
148 181 36
148 199 47
148 237 82
148 247 20
148 286 56
148 288 54
149 163 21
149 164 30
149 196 23
149 222 23
149 229 8
149 233 71
149 260 97
149 267 6
149 277 67
150 171 59
150 198 52
150 233 75
150 263 4
150 293 17
150 294 21
150 298 2
151 170 51
151 183 4
151 218 36
151 236 52
151 254 29
151 257 59
151 265 38
151 278 79
152 172 45
152 183 26
152 197 25
152 215 79
152 223 45
152 243 80
152 253 84
152 271 17
152 282 61
152 283 6
153 196 39
153 220 68
153 233 28
153 243 87
153 250 73
154 175 46
154 205 46
154 218 76
154 233 20
154 240 1
154 264 93
155 197 40
155 218 2
155 219 43
155 225 44
155 230 90
155 232 95
155 250 24
155 258 48
155 267 84
156 166 54
156 168 44
156 188 9
156 210 78
156 216 74
156 232 5
156 266 9
156 270 57
156 272 21
156 277 21
156 283 62
156 289 11
157 168 89
157 195 41
157 230 98
157 242 13
157 259 86
157 294 95
157 298 89
158 187 58
158 238 95
158 271 81
159 210 97
159 259 49
160 169 75
160 172 92
160 209 38
160 237 21
160 268 67
160 271 37
160 286 5
161 163 20
161 219 80
161 233 13
161 247 49
161 276 6
162 163 70
162 164 9
162 176 62
162 193 90
162 206 30
162 241 76
162 267 1
162 285 18
163 169 16
163 181 98
163 228 82
163 242 54
163 274 44
163 283 22
164 169 11
164 170 38
164 171 2
164 187 59
164 200 86
164 232 29
164 239 3
164 285 75
165 182 49
165 185 69
165 186 11
165 208 53
165 216 89
165 226 43
165 293 18
166 193 37
166 220 48
166 234 87
166 251 46
166 274 9
167 180 28
167 198 27
167 210 84
167 222 28
167 238 44
167 256 52
167 277 77
167 292 77
168 217 5
168 221 20
168 227 99
168 232 67
168 259 58
168 260 52
168 261 25
168 292 95
168 293 80
168 299 27
169 190 70
169 231 29
169 239 48
169 245 80
169 287 33
170 188 36
170 198 74
170 209 50
170 210 24
170 229 21
170 232 88
170 268 21
170 269 82
170 285 16
171 176 47
171 197 65
171 203 43
171 224 42
171 251 68
172 183 72
172 184 19
172 193 72
172 217 91
172 218 69
172 226 38
172 240 100
172 245 20
172 247 15
172 291 47
173 198 100
173 229 93
173 241 16
173 248 80
173 255 40
173 260 47
173 267 12
174 193 27
174 199 73
174 239 14
174 285 51
174 296 93
175 184 53
175 192 23
175 193 74
175 195 68
175 252 70
175 286 91
175 295 63
176 196 63
176 205 58
176 216 34
176 243 81
176 255 82
176 265 76
176 267 1
176 270 71
176 297 28
177 187 21
177 214 85
177 226 74
177 234 72
177 283 30
178 214 41
178 245 3
178 250 69
178 270 39
178 298 66
179 238 48
179 256 11
179 267 79
180 191 50
180 211 4
180 237 32
181 185 72
181 210 29
181 252 51
181 261 93
181 275 71
182 183 13
182 199 56
182 221 81
182 225 98
182 248 88
182 289 62
182 295 26
182 299 89
183 185 32
183 198 5
183 206 9
183 257 69
183 282 78
184 225 32
184 283 98
185 194 70
185 216 34
185 246 18
185 255 8
186 206 99
186 229 65
186 240 19
186 259 30
186 260 14
186 261 74
186 285 13
186 298 86
187 216 54
187 260 15
187 276 78
187 286 25
187 291 80
188 192 85
188 213 5
188 220 29
188 235 73
188 253 18
188 261 54
188 263 61
188 291 1
189 197 58
189 200 21
189 219 69
189 236 87
189 264 4
189 282 18
189 297 56
190 238 37
190 243 36
190 247 16
190 259 87
190 260 100
190 284 86
191 232 68
191 249 66
191 258 59
191 265 32
191 270 51
192 204 64
192 266 47
192 288 80
192 289 40
193 196 26
193 231 65
193 240 96
193 262 54
193 282 89
193 283 13
194 219 60
194 226 1
194 229 66
194 240 69
194 249 21
194 251 34
194 265 56
194 292 24
195 201 52
195 211 63
195 216 12
195 238 39
195 260 78
195 277 50
196 202 90
196 209 63
196 238 70
196 278 55
196 291 73
197 210 1
197 224 5
197 259 89
197 261 99
197 272 37
197 274 28
197 281 76
197 297 53
198 246 76
198 278 82
198 284 93
199 218 88
199 292 41
199 296 93
200 217 53
200 218 9
200 224 13
200 227 39
200 263 16
201 223 88
201 229 42
201 243 79
201 294 99
202 203 80
202 206 8
202 233 100
202 259 69
202 282 23
202 294 69
202 296 76
203 234 47
203 240 70
203 270 32
203 277 35
204 213 68
205 208 68
205 223 63
205 225 44
205 229 72
205 276 90
205 279 25
206 212 64
206 228 77
206 229 17
206 237 56
206 255 82
206 260 77
206 278 20
206 282 72
207 226 45
207 236 7
207 240 65
207 245 75
207 260 57
207 281 44
208 222 82
208 225 57
208 239 64
208 241 56
208 249 25
208 263 91
208 269 3
209 229 46
209 247 23
209 264 37
209 266 66
209 296 42
210 239 51
210 261 61
210 267 14
211 218 40
211 231 37
211 232 77
211 247 69
211 269 53
211 285 85
212 213 2
212 256 81
212 293 4
213 224 73
213 228 25
213 238 11
213 248 37
213 254 99
213 270 19
213 275 32
214 215 33
214 269 75
214 287 47
214 289 88
215 240 52
215 243 38
215 249 90
215 252 97
216 237 12
216 239 27
216 240 14
216 255 53
217 248 77
217 290 74
218 250 66
218 259 69
218 264 62
218 277 95
219 229 37
219 240 14
219 248 31
219 276 38
219 291 47
220 248 34
220 249 62
220 251 71
220 261 96
220 274 50
221 225 22
221 239 15
221 268 81
221 275 54
221 286 41
221 295 79
221 299 93
222 233 92
222 238 68
222 284 83
223 229 41
223 234 79
223 242 61
223 252 54
223 254 32
223 276 37
223 291 80
224 264 49
224 265 5
225 231 41
225 253 43
225 254 93
225 271 7
225 289 73
226 232 30
226 243 53
226 251 59
226 256 43
227 273 75
228 235 54
228 251 92
229 232 48
229 244 20
229 265 24
230 239 53
230 267 13
230 270 55
231 239 46
231 263 4
231 266 22
231 273 28
231 277 96
231 295 53
232 276 88
232 280 2
232 284 84
233 262 76
233 273 81
234 247 32
234 253 33
234 256 73
234 262 27
234 278 25
234 282 31
234 290 99
234 292 7
235 249 35
235 261 9
236 256 1
236 268 10
237 270 15
237 272 93
237 299 9
238 252 34
238 279 68
238 285 62
238 291 46
239 246 22
239 264 7
239 276 2
240 244 44
240 247 34
240 259 97
241 263 96
242 258 73
242 268 50
242 270 31
242 279 48
242 281 82
243 251 14
243 252 32
243 259 55
243 269 40
243 285 9
243 297 37
243 298 91
244 255 15
244 260 72
245 260 99
245 276 67
245 280 33
246 252 13
246 270 59
246 288 41
247 272 99
247 278 27
247 298 2
248 262 44
248 286 100
249 253 8
249 277 97
249 283 43
249 291 93
250 277 46
250 299 90
251 272 17
252 256 95
252 257 72
252 260 17
252 272 29
252 278 86
252 287 48
252 295 83
253 280 25
254 278 56
255 269 19
255 289 15
256 261 22
256 266 42
256 279 66
256 285 89
257 259 74
257 274 78
257 297 99
258 261 15
258 278 76
259 260 77
259 267 16
259 274 72
261 262 77
262 264 76
262 287 20
263 293 71
263 299 20
264 272 65
264 298 61
265 289 89
266 273 12
266 298 84
267 281 5
269 281 40
269 293 69
270 287 4
271 289 74
272 288 94
273 284 12
273 297 44
274 279 60
274 280 33
274 294 86
275 286 25
277 281 73
277 289 59
278 280 55
283 289 24
283 294 73
286 298 82
287 290 52
289 298 41
290 291 5
291 295 28
294 295 68
294 297 25
300 320 16
300 374 52
300 382 43
300 393 53
300 424 75
300 427 42
300 430 63
300 436 41
300 439 39
300 454 71
300 455 67
300 461 76
300 464 91
300 553 16
300 570 72
300 593 54
301 319 46
301 342 29
301 344 32
301 366 23
301 378 2
301 386 36
301 403 5
301 404 47
301 407 41
301 423 99
301 463 57
301 545 21
301 546 40
301 558 74
301 571 95
302 324 8
302 333 25
302 354 89
302 372 12
302 387 52
302 392 30
302 398 26
302 428 92
302 440 21
302 456 96
302 474 10
302 478 96
302 532 87
302 547 25
302 555 19
302 584 92
303 314 23
303 338 47
303 355 75
303 362 45
303 387 48
303 409 10
303 412 1
303 416 46
303 418 51
303 423 99
303 432 3
303 441 23
303 461 91
303 475 76
303 478 17
303 482 50
303 493 1
303 505 5
303 506 61
303 522 4
303 548 86
303 574 38
304 321 47
304 347 58
304 352 86
304 362 56
304 373 5
304 402 72
304 422 33
304 458 24
304 476 15
304 480 7
304 484 22
304 503 89
304 505 3
304 509 70
304 563 98
305 310 3
305 341 15
305 351 100
305 397 53
305 405 17
305 435 22
305 445 95
305 468 45
305 470 90
305 475 44
305 522 97
305 555 46
305 566 56
305 590 100
306 311 84
306 337 94
306 351 46
306 353 41
306 360 79
306 383 53
306 406 46
306 412 2
306 427 85
306 430 21
306 484 16
306 505 43
306 574 42
306 575 56
307 320 45
307 334 11
307 357 5
307 367 99
307 373 78
307 389 5
307 398 4
307 400 46
307 437 78
307 448 98
307 481 90
307 486 20
307 498 42
307 503 86
307 524 65
307 544 97
307 548 37
307 567 48
307 593 42
308 329 82
308 353 41
308 390 72
308 424 35
308 428 86
308 445 73
308 469 71
308 470 6
308 514 40
308 538 14
308 549 99
308 564 95
308 572 58
309 311 62
309 325 100
309 337 9
309 338 39
309 342 56
309 367 12
309 422 36
309 432 33
309 437 9
309 462 26
309 491 52
309 561 2
309 584 63
310 314 69
310 324 99
310 335 100
310 342 68
310 379 92
310 430 33
310 434 8
310 454 64
310 457 67
310 470 45
310 500 88
310 512 38
310 515 2
310 523 28
310 538 51
310 551 1
311 333 22
311 340 60
311 345 62
311 418 73
311 432 20
311 441 52
311 449 28
311 491 31
311 508 87
311 509 61
311 555 40
311 572 64
311 576 64
311 577 93
311 579 79
312 318 32
312 334 43
312 338 78
312 365 100
312 370 35
312 386 10
312 396 59
312 398 50
312 455 29
312 463 4
312 468 37
312 470 66
312 489 5
312 492 64
312 535 68
312 541 57
312 563 86
312 574 79
312 575 18
313 321 10
313 323 99
313 330 69
313 357 38
313 395 81
313 407 8
313 438 98
313 445 72
313 448 71
313 449 13
313 452 65
313 454 49
313 457 45
313 466 7
313 471 78
313 483 96
313 487 41
313 503 40
313 509 54
313 519 90
313 525 20
313 565 57
314 361 27
314 367 37
314 386 14
314 405 42
314 407 4
314 422 70
314 462 79
314 481 34
314 525 40
314 533 89
314 542 32
314 546 8
314 576 26
315 322 13
315 343 67
315 345 75
315 412 36
315 416 38
315 424 87
315 425 100
315 470 38
315 472 31
315 477 7
315 495 68
315 497 78
315 498 99
315 500 59
315 526 32
315 554 89
315 579 78
315 594 88
315 597 67
316 320 14
316 336 1
316 338 8
316 410 69
316 530 23
316 537 39
316 590 2
316 592 62
317 349 27
317 357 86
317 360 21
317 390 52
317 394 50
317 419 88
317 424 78
317 472 85
317 484 77
317 506 64
317 511 85
317 560 14
317 586 47
317 595 91
318 322 33
318 392 24
318 406 89
318 429 91
318 433 55
318 434 29
318 435 68
318 469 95
318 472 47
318 489 33
318 499 47
318 537 7
318 546 1
318 563 69
318 584 45
319 410 3
319 460 82
319 474 71
319 494 40
319 499 3
319 506 74
319 510 89
319 526 90
319 534 51
319 562 73
319 567 66
319 597 14
320 325 9
320 473 31
320 479 12
320 497 51
320 499 16
320 507 36
320 549 92
320 592 6
320 595 42
321 323 20
321 337 26
321 352 88
321 359 19
321 382 58
321 385 35
321 390 25
321 403 59
321 421 55
321 448 69
321 461 13
321 467 37
321 473 91
321 476 52
321 509 91
321 534 64
321 580 92
321 582 80
322 329 14
322 330 16
322 362 97
322 364 79
322 366 25
322 402 79
322 410 91
322 460 27
322 465 94
322 468 78
322 482 18
322 532 52
322 556 71
323 332 90
323 333 29
323 334 59
323 432 8
323 437 86
323 443 45
323 476 84
323 482 96
323 495 51
323 496 52
323 537 60
323 563 87
323 576 42
323 585 63
324 343 29
324 344 5
324 406 54
324 475 8
324 556 70
324 586 22
325 354 56
325 372 48
325 385 46
325 403 35
325 411 90
325 416 72
325 436 80
325 466 67
325 470 42
325 487 31
325 494 38
325 495 31
325 510 59
325 512 48
325 574 90
325 576 97
326 365 92
326 377 73
326 439 44
326 458 42
326 461 24
326 465 4
326 466 81
326 493 17
326 523 18
326 539 9
326 562 73
326 582 72
327 343 69
327 350 42
327 355 93
327 385 76
327 404 41
327 415 90
327 427 10
327 510 31
327 517 13
327 527 42
327 553 49
327 555 54
327 560 24
327 577 38
327 578 36
327 584 35
327 594 85
327 598 25
328 345 31
328 373 28
328 378 49
328 417 26
328 424 22
328 464 24
328 477 81
328 492 54
328 521 40
328 523 99
328 544 14
328 550 64
328 555 22
328 571 34
328 599 5
329 357 66
329 392 10
329 408 98
329 441 55
329 454 71
329 508 80
329 534 19
329 536 12
329 552 28
329 554 25
329 559 36
329 583 18
330 333 12
330 336 70
330 348 54
330 373 89
330 421 52
330 431 82
330 445 37
330 453 77
330 479 55
330 507 61
330 522 58
330 527 60
330 537 52
330 582 56
330 596 73
331 341 16
331 352 77
331 357 7
331 369 72
331 412 42
331 413 68
331 422 21
331 452 48
331 461 38
331 512 100
331 536 18
331 537 50
331 542 80
331 563 42
331 586 85
332 375 97
332 384 54
332 401 6
332 407 50
332 417 42
332 421 57
332 457 83
332 487 30
332 490 33
332 491 89
332 528 42
332 530 42
332 541 48
332 552 94
332 565 49
332 586 21
333 335 61
333 416 25
333 447 79
333 457 32
333 498 18
333 502 46
333 515 53
333 554 17
333 558 83
333 585 4
334 338 35
334 353 84
334 366 83
334 369 28
334 382 20
334 395 31
334 420 33
334 426 25
334 431 81
334 542 26
334 568 81
335 380 15
335 398 56
335 404 66
335 419 4
335 429 97
335 436 59
335 444 51
335 446 42
335 455 8
335 489 23
335 512 2
335 521 84
335 524 53
335 535 86
335 548 2
335 552 98
335 558 90
335 562 70
335 572 33
336 342 93
336 367 4
336 400 68
336 428 76
336 456 84
336 475 88
336 491 6
336 498 16
336 513 12
336 515 38
336 534 42
336 541 45
336 550 5
336 570 49
336 572 62
336 573 8
336 589 97
337 364 20
337 414 10
337 439 39
337 441 79
337 461 33
337 472 92
337 560 63
337 566 85
338 376 77
338 407 64
338 426 35
338 435 66
338 469 33
338 481 19
338 504 59
338 528 89
338 564 86
338 577 86
339 352 72
339 361 73
339 382 43
339 395 39
339 427 37
339 432 33
339 509 80
339 587 33
340 390 37
340 457 80
340 483 94
340 488 96
340 491 77
340 509 65
340 515 5
340 547 67
340 583 44
340 589 89
341 392 58
341 418 6
341 435 26
341 471 35
341 489 21
341 491 60
341 494 52
341 496 5
341 506 30
341 516 62
341 560 93
342 353 15
342 401 99
342 413 16
342 431 40
342 454 94
342 486 55
342 487 28
342 574 26
342 585 86
342 589 60
343 352 14
343 376 18
343 377 5
343 380 9
343 385 46
343 396 21
343 419 65
343 420 12
343 490 16
343 503 54
343 510 69
343 542 73
343 549 79
343 563 55
343 590 93
344 362 90
344 363 59
344 397 50
344 423 19
344 447 20
344 474 94
344 485 85
344 489 19
344 537 10
344 582 76
344 594 12
344 596 16
345 360 3
345 408 89
345 433 53
345 439 14
345 441 2
345 513 70
346 356 70
346 362 62
346 384 15
346 396 43
346 399 26
346 400 78
346 417 58
346 442 79
346 482 47
346 512 31
346 538 9
346 546 53
346 568 75
346 591 98
347 381 11
347 410 24
347 430 68
347 447 83
347 449 70
347 454 5
347 462 1
347 479 31
347 480 80
347 491 64
347 498 46
347 568 35
347 573 4
347 595 50
348 350 100
348 399 5
348 471 72
348 486 70
348 487 66
348 497 86
348 515 12
348 534 43
348 544 16
348 545 21
348 556 74
348 567 14
348 593 3
349 360 82
349 442 66
349 446 30
349 461 32
349 466 29
349 477 5
349 541 99
349 554 11
349 565 74
349 581 3
349 597 63
350 358 4
350 359 35
350 395 26
350 401 1
350 402 69
350 408 81
350 422 51
350 426 68
350 444 85
350 450 22
350 461 89
350 475 2
350 502 59
350 510 52
350 532 44
350 538 74
350 545 25
350 546 17
350 564 87
350 565 27
350 570 51
350 571 5
350 586 56
350 587 82
351 367 33
351 374 61
351 474 32
351 484 43
351 495 34
351 515 87
351 520 57
351 542 90
351 570 21
351 582 34
351 591 90
352 355 41
352 461 14
352 468 40
352 472 60
352 476 98
352 481 61
352 515 49
352 527 51
352 562 72
352 586 52
352 591 94
353 356 45
353 366 76
353 374 63
353 376 84
353 417 55
353 534 13
353 576 88
353 591 10
354 355 94
354 361 72
354 382 22
354 466 77
354 468 66
354 506 8
354 509 63
354 539 22
354 573 97
355 383 35
355 400 55
355 435 86
355 436 75
355 448 68
355 486 26
355 495 87
355 496 17
355 548 38
355 555 87
355 570 67
355 577 61
356 358 38
356 390 12
356 392 58
356 402 66
356 417 74
356 423 41
356 424 20
356 442 38
356 489 80
356 491 29
356 510 83
356 521 51
356 564 3
356 571 60
356 584 16
356 594 10
356 598 74
357 360 37
357 365 6
357 378 9
357 388 43
357 405 91
357 478 35
357 510 10
357 521 68
357 528 21
357 585 78
358 426 6
358 458 7
358 506 44
358 517 66
358 519 97
358 526 55
358 528 23
358 545 62
358 561 81
358 596 15
359 387 81
359 389 18
359 456 94
359 488 61
359 497 53
359 527 96
359 533 63
359 535 12
359 568 11
359 573 24
359 583 85
359 587 99
359 591 29
359 595 45
360 383 41
360 403 20
360 418 80
360 423 2
360 456 39
360 476 52
360 524 79
360 540 44
360 545 11
360 550 74
360 567 62
360 576 7
360 582 81
360 586 36
360 590 68
360 593 61
361 362 3
361 404 100
361 433 30
361 438 48
361 450 60
361 458 82
361 496 44
361 504 75
361 535 45
361 541 6
361 545 98
361 562 82
361 565 5
361 594 79
362 380 26
362 401 97
362 415 50
362 430 57
362 440 51
362 466 88
362 478 61
362 509 81
362 517 84
362 553 71
363 372 55
363 388 97
363 389 77
363 400 35
363 439 32
363 479 96
363 486 47
363 493 86
363 500 95
363 502 76
363 511 34
363 537 6
364 366 10
364 380 77
364 388 80
364 401 6
364 407 82
364 447 30
364 464 87
364 471 38
364 502 60
364 519 65
364 534 87
364 577 9
365 405 73
365 422 37
365 429 96
365 433 33
365 458 69
365 501 31
365 511 3
365 513 23
365 523 27
365 551 31
365 552 57
365 559 11
365 583 26
365 598 3
366 373 96
366 450 20
366 455 31
366 471 29
366 488 26
366 533 92
367 383 57
367 422 57
367 427 49
367 460 39
367 462 38
367 493 88
367 539 28
367 554 97
367 595 52
368 390 66
368 391 57
368 393 76
368 394 54
368 404 5
368 426 9
368 487 23
368 505 35
368 515 63
368 557 45
368 558 62
368 583 94
369 422 54
369 425 24
369 427 19
369 455 8
369 492 19
369 509 91
369 555 90
369 559 100
369 575 68
370 395 81
370 405 56
370 407 76
370 420 82
370 434 46
370 438 14
370 448 69
370 471 26
370 536 62
370 550 72
370 565 91
371 377 19
371 392 47
371 397 45
371 405 23
371 450 7
371 454 67
371 470 9
371 490 70
371 502 63
371 503 70
371 506 63
371 532 16
371 540 93
372 379 33
372 398 24
372 452 64
372 454 23
372 476 13
372 478 63
372 480 90
372 509 46
372 528 70
372 577 18
372 588 27
372 592 16
373 374 31
373 385 95
373 463 41
373 508 44
373 559 66
373 564 83
373 573 14
373 594 64
374 420 27
374 449 88
374 464 71
374 490 45
374 498 97
374 512 40
374 523 8
374 528 18
374 547 54
374 554 23
374 558 63
375 431 86
375 433 98
375 438 26
375 469 61
375 493 63
375 513 40
375 583 50
376 386 8
376 406 9
376 409 67
376 419 34
376 445 76
376 454 49
376 506 80
376 514 68
376 577 45
377 378 97
377 410 51
377 415 10
377 445 60
377 450 29
377 484 98
377 503 30
377 505 74
377 528 46
377 539 69
377 549 33
377 571 63
377 578 22
377 598 7
378 392 25
378 413 60
378 506 5
378 557 2
379 381 20
379 385 67
379 395 93
379 408 69
379 433 26
379 434 2
379 489 88
379 502 11
379 508 29
379 514 88
379 528 90
379 548 49
379 565 84
379 567 86
379 568 99
379 590 94
380 434 45
380 435 79
380 450 91
380 494 27
380 507 4
380 566 36
380 597 95
381 389 36
381 395 50
381 398 69
381 422 43
381 433 27
381 485 28
381 508 99
381 521 28
381 537 47
381 540 17
381 551 73
381 559 67
381 578 94
381 581 26
381 594 6
382 401 4
382 402 54
382 418 46
382 437 93
382 447 2
382 456 29
382 480 30
382 481 52
382 489 22
382 491 26
382 518 83
382 570 12
383 454 52
383 464 86
383 491 99
383 493 99
383 513 22
383 523 49
383 541 67
383 560 16
383 595 27
384 394 46
384 419 66
384 456 6
384 473 92
384 496 34
384 534 78
384 547 10
384 584 27
384 599 3
385 391 16
385 415 30
385 418 9
385 434 61
385 512 74
385 554 62
385 576 89
385 584 55
385 590 66
386 388 63
386 405 80
386 423 48
386 425 26
386 428 84
386 430 33
386 437 25
386 443 82
386 454 6
386 474 25
386 488 100
386 519 73
386 542 51
386 558 45
386 576 38
387 408 8
387 425 88
387 431 23
387 437 86
387 502 97
387 531 49
387 586 40
387 598 64
388 390 30
388 398 48
388 412 76
388 415 3
388 423 10
388 472 17
388 478 57
388 494 75
388 506 79
388 510 89
388 519 22
388 530 4
388 580 72
389 392 6
389 395 80
389 407 5
389 425 12
389 443 4
389 492 4
389 507 84
389 510 6
389 515 100
389 535 74
389 598 14
390 393 87
390 405 96
390 417 51
390 435 35
390 467 97
390 478 90
390 499 99
390 552 26
390 553 90
390 554 26
390 559 81
390 578 99
390 591 42
390 595 89
391 411 25
391 440 72
391 446 77
391 448 98
391 485 28
392 398 100
392 408 55
392 415 7
392 439 4
392 441 66
392 467 63
392 481 59
392 482 2
392 484 20
392 485 58
392 513 27
392 520 33
392 528 96
392 561 22
392 571 35
392 599 31
393 450 70
393 475 25
393 487 81
393 496 96
393 577 14
394 412 6
394 420 76
394 442 64
394 471 100
394 490 16
394 537 40
394 568 23
394 576 93
394 579 89
394 580 50
394 593 44
395 412 43
395 415 9
395 431 100
395 504 61
395 518 71
395 531 58
395 536 62
395 587 42
396 430 68
396 442 88
396 475 27
396 508 63
396 545 61
396 557 61
396 568 93
396 578 31
396 583 37
396 591 25
396 592 78
396 594 2
397 398 83
397 399 5
397 454 17
397 458 34
397 469 20
397 486 56
397 520 56
397 554 64
397 556 96
397 595 58
398 428 8
398 440 39
398 443 18
398 447 7
398 489 99
398 512 40
398 534 16
398 559 12
398 563 81
398 572 35
398 589 51
399 405 7
399 463 98
399 466 11
399 506 68
399 534 42
399 557 93
399 566 56
399 567 67
399 576 70
400 414 58
400 421 49
400 529 74
400 589 26
400 592 82
400 593 46
401 412 34
401 446 89
401 451 9
401 459 29
401 469 46
401 544 16
401 571 67
401 581 63
402 448 74
402 478 17
402 491 54
402 509 42
402 520 28
402 522 35
402 526 76
402 538 78
402 580 41
403 404 73
403 429 41
403 435 60
403 439 67
403 444 85
403 448 16
403 454 33
403 464 55
403 532 25
403 540 33
403 570 80
403 583 50
403 592 66
404 424 25
404 433 83
404 448 54
404 465 34
404 532 64
404 544 52
404 550 1
404 554 30
404 558 66
404 560 27
405 420 99
405 434 20
405 447 68
405 465 78
405 481 54
405 549 95
405 554 56
405 588 46
405 590 20
406 414 48
406 455 6
406 480 86
406 489 32
406 493 73
406 513 70
406 532 38
406 560 49
407 430 2
407 443 70
407 455 50
407 544 67
407 558 94
407 561 85
407 569 20
407 595 79
408 449 48
408 468 23
408 472 32
408 478 77
408 482 89
408 484 58
408 504 27
408 508 8
408 523 77
408 529 5
408 548 13
409 420 71
409 423 12
409 429 58
409 452 90
409 474 11
409 476 15
409 499 27
409 517 42
409 574 39
410 434 96
410 466 32
410 467 87
410 471 97
410 478 1
410 520 89
410 568 63
410 583 46
411 416 73
411 450 35
411 456 25
411 484 20
411 485 57
411 488 8
411 567 48
411 596 97
412 413 65
412 433 75
412 437 56
412 452 93
412 560 79
412 566 68
412 573 63
412 574 42
412 577 78
412 584 5
412 587 52
412 594 92
412 598 31
413 422 45
413 440 31
413 516 27
413 525 76
413 530 69
413 535 75
413 547 76
413 548 57
413 590 38
413 593 74
414 450 29
414 474 24
414 477 50
414 501 100
414 505 32
414 532 57
414 542 48
414 567 29
414 575 73
414 577 22
414 588 36
415 421 65
415 434 52
415 448 4
415 450 27
415 451 45
415 461 81
415 464 83
415 476 96
415 522 24
415 540 14
415 558 40
415 569 6
415 571 92
416 459 68
416 463 27
416 474 66
416 479 95
416 483 83
416 499 55
416 512 68
416 518 64
416 551 78
416 577 17
416 592 63
416 594 62
417 476 25
417 483 62
417 490 42
417 493 97
417 495 35
417 525 77
417 563 61
417 566 38
417 586 32
417 592 40
418 421 82
418 430 64
418 470 22
418 477 29
418 489 40
418 499 35
418 505 69
418 522 45
418 570 78
418 580 88
419 451 71
419 466 44
419 499 82
419 542 6
419 573 98
419 579 50
419 581 21
419 598 28
420 483 18
420 485 35
420 486 41
420 530 43
420 536 97
420 553 34
420 562 39
420 581 31
420 589 10
421 426 100
421 446 69
421 448 94
421 453 39
421 495 2
421 505 9
421 506 12
421 529 31
421 532 48
421 550 99
421 577 51
421 581 45
421 595 76
421 599 38
422 451 15
422 460 71
422 471 19
422 559 72
422 584 21
423 450 20
423 496 44
423 500 100
423 521 90
423 526 79
423 537 40
423 554 32
423 562 27
424 430 73
424 431 22
424 437 9
424 445 34
424 481 73
424 511 29
424 516 79
424 536 63
424 566 31
424 572 88
424 591 75
424 593 61
425 452 35
425 462 73
425 474 63
425 476 79
425 509 100
425 540 100
425 549 46
425 553 71
425 570 70
425 582 69
425 588 91
425 593 42
426 433 13
426 435 90
426 437 31
426 480 43
426 499 81
426 507 14
426 528 69
427 447 5
427 454 87
427 460 29
427 492 90
427 533 60
427 564 58
427 569 69
427 587 74
427 596 88
428 440 56
428 462 48
428 468 100
428 482 42
428 483 72
428 510 62
428 533 73
428 559 24
429 430 61
429 432 18
429 446 94
429 449 82
429 450 38
429 454 36
429 460 23
429 477 50
429 490 77
429 498 5
429 535 44
429 537 57
429 560 18
429 579 64
429 599 13
430 440 5
430 447 93
430 462 2
430 490 16
430 522 50
430 527 70
430 531 89
430 536 37
430 539 77
430 557 89
430 597 88
431 432 71
431 465 60
431 509 49
431 529 43
431 589 35
432 433 61
432 434 60
432 479 28
432 481 42
432 496 97
432 504 15
432 511 17
432 517 99
432 551 91
432 589 73
432 590 94
433 441 99
433 450 43
433 452 10
433 481 11
433 529 99
433 534 2
433 548 13
433 579 14
433 597 3
434 437 34
434 439 54
434 443 39
434 477 63
434 504 42
434 561 26
434 569 33
435 452 54
435 453 26
435 464 75
435 472 88
435 486 86
435 487 86
435 500 68
435 528 79
435 538 34
435 588 82
435 593 47
435 594 84
436 560 73
436 561 20
436 578 78
437 456 71
437 484 62
437 519 87
437 525 34
437 561 60
437 564 40
437 565 46
437 577 25
437 580 42
437 581 31
438 542 78
438 590 32
438 598 93
439 477 20
439 491 9
439 510 25
439 511 73
439 518 34
439 542 51
439 548 12
439 589 71
440 444 36
440 450 79
440 451 49
440 452 70
440 477 61
440 535 48
440 542 53
440 571 33
440 574 67
440 585 30
441 448 55
441 452 80
441 472 68
441 507 40
441 520 39
441 533 7
441 552 37
441 591 63
442 445 48
442 448 68
442 499 40
442 503 79
442 507 12
442 540 11
442 544 87
442 546 89
442 562 35
442 573 72
442 577 39
443 467 47
443 471 42
443 489 75
443 535 25
443 545 43
443 561 44
443 580 85
444 447 90
444 469 48
444 473 69
444 485 8
444 519 30
444 522 76
444 535 87
444 569 97
444 586 15
445 446 25
445 452 56
445 475 52
445 477 39
445 503 3
445 536 71
445 555 78
446 503 34
446 552 82
446 562 41
446 572 72
446 592 70
447 473 75
447 489 44
447 509 9
447 516 21
447 517 85
447 526 35
447 539 46
447 574 79
447 577 30
447 578 82
448 479 68
448 571 77
449 486 3
449 488 75
449 499 6
449 505 78
449 508 61
449 544 55
449 563 44
449 592 37
449 594 10
449 596 47
450 498 75
450 509 64
450 532 17
450 537 5
450 551 49
450 570 99
450 589 97
451 457 21
451 462 20
451 463 71
451 464 16
451 471 80
451 477 92
451 554 52
452 467 14
452 471 89
452 497 31
452 533 43
452 537 70
452 557 98
452 579 72
452 584 72
453 456 25
453 486 77
453 488 1
453 535 37
453 547 83
453 566 97
454 463 74
454 467 44
454 476 43
454 488 100
454 518 8
454 578 60
454 592 56
455 468 56
455 520 10
455 578 52
456 517 28
456 522 29
456 529 23
456 531 43
456 535 61
457 460 66
457 473 95
457 479 74
457 508 54
457 516 25
457 524 69
457 583 75
457 588 74
457 590 40
457 597 99
458 459 50
458 521 68
458 530 51
458 540 87
458 546 51
458 556 47
458 567 12
458 583 94
458 585 90
459 467 63
459 468 53
459 469 1
459 476 19
459 492 61
459 522 10
459 544 22
459 546 88
459 567 90
459 591 96
460 509 83
460 512 50
460 522 61
460 558 29
460 568 76
460 593 66
461 520 5
461 537 44
461 540 41
461 541 30
462 466 35
462 484 91
462 500 80
462 516 54
462 520 41
462 527 18
462 584 56
462 587 88
463 470 29
463 480 50
463 495 29
463 500 91
463 501 54
463 512 29
463 514 61
463 533 14
463 540 90
463 551 83
463 586 54
464 474 79
464 500 30
464 511 88
464 563 81
464 586 91
464 587 16
464 593 8
465 476 8
465 481 20
465 486 51
465 492 100
465 501 49
465 502 37
465 503 90
465 510 80
465 514 90
465 517 83
465 537 97
465 546 46
465 567 22
465 569 77
465 573 47
466 467 50
466 495 20
466 507 100
466 508 30
466 528 80
466 529 66
466 532 19
466 556 14
466 574 71
467 468 97
467 487 44
467 490 58
467 510 29
467 520 86
467 525 25
467 567 36
467 593 93
468 497 96
468 518 38
468 522 93
468 533 96
468 537 74
468 543 82
468 560 76
468 565 16
468 590 16
468 595 24
469 475 13
469 486 37
469 495 1
469 502 59
469 514 86
469 523 20
469 537 10
469 560 15
469 567 99
469 572 27
469 582 85
469 596 65
470 479 97
470 487 34
470 494 60
470 510 6
470 516 62
470 521 45
470 534 82
470 541 50
470 544 37
470 551 77
470 553 87
470 564 81
470 571 73
471 474 13
471 495 15
471 523 48
471 541 28
471 545 30
471 575 71
471 589 92
471 592 67
472 481 23
472 504 50
472 551 4
473 501 42
473 521 11
473 538 19
473 546 93
473 597 38
474 487 55
474 490 57
474 497 86
474 510 88
474 536 16
474 539 44
474 541 50
474 542 12
474 545 25
474 555 99
475 488 100
475 554 2
475 566 37
476 502 81
476 544 26
476 580 49
476 593 95
477 478 25
477 511 28
477 531 76
477 566 47
478 479 19
478 496 42
478 504 70
478 508 20
478 541 46
478 543 11
478 580 31
479 507 16
479 523 3
479 548 20
479 557 70
479 588 11
479 598 57
480 534 58
480 578 78
480 592 100
481 482 59
481 518 89
481 527 77
481 573 9
482 486 89
482 520 30
482 560 45
482 583 21
482 593 55
483 505 46
483 553 67
484 532 79
484 536 73
484 553 42
484 556 25
484 586 44
485 511 36
485 527 94
485 533 63
485 541 33
485 553 57
485 566 45
485 586 100
485 591 11
486 498 64
486 524 21
487 521 22
487 537 73
487 549 30
487 552 51
487 580 72
488 494 88
488 499 40
488 553 100
488 557 96
488 565 80
488 598 29
489 588 93
490 497 52
490 525 83
490 532 38
490 533 70
490 549 13
490 586 10
491 493 11
491 574 90
491 589 5
492 506 98
492 518 35
492 529 68
492 543 30
492 556 91
492 563 64
492 569 81
492 570 54
492 573 80
492 597 2
493 523 75
493 534 52
493 552 31
493 554 77
493 570 75
493 582 71
493 589 68
494 507 75
494 511 66
494 530 47
494 550 3
494 580 58
495 499 50
495 524 38
495 559 47
495 560 19
495 582 2
496 530 57
496 537 82
496 577 91
496 584 61
497 511 31
497 519 26
497 546 80
497 593 61
497 597 68
498 502 44
498 546 93
498 548 21
498 551 75
498 574 94
498 581 47
498 596 26
498 599 77
499 596 24
500 578 100
501 506 47
502 523 91
502 536 26
502 558 12
502 580 90
503 507 81
503 526 22
503 527 91
503 531 70
503 532 68
503 554 62
503 570 71
503 571 76
503 577 43
503 581 14
503 591 89
504 523 73
504 529 91
504 536 20
504 572 85
504 580 58
504 590 15
505 523 30
505 533 31
505 540 89
505 545 23
506 544 29
506 553 66
506 587 99
507 566 4
508 534 66
508 549 45
508 560 47
509 514 91
509 526 9
509 532 88
509 560 23
509 590 82
510 527 78
510 543 92
510 559 1
510 574 39
511 534 63
511 583 29
511 585 33
511 590 76
511 593 69
511 596 58
512 518 18
512 556 88
512 579 94
513 563 27
514 539 55
514 554 23
514 564 57
514 581 95
515 538 46
515 577 38
515 590 61
516 555 96
516 581 41
516 596 78
517 519 93
517 557 39
517 564 68
517 583 1
518 586 26
518 598 91
519 530 34
519 532 56
519 545 82
519 551 34
519 552 46
520 541 96
520 550 14
520 556 31
520 583 23
520 592 82
522 553 88
522 559 40
522 561 22
522 580 81
523 532 67
523 548 76
523 553 56
523 561 75
523 580 70
523 593 53
524 550 12
524 582 82
526 552 48
526 554 5
526 576 59
527 532 40
527 538 95
527 573 79
527 595 92
528 549 21
529 562 69
530 533 77
530 551 76
530 599 2
531 542 11
531 560 73
531 567 50
531 568 24
531 580 3
532 533 72
532 536 58
532 552 90
532 570 64
532 579 79
532 582 23
532 583 82
532 584 6
532 589 78
532 597 56
533 534 75
533 549 82
533 563 20
533 567 57
533 587 29
534 547 76
534 557 15
534 561 21
534 599 70
535 543 93
535 545 64
535 554 42
536 564 13
536 582 41
536 589 69
537 569 67
538 566 3
538 571 42
538 581 68
539 542 78
539 547 44
539 557 91
539 559 35
539 582 86
540 594 54
541 543 13
541 569 60
541 570 35
541 589 18
542 560 89
543 551 43
543 564 45
544 547 70
544 552 62
544 582 53
544 592 98
545 558 89
545 593 19
545 594 70
546 555 58
546 559 64
546 561 34
547 557 100
548 568 76
548 583 26
548 597 68
549 552 94
549 565 28
549 570 61
550 552 61
551 555 5
551 566 57
551 567 4
551 578 40
551 583 42
551 591 57
552 560 4
553 569 53
554 558 44
554 563 74
554 577 41
554 586 86
554 587 70
555 576 10
556 587 99
557 572 22
557 573 59
557 587 39
558 566 92
558 571 29
558 580 48
559 564 55
559 593 14
560 563 99
560 572 83
561 591 39
561 599 19
562 570 76
562 582 18
562 589 79
563 568 89
563 590 22
565 571 35
566 573 92
566 579 13
567 586 28
567 587 100
569 570 69
569 579 80
569 582 43
570 576 42
570 578 20
570 593 80
572 582 63
572 595 29
573 581 30
573 589 36
574 581 40
576 584 68
576 587 27
576 597 20
576 598 16
578 586 82
581 583 85
582 598 14
583 591 64
588 590 23
588 598 32
589 596 91
589 598 40
590 593 63
592 599 31
600 299 78
601 599 16
600 601 94
602 625 12
602 649 22
602 658 25
602 687 5
602 692 12
602 749 3
602 755 14
602 759 4
602 818 24
602 822 3
602 831 1
602 833 17
602 885 5
603 617 19
603 618 24
603 641 14
603 675 6
603 686 3
603 714 9
603 716 10
603 742 20
603 756 15
603 764 6
603 789 6
603 814 25
603 836 9
603 838 8
603 839 11
603 843 23
603 874 24
603 885 16
603 892 11
604 628 23
604 709 15
604 713 15
604 720 11
604 723 20
604 757 3
604 768 16
604 793 18
604 807 8
604 808 16
604 819 11
604 829 12
604 837 12
604 838 9
604 839 2
604 856 19
605 627 12
605 682 10
605 683 4
605 691 8
605 757 1
605 783 9
605 823 13
605 825 1
605 892 20
606 619 23
606 666 13
606 681 17
606 696 23
606 716 4
606 722 2
606 726 22
606 765 20
606 772 17
606 847 9
606 869 14
606 876 21
606 879 25
606 882 8
606 890 5
606 899 17
607 612 20
607 618 16
607 688 3
607 704 6
607 707 17
607 712 22
607 750 17
607 836 4
607 872 2
607 891 1
607 900 4
608 613 12
608 622 15
608 639 6
608 647 6
608 653 12
608 672 21
608 714 22
608 749 12
608 756 1
608 805 1
608 824 8
608 891 20
609 622 19
609 632 19
609 641 11
609 651 14
609 681 18
609 744 20
609 755 19
609 801 11
609 821 15
609 835 11
609 873 14
610 612 20
610 618 5
610 625 12
610 644 13
610 653 8
610 657 15
610 699 15
610 727 13
610 732 1
610 746 4
610 759 21
610 809 7
610 810 18
610 841 16
610 843 5
610 873 6
611 632 16
611 665 5
611 671 13
611 679 12
611 696 23
611 730 8
611 748 22
611 759 14
611 771 25
611 783 19
611 785 9
611 787 13
611 790 8
611 792 19
611 812 3
611 871 4
612 648 25
612 701 14
612 741 18
612 752 9
612 757 5
612 812 7
612 821 22
612 827 5
612 829 10
612 834 19
612 849 11
612 858 4
612 867 11
612 875 18
612 888 9
612 895 3
613 656 22
613 680 24
613 734 14
613 745 22
613 776 6
613 780 13
613 794 12
613 795 8
613 804 6
613 808 20
613 820 20
613 835 15
613 873 15
613 880 22
613 886 20
613 896 15
613 898 12
614 621 12
614 625 23
614 663 16
614 669 18
614 713 21
614 722 22
614 771 4
614 787 16
614 803 8
614 805 10
614 852 1
614 858 2
614 887 18
614 893 3
614 894 23
615 617 18
615 646 19
615 723 21
615 772 1
615 790 6
615 859 7
615 872 8
615 878 13
616 660 1
616 666 4
616 677 2
616 700 16
616 703 2
616 716 21
616 743 7
616 749 15
616 776 7
616 783 6
616 795 5
616 815 1
616 821 4
616 833 1
616 840 4
616 844 19
616 866 10
616 876 13
617 630 22
617 637 11
617 638 8
617 644 1
617 647 11
617 648 2
617 663 19
617 672 6
617 767 2
617 813 24
617 889 15
618 638 11
618 651 11
618 667 15
618 672 14
618 692 14
618 707 7
618 714 15
618 787 11
618 802 15
618 860 6
618 862 19
619 621 21
619 670 10
619 676 19
619 679 1
619 727 13
619 764 25
619 772 21
619 773 24
619 800 14
619 856 17
619 886 12
619 898 23
620 650 18
620 717 24
620 731 25
620 758 13
620 839 6
620 856 1
620 892 12
620 893 20
620 897 12
621 663 24
621 669 12
621 674 2
621 682 15
621 690 18
621 697 19
621 717 25
621 771 10
621 776 24
621 811 21
621 824 5
621 829 11
621 860 14
621 861 7
621 878 23
621 892 15
622 697 2
622 718 23
622 737 6
622 771 21
622 787 11
622 834 3
622 839 15
622 847 9
622 867 2
622 877 2
622 884 15
622 885 5
622 889 15
623 650 9
623 704 16
623 741 14
623 750 20
623 764 17
623 779 5
623 793 15
623 809 12
623 817 6
623 822 24
623 830 11
623 849 1
623 856 5
623 879 21
624 628 17
624 637 11
624 661 20
624 670 6
624 672 14
624 710 19
624 713 11
624 722 9
624 737 5
624 757 14
624 815 23
624 823 13
625 626 17
625 630 25
625 635 4
625 636 21
625 697 14
625 710 13
625 714 13
625 761 4
625 783 9
625 802 7
625 874 8
625 896 23
626 644 18
626 665 14
626 667 23
626 671 3
626 695 16
626 697 4
626 738 25
626 772 7
626 837 14
626 853 21
626 855 15
626 863 3
627 639 15
627 653 2
627 668 13
627 725 21
627 730 17
627 770 11
627 786 10
627 808 9
627 809 12
627 842 14
627 868 4
627 870 2
628 642 1
628 645 19
628 655 6
628 662 11
628 709 25
628 797 15
628 834 11
628 848 17
628 858 5
628 873 8
628 886 22
628 895 21
628 899 12
629 672 23
629 679 4
629 701 2
629 710 19
629 712 18
629 713 6
629 719 10
629 743 20
629 744 19
629 758 7
629 760 11
629 772 6
629 774 16
629 783 21
629 816 17
629 843 4
629 862 25
630 639 20
630 645 6
630 671 18
630 675 25
630 710 17
630 724 19
630 731 17
630 749 2
630 833 10
630 864 23
631 632 11
631 633 8
631 639 18
631 673 22
631 682 6
631 712 22
631 714 1
631 715 1
631 718 16
631 721 6
631 731 10
631 733 12
631 755 1
631 759 18
631 763 23
631 770 6
631 792 8
631 846 18
631 850 24
631 853 12
631 855 19
631 901 19
632 668 19
632 669 13
632 774 20
632 788 10
632 832 6
632 843 11
632 854 13
632 872 18
632 888 9
632 893 24
633 647 25
633 648 3
633 650 22
633 661 5
633 664 1
633 685 24
633 762 7
633 774 19
633 781 5
633 787 18
633 790 5
633 841 5
633 851 10
633 862 2
633 866 13
633 900 18
634 640 22
634 666 11
634 687 6
634 714 17
634 754 6
634 758 24
634 776 5
634 780 1
634 790 11
634 804 12
634 870 13
634 885 23
635 655 6
635 672 23
635 685 23
635 704 6
635 714 3
635 760 22
635 773 12
635 777 3
635 784 20
635 798 19
635 805 23
635 807 24
635 813 11
635 818 3
635 824 6
635 830 23
635 836 6
635 882 18
635 888 15
635 891 2
635 901 5
636 677 22
636 678 21
636 682 11
636 705 20
636 712 2
636 762 11
636 768 5
636 772 13
636 790 25
636 797 5
636 799 21
636 812 23
636 834 4
636 860 1
637 656 25
637 659 25
637 670 14
637 688 4
637 752 20
637 758 9
637 773 2
637 811 20
637 820 22
637 825 4
637 880 2
637 886 19
637 890 9
637 894 21
638 648 8
638 674 13
638 692 1
638 706 4
638 716 8
638 761 13
638 774 25
638 787 11
638 793 23
638 835 7
639 677 25
639 685 24
639 691 13
639 719 20
639 734 21
639 739 16
639 740 20
639 743 22
639 757 16
639 783 11
639 789 1
639 801 12
639 821 19
639 827 4
639 859 6
639 860 15
639 861 7
639 865 8
640 689 8
640 706 17
640 707 3
640 708 17
640 719 6
640 726 5
640 759 22
640 789 15
640 812 17
640 819 24
640 892 25
641 643 16
641 669 7
641 698 25
641 702 15
641 725 19
641 727 19
641 782 12
641 783 9
641 835 16
641 851 9
641 871 1
641 873 3
642 647 11
642 649 12
642 677 21
642 686 14
642 691 18
642 714 13
642 732 22
642 748 2
642 765 22
642 769 13
642 770 6
642 801 16
642 870 21
642 884 11
642 887 14
643 653 10
643 664 4
643 683 12
643 709 12
643 727 20
643 786 18
643 806 11
643 811 11
643 823 13
643 860 6
643 869 22
643 894 22
644 653 23
644 667 7
644 671 22
644 687 25
644 709 17
644 743 11
644 768 23
644 784 5
644 805 5
644 813 12
644 819 1
644 872 6
645 676 8
645 702 16
645 751 13
645 757 25
645 785 11
645 827 23
645 841 14
645 842 22
645 853 2
645 858 2
645 877 8
645 882 23
645 891 22
645 896 20
646 660 8
646 661 9
646 663 3
646 668 4
646 671 5
646 697 2
646 699 11
646 717 4
646 732 2
646 756 4
646 793 14
646 798 1
646 831 9
646 850 18
646 875 12
646 878 11
647 659 25
647 664 19
647 680 3
647 689 12
647 691 19
647 695 15
647 742 12
647 751 9
647 770 12
647 785 15
647 802 10
647 813 21
647 815 12
647 843 6
647 894 18
648 657 19
648 708 15
648 710 20
648 712 24
648 741 21
648 767 21
648 782 11
648 819 1
648 828 24
648 843 15
648 844 16
648 898 24
649 650 25
649 689 8
649 720 10
649 745 10
649 769 9
649 810 6
649 821 15
649 844 23
649 889 1
649 895 4
650 658 9
650 674 9
650 699 15
650 719 23
650 736 20
650 754 11
650 761 11
650 775 1
650 859 5
650 900 6
651 654 17
651 678 24
651 718 4
651 753 14
651 766 21
651 782 15
651 860 15
651 867 20
651 873 4
651 875 5
651 884 20
651 887 3
651 891 15
651 898 5
652 682 14
652 683 23
652 720 12
652 724 3
652 730 20
652 756 14
652 761 7
652 764 5
652 765 24
652 808 23
652 855 4
652 857 18
652 858 10
652 871 14
652 883 20
652 897 14
652 898 19
653 698 13
653 714 12
653 723 25
653 742 2
653 850 10
653 851 14
653 856 16
653 872 4
653 881 19
654 703 20
654 713 23
654 727 23
654 817 9
654 836 4
654 852 11
654 881 9
655 656 17
655 676 16
655 702 5
655 708 5
655 716 24
655 720 12
655 725 5
655 730 21
655 738 15
655 745 25
655 747 6
655 760 6
655 767 19
655 778 19
655 785 1
655 813 9
655 818 8
655 842 25
655 890 10
655 892 17
655 895 13
656 662 25
656 707 22
656 717 8
656 730 21
656 743 19
656 756 5
656 780 7
656 801 25
656 827 18
656 870 17
656 882 18
656 901 8
657 714 23
657 722 23
657 752 8
657 769 9
657 775 4
657 809 3
657 816 1
657 847 3
657 860 10
657 879 6
658 670 22
658 673 6
658 706 6
658 742 7
658 793 13
658 796 6
658 797 16
658 824 6
658 830 20
658 839 17
658 862 2
658 866 3
659 708 14
659 750 22
659 752 9
659 757 20
659 763 23
659 845 3
659 852 13
659 888 16
660 685 10
660 735 11
660 753 15
660 759 19
660 760 19
660 766 18
660 768 22
660 774 21
660 851 21
660 856 6
660 867 1
660 887 19
660 895 11
660 900 9
661 714 25
661 715 25
661 746 16
661 765 15
661 851 5
661 857 10
661 882 8
662 694 8
662 707 14
662 710 21
662 728 7
662 732 25
662 749 18
662 778 4
662 786 2
662 788 7
662 790 19
662 820 14
662 825 17
662 869 8
662 878 7
662 898 13
663 673 3
663 709 3
663 723 8
663 725 23
663 756 11
663 790 11
663 803 16
663 807 21
663 822 19
663 828 15
663 847 23
663 857 9
663 859 6
663 861 4
663 865 20
663 872 15
664 665 12
664 678 9
664 680 10
664 704 18
664 706 8
664 725 4
664 726 23
664 730 9
664 745 11
664 756 19
664 760 24
664 763 4
664 773 3
664 808 6
664 846 16
664 850 5
664 867 8
664 870 1
664 874 2
665 681 20
665 773 11
665 828 19
665 856 18
665 874 6
665 877 10
665 887 15
666 692 14
666 708 15
666 722 18
666 727 10
666 741 6
666 750 6
666 753 18
666 776 16
666 780 25
666 823 2
666 833 21
666 855 23
666 865 13
666 870 8
666 881 18
666 882 11
667 673 12
667 681 20
667 690 16
667 695 4
667 702 25
667 737 1
667 743 4
667 747 1
667 771 22
667 788 16
667 829 20
667 868 14
667 870 21
667 901 6
668 685 3
668 704 11
668 751 21
668 769 23
668 786 21
668 801 1
668 879 3
668 889 15
669 734 18
669 754 5
669 792 19
669 804 16
669 806 4
669 822 6
669 830 23
669 868 21
669 873 18
669 878 9
670 675 15
670 720 11
670 725 13
670 740 14
670 751 13
670 758 18
670 766 17
670 769 9
670 779 9
670 807 13
670 816 23
670 818 6
670 820 18
670 843 2
670 857 19
670 862 15
671 691 1
671 701 16
671 721 18
671 723 6
671 775 5
671 790 12
671 799 10
671 821 23
671 841 2
671 842 13
671 858 5
671 863 25
671 865 10
671 884 25
671 890 10
672 706 24
672 754 12
672 770 24
672 774 15
672 782 24
672 838 17
672 885 8
672 888 9
673 678 2
673 726 22
673 740 6
673 755 9
673 780 14
673 784 10
673 791 4
673 815 6
673 837 10
673 841 19
673 868 25
673 869 15
673 871 1
673 879 11
674 676 1
674 680 25
674 714 15
674 718 15
674 723 5
674 737 16
674 751 24
674 754 6
674 763 25
674 768 23
674 774 17
674 790 1
674 799 14
674 803 15
674 807 19
674 841 23
674 875 23
674 890 20
674 900 19
675 688 6
675 696 5
675 697 9
675 705 17
675 707 9
675 716 14
675 718 1
675 748 2
675 797 13
675 810 18
675 853 2
675 856 1
675 866 18
675 867 2
675 874 15
675 900 8
676 700 8
676 723 5
676 735 6
676 777 15
676 791 6
676 792 5
676 801 6
676 837 6
676 855 20
677 715 22
677 731 24
677 746 17
677 766 21
677 788 20
677 799 10
677 808 1
677 824 25
677 837 19
677 841 17
678 703 8
678 721 9
678 753 20
678 754 11
678 777 22
678 786 12
678 854 15
678 872 24
678 901 4
679 683 18
679 689 13
679 691 13
679 692 25
679 704 17
679 728 21
679 731 14
679 732 22
679 738 25
679 742 21
679 757 3
679 836 20
679 860 17
680 697 3
680 708 13
680 726 12
680 749 23
680 757 23
680 771 15
680 805 22
680 806 18
680 809 6
680 866 6
680 889 1
681 685 2
681 696 16
681 710 24
681 727 13
681 733 7
681 793 22
681 849 19
681 850 24
681 866 9
681 892 6
682 697 23
682 710 2
682 712 1
682 718 13
682 744 1
682 758 3
682 814 8
682 815 3
682 819 24
682 841 24
682 843 5
682 850 11
682 853 13
682 865 4
683 727 10
683 741 2
683 756 25
683 773 2
683 812 7
683 825 7
683 854 5
683 857 11
684 716 25
684 717 3
684 720 23
684 724 6
684 764 25
684 766 16
684 777 5
684 799 10
684 807 24
684 867 4
685 692 14
685 698 1
685 700 17
685 714 14
685 718 3
685 720 1
685 779 18
686 702 3
686 718 2
686 723 24
686 737 14
686 774 14
686 790 3
686 797 23
686 802 15
686 806 2
686 832 2
686 835 23
686 838 11
686 842 6
686 876 8
687 757 10
687 794 10
687 808 8
687 814 15
687 830 11
687 850 25
688 694 21
688 698 21
688 702 23
688 711 25
688 713 11
688 734 1
688 740 18
688 741 24
688 762 5
688 810 18
688 812 16
688 813 8
689 703 19
689 719 14
689 747 23
689 777 9
689 795 16
689 809 22
689 826 25
689 829 20
689 831 23
689 837 23
689 865 5
689 887 5
690 691 7
690 692 14
690 702 15
690 737 14
690 753 5
690 766 25
690 801 14
690 802 1
690 826 22
690 838 13
690 859 25
690 865 7
690 872 13
690 880 19
690 885 5
690 898 20
691 728 11
691 743 22
691 746 2
691 845 7
691 857 11
691 874 24
691 884 17
691 892 1
691 895 20
692 695 17
692 696 22
692 734 20
692 743 14
692 751 3
692 759 24
692 769 22
692 774 18
692 802 13
692 823 13
692 836 23
692 839 15
692 844 3
692 863 23
692 872 11
692 888 15
693 713 24
693 717 18
693 749 5
693 777 17
693 818 24
693 829 24
693 832 4
693 837 21
693 878 2
693 881 12
693 900 8
694 709 25
694 735 4
694 739 8
694 753 21
694 754 20
694 795 7
694 796 15
694 822 10
694 828 9
694 850 14
694 852 6
694 854 2
694 857 3
695 718 18
695 720 1
695 729 17
695 770 20
695 784 25
695 794 3
695 808 12
695 818 25
695 821 22
695 851 18
695 857 16
695 867 22
695 869 18
695 875 21
695 879 17
695 881 19
696 821 8
696 844 24
696 846 20
696 864 11
696 865 9
697 711 15
697 718 7
697 757 17
697 762 5
697 766 16
697 771 2
697 777 20
697 787 23
697 808 3
697 811 22
697 831 18
698 766 5
698 789 14
698 794 14
698 803 4
698 814 18
698 884 25
698 888 3
698 890 14
698 897 19
699 726 20
699 788 12
699 807 11
699 832 16
699 834 6
699 847 6
699 856 25
699 874 6
699 887 2
699 901 12
700 722 14
700 724 19
700 734 18
700 767 7
700 772 25
700 773 10
700 777 9
700 821 19
700 844 7
700 880 13
701 724 17
701 726 24
701 734 18
701 744 5
701 852 13
701 853 21
701 867 24
701 886 14
702 706 24
702 716 12
702 721 8
702 728 20
702 799 1
702 802 20
702 818 12
702 834 6
702 863 3
702 875 11
703 740 11
703 741 4
703 761 24
703 791 2
703 792 22
703 805 18
703 808 8
703 809 21
703 811 2
703 819 16
703 821 16
703 849 9
703 894 6
704 741 8
704 756 9
704 762 23
704 776 12
704 781 21
704 796 18
704 798 11
704 825 10
704 827 18
704 831 24
704 871 19
705 723 15
705 727 1
705 728 15
705 732 1
705 769 6
705 781 17
705 784 14
705 796 17
705 816 23
705 825 12
705 853 18
705 871 19
705 879 5
705 887 2
705 896 17
706 724 6
706 725 20
706 739 7
706 743 16
706 756 25
706 776 14
706 788 25
706 849 22
706 850 3
706 853 22
707 711 16
707 717 15
707 742 6
707 762 11
707 767 15
707 777 1
707 790 2
707 854 16
707 874 16
707 876 2
708 747 23
708 756 9
708 824 15
708 857 14
708 862 6
708 876 4
708 895 8
708 901 25
709 725 8
709 747 12
709 775 18
709 799 15
709 809 6
709 846 1
709 853 8
709 867 5
709 886 17
709 888 7
709 895 3
709 899 21
710 712 3
710 745 20
710 749 10
710 769 11
710 795 7
710 818 1
710 825 11
710 840 8
710 850 18
710 874 3
711 716 10
711 724 16
711 731 12
711 734 1
711 743 6
711 748 17
711 751 4
711 752 16
711 759 18
711 791 13
711 803 2
711 887 10
712 727 5
712 767 9
712 773 13
712 795 12
712 803 13
712 811 4
712 817 20
712 839 17
712 851 24
712 895 24
712 896 11
712 897 10
712 898 9
712 900 20
713 755 12
713 766 22
713 769 2
713 823 5
713 826 24
713 850 13
713 851 22
713 855 12
713 872 14
713 880 4
713 890 4
713 895 19
713 901 21
714 755 23
714 757 9
714 761 22
714 796 10
714 815 15
714 828 5
714 831 22
714 844 3
714 872 19
714 879 25
714 888 22
715 716 12
715 732 25
715 736 20
715 766 25
715 790 9
715 800 6
715 821 19
715 824 20
715 826 2
715 829 22
715 832 1
715 849 2
715 850 10
715 863 22
715 876 14
716 756 25
716 819 3
716 830 19
716 841 20
716 871 23
716 877 18
717 722 5
717 772 22
717 798 2
717 819 19
717 841 3
717 851 25
717 890 21
717 896 24
718 719 24
718 727 19
718 762 10
718 763 25
718 793 14
718 804 9
718 828 10
718 845 19
718 870 4
718 892 5
718 901 22
719 738 1
719 742 7
719 748 25
719 760 10
719 794 6
719 797 13
719 805 11
719 859 8
719 874 8
719 886 5
720 736 7
720 768 1
720 809 12
720 837 3
720 855 4
720 901 5
721 728 6
721 738 4
721 740 3
721 764 4
721 769 4
721 811 21
721 813 15
721 825 4
721 856 9
721 880 1
722 736 13
722 748 4
722 755 4
722 777 19
722 779 2
722 788 4
722 792 1
722 814 2
722 852 15
722 862 6
722 871 16
722 876 2
722 893 13
723 724 24
723 784 9
723 795 19
723 820 1
723 827 20
723 843 24
723 868 4
723 871 1
724 725 4
724 756 7
724 787 3
724 789 9
724 798 11
724 803 24
724 813 25
724 822 14
724 824 9
724 825 25
724 849 3
725 726 15
725 759 4
725 768 22
725 862 16
725 865 9
725 899 22
726 736 19
726 754 1
726 763 4
726 776 10
726 782 2
726 799 18
726 801 8
726 858 12
726 878 13
726 889 10
727 758 6
727 787 11
727 811 13
727 820 7
727 829 16
727 865 20
727 876 9
727 885 1
727 901 7
728 729 9
728 743 1
728 755 22
728 757 20
728 763 25
728 766 24
728 771 9
728 789 3
728 794 22
728 799 1
728 825 14
728 827 20
728 834 20
728 844 14
728 878 23
728 899 4
729 793 17
729 810 15
729 826 13
729 831 4
729 832 3
729 854 22
729 885 11
730 751 15
730 820 11
730 845 17
731 737 6
731 742 7
731 765 3
731 779 8
731 825 13
731 830 11
731 853 8
731 860 9
731 865 5
731 898 8
731 899 10
732 734 15
732 797 12
732 843 6
732 857 16
732 870 2
732 894 1
733 763 10
733 781 17
733 792 23
733 796 15
733 864 9
733 886 15
733 887 2
734 752 14
734 762 19
734 763 25
734 765 24
734 785 10
734 861 10
734 898 16
735 762 17
735 814 19
735 825 20
735 834 25
735 837 6
735 882 7
736 749 7
736 756 17
736 774 14
736 779 16
736 788 1
736 791 3
736 818 5
736 837 8
736 868 18
737 746 8
737 768 8
737 775 4
737 786 25
737 817 8
737 863 20
737 868 8
737 878 24
738 741 23
738 750 21
738 757 17
738 761 22
738 781 19
738 782 1
738 821 9
738 857 11
739 772 18
739 816 2
739 856 5
739 867 19
739 885 9
739 901 12
740 820 2
740 822 25
740 838 25
740 860 20
740 891 2
741 743 4
741 749 1
741 757 10
741 767 24
741 782 8
741 800 19
741 806 4
741 840 7
741 845 1
741 861 24
741 865 16
742 772 1
742 787 21
742 808 13
742 822 17
742 828 20
742 845 7
742 888 20
743 777 3
743 813 19
743 817 14
743 833 6
743 850 1
743 854 7
743 881 14
743 888 14
744 787 10
744 859 16
744 869 15
744 881 4
744 896 19
745 746 18
745 757 4
745 758 5
745 821 18
745 841 12
745 870 24
745 882 22
745 898 18
746 758 1
746 763 20
746 788 11
746 814 2
746 821 15
746 826 23
746 864 20
746 899 9
747 778 6
747 796 16
747 803 13
747 804 25
747 805 4
747 843 20
747 850 2
747 859 12
747 861 11
748 750 15
748 764 22
748 768 1
748 856 4
748 895 25
748 898 21
749 786 23
749 788 6
749 811 1
749 848 16
749 859 17
749 875 1
749 878 12
749 882 11
749 891 1
750 752 8
750 762 21
750 773 4
750 775 22
750 776 19
750 806 24
750 827 8
750 870 1
751 823 14
751 849 22
751 889 25
751 899 20
752 782 17
752 788 1
752 793 6
752 799 2
752 802 17
752 832 4
752 857 4
753 761 20
753 775 6
753 777 24
753 786 20
753 839 11
754 776 1
754 781 10
754 793 4
754 798 1
754 800 23
754 826 14
754 828 4
754 895 5
755 767 12
755 769 7
755 807 3
755 833 7
755 852 7
755 853 10
755 885 7
755 888 23
756 779 9
756 790 9
756 800 17
756 811 25
756 830 11
756 884 24
757 764 3
757 812 3
757 828 3
757 839 6
757 853 24
757 888 10
757 892 6
757 896 18
757 901 20
758 761 9
758 780 2
758 854 23
758 857 9
758 867 1
758 892 13
759 790 14
759 807 5
759 826 24
759 844 23
759 879 8
760 762 7
760 782 6
760 796 19
760 803 14
760 856 3
760 865 2
760 879 22
761 771 21
761 786 1
761 788 7
761 800 20
761 837 5
761 840 11
761 857 24
761 901 10
762 764 10
762 781 8
762 793 18
762 812 2
763 793 4
763 801 1
763 817 6
763 823 1
763 838 11
763 860 6
763 894 13
764 767 25
764 770 11
764 797 14
764 833 22
764 847 18
764 870 20
764 877 2
764 886 13
764 890 10
765 834 7
765 858 15
765 889 8
766 767 2
766 770 17
766 820 15
766 842 23
766 848 22
766 855 2
766 868 21
766 870 8
767 771 11
767 845 5
767 852 25
767 857 15
767 861 8
767 863 2
767 864 20
767 867 10
767 889 13
767 892 2
768 783 25
768 875 12
768 889 14
769 806 13
769 831 10
769 840 8
769 850 9
769 865 13
769 889 21
770 788 19
770 817 21
770 820 10
770 861 1
770 872 23
770 876 1
770 891 17
771 800 20
771 801 24
771 814 19
771 841 18
771 863 7
771 869 6
771 878 22
771 886 8
772 793 20
772 815 7
772 840 10
772 856 16
772 876 16
773 828 24
773 835 18
773 845 15
773 850 12
773 885 6
773 896 4
774 805 23
774 837 14
774 860 13
775 818 10
775 819 9
775 826 8
775 831 8
775 883 20
775 890 10
775 892 5
776 810 22
776 836 2
776 855 1
776 884 21
777 779 22
777 788 18
777 811 4
777 813 2
777 847 17
777 852 13
777 882 24
777 884 23
777 896 24
778 794 14
778 797 15
778 821 22
778 827 8
778 831 5
778 866 8
778 880 14
778 892 10
779 802 5
779 814 4
779 834 24
779 871 17
779 884 14
780 817 6
780 832 24
780 851 8
780 871 18
781 811 5
781 823 4
781 838 19
781 843 5
781 884 1
782 790 17
782 804 25
782 805 4
782 834 20
782 895 18
783 815 19
783 839 18
783 867 15
783 885 17
784 797 7
784 838 4
784 844 16
784 890 16
785 810 10
785 834 25
785 840 4
785 853 20
785 893 7
785 900 9
786 813 20
786 818 23
786 830 22
787 834 3
787 848 23
787 868 4
787 876 20
788 801 4
788 811 10
788 838 15
788 893 10
789 848 10
789 879 6
789 884 11
790 826 16
790 867 25
790 880 3
790 882 9
790 883 18
790 889 17
790 893 2
790 894 1
791 795 23
791 808 17
791 810 16
791 828 7
792 802 17
792 812 22
792 815 3
792 840 23
792 843 5
792 894 25
793 803 22
793 812 2
793 826 2
793 840 21
793 872 7
793 891 21
794 800 24
794 804 18
794 806 10
794 828 10
794 833 3
794 851 15
794 864 21
794 874 20
794 886 16
795 797 23
795 816 5
795 837 8
795 844 17
795 848 6
795 877 10
796 799 14
796 802 23
796 803 3
796 856 22
796 867 16
796 892 24
796 895 2
796 900 15
797 802 5
797 820 1
797 864 11
797 895 6
797 899 2
798 842 8
798 859 15
799 830 24
799 860 8
799 872 7
799 900 8
800 864 17
800 894 11
801 807 24
801 809 14
801 822 5
801 829 14
801 837 12
802 856 9
802 867 24
802 874 5
802 879 15
802 886 10
802 890 20
803 810 14
803 834 12
803 836 18
804 812 6
804 817 12
805 808 21
805 813 20
805 824 17
805 830 21
805 853 7
805 893 24
806 813 24
806 858 16
806 867 13
807 826 24
807 868 23
807 881 22
807 894 6
807 899 16
808 813 7
808 852 6
809 861 5
810 811 14
810 834 22
810 839 18
810 860 22
810 869 22
810 873 24
810 881 13
810 886 6
811 867 18
811 874 3
811 879 20
811 880 10
811 886 10
812 823 6
812 839 8
812 849 6
812 871 22
812 878 3
813 824 14
813 833 21
813 850 4
813 852 4
813 870 10
813 878 2
813 889 3
813 890 8
814 821 10
814 835 19
814 869 15
814 886 17
815 842 25
815 848 5
815 895 13
815 898 19
816 863 3
816 866 9
817 831 17
817 835 18
817 859 17
817 896 11
818 864 20
818 878 11
818 883 22
818 895 7
819 822 16
819 850 4
819 900 12
820 832 15
820 860 9
820 864 1
820 889 10
820 895 12
821 829 4
821 831 21
821 833 15
821 837 7
821 840 4
821 847 1
821 849 2
821 875 20
821 892 18
822 875 1
822 893 24
822 897 7
822 898 21
823 834 1
823 856 18
823 883 12
823 887 18
824 900 11
825 826 22
825 830 15
825 866 21
825 875 18
826 837 21
826 853 13
826 858 22
827 835 7
827 855 4
827 859 5
827 900 9
828 848 13
829 880 18
829 887 13
830 842 11
830 855 9
830 861 21
831 845 14
831 852 10
831 868 24
832 835 10
832 836 4
832 841 1
832 843 8
832 851 12
832 857 21
832 859 10
832 875 6
833 838 9
833 889 5
833 892 16
834 867 5
834 868 21
834 871 13
834 877 24
835 837 18
835 851 3
835 871 22
835 898 1
836 860 6
836 880 3
837 856 10
837 881 21
838 876 22
838 884 22
838 885 6
838 887 6
838 896 19
839 848 21
839 862 17
839 889 17
839 893 7
839 899 22
840 843 17
840 847 16
840 861 10
840 899 12
841 848 2
841 856 16
842 864 22
842 868 6
842 876 8
842 878 1
843 846 3
844 886 23
845 869 1
845 897 20
846 900 25
847 862 25
847 870 21
847 890 7
848 866 2
848 870 5
848 876 4
848 879 24
848 900 3
849 850 9
849 860 6
849 896 23
850 871 6
850 874 22
850 901 14
851 863 14
852 861 20
853 871 7
853 872 4
853 878 4
853 881 20
853 891 6
854 866 19
855 861 16
855 871 13
856 859 4
856 860 18
856 869 16
856 894 1
857 862 18
857 901 10
858 876 2
859 897 19
860 892 7
860 896 10
861 862 21
863 875 11
864 899 14
866 887 21
867 895 15
868 892 24
868 897 3
868 898 12
869 874 5
871 875 24
871 896 2
872 873 20
873 888 20
874 901 10
875 884 24
876 880 23
876 888 4
876 894 4
878 897 19
878 900 19
878 901 16
880 900 24
882 887 13
882 896 8
883 889 24
884 887 8
884 891 18
885 895 2
885 896 1
887 894 1
887 901 11
888 896 23
888 899 12
889 895 24
890 893 18
902 601 93
903 901 25
902 903 22
