904 6735
52 50 30 59 19 78 11 7 64 100 66 89 33 56 36 65 84 51 20 33 1 42 54 17 12 17 95 92 79 98 71 82 47 1 92 17 30 3 23 93 2 40 81 86 95 68 50 78 71 21 63 71 62 16 40 26 84 34 69 62 83 40 43 29 92 35 46 73 89 20 66 90 60 98 76 54 18 77 84 88 98 46 58 11 13 97 36 96 82 57 9 64 48 51 93 39 37 90 11 25 9 28 67 20 78 94 74 95 70 9 82 67 6 39 78 18 88 65 13 69 73 21 33 20 23 77 10 12 66 73 88 26 52 6 46 29 99 71 75 69 79 56 87 36 47 16 53 34 81 17 2 5 89 34 77 11 10 86 74 27 10 14 53 14 19 50 42 18 20 17 86 50 24 24 85 70 40 89 55 20 5 57 76 93 42 52 55 4 90 29 82 51 42 34 64 60 35 58 29 54 26 66 55 49 90 39 71 29 27 25 100 83 33 75 75 27 79 30 82 68 10 63 18 3 49 82 14 83 39 43 37 64 8 91 64 97 82 86 77 60 11 76 43 95 3 17 73 81 98 54 100 7 17 17 61 65 50 75 99 40 17 87 55 76 78 19 25 11 56 1 70 18 29 64 13 31 81 85 63 30 91 62 89 7 30 49 23 80 23 21 71 91 8 26 67 37 96 43 99 51 55 94 69 100 1 34 42 73 18 97 21 64 71 89 83 58 48 27 41 40 28 100 46 61 16 55 97 76 10 59 53 16 4 21 15 4 7 8 28 76 4 48 39 27 88 21 84 87 99 76 26 27 76 24 39 43 30 36 70 39 94 22 54 49 95 21 52 53 28 80 80 84 79 18 10 19 91 45 5 89 73 83 15 100 58 54 42 87 41 64 26 86 37 31 34 83 3 37 35 83 68 14 18 99 84 27 17 74 23 73 14 95 55 81 46 12 86 88 51 26 3 76 63 39 58 96 22 13 84 8 95 4 74 64 2 57 90 18 82 64 42 47 11 97 27 56 60 12 95 10 89 97 37 51 36 47 98 9 59 34 16 5 37 89 68 38 97 9 7 30 72 48 29 34 44 55 90 56 19 36 17 7 33 54 10 20 52 59 28 10 92 95 66 28 36 33 65 84 93 23 66 64 71 94 50 66 48 91 21 18 26 90 25 10 95 86 29 46 44 8 55 36 55 72 15 42 4 32 25 96 54 90 11 24 35 12 42 83 2 62 52 28 3 76 89 97 13 70 42 57 29 48 44 83 19 10 24 74 41 1 21 95 42 32 70 77 95 11 11 97 25 62 76 27 90 64 24 2 33 17 10 62 65 5 96 35 15 20 9 55 72 29 1 65 12 23 41 7 33 3 84 87 37 59 15 99 43 35 9 31 29 60 22 11 88 39 80 73 51 41 99 79 89 17 38 2 86 5 95 69 37 47 33 25 57 47 23 99 33 83 30 61 42 3 23 30 93 55 54 43 95 52 73 84 20 11 85 5 15 31 73 3 29 5 27 85 3 2 36 35 84 65 47 78 19 70 7 11 24 12 6 70 15 78 5 34 40 89 39 7 72 63 9 52 20 88 37 74 41 72 61 24 88 7 1 6 28 59 68 3 70 25 73 36 3 29 70 94 70 60 100 41 74 61 92 93 100 80 67 40 3 27 15 90 85 16 47 65 26 67 67 48 91 91 83 45 20 4 39 41 15 90 81 89 50 24 33 49 56 99 88 58 77 55 100 14 22 98 78 47 64 96 46 7 39 81 3 10 84 41 50 99 31 82 87 32 5 19 81 60 70 20 70 98 74 69 63 95 18 40 94 82 88 39 40 26 19 42 87 55 35 36 53 17 17 91 48 73 61 80 85 82 52 6 32 77 74 94 24 91 86 17 24 73 7 15 50 78 9 88 32 43 23 36 59 91 78 58 15 90 38 51 24 41 56 55 17 81 48 40 24 85 8 99 9 15 14 10 44 74 97 75 16 71 62 26 13 91 35 28 80 24 30 3 64 86 9 81 18 57 72 41 93 80 40 2 94 5 63 37 78 60 36 87
0 4 43
0 27 20
0 28 19
0 36 23
0 119 34
0 126 33
0 144 3
0 159 16
0 202 19
0 207 15
0 222 45
0 242 9
0 289 28
1 9 33
1 50 17
1 90 8
1 99 34
1 107 41
1 113 39
1 132 6
1 141 14
1 148 9
1 149 49
1 154 23
1 177 36
1 204 17
1 244 9
1 290 31
2 3 9
2 42 9
2 61 34
2 63 3
2 119 28
2 144 4
2 154 26
2 163 11
2 164 36
2 183 30
2 198 26
2 210 6
2 216 47
2 219 23
2 228 15
2 279 24
3 54 5
3 58 33
3 67 33
3 83 40
3 99 24
3 116 21
3 133 48
3 160 37
3 189 30
3 210 46
3 223 9
3 229 15
3 246 14
4 14 19
4 55 48
4 65 24
4 82 27
4 147 33
4 151 26
4 165 6
4 181 36
4 217 3
4 232 19
4 258 21
4 260 33
4 275 46
5 6 28
5 76 29
5 95 18
5 101 42
5 102 4
5 118 25
5 123 25
5 127 37
5 139 14
5 159 50
5 165 7
5 183 11
5 218 36
5 240 38
5 243 8
5 244 46
5 246 5
6 26 21
6 73 14
6 90 4
6 144 44
6 181 42
6 203 36
6 262 22
6 295 47
7 19 21
7 20 24
7 45 17
7 46 43
7 65 6
7 86 13
7 119 20
7 257 36
7 259 30
7 262 14
7 299 40
8 32 6
8 37 38
8 82 28
8 112 20
8 119 39
8 152 36
8 169 32
8 199 24
8 234 26
8 235 42
8 273 19
8 287 30
9 12 12
9 17 34
9 18 35
9 40 8
9 76 25
9 89 20
9 97 29
9 138 23
9 142 42
9 154 4
9 194 40
9 201 34
9 209 10
9 230 4
10 84 5
10 90 47
10 91 35
10 119 18
10 223 38
10 232 41
10 239 7
10 275 15
10 286 12
11 12 45
11 19 1
11 44 45
11 66 20
11 71 28
11 79 36
11 82 38
11 89 7
11 102 50
11 168 23
11 182 41
11 187 9
11 233 47
11 254 12
12 29 37
12 32 22
12 33 3
12 44 40
12 68 13
12 93 38
12 155 1
12 227 16
12 291 42
13 31 50
13 42 2
13 120 12
13 157 37
13 163 44
13 164 18
13 171 2
13 190 5
13 196 15
13 197 4
13 200 2
13 231 34
13 255 31
13 294 39
14 34 24
14 44 39
14 56 38
14 64 46
14 66 31
14 69 46
14 73 45
14 100 42
14 120 34
14 132 16
14 150 46
14 196 26
14 207 30
14 218 33
14 250 28
14 251 47
14 285 26
15 26 27
15 48 48
15 65 37
15 75 16
15 77 42
15 119 5
15 120 19
15 125 48
15 136 21
15 159 22
15 181 1
15 202 4
15 219 4
15 223 40
15 224 27
15 243 44
16 56 29
16 65 25
16 85 24
16 113 25
16 125 19
16 138 17
16 207 10
16 293 36
17 20 14
17 31 35
17 38 17
17 93 48
17 100 15
17 111 13
17 147 23
17 179 43
17 185 12
17 193 10
17 204 8
17 228 5
17 229 16
17 246 26
17 276 5
18 59 38
18 66 49
18 67 5
18 85 41
18 97 2
18 101 46
18 204 20
18 212 47
18 219 25
18 246 46
18 265 22
18 269 1
18 280 14
19 20 40
19 27 10
19 64 1
19 95 3
19 100 47
19 109 19
19 169 2
19 212 11
19 233 31
19 261 25
19 263 3
19 276 44
19 279 36
19 285 13
20 40 49
20 76 3
20 97 38
20 138 5
20 145 40
20 165 37
20 188 9
20 224 32
20 243 40
20 244 5
20 250 1
20 267 37
20 297 31
21 28 48
21 48 10
21 102 31
21 117 11
21 137 50
21 142 40
21 148 13
21 200 4
21 214 36
21 219 31
21 226 6
21 232 48
21 243 13
21 244 30
22 26 3
22 63 9
22 64 17
22 65 15
22 72 9
22 74 19
22 95 4
22 142 13
22 156 10
22 160 40
22 168 23
22 207 41
22 215 30
22 227 27
22 239 44
22 249 18
22 257 9
22 259 41
22 267 27
22 268 39
23 86 4
23 104 28
23 108 29
23 112 18
23 131 32
23 140 16
23 164 1
23 198 39
23 203 16
23 221 13
23 234 18
23 270 18
23 282 21
23 293 36
23 296 34
24 44 31
24 51 6
24 52 37
24 70 43
24 89 15
24 139 29
24 188 16
24 255 5
24 288 10
24 289 44
25 35 50
25 41 27
25 66 3
25 117 41
25 137 5
25 175 41
25 193 44
25 200 35
25 221 21
25 243 11
25 251 16
25 260 39
25 263 11
25 291 6
26 42 4
26 50 26
26 95 23
26 101 23
26 102 48
26 103 10
26 150 6
26 225 29
26 297 15
27 47 44
27 65 23
27 81 29
27 98 22
27 124 38
27 140 35
27 156 31
27 220 32
27 224 35
27 270 9
27 295 36
27 297 25
28 30 16
28 31 26
28 42 20
28 44 50
28 45 47
28 58 32
28 64 17
28 87 37
28 96 45
28 108 22
28 116 40
28 140 22
28 145 46
28 146 12
28 152 21
28 154 5
28 172 19
28 203 1
28 204 21
28 229 12
28 272 24
28 298 49
29 36 36
29 37 11
29 47 33
29 94 18
29 138 44
29 146 19
29 169 27
29 176 29
29 178 45
29 189 44
29 216 5
29 220 14
29 234 43
29 262 3
30 46 48
30 48 11
30 53 39
30 59 44
30 86 34
30 107 30
30 111 15
30 120 29
30 134 41
30 148 35
30 156 35
30 162 11
30 167 36
30 177 5
30 199 24
30 223 9
30 229 5
30 257 9
30 270 21
30 271 39
31 39 27
31 53 15
31 55 8
31 114 5
31 117 43
31 123 4
31 143 48
31 144 49
31 157 20
31 214 40
31 246 1
32 54 17
32 67 2
32 80 41
32 107 10
32 144 35
32 178 20
32 180 26
32 220 15
32 240 12
32 242 12
32 244 1
32 245 22
32 257 49
32 287 5
32 293 46
32 299 9
33 40 11
33 58 4
33 80 30
33 95 49
33 113 32
33 134 44
33 136 8
33 157 36
33 179 38
33 185 14
33 188 33
33 228 37
33 244 33
33 264 24
33 272 39
33 274 49
33 296 27
34 45 30
34 87 10
34 99 11
34 106 49
34 113 37
34 120 25
34 143 11
34 154 48
34 167 25
34 182 34
34 186 47
34 243 31
34 259 29
35 54 7
35 65 43
35 77 35
35 92 36
35 120 44
35 128 16
35 132 31
35 134 1
35 141 2
35 195 19
35 207 16
35 209 36
35 249 7
35 259 48
35 277 12
35 290 45
36 48 48
36 62 38
36 63 24
36 68 7
36 77 49
36 79 25
36 89 45
36 126 25
36 146 37
36 150 43
36 165 2
36 169 20
36 193 41
36 226 34
36 244 1
36 250 47
36 260 27
36 294 35
37 44 35
37 65 20
37 91 50
37 116 17
37 139 22
37 141 3
37 142 35
37 147 38
37 149 41
37 152 41
37 156 37
37 227 2
37 283 38
38 51 35
38 81 39
38 103 11
38 125 41
38 147 39
38 153 35
38 156 38
38 256 16
38 259 23
38 281 30
39 43 19
39 55 43
39 59 22
39 82 2
39 86 43
39 100 20
39 119 30
39 128 29
39 130 6
39 171 1
39 189 28
39 194 23
39 229 25
39 235 33
39 239 9
39 248 14
39 261 23
39 262 2
39 293 50
40 59 26
40 63 39
40 77 34
40 85 14
40 90 49
40 96 27
40 111 5
40 137 36
40 161 14
40 165 20
40 211 8
40 216 45
40 220 38
40 249 2
40 263 18
41 64 41
41 72 46
41 73 37
41 86 21
41 106 24
41 107 43
41 113 23
41 116 4
41 120 17
41 131 47
41 136 38
41 142 25
41 154 10
41 164 10
41 166 26
41 182 10
41 184 37
41 206 14
41 259 45
41 284 50
42 44 15
42 103 21
42 107 6
42 143 2
42 148 36
42 157 27
42 186 9
42 219 30
42 220 14
42 230 13
42 235 47
42 245 7
42 265 8
42 269 36
42 282 29
43 93 34
43 101 30
43 102 1
43 111 37
43 133 46
43 222 48
43 264 24
43 268 22
43 281 9
43 288 35
44 93 48
44 100 20
44 109 21
44 112 13
44 171 17
44 200 22
44 237 29
44 274 39
44 278 28
45 71 30
45 97 25
45 110 4
45 120 39
45 123 6
45 165 20
45 177 3
45 200 5
45 250 26
45 258 10
45 264 42
45 284 4
45 288 43
45 294 21
46 107 6
46 128 31
46 168 18
46 172 5
46 181 4
46 193 39
46 206 14
46 216 40
46 253 38
46 286 35
46 293 10
47 87 1
47 108 1
47 113 34
47 129 29
47 137 40
47 150 11
47 251 11
47 253 16
47 259 16
47 284 1
47 288 21
48 53 35
48 143 3
48 163 27
48 166 12
48 195 14
48 212 18
48 214 17
48 221 7
48 237 38
48 238 23
48 245 39
49 69 5
49 121 29
49 127 43
49 130 46
49 172 44
49 202 34
49 208 33
49 217 29
49 219 44
49 222 35
49 236 31
49 239 27
49 291 16
50 75 22
50 79 39
50 125 26
50 153 37
50 185 4
50 222 26
50 291 8
50 295 41
51 59 30
51 63 34
51 64 4
51 69 43
51 87 4
51 104 21
51 112 49
51 129 41
51 140 45
51 157 38
51 163 48
51 187 23
51 229 32
51 235 45
51 242 17
51 245 15
51 248 27
51 251 47
51 275 10
51 280 14
51 281 27
52 57 38
52 59 29
52 104 49
52 110 26
52 162 6
52 163 35
52 168 32
52 195 33
52 230 44
52 244 24
52 264 12
52 280 30
53 60 27
53 74 4
53 77 33
53 83 47
53 106 5
53 117 25
53 121 43
53 198 44
53 203 24
53 223 16
53 244 27
53 282 18
54 55 34
54 111 43
54 139 47
54 151 30
54 193 3
54 229 10
54 231 8
54 235 42
54 291 40
55 57 8
55 83 20
55 102 45
55 147 43
55 153 1
55 165 27
55 172 38
55 204 26
55 220 38
55 242 19
55 263 2
56 114 43
56 149 3
56 155 1
56 163 47
56 170 28
56 173 43
56 176 40
56 195 3
56 277 8
56 295 16
57 65 23
57 96 43
57 105 9
57 171 19
57 192 22
57 214 13
57 222 30
57 284 32
57 292 4
58 66 19
58 98 39
58 116 23
58 147 13
58 183 33
58 184 25
58 236 41
58 259 21
58 271 2
58 273 30
58 282 41
58 293 4
59 85 22
59 89 44
59 181 4
59 191 21
59 227 23
59 234 48
59 248 10
59 259 27
59 261 6
59 271 28
59 299 49
60 87 50
60 134 38
60 139 17
60 144 24
60 175 2
60 179 46
60 199 5
60 219 5
60 233 14
60 250 43
61 72 30
61 105 28
61 200 26
61 220 6
61 229 20
61 249 48
61 284 8
61 298 1
62 67 38
62 132 13
62 154 23
62 186 33
62 226 16
62 249 43
62 258 5
62 284 15
62 297 4
62 299 32
63 93 22
63 103 33
63 148 32
63 176 22
63 211 22
63 217 49
63 234 45
63 267 23
63 271 46
63 282 49
64 66 30
64 77 12
64 91 41
64 105 9
64 146 39
64 166 18
64 168 16
64 225 11
64 231 15
64 239 25
64 257 11
64 285 5
64 287 37
64 289 35
64 290 37
65 173 4
65 188 29
65 195 44
65 227 19
65 259 35
65 287 27
65 290 40
66 111 17
66 138 8
66 147 11
66 152 39
66 161 8
66 180 5
66 201 11
66 217 4
66 218 5
66 222 40
66 236 15
66 241 48
66 294 50
67 82 5
67 84 15
67 92 18
67 102 17
67 116 32
67 124 42
67 126 28
67 135 38
67 156 29
67 194 14
67 220 26
67 226 32
67 240 43
67 244 21
67 274 50
67 275 27
67 285 47
68 96 42
68 126 45
68 140 7
68 166 2
68 177 35
68 210 16
68 212 9
68 254 48
68 259 21
68 281 15
69 75 37
69 86 35
69 90 12
69 92 39
69 122 42
69 123 27
69 206 6
69 225 8
69 228 10
69 230 47
69 235 37
69 257 47
69 282 27
70 107 1
70 116 22
70 138 9
70 142 43
70 174 43
70 188 10
70 208 21
70 209 41
70 227 1
70 239 17
70 241 49
70 245 5
70 293 2
70 294 17
71 74 15
71 91 49
71 117 37
71 139 29
71 151 37
71 171 22
71 189 41
71 217 25
71 242 15
71 248 19
71 263 32
71 298 22
72 78 30
72 88 31
72 93 9
72 105 26
72 162 7
72 234 9
72 247 49
72 248 15
72 256 3
72 284 43
73 87 27
73 121 25
73 164 34
73 167 29
73 176 41
73 177 34
73 193 33
73 201 42
73 202 50
73 215 49
73 247 40
73 254 37
73 287 30
74 75 27
74 84 10
74 96 20
74 103 3
74 118 24
74 119 40
74 155 37
74 196 45
74 217 21
74 254 17
74 264 5
74 275 46
75 100 23
75 122 15
75 169 46
75 195 40
75 206 19
75 219 39
75 241 16
75 243 43
75 282 24
75 287 46
75 289 36
76 98 7
76 122 31
76 123 29
76 147 7
76 169 29
76 215 19
76 219 45
76 225 8
76 232 47
76 258 4
76 269 29
77 82 1
77 98 29
77 102 20
77 109 37
77 116 23
77 123 40
77 130 3
77 149 28
77 181 37
77 191 28
77 214 44
77 250 33
77 288 17
78 92 13
78 101 23
78 113 34
78 153 7
78 186 46
78 202 29
78 241 42
78 246 2
79 90 9
79 113 21
79 117 10
79 118 40
79 123 41
79 126 6
79 157 49
79 171 39
79 214 9
79 238 28
79 255 39
79 269 37
79 282 49
79 287 28
80 82 12
80 87 41
80 93 32
80 100 41
80 137 27
80 143 11
80 157 34
80 168 11
80 173 29
80 195 48
80 207 33
80 210 12
80 213 5
80 224 30
80 228 43
80 231 46
80 270 34
80 291 3
80 299 18
81 94 45
81 144 44
81 154 8
81 189 1
81 209 43
81 211 48
81 233 11
81 243 22
82 105 39
82 107 50
82 170 20
82 175 16
82 185 13
82 207 10
82 226 49
82 236 3
82 280 39
83 137 10
83 155 38
83 167 49
83 184 38
83 187 36
83 208 34
83 216 2
83 230 42
83 238 15
83 247 46
83 250 39
83 262 48
83 293 48
83 297 7
84 243 43
84 292 42
85 95 16
85 100 43
85 101 34
85 119 16
85 125 5
85 138 7
85 160 4
85 165 4
85 179 26
85 188 21
85 193 16
85 210 38
85 215 21
85 216 20
86 98 26
86 111 30
86 135 10
86 164 26
86 165 20
86 185 47
86 188 9
86 206 23
86 215 38
86 220 24
86 234 18
86 241 26
86 269 23
86 280 17
86 282 34
86 290 15
87 99 10
87 100 2
87 102 9
87 107 45
87 115 17
87 117 14
87 157 1
87 160 22
87 174 19
87 216 27
87 232 42
87 255 37
88 117 16
88 120 12
88 135 6
88 177 41
88 189 44
88 193 15
88 194 16
88 197 15
88 208 11
88 290 27
89 92 37
89 115 50
89 146 2
89 148 6
89 150 28
89 176 24
89 185 24
89 220 11
90 139 41
90 160 34
90 183 14
90 211 1
90 223 28
90 226 32
90 246 14
90 260 29
91 143 3
91 171 35
91 184 7
91 198 44
91 221 21
91 239 22
91 279 8
91 293 28
92 137 14
92 156 3
92 161 45
92 211 31
92 237 17
93 101 5
93 107 9
93 113 5
93 124 7
93 152 10
93 179 12
93 197 34
93 199 36
93 206 35
93 213 46
93 217 28
93 238 18
94 98 10
94 106 28
94 144 46
94 146 41
94 166 44
94 238 26
94 268 46
94 270 28
94 273 34
95 113 41
95 126 50
95 144 7
95 158 48
95 172 27
95 208 20
95 222 2
95 223 21
95 226 2
96 117 18
96 120 28
96 125 11
96 231 24
96 242 34
96 273 22
96 283 35
97 109 19
97 110 9
97 137 22
97 142 14
97 174 36
97 188 39
97 194 25
97 198 14
97 238 36
97 244 18
97 272 9
97 277 13
97 284 13
97 285 36
98 116 48
98 155 3
98 158 35
98 173 4
98 200 3
98 216 13
98 233 25
98 280 4
98 285 34
99 101 27
99 113 24
99 142 13
99 146 39
99 151 47
99 168 46
99 190 12
99 210 34
99 216 16
99 248 21
99 251 7
99 257 29
99 268 8
99 280 45
99 291 6
99 299 23
100 102 33
100 105 23
100 134 31
100 164 47
100 188 37
100 200 16
100 203 45
100 207 39
100 232 2
100 239 48
100 297 43
101 136 15
101 137 25
101 139 47
101 148 50
101 159 3
101 247 20
101 266 12
101 284 41
101 287 18
101 289 9
101 294 2
102 108 3
102 116 26
102 138 24
102 166 9
102 193 4
102 195 32
102 208 6
102 272 11
102 274 4
102 287 38
102 290 33
102 296 35
103 138 36
103 161 19
103 174 2
103 179 30
103 195 10
103 219 4
103 220 30
103 224 2
103 228 20
103 236 4
103 258 48
103 271 21
103 293 6
104 130 19
104 134 34
104 157 48
104 164 37
104 170 44
104 180 1
104 275 39
104 296 19
105 151 25
105 162 48
105 169 24
105 198 8
105 214 3
105 261 35
105 271 13
105 292 42
105 297 17
106 112 49
106 129 27
106 135 38
106 136 1
106 170 9
106 183 47
106 200 6
106 211 38
106 259 50
107 127 27
107 139 43
107 144 48
107 205 49
107 216 50
107 221 18
107 226 32
107 228 47
107 238 4
107 242 25
107 256 47
107 282 45
107 297 45
108 158 23
108 172 44
108 178 18
108 187 32
108 192 48
108 199 4
108 219 45
108 224 41
108 230 23
108 232 43
108 251 19
108 262 10
108 286 45
109 164 27
109 182 8
109 225 2
109 244 16
109 249 7
109 261 28
109 275 10
109 298 6
110 161 26
110 164 9
110 186 24
110 198 9
110 216 5
110 220 29
110 283 35
111 140 4
111 149 25
111 161 29
111 196 26
111 218 18
111 283 49
112 156 10
112 158 15
112 167 4
112 188 4
112 258 7
112 282 26
112 283 48
113 122 26
113 135 37
113 147 45
113 155 2
113 159 46
113 185 46
113 189 20
113 228 5
113 239 26
113 281 29
114 142 12
114 144 3
114 165 38
114 270 37
114 280 12
114 281 44
114 288 16
115 119 48
115 135 49
115 239 42
115 246 29
115 278 27
115 282 10
116 170 27
116 189 36
116 195 26
116 231 32
116 239 39
116 247 33
116 256 8
116 291 38
116 294 8
117 132 46
117 140 32
117 228 11
117 247 42
117 264 30
117 286 30
118 124 46
118 131 5
118 147 11
118 160 7
118 164 9
118 198 50
118 205 46
118 233 20
118 243 45
118 258 11
119 128 20
119 177 44
119 181 2
119 197 48
119 251 20
119 261 13
119 286 26
119 289 5
119 299 41
120 129 7
120 148 45
120 158 23
120 173 16
120 187 32
120 201 32
120 213 12
120 223 16
120 240 44
120 246 5
120 284 47
121 141 26
121 204 50
121 221 1
121 240 36
121 263 8
121 274 11
121 285 37
121 297 5
122 125 31
122 140 31
122 168 15
122 181 2
122 211 24
122 217 19
122 221 49
122 232 43
122 237 33
122 247 24
122 248 47
122 251 23
122 268 30
122 285 43
123 131 47
123 204 48
123 210 27
123 211 30
123 244 9
123 248 42
123 267 24
123 285 13
124 125 38
124 156 49
124 224 14
124 229 40
124 253 36
124 265 23
124 294 50
125 132 22
125 135 28
125 148 32
125 178 2
125 195 44
125 200 33
125 232 28
125 265 14
125 277 31
126 137 20
126 140 47
126 172 6
126 190 19
126 192 21
126 206 38
126 215 11
126 235 20
126 282 35
127 163 37
127 268 49
127 288 43
127 297 30
128 162 22
128 223 7
128 248 19
128 264 22
128 276 22
128 294 8
128 296 9
129 146 44
129 169 10
129 191 32
129 192 23
129 225 43
129 247 34
129 259 17
129 263 26
130 150 13
130 155 32
130 186 8
130 190 32
130 191 28
130 195 16
130 207 2
130 253 1
131 138 3
131 222 13
131 230 20
131 275 37
132 164 1
132 175 18
132 213 31
132 232 31
132 237 42
132 278 37
132 280 49
132 294 15
133 150 8
133 158 9
133 178 26
133 209 3
133 216 20
133 236 7
133 241 26
133 249 12
133 289 42
134 171 44
134 172 39
134 180 4
134 188 25
134 191 47
134 199 36
134 228 5
134 233 12
134 251 37
134 292 5
135 149 14
135 176 1
135 210 26
135 216 2
135 224 4
135 246 45
135 287 32
135 299 34
136 178 38
136 200 18
136 203 34
136 247 3
136 254 27
136 265 44
136 293 28
136 297 29
137 153 13
137 177 36
137 254 6
137 265 25
137 277 28
137 278 49
138 158 13
138 171 31
138 202 24
138 225 11
138 271 18
138 283 28
139 141 24
139 149 7
139 162 34
139 171 39
139 213 9
139 236 9
139 238 40
139 240 12
139 255 3
139 260 21
139 266 47
139 280 41
140 150 40
140 159 33
140 162 45
140 167 18
140 168 26
140 186 24
140 200 49
140 219 41
140 221 9
140 253 4
140 263 17
140 282 36
140 290 3
141 142 31
141 147 19
141 215 28
141 259 42
141 298 36
142 151 7
142 193 17
142 218 42
142 222 40
142 248 6
142 270 1
142 284 50
142 295 45
142 296 14
143 147 4
143 156 18
143 157 11
143 163 44
143 176 9
143 184 43
143 196 40
143 199 29
143 218 20
143 242 15
143 270 27
143 274 10
143 294 24
144 255 30
144 263 26
144 279 11
144 283 34
144 287 7
144 295 31
145 147 13
145 173 50
145 174 17
145 227 19
145 244 16
145 290 10
145 297 8
145 299 21
146 150 12
146 159 9
146 197 18
146 231 26
146 233 13
146 238 37
146 260 38
146 264 8
146 285 45
146 298 30
147 169 48
147 195 23
147 202 49
147 213 14
147 234 1
147 238 9
147 272 37
147 295 33
148 166 36
148 223 50
148 250 16
148 253 42
148 268 30
148 293 29
149 193 43
149 195 48
149 268 49
149 293 9
150 254 10
151 153 9
151 166 29
151 167 21
151 176 17
151 180 48
151 182 48
151 227 29
151 253 34
151 256 35
151 259 39
151 293 31
151 298 16
152 157 38
152 158 3
152 159 15
152 167 1
153 157 6
153 199 25
153 254 40
153 266 38
153 296 10
154 183 39
154 187 3
154 188 4
154 220 20
154 244 33
154 266 46
155 157 20
155 170 32
155 175 6
155 176 29
155 215 40
155 255 37
155 256 1
155 272 8
155 282 34
155 288 1
156 175 39
156 186 18
156 210 35
156 211 27
156 216 48
156 242 1
156 243 14
157 179 2
157 249 17
158 169 14
158 217 7
158 239 41
158 247 3
158 265 46
158 285 2
158 288 43
159 163 49
159 198 7
159 202 13
159 214 33
159 241 3
159 243 34
159 252 16
159 254 8
159 285 12
160 192 7
160 199 44
160 204 12
160 205 15
160 209 30
160 214 14
160 258 3
160 262 47
160 263 49
161 172 31
161 216 46
161 224 1
161 236 44
161 246 49
161 265 19
161 266 7
162 172 8
162 186 9
162 200 10
162 213 3
162 216 12
162 276 2
162 284 3
163 230 19
163 231 16
163 241 36
163 262 23
163 267 49
163 287 3
164 174 32
164 175 12
164 189 12
164 193 28
164 219 26
164 220 28
164 245 7
164 287 39
164 290 32
165 166 5
165 180 39
165 181 12
165 201 50
165 212 39
165 239 5
165 248 50
165 274 7
166 173 11
166 195 7
166 234 17
166 245 22
166 280 10
167 193 31
167 265 26
168 169 12
168 176 49
168 194 43
168 219 49
168 228 21
168 236 44
168 252 2
168 254 2
168 299 5
169 193 15
169 200 29
169 265 30
169 285 42
169 292 37
169 294 19
170 171 23
170 181 41
170 184 7
170 188 34
170 193 42
170 208 48
170 212 38
170 245 42
170 248 6
170 254 50
170 256 50
170 261 25
170 263 24
170 282 9
170 295 5
171 188 1
171 192 23
171 205 5
171 214 43
171 218 21
171 231 27
171 236 36
171 248 24
171 259 30
171 269 43
171 271 38
172 176 11
172 194 22
172 252 29
172 262 47
172 296 42
173 207 1
173 230 40
173 246 1
173 250 36
173 270 33
173 282 50
173 294 25
174 180 24
174 191 7
174 199 27
174 220 24
174 223 31
174 243 50
174 244 34
175 193 37
175 219 2
175 227 6
175 268 43
175 272 44
175 292 29
176 197 19
176 200 32
176 209 2
176 215 1
176 241 24
176 242 40
176 280 11
177 178 47
177 182 20
177 186 9
177 196 39
177 220 23
177 226 50
177 233 41
177 238 8
177 246 33
177 263 40
177 269 35
177 287 8
178 183 46
178 184 11
178 201 33
178 216 29
178 220 12
178 254 17
179 185 15
179 187 15
179 211 24
179 257 10
179 291 8
180 206 2
180 290 30
180 292 41
180 295 4
181 192 30
181 213 16
181 222 45
181 228 42
181 238 13
181 265 14
181 270 3
181 294 1
182 268 38
182 273 2
183 186 43
183 196 48
183 206 34
183 214 32
183 217 32
183 220 42
183 224 29
183 232 44
183 249 24
183 266 7
183 281 7
183 286 42
183 291 24
183 296 21
184 210 16
184 277 33
185 193 30
185 209 17
185 219 12
185 246 21
185 257 20
185 259 44
185 264 36
185 277 16
185 294 35
186 221 50
186 235 32
186 237 39
186 243 2
186 251 19
186 258 41
186 283 44
187 219 16
187 261 24
187 298 25
188 192 49
188 198 17
188 247 4
188 259 42
188 267 43
189 191 10
189 253 50
189 255 34
189 257 35
189 259 20
189 279 49
189 294 17
190 249 50
190 251 18
190 255 31
190 257 22
190 262 39
190 265 24
190 278 9
190 294 5
191 207 10
191 212 9
191 213 36
191 239 49
191 275 10
191 279 4
192 197 39
192 202 4
192 233 22
192 237 14
192 243 30
192 298 20
193 199 33
193 205 35
193 244 14
193 251 25
193 263 47
193 276 13
193 296 8
194 236 31
194 247 35
194 251 9
194 254 48
194 284 34
195 197 26
195 203 30
195 249 7
195 255 14
195 270 5
195 273 15
195 297 18
196 207 14
196 211 25
196 231 5
196 245 14
196 259 35
197 208 9
197 235 2
197 261 40
197 276 32
198 222 18
198 224 19
199 226 1
200 210 2
200 221 4
200 248 16
200 277 26
201 202 50
201 222 29
201 230 35
202 244 32
202 258 13
202 298 43
203 227 31
203 244 48
203 257 18
203 259 10
203 276 4
203 286 32
204 210 14
204 215 20
204 217 1
204 229 30
204 235 45
204 265 6
204 273 43
204 292 31
204 296 16
205 211 47
205 220 20
205 256 47
205 257 14
205 261 38
205 293 49
205 299 15
206 229 43
206 238 17
206 266 42
206 270 44
206 299 45
207 224 26
207 227 26
207 250 9
207 252 19
207 254 6
207 269 8
208 249 38
208 266 18
208 299 13
209 218 21
209 250 31
209 251 32
209 276 22
209 286 10
209 295 28
210 221 29
210 226 3
210 255 8
210 261 46
210 276 49
211 230 29
211 234 44
211 285 14
211 298 19
212 227 42
212 244 30
212 259 11
212 267 10
212 296 21
213 221 7
213 224 4
213 276 48
213 290 32
214 215 14
214 217 16
214 221 39
214 226 23
214 247 4
214 252 6
214 274 35
214 279 24
214 298 39
215 218 19
215 253 47
216 231 48
216 248 48
216 252 27
216 265 2
216 298 6
217 222 22
217 265 2
217 273 36
217 284 15
218 219 17
218 249 4
218 294 9
218 297 48
219 248 15
219 253 18
220 229 18
220 249 23
220 256 24
220 265 18
220 293 4
220 298 37
221 226 33
221 236 44
221 243 10
221 250 38
221 259 50
221 266 46
221 271 14
222 267 40
222 280 14
222 281 12
223 271 37
223 276 14
223 284 39
224 254 41
224 267 21
224 275 10
224 284 44
224 293 6
225 242 25
225 248 11
225 277 10
225 286 33
225 298 8
226 244 26
226 262 50
226 264 28
226 272 48
227 239 25
227 263 45
227 272 3
227 294 12
227 295 29
228 229 46
228 236 23
228 252 19
228 274 47
228 296 20
230 245 34
230 282 36
231 259 36
232 237 45
232 247 25
232 252 49
232 265 33
232 267 15
232 278 19
233 251 45
234 248 8
234 279 24
234 283 19
235 271 20
235 284 33
236 249 3
236 263 28
237 240 8
237 251 4
237 275 7
237 291 5
237 298 29
238 263 3
238 272 7
238 284 42
239 241 31
239 277 5
239 289 16
240 250 1
240 288 1
241 248 35
241 250 34
241 255 37
241 259 20
241 261 31
241 278 13
242 262 18
243 275 13
243 276 27
244 260 36
245 259 9
245 282 36
245 296 12
246 281 29
247 264 8
249 270 44
249 293 31
250 258 37
250 267 4
251 270 37
251 291 43
252 260 10
252 267 17
252 288 47
252 295 19
252 299 8
253 293 29
254 271 23
255 278 23
255 283 30
255 296 25
255 299 7
256 259 15
256 269 13
257 277 29
257 291 45
257 294 25
258 264 48
258 278 10
259 279 3
259 286 34
259 288 18
260 270 41
261 274 47
262 273 47
263 278 48
264 284 42
265 279 29
265 292 34
267 269 47
268 280 15
268 284 28
268 293 7
269 270 33
269 274 24
269 287 25
269 292 40
272 281 2
272 295 49
273 299 14
274 292 33
274 297 25
276 284 23
276 292 48
277 288 38
279 294 1
281 284 42
281 286 14
281 289 48
281 295 3
282 298 17
285 287 33
285 297 23
286 294 7
286 299 31
289 295 19
289 296 6
289 297 23
290 291 49
300 314 5
300 320 9
300 325 17
300 344 30
300 355 36
300 373 6
300 381 43
300 406 11
300 462 9
300 492 28
300 494 29
300 510 21
300 569 39
301 424 45
301 446 27
301 461 34
301 462 30
301 480 41
301 553 5
302 316 40
302 359 48
302 366 28
302 414 20
302 444 50
302 458 43
302 544 34
302 566 22
302 576 35
302 592 42
302 595 7
303 316 38
303 348 46
303 357 15
303 412 4
303 426 25
303 436 2
303 442 11
303 448 19
303 458 14
303 487 21
303 500 46
303 541 43
303 561 41
303 569 36
303 570 37
303 586 20
303 596 22
304 354 18
304 368 10
304 374 26
304 384 7
304 390 9
304 393 4
304 422 29
304 442 9
304 466 48
304 490 12
304 512 32
304 577 32
304 581 3
304 590 38
304 595 19
305 370 50
305 393 3
305 414 24
305 434 24
305 479 6
305 483 36
305 488 44
305 499 20
305 503 7
305 517 42
305 550 12
305 562 49
305 568 27
305 569 50
306 310 18
306 360 50
306 403 18
306 406 30
306 466 26
306 471 26
306 476 38
306 501 31
306 517 4
306 529 48
306 534 28
306 544 17
306 553 30
306 595 9
306 596 19
307 317 17
307 326 30
307 332 18
307 334 21
307 348 5
307 355 43
307 361 27
307 364 41
307 371 39
307 375 46
307 420 49
307 424 32
307 446 9
307 458 49
307 464 8
307 479 8
307 507 17
307 513 10
307 520 27
307 527 48
307 533 35
307 543 3
307 547 37
307 580 17
308 310 8
308 336 35
308 356 44
308 360 25
308 442 16
308 449 4
308 458 45
308 464 34
308 479 33
308 509 15
308 519 7
308 540 40
308 552 9
309 330 33
309 338 30
309 369 47
309 424 30
309 447 30
309 465 28
309 475 40
309 483 28
309 521 38
309 524 47
309 570 44
309 574 47
309 578 26
309 595 43
309 599 33
310 318 28
310 336 30
310 337 49
310 352 37
310 353 16
310 392 44
310 400 11
310 413 31
310 453 47
310 456 8
310 473 14
310 478 32
310 496 22
310 517 22
310 549 23
310 556 30
310 564 4
310 595 2
311 339 29
311 344 35
311 373 31
311 375 8
311 415 24
311 491 8
311 571 45
311 572 23
311 592 4
312 325 43
312 333 48
312 335 48
312 418 25
312 424 27
312 471 27
312 487 25
312 489 13
312 504 44
312 508 20
312 519 24
312 549 26
312 550 19
312 590 31
313 330 42
313 342 2
313 349 4
313 352 13
313 357 24
313 360 33
313 375 17
313 383 27
313 385 11
313 414 3
313 448 7
313 452 19
313 470 27
313 484 16
313 513 15
313 522 1
313 546 21
313 547 10
313 550 48
313 566 21
313 587 36
314 319 24
314 369 47
314 401 11
314 403 36
314 408 43
314 426 32
314 451 11
314 490 18
314 542 50
314 551 43
314 567 9
314 572 1
315 319 46
315 334 22
315 335 24
315 372 31
315 392 40
315 394 50
315 417 43
315 436 42
315 439 8
315 464 13
315 481 20
315 485 26
315 533 28
315 535 20
315 537 46
315 540 39
316 327 17
316 349 18
316 357 24
316 366 40
316 368 15
316 381 36
316 396 28
316 433 9
316 439 18
316 479 40
316 486 26
316 513 17
316 535 33
316 540 35
316 592 18
317 346 28
317 410 8
317 426 43
317 442 8
317 460 47
317 489 43
317 504 1
317 535 38
317 540 2
317 547 15
317 571 8
317 598 27
318 324 42
318 339 27
318 426 25
318 506 30
318 535 46
318 539 42
318 563 6
318 592 37
318 593 8
318 594 41
318 595 14
319 346 16
319 356 8
319 439 4
319 459 44
319 475 25
319 493 38
319 514 30
319 539 44
320 343 15
320 356 37
320 391 38
320 401 25
320 428 33
320 430 32
320 439 27
320 441 22
320 467 34
320 472 41
320 500 29
320 505 12
320 520 35
320 521 8
320 579 38
320 586 16
321 333 3
321 355 30
321 390 21
321 439 39
321 450 39
321 466 12
321 488 5
321 493 7
321 539 21
321 546 10
321 554 2
322 330 45
322 378 47
322 390 31
322 426 40
322 462 11
322 525 17
322 527 28
322 531 37
322 543 1
322 557 9
323 330 15
323 341 22
323 358 44
323 361 6
323 385 3
323 416 6
323 459 42
323 483 12
323 492 43
323 500 7
323 511 14
323 529 24
323 587 28
323 588 4
324 339 15
324 367 41
324 386 8
324 388 21
324 395 11
324 431 19
324 473 22
324 484 8
324 503 15
324 510 4
324 517 47
324 523 28
324 540 20
324 546 26
324 578 14
325 353 22
325 390 37
325 440 29
325 442 45
325 460 32
325 477 36
325 480 49
325 493 37
325 524 27
325 531 10
325 538 32
325 547 33
325 564 23
325 580 7
326 340 12
326 361 29
326 385 21
326 406 2
326 408 38
326 416 43
326 470 15
326 498 7
326 520 16
326 525 22
326 538 21
326 546 19
326 555 20
326 577 50
326 595 40
327 363 48
327 366 16
327 383 11
327 397 34
327 398 46
327 410 8
327 418 17
327 465 31
327 478 6
327 529 6
327 533 9
327 559 16
327 584 37
327 589 43
328 364 40
328 410 45
328 438 7
328 456 18
328 459 16
328 468 10
328 479 6
328 521 10
328 549 24
328 596 14
329 331 26
329 349 45
329 353 36
329 386 44
329 395 17
329 427 36
329 433 34
329 445 14
329 454 3
329 467 46
329 479 49
329 482 48
329 526 3
329 558 15
329 571 30
329 583 9
330 359 20
330 363 38
330 367 24
330 414 8
330 452 32
330 545 15
330 585 3
331 334 38
331 411 33
331 434 20
331 435 48
331 436 40
331 452 31
331 473 23
331 484 5
331 491 6
331 530 18
331 548 40
331 577 2
331 595 34
332 334 27
332 344 37
332 347 49
332 382 29
332 385 32
332 388 47
332 396 28
332 403 37
332 438 13
332 455 7
332 457 45
332 471 33
332 489 46
332 533 20
332 565 42
332 593 30
332 594 34
333 367 46
333 415 17
333 435 18
333 440 15
333 446 16
333 447 9
333 451 46
333 456 39
333 478 13
333 536 3
333 587 8
333 594 5
334 340 4
334 413 43
334 414 31
334 431 42
334 439 43
334 441 12
334 453 24
334 499 39
334 504 41
334 521 10
334 545 1
334 555 48
334 557 6
334 569 35
334 573 45
334 588 27
334 591 27
335 362 24
335 370 12
335 371 22
335 373 43
335 384 30
335 407 39
335 427 10
335 430 40
335 441 36
335 450 50
335 505 3
335 534 40
335 544 9
335 557 7
335 566 44
335 585 3
336 338 39
336 360 35
336 374 45
336 380 50
336 386 10
336 387 33
336 432 41
336 452 21
336 512 36
336 514 40
336 543 28
336 578 22
336 585 36
337 338 6
337 356 50
337 376 12
337 405 18
337 489 22
337 522 6
337 570 49
337 574 12
337 587 15
337 599 38
338 348 47
338 368 17
338 370 42
338 373 38
338 380 25
338 403 48
338 421 33
338 428 28
338 435 37
338 459 20
338 472 24
338 513 38
338 545 29
338 548 7
338 552 30
338 562 2
338 573 44
338 588 21
339 349 31
339 366 15
339 376 7
339 386 37
339 391 17
339 398 20
339 406 6
339 434 38
339 440 25
339 442 4
339 484 1
339 493 41
339 498 43
339 541 49
339 555 9
339 557 35
339 577 36
339 586 36
339 595 34
340 357 19
340 369 13
340 385 22
340 388 38
340 393 38
340 396 10
340 486 18
340 491 44
340 524 41
340 525 19
340 527 39
340 541 12
340 542 50
341 342 6
341 373 20
341 396 36
341 407 22
341 414 39
341 429 41
341 449 11
341 469 15
341 485 46
341 495 11
341 519 7
341 540 40
341 582 11
342 348 16
342 361 26
342 367 46
342 426 1
342 481 10
342 491 16
342 523 15
342 540 31
342 586 3
343 364 2
343 382 42
343 389 21
343 399 48
343 405 33
343 414 41
343 433 36
343 455 44
343 484 42
343 505 43
343 517 15
343 518 27
343 530 14
343 573 5
343 581 19
344 355 24
344 359 19
344 364 16
344 380 36
344 419 27
344 446 8
344 488 46
344 492 42
344 508 33
344 530 44
344 554 44
344 575 42
345 348 9
345 373 10
345 378 25
345 402 12
345 417 12
345 432 16
345 442 34
345 475 11
345 514 48
345 529 24
345 570 48
345 571 43
345 587 16
346 392 41
346 404 7
346 408 44
346 417 6
346 441 13
346 453 15
346 478 32
346 516 33
346 522 32
346 580 19
346 585 10
346 594 39
347 365 15
347 387 3
347 401 22
347 406 8
347 432 47
347 439 15
347 460 18
347 477 6
347 484 39
347 516 29
347 537 19
347 565 5
347 573 14
348 353 29
348 368 4
348 401 40
348 402 29
348 425 47
348 449 7
348 475 19
348 520 5
348 527 2
348 560 26
348 573 18
348 592 18
348 596 7
349 353 2
349 373 50
349 376 26
349 377 11
349 378 40
349 386 42
349 389 14
349 390 13
349 412 1
349 439 12
349 460 28
349 490 18
349 496 17
349 524 18
349 545 49
349 561 38
349 577 24
350 361 12
350 386 18
350 422 28
350 424 3
350 431 46
350 456 26
350 464 9
350 477 16
350 483 32
350 493 11
350 500 42
350 503 1
350 535 30
350 536 50
350 548 3
350 588 29
351 353 25
351 354 13
351 365 21
351 382 18
351 419 26
351 420 33
351 447 18
351 451 39
351 453 12
351 455 36
351 459 6
351 487 30
351 493 36
351 524 45
351 553 3
351 558 49
351 559 12
352 400 32
352 433 2
352 447 10
352 469 7
352 493 12
352 518 25
352 524 39
352 548 24
352 550 18
352 551 39
352 562 4
352 568 18
352 577 41
352 583 34
352 590 44
353 377 6
353 414 4
353 418 12
353 428 33
353 435 37
353 458 31
353 459 22
353 469 48
353 475 18
353 487 29
353 582 29
353 595 3
354 356 23
354 393 32
354 413 2
354 423 36
354 427 13
354 462 5
354 464 45
354 513 22
354 522 16
354 529 22
354 539 12
354 581 42
355 364 39
355 368 50
355 369 45
355 378 8
355 393 43
355 395 28
355 421 4
355 434 48
355 460 32
355 498 15
355 526 32
356 365 20
356 415 47
356 428 3
356 430 19
356 533 15
356 538 31
356 550 48
356 561 17
356 567 3
357 375 31
357 384 20
357 417 39
357 434 45
357 454 24
357 455 35
357 480 18
357 510 42
357 512 6
357 548 29
357 566 33
357 594 47
358 415 31
358 489 29
358 524 6
358 580 23
359 386 8
359 399 9
359 401 22
359 408 39
359 422 25
359 459 3
359 532 10
359 559 22
359 564 6
359 596 31
360 369 36
360 395 38
360 431 30
360 556 4
360 576 41
360 581 10
361 371 24
361 440 31
361 496 6
361 508 49
361 542 17
361 544 24
361 558 42
361 582 25
361 589 2
362 372 24
362 374 23
362 380 32
362 449 4
362 453 28
362 468 6
362 499 12
362 505 39
362 527 29
362 537 2
362 539 13
362 544 32
363 380 12
363 388 36
363 421 39
363 521 44
363 533 23
363 540 26
363 555 23
363 584 27
363 588 18
364 414 34
364 426 2
364 474 50
364 487 39
364 488 50
364 509 17
364 535 14
364 538 42
364 549 41
364 551 18
364 580 17
365 371 13
365 379 1
365 406 21
365 407 42
365 450 7
365 478 32
365 485 30
365 489 35
365 492 35
365 500 43
365 536 18
365 538 46
365 543 30
365 551 8
365 559 41
365 589 3
366 406 34
366 436 13
366 445 29
366 447 3
366 448 46
366 459 30
366 464 3
366 497 37
366 529 29
366 556 21
366 576 50
367 414 22
367 425 11
367 439 17
367 442 39
367 524 25
367 550 18
367 571 11
367 573 18
367 588 26
368 399 44
368 450 48
368 490 10
368 500 28
368 512 42
368 526 30
368 536 26
368 565 21
368 589 37
369 395 16
369 427 23
369 434 22
369 441 29
369 473 1
369 479 25
369 497 24
369 552 32
369 566 29
370 394 10
370 428 13
370 432 49
370 454 12
370 463 34
370 485 11
370 513 28
370 559 24
370 563 35
370 569 47
371 381 34
371 392 2
371 480 22
371 481 27
371 507 1
371 520 34
371 541 7
371 564 42
371 595 15
372 381 32
372 407 13
372 416 1
372 444 47
372 462 37
372 476 25
372 484 25
372 488 40
372 491 49
372 551 1
372 561 21
372 572 27
372 597 12
372 598 33
373 386 27
373 398 23
373 435 19
373 472 37
373 519 3
373 544 42
373 565 21
373 577 49
373 585 28
374 378 24
374 436 23
374 451 6
374 469 25
374 486 6
374 496 12
374 498 18
374 509 22
374 511 45
374 515 30
374 527 22
374 533 42
374 540 19
374 553 46
374 555 16
374 556 8
374 566 46
374 571 18
375 406 28
375 408 24
375 413 32
375 414 13
375 424 50
375 429 4
375 505 31
375 525 36
375 540 8
375 575 24
376 390 8
376 401 9
376 402 3
376 430 34
376 450 31
376 451 11
376 469 8
376 493 38
376 520 24
376 525 25
376 534 11
376 541 19
376 554 7
376 560 32
376 571 10
376 581 25
376 592 30
377 438 27
377 464 34
377 467 27
377 487 47
377 496 11
377 541 3
377 542 28
377 561 25
377 563 2
378 434 33
378 447 5
378 519 40
378 521 41
378 531 31
378 541 49
378 565 1
378 588 35
378 596 32
379 382 33
379 392 45
379 468 39
379 470 22
379 502 21
379 504 16
380 434 32
380 442 39
380 448 24
380 483 13
380 543 50
380 585 50
381 424 44
381 435 26
381 443 33
381 458 23
381 460 22
381 472 45
381 475 25
381 543 49
381 550 20
381 598 28
382 387 32
382 390 26
382 398 19
382 399 24
382 437 6
382 442 18
382 444 24
382 457 43
382 514 49
382 532 6
382 571 39
382 581 40
382 589 27
383 387 9
383 394 5
383 407 8
383 418 47
383 473 30
383 493 22
383 523 46
383 525 31
383 586 18
384 393 24
384 409 13
384 435 42
384 441 47
384 454 7
384 480 16
384 488 48
384 499 28
384 502 45
384 510 31
384 520 4
384 521 14
384 536 4
384 574 11
384 596 31
385 413 29
385 416 3
385 434 29
385 437 36
385 508 42
385 522 18
385 534 14
385 545 50
386 405 24
386 427 23
386 459 49
386 477 3
386 478 46
386 484 46
386 522 35
386 524 13
386 527 21
386 537 47
386 559 4
386 578 18
387 388 6
387 411 21
387 428 15
387 450 33
387 471 16
387 523 45
387 554 36
387 564 31
387 587 50
388 421 47
388 441 11
388 451 30
388 452 1
388 479 41
388 483 15
388 485 42
388 495 11
388 510 28
388 526 44
388 534 34
388 539 50
388 557 44
388 562 39
388 585 45
388 586 39
389 397 23
389 407 10
389 435 10
389 436 22
389 459 15
389 470 29
389 506 27
389 544 36
389 597 43
390 401 11
390 429 3
390 449 39
390 473 49
390 482 35
390 490 40
390 501 47
390 523 45
390 527 19
390 543 47
390 559 37
391 416 33
391 463 41
391 478 47
391 547 12
392 401 36
392 426 31
392 439 11
392 481 29
392 498 21
392 505 7
392 519 19
392 528 43
392 551 16
392 568 30
392 569 16
392 589 33
392 593 8
392 597 44
393 403 20
393 408 2
393 414 5
393 424 22
393 487 42
393 501 5
393 520 8
393 530 31
393 578 1
393 583 2
393 593 1
394 400 49
394 457 40
394 466 35
394 504 41
394 515 37
394 537 46
394 570 26
395 399 19
395 428 8
395 430 6
395 446 39
395 461 17
395 466 27
395 496 33
395 513 34
395 528 8
395 534 49
395 535 16
395 538 16
395 568 42
395 596 35
396 403 19
396 413 48
396 426 8
396 434 13
396 510 2
396 526 15
396 529 45
396 537 4
396 552 18
396 557 46
396 568 5
396 597 10
397 412 32
397 421 45
397 458 46
397 484 30
397 492 23
397 494 14
397 500 37
397 517 30
397 538 4
397 540 5
397 555 6
398 421 36
398 424 39
398 451 14
398 514 36
398 515 6
398 547 31
399 402 30
399 448 43
399 460 1
399 499 27
399 500 50
399 504 15
399 538 31
399 539 17
399 553 10
399 559 34
400 441 36
400 442 7
400 467 40
400 486 45
400 538 38
400 543 35
401 412 40
401 426 17
401 430 9
401 474 5
401 481 6
401 495 40
401 499 10
401 502 12
401 521 46
401 550 46
401 576 50
401 578 11
401 581 33
401 583 6
401 585 43
402 418 12
402 421 48
402 435 45
402 450 41
402 481 49
402 485 10
402 486 21
402 522 17
402 550 21
402 562 6
402 573 3
402 582 27
402 594 46
403 445 49
403 447 16
403 452 32
403 478 41
403 491 35
403 519 42
403 536 45
403 555 42
403 562 31
403 573 5
403 592 3
404 407 26
404 410 2
404 432 5
404 441 38
404 479 34
404 496 12
404 594 32
405 406 48
405 425 11
405 426 29
405 463 38
405 474 9
405 539 38
405 549 10
405 555 28
406 455 10
406 507 15
406 516 30
406 527 36
406 546 12
407 411 30
407 426 3
407 435 43
407 446 20
407 451 37
407 453 34
407 529 15
408 422 30
408 430 15
408 505 21
408 517 33
408 571 42
408 584 24
409 418 37
409 425 32
409 430 9
409 455 48
409 486 15
409 491 6
409 492 8
409 517 43
409 555 45
409 566 18
409 583 32
410 416 4
410 425 45
410 470 41
410 488 19
410 496 26
410 510 28
410 559 32
411 458 6
411 460 31
411 468 25
411 470 25
411 483 19
411 486 10
411 491 41
411 497 49
411 499 26
411 534 13
411 539 33
411 548 20
411 569 36
411 578 19
412 487 3
412 513 45
412 530 18
412 546 17
412 547 2
412 555 27
412 563 10
412 571 47
413 450 44
413 473 41
413 511 50
413 533 41
413 538 34
413 567 20
413 590 16
414 415 11
414 436 2
414 451 23
414 453 41
414 479 28
414 483 50
414 485 10
414 505 39
414 520 40
414 533 10
414 535 15
414 582 3
415 444 42
415 490 36
415 494 40
415 496 12
415 516 38
415 526 34
415 565 31
416 474 4
416 503 38
416 528 7
416 545 15
416 577 34
417 425 2
417 426 8
417 477 33
417 495 42
417 519 41
417 524 5
417 557 10
417 564 1
417 574 6
417 577 34
417 590 42
418 426 35
418 436 33
418 442 3
418 459 23
418 469 25
418 477 14
418 489 39
418 493 29
418 504 7
418 541 24
418 556 18
418 573 18
418 579 11
418 589 4
419 439 48
419 467 17
419 493 41
419 508 6
419 523 31
419 530 26
419 537 7
419 540 38
419 551 10
420 435 1
420 437 30
420 468 14
420 485 12
420 497 31
420 519 21
420 557 47
420 560 24
420 564 5
420 571 30
420 582 28
420 583 30
421 436 4
421 462 41
421 473 18
421 481 34
421 483 47
421 497 42
421 501 1
421 506 16
421 518 4
421 528 6
421 532 15
421 553 20
421 572 46
421 588 20
421 590 3
422 427 21
422 451 28
422 491 42
422 492 31
422 493 30
422 524 22
422 525 46
422 527 41
422 544 4
422 556 17
422 564 38
422 571 27
422 590 23
422 595 19
422 599 6
423 486 2
423 501 24
423 531 46
423 541 20
423 552 7
423 553 44
423 560 13
424 448 9
424 495 11
424 519 16
424 534 15
424 550 25
424 571 38
424 585 10
424 589 46
425 475 40
425 483 33
425 495 25
425 500 31
425 529 15
425 539 5
425 584 2
426 492 10
426 499 47
426 522 5
426 525 26
426 532 36
426 535 33
426 549 49
426 551 4
426 574 38
426 575 2
426 593 29
427 461 35
427 467 23
427 472 35
427 486 30
427 491 35
427 504 46
427 533 40
427 573 3
427 583 10
428 444 16
428 458 40
428 490 19
428 502 11
428 548 29
428 573 3
428 575 36
428 599 9
429 466 17
429 474 40
429 532 13
429 544 27
429 556 38
430 454 19
430 459 4
430 488 24
430 494 2
430 507 4
430 560 29
430 561 41
430 584 6
430 593 8
431 441 26
431 491 28
431 513 44
431 531 5
431 538 15
431 545 39
431 555 47
431 586 17
431 593 48
432 434 12
432 447 6
432 521 19
432 588 23
433 466 34
433 478 23
433 495 10
433 509 44
433 541 40
433 547 1
433 554 8
433 579 18
433 586 38
434 474 27
434 501 21
434 503 11
434 512 30
434 515 27
434 553 40
434 557 20
434 582 34
435 440 49
435 470 47
435 486 13
435 508 42
435 552 4
435 558 27
435 565 33
435 567 50
436 442 45
436 446 30
436 465 13
436 472 50
436 474 50
436 503 35
436 536 35
436 564 23
437 454 46
437 476 31
437 500 12
437 530 46
437 545 38
437 548 31
437 578 34
437 587 14
438 447 3
438 449 44
438 453 45
438 482 29
438 509 35
438 526 17
438 532 12
438 541 33
438 561 13
438 564 27
438 571 25
439 481 18
439 486 3
439 499 7
439 506 19
439 531 48
439 535 38
439 556 32
439 589 49
439 596 38
440 449 18
440 490 36
440 496 12
440 518 14
440 541 16
440 554 25
441 474 9
441 475 3
441 478 5
441 510 42
441 571 19
441 573 7
441 575 38
441 589 13
442 501 38
442 504 22
442 519 29
442 528 1
442 536 7
442 580 44
442 582 27
442 595 33
443 452 13
443 459 32
443 477 41
443 481 32
443 488 31
443 499 28
443 536 13
443 550 31
443 551 17
443 565 32
443 581 16
443 588 28
444 456 45
444 495 33
444 499 2
444 509 6
444 512 38
444 566 8
444 582 49
445 503 6
445 554 17
445 563 36
445 573 20
445 578 6
446 461 10
446 462 1
446 474 6
446 476 16
446 487 46
446 488 35
446 516 50
446 525 8
446 535 18
446 570 40
446 597 39
447 464 48
447 468 19
447 505 3
447 534 30
448 461 36
448 486 35
448 513 46
448 523 15
448 538 31
448 555 28
448 563 19
448 588 36
448 599 17
449 481 26
449 530 35
449 574 24
449 585 44
449 599 22
450 453 44
450 484 49
450 503 33
450 518 46
450 535 7
450 542 50
450 543 41
450 566 43
450 569 49
450 579 50
451 501 10
451 518 38
451 525 39
452 462 9
452 481 7
452 484 43
452 485 38
452 530 44
452 538 29
452 582 33
453 459 8
453 472 10
453 479 13
453 502 28
453 509 47
453 511 29
453 525 6
453 548 33
453 572 3
453 586 49
453 591 5
454 479 48
454 486 50
454 493 37
454 503 43
454 524 6
454 536 37
454 537 35
454 572 48
454 575 37
454 595 34
454 596 7
455 480 25
455 483 24
455 515 15
455 534 33
455 538 19
455 544 2
455 567 26
455 569 47
455 570 37
456 460 33
456 479 8
456 482 1
456 495 11
456 500 7
456 514 31
456 530 18
456 583 39
457 464 35
457 481 16
457 500 45
457 523 32
457 562 15
457 569 34
457 570 26
457 594 22
457 597 22
458 479 12
458 487 19
458 541 8
458 562 48
458 569 27
459 461 32
459 483 21
459 487 43
459 488 14
459 497 41
459 510 47
459 517 39
459 539 38
459 540 35
459 559 24
459 568 47
459 574 35
459 582 36
460 489 3
460 544 17
460 562 3
460 573 44
461 558 2
461 571 20
461 584 38
461 596 35
462 485 37
462 511 21
462 545 13
462 551 8
462 597 42
463 473 24
463 478 29
463 501 2
463 502 21
463 524 7
463 555 33
463 591 44
463 596 50
464 504 49
464 520 34
464 522 48
464 531 39
464 542 23
464 554 34
464 587 12
464 596 20
465 473 20
465 479 49
465 489 24
465 505 36
465 546 3
465 549 19
465 594 39
466 526 23
466 530 7
466 566 24
466 580 9
467 469 29
467 481 36
467 516 18
467 532 23
467 549 11
468 472 46
468 485 24
468 493 34
468 515 3
468 526 8
468 539 27
468 552 4
468 566 6
468 576 12
469 481 3
469 491 45
469 493 37
469 497 36
469 526 8
469 546 6
469 578 5
469 587 9
471 484 31
471 531 42
471 570 11
471 596 50
472 493 31
472 507 35
472 511 8
472 535 4
472 540 45
472 567 38
472 572 41
472 585 13
473 475 10
473 481 3
473 484 8
473 500 35
473 512 36
473 520 12
473 532 45
473 583 14
473 593 15
474 489 50
474 497 28
474 511 19
474 541 46
474 565 14
474 566 4
474 594 6
475 500 21
475 505 10
475 517 16
475 581 1
475 590 2
476 484 28
476 501 2
476 536 32
476 542 13
476 554 9
476 570 37
476 575 9
476 589 49
476 593 29
477 510 23
477 545 8
478 483 31
478 533 31
478 539 45
478 579 17
479 488 44
479 505 39
479 581 32
480 494 11
480 505 40
480 513 9
480 548 29
480 574 36
480 578 22
480 581 33
481 487 43
481 511 42
481 512 42
481 523 8
481 528 45
481 556 45
481 580 35
481 584 46
481 585 26
482 489 49
482 496 7
482 521 12
482 526 8
482 543 5
482 544 40
482 547 30
482 548 14
482 573 23
482 578 12
482 585 10
482 587 41
483 484 8
483 486 48
483 489 22
483 498 18
483 502 38
483 503 31
483 547 48
483 560 25
483 582 4
483 596 30
484 487 19
484 489 48
484 517 24
484 520 26
484 526 42
484 531 18
484 539 12
484 551 39
484 554 46
484 558 11
484 599 45
485 489 9
485 519 20
485 531 1
485 532 1
485 551 1
485 568 17
485 572 23
485 587 15
486 521 26
486 533 13
486 561 22
486 588 24
487 508 36
487 512 41
487 529 13
487 536 16
487 540 38
487 548 39
487 587 22
488 503 20
488 510 7
488 547 19
489 500 45
489 508 32
489 550 10
489 567 14
489 568 45
490 504 48
490 507 9
490 519 7
490 539 45
490 546 18
491 523 28
491 533 47
491 536 20
491 549 29
491 587 13
492 501 42
492 509 45
492 540 39
492 569 6
492 593 18
493 528 12
493 540 41
493 541 10
493 564 26
493 569 9
493 581 47
493 593 14
494 515 30
494 517 18
494 525 20
494 547 48
494 551 12
494 582 3
494 587 9
495 505 26
495 508 47
495 533 8
495 549 34
495 565 6
496 521 4
496 543 3
496 570 33
496 587 1
497 555 22
497 561 13
497 572 13
497 592 15
498 525 7
498 551 1
498 561 22
498 573 26
498 582 14
499 530 13
499 534 35
499 539 39
499 548 21
499 552 34
499 573 2
499 580 2
499 591 1
500 571 21
500 578 1
500 586 15
501 529 25
501 559 9
501 582 40
502 505 22
502 507 18
502 521 25
502 536 27
502 539 22
502 582 30
502 584 11
502 596 22
503 520 3
503 527 24
503 536 36
503 561 20
504 506 32
504 580 37
505 525 41
505 527 8
505 547 2
505 549 3
505 556 44
505 568 41
505 589 25
506 514 27
506 531 44
506 569 26
506 579 30
506 590 15
507 526 26
507 585 44
507 588 41
508 522 36
508 531 35
508 555 12
508 572 4
508 594 11
509 525 40
509 548 25
509 554 40
509 560 1
509 562 48
509 572 45
510 525 26
510 527 33
510 553 14
510 570 7
510 587 21
511 562 4
511 599 16
512 533 23
512 534 9
512 541 12
512 549 15
512 581 33
513 551 40
513 558 8
513 569 11
514 518 19
514 524 24
514 525 38
514 536 14
514 590 15
515 540 24
515 559 50
515 569 26
515 571 29
515 572 11
515 577 18
515 597 3
516 544 2
516 551 20
516 583 2
516 598 46
517 524 45
517 528 34
517 543 9
517 579 3
517 581 7
518 521 15
518 548 21
519 557 29
519 589 23
520 581 32
520 590 43
521 543 7
521 546 21
521 579 50
521 581 17
521 586 42
521 599 24
522 564 7
522 590 7
522 591 40
523 533 30
523 537 9
523 545 17
523 589 8
524 549 19
524 572 34
524 593 12
525 554 22
526 535 3
526 565 13
526 576 18
527 554 49
527 563 48
527 564 28
527 572 4
527 577 4
527 584 42
527 593 24
528 544 34
528 549 16
528 553 7
528 563 26
528 568 25
528 570 27
528 584 28
528 588 41
529 540 20
529 581 3
529 591 49
530 569 29
530 582 42
531 537 28
531 548 37
531 586 8
532 559 37
532 581 7
533 566 44
534 541 48
534 547 28
534 591 48
535 539 12
535 543 47
535 548 47
535 560 12
535 565 27
535 567 2
535 577 15
536 539 20
536 547 25
536 578 1
536 588 36
537 539 31
537 570 28
537 576 10
537 597 9
538 550 5
538 558 2
538 562 31
538 564 9
538 574 1
538 576 11
538 596 2
539 541 30
539 544 47
539 555 10
539 578 17
539 584 5
540 549 3
540 551 16
540 563 34
540 581 2
540 585 28
540 588 33
541 563 48
541 575 39
541 580 9
541 593 49
542 560 5
542 562 28
542 573 25
542 587 5
543 546 15
544 548 7
544 569 33
544 573 24
544 580 16
544 581 39
545 561 28
546 549 46
546 553 50
546 579 30
546 585 8
547 553 1
547 567 9
547 583 4
548 549 10
549 552 27
549 557 10
549 567 14
549 588 43
551 556 43
551 578 16
552 585 20
552 587 25
553 562 15
553 591 10
554 586 35
555 559 16
555 563 14
556 582 13
557 570 40
557 589 21
558 574 27
558 587 47
559 580 5
559 583 3
560 577 14
561 567 43
561 582 32
562 565 11
562 567 42
563 568 11
564 567 18
564 571 45
564 592 21
564 596 23
565 572 4
565 590 50
566 595 32
568 583 20
569 572 42
570 577 26
570 593 35
570 595 13
571 580 3
571 599 1
573 584 24
574 578 39
574 588 16
576 591 39
576 596 1
579 592 8
580 582 9
582 596 30
583 588 6
583 590 13
584 586 32
584 591 21
585 595 8
586 588 15
586 592 31
588 598 1
591 597 27
592 595 50
595 596 45
600 299 28
601 599 16
600 601 44
602 619 3
602 634 5
602 679 10
602 696 6
602 724 2
602 742 5
602 752 6
602 762 6
602 771 2
602 793 7
602 814 10
602 879 3
602 889 10
603 628 5
603 644 8
603 645 8
603 658 5
603 661 6
603 673 6
603 689 7
603 703 8
603 707 1
603 714 6
603 759 9
603 763 2
603 789 1
603 813 5
603 824 4
603 825 9
604 611 4
604 631 5
604 646 3
604 667 8
604 668 7
604 731 8
604 735 1
604 740 1
604 772 5
604 791 7
604 793 4
604 839 1
604 845 8
604 866 6
604 877 10
604 893 2
605 614 6
605 628 10
605 642 9
605 650 3
605 661 7
605 670 7
605 685 2
605 735 7
605 770 4
605 780 1
605 798 10
605 833 4
605 861 7
606 619 6
606 649 4
606 662 1
606 742 10
606 748 6
606 761 10
606 816 8
606 853 5
606 869 1
607 626 8
607 638 9
607 660 9
607 752 3
607 771 9
607 795 6
607 796 1
607 802 1
607 810 9
607 829 8
607 861 2
607 867 9
607 872 10
607 873 8
607 883 5
607 888 1
607 895 7
608 609 8
608 625 3
608 695 6
608 701 3
608 795 10
608 808 1
608 842 6
608 843 10
608 845 3
608 851 3
608 860 9
608 866 10
608 871 7
608 874 1
608 890 10
609 643 7
609 656 9
609 667 4
609 678 8
609 688 6
609 724 4
609 737 10
609 767 5
609 788 1
609 791 1
609 793 3
609 795 2
609 805 10
609 809 10
609 827 5
609 877 6
609 883 7
609 885 7
610 624 4
610 651 2
610 694 8
610 710 4
610 720 9
610 724 9
610 739 8
610 742 2
610 756 8
610 779 8
611 643 10
611 661 10
611 667 9
611 677 9
611 687 9
611 761 2
611 763 6
611 776 4
611 780 6
611 857 5
611 900 10
612 679 8
612 721 5
612 734 5
612 752 10
612 764 6
612 778 4
612 786 4
612 795 2
612 806 2
612 824 2
612 831 7
612 867 3
613 630 10
613 632 10
613 645 4
613 703 8
613 724 10
613 730 5
613 746 7
613 755 7
613 799 6
613 802 7
613 809 7
613 811 4
613 840 7
613 846 8
614 649 9
614 660 2
614 663 5
614 664 5
614 714 2
614 722 3
614 760 1
614 801 8
614 811 4
614 862 7
614 874 3
615 641 7
615 659 10
615 662 6
615 664 10
615 686 6
615 701 9
615 725 9
615 726 7
615 765 2
615 774 9
615 793 6
615 830 8
615 863 7
615 887 4
616 641 5
616 643 5
616 645 10
616 667 9
616 687 1
616 716 10
616 721 9
616 747 3
616 752 4
616 753 4
616 774 6
616 833 8
616 838 6
616 839 5
616 845 1
616 860 4
617 631 7
617 648 7
617 693 3
617 709 2
617 724 9
617 752 10
617 755 2
617 793 7
617 827 7
617 831 5
617 901 7
618 627 4
618 636 4
618 660 4
618 666 8
618 679 9
618 682 8
618 687 9
618 711 7
618 730 1
618 762 8
618 784 7
618 787 5
618 803 4
618 821 2
618 881 10
618 884 1
618 901 8
619 622 6
619 629 2
619 639 1
619 663 2
619 668 10
619 686 6
619 694 5
619 705 8
619 709 5
619 721 9
619 760 7
619 776 3
619 819 3
619 850 5
619 858 7
619 893 7
619 898 8
620 653 6
620 685 7
620 696 8
620 703 6
620 728 5
620 731 8
620 750 6
620 765 1
620 769 2
620 779 9
620 791 5
620 800 3
620 807 1
620 827 2
620 833 8
620 854 2
620 858 4
620 876 1
620 885 4
620 893 1
621 625 5
621 626 1
621 667 6
621 672 3
621 684 9
621 728 10
621 731 8
621 766 4
621 768 6
621 784 6
621 816 3
621 835 3
621 856 2
621 890 10
621 895 1
622 672 6
622 677 9
622 709 6
622 761 8
622 795 2
622 809 6
622 813 2
622 854 6
622 881 6
623 665 5
623 668 3
623 682 10
623 687 1
623 743 5
623 763 3
623 804 1
623 824 2
623 826 5
623 832 8
623 854 6
623 862 6
623 868 8
623 876 3
623 882 9
623 893 5
623 900 10
624 642 3
624 646 10
624 649 3
624 675 5
624 681 10
624 723 10
624 744 3
624 773 7
624 778 8
624 815 7
624 846 2
624 858 1
624 882 2
625 640 9
625 664 8
625 690 7
625 718 8
625 737 8
625 745 1
625 784 2
625 785 10
625 791 2
625 813 7
625 824 10
625 845 10
625 876 2
625 881 7
625 885 4
625 898 2
626 630 3
626 645 4
626 668 4
626 676 2
626 690 6
626 694 8
626 720 3
626 743 6
626 747 3
626 768 9
626 785 5
626 856 9
626 881 2
626 884 7
627 636 10
627 669 3
627 690 4
627 700 6
627 726 10
627 730 3
627 822 9
627 833 2
627 870 3
627 899 2
628 653 10
628 666 2
628 677 1
628 711 1
628 731 10
628 778 5
628 800 4
628 804 2
628 808 10
628 847 7
628 863 6
628 864 5
628 867 7
629 637 8
629 663 2
629 680 9
629 696 9
629 700 8
629 744 7
629 762 2
629 763 5
629 779 8
629 784 4
629 818 8
629 822 6
629 827 6
629 831 1
629 865 4
629 881 9
630 753 5
630 754 5
630 769 8
630 790 8
630 810 8
630 834 10
630 852 7
631 645 2
631 651 3
631 654 8
631 658 3
631 660 1
631 688 5
631 714 9
631 737 7
631 745 5
631 806 1
631 831 7
631 842 5
631 851 10
631 891 3
631 894 6
632 695 4
632 697 3
632 753 2
632 768 2
632 791 8
632 830 9
632 839 4
632 844 1
632 869 7
632 879 8
632 883 7
632 888 6
632 900 5
633 656 4
633 671 5
633 698 3
633 710 7
633 740 9
633 745 2
633 746 9
633 759 1
633 764 7
633 780 10
633 782 10
633 819 1
633 825 10
633 888 6
633 892 5
633 897 9
634 654 1
634 676 2
634 726 5
634 730 3
634 734 5
634 855 8
634 869 2
634 880 3
634 892 1
635 638 2
635 653 9
635 656 10
635 662 10
635 701 4
635 703 6
635 708 6
635 710 10
635 735 8
635 748 4
635 770 10
635 771 9
635 772 5
635 847 1
635 879 7
635 896 4
636 657 10
636 665 9
636 687 5
636 690 7
636 748 5
636 786 3
636 795 7
636 806 7
636 808 9
636 851 9
636 901 1
637 662 6
637 676 10
637 689 6
637 741 6
637 793 3
637 799 4
637 808 7
637 822 5
637 830 10
637 853 2
637 874 10
637 881 1
637 895 9
637 899 3
638 664 1
638 680 10
638 719 9
638 781 3
638 787 6
638 797 2
638 802 4
638 839 5
638 870 6
638 871 10
638 872 9
638 889 1
638 899 7
639 654 7
639 686 9
639 694 7
639 707 10
639 731 5
639 795 9
639 802 5
639 814 2
639 824 3
639 868 10
639 873 9
639 875 7
639 890 9
640 641 10
640 642 8
640 666 2
640 717 1
640 719 3
640 765 4
640 790 2
640 901 1
641 679 6
641 685 9
641 703 3
641 715 1
641 731 5
641 750 10
641 756 10
641 766 4
641 808 10
641 809 8
641 821 2
641 839 9
641 845 7
641 847 1
641 852 5
641 853 5
641 863 7
642 663 6
642 668 9
642 682 7
642 705 6
642 735 8
642 746 7
642 759 6
642 811 5
642 816 8
642 825 8
642 826 9
642 845 1
642 879 9
643 659 10
643 662 8
643 680 9
643 692 4
643 706 8
643 742 4
643 747 3
643 768 10
643 792 9
643 810 5
643 827 7
643 834 10
643 860 5
643 890 5
644 695 3
644 701 9
644 735 1
644 740 1
644 750 6
644 768 10
644 777 7
644 789 2
644 804 7
644 815 6
644 821 9
644 822 3
644 829 5
644 839 6
644 858 2
644 861 6
644 866 6
644 888 3
645 658 5
645 673 4
645 678 6
645 694 3
645 696 7
645 706 10
645 760 2
645 803 5
645 804 4
645 805 10
645 860 7
646 664 10
646 692 5
646 703 1
646 711 8
646 745 7
646 783 1
646 787 6
646 815 6
646 874 10
646 894 7
647 667 4
647 676 5
647 701 5
647 713 7
647 722 9
647 730 2
647 743 8
647 749 6
647 758 7
647 760 10
647 766 1
647 770 2
647 774 7
647 796 5
647 797 1
647 817 8
647 840 8
647 842 7
647 854 4
647 859 7
647 899 3
648 658 3
648 715 3
648 716 3
648 733 3
648 753 10
648 758 4
648 768 8
648 778 7
648 798 3
648 801 4
648 813 1
648 824 9
648 857 10
648 872 7
648 873 7
648 874 1
649 734 6
649 743 3
649 749 9
649 771 7
649 776 5
649 795 2
649 812 5
649 826 9
650 684 2
650 691 2
650 698 6
650 710 9
650 715 7
650 727 4
650 743 1
650 774 10
650 781 7
650 792 6
650 799 4
650 809 8
650 825 1
650 829 1
650 862 6
650 870 5
650 871 6
650 897 6
651 683 3
651 742 5
651 751 4
651 763 9
651 785 7
651 794 1
651 799 3
651 804 7
651 813 9
651 845 7
651 851 8
651 857 3
651 869 7
652 654 10
652 662 7
652 669 2
652 684 8
652 698 3
652 699 8
652 741 10
652 830 4
652 884 6
653 654 5
653 680 7
653 694 3
653 757 7
653 758 7
653 785 8
653 800 1
653 815 4
653 838 6
653 842 3
653 851 8
653 869 1
653 885 4
654 719 6
654 737 2
654 746 6
654 792 2
654 819 10
654 826 5
654 829 10
654 882 5
654 890 3
655 720 9
655 733 1
655 734 5
655 767 8
655 788 3
655 825 2
655 847 9
655 878 9
655 879 9
655 897 6
656 664 5
656 679 1
656 705 2
656 760 4
656 764 10
656 780 3
656 784 7
656 817 7
656 821 5
656 874 7
656 881 8
657 720 8
657 726 2
657 740 1
657 751 6
657 776 6
657 783 10
657 801 2
657 818 5
657 854 4
657 878 4
657 889 5
657 891 6
658 662 10
658 704 4
658 708 1
658 721 3
658 730 2
658 731 9
658 745 1
658 762 7
658 842 3
658 851 3
658 888 9
659 662 6
659 686 5
659 696 3
659 707 5
659 736 1
659 753 7
659 755 1
659 769 10
659 777 7
659 781 4
659 808 10
659 811 4
659 836 9
660 731 2
660 752 7
660 792 5
660 803 7
660 825 2
660 846 1
660 895 3
660 899 4
661 667 4
661 671 5
661 674 6
661 712 8
661 736 3
661 753 9
661 773 6
661 809 7
661 811 3
661 842 6
661 850 5
661 862 9
661 868 8
661 884 9
661 896 10
662 671 7
662 703 9
662 722 1
662 773 5
662 776 2
662 807 3
662 814 8
662 855 3
662 892 4
662 899 4
663 666 7
663 683 2
663 734 7
663 756 8
663 785 6
663 791 10
663 792 3
663 847 10
663 848 8
663 864 2
663 866 4
664 669 6
664 695 8
664 699 1
664 747 10
664 760 3
664 785 5
664 801 9
664 817 1
664 829 3
664 830 10
664 844 9
664 857 3
664 875 10
664 882 3
665 677 4
665 700 4
665 708 10
665 710 8
665 713 9
665 716 5
665 728 5
665 794 1
665 795 1
665 816 4
665 820 6
666 673 1
666 678 6
666 693 8
666 709 8
666 732 8
666 733 1
666 788 5
666 791 7
666 792 1
666 802 6
666 809 9
666 857 5
666 872 4
666 875 1
667 673 9
667 682 5
667 685 9
667 730 1
667 750 7
667 760 1
667 792 7
667 797 10
667 799 2
667 809 4
667 839 9
667 848 8
667 854 8
667 857 9
667 858 9
667 897 3
668 699 6
668 740 1
668 849 1
668 851 3
668 869 10
668 880 10
668 899 4
669 711 6
669 712 6
669 756 6
669 819 1
669 848 4
669 865 1
669 877 7
669 882 7
669 889 1
669 892 1
670 674 5
670 718 2
670 733 7
670 735 8
670 816 10
670 826 9
670 835 1
670 850 3
670 858 7
670 860 9
670 874 3
670 884 7
671 672 9
671 677 5
671 715 4
671 722 9
671 735 7
671 749 7
671 756 10
671 757 6
671 766 2
671 804 5
671 806 1
671 808 7
671 860 7
671 880 7
672 693 9
672 696 5
672 715 5
672 729 10
672 741 6
672 744 9
672 761 3
672 766 4
672 767 8
672 778 2
672 785 4
672 808 9
672 811 6
672 815 10
672 852 7
672 870 10
673 721 8
673 730 5
673 767 5
673 782 2
673 790 5
673 796 3
673 818 10
673 833 6
673 850 9
673 867 1
673 870 2
674 712 1
674 725 9
674 729 8
674 793 7
674 800 8
674 847 3
674 874 1
674 892 9
675 679 10
675 725 2
675 735 3
675 756 5
675 776 1
675 778 6
675 791 9
675 813 9
675 822 1
675 841 8
675 857 7
675 866 3
675 872 8
676 707 3
676 710 9
676 711 1
676 713 7
676 731 1
676 736 10
676 737 4
676 770 9
676 773 2
676 790 5
676 793 10
676 804 10
676 829 3
676 852 8
676 855 9
676 901 7
677 688 9
677 741 9
677 756 6
677 806 2
677 900 1
678 719 10
678 728 2
678 786 8
678 815 10
678 821 3
678 865 9
678 898 10
679 708 9
679 729 3
679 790 7
679 798 4
679 808 1
679 815 7
679 832 2
679 833 1
679 845 6
680 701 6
680 729 10
680 787 7
680 803 10
680 806 1
680 821 8
680 844 4
680 850 8
680 870 7
681 743 10
681 763 8
681 775 5
681 816 7
681 838 9
681 850 8
681 852 9
681 853 3
681 898 5
682 710 8
682 716 7
682 722 5
682 761 7
682 803 7
682 836 7
682 852 5
682 865 10
683 696 7
683 704 1
683 756 2
683 758 8
683 761 8
683 767 9
683 773 7
683 831 6
683 835 8
683 845 9
683 875 4
683 876 4
683 890 6
684 690 2
684 730 3
684 739 4
684 754 6
684 770 2
684 771 4
684 774 3
684 811 2
684 825 8
684 836 8
684 863 1
684 893 4
685 712 2
685 743 10
685 754 1
685 765 9
685 804 4
685 813 2
685 824 7
685 851 7
685 861 5
686 700 4
686 750 6
686 782 3
686 813 2
686 833 2
686 851 1
686 868 10
687 690 7
687 722 4
687 734 8
687 744 8
687 746 8
687 762 3
687 775 5
687 797 1
687 816 6
687 822 8
687 825 4
688 722 6
688 786 7
688 793 5
688 802 1
688 825 10
688 842 4
688 848 3
688 856 10
688 860 9
688 862 5
689 692 7
689 751 5
689 760 9
689 768 10
689 772 1
689 775 2
689 784 4
689 792 4
689 817 4
689 824 5
689 880 10
690 704 9
690 716 2
690 732 7
690 750 8
690 752 4
690 760 3
690 818 1
690 821 2
690 827 10
690 875 4
691 704 7
691 716 8
691 717 8
691 718 7
691 723 8
691 730 3
691 784 10
691 826 9
691 841 2
691 858 4
691 897 5
692 714 6
692 725 4
692 746 7
692 779 8
692 784 7
692 791 2
692 818 1
692 827 2
692 849 6
692 850 10
692 859 10
693 698 8
693 706 8
693 722 10
693 760 1
693 794 1
693 809 10
693 818 4
693 833 2
693 842 5
693 852 10
694 721 2
694 775 3
694 812 7
694 816 9
694 818 5
694 870 8
694 893 9
694 895 8
695 698 3
695 709 4
695 716 4
695 717 6
695 729 2
695 736 3
695 744 5
695 854 3
695 864 4
696 698 6
696 729 10
696 744 5
696 765 8
696 787 7
696 789 5
696 816 9
696 836 10
696 838 5
696 873 10
696 886 3
697 706 8
697 725 4
697 740 5
697 744 9
697 751 6
697 759 3
697 828 9
697 841 3
697 868 10
697 889 8
698 704 10
698 710 2
698 717 3
698 732 5
698 734 9
698 748 4
698 793 8
698 796 5
698 826 8
698 841 3
698 847 1
698 850 7
698 866 7
698 889 10
699 710 6
699 765 1
699 774 8
699 786 7
699 794 7
699 803 9
699 813 9
699 820 7
699 826 2
699 835 3
699 859 5
699 887 10
699 894 5
700 715 6
700 725 4
700 749 6
700 782 3
700 810 3
700 858 9
700 865 7
700 874 10
700 886 10
700 896 2
700 900 9
701 739 4
701 753 9
701 759 1
701 829 6
701 841 7
701 853 9
701 857 5
701 859 4
701 862 10
701 872 4
701 892 10
702 704 8
702 718 2
702 742 1
702 762 4
702 789 6
702 795 3
702 804 1
702 829 5
702 869 10
702 885 6
703 723 8
703 800 7
703 826 10
703 861 2
703 885 6
704 781 6
704 787 3
704 793 5
704 797 9
704 810 1
704 872 8
704 888 9
705 728 1
705 736 6
705 752 5
705 761 10
705 769 10
705 770 1
705 787 1
705 791 6
705 796 10
705 805 10
705 813 9
705 835 10
705 836 4
705 841 4
705 847 5
706 721 6
706 733 10
706 757 6
706 767 1
706 789 7
706 803 2
706 824 2
706 849 9
706 898 7
707 735 9
707 742 1
707 804 3
707 900 7
708 752 4
708 759 1
708 767 5
708 786 6
708 796 6
708 814 1
708 832 7
708 873 7
708 882 1
708 889 7
708 897 4
709 714 1
709 721 7
709 728 5
709 757 2
709 782 2
709 788 8
709 822 6
709 871 7
710 719 8
710 720 1
710 722 9
710 732 6
710 776 5
710 846 10
710 859 4
710 884 3
711 728 8
711 733 7
711 760 6
711 772 6
711 819 2
711 841 8
711 864 10
711 901 7
712 734 5
712 774 10
712 777 4
712 789 1
712 804 3
712 825 2
712 859 7
712 893 3
712 894 10
713 738 1
713 743 6
713 749 1
713 754 10
713 763 2
713 787 9
713 795 7
713 862 4
713 868 7
713 869 3
713 877 10
714 718 8
714 719 8
714 739 3
714 770 7
714 773 6
714 780 8
714 819 2
714 839 7
714 854 5
714 855 3
714 859 6
715 727 9
715 734 5
715 759 9
715 808 1
715 817 7
715 818 2
715 886 7
715 892 1
716 719 2
716 722 9
716 754 6
716 774 4
716 788 9
716 791 9
716 816 3
716 820 7
716 848 5
716 861 1
716 878 1
716 900 4
717 776 9
717 789 9
717 791 6
717 826 5
717 849 6
717 865 3
717 887 9
718 727 5
718 729 9
718 733 1
718 742 10
718 797 7
718 814 5
718 853 10
718 878 10
719 739 1
719 748 1
719 756 8
719 772 3
719 779 4
719 800 7
719 832 9
719 842 8
719 843 7
719 861 9
719 871 10
719 872 3
719 878 3
719 901 10
720 760 4
720 778 7
720 821 10
720 833 4
720 843 2
720 862 5
720 875 1
720 880 7
721 722 3
721 724 5
721 725 5
721 730 5
721 745 6
721 788 4
721 802 10
721 803 7
721 830 5
721 836 2
721 842 8
721 863 2
721 868 5
721 888 3
721 895 10
722 726 5
722 731 10
722 737 6
722 754 5
722 770 1
722 804 1
722 866 8
722 882 1
722 895 4
722 896 6
722 897 10
723 735 9
723 738 9
723 739 6
723 771 9
723 786 5
723 821 10
723 893 6
724 728 2
724 729 5
724 735 1
724 747 7
724 751 6
724 795 8
724 815 1
724 824 7
724 844 7
724 852 4
724 863 3
724 883 9
725 732 6
725 738 9
725 742 1
725 794 1
725 798 4
725 799 1
725 822 3
725 889 3
726 747 3
726 771 8
726 786 8
726 796 5
726 797 6
726 852 6
726 866 10
726 868 5
726 889 3
727 754 2
727 772 10
727 789 6
727 798 6
727 811 2
727 813 4
727 828 1
727 846 9
727 849 6
727 868 9
728 773 7
728 774 9
728 779 4
728 813 8
728 817 6
728 886 2
729 770 8
729 810 9
729 817 7
729 829 10
729 843 1
729 856 9
729 863 3
730 758 9
730 771 6
730 773 7
730 808 4
730 843 4
730 855 6
730 894 10
731 736 8
731 741 7
731 754 9
731 770 3
731 807 4
731 816 1
731 830 6
731 831 6
731 894 1
732 746 1
732 758 5
732 771 10
732 785 1
732 800 10
732 805 9
732 815 7
732 867 1
732 890 6
733 747 7
733 780 8
733 804 5
734 759 7
734 805 8
734 831 9
734 840 5
734 865 4
734 901 5
735 746 1
735 769 9
735 786 3
735 789 10
735 795 6
735 799 1
735 865 1
735 883 8
736 771 5
736 780 3
736 788 5
736 869 2
737 741 3
737 789 7
737 820 8
737 832 4
737 837 9
737 880 7
737 891 2
738 740 7
738 745 8
738 787 9
738 856 3
738 862 7
738 876 6
738 877 10
738 887 6
738 891 4
739 768 6
739 781 9
739 808 9
739 809 8
739 818 9
739 820 3
739 828 8
739 844 4
739 851 3
739 856 8
739 867 3
739 875 9
739 877 10
739 887 9
739 894 1
740 742 4
740 768 5
740 770 8
740 788 10
740 791 6
740 802 5
740 820 1
740 838 2
740 855 4
740 862 10
741 757 7
741 833 2
741 861 7
741 881 8
742 744 7
742 748 10
742 782 3
742 789 8
742 804 10
742 848 1
742 855 6
742 859 2
742 885 10
742 887 2
743 783 7
743 786 9
743 808 4
743 812 5
743 821 10
743 847 3
743 849 5
743 864 3
743 867 9
743 893 5
743 895 4
743 899 4
744 775 1
744 779 5
744 790 8
744 792 6
744 803 6
744 833 4
744 836 9
744 846 2
744 860 1
744 884 7
744 897 3
745 751 5
745 755 4
745 789 5
745 797 7
745 816 2
745 833 6
745 847 6
745 850 5
745 878 2
746 747 4
746 759 10
746 772 9
746 781 5
746 786 4
746 803 5
746 825 8
746 877 3
746 879 9
746 893 3
746 899 8
747 760 1
747 764 7
747 767 7
747 770 6
747 775 4
747 807 10
747 814 4
747 817 7
747 839 2
747 885 1
748 772 2
748 784 9
748 800 6
748 802 6
748 805 5
748 806 9
748 807 3
748 848 3
748 865 3
748 881 7
749 767 8
749 788 5
749 797 5
749 814 3
749 820 8
749 845 9
749 864 2
749 868 10
749 871 10
749 889 4
750 768 10
750 770 10
750 805 3
750 846 6
750 854 8
750 863 6
750 890 8
750 896 3
750 900 5
751 757 9
751 786 3
751 810 6
751 812 9
751 823 1
751 824 3
751 849 4
752 776 1
752 780 5
752 813 6
752 820 4
752 827 3
752 836 3
752 850 8
752 852 7
752 856 5
752 857 7
752 870 8
752 886 6
753 761 7
753 777 9
753 834 2
753 846 8
753 850 8
753 860 4
754 765 5
754 768 7
754 777 9
754 780 2
754 807 10
754 814 3
754 842 3
754 863 4
755 773 10
755 774 1
755 781 4
755 789 2
755 794 6
755 824 5
755 832 9
755 854 1
755 855 10
755 894 1
756 772 6
756 779 9
756 781 10
756 791 2
756 829 5
756 831 7
756 853 10
756 856 3
756 876 7
756 881 1
757 769 2
757 779 6
757 812 4
757 865 7
757 874 3
758 770 4
758 780 8
758 807 2
758 813 9
758 818 2
758 827 5
758 850 8
758 870 3
758 874 1
758 895 2
759 771 8
759 800 7
759 820 10
759 843 1
759 870 8
759 883 2
759 884 6
759 893 8
760 767 1
760 784 9
760 809 4
760 840 9
761 794 8
761 809 7
761 852 5
761 884 8
761 885 10
761 888 1
762 787 3
762 811 6
762 830 3
762 868 7
762 887 6
763 766 6
763 780 5
763 782 7
763 793 2
763 820 4
763 831 1
763 834 2
763 890 5
764 779 1
764 809 10
764 824 6
764 863 1
764 867 9
764 883 8
764 894 8
764 900 6
765 769 8
765 776 6
765 782 10
765 797 7
765 820 6
765 845 8
765 858 1
765 859 5
765 866 9
765 888 1
766 778 8
766 822 5
766 824 5
766 845 4
766 853 10
766 889 10
767 786 10
767 797 8
767 803 4
767 805 3
767 871 9
767 880 7
767 881 8
767 888 9
768 772 7
768 783 3
768 821 1
768 838 7
768 849 2
768 853 8
768 854 3
768 862 10
768 874 5
769 786 4
769 793 8
769 886 2
769 896 3
770 801 8
770 804 7
770 811 1
770 817 1
770 833 4
770 856 7
770 857 7
770 858 9
770 868 8
770 875 9
770 890 10
771 776 6
771 792 2
771 831 2
771 861 6
771 871 8
771 895 1
772 807 6
772 817 6
772 844 4
772 855 8
772 866 3
773 788 5
773 797 7
773 806 5
773 815 6
773 867 1
773 887 10
773 896 3
774 850 5
774 871 4
774 898 3
775 793 1
775 804 6
775 805 5
775 836 6
775 866 3
775 868 1
775 880 6
775 885 10
775 897 9
776 790 5
776 831 7
776 845 10
776 847 6
776 850 4
776 874 10
776 887 7
777 788 1
777 801 5
777 841 2
778 798 8
778 800 7
778 855 8
778 861 4
778 865 3
778 874 4
778 896 7
779 829 4
779 859 8
779 896 1
780 784 7
780 786 10
780 809 3
780 811 3
780 826 4
780 827 8
780 835 5
780 838 7
780 847 3
780 893 6
781 827 7
781 837 9
781 882 5
782 793 9
782 794 6
782 849 8
782 868 8
782 885 4
783 785 9
783 854 2
783 870 5
784 792 8
784 796 9
784 821 5
784 829 2
784 844 3
784 847 10
784 859 10
785 790 7
785 799 7
785 803 10
785 823 3
785 826 9
785 872 2
785 896 7
786 799 2
786 800 1
786 824 1
786 845 10
786 878 5
786 880 9
786 896 7
787 789 3
787 801 3
787 815 5
787 818 8
787 819 2
787 880 2
788 805 2
788 816 2
788 817 5
788 819 8
788 859 10
788 867 3
788 877 2
789 825 1
789 827 8
789 842 1
789 894 2
790 793 4
790 803 10
790 831 1
790 854 8
791 812 8
791 862 4
791 864 5
792 812 1
792 822 4
792 832 7
793 795 1
793 801 8
793 804 5
793 819 7
793 843 2
793 857 9
793 888 1
793 894 1
794 816 1
794 825 4
794 848 4
794 868 4
795 797 8
795 845 4
795 867 3
795 877 3
795 892 5
796 826 5
796 843 10
796 853 8
796 856 6
796 893 5
797 838 9
797 850 8
797 853 2
797 887 6
798 804 1
798 808 8
798 826 6
798 875 4
798 897 5
799 822 8
799 835 3
799 839 1
799 863 6
799 868 6
799 871 2
799 880 8
800 816 7
800 823 2
800 834 1
800 845 2
800 854 5
800 862 1
800 868 5
801 807 10
801 818 3
801 843 2
801 864 4
801 900 4
802 827 1
802 871 2
802 877 8
802 889 9
803 834 9
803 837 1
803 899 4
803 900 10
803 901 9
804 820 1
804 821 5
804 825 5
804 843 1
804 886 10
804 887 7
804 892 6
805 807 5
805 824 8
805 892 4
806 885 3
807 808 9
807 815 6
807 853 5
807 873 6
808 818 6
808 833 1
808 868 7
808 889 10
808 896 2
809 811 10
809 816 3
809 818 4
809 828 1
809 843 2
809 847 2
810 824 10
810 843 5
810 871 7
810 873 1
811 821 5
811 824 10
811 848 5
811 893 9
812 814 10
812 825 4
812 879 5
812 887 7
813 816 1
813 822 3
813 831 10
813 833 3
813 852 3
813 857 6
813 870 9
813 886 10
814 830 3
814 863 10
814 865 6
814 901 3
815 823 3
815 828 8
815 874 5
815 875 9
815 876 10
815 877 9
815 893 10
816 831 1
816 859 3
816 896 9
817 818 1
817 858 7
817 859 8
818 830 8
818 848 7
818 867 9
818 874 1
818 899 3
819 831 5
819 846 3
819 851 5
819 855 7
819 900 6
820 832 10
820 873 4
820 879 6
820 885 1
820 891 6
821 826 7
821 835 9
821 838 8
821 841 2
821 893 6
822 824 5
822 843 10
822 846 7
822 853 3
822 866 1
822 874 8
823 824 5
823 827 9
823 828 10
823 837 3
823 842 8
823 850 7
823 872 9
823 877 8
825 843 10
825 875 1
825 876 3
825 897 2
826 838 8
826 853 1
826 855 9
826 869 9
827 838 4
827 840 5
827 847 9
827 850 9
827 857 1
827 887 7
827 890 7
827 891 2
827 900 4
828 830 1
828 852 3
828 856 3
828 870 5
828 887 4
828 890 2
829 844 1
829 860 4
829 868 1
829 889 3
829 897 2
830 837 10
830 872 3
830 884 1
831 833 9
831 845 5
831 898 5
832 839 2
832 851 4
832 885 5
833 845 3
833 858 2
833 868 8
833 879 7
834 841 3
834 846 7
834 859 9
834 874 1
834 897 5
834 901 3
835 849 5
835 864 7
835 866 5
836 838 9
836 856 1
836 884 10
836 893 10
837 841 1
837 844 4
837 853 10
837 855 5
837 859 7
837 871 9
837 900 7
838 874 7
838 898 9
839 840 3
839 843 2
839 884 3
839 901 7
840 855 6
840 869 5
840 875 8
841 896 6
842 887 3
843 877 10
843 891 2
844 880 1
844 901 1
845 854 8
845 872 5
845 890 7
845 898 4
846 892 10
846 899 5
847 854 6
847 871 1
847 877 4
847 888 8
848 853 4
848 871 3
848 888 2
850 863 10
850 875 4
850 876 10
851 858 9
851 892 4
852 860 2
852 900 10
853 854 6
855 865 8
855 872 7
856 869 2
857 886 6
858 867 2
858 886 4
858 893 7
859 877 5
859 880 5
860 868 7
860 889 2
861 868 9
861 886 5
861 895 7
862 878 10
862 891 9
863 889 4
863 897 1
864 874 2
864 892 1
864 895 6
864 899 7
865 872 2
866 876 6
866 890 2
867 890 1
869 881 6
869 901 7
870 871 3
870 887 5
870 893 3
873 885 2
873 894 3
874 891 4
875 896 7
876 897 5
877 880 10
877 889 4
879 887 1
884 885 4
886 889 2
887 897 3
892 900 4
894 895 7
894 896 1
902 601 43
903 901 10
902 903 22
