904 6735
72 40 94 34 59 82 91 22 51 30 74 27 75 28 41 45 72 23 59 85 72 79 97 3 33 14 96 70 77 69 5 48 60 50 82 70 84 24 91 34 54 16 61 28 95 53 24 66 76 82 2 99 13 51 53 45 64 49 15 92 69 71 40 80 21 73 49 56 48 91 89 1 6 1 81 53 54 4 18 29 38 72 79 50 74 32 94 37 32 60 28 100 83 19 79 55 43 79 10 91 69 98 43 26 51 23 78 4 79 48 84 16 19 62 65 92 93 10 80 24 22 59 75 56 30 5 10 24 83 71 14 51 20 9 29 70 31 6 73 61 53 56 76 23 18 92 66 62 54 97 86 75 8 12 82 37 17 91 60 99 61 26 2 80 34 30 50 16 87 74 77 40 30 4 14 99 96 32 12 1 28 97 27 87 61 8 23 77 98 83 27 10 8 28 41 93 9 90 8 96 16 84 87 97 88 52 95 35 83 6 87 63 55 13 49 15 20 24 43 69 6 69 30 65 49 70 57 9 12 16 4 27 100 42 23 39 94 69 25 76 74 11 90 80 75 39 46 46 62 40 14 19 9 43 35 9 64 43 17 75 58 73 1 9 14 75 99 7 43 75 35 69 85 24 100 11 14 46 56 27 37 69 97 45 63 31 5 27 25 74 53 83 46 6 43 59 80 42 18 23 4 95 52 5 75 77 43 35 68 32 40 85 77 5 64 28 44 39 3 36 89 28 96 80 57 73 8 70 15 72 27 18 19 30 74 93 59 17 80 26 100 19 62 76 75 25 55 71 15 57 6 4 85 1 35 93 26 42 15 40 66 93 9 84 22 83 28 32 51 7 58 2 78 71 30 4 96 84 74 62 93 80 17 29 32 52 73 57 45 87 96 10 31 57 45 5 39 25 36 41 31 45 42 60 16 71 64 11 7 37 24 99 68 41 79 100 92 51 8 36 90 56 98 20 12 42 76 2 66 12 42 49 56 35 60 71 58 23 33 64 12 57 14 79 97 44 30 40 46 90 27 35 45 24 7 56 18 82 9 35 93 50 83 1 36 95 71 93 17 56 8 80 12 73 11 60 16 92 51 62 81 77 48 77 1 6 32 18 88 92 4 32 93 39 84 29 33 55 73 1 62 33 81 73 57 43 84 25 34 34 38 67 62 85 43 62 43 27 31 82 18 35 13 11 73 49 39 57 3 63 57 16 95 89 88 4 31 23 28 17 8 65 83 69 49 25 31 43 51 13 24 69 99 37 79 23 37 69 79 39 83 88 54 30 76 93 33 7 67 60 23 74 24 57 42 24 81 24 67 32 89 90 52 87 78 82 62 14 50 40 4 32 79 9 13 55 53 45 13 19 84 87 43 87 63 28 61 97 69 95 100 23 23 69 57 47 66 92 82 24 98 10 37 62 14 65 79 49 34 11 28 72 80 70 58 42 50 70 90 18 65 89 40 39 9 96 37 75 39 18 98 37 28 86 98 93 2 29 41 35 91 69 59 70 90 68 11 39 38 53 57 54 93 96 92 2 44 29 76 82 98 25 18 25 62 68 17 64 48 10 98 38 78 56 8 67 24 70 6 13 22 14 66 67 61 9 68 4 89 95 86 87 71 55 63 32 74 80 95 21 89 45 59 18 52 66 36 27 87 93 39 61 6 56 27 67 17 94 22 5 40 59 43 10 14 6 41 39 85 88 60 25 84 18 94 35 35 29 62 21 22 52 33 79 60 59 97 76 4 19 32 43 77 75 52 42 80 45 33 16 84 92 40 67 61 33 1 47 13 14 19 86 18 52 17 29 10 13 4 14 83 87 56 12 61 60 5 40 56 37 55 39 28 46 5 40 30 57 86 95 23 57 80 92 8 96 20 17 61 75 82 43 61 90 54 22 1 59 13 56 95 20 46 75 65 2 14 47 58 52 41 32 8 72 23 15 68 42 83 80 68 17 22 29 6 76 50 6 34 14 13 80 33 58 54 50 59 20 96 68 71 88 100 78 59 74 44 78 68 26 57 35 94 79 63 99 54 64 56 39 78 20 36 87
0 20 16
0 74 52
0 82 43
0 93 53
0 124 75
0 127 42
0 130 63
0 136 41
0 139 39
0 154 71
0 155 67
0 161 76
0 164 91
0 253 16
0 270 72
0 293 54
1 19 46
1 42 29
1 44 32
1 66 23
1 78 2
1 86 36
1 103 5
1 104 47
1 107 41
1 123 99
1 163 57
1 245 21
1 246 40
1 258 74
1 271 95
2 24 8
2 33 25
2 54 89
2 72 12
2 87 52
2 92 30
2 98 26
2 128 92
2 140 21
2 156 96
2 174 10
2 178 96
2 232 87
2 247 25
2 255 19
2 284 92
3 14 23
3 38 47
3 55 75
3 62 45
3 87 48
3 109 10
3 112 1
3 116 46
3 118 51
3 123 99
3 132 3
3 141 23
3 161 91
3 175 76
3 178 17
3 182 50
3 193 1
3 205 5
3 206 61
3 222 4
3 248 86
3 274 38
4 21 47
4 47 58
4 52 86
4 62 56
4 73 5
4 102 72
4 122 33
4 158 24
4 176 15
4 180 7
4 184 22
4 203 89
4 205 3
4 209 70
4 263 98
5 10 3
5 41 15
5 51 100
5 97 53
5 105 17
5 135 22
5 145 95
5 168 45
5 170 90
5 175 44
5 222 97
5 255 46
5 266 56
5 290 100
6 11 84
6 37 94
6 51 46
6 53 41
6 60 79
6 83 53
6 106 46
6 112 2
6 127 85
6 130 21
6 184 16
6 205 43
6 274 42
6 275 56
7 20 45
7 34 11
7 57 5
7 67 99
7 73 78
7 89 5
7 98 4
7 100 46
7 137 78
7 148 98
7 181 90
7 186 20
7 198 42
7 203 86
7 224 65
7 244 97
7 248 37
7 267 48
7 293 42
8 29 82
8 53 41
8 90 72
8 124 35
8 128 86
8 145 73
8 169 71
8 170 6
8 214 40
8 238 14
8 249 99
8 264 95
8 272 58
9 11 62
9 25 100
9 37 9
9 38 39
9 42 56
9 67 12
9 122 36
9 132 33
9 137 9
9 162 26
9 191 52
9 261 2
9 284 63
10 14 69
10 24 99
10 35 100
10 42 68
10 79 92
10 130 33
10 134 8
10 154 64
10 157 67
10 170 45
10 200 88
10 212 38
10 215 2
10 223 28
10 238 51
10 251 1
11 33 22
11 40 60
11 45 62
11 118 73
11 132 20
11 141 52
11 149 28
11 191 31
11 208 87
11 209 61
11 255 40
11 272 64
11 276 64
11 277 93
11 279 79
12 18 32
12 34 43
12 38 78
12 65 100
12 70 35
12 86 10
12 96 59
12 98 50
12 155 29
12 163 4
12 168 37
12 170 66
12 189 5
12 192 64
12 235 68
12 241 57
12 263 86
12 274 79
12 275 18
13 21 10
13 23 99
13 30 69
13 57 38
13 95 81
13 107 8
13 138 98
13 145 72
13 148 71
13 149 13
13 152 65
13 154 49
13 157 45
13 166 7
13 171 78
13 183 96
13 187 41
13 203 40
13 209 54
13 219 90
13 225 20
13 265 57
14 61 27
14 67 37
14 86 14
14 105 42
14 107 4
14 122 70
14 162 79
14 181 34
14 225 40
14 233 89
14 242 32
14 246 8
14 276 26
15 22 13
15 43 67
15 45 75
15 112 36
15 116 38
15 124 87
15 125 100
15 170 38
15 172 31
15 177 7
15 195 68
15 197 78
15 198 99
15 200 59
15 226 32
15 254 89
15 279 78
15 294 88
15 297 67
16 20 14
16 36 1
16 38 8
16 110 69
16 230 23
16 237 39
16 290 2
16 292 62
17 49 27
17 57 86
17 60 21
17 90 52
17 94 50
17 119 88
17 124 78
17 172 85
17 184 77
17 206 64
17 211 85
17 260 14
17 286 47
17 295 91
18 22 33
18 92 24
18 106 89
18 129 91
18 133 55
18 134 29
18 135 68
18 169 95
18 172 47
18 189 33
18 199 47
18 237 7
18 246 1
18 263 69
18 284 45
19 110 3
19 160 82
19 174 71
19 194 40
19 199 3
19 206 74
19 210 89
19 226 90
19 234 51
19 262 73
19 267 66
19 297 14
20 25 9
20 173 31
20 179 12
20 197 51
20 199 16
20 207 36
20 249 92
20 292 6
20 295 42
21 23 20
21 37 26
21 52 88
21 59 19
21 82 58
21 85 35
21 90 25
21 103 59
21 121 55
21 148 69
21 161 13
21 167 37
21 173 91
21 176 52
21 209 91
21 234 64
21 280 92
21 282 80
22 29 14
22 30 16
22 62 97
22 64 79
22 66 25
22 102 79
22 110 91
22 160 27
22 165 94
22 168 78
22 182 18
22 232 52
22 256 71
23 32 90
23 33 29
23 34 59
23 132 8
23 137 86
23 143 45
23 176 84
23 182 96
23 195 51
23 196 52
23 237 60
23 263 87
23 276 42
23 285 63
24 43 29
24 44 5
24 106 54
24 175 8
24 256 70
24 286 22
25 54 56
25 72 48
25 85 46
25 103 35
25 111 90
25 116 72
25 136 80
25 166 67
25 170 42
25 187 31
25 194 38
25 195 31
25 210 59
25 212 48
25 274 90
25 276 97
26 65 92
26 77 73
26 139 44
26 158 42
26 161 24
26 165 4
26 166 81
26 193 17
26 223 18
26 239 9
26 262 73
26 282 72
27 43 69
27 50 42
27 55 93
27 85 76
27 104 41
27 115 90
27 127 10
27 210 31
27 217 13
27 227 42
27 253 49
27 255 54
27 260 24
27 277 38
27 278 36
27 284 35
27 294 85
27 298 25
28 45 31
28 73 28
28 78 49
28 117 26
28 124 22
28 164 24
28 177 81
28 192 54
28 221 40
28 223 99
28 244 14
28 250 64
28 255 22
28 271 34
28 299 5
29 57 66
29 92 10
29 108 98
29 141 55
29 154 71
29 208 80
29 234 19
29 236 12
29 252 28
29 254 25
29 259 36
29 283 18
30 33 12
30 36 70
30 48 54
30 73 89
30 121 52
30 131 82
30 145 37
30 153 77
30 179 55
30 207 61
30 222 58
30 227 60
30 237 52
30 282 56
30 296 73
31 41 16
31 52 77
31 57 7
31 69 72
31 112 42
31 113 68
31 122 21
31 152 48
31 161 38
31 212 100
31 236 18
31 237 50
31 242 80
31 263 42
31 286 85
32 75 97
32 84 54
32 101 6
32 107 50
32 117 42
32 121 57
32 157 83
32 187 30
32 190 33
32 191 89
32 228 42
32 230 42
32 241 48
32 252 94
32 265 49
32 286 21
33 35 61
33 116 25
33 147 79
33 157 32
33 198 18
33 202 46
33 215 53
33 254 17
33 258 83
33 285 4
34 38 35
34 53 84
34 66 83
34 69 28
34 82 20
34 95 31
34 120 33
34 126 25
34 131 81
34 242 26
34 268 81
35 80 15
35 98 56
35 104 66
35 119 4
35 129 97
35 136 59
35 144 51
35 146 42
35 155 8
35 189 23
35 212 2
35 221 84
35 224 53
35 235 86
35 248 2
35 252 98
35 258 90
35 262 70
35 272 33
36 42 93
36 67 4
36 100 68
36 128 76
36 156 84
36 175 88
36 191 6
36 198 16
36 213 12
36 215 38
36 234 42
36 241 45
36 250 5
36 270 49
36 272 62
36 273 8
36 289 97
37 64 20
37 114 10
37 139 39
37 141 79
37 161 33
37 172 92
37 260 63
37 266 85
38 76 77
38 107 64
38 126 35
38 135 66
38 169 33
38 181 19
38 204 59
38 228 89
38 264 86
38 277 86
39 52 72
39 61 73
39 82 43
39 95 39
39 127 37
39 132 33
39 209 80
39 287 33
40 90 37
40 157 80
40 183 94
40 188 96
40 191 77
40 209 65
40 215 5
40 247 67
40 283 44
40 289 89
41 92 58
41 118 6
41 135 26
41 171 35
41 189 21
41 191 60
41 194 52
41 196 5
41 206 30
41 216 62
41 260 93
42 53 15
42 101 99
42 113 16
42 131 40
42 154 94
42 186 55
42 187 28
42 274 26
42 285 86
42 289 60
43 52 14
43 76 18
43 77 5
43 80 9
43 85 46
43 96 21
43 119 65
43 120 12
43 190 16
43 203 54
43 210 69
43 242 73
43 249 79
43 263 55
43 290 93
44 62 90
44 63 59
44 97 50
44 123 19
44 147 20
44 174 94
44 185 85
44 189 19
44 237 10
44 282 76
44 294 12
44 296 16
45 60 3
45 108 89
45 133 53
45 139 14
45 141 2
45 213 70
46 56 70
46 62 62
46 84 15
46 96 43
46 99 26
46 100 78
46 117 58
46 142 79
46 182 47
46 212 31
46 238 9
46 246 53
46 268 75
46 291 98
47 81 11
47 110 24
47 130 68
47 147 83
47 149 70
47 154 5
47 162 1
47 179 31
47 180 80
47 191 64
47 198 46
47 268 35
47 273 4
47 295 50
48 50 100
48 99 5
48 171 72
48 186 70
48 187 66
48 197 86
48 215 12
48 234 43
48 244 16
48 245 21
48 256 74
48 267 14
48 293 3
49 60 82
49 142 66
49 146 30
49 161 32
49 166 29
49 177 5
49 241 99
49 254 11
49 265 74
49 281 3
49 297 63
50 58 4
50 59 35
50 95 26
50 101 1
50 102 69
50 108 81
50 122 51
50 126 68
50 144 85
50 150 22
50 161 89
50 175 2
50 202 59
50 210 52
50 232 44
50 238 74
50 245 25
50 246 17
50 264 87
50 265 27
50 270 51
50 271 5
50 286 56
50 287 82
51 67 33
51 74 61
51 174 32
51 184 43
51 195 34
51 215 87
51 220 57
51 242 90
51 270 21
51 282 34
51 291 90
52 55 41
52 161 14
52 168 40
52 172 60
52 176 98
52 181 61
52 215 49
52 227 51
52 262 72
52 286 52
52 291 94
53 56 45
53 66 76
53 74 63
53 76 84
53 117 55
53 234 13
53 276 88
53 291 10
54 55 94
54 61 72
54 82 22
54 166 77
54 168 66
54 206 8
54 209 63
54 239 22
54 273 97
55 83 35
55 100 55
55 135 86
55 136 75
55 148 68
55 186 26
55 195 87
55 196 17
55 248 38
55 255 87
55 270 67
55 277 61
56 58 38
56 90 12
56 92 58
56 102 66
56 117 74
56 123 41
56 124 20
56 142 38
56 189 80
56 191 29
56 210 83
56 221 51
56 264 3
56 271 60
56 284 16
56 294 10
56 298 74
57 60 37
57 65 6
57 78 9
57 88 43
57 105 91
57 178 35
57 210 10
57 221 68
57 228 21
57 285 78
58 126 6
58 158 7
58 206 44
58 217 66
58 219 97
58 226 55
58 228 23
58 245 62
58 261 81
58 296 15
59 87 81
59 89 18
59 156 94
59 188 61
59 197 53
59 227 96
59 233 63
59 235 12
59 268 11
59 273 24
59 283 85
59 287 99
59 291 29
59 295 45
60 83 41
60 103 20
60 118 80
60 123 2
60 156 39
60 176 52
60 224 79
60 240 44
60 245 11
60 250 74
60 267 62
60 276 7
60 282 81
60 286 36
60 290 68
60 293 61
61 62 3
61 104 100
61 133 30
61 138 48
61 150 60
61 158 82
61 196 44
61 204 75
61 235 45
61 241 6
61 245 98
61 262 82
61 265 5
61 294 79
62 80 26
62 101 97
62 115 50
62 130 57
62 140 51
62 166 88
62 178 61
62 209 81
62 217 84
62 253 71
63 72 55
63 88 97
63 89 77
63 100 35
63 139 32
63 179 96
63 186 47
63 193 86
63 200 95
63 202 76
63 211 34
63 237 6
64 66 10
64 80 77
64 88 80
64 101 6
64 107 82
64 147 30
64 164 87
64 171 38
64 202 60
64 219 65
64 234 87
64 277 9
65 105 73
65 122 37
65 129 96
65 133 33
65 158 69
65 201 31
65 211 3
65 213 23
65 223 27
65 251 31
65 252 57
65 259 11
65 283 26
65 298 3
66 73 96
66 150 20
66 155 31
66 171 29
66 188 26
66 233 92
67 83 57
67 122 57
67 127 49
67 160 39
67 162 38
67 193 88
67 239 28
67 254 97
67 295 52
68 90 66
68 91 57
68 93 76
68 94 54
68 104 5
68 126 9
68 187 23
68 205 35
68 215 63
68 257 45
68 258 62
68 283 94
69 122 54
69 125 24
69 127 19
69 155 8
69 192 19
69 209 91
69 255 90
69 259 100
69 275 68
70 95 81
70 105 56
70 107 76
70 120 82
70 134 46
70 138 14
70 148 69
70 171 26
70 236 62
70 250 72
70 265 91
71 77 19
71 92 47
71 97 45
71 105 23
71 150 7
71 154 67
71 170 9
71 190 70
71 202 63
71 203 70
71 206 63
71 232 16
71 240 93
72 79 33
72 98 24
72 152 64
72 154 23
72 176 13
72 178 63
72 180 90
72 209 46
72 228 70
72 277 18
72 288 27
72 292 16
73 74 31
73 85 95
73 163 41
73 208 44
73 259 66
73 264 83
73 273 14
73 294 64
74 120 27
74 149 88
74 164 71
74 190 45
74 198 97
74 212 40
74 223 8
74 228 18
74 247 54
74 254 23
74 258 63
75 131 86
75 133 98
75 138 26
75 169 61
75 193 63
75 213 40
75 283 50
76 86 8
76 106 9
76 109 67
76 119 34
76 145 76
76 154 49
76 206 80
76 214 68
76 277 45
77 78 97
77 110 51
77 115 10
77 145 60
77 150 29
77 184 98
77 203 30
77 205 74
77 228 46
77 239 69
77 249 33
77 271 63
77 278 22
77 298 7
78 92 25
78 113 60
78 206 5
78 257 2
79 81 20
79 85 67
79 95 93
79 108 69
79 133 26
79 134 2
79 189 88
79 202 11
79 208 29
79 214 88
79 228 90
79 248 49
79 265 84
79 267 86
79 268 99
79 290 94
80 134 45
80 135 79
80 150 91
80 194 27
80 207 4
80 266 36
80 297 95
81 89 36
81 95 50
81 98 69
81 122 43
81 133 27
81 185 28
81 208 99
81 221 28
81 237 47
81 240 17
81 251 73
81 259 67
81 278 94
81 281 26
81 294 6
82 101 4
82 102 54
82 118 46
82 137 93
82 147 2
82 156 29
82 180 30
82 181 52
82 189 22
82 191 26
82 218 83
82 270 12
83 154 52
83 164 86
83 191 99
83 193 99
83 213 22
83 223 49
83 241 67
83 260 16
83 295 27
84 94 46
84 119 66
84 156 6
84 173 92
84 196 34
84 234 78
84 247 10
84 284 27
84 299 3
85 91 16
85 115 30
85 118 9
85 134 61
85 212 74
85 254 62
85 276 89
85 284 55
85 290 66
86 88 63
86 105 80
86 123 48
86 125 26
86 128 84
86 130 33
86 137 25
86 143 82
86 154 6
86 174 25
86 188 100
86 219 73
86 242 51
86 258 45
86 276 38
87 108 8
87 125 88
87 131 23
87 137 86
87 202 97
87 231 49
87 286 40
87 298 64
88 90 30
88 98 48
88 112 76
88 115 3
88 123 10
88 172 17
88 178 57
88 194 75
88 206 79
88 210 89
88 219 22
88 230 4
88 280 72
89 92 6
89 95 80
89 107 5
89 125 12
89 143 4
89 192 4
89 207 84
89 210 6
89 215 100
89 235 74
89 298 14
90 93 87
90 105 96
90 117 51
90 135 35
90 167 97
90 178 90
90 199 99
90 252 26
90 253 90
90 254 26
90 259 81
90 278 99
90 291 42
90 295 89
91 111 25
91 140 72
91 146 77
91 148 98
91 185 28
92 98 100
92 108 55
92 115 7
92 139 4
92 141 66
92 167 63
92 181 59
92 182 2
92 184 20
92 185 58
92 213 27
92 220 33
92 228 96
92 261 22
92 271 35
92 299 31
93 150 70
93 175 25
93 187 81
93 196 96
93 277 14
94 112 6
94 120 76
94 142 64
94 171 100
94 190 16
94 237 40
94 268 23
94 276 93
94 279 89
94 280 50
94 293 44
95 112 43
95 115 9
95 131 100
95 204 61
95 218 71
95 231 58
95 236 62
95 287 42
96 130 68
96 142 88
96 175 27
96 208 63
96 245 61
96 257 61
96 268 93
96 278 31
96 283 37
96 291 25
96 292 78
96 294 2
97 98 83
97 99 5
97 154 17
97 158 34
97 169 20
97 186 56
97 220 56
97 254 64
97 256 96
97 295 58
98 128 8
98 140 39
98 143 18
98 147 7
98 189 99
98 212 40
98 234 16
98 259 12
98 263 81
98 272 35
98 289 51
99 105 7
99 163 98
99 166 11
99 206 68
99 234 42
99 257 93
99 266 56
99 267 67
99 276 70
100 114 58
100 121 49
100 229 74
100 289 26
100 292 82
100 293 46
101 112 34
101 146 89
101 151 9
101 159 29
101 169 46
101 244 16
101 271 67
101 281 63
102 148 74
102 178 17
102 191 54
102 209 42
102 220 28
102 222 35
102 226 76
102 238 78
102 280 41
103 104 73
103 129 41
103 135 60
103 139 67
103 144 85
103 148 16
103 154 33
103 164 55
103 232 25
103 240 33
103 270 80
103 283 50
103 292 66
104 124 25
104 133 83
104 148 54
104 165 34
104 232 64
104 244 52
104 250 1
104 254 30
104 258 66
104 260 27
105 120 99
105 134 20
105 147 68
105 165 78
105 181 54
105 249 95
105 254 56
105 288 46
105 290 20
106 114 48
106 155 6
106 180 86
106 189 32
106 193 73
106 213 70
106 232 38
106 260 49
107 130 2
107 143 70
107 155 50
107 244 67
107 258 94
107 261 85
107 269 20
107 295 79
108 149 48
108 168 23
108 172 32
108 178 77
108 182 89
108 184 58
108 204 27
108 208 8
108 223 77
108 229 5
108 248 13
109 120 71
109 123 12
109 129 58
109 152 90
109 174 11
109 176 15
109 199 27
109 217 42
109 274 39
110 134 96
110 166 32
110 167 87
110 171 97
110 178 1
110 220 89
110 268 63
110 283 46
111 116 73
111 150 35
111 156 25
111 184 20
111 185 57
111 188 8
111 267 48
111 296 97
112 113 65
112 133 75
112 137 56
112 152 93
112 260 79
112 266 68
112 273 63
112 274 42
112 277 78
112 284 5
112 287 52
112 294 92
112 298 31
113 122 45
113 140 31
113 216 27
113 225 76
113 230 69
113 235 75
113 247 76
113 248 57
113 290 38
113 293 74
114 150 29
114 174 24
114 177 50
114 201 100
114 205 32
114 232 57
114 242 48
114 267 29
114 275 73
114 277 22
114 288 36
115 121 65
115 134 52
115 148 4
115 150 27
115 151 45
115 161 81
115 164 83
115 176 96
115 222 24
115 240 14
115 258 40
115 269 6
115 271 92
116 159 68
116 163 27
116 174 66
116 179 95
116 183 83
116 199 55
116 212 68
116 218 64
116 251 78
116 277 17
116 292 63
116 294 62
117 176 25
117 183 62
117 190 42
117 193 97
117 195 35
117 225 77
117 263 61
117 266 38
117 286 32
117 292 40
118 121 82
118 130 64
118 170 22
118 177 29
118 189 40
118 199 35
118 205 69
118 222 45
118 270 78
118 280 88
119 151 71
119 166 44
119 199 82
119 242 6
119 273 98
119 279 50
119 281 21
119 298 28
120 183 18
120 185 35
120 186 41
120 230 43
120 236 97
120 253 34
120 262 39
120 281 31
120 289 10
121 126 100
121 146 69
121 148 94
121 153 39
121 195 2
121 205 9
121 206 12
121 229 31
121 232 48
121 250 99
121 277 51
121 281 45
121 295 76
121 299 38
122 151 15
122 160 71
122 171 19
122 259 72
122 284 21
123 150 20
123 196 44
123 200 100
123 221 90
123 226 79
123 237 40
123 254 32
123 262 27
124 130 73
124 131 22
124 137 9
124 145 34
124 181 73
124 211 29
124 216 79
124 236 63
124 266 31
124 272 88
124 291 75
124 293 61
125 152 35
125 162 73
125 174 63
125 176 79
125 209 100
125 240 100
125 249 46
125 253 71
125 270 70
125 282 69
125 288 91
125 293 42
126 133 13
126 135 90
126 137 31
126 180 43
126 199 81
126 207 14
126 228 69
127 147 5
127 154 87
127 160 29
127 192 90
127 233 60
127 264 58
127 269 69
127 287 74
127 296 88
128 140 56
128 162 48
128 168 100
128 182 42
128 183 72
128 210 62
128 233 73
128 259 24
129 130 61
129 132 18
129 146 94
129 149 82
129 150 38
129 154 36
129 160 23
129 177 50
129 190 77
129 198 5
129 235 44
129 237 57
129 260 18
129 279 64
129 299 13
130 140 5
130 147 93
130 162 2
130 190 16
130 222 50
130 227 70
130 231 89
130 236 37
130 239 77
130 257 89
130 297 88
131 132 71
131 165 60
131 209 49
131 229 43
131 289 35
132 133 61
132 134 60
132 179 28
132 181 42
132 196 97
132 204 15
132 211 17
132 217 99
132 251 91
132 289 73
132 290 94
133 141 99
133 150 43
133 152 10
133 181 11
133 229 99
133 234 2
133 248 13
133 279 14
133 297 3
134 137 34
134 139 54
134 143 39
134 177 63
134 204 42
134 261 26
134 269 33
135 152 54
135 153 26
135 164 75
135 172 88
135 186 86
135 187 86
135 200 68
135 228 79
135 238 34
135 288 82
135 293 47
135 294 84
136 260 73
136 261 20
136 278 78
137 156 71
137 184 62
137 219 87
137 225 34
137 261 60
137 264 40
137 265 46
137 277 25
137 280 42
137 281 31
138 242 78
138 290 32
138 298 93
139 177 20
139 191 9
139 210 25
139 211 73
139 218 34
139 242 51
139 248 12
139 289 71
140 144 36
140 150 79
140 151 49
140 152 70
140 177 61
140 235 48
140 242 53
140 271 33
140 274 67
140 285 30
141 148 55
141 152 80
141 172 68
141 207 40
141 220 39
141 233 7
141 252 37
141 291 63
142 145 48
142 148 68
142 199 40
142 203 79
142 207 12
142 240 11
142 244 87
142 246 89
142 262 35
142 273 72
142 277 39
143 167 47
143 171 42
143 189 75
143 235 25
143 245 43
143 261 44
143 280 85
144 147 90
144 169 48
144 173 69
144 185 8
144 219 30
144 222 76
144 235 87
144 269 97
144 286 15
145 146 25
145 152 56
145 175 52
145 177 39
145 203 3
145 236 71
145 255 78
146 203 34
146 252 82
146 262 41
146 272 72
146 292 70
147 173 75
147 189 44
147 209 9
147 216 21
147 217 85
147 226 35
147 239 46
147 274 79
147 277 30
147 278 82
148 179 68
148 271 77
149 186 3
149 188 75
149 199 6
149 205 78
149 208 61
149 244 55
149 263 44
149 292 37
149 294 10
149 296 47
150 198 75
150 209 64
150 232 17
150 237 5
150 251 49
150 270 99
150 289 97
151 157 21
151 162 20
151 163 71
151 164 16
151 171 80
151 177 92
151 254 52
152 167 14
152 171 89
152 197 31
152 233 43
152 237 70
152 257 98
152 279 72
152 284 72
153 156 25
153 186 77
153 188 1
153 235 37
153 247 83
153 266 97
154 163 74
154 167 44
154 176 43
154 188 100
154 218 8
154 278 60
154 292 56
155 168 56
155 220 10
155 278 52
156 217 28
156 222 29
156 229 23
156 231 43
156 235 61
157 160 66
157 173 95
157 179 74
157 208 54
157 216 25
157 224 69
157 283 75
157 288 74
157 290 40
157 297 99
158 159 50
158 221 68
158 230 51
158 240 87
158 246 51
158 256 47
158 267 12
158 283 94
158 285 90
159 167 63
159 168 53
159 169 1
159 176 19
159 192 61
159 222 10
159 244 22
159 246 88
159 267 90
159 291 96
160 209 83
160 212 50
160 222 61
160 258 29
160 268 76
160 293 66
161 220 5
161 237 44
161 240 41
161 241 30
162 166 35
162 184 91
162 200 80
162 216 54
162 220 41
162 227 18
162 284 56
162 287 88
163 170 29
163 180 50
163 195 29
163 200 91
163 201 54
163 212 29
163 214 61
163 233 14
163 240 90
163 251 83
163 286 54
164 174 79
164 200 30
164 211 88
164 263 81
164 286 91
164 287 16
164 293 8
165 176 8
165 181 20
165 186 51
165 192 100
165 201 49
165 202 37
165 203 90
165 210 80
165 214 90
165 217 83
165 237 97
165 246 46
165 267 22
165 269 77
165 273 47
166 167 50
166 195 20
166 207 100
166 208 30
166 228 80
166 229 66
166 232 19
166 256 14
166 274 71
167 168 97
167 187 44
167 190 58
167 210 29
167 220 86
167 225 25
167 267 36
167 293 93
168 197 96
168 218 38
168 222 93
168 233 96
168 237 74
168 243 82
168 260 76
168 265 16
168 290 16
168 295 24
169 175 13
169 186 37
169 195 1
169 202 59
169 214 86
169 223 20
169 237 10
169 260 15
169 267 99
169 272 27
169 282 85
169 296 65
170 179 97
170 187 34
170 194 60
170 210 6
170 216 62
170 221 45
170 234 82
170 241 50
170 244 37
170 251 77
170 253 87
170 264 81
170 271 73
171 174 13
171 195 15
171 223 48
171 241 28
171 245 30
171 275 71
171 289 92
171 292 67
172 181 23
172 204 50
172 251 4
173 201 42
173 221 11
173 238 19
173 246 93
173 297 38
174 187 55
174 190 57
174 197 86
174 210 88
174 236 16
174 239 44
174 241 50
174 242 12
174 245 25
174 255 99
175 188 100
175 254 2
175 266 37
176 202 81
176 244 26
176 280 49
176 293 95
177 178 25
177 211 28
177 231 76
177 266 47
178 179 19
178 196 42
178 204 70
178 208 20
178 241 46
178 243 11
178 280 31
179 207 16
179 223 3
179 248 20
179 257 70
179 288 11
179 298 57
180 234 58
180 278 78
180 292 100
181 182 59
181 218 89
181 227 77
181 273 9
182 186 89
182 220 30
182 260 45
182 283 21
182 293 55
183 205 46
183 253 67
184 232 79
184 236 73
184 253 42
184 256 25
184 286 44
185 211 36
185 227 94
185 233 63
185 241 33
185 253 57
185 266 45
185 286 100
185 291 11
186 198 64
186 224 21
187 221 22
187 237 73
187 249 30
187 252 51
187 280 72
188 194 88
188 199 40
188 253 100
188 257 96
188 265 80
188 298 29
189 288 93
190 197 52
190 225 83
190 232 38
190 233 70
190 249 13
190 286 10
191 193 11
191 274 90
191 289 5
192 206 98
192 218 35
192 229 68
192 243 30
192 256 91
192 263 64
192 269 81
192 270 54
192 273 80
192 297 2
193 223 75
193 234 52
193 252 31
193 254 77
193 270 75
193 282 71
193 289 68
194 207 75
194 211 66
194 230 47
194 250 3
194 280 58
195 199 50
195 224 38
195 259 47
195 260 19
195 282 2
196 230 57
196 237 82
196 277 91
196 284 61
197 211 31
197 219 26
197 246 80
197 293 61
197 297 68
198 202 44
198 246 93
198 248 21
198 251 75
198 274 94
198 281 47
198 296 26
198 299 77
199 296 24
200 278 100
201 206 47
202 223 91
202 236 26
202 258 12
202 280 90
203 207 81
203 226 22
203 227 91
203 231 70
203 232 68
203 254 62
203 270 71
203 271 76
203 277 43
203 281 14
203 291 89
204 223 73
204 229 91
204 236 20
204 272 85
204 280 58
204 290 15
205 223 30
205 233 31
205 240 89
205 245 23
206 244 29
206 253 66
206 287 99
207 266 4
208 234 66
208 249 45
208 260 47
209 214 91
209 226 9
209 232 88
209 260 23
209 290 82
210 227 78
210 243 92
210 259 1
210 274 39
211 234 63
211 283 29
211 285 33
211 290 76
211 293 69
211 296 58
212 218 18
212 256 88
212 279 94
213 263 27
214 239 55
214 254 23
214 264 57
214 281 95
215 238 46
215 277 38
215 290 61
216 255 96
216 281 41
216 296 78
217 219 93
217 257 39
217 264 68
217 283 1
218 286 26
218 298 91
219 230 34
219 232 56
219 245 82
219 251 34
219 252 46
220 241 96
220 250 14
220 256 31
220 283 23
220 292 82
222 253 88
222 259 40
222 261 22
222 280 81
223 232 67
223 248 76
223 253 56
223 261 75
223 280 70
223 293 53
224 250 12
224 282 82
226 252 48
226 254 5
226 276 59
227 232 40
227 238 95
227 273 79
227 295 92
228 249 21
229 262 69
230 233 77
230 251 76
230 299 2
231 242 11
231 260 73
231 267 50
231 268 24
231 280 3
232 233 72
232 236 58
232 252 90
232 270 64
232 279 79
232 282 23
232 283 82
232 284 6
232 289 78
232 297 56
233 234 75
233 249 82
233 263 20
233 267 57
233 287 29
234 247 76
234 257 15
234 261 21
234 299 70
235 243 93
235 245 64
235 254 42
236 264 13
236 282 41
236 289 69
237 269 67
238 266 3
238 271 42
238 281 68
239 242 78
239 247 44
239 257 91
239 259 35
239 282 86
240 294 54
241 243 13
241 269 60
241 270 35
241 289 18
242 260 89
243 251 43
243 264 45
244 247 70
244 252 62
244 282 53
244 292 98
245 258 89
245 293 19
245 294 70
246 255 58
246 259 64
246 261 34
247 257 100
248 268 76
248 283 26
248 297 68
249 252 94
249 265 28
249 270 61
250 252 61
251 255 5
251 266 57
251 267 4
251 278 40
251 283 42
251 291 57
252 260 4
253 269 53
254 258 44
254 263 74
254 277 41
254 286 86
254 287 70
255 276 10
256 287 99
257 272 22
257 273 59
257 287 39
258 266 92
258 271 29
258 280 48
259 264 55
259 293 14
260 263 99
260 272 83
261 291 39
261 299 19
262 270 76
262 282 18
262 289 79
263 268 89
263 290 22
265 271 35
266 273 92
266 279 13
267 286 28
267 287 100
269 270 69
269 279 80
269 282 43
270 276 42
270 278 20
270 293 80
272 282 63
272 295 29
273 281 30
273 289 36
274 281 40
276 284 68
276 287 27
276 297 20
276 298 16
278 286 82
281 283 85
282 298 14
283 291 64
288 290 23
288 298 32
289 296 91
289 298 40
290 293 63
292 299 31
300 316 4
300 323 37
300 356 44
300 358 29
300 365 43
300 367 38
300 380 3
300 398 23
300 434 11
300 505 21
300 514 6
300 533 1
300 574 12
300 582 7
301 378 40
301 381 40
301 420 38
301 445 1
301 463 5
301 513 39
301 531 42
301 538 9
301 542 23
301 543 21
301 544 19
301 560 35
301 562 25
301 575 24
301 583 30
302 320 37
302 327 42
302 332 35
302 352 23
302 359 38
302 378 14
302 418 17
302 455 25
302 474 18
302 478 39
302 485 37
302 517 40
302 532 47
302 554 38
302 573 1
302 596 3
303 324 27
303 333 42
303 403 43
303 406 29
303 412 47
303 423 31
303 436 20
303 447 7
303 455 5
303 501 42
303 511 25
303 531 40
303 536 18
303 543 48
304 305 21
304 309 4
304 339 42
304 353 7
304 369 28
304 379 31
304 403 22
304 410 46
304 421 5
304 427 39
304 448 35
304 463 41
304 474 30
304 477 31
304 479 30
304 484 31
304 485 35
304 554 8
304 556 22
304 581 27
304 598 38
305 315 20
305 319 10
305 328 8
305 332 26
305 353 14
305 410 1
305 429 3
305 446 5
305 474 19
305 479 2
305 485 25
305 489 24
305 494 45
305 501 32
305 520 4
305 521 25
305 522 3
305 564 49
305 570 31
305 594 44
306 345 35
306 393 22
306 433 25
306 439 17
306 460 3
306 471 7
306 502 2
306 534 13
306 540 31
306 548 30
306 595 50
306 597 50
307 330 41
307 369 9
307 389 28
307 416 5
307 426 10
307 443 32
307 453 9
307 471 28
307 494 33
307 498 36
307 534 3
307 551 30
307 554 19
307 570 6
308 312 4
308 359 23
308 361 5
308 434 35
308 439 18
308 513 41
308 547 8
308 561 43
308 569 8
308 579 12
308 599 49
309 338 11
309 393 24
309 396 29
309 401 40
309 402 24
309 408 29
309 423 31
309 430 32
309 446 8
309 467 37
309 480 41
309 486 39
309 499 47
309 521 20
309 522 21
309 536 34
310 329 23
310 348 2
310 353 2
310 359 30
310 376 6
310 404 25
310 429 34
310 474 42
310 487 42
310 502 27
310 508 1
310 518 36
310 555 34
310 583 12
310 590 35
310 592 44
311 334 36
311 335 13
311 336 35
311 337 9
311 348 43
311 374 17
311 391 42
311 409 50
311 472 3
311 481 35
311 486 38
311 509 2
311 517 4
311 522 11
311 544 35
311 577 28
312 339 12
312 346 39
312 363 8
312 379 19
312 410 13
312 413 43
312 464 10
312 501 6
312 527 19
312 597 10
313 381 42
313 388 2
313 400 22
313 417 28
313 425 47
313 436 9
313 478 40
313 505 32
313 531 19
313 566 35
313 574 48
313 589 10
313 595 34
314 341 3
314 346 44
314 405 24
314 465 4
314 467 50
314 483 36
314 493 40
314 510 27
314 524 47
314 535 28
314 548 36
314 559 18
314 567 40
314 571 29
314 577 27
314 584 48
314 594 49
315 348 39
315 356 41
315 378 1
315 396 12
315 419 18
315 445 49
315 447 20
315 457 7
315 463 30
315 510 40
315 522 43
315 534 30
315 535 49
315 543 29
315 556 32
315 566 45
315 574 2
315 598 35
316 329 46
316 339 39
316 361 24
316 380 24
316 415 37
316 423 2
316 440 10
316 459 4
316 508 43
316 514 40
316 538 33
316 584 42
316 595 38
317 321 21
317 343 32
317 352 40
317 370 34
317 386 49
317 390 41
317 406 5
317 411 8
317 471 20
317 482 44
317 491 50
317 502 49
317 505 44
317 524 28
317 541 30
317 546 40
317 588 31
318 332 16
318 390 35
318 447 19
318 464 42
318 478 9
318 479 8
318 484 45
318 543 20
318 548 11
318 585 39
318 590 11
318 593 43
319 420 31
319 435 50
319 452 15
319 456 12
319 471 40
319 492 48
319 512 11
319 539 30
319 549 2
319 567 18
319 585 1
319 599 45
320 323 19
320 330 2
320 361 41
320 378 47
320 390 33
320 438 30
320 442 29
320 448 49
320 449 15
320 469 50
320 521 42
320 565 25
320 587 7
321 345 36
321 374 46
321 390 17
321 478 24
321 500 6
321 510 12
321 525 4
321 527 5
321 539 26
321 547 18
321 574 46
321 592 24
321 598 28
322 361 27
322 383 27
322 414 47
322 418 28
322 430 24
322 455 15
322 461 31
322 469 14
322 505 13
322 545 13
323 343 45
323 347 42
323 371 11
323 377 11
323 386 43
323 425 4
323 448 35
323 456 49
323 474 39
323 480 32
323 491 17
323 502 15
323 509 37
323 514 28
323 520 20
323 548 44
323 554 4
323 578 37
323 593 39
324 365 29
324 366 16
324 377 16
324 396 7
324 401 14
324 425 45
324 432 32
324 433 29
324 443 25
324 463 45
324 484 43
324 506 37
324 516 42
324 539 36
324 551 50
324 576 2
324 579 28
324 588 5
324 598 37
325 327 26
325 360 46
325 364 18
325 376 43
325 379 10
325 382 7
325 391 22
325 404 31
325 406 50
325 411 27
325 412 20
325 486 40
325 503 7
325 515 37
325 555 7
325 564 14
325 586 1
325 588 3
326 347 45
326 370 31
326 383 27
326 396 42
326 413 23
326 422 16
326 446 33
326 527 9
326 541 17
326 552 34
326 576 36
327 328 23
327 338 22
327 374 14
327 376 18
327 415 42
327 420 8
327 457 29
327 498 48
327 575 29
328 333 10
328 357 49
328 409 6
328 501 31
328 523 38
328 524 12
328 528 17
328 535 45
328 551 27
328 592 17
329 385 47
329 408 22
329 417 47
329 425 26
329 452 15
329 478 22
329 493 43
329 498 47
329 501 32
329 525 11
329 533 32
329 536 17
329 567 33
329 580 4
330 332 32
330 378 1
330 397 45
330 413 39
330 416 29
330 420 42
330 425 20
330 433 40
330 470 40
330 505 27
330 506 20
330 554 29
330 574 40
330 599 37
331 344 23
331 363 17
331 444 5
331 462 22
331 499 40
331 518 4
331 519 47
331 537 4
331 558 25
331 594 39
332 334 50
332 346 6
332 369 49
332 381 33
332 386 24
332 430 31
332 441 36
332 499 8
332 508 33
332 543 30
332 555 46
333 375 14
333 402 23
333 420 17
333 431 3
333 436 14
333 453 43
333 454 23
333 455 43
333 474 33
333 478 11
333 499 17
333 501 1
333 532 15
333 556 38
333 564 40
333 565 20
333 575 34
334 339 43
334 350 44
334 387 24
334 391 44
334 405 1
334 426 24
334 434 26
334 454 27
334 459 7
334 476 14
334 481 34
334 495 39
334 512 43
334 521 31
334 555 2
334 567 18
334 569 48
335 345 5
335 360 33
335 404 42
335 431 29
335 434 25
335 440 26
335 460 41
335 518 42
335 523 26
335 535 7
335 541 31
335 544 17
335 562 27
335 567 15
335 573 9
335 585 22
335 598 40
336 360 4
336 371 25
336 411 14
336 449 32
336 489 1
336 513 20
336 517 45
336 531 34
336 544 10
336 545 39
336 550 14
336 552 12
337 372 8
337 412 13
337 416 18
337 481 41
337 482 5
337 568 48
337 576 17
337 588 30
337 594 38
338 344 8
338 350 8
338 370 46
338 387 41
338 420 24
338 428 22
338 435 7
338 436 35
338 472 46
338 481 46
338 489 40
338 520 20
338 524 9
338 534 21
338 564 20
338 577 30
338 583 17
338 598 3
339 410 40
339 447 8
339 467 18
339 478 3
339 503 17
339 531 31
339 554 22
339 575 7
340 388 37
340 409 21
340 420 24
340 430 18
340 435 10
340 458 33
340 488 25
340 550 5
340 578 23
340 584 49
341 343 29
341 381 29
341 426 35
341 436 24
341 443 25
341 456 24
341 473 45
341 474 35
341 477 47
341 491 14
341 512 17
341 513 15
341 516 18
341 524 8
341 533 24
341 562 37
341 570 12
341 596 41
342 353 19
342 374 35
342 375 47
342 383 5
342 386 5
342 420 22
342 451 23
342 460 14
342 529 5
342 580 49
343 375 20
343 381 29
343 402 49
343 437 48
343 449 8
343 513 33
343 526 23
343 528 34
343 543 7
343 544 19
344 361 20
344 390 5
344 410 34
344 433 38
344 519 19
344 526 1
344 528 45
344 529 43
344 551 40
344 571 8
344 585 33
344 596 8
345 359 42
345 398 31
345 414 13
345 432 48
345 454 3
345 455 37
345 459 11
345 536 9
345 549 37
345 564 33
345 577 37
346 365 36
346 374 32
346 382 46
346 401 18
346 422 7
346 427 29
346 459 26
346 462 25
346 463 1
346 495 30
346 498 9
346 516 38
346 523 1
346 589 11
346 596 35
347 367 45
347 384 50
347 406 44
347 414 29
347 429 8
347 433 36
347 452 9
347 459 22
347 494 33
347 510 13
347 513 10
347 560 46
347 574 21
347 578 46
347 596 28
348 371 8
348 388 31
348 414 11
348 458 3
348 490 1
348 514 17
348 529 34
348 538 26
348 564 42
348 570 34
349 359 8
349 367 50
349 397 23
349 483 10
349 486 12
349 491 9
349 495 4
349 564 12
349 587 3
350 362 32
350 384 21
350 405 40
350 415 42
350 421 42
350 425 24
350 446 5
350 457 3
350 460 19
350 509 25
350 526 48
350 529 48
350 548 32
350 554 31
350 557 9
350 599 37
351 387 31
351 389 25
351 432 20
351 438 8
351 440 18
351 486 5
351 493 17
351 527 19
351 530 29
351 552 26
351 565 31
351 595 38
352 386 31
352 440 44
352 446 42
352 478 12
352 503 14
352 558 31
352 569 4
353 375 7
353 382 4
353 396 10
353 459 9
353 463 25
353 470 34
353 479 8
353 491 22
353 493 18
353 500 38
353 528 32
353 537 4
353 570 18
354 358 9
354 374 25
354 395 28
354 399 28
354 429 31
354 444 44
354 468 47
354 517 9
354 518 20
354 527 29
354 567 46
354 571 50
354 582 22
355 378 39
355 395 14
355 458 37
355 463 19
355 508 19
355 569 43
355 572 25
356 379 28
356 398 1
356 437 49
356 447 11
356 448 10
356 464 22
356 492 30
356 497 48
356 503 4
356 553 33
356 567 17
357 374 12
357 387 9
357 434 44
357 488 41
357 567 39
358 365 38
358 413 37
358 447 48
358 464 9
358 474 17
358 507 45
358 509 8
358 523 38
358 525 36
358 533 23
358 554 24
358 590 4
359 360 41
359 361 18
359 373 28
359 407 20
359 414 20
359 428 28
359 440 33
359 469 30
359 494 50
359 496 12
359 505 27
359 508 3
359 545 47
359 549 45
359 557 16
359 587 5
360 415 39
360 422 6
360 425 46
360 465 28
360 476 45
360 492 43
360 498 36
360 524 11
360 525 39
360 530 45
360 551 1
360 585 24
360 599 18
361 380 24
361 414 30
361 434 10
361 437 44
361 443 9
361 459 30
361 463 13
361 518 37
361 519 12
361 529 42
361 532 36
361 597 23
362 389 20
362 417 38
362 420 19
362 443 15
362 451 5
362 478 26
362 486 5
362 495 12
362 562 21
363 394 34
363 401 6
363 404 15
363 422 19
363 430 17
363 433 5
363 435 13
363 455 17
363 458 29
363 479 32
363 481 42
363 537 10
363 550 42
363 562 35
363 584 18
363 585 23
364 365 50
364 369 4
364 428 34
364 444 41
364 451 39
364 457 8
364 466 13
364 498 28
364 538 29
364 540 29
364 541 34
364 579 4
365 450 33
365 452 46
365 473 26
365 501 16
365 524 1
365 553 40
365 557 36
365 571 19
365 587 44
366 376 50
366 401 37
366 402 24
366 408 34
366 410 31
366 414 33
366 459 27
366 461 15
366 466 3
366 499 49
366 504 14
366 527 6
366 582 34
366 594 7
367 382 47
367 397 43
367 463 19
367 502 26
367 530 21
367 573 49
367 582 12
368 376 24
368 410 31
368 416 7
368 423 1
368 429 48
368 460 9
368 470 40
368 494 35
368 561 28
369 396 34
369 399 36
369 400 16
369 411 7
369 452 19
369 482 46
369 500 42
369 558 45
369 559 13
369 561 44
369 583 45
370 377 28
370 379 1
370 402 28
370 454 36
370 486 49
370 495 21
370 526 4
370 547 25
370 561 41
370 574 4
370 577 36
370 593 17
371 415 34
371 418 44
371 460 17
371 488 33
371 506 2
371 519 9
371 564 19
371 575 31
371 590 42
371 597 5
372 375 47
372 392 50
372 424 23
372 437 44
372 452 43
372 482 18
372 504 8
372 506 36
372 529 14
372 532 36
372 542 37
372 552 42
372 558 21
372 571 35
372 574 12
372 592 27
373 377 11
373 392 4
373 399 30
373 441 48
373 444 22
373 451 16
373 453 41
373 470 41
373 474 50
373 499 45
373 508 49
373 509 19
373 510 25
373 512 42
373 570 25
374 387 23
374 394 43
374 398 47
374 409 17
374 413 36
374 421 16
374 450 26
374 458 21
374 462 30
374 493 11
374 497 9
374 524 23
374 540 34
374 557 46
374 562 36
374 577 10
374 598 8
375 391 41
375 416 41
375 425 6
375 440 13
375 441 8
375 518 48
375 543 5
375 586 8
375 592 42
376 393 3
376 399 28
376 405 17
376 460 46
376 493 2
376 507 41
376 595 38
376 599 50
377 415 9
377 464 23
377 471 18
377 485 35
377 490 46
377 496 47
377 557 45
377 593 4
377 596 21
378 448 28
378 450 1
378 452 6
378 484 39
378 498 9
378 500 46
378 532 30
378 546 14
378 563 10
379 382 37
379 401 11
379 438 14
379 451 46
379 486 3
379 532 18
379 557 23
379 566 21
380 386 13
380 387 26
380 397 11
380 408 1
380 420 26
380 426 20
380 501 25
380 539 43
380 542 6
380 553 20
381 406 41
381 410 50
381 424 26
381 449 11
381 468 30
381 476 26
381 503 16
381 513 18
381 535 34
381 544 13
381 550 49
381 568 49
381 586 23
381 592 38
382 411 12
382 432 36
382 440 35
382 478 16
382 489 4
382 499 10
382 548 36
382 559 18
382 588 35
382 595 48
382 599 20
383 469 12
383 474 19
383 476 45
383 477 6
383 487 24
383 492 14
383 494 46
383 499 26
383 535 41
383 552 8
383 565 5
383 589 17
383 593 25
384 410 24
384 412 2
384 484 38
384 485 25
384 519 1
384 537 10
384 540 14
384 557 14
384 579 47
384 585 48
385 391 29
385 399 2
385 450 9
385 482 16
385 487 20
385 495 44
385 508 15
385 535 41
385 544 7
385 552 34
385 562 35
385 595 13
386 400 9
386 405 1
386 411 10
386 431 34
386 433 41
386 438 20
386 441 38
386 506 9
386 517 44
386 520 14
386 557 11
386 561 33
386 574 38
386 577 13
387 445 44
387 447 3
387 461 26
387 462 41
387 469 50
387 491 6
387 501 44
387 518 9
387 575 23
387 587 15
387 594 4
388 407 37
388 414 6
388 415 10
388 426 22
388 460 42
388 481 24
388 483 31
388 505 42
388 518 36
388 542 14
388 550 35
388 584 5
389 400 4
389 405 43
389 493 48
389 510 17
389 595 5
390 408 31
390 410 6
390 413 19
390 444 24
390 454 8
390 466 46
390 478 16
390 479 9
390 484 1
390 497 10
390 536 19
390 596 23
391 444 26
391 533 22
391 550 12
391 557 31
391 560 34
392 428 33
392 455 23
392 457 9
392 482 13
392 491 16
392 538 44
392 540 27
392 543 2
392 597 48
393 400 32
393 401 45
393 412 46
393 417 48
393 486 1
393 507 28
393 508 5
393 512 20
393 515 3
393 532 14
393 562 15
393 573 19
394 404 22
394 426 18
394 454 30
394 455 41
394 476 42
394 498 5
394 506 14
394 527 3
394 539 36
394 573 49
394 577 36
394 584 10
395 402 8
395 404 50
395 405 27
395 419 3
395 456 28
395 457 29
395 475 1
395 480 9
395 483 25
395 507 48
395 513 8
395 526 25
395 540 25
395 558 12
395 561 46
395 581 27
395 586 25
396 415 11
396 424 47
396 465 49
396 479 30
396 495 26
396 496 41
396 529 21
396 586 31
397 398 6
397 406 26
397 449 18
397 452 5
397 454 11
397 458 29
397 493 14
397 518 12
397 563 5
397 564 16
397 580 40
398 404 33
398 460 16
398 486 48
398 490 7
398 507 15
398 535 6
398 544 34
398 594 39
399 401 19
399 403 29
399 422 18
399 445 46
399 457 41
399 470 14
399 488 44
399 515 22
399 559 42
399 563 36
399 580 43
399 591 22
400 404 41
400 411 20
400 435 41
400 449 47
400 457 32
400 464 19
400 468 10
400 469 43
400 470 23
400 499 28
400 539 32
400 597 8
401 428 43
401 441 30
401 464 16
401 478 10
401 492 37
401 500 49
401 523 48
401 530 5
401 545 30
401 598 17
402 433 50
402 451 22
402 476 33
402 503 45
402 541 44
402 546 24
402 560 30
403 437 38
403 452 47
403 475 21
403 481 7
403 482 37
403 512 19
403 535 38
403 554 5
403 563 29
403 566 30
403 574 29
404 428 6
404 453 12
404 455 36
404 471 50
404 526 43
404 528 2
404 535 9
404 572 29
405 427 2
405 439 9
405 444 35
405 470 33
405 481 27
405 501 35
405 502 5
405 516 9
405 556 31
405 567 50
405 569 32
405 584 11
406 407 37
406 415 28
406 431 33
406 459 45
406 460 16
406 516 1
406 557 32
407 417 20
407 431 31
407 440 13
407 462 1
407 466 38
407 529 26
407 546 38
407 562 40
407 578 18
407 581 41
408 410 50
408 418 48
408 436 43
408 505 10
408 519 35
408 574 25
408 583 37
409 455 19
409 457 31
409 463 45
409 493 1
409 502 30
409 505 29
409 543 13
409 589 18
410 430 8
410 435 45
410 439 12
410 447 24
410 484 48
410 514 43
410 523 45
410 537 30
410 543 8
410 545 45
410 558 20
410 577 33
411 427 33
411 429 9
411 446 3
411 455 23
411 457 10
411 536 2
411 544 17
411 590 20
412 424 36
412 435 44
412 449 6
412 454 6
412 465 24
412 479 2
412 505 7
412 514 6
412 519 32
412 533 19
412 535 23
412 540 40
412 542 16
412 592 35
412 599 13
413 414 15
413 459 29
413 463 7
413 473 44
413 477 36
413 495 4
413 503 15
413 523 21
413 546 36
413 556 23
413 564 23
413 573 10
414 425 35
414 429 26
414 430 29
414 472 4
414 477 12
414 479 22
414 495 11
414 511 17
414 519 47
414 522 14
414 595 25
415 421 2
415 440 46
415 474 46
415 484 25
415 490 37
415 499 11
415 500 11
415 532 1
415 555 27
415 565 39
415 583 7
416 473 22
416 491 27
416 493 12
416 543 37
416 544 47
416 574 47
416 585 11
416 586 19
416 587 9
416 598 45
417 503 44
417 524 37
417 533 50
417 550 7
417 554 8
417 559 10
417 564 26
417 589 6
418 427 26
418 445 2
418 475 8
418 499 23
418 501 47
418 537 34
418 551 9
418 561 9
418 562 46
419 454 9
419 457 35
419 459 34
419 479 17
419 530 7
419 547 12
419 561 29
419 565 45
419 590 8
420 436 25
420 453 5
420 475 28
420 482 35
420 488 2
420 494 22
420 498 21
420 527 1
420 569 30
420 575 30
420 584 13
420 594 5
421 427 38
421 435 38
421 467 7
421 486 47
421 493 10
421 548 5
421 576 30
421 589 20
422 428 14
422 430 27
422 460 28
422 462 50
422 473 12
422 489 44
422 495 8
422 499 24
422 504 22
422 509 2
422 514 31
422 537 49
422 579 9
423 429 9
423 447 35
423 448 12
423 475 32
423 499 8
423 504 12
423 506 11
423 536 37
423 556 26
423 560 18
423 566 26
423 571 15
423 588 26
424 428 22
424 448 26
424 451 30
424 467 3
424 468 45
424 476 45
424 487 29
424 521 24
424 548 45
424 580 41
424 587 18
425 502 2
425 544 14
425 572 41
425 576 6
425 582 46
426 444 41
426 493 14
426 505 4
426 594 26
427 437 25
427 440 37
427 447 35
427 451 38
427 470 50
427 488 23
427 495 16
427 506 17
427 510 49
427 520 30
428 440 44
428 448 20
428 463 6
428 468 25
428 528 23
428 529 2
428 555 20
429 439 1
429 491 26
429 503 16
429 513 43
429 545 45
429 553 17
429 559 6
429 586 35
430 442 22
430 528 2
430 561 28
430 566 37
431 447 7
431 452 5
431 482 13
431 524 44
431 534 39
431 565 1
431 572 43
431 573 11
432 435 16
432 436 11
432 452 9
432 507 47
432 512 6
432 518 31
432 527 4
432 528 30
432 534 3
432 542 6
432 547 1
432 553 5
432 563 31
432 577 16
432 579 48
432 594 27
433 441 33
433 474 3
433 489 11
433 506 6
433 545 6
433 565 40
434 469 43
434 477 15
434 491 44
434 499 5
434 532 10
434 551 34
434 556 7
434 593 2
435 467 47
435 528 24
435 541 14
435 568 7
435 593 23
436 511 19
436 528 37
436 536 26
436 539 50
436 545 39
436 572 31
436 579 1
437 455 44
437 459 13
437 464 16
437 501 41
437 513 39
437 529 50
437 565 45
437 569 2
437 582 6
438 482 3
438 485 43
438 488 50
438 491 17
438 509 39
438 568 6
438 570 28
439 441 22
439 449 15
439 505 29
439 547 18
439 557 38
439 561 44
439 568 25
439 580 10
439 591 14
440 465 13
440 474 38
440 505 13
440 521 2
440 544 20
440 551 13
440 564 47
440 598 35
441 449 29
441 452 39
441 453 23
441 501 30
441 502 35
441 506 26
441 515 35
441 534 37
441 536 19
441 542 36
441 550 5
441 560 7
441 582 44
441 596 32
442 448 30
442 456 8
442 485 12
442 489 50
442 525 47
442 541 7
442 555 24
442 564 9
442 568 20
442 570 38
443 461 46
443 482 33
443 483 39
443 489 15
443 504 47
443 513 37
443 554 49
443 577 27
443 582 25
444 453 24
444 461 7
444 488 12
444 537 1
444 553 43
444 568 50
445 493 19
445 501 29
445 505 7
445 517 27
445 551 22
445 574 38
445 581 7
445 596 31
446 465 2
446 478 6
446 485 27
446 489 10
446 531 31
446 582 35
446 589 30
446 596 18
446 599 30
447 467 14
447 482 9
447 484 47
447 587 10
448 466 47
448 479 45
448 538 37
448 564 24
448 580 20
449 464 45
449 493 35
449 500 21
449 501 37
449 505 34
449 508 39
449 522 15
449 542 40
450 497 18
450 527 38
450 534 30
450 542 26
450 571 18
450 584 33
451 455 33
451 458 45
451 460 42
451 471 15
451 473 29
451 487 23
451 514 34
451 577 11
452 471 36
452 480 42
452 501 7
452 510 48
452 528 41
453 531 3
453 544 36
453 545 14
453 572 23
453 578 30
454 483 48
454 518 43
454 532 16
454 582 31
454 586 33
454 596 33
455 463 23
455 494 50
455 504 22
455 507 2
455 515 27
455 519 42
455 599 36
456 508 9
456 521 38
456 547 27
456 569 23
456 592 18
456 595 50
456 598 7
457 462 28
457 468 37
457 523 50
457 544 36
457 548 36
457 550 40
457 561 39
457 564 21
457 571 3
457 580 11
457 584 2
457 599 2
458 481 3
458 563 20
458 575 35
458 599 37
459 473 4
459 504 7
459 512 39
459 515 27
459 524 10
459 545 15
459 573 18
459 578 45
459 581 24
460 485 5
460 560 23
460 573 48
460 576 23
460 583 24
460 597 4
461 486 2
461 545 11
461 559 6
461 574 38
461 581 48
461 589 45
462 471 26
462 473 21
462 483 50
462 498 38
462 579 22
462 582 1
463 468 42
463 480 43
463 512 37
463 518 28
463 550 46
463 552 43
464 466 16
464 551 23
464 581 2
464 586 33
465 510 42
465 531 48
465 542 8
465 543 49
465 581 21
465 588 5
466 496 21
466 503 44
466 535 11
466 549 24
466 556 6
466 565 16
466 567 11
467 471 4
467 486 12
467 488 38
467 540 24
467 569 13
467 572 25
467 578 47
467 579 16
467 590 16
468 486 40
468 491 2
468 579 46
469 475 37
469 508 47
469 543 13
470 471 11
470 477 50
470 529 45
470 550 5
470 582 48
471 523 2
471 529 3
471 582 20
471 583 7
472 508 25
472 512 13
472 535 19
472 539 48
472 544 21
472 591 36
472 594 11
472 598 24
473 478 47
473 489 48
473 565 49
473 572 12
474 483 25
474 497 47
474 514 27
474 528 42
474 542 36
474 548 30
474 550 37
474 579 25
474 581 26
474 586 50
475 550 37
476 484 26
476 515 46
476 518 41
476 536 23
476 537 48
476 559 43
476 566 42
476 594 6
477 488 19
477 521 6
477 523 24
477 525 17
477 537 26
477 539 9
477 557 29
477 560 1
477 561 7
477 564 26
477 568 49
477 583 18
477 598 2
478 486 46
478 495 46
478 518 44
478 573 33
478 594 26
479 543 30
479 552 9
479 587 3
479 596 31
480 496 46
480 522 28
480 528 27
480 539 38
480 542 2
480 565 26
481 539 33
481 566 45
481 591 31
482 494 1
482 503 3
482 511 6
482 524 19
482 527 28
482 582 16
482 583 47
482 586 29
483 488 22
483 499 23
483 521 29
483 539 42
483 544 26
483 570 26
483 578 39
483 580 19
483 593 11
483 597 14
484 498 1
484 501 19
484 518 19
484 532 33
484 535 16
484 555 46
484 580 11
484 598 4
485 490 50
485 493 36
485 494 36
485 520 46
485 522 18
485 536 38
485 539 48
485 579 25
485 590 7
485 594 26
485 597 40
486 519 3
486 535 6
486 582 14
487 489 27
487 500 36
487 504 5
487 522 3
487 540 12
487 543 43
487 586 23
488 509 24
488 549 9
488 564 23
488 588 42
488 599 27
489 498 6
489 518 8
489 520 24
489 535 16
489 548 13
490 560 23
490 562 4
490 587 48
491 510 21
491 519 23
491 549 37
491 566 18
491 593 48
492 520 43
492 527 45
492 533 37
492 546 48
493 514 2
493 519 50
493 586 26
493 590 38
494 516 6
494 559 28
494 588 1
494 589 1
494 598 3
495 527 24
496 500 9
496 506 25
496 517 17
496 529 37
496 543 32
496 553 24
496 597 12
497 512 50
497 522 36
497 533 37
497 540 3
497 558 35
497 559 7
497 572 25
498 540 22
498 560 24
498 578 22
499 512 16
499 516 19
499 580 11
499 591 13
499 598 20
500 520 12
500 523 39
500 565 9
500 578 18
500 585 18
500 591 11
501 502 20
501 508 20
501 551 36
501 554 28
501 560 47
501 569 3
501 571 16
501 594 28
502 547 28
502 555 27
502 570 29
502 579 16
503 526 13
504 588 31
505 556 2
505 574 19
505 576 8
505 582 25
505 595 43
507 509 31
507 551 41
507 556 13
507 559 41
507 577 5
507 597 34
508 530 5
508 538 45
508 543 43
508 548 22
508 572 13
508 576 5
508 587 43
509 511 34
509 532 41
509 536 20
509 584 32
510 540 45
510 566 37
510 592 10
511 555 22
511 581 13
512 514 40
512 542 39
512 566 26
512 572 21
512 589 41
513 518 46
513 541 30
513 579 15
514 537 38
514 542 10
514 560 7
514 563 2
514 571 3
514 597 12
515 522 36
515 541 7
515 570 6
516 526 30
516 537 30
516 546 20
516 549 34
516 567 22
516 589 6
516 599 26
517 519 43
517 535 37
517 538 20
517 542 29
517 545 48
517 566 44
517 588 41
518 533 38
518 549 32
518 575 18
518 576 10
518 584 22
519 549 14
519 551 39
519 565 39
519 574 3
520 530 48
520 561 45
520 564 5
520 569 2
520 590 8
521 522 40
521 527 8
521 530 16
521 553 19
521 561 37
521 582 35
522 530 4
522 534 8
522 538 42
522 539 30
522 561 2
522 565 29
522 581 49
522 599 30
523 545 26
523 554 42
523 563 21
523 580 15
524 533 26
524 547 40
524 569 24
524 580 49
524 595 3
525 562 12
525 564 37
525 571 6
525 595 12
526 579 34
527 535 10
527 558 13
527 561 41
527 590 1
528 534 23
528 575 6
528 586 19
529 573 9
529 583 43
529 584 24
530 531 19
530 538 34
530 566 3
530 570 20
531 534 12
531 564 2
531 573 2
531 575 40
531 579 45
532 549 24
532 562 6
532 565 20
532 580 13
532 590 30
532 592 21
533 563 18
533 577 43
534 566 7
535 576 23
536 570 6
536 585 40
536 599 34
537 563 21
538 544 33
538 553 36
539 553 43
539 583 38
539 591 4
540 548 3
540 550 32
540 597 29
541 556 21
541 573 16
541 584 32
542 547 43
542 554 29
542 558 35
542 580 46
542 594 20
542 595 29
543 553 19
543 574 26
543 579 1
543 585 31
544 546 5
545 561 21
545 579 50
545 584 49
545 586 29
545 589 22
545 594 5
545 595 21
546 562 7
546 568 25
547 550 3
547 562 42
547 574 17
547 579 42
547 588 47
547 589 19
547 591 26
548 551 26
548 570 42
548 576 41
548 595 9
548 598 36
549 576 21
549 579 43
549 581 31
549 583 43
549 592 23
550 561 49
553 569 18
553 578 25
554 596 31
555 577 24
555 588 47
556 569 31
556 594 24
556 595 26
557 564 4
557 574 28
557 594 48
558 564 13
558 578 4
559 572 50
560 575 6
560 586 22
560 587 43
561 594 3
562 566 43
563 569 18
563 575 30
563 592 34
564 588 10
565 568 38
565 569 21
565 594 33
568 580 30
568 587 1
571 593 25
572 588 4
572 597 1
573 598 44
574 579 29
574 584 33
575 580 17
575 587 25
575 594 15
577 579 40
578 592 2
578 598 19
578 599 20
581 585 49
581 590 33
583 585 25
583 588 50
583 597 38
584 592 47
585 594 43
586 587 42
586 594 39
587 590 12
589 594 23
589 597 24
591 599 24
596 598 10
600 299 78
601 599 16
600 601 94
602 627 10
602 629 2
602 633 9
602 636 4
602 637 1
602 687 9
602 728 3
602 763 6
602 782 7
602 792 5
602 809 3
602 843 8
602 874 2
602 887 2
603 610 3
603 703 7
603 710 1
603 711 10
603 872 4
603 900 8
604 632 7
604 670 8
604 712 6
604 716 1
604 764 8
604 785 1
604 794 7
604 801 6
604 821 1
604 832 4
604 878 5
604 886 10
604 888 7
605 611 4
605 614 5
605 722 8
605 727 2
605 755 9
605 767 3
605 774 10
605 795 3
605 869 8
605 888 9
605 898 4
605 901 1
606 615 2
606 619 2
606 632 1
606 644 3
606 658 6
606 664 8
606 684 9
606 696 3
606 719 5
606 722 10
606 751 10
606 763 5
606 773 6
606 780 5
606 807 7
606 879 1
606 894 2
607 678 9
607 703 7
607 709 5
607 713 3
607 728 6
607 788 8
607 812 2
607 832 9
607 841 10
607 844 4
607 848 8
608 629 8
608 655 10
608 684 8
608 714 9
608 731 1
608 761 8
608 802 2
608 811 6
608 841 8
609 610 2
609 625 10
609 653 2
609 656 3
609 659 10
609 685 9
609 695 8
609 723 6
609 729 5
609 731 10
609 745 7
609 762 3
609 763 9
609 769 3
609 770 8
609 801 4
609 842 1
609 855 9
609 868 4
609 877 10
610 651 4
610 667 1
610 670 9
610 671 5
610 723 10
610 735 8
610 756 8
610 765 8
610 799 1
610 817 5
610 851 7
610 857 2
610 861 5
610 863 8
610 881 5
610 895 6
611 646 6
611 665 4
611 711 1
611 735 3
611 741 6
611 782 8
611 806 5
611 813 6
611 816 10
611 838 4
611 839 1
611 858 2
611 860 2
611 868 7
612 641 3
612 660 8
612 666 7
612 702 2
612 710 4
612 732 9
612 736 1
612 762 1
612 833 8
612 840 1
612 851 8
612 853 4
612 861 4
612 892 4
612 901 1
613 615 10
613 659 9
613 705 9
613 731 4
613 736 1
613 754 1
613 763 1
613 779 10
613 792 7
613 807 6
613 815 10
613 818 1
613 827 8
613 832 3
613 835 4
613 868 4
614 624 6
614 660 1
614 676 1
614 677 9
614 693 7
614 702 1
614 737 9
614 739 9
614 755 8
614 765 9
614 798 6
614 805 1
614 827 2
614 837 1
614 848 1
614 861 4
614 863 1
614 868 9
614 884 7
614 887 2
615 719 1
615 734 9
615 745 1
615 748 8
615 754 4
615 758 2
615 769 8
615 802 1
615 831 5
615 839 1
615 861 5
616 625 2
616 626 4
616 659 7
616 698 10
616 712 10
616 730 9
616 770 8
616 779 8
616 800 6
616 804 8
616 863 6
616 882 6
617 628 1
617 658 6
617 712 8
617 795 4
617 843 7
617 847 9
617 850 2
617 873 8
617 880 9
617 893 10
617 898 10
618 672 6
618 714 5
618 740 4
618 759 5
618 768 8
618 784 10
618 795 8
618 812 4
618 829 1
618 893 1
619 628 2
619 637 2
619 643 2
619 706 10
619 753 9
619 767 9
619 780 5
619 783 8
619 796 6
619 805 10
619 821 8
619 834 2
619 842 9
619 844 4
619 869 8
619 885 7
620 638 5
620 639 7
620 675 6
620 740 5
620 742 8
620 754 3
620 770 1
620 783 1
620 795 8
620 805 8
620 811 10
620 852 5
620 858 1
620 871 2
620 892 7
620 893 2
620 894 3
621 622 8
621 629 1
621 637 3
621 675 8
621 692 7
621 695 10
621 700 4
621 713 6
621 748 10
621 817 5
621 841 5
621 884 3
622 636 4
622 701 1
622 704 9
622 709 10
622 723 8
622 729 3
622 760 7
622 786 1
622 787 6
622 803 10
622 826 10
622 832 3
622 837 9
622 857 4
622 881 6
622 882 1
623 658 2
623 660 7
623 662 3
623 673 9
623 715 10
623 716 6
623 739 6
623 814 6
623 844 7
623 846 1
623 900 4
624 625 6
624 648 5
624 658 10
624 681 10
624 719 8
624 751 2
624 784 9
624 809 9
624 823 10
624 834 3
624 841 8
624 848 2
624 885 8
625 655 7
625 661 1
625 708 3
625 712 7
625 742 6
625 826 8
625 842 9
625 843 7
625 856 6
625 875 2
625 886 5
625 893 5
625 894 9
626 628 2
626 653 3
626 670 7
626 709 3
626 712 6
626 721 5
626 753 9
626 778 7
626 786 4
626 831 9
626 846 8
626 862 4
626 869 9
627 641 9
627 672 7
627 732 8
627 749 10
627 758 6
627 759 6
627 813 2
627 832 8
627 835 3
627 863 7
627 867 7
627 886 1
627 889 3
628 643 3
628 645 4
628 646 9
628 660 7
628 669 4
628 682 3
628 707 1
628 724 1
628 747 7
628 748 8
628 796 7
628 799 5
628 839 4
628 840 10
628 861 5
629 696 4
629 764 6
629 832 4
629 850 2
629 857 4
629 887 1
630 635 2
630 665 9
630 714 7
630 737 5
630 759 9
630 779 1
630 807 2
630 819 5
630 852 1
630 889 4
631 667 7
631 677 7
631 690 5
631 703 6
631 713 10
631 717 7
631 772 8
631 799 2
631 804 5
631 825 6
631 837 8
631 846 9
631 870 1
631 873 10
631 875 6
632 708 4
632 709 7
632 730 9
632 732 6
632 784 10
632 786 1
632 788 9
632 797 10
632 883 9
632 896 3
633 646 10
633 652 9
633 695 4
633 706 5
633 714 2
633 720 10
633 734 3
633 741 8
633 785 6
633 805 10
633 850 9
633 865 4
633 880 8
633 883 3
634 676 8
634 714 5
634 764 10
634 769 8
634 820 5
634 875 1
634 885 3
634 891 9
635 636 7
635 693 3
635 712 4
635 721 6
635 735 4
635 747 4
635 767 8
635 781 4
635 821 6
635 845 7
635 851 3
635 864 2
635 877 3
636 662 6
636 676 3
636 689 6
636 691 5
636 738 8
636 801 7
636 808 3
636 829 3
636 852 6
636 856 7
636 861 10
636 863 10
637 661 7
637 683 7
637 688 5
637 697 9
637 704 2
637 733 3
637 799 6
637 807 4
637 809 8
637 834 3
637 840 9
637 842 1
637 852 10
637 857 5
638 665 8
638 695 9
638 769 7
638 772 1
638 787 1
638 790 2
638 815 5
638 864 8
638 865 8
639 651 4
639 656 5
639 669 2
639 698 6
639 705 10
639 749 9
639 752 5
639 807 10
639 815 7
640 644 4
640 658 6
640 684 5
640 721 7
640 731 8
640 757 2
640 773 2
640 793 7
640 808 5
640 832 3
640 892 9
641 732 6
641 734 7
641 736 8
641 739 4
641 753 3
641 771 9
641 776 5
641 800 6
641 827 3
641 831 2
641 842 5
642 646 7
642 656 8
642 658 6
642 659 4
642 680 8
642 706 4
642 749 9
642 842 9
642 899 10
643 648 4
643 774 4
643 837 5
644 669 10
644 689 3
644 694 6
644 705 3
644 711 9
644 720 2
644 727 5
644 770 9
644 785 8
644 788 1
644 809 6
644 850 3
644 856 5
644 860 4
644 870 9
644 874 2
645 683 9
645 684 3
645 720 6
645 749 7
645 758 10
645 774 2
645 779 10
645 782 9
645 805 5
645 814 10
645 834 9
645 878 5
646 662 5
646 726 2
646 764 1
646 783 6
646 792 6
646 864 6
646 874 9
646 882 6
646 901 10
647 663 3
647 674 4
647 679 9
647 716 4
647 722 10
647 734 1
647 745 10
647 749 5
647 768 2
647 780 2
647 812 5
647 822 4
647 826 7
647 851 1
647 883 5
648 660 10
648 669 3
648 674 4
648 680 5
648 682 2
648 711 2
648 726 1
648 728 9
648 736 6
648 796 1
648 801 4
648 840 3
648 853 8
649 671 2
649 707 9
649 730 7
649 738 7
649 741 4
649 744 5
649 752 2
649 783 3
649 786 8
649 793 1
649 795 10
649 844 9
649 847 2
649 882 4
649 883 4
650 657 1
650 662 5
650 674 8
650 702 10
650 762 9
650 768 1
650 776 6
650 806 2
650 826 5
650 836 8
650 885 10
650 896 2
651 739 8
651 756 4
651 781 4
651 782 8
651 803 7
651 814 4
651 821 6
651 888 3
652 673 8
652 685 3
652 687 4
652 712 10
652 760 10
652 788 5
652 797 9
652 820 10
652 828 8
652 852 3
652 863 3
652 873 10
652 878 9
653 699 10
653 705 2
653 710 7
653 718 3
653 776 7
653 787 8
653 890 7
654 692 5
654 696 8
654 711 10
654 757 4
654 807 3
654 835 3
654 866 3
655 671 9
655 687 7
655 697 9
655 698 4
655 712 4
655 731 3
655 830 7
655 833 5
655 846 4
655 847 3
655 866 6
655 874 3
655 888 3
656 693 8
656 696 7
656 710 2
656 728 8
656 755 6
656 756 3
656 787 4
656 808 10
656 818 2
656 830 3
656 865 8
656 871 8
657 664 2
657 673 7
657 701 3
657 722 4
657 731 10
657 737 6
657 749 5
657 762 8
657 769 6
657 775 8
657 777 3
657 788 8
657 798 4
657 814 7
657 848 3
657 866 9
657 882 2
657 891 5
658 671 1
658 681 1
658 694 1
658 711 4
658 770 10
658 807 8
658 809 7
658 823 5
658 833 10
658 845 10
658 873 8
658 896 7
658 901 7
659 673 9
659 678 4
659 684 1
659 689 5
659 704 5
659 747 8
659 751 9
659 754 2
659 758 3
659 772 6
659 812 4
659 816 2
659 817 1
659 819 2
659 833 4
659 841 1
659 867 4
659 874 10
660 663 1
660 683 6
660 708 2
660 719 7
660 737 6
660 821 2
660 827 3
660 850 10
660 860 1
660 877 4
660 881 9
660 888 7
661 665 2
661 670 8
661 674 2
661 690 2
661 697 4
661 703 6
661 773 10
661 784 2
661 797 7
661 805 4
661 841 9
661 873 2
661 877 8
661 888 1
662 681 4
662 682 3
662 692 2
662 732 9
662 747 5
662 750 4
662 769 4
662 791 6
662 799 10
662 808 1
662 821 9
662 885 4
662 896 3
663 690 9
663 699 9
663 702 1
663 705 8
663 754 10
663 755 10
663 770 9
663 771 2
663 773 3
663 789 7
663 817 3
663 822 6
663 823 5
663 824 8
663 859 6
663 875 7
663 879 5
664 707 7
664 719 2
664 724 10
664 740 10
664 767 10
664 768 4
664 770 5
664 784 5
664 813 9
664 815 7
664 854 8
664 901 8
665 680 2
665 697 10
665 730 8
665 737 1
665 762 2
665 764 7
665 797 10
665 803 2
665 812 8
665 824 3
665 837 6
665 857 4
665 865 5
665 880 4
665 886 8
665 893 3
665 897 9
666 670 6
666 686 9
666 711 7
666 714 7
666 742 8
666 770 8
666 783 8
666 789 1
666 814 5
666 839 5
666 874 2
666 887 1
667 687 4
667 695 1
667 704 2
667 732 3
667 783 10
667 785 2
667 849 6
667 876 7
667 890 2
668 674 9
668 684 4
668 685 6
668 690 5
668 755 9
668 782 1
668 783 10
668 798 6
668 827 5
668 864 8
668 869 4
668 873 3
669 674 7
669 683 2
669 743 3
669 776 6
669 795 2
669 839 5
669 840 10
669 841 6
669 862 8
669 900 10
670 697 9
670 730 8
670 736 4
670 741 3
670 745 10
670 746 5
670 748 8
670 750 6
670 779 8
670 791 7
670 794 1
670 818 4
670 866 3
670 895 9
671 684 6
671 695 2
671 725 6
671 726 10
671 770 1
671 782 1
671 786 4
671 815 9
671 836 3
671 839 8
671 848 5
671 863 4
671 874 3
672 691 4
672 704 1
672 804 10
672 833 6
672 839 9
672 852 10
672 864 9
673 695 3
673 724 9
673 733 3
673 750 2
673 752 6
673 767 3
673 821 8
673 824 6
673 830 6
673 863 2
673 870 6
673 890 1
673 892 3
674 687 3
674 716 2
674 737 6
674 755 4
674 780 5
674 797 4
674 825 6
674 842 3
674 868 8
674 881 9
675 676 7
675 744 4
675 748 9
675 758 6
675 833 9
675 862 9
675 863 7
676 678 7
676 690 3
676 697 7
676 721 1
676 798 4
676 800 2
676 818 3
676 827 4
676 833 9
676 842 10
676 845 5
676 862 4
676 868 10
676 884 10
676 886 7
677 681 3
677 703 7
677 708 10
677 740 8
677 757 10
677 766 7
677 767 2
677 780 10
677 787 7
677 850 8
677 852 3
677 855 7
677 886 5
678 686 1
678 687 5
678 705 4
678 715 9
678 730 9
678 740 10
678 744 9
678 764 2
678 812 2
678 833 4
678 850 7
678 878 10
678 879 3
678 894 2
678 901 6
679 695 3
679 712 3
679 713 2
679 725 5
679 758 1
679 796 3
679 800 4
679 805 10
679 810 9
679 815 7
679 829 1
679 851 5
679 863 4
679 878 3
679 891 1
679 892 1
679 895 5
680 681 7
680 729 4
680 776 5
680 832 5
680 840 3
680 867 4
680 896 8
681 686 6
681 707 7
681 712 5
681 718 6
681 721 1
681 744 8
681 757 1
681 773 5
681 812 2
681 843 4
681 850 2
681 858 2
681 897 6
682 719 5
682 725 3
682 781 6
682 795 2
682 807 4
682 826 2
682 838 7
682 879 8
682 896 2
683 710 9
683 812 3
683 815 10
683 879 4
684 734 7
684 746 6
684 752 7
684 755 2
684 785 5
684 787 4
684 839 10
684 878 9
685 732 9
685 767 1
685 806 8
685 828 1
685 838 5
685 850 9
685 861 4
685 898 6
686 742 2
686 770 1
686 785 3
686 822 5
686 825 6
686 826 6
686 865 8
687 688 7
687 702 4
687 712 5
687 724 10
687 758 3
687 765 9
687 788 1
687 799 6
687 807 8
687 823 8
687 875 4
687 889 9
688 690 3
688 699 10
688 707 1
688 737 3
688 760 8
688 774 3
688 813 1
688 820 1
688 822 7
688 885 1
689 692 6
689 708 5
689 709 3
689 713 7
689 757 7
689 763 7
689 768 4
689 778 4
689 816 6
689 822 3
689 823 7
689 828 2
689 871 2
689 875 1
689 891 1
689 893 5
690 691 9
690 719 10
690 736 2
690 744 4
690 766 10
690 783 4
690 785 3
690 803 10
690 849 7
690 865 3
690 869 2
690 871 9
690 877 3
690 879 1
691 778 9
691 780 8
691 784 7
691 799 1
691 818 6
691 828 3
691 886 9
692 716 10
692 717 8
692 723 4
692 726 2
692 764 4
692 766 6
692 786 5
692 838 5
692 866 8
693 715 1
693 723 5
693 736 7
693 740 3
693 755 8
693 758 8
693 759 8
693 762 1
693 768 10
694 695 6
694 738 3
694 779 1
694 799 4
694 818 7
694 843 3
694 858 3
694 888 4
694 891 9
695 711 5
695 712 10
695 717 3
695 726 4
695 753 1
695 757 10
695 786 7
695 804 2
695 824 6
695 851 4
695 853 8
695 861 2
695 864 3
696 718 9
696 725 6
696 726 1
696 748 1
696 752 5
696 773 9
696 822 10
696 857 7
696 888 8
696 895 6
696 896 1
697 702 10
697 775 1
697 787 7
697 789 5
697 825 3
697 862 3
697 868 3
697 872 8
697 884 2
698 709 8
698 734 3
698 804 2
698 820 9
698 822 9
698 827 5
698 840 6
698 864 5
698 885 2
698 889 7
698 896 7
698 901 2
699 716 4
699 722 8
699 736 4
699 747 1
699 771 8
699 798 4
699 803 7
699 818 5
699 847 1
699 881 8
699 898 6
700 716 1
700 742 4
700 753 10
700 785 6
700 793 6
700 794 5
700 796 5
700 808 9
700 813 2
700 826 7
700 836 2
700 883 2
700 887 7
700 893 8
700 896 8
701 705 1
701 707 2
701 786 6
701 796 10
701 803 3
701 806 2
701 830 9
701 837 7
701 849 2
701 863 6
701 877 2
702 713 8
702 727 2
702 729 2
702 762 7
702 770 7
702 781 4
702 798 1
702 812 7
702 813 1
702 848 8
702 859 1
702 866 5
702 890 9
703 712 4
703 721 3
703 778 10
703 796 7
703 822 10
703 844 8
703 872 4
703 877 2
703 878 9
704 751 2
704 818 1
704 823 3
704 848 3
704 863 9
704 900 1
705 711 4
705 720 4
705 783 2
705 789 3
705 800 5
705 814 5
705 818 10
705 822 4
705 866 1
705 881 2
706 776 2
706 782 1
706 798 1
706 806 2
706 842 8
706 857 9
706 860 7
706 870 10
706 872 9
706 873 3
706 877 9
707 723 8
707 724 9
707 728 3
707 742 8
707 747 10
707 779 3
707 810 10
707 814 2
708 732 4
708 754 3
708 757 7
708 760 9
708 772 6
708 774 1
708 778 6
708 784 3
708 790 10
708 806 9
708 823 3
708 836 3
708 844 10
708 897 5
709 744 4
709 768 3
709 774 2
709 817 2
709 832 9
709 847 2
709 885 2
709 887 3
710 769 2
710 773 9
710 791 1
710 801 4
710 862 6
711 715 2
711 758 9
711 795 8
711 811 3
711 825 2
711 842 10
711 884 1
712 726 10
712 800 7
712 801 2
712 833 5
712 848 9
712 854 3
712 863 5
713 725 3
713 839 6
713 858 4
713 864 8
713 869 1
713 872 6
713 876 9
713 896 2
714 780 6
714 824 2
714 838 6
715 730 1
715 749 6
715 757 4
715 815 3
715 845 9
715 894 2
716 736 5
716 788 7
716 805 9
716 876 9
716 881 10
716 884 10
717 727 2
717 729 2
717 735 8
717 753 3
717 780 6
717 793 7
717 826 5
717 839 1
717 853 9
717 893 2
718 729 6
718 790 8
718 820 4
718 840 4
718 851 9
718 872 8
718 879 1
718 891 10
718 892 3
719 722 1
719 747 5
719 772 6
719 785 6
719 794 6
719 798 9
719 802 2
719 839 4
719 840 9
719 842 10
719 867 6
720 733 10
720 784 1
720 787 7
720 829 8
720 849 5
720 888 2
721 724 4
721 767 2
721 773 4
721 783 4
721 823 5
721 840 2
721 856 2
722 724 9
722 753 5
722 758 10
722 761 6
722 768 7
722 778 1
722 793 10
722 802 10
722 824 8
722 826 5
723 730 5
723 734 5
723 774 4
723 783 6
723 785 8
723 814 4
723 833 7
723 874 3
724 753 4
724 796 10
724 824 1
724 837 1
724 839 6
724 885 3
725 739 6
725 742 7
725 748 8
725 763 9
725 779 2
725 800 9
725 821 2
725 825 2
725 829 5
725 880 3
726 727 9
726 733 2
726 734 4
726 736 8
726 745 1
726 766 3
726 827 4
726 838 7
726 846 7
726 855 9
726 856 4
726 868 6
726 889 3
726 900 10
727 754 1
727 755 6
727 790 1
727 791 1
727 863 6
728 730 7
728 733 5
728 746 1
728 772 3
728 781 3
728 784 1
728 799 6
728 820 3
728 839 3
728 871 9
728 899 10
729 736 5
729 737 7
729 764 3
729 775 10
729 779 4
729 788 5
729 834 2
729 872 8
729 882 1
730 742 8
730 756 8
730 791 4
730 804 4
730 807 10
730 816 5
730 831 4
730 832 5
730 836 6
730 849 4
730 877 10
730 883 4
730 885 9
730 888 2
730 893 8
730 895 3
731 743 3
731 783 6
731 821 7
731 822 5
731 851 4
731 859 6
731 865 1
731 890 1
732 738 10
732 750 1
732 759 6
732 789 4
732 792 2
732 813 5
732 817 4
732 857 2
732 865 3
732 878 9
732 882 7
733 742 2
733 747 6
733 763 2
733 819 7
733 839 3
733 870 5
733 883 8
733 886 6
734 748 5
734 749 10
734 798 5
734 872 9
735 772 2
735 801 10
735 804 8
735 825 8
735 826 4
735 832 3
735 834 8
735 894 6
736 785 5
736 873 8
736 874 1
736 878 8
736 892 2
737 738 8
737 747 4
737 748 3
737 773 10
737 826 4
737 828 9
737 841 3
737 885 9
737 886 10
738 739 1
738 749 1
738 753 6
738 760 9
738 771 8
738 797 3
738 837 10
738 844 3
738 845 3
738 878 1
738 900 2
739 758 10
739 760 10
739 769 5
739 786 5
739 793 7
739 833 10
740 768 9
740 815 7
740 819 3
740 821 8
740 834 8
740 835 10
740 853 1
740 885 2
740 891 1
741 760 5
741 762 2
741 784 3
741 796 3
741 883 3
741 887 4
741 894 6
741 897 8
742 762 4
742 793 5
742 879 2
742 884 3
742 901 7
743 746 7
743 748 5
743 763 1
743 824 6
743 833 4
743 864 7
743 890 2
744 785 2
744 788 9
744 815 2
744 832 8
744 856 1
744 885 10
744 891 7
744 898 2
745 764 10
745 776 8
745 821 4
745 822 6
745 827 9
745 834 8
745 848 9
745 878 1
745 880 1
745 882 6
745 884 1
745 890 6
746 747 10
746 805 4
746 809 8
746 832 9
746 856 10
746 874 4
746 880 1
746 882 8
746 889 7
746 900 7
747 768 9
747 781 1
747 796 5
747 805 1
747 854 8
747 866 7
747 888 2
748 758 5
748 778 10
748 799 1
748 803 4
748 824 3
748 837 7
748 884 5
749 756 1
749 764 7
749 776 5
749 796 3
749 816 4
749 818 7
749 850 1
749 894 5
750 775 3
750 787 10
750 853 3
750 872 4
750 900 4
751 770 3
751 775 1
751 776 2
751 778 2
751 816 2
751 861 2
751 867 6
751 895 4
752 757 2
752 771 5
752 772 5
752 810 6
752 839 4
752 877 5
752 878 1
752 881 9
752 882 3
752 899 5
752 900 9
753 756 1
753 778 2
753 779 3
753 813 4
753 834 8
753 841 3
753 844 9
753 854 2
754 767 3
754 783 3
754 803 6
754 806 8
754 807 8
754 812 6
754 820 9
754 873 9
754 886 9
754 901 3
755 777 6
755 783 2
755 797 4
755 816 10
755 827 6
755 832 9
756 765 6
756 804 3
756 814 9
756 815 4
756 839 7
756 850 4
756 857 4
756 859 8
756 866 7
756 875 8
757 764 3
757 770 4
757 794 1
757 808 1
757 815 8
757 826 5
757 850 4
757 860 3
757 861 2
757 868 1
757 884 10
758 762 2
758 778 1
758 781 9
758 802 4
758 805 6
758 806 2
758 815 7
758 827 8
758 832 10
758 834 7
758 856 3
759 860 4
760 791 8
760 838 8
760 842 10
760 847 3
760 867 1
760 879 9
760 881 9
760 897 8
761 776 2
761 797 4
761 798 10
761 816 2
761 832 1
761 846 6
761 851 7
761 876 5
761 896 9
762 764 9
762 771 5
762 776 1
762 834 9
762 890 5
763 822 6
763 831 7
763 876 6
763 877 5
763 881 4
763 896 5
764 769 1
764 772 6
764 779 8
764 807 10
764 873 3
764 885 10
765 792 2
765 812 5
765 838 8
765 849 2
765 873 4
766 803 9
766 862 6
766 872 6
766 901 3
767 772 8
767 792 1
767 800 9
767 801 3
767 831 10
767 861 10
767 879 9
767 885 2
767 900 10
768 806 3
768 808 7
768 828 6
768 835 8
768 855 1
768 868 9
769 800 5
769 840 4
769 878 6
770 811 2
770 832 3
770 854 10
770 870 1
771 787 5
771 788 6
771 791 1
771 799 8
771 804 10
771 807 1
771 827 3
771 829 5
771 856 3
771 874 3
771 881 5
771 893 4
771 901 7
772 786 6
772 811 5
772 815 5
772 842 7
772 864 4
772 874 7
772 899 4
773 779 10
773 788 6
773 812 6
773 823 10
773 825 10
773 847 9
773 881 6
774 797 4
774 805 2
774 828 7
774 829 6
774 831 8
774 886 3
774 888 6
774 900 5
775 783 2
775 786 7
775 795 10
775 801 8
775 805 1
775 810 2
775 820 4
775 823 6
775 829 8
775 838 10
775 895 10
775 897 2
775 898 6
776 787 4
776 796 10
776 827 1
776 841 3
776 842 5
776 869 7
776 877 2
776 879 7
776 888 5
777 781 9
777 816 10
777 843 6
777 873 6
778 782 7
778 783 5
778 789 8
778 791 5
778 849 10
778 886 1
778 889 1
778 892 9
779 819 8
779 842 3
779 846 10
780 786 1
780 810 9
780 812 9
780 842 2
780 862 10
780 881 2
780 891 8
781 834 3
781 837 1
781 839 10
781 857 7
781 880 7
781 881 6
781 882 1
781 890 5
781 895 3
782 803 9
782 809 4
782 818 10
782 828 6
782 841 3
782 845 5
782 847 5
782 849 7
782 854 4
782 858 5
782 875 9
783 784 2
783 798 4
783 808 1
783 826 3
783 836 7
783 863 1
783 891 1
783 897 8
784 791 1
784 820 2
784 827 7
784 836 5
784 858 4
784 870 9
784 884 2
785 799 2
785 800 6
785 863 2
785 876 7
786 788 8
786 800 2
786 866 2
787 804 10
787 812 8
787 874 4
787 877 4
787 897 2
788 795 10
788 802 9
788 818 9
788 840 8
788 847 2
788 854 4
788 855 1
788 864 6
788 874 10
789 791 3
789 796 6
789 799 10
789 806 5
789 879 9
789 893 8
790 814 10
790 851 4
790 860 6
790 896 1
791 867 5
791 898 2
792 825 4
792 835 1
792 849 1
793 794 5
793 803 3
793 815 10
793 849 4
793 865 6
793 868 5
793 870 8
793 874 8
793 875 3
793 892 8
793 899 7
794 812 6
794 865 1
794 879 7
795 796 1
795 814 3
795 821 2
795 828 8
795 867 2
795 884 6
795 897 8
796 813 1
796 836 5
797 810 1
797 833 7
797 864 7
797 870 6
797 883 10
797 895 10
798 815 8
798 823 10
798 866 7
798 890 10
799 809 2
799 816 2
799 886 8
799 888 6
799 893 9
799 898 5
800 821 1
800 858 6
800 860 1
800 862 8
800 873 9
801 805 10
801 818 1
801 823 1
801 853 1
801 858 8
801 872 4
801 884 6
802 807 8
802 851 4
802 868 3
802 879 8
802 882 2
802 887 9
802 889 5
802 898 3
803 817 1
803 833 5
803 840 5
803 862 9
804 875 4
804 890 6
804 896 10
804 899 3
805 812 3
805 836 1
805 857 7
805 859 5
805 862 6
805 869 10
805 889 3
805 899 4
806 878 1
806 899 3
807 829 6
807 841 1
807 883 2
808 813 9
808 833 8
808 851 9
808 858 5
808 881 2
809 811 9
809 819 8
809 821 3
809 882 5
810 832 1
810 838 3
810 845 9
810 857 5
810 860 3
810 867 5
810 871 2
811 844 2
811 877 7
811 887 4
811 896 2
811 900 6
811 901 1
812 826 10
812 835 5
812 843 5
812 879 5
812 881 7
812 887 9
812 897 1
813 851 7
813 866 10
813 878 1
814 822 6
814 825 1
814 864 5
814 867 10
814 872 1
815 836 3
815 843 2
815 862 5
815 866 5
815 868 6
815 881 4
815 882 9
816 818 8
816 841 8
816 843 10
816 860 9
816 897 6
817 828 5
817 861 3
817 885 1
818 825 5
818 835 4
818 836 5
818 870 9
818 875 8
818 880 1
818 888 7
818 895 10
818 897 9
819 834 9
819 856 1
819 875 7
819 884 9
820 826 5
820 860 6
820 878 9
820 880 9
821 839 9
821 841 5
821 842 3
821 851 4
821 870 8
821 897 1
822 823 1
822 838 7
822 847 2
822 882 1
822 888 3
822 891 7
823 845 3
823 846 3
823 849 3
823 850 8
823 884 10
824 830 2
824 842 6
824 844 2
824 847 10
824 870 5
825 845 3
825 861 8
825 867 5
825 879 1
826 847 8
826 860 2
826 870 8
826 877 8
826 901 2
827 836 6
827 842 3
827 850 5
827 856 9
827 876 2
827 878 7
827 896 9
827 897 9
828 838 9
828 852 1
828 868 3
829 842 7
829 871 4
829 873 7
829 878 9
829 886 1
830 851 8
830 853 2
830 855 8
830 879 10
830 889 2
830 892 3
830 894 4
831 833 9
831 859 9
831 876 6
832 844 9
832 848 2
833 882 3
834 878 6
834 880 4
835 860 8
835 867 8
835 883 8
835 894 8
836 879 2
836 892 6
836 897 8
837 843 10
837 869 6
837 895 8
837 901 4
838 846 2
838 896 1
839 870 2
840 860 3
840 871 4
840 894 10
840 897 6
841 864 3
841 897 1
842 865 7
843 848 7
843 856 4
843 882 8
844 848 6
844 850 9
844 857 6
844 865 9
844 867 3
844 870 3
844 883 2
844 885 10
844 893 1
845 854 1
845 899 9
846 862 2
846 872 7
846 873 6
846 884 3
846 885 2
846 887 3
846 893 8
846 901 6
847 863 6
847 870 9
847 873 8
847 879 9
848 852 8
848 860 5
848 883 3
848 888 8
849 854 2
849 862 10
849 869 3
849 886 1
849 892 7
850 862 3
850 878 8
850 887 5
850 894 5
851 855 10
851 880 9
851 882 6
851 887 2
851 893 9
852 863 4
852 878 5
852 882 5
852 890 9
852 896 9
853 865 9
853 881 2
854 876 6
854 898 4
854 901 7
855 883 7
855 888 3
856 858 7
856 868 4
856 874 7
857 858 1
857 868 4
857 879 10
857 890 10
858 873 8
859 896 10
860 866 8
861 862 1
861 871 7
862 868 3
862 869 7
862 871 9
863 870 3
863 876 3
863 899 10
864 870 1
864 877 6
864 891 5
866 889 8
867 878 7
867 886 5
867 901 6
868 879 10
868 899 3
869 898 9
870 888 8
871 882 9
873 877 3
873 883 6
873 891 4
874 891 9
874 896 6
874 897 9
875 878 9
875 884 8
875 893 7
875 896 10
876 884 5
878 883 9
878 891 7
878 897 9
879 880 5
879 894 7
880 891 1
883 895 7
885 897 6
886 899 4
888 895 5
889 894 2
889 895 1
894 898 3
895 899 7
896 899 6
897 898 2
900 901 1
902 601 93
903 901 10
902 903 22
