904 6735
86 82 29 48 68 82 22 19 100 98 86 57 43 34 40 49 11 78 20 81 9 56 39 87 92 3 91 61 12 85 37 97 18 65 44 86 99 18 4 98 67 89 54 9 74 94 10 85 23 29 17 83 84 55 21 27 9 12 88 20 96 24 68 14 88 64 51 86 33 6 36 99 95 41 60 20 34 69 4 8 97 73 43 33 27 63 59 88 74 98 59 70 21 27 35 61 42 37 98 26 42 33 24 88 74 35 8 59 3 63 19 52 35 61 84 14 23 42 1 97 92 59 18 12 37 4 24 30 92 74 55 33 6 31 21 31 65 80 42 20 42 12 71 29 72 54 42 46 47 42 94 38 52 63 2 41 18 25 70 9 98 77 94 56 7 66 38 23 45 79 42 38 90 12 66 13 17 7 11 64 100 4 1 4 19 2 44 36 79 65 97 28 41 90 35 99 7 73 74 51 3 67 40 45 79 6 57 47 64 67 10 64 23 63 19 41 16 62 28 94 78 24 74 71 65 8 69 71 32 94 21 35 61 61 79 91 18 87 37 81 6 47 96 28 9 14 68 24 27 95 70 5 71 95 75 35 2 95 6 86 89 78 20 1 90 50 91 7 36 27 88 41 25 83 20 85 49 87 61 75 34 30 79 56 24 5 90 77 100 95 62 40 25 33 40 14 82 30 21 70 72 40 94 34 59 82 91 22 51 30 74 27 75 28 41 45 72 23 59 85 72 79 97 3 33 14 96 70 77 69 5 48 60 50 82 70 84 24 91 34 54 16 61 28 95 53 24 66 76 82 2 99 13 51 53 45 64 49 15 92 69 71 40 80 21 73 49 56 48 91 89 1 6 1 81 53 54 4 18 29 38 72 79 50 74 32 94 37 32 60 28 100 83 19 79 55 43 79 10 91 69 98 43 26 51 23 78 4 79 48 84 16 19 62 65 92 93 10 80 24 22 59 75 56 30 5 10 24 83 71 14 51 20 9 29 70 31 6 73 61 53 56 76 23 18 92 66 62 54 97 86 75 8 12 82 37 17 91 60 99 61 26 2 80 34 30 50 16 87 74 77 40 30 4 14 99 96 32 12 1 28 97 27 87 61 8 23 77 98 83 27 10 8 28 41 93 9 90 8 96 16 84 87 97 88 52 95 35 83 6 87 63 55 13 49 15 20 24 43 69 6 69 30 65 49 70 57 9 12 16 4 27 100 42 23 39 94 69 25 76 74 11 90 80 75 39 46 46 62 40 14 19 9 43 35 9 64 43 17 75 58 73 1 9 14 75 99 7 43 75 35 69 85 24 100 11 14 46 56 27 37 69 97 45 63 31 5 27 25 74 53 83 46 6 43 59 80 42 18 23 84 87 11 99 8 92 99 74 11 45 83 26 50 60 75 24 50 38 51 6 93 43 94 71 66 74 78 53 82 3 22 55 97 84 53 4 75 4 29 37 48 11 15 50 22 89 25 23 78 28 28 70 22 74 93 88 47 70 92 80 72 13 34 21 48 39 24 75 42 53 11 41 15 77 42 37 66 67 59 95 94 39 65 67 12 9 54 10 78 46 90 1 10 75 21 58 13 45 84 54 49 94 47 63 71 88 51 88 54 62 82 99 100 98 66 63 6 71 24 35 68 13 36 30 88 8 39 100 4 22 6 52 15 52 67 37 91 17 24 45 78 58 95 29 55 12 91 13 35 15 47 2 79 82 31 18 42 69 70 45 90 75 97 57 78 63 93 68 31 69 64 9 26 11 89 32 22 80 44 8 46 91 10 76 24 92 94 65 61 15 10 2 89 58 58 18 72 3 85 2 71 49 62 48 11 51 79 84 82 23 92 27 13 1 54 88 44 99 53 4 13 14 58 53 71 67 70 94 69 7 95 91 7 57 38 17 7 69 100 88 91 43 66 55 43 71 94 87 70 46 42 34 11 51 39 81 18 8 74 38 66 21 29 72 77 18 40 35 86 40 74 28 82 91 34 77 61 28 15 82 25 8 68 36 59 6 68 76 65 94 13 31 14 93 2 42 63 42 76 100 33 1 36 87
0 16 8
0 33 60
0 45 10
0 54 33
0 59 42
0 80 30
0 93 17
0 126 42
0 151 68
0 200 29
0 209 17
0 222 53
0 224 58
0 244 95
0 251 8
0 269 33
0 280 52
1 13 50
1 26 62
1 42 51
1 44 96
1 47 75
1 55 42
1 72 20
1 78 8
1 90 81
1 108 34
1 165 41
1 170 62
1 192 54
1 260 10
1 264 21
1 265 13
1 296 72
2 18 5
2 25 6
2 31 53
2 65 74
2 83 48
2 86 72
2 98 2
2 119 16
2 141 77
2 245 12
2 248 62
2 267 36
2 283 96
2 298 13
3 12 85
3 28 57
3 50 15
3 55 81
3 82 84
3 108 56
3 149 52
3 174 43
3 178 88
3 187 85
3 242 83
4 7 1
4 8 90
4 11 45
4 27 22
4 42 54
4 46 68
4 85 26
4 121 12
4 122 72
4 149 99
4 153 11
4 155 95
4 208 1
4 209 26
4 212 71
4 218 64
4 263 87
4 285 59
4 287 59
4 294 52
5 15 43
5 66 16
5 77 66
5 124 75
5 128 51
5 148 22
5 189 79
5 215 93
5 243 61
5 268 63
5 284 27
5 296 62
6 25 53
6 27 23
6 31 83
6 71 58
6 89 42
6 95 60
6 135 69
6 137 13
6 157 59
6 159 79
6 187 60
6 215 11
6 249 4
6 266 82
6 269 74
6 288 43
7 26 40
7 35 32
7 37 94
7 43 35
7 48 99
7 56 11
7 59 61
7 65 1
7 69 84
7 76 39
7 82 93
7 100 45
7 174 2
7 186 72
7 213 6
7 214 6
7 219 94
7 227 40
7 283 15
7 287 36
8 30 99
8 70 84
8 94 100
8 116 9
8 140 14
8 150 59
8 162 71
8 189 70
8 197 41
8 236 96
8 279 12
9 138 32
9 170 28
9 210 57
9 226 66
9 257 78
9 265 67
10 17 27
10 40 31
10 60 51
10 120 65
10 143 23
10 155 95
10 173 18
10 177 46
10 180 52
10 204 75
10 206 40
10 232 91
10 247 90
10 279 27
10 283 41
11 24 73
11 26 26
11 31 50
11 63 86
11 77 37
11 105 20
11 145 55
11 186 29
11 212 16
11 214 18
11 245 60
12 15 95
12 24 26
12 38 26
12 63 24
12 67 93
12 81 4
12 99 54
12 118 95
12 149 68
12 151 29
12 185 41
12 186 38
12 250 74
12 279 92
12 298 12
13 20 65
13 45 34
13 84 1
13 90 91
13 102 74
13 130 25
13 162 69
13 226 23
13 249 63
13 254 5
13 279 95
14 23 69
14 46 33
14 76 10
14 108 87
14 112 92
14 200 56
14 209 12
14 227 69
14 245 31
15 16 56
15 49 72
15 83 85
15 142 50
15 160 92
15 180 65
15 212 90
15 234 29
15 243 90
15 268 33
16 53 40
16 72 55
16 85 66
16 187 93
16 205 97
16 230 40
16 252 69
16 255 17
16 260 62
16 275 31
16 291 21
17 23 56
17 25 100
17 28 5
17 35 17
17 39 38
17 82 49
17 86 24
17 88 1
17 103 69
17 109 55
17 144 57
17 158 41
17 159 91
17 160 58
17 171 32
17 185 55
17 236 48
17 276 60
17 295 44
18 40 80
18 56 51
18 89 50
18 111 46
18 129 95
18 163 99
18 191 37
18 203 64
18 242 15
18 272 98
19 42 94
19 44 88
19 95 6
19 102 45
19 127 44
19 163 74
19 168 82
19 181 92
19 221 50
19 228 35
19 255 61
19 271 4
20 37 91
20 43 53
20 63 94
20 64 48
20 85 84
20 98 100
20 110 47
20 126 95
20 136 95
20 138 79
20 148 97
20 153 45
20 161 76
20 213 92
20 214 95
20 287 12
20 288 7
21 34 9
21 40 61
21 49 100
21 63 96
21 132 18
21 149 97
21 153 40
21 189 44
21 218 30
21 234 83
21 249 93
21 256 64
21 291 95
22 28 96
22 30 54
22 38 47
22 44 41
22 46 54
22 68 82
22 70 40
22 110 100
22 118 76
22 127 86
22 135 30
22 171 25
22 186 30
22 202 5
22 231 16
22 241 24
22 262 68
22 287 74
22 291 85
23 45 29
23 60 25
23 119 32
23 121 46
23 129 21
23 171 71
23 264 41
23 280 51
23 284 6
23 294 33
24 35 66
24 45 100
24 61 80
24 84 72
24 93 47
24 110 72
24 118 25
24 119 28
24 120 63
24 172 76
24 187 56
24 195 49
24 204 6
24 206 80
24 216 78
24 223 62
25 60 47
25 68 54
25 77 30
25 130 20
25 140 90
25 157 58
25 163 44
25 167 21
25 178 55
25 188 17
25 191 44
25 202 96
25 249 19
25 252 49
25 254 80
25 280 84
25 288 100
26 29 60
26 41 55
26 54 46
26 78 31
26 79 31
26 81 26
26 107 94
26 124 7
26 143 33
26 153 94
26 200 64
26 217 12
26 233 23
26 266 25
26 272 10
26 273 28
27 62 6
27 67 81
27 83 17
27 89 15
27 93 76
27 100 90
27 112 70
27 144 92
27 158 33
27 181 17
27 190 10
27 221 33
27 226 48
27 232 46
27 294 32
28 43 7
28 49 100
28 62 30
28 66 90
28 68 31
28 124 7
28 187 35
28 194 89
28 234 39
28 246 28
28 259 52
28 260 2
28 272 2
28 297 28
29 70 11
29 84 30
29 109 34
29 130 91
29 141 46
29 144 48
29 162 18
29 164 35
29 200 69
29 206 10
29 220 19
29 253 37
30 44 71
30 62 51
30 66 85
30 76 16
30 78 83
30 96 43
30 122 68
30 139 64
30 163 32
30 167 50
30 178 70
30 218 18
30 269 38
30 273 8
30 285 97
31 85 41
31 93 9
31 167 99
31 216 68
31 218 71
31 244 28
31 248 53
31 267 13
31 272 25
31 279 53
31 287 30
31 296 12
31 299 21
32 56 91
32 92 30
32 122 58
32 163 62
32 174 81
32 227 42
32 265 29
32 276 15
32 293 84
32 297 48
33 70 30
33 107 68
33 126 97
33 145 99
33 176 37
33 226 86
33 240 6
33 247 86
33 261 26
33 294 66
33 298 36
34 51 46
34 55 36
34 65 15
34 82 50
34 87 100
34 92 39
34 116 2
34 121 29
34 159 50
34 193 23
34 216 20
34 235 80
34 248 32
34 254 33
34 284 12
35 80 25
35 83 61
35 84 78
35 89 60
35 95 61
35 101 7
35 132 79
35 134 57
35 138 5
35 144 68
35 155 43
35 182 62
35 198 5
35 223 20
35 232 79
35 290 40
36 40 65
36 62 14
36 82 54
36 89 67
36 90 65
36 123 44
36 131 68
36 156 93
36 159 46
36 177 42
36 180 12
36 191 77
36 202 73
36 234 96
36 241 40
36 246 49
36 255 9
36 278 17
37 45 61
37 55 69
37 61 23
37 66 39
37 110 77
37 119 79
37 173 58
37 243 19
37 265 92
37 287 62
38 118 91
38 155 70
38 192 1
38 271 7
38 282 35
39 91 6
39 101 73
39 115 99
39 122 2
39 137 41
39 147 91
39 174 47
39 176 82
39 207 55
39 261 75
39 280 7
39 290 50
40 56 14
40 66 7
40 73 10
40 119 30
40 134 67
40 203 78
40 224 4
40 237 58
40 240 55
40 252 82
40 279 15
41 52 25
41 64 73
41 76 77
41 81 15
41 86 94
41 88 77
41 114 74
41 131 28
41 158 35
41 168 46
41 175 26
41 196 36
41 233 38
41 243 68
41 288 34
42 72 72
42 87 22
42 117 8
42 144 30
42 155 24
42 200 21
42 226 36
42 227 33
42 255 2
42 271 3
42 273 63
42 280 5
42 284 12
43 57 69
43 69 38
43 88 26
43 100 93
43 140 10
43 148 2
43 154 60
43 156 3
43 166 31
43 168 85
43 184 82
43 186 65
43 191 30
43 225 7
43 231 52
43 235 20
43 262 26
43 265 85
43 285 91
44 80 48
44 83 92
44 96 20
44 122 23
44 132 64
44 140 7
44 164 7
44 179 65
44 187 61
44 224 21
44 225 69
44 244 72
44 275 89
44 276 6
45 46 98
45 106 34
45 144 67
45 162 51
45 168 93
45 180 21
45 239 81
45 282 77
45 288 2
46 58 97
46 60 58
46 67 60
46 92 48
46 105 29
46 125 85
46 176 84
46 193 19
46 202 84
46 209 75
46 218 90
46 220 58
46 225 90
46 233 97
46 235 65
46 241 54
46 255 57
46 257 37
46 261 22
46 262 81
46 265 26
46 267 79
46 275 78
46 277 59
47 53 45
47 61 28
47 69 3
47 74 17
47 102 61
47 107 31
47 113 18
47 155 9
47 172 40
47 212 29
47 214 57
47 225 69
47 278 14
48 64 92
48 87 87
48 114 49
48 122 19
48 161 29
48 200 7
48 201 8
48 206 25
48 214 23
48 241 62
48 268 33
49 54 59
49 78 35
49 83 13
49 97 36
49 104 14
49 115 42
49 143 94
49 186 10
49 187 22
49 193 48
49 194 27
49 205 82
49 276 30
49 277 44
49 285 90
49 293 70
50 58 25
50 63 98
50 90 38
50 102 38
50 115 42
50 135 76
50 217 86
50 251 60
50 280 4
50 286 44
50 290 67
51 61 80
51 76 66
51 87 28
51 105 13
51 131 77
51 140 15
51 150 77
51 204 12
51 278 28
51 299 19
52 75 58
52 82 37
52 178 40
52 214 57
52 221 63
52 228 73
52 231 87
52 233 59
52 234 14
52 281 56
53 56 83
53 74 64
53 103 45
53 125 72
53 133 5
53 180 20
53 195 9
53 196 64
53 231 76
53 257 53
53 271 30
54 55 55
54 68 70
54 106 10
54 120 19
54 126 46
54 149 24
54 170 96
54 195 10
54 200 3
54 206 66
54 223 19
54 238 91
54 255 5
54 266 75
54 278 54
54 297 29
54 299 61
55 86 64
55 87 42
55 98 68
55 110 98
55 117 57
55 138 12
55 142 21
55 146 61
55 151 84
55 159 29
55 165 24
55 167 59
55 173 33
55 178 6
55 201 65
55 215 3
55 223 67
55 249 84
55 252 100
55 263 42
55 285 31
55 286 61
55 290 96
55 296 96
56 78 79
56 81 86
56 104 52
56 125 6
56 144 91
56 156 32
56 205 66
56 207 54
56 214 73
56 219 34
56 239 3
56 242 82
56 288 97
57 63 23
57 79 42
57 83 80
57 101 52
57 130 18
57 145 90
57 156 36
57 178 75
57 187 55
57 188 38
57 217 41
57 233 90
57 253 90
57 256 34
58 86 72
58 91 50
58 109 29
58 117 67
58 139 81
58 165 14
58 187 70
58 209 86
58 226 5
58 241 1
58 248 3
58 251 10
58 285 25
59 89 88
59 92 65
59 98 6
59 128 85
59 133 87
59 134 48
59 143 16
59 189 90
59 206 17
59 225 6
59 241 26
59 290 91
60 146 12
60 153 15
60 181 83
60 202 53
60 208 4
60 209 16
60 221 24
60 224 6
60 240 44
60 243 90
60 245 38
60 259 9
60 260 11
60 263 23
60 272 65
60 285 11
61 126 25
61 136 27
61 163 87
61 180 13
61 193 91
61 207 93
61 220 49
61 262 77
61 297 92
61 299 64
62 68 19
62 76 60
62 86 21
62 109 96
62 132 50
62 175 84
62 195 10
62 199 32
62 202 36
62 215 66
62 225 99
62 245 59
62 267 23
62 295 94
63 94 100
63 103 60
63 105 2
63 106 10
63 122 34
63 166 19
63 167 72
63 181 58
63 208 45
63 228 59
63 244 22
63 265 35
64 99 3
64 111 22
64 113 63
64 164 46
64 203 38
64 209 81
64 242 5
64 243 10
64 261 76
64 271 6
64 295 94
65 100 38
65 109 37
65 115 29
65 159 3
65 173 35
65 177 40
65 189 77
65 242 80
65 244 39
65 256 36
65 273 81
65 289 1
66 78 69
66 92 99
66 93 24
66 94 78
66 103 95
66 109 34
66 111 52
66 116 29
66 145 36
66 151 73
66 155 44
66 166 33
66 178 10
66 182 24
66 187 37
66 203 72
66 208 52
66 217 42
66 228 65
66 234 41
66 280 30
66 297 45
66 299 95
67 99 16
67 148 84
67 190 71
67 245 95
67 278 75
67 280 58
67 290 28
67 293 75
68 94 26
68 112 78
68 135 50
68 140 55
68 141 73
68 165 84
68 171 6
68 182 53
68 191 19
68 195 31
68 216 96
68 227 4
68 271 92
68 274 72
68 276 40
68 286 63
68 295 75
69 139 34
69 147 27
69 155 15
69 171 15
69 182 24
69 188 9
69 258 31
69 266 7
69 269 31
69 285 77
70 76 81
70 105 88
70 115 56
70 121 7
70 144 65
70 146 34
70 151 57
70 159 71
70 184 6
70 196 40
70 200 29
70 225 10
70 234 10
70 236 59
70 260 6
70 275 13
70 292 2
71 100 77
71 148 5
71 165 65
71 166 51
71 216 90
71 219 43
71 236 17
71 246 4
71 249 66
71 250 77
72 108 86
72 109 25
72 156 7
72 167 15
72 181 57
72 184 46
72 226 70
72 233 64
72 246 62
72 275 3
72 284 72
72 289 32
73 78 60
73 107 63
73 112 60
73 191 70
73 220 72
73 231 70
73 232 27
73 235 37
73 267 72
73 277 3
73 286 93
73 290 88
73 292 5
74 76 82
74 150 30
74 192 21
74 232 37
75 81 48
75 153 97
75 169 75
75 193 72
75 212 55
75 229 89
75 241 28
75 253 100
75 255 10
76 84 43
76 118 13
76 144 65
76 153 66
76 155 44
76 180 76
76 205 28
76 227 56
76 250 97
76 281 52
76 289 77
77 79 23
77 89 88
77 118 48
77 124 77
77 130 80
77 157 87
77 164 81
77 167 13
77 197 17
77 219 53
77 237 1
77 242 16
77 251 1
77 264 75
78 155 39
78 192 7
78 195 15
78 198 18
78 265 58
78 277 77
78 295 13
79 94 70
79 100 41
79 112 78
79 177 66
79 182 16
79 201 6
79 224 21
79 226 13
79 276 57
79 282 97
80 107 35
80 118 96
80 125 97
80 132 64
80 143 27
80 173 83
80 181 44
80 195 39
81 122 51
81 131 49
81 132 91
81 135 18
81 150 1
81 154 18
81 166 56
81 226 8
81 285 32
82 118 26
82 119 65
82 138 60
82 149 38
82 175 35
82 180 100
82 196 15
82 210 100
82 263 16
82 288 72
82 295 72
83 126 80
83 160 28
83 218 68
83 229 14
83 256 75
83 272 16
83 288 77
84 145 1
84 148 99
84 195 73
84 212 91
84 226 1
84 238 73
84 267 82
85 138 19
85 139 73
85 149 99
85 160 74
85 162 80
85 175 82
85 186 99
85 212 45
85 227 42
85 231 88
85 232 31
85 258 41
85 268 55
85 274 30
85 285 8
86 88 26
86 93 53
86 107 87
86 113 6
86 137 20
86 139 53
86 149 80
86 170 88
86 177 29
86 183 81
86 225 86
86 230 53
86 233 71
86 262 86
86 279 25
86 284 4
87 109 4
87 124 50
87 155 2
87 163 30
87 167 29
87 186 84
87 196 80
87 238 25
87 282 25
88 105 68
88 108 55
88 112 17
88 176 74
88 198 36
88 220 25
88 238 99
88 255 88
88 256 63
88 286 56
88 298 60
89 134 15
89 202 88
89 249 47
89 251 96
89 292 20
90 158 84
90 170 48
90 202 42
90 210 21
90 216 25
90 238 46
90 242 77
90 244 74
90 270 47
90 292 6
90 296 54
91 149 82
91 157 37
91 158 79
91 170 58
91 191 56
91 220 85
91 244 27
91 246 29
91 271 73
91 279 3
91 281 80
92 104 60
92 105 65
92 114 87
92 115 71
92 118 80
92 120 74
92 188 69
92 200 27
92 206 93
92 256 52
93 128 26
93 144 35
93 218 73
93 219 50
93 220 32
93 263 1
93 284 75
94 123 30
94 163 6
94 169 81
94 190 12
94 194 94
94 211 11
94 213 21
95 143 50
95 163 95
95 176 47
95 179 30
95 211 19
95 215 49
95 243 61
95 246 31
95 254 66
95 260 48
95 286 1
95 287 45
95 291 21
96 108 70
96 120 23
96 131 66
96 165 73
96 209 48
96 244 52
96 297 45
97 119 50
97 123 83
97 153 97
97 163 76
97 167 12
97 183 2
97 207 56
97 247 75
97 249 48
97 261 66
97 267 96
97 284 49
98 112 13
98 118 94
98 119 78
98 180 31
98 202 43
98 212 39
98 254 61
98 272 8
98 278 38
98 294 62
98 297 4
99 113 58
99 148 83
99 174 26
99 186 75
99 195 55
99 200 25
99 208 26
99 221 52
99 240 74
99 294 60
100 116 48
100 131 50
100 143 72
100 160 2
100 162 5
100 165 98
100 177 49
100 225 23
100 247 93
100 248 49
100 250 35
100 257 87
101 115 26
101 134 65
101 141 81
101 153 16
101 159 26
101 164 40
101 184 53
101 187 39
101 190 43
101 215 63
101 229 21
101 242 20
101 269 37
102 109 75
102 125 44
102 163 15
102 209 78
102 212 70
102 218 74
102 231 26
102 233 71
102 240 97
103 130 79
103 180 27
103 202 95
103 218 27
103 241 49
103 243 39
103 258 75
103 282 83
104 107 77
104 133 52
104 145 100
104 147 9
104 169 20
104 190 25
104 197 48
104 212 24
104 219 15
104 232 90
104 291 86
104 295 35
105 128 61
105 148 75
105 156 61
105 173 57
105 180 41
105 189 39
105 195 78
105 203 14
105 204 16
105 221 48
105 225 63
105 262 94
105 268 74
105 287 9
106 167 72
106 225 75
106 244 47
106 249 98
106 267 9
106 270 76
106 274 1
106 286 8
106 291 84
107 111 20
107 148 84
107 152 84
107 154 44
107 208 98
107 228 25
107 240 81
107 242 84
107 261 86
107 268 7
107 284 97
108 117 94
108 143 47
108 147 87
108 157 71
108 161 13
108 228 2
108 256 18
108 279 27
108 299 47
109 121 43
109 127 35
109 146 70
109 151 69
109 154 33
109 155 67
109 168 78
109 174 60
109 200 19
109 217 37
109 218 44
109 238 39
109 241 21
110 113 27
110 116 34
110 167 70
110 169 51
110 171 66
110 181 6
110 190 88
110 205 73
110 213 2
110 231 81
110 234 71
110 275 88
110 278 51
111 113 35
111 123 41
111 126 20
111 151 61
111 178 87
111 204 15
111 211 47
111 237 56
111 239 83
111 241 80
111 299 74
112 122 12
112 139 39
112 145 44
112 166 49
112 182 34
112 192 34
112 222 21
112 227 12
112 249 67
112 252 42
112 268 15
113 137 85
113 152 47
113 153 54
113 157 9
113 161 48
113 177 35
113 187 79
113 204 87
113 217 37
113 238 66
113 261 27
113 276 57
113 278 26
113 284 13
113 293 71
113 295 73
114 136 20
114 142 53
114 177 4
114 193 45
114 195 65
114 212 42
114 244 89
114 246 65
114 260 28
114 286 22
115 139 85
115 180 91
115 188 41
115 196 78
115 264 5
115 266 25
115 279 25
115 294 59
116 136 33
116 145 24
116 167 45
116 175 63
116 188 11
116 199 81
116 205 28
116 225 37
116 292 37
117 118 6
117 133 50
117 151 59
117 153 78
117 154 21
117 156 64
117 228 81
118 130 66
118 153 80
118 158 74
118 177 6
118 189 44
118 204 53
118 208 27
118 227 80
118 233 44
118 284 67
119 152 57
119 160 48
119 174 43
119 190 33
119 212 58
119 214 27
119 255 57
120 132 2
120 133 90
120 145 67
120 151 83
120 153 69
120 157 3
120 181 71
120 196 74
120 212 4
120 216 82
120 236 51
120 256 77
120 260 45
120 267 83
120 268 42
120 291 76
121 152 9
121 173 99
121 175 71
121 211 61
121 257 25
121 266 50
121 276 4
121 286 44
122 128 58
122 130 4
122 163 38
122 192 91
122 253 13
122 285 65
122 288 47
123 126 15
123 144 54
123 161 65
123 166 49
123 169 74
123 189 67
123 197 19
123 201 48
123 210 23
123 214 52
123 220 50
123 274 99
124 136 96
124 145 33
124 147 92
124 176 71
124 182 93
124 198 90
124 214 41
124 224 53
124 226 66
124 230 42
124 237 9
124 256 61
124 263 52
124 286 64
124 299 99
125 128 42
125 139 76
125 141 15
125 191 40
125 201 90
125 255 20
125 257 56
125 264 90
125 278 93
126 138 74
126 142 61
126 179 40
126 200 96
126 217 12
126 221 90
126 234 46
126 248 8
126 267 74
126 282 37
127 145 30
127 279 66
128 140 78
128 157 23
128 176 70
128 179 96
128 204 16
128 239 78
128 249 56
128 256 67
128 266 93
128 285 6
129 271 60
129 273 69
129 279 20
129 285 51
130 147 10
130 160 39
130 168 6
130 178 100
130 220 32
130 234 80
130 237 12
130 270 23
130 292 27
131 144 23
131 147 12
131 189 73
131 258 82
131 278 85
131 288 9
131 291 12
131 292 2
132 154 39
132 211 86
132 219 72
132 268 34
132 270 1
132 281 1
132 292 41
133 134 68
133 146 94
133 150 47
133 187 79
133 192 14
133 256 18
133 278 30
134 156 75
134 179 57
134 196 35
134 208 26
134 212 40
134 241 14
134 289 37
134 294 14
135 138 41
135 145 60
135 149 26
135 154 65
135 172 41
135 207 62
135 209 25
135 224 4
135 226 64
135 251 63
135 258 89
135 264 35
135 272 48
135 277 90
135 284 35
135 297 89
136 147 9
136 163 80
136 167 87
136 222 87
136 242 93
136 256 4
136 269 16
137 155 68
137 173 12
137 213 3
137 229 93
137 238 3
137 250 68
138 171 30
138 198 17
138 201 60
138 205 41
138 219 42
139 186 24
139 212 81
139 249 55
139 251 49
140 144 85
140 158 18
140 168 63
140 171 25
140 186 4
140 207 11
140 284 14
140 292 91
140 293 99
141 211 74
141 225 70
141 233 85
141 245 13
141 260 15
141 262 40
141 282 28
141 290 82
142 182 52
142 210 82
142 218 26
142 250 54
142 252 50
142 279 7
142 294 70
143 164 9
143 180 47
143 268 63
143 271 33
144 146 80
144 166 18
144 180 33
144 183 64
144 216 87
144 245 95
144 282 40
144 292 91
145 241 5
145 268 54
145 280 33
146 168 55
146 175 79
146 194 2
146 207 39
146 247 91
146 250 16
146 252 79
147 179 71
147 253 49
147 261 82
147 287 52
148 153 27
148 175 35
148 189 1
148 269 33
148 281 57
148 289 62
149 154 32
149 158 19
149 161 46
149 165 11
149 214 88
149 241 78
149 289 26
150 168 27
150 186 72
150 230 65
150 270 17
150 272 29
150 275 70
150 296 1
151 170 83
151 183 49
151 203 2
151 209 22
151 214 91
151 237 70
151 274 52
151 287 61
152 164 18
152 180 85
152 238 65
152 251 44
152 275 19
152 276 65
152 287 29
153 154 27
153 188 78
153 202 60
153 205 98
153 214 23
153 216 70
153 231 85
153 262 100
153 266 95
153 271 11
153 277 24
153 280 11
154 155 79
154 157 52
154 162 81
154 190 79
154 199 34
154 214 29
154 228 33
154 234 7
154 235 19
154 268 2
154 289 10
154 298 32
155 192 71
155 234 94
155 245 96
155 250 67
155 288 65
156 186 12
156 199 95
156 242 91
156 260 90
156 275 54
157 177 40
157 209 12
157 212 75
157 229 25
157 235 64
157 243 21
157 249 87
157 256 87
157 268 31
157 273 18
158 177 90
158 180 11
158 199 48
158 220 23
158 289 91
158 294 80
159 240 82
159 259 62
160 167 33
160 197 91
160 223 93
160 239 56
160 266 85
160 275 88
161 177 22
161 197 1
161 200 51
161 233 68
161 251 43
161 260 40
161 293 73
161 299 83
162 199 4
162 200 47
162 219 59
162 257 19
163 175 67
163 178 97
163 194 57
163 272 49
163 273 14
163 278 46
163 290 60
164 229 14
164 263 20
164 270 50
164 274 45
164 299 1
165 171 11
165 225 78
165 241 44
165 268 55
165 285 85
166 175 80
166 185 94
166 205 6
166 280 80
166 298 45
167 178 25
167 182 22
167 184 36
167 209 97
167 280 4
167 295 91
168 185 43
168 187 14
168 237 61
168 255 61
168 273 11
168 275 17
168 295 61
169 200 24
169 209 14
169 226 20
169 241 37
169 280 34
169 281 22
170 185 34
170 186 86
170 188 84
170 247 63
170 253 29
170 263 91
170 286 47
171 173 8
171 209 84
171 227 4
171 274 87
171 293 80
172 188 28
172 208 61
172 209 16
172 212 24
172 213 16
172 222 58
172 233 18
172 268 30
172 279 19
172 282 78
173 191 40
173 200 87
173 202 90
173 203 63
173 205 1
174 182 10
174 220 52
174 231 86
174 241 83
174 255 85
174 257 71
174 268 18
174 285 47
174 294 100
175 182 8
175 184 45
175 186 7
175 237 44
175 250 48
175 259 46
176 256 23
176 267 75
176 272 6
177 190 90
177 200 98
177 204 21
177 243 100
177 250 67
177 255 2
177 259 18
178 218 96
178 245 41
178 251 56
178 273 85
179 184 56
179 185 56
179 194 46
179 258 59
179 266 41
180 195 28
180 262 95
180 287 12
180 289 98
180 293 93
180 297 63
181 211 57
181 270 37
181 274 69
181 283 100
181 298 84
182 194 66
182 197 75
182 245 10
183 196 23
183 233 16
183 297 59
184 198 96
184 227 15
184 233 25
184 241 97
184 244 84
184 264 20
184 273 38
184 275 40
184 278 4
185 208 93
185 209 47
185 221 50
185 248 51
185 266 88
185 293 29
185 295 45
186 268 51
186 295 78
187 196 37
187 217 13
187 219 35
187 236 25
187 238 33
187 255 86
187 269 8
187 284 51
187 291 12
188 195 69
188 214 73
188 239 80
188 273 27
189 191 68
189 205 46
189 259 51
189 273 65
189 282 30
190 193 22
190 215 54
190 236 21
190 237 25
190 255 46
190 264 67
190 269 26
190 276 48
190 277 6
190 279 7
190 280 44
190 282 56
191 205 84
191 216 32
191 259 20
191 290 70
191 291 56
192 204 5
192 217 8
192 221 15
192 225 55
192 238 71
192 252 83
192 257 27
192 262 50
192 287 9
193 206 95
193 212 96
193 218 11
193 222 11
193 240 77
193 248 32
193 278 64
193 279 97
193 287 8
193 294 61
194 248 15
194 253 34
194 255 8
194 279 73
194 282 92
195 224 3
195 285 80
195 288 27
195 289 86
195 299 100
196 198 49
196 204 41
196 237 4
196 242 56
196 263 7
196 266 58
196 271 78
196 273 41
196 275 36
196 287 80
196 288 1
197 220 30
197 230 27
197 235 11
198 225 40
198 232 3
198 249 94
198 290 55
198 295 51
199 206 1
199 208 15
199 211 17
199 224 86
199 230 22
199 256 89
199 267 77
199 283 76
200 276 69
200 299 56
201 203 61
201 204 20
201 222 4
201 226 53
201 264 23
202 217 11
202 231 59
202 237 32
202 254 88
202 257 99
202 258 67
202 264 19
202 273 51
202 290 49
203 214 45
203 275 61
203 283 40
203 285 47
204 235 54
204 238 95
204 248 49
204 273 7
204 280 9
204 296 66
205 227 44
205 245 83
206 221 6
206 228 73
206 235 58
206 268 74
206 292 28
207 217 71
207 275 45
207 298 31
208 286 23
209 213 67
209 214 93
209 234 34
209 241 50
209 254 80
210 240 84
210 248 69
210 261 99
210 293 35
211 243 17
211 251 95
211 279 95
212 251 56
212 274 94
212 285 1
213 226 50
213 229 42
213 246 59
213 277 11
213 285 59
214 242 2
214 245 93
215 248 65
215 286 74
216 225 50
216 280 90
216 288 53
217 257 72
217 258 35
217 262 83
217 269 95
218 223 53
218 235 75
218 248 28
218 262 55
219 221 7
219 255 11
219 277 23
219 290 57
220 221 45
220 249 39
220 281 51
221 239 92
221 257 46
221 259 44
221 262 44
221 283 48
221 286 38
222 240 2
222 246 58
222 270 96
223 245 55
223 264 50
223 269 12
224 283 81
225 239 51
225 254 2
225 275 33
225 292 23
226 257 88
228 230 16
228 239 69
228 269 92
228 278 42
228 296 96
229 259 46
229 299 100
230 241 58
230 248 20
230 261 56
230 265 55
231 293 10
232 268 59
233 238 98
233 283 56
233 285 54
234 260 41
234 262 55
234 287 91
235 239 94
235 249 12
235 253 87
235 263 48
235 290 13
235 294 50
236 248 28
236 250 15
236 259 51
236 271 61
236 292 89
237 260 90
237 264 28
237 286 57
237 292 82
238 242 21
238 244 4
238 249 79
238 262 21
238 286 14
239 273 99
239 292 76
240 248 68
240 277 8
240 297 86
241 270 17
241 277 15
241 289 40
242 260 57
242 286 69
242 293 30
243 261 2
243 286 32
243 287 68
244 262 1
245 263 44
246 269 18
247 281 81
247 293 59
248 257 20
249 275 41
249 277 47
249 284 62
249 290 20
249 299 56
250 283 43
251 284 40
251 295 59
252 299 73
254 256 12
254 259 72
254 268 23
254 283 40
255 275 91
255 277 31
256 257 25
256 265 7
256 266 97
256 293 64
257 285 15
257 291 66
258 268 46
258 270 16
258 287 97
258 298 13
260 281 17
261 271 93
261 296 82
261 298 97
262 273 3
263 291 54
265 284 89
266 286 1
267 275 15
267 295 60
268 281 56
269 284 9
270 277 99
270 279 67
271 282 81
271 283 63
272 278 38
273 283 4
273 297 2
274 279 29
275 277 86
277 285 26
277 295 87
278 280 82
278 290 42
278 293 2
279 285 47
279 290 87
279 291 17
280 299 96
281 296 51
282 285 85
282 291 88
283 292 85
284 299 81
286 289 90
289 290 38
290 292 21
291 296 90
300 320 16
300 374 52
300 382 43
300 393 53
300 424 75
300 427 42
300 430 63
300 436 41
300 439 39
300 454 71
300 455 67
300 461 76
300 464 91
300 553 16
300 570 72
300 593 54
301 319 46
301 342 29
301 344 32
301 366 23
301 378 2
301 386 36
301 403 5
301 404 47
301 407 41
301 423 99
301 463 57
301 545 21
301 546 40
301 558 74
301 571 95
302 324 8
302 333 25
302 354 89
302 372 12
302 387 52
302 392 30
302 398 26
302 428 92
302 440 21
302 456 96
302 474 10
302 478 96
302 532 87
302 547 25
302 555 19
302 584 92
303 314 23
303 338 47
303 355 75
303 362 45
303 387 48
303 409 10
303 412 1
303 416 46
303 418 51
303 423 99
303 432 3
303 441 23
303 461 91
303 475 76
303 478 17
303 482 50
303 493 1
303 505 5
303 506 61
303 522 4
303 548 86
303 574 38
304 321 47
304 347 58
304 352 86
304 362 56
304 373 5
304 402 72
304 422 33
304 458 24
304 476 15
304 480 7
304 484 22
304 503 89
304 505 3
304 509 70
304 563 98
305 310 3
305 341 15
305 351 100
305 397 53
305 405 17
305 435 22
305 445 95
305 468 45
305 470 90
305 475 44
305 522 97
305 555 46
305 566 56
305 590 100
306 311 84
306 337 94
306 351 46
306 353 41
306 360 79
306 383 53
306 406 46
306 412 2
306 427 85
306 430 21
306 484 16
306 505 43
306 574 42
306 575 56
307 320 45
307 334 11
307 357 5
307 367 99
307 373 78
307 389 5
307 398 4
307 400 46
307 437 78
307 448 98
307 481 90
307 486 20
307 498 42
307 503 86
307 524 65
307 544 97
307 548 37
307 567 48
307 593 42
308 329 82
308 353 41
308 390 72
308 424 35
308 428 86
308 445 73
308 469 71
308 470 6
308 514 40
308 538 14
308 549 99
308 564 95
308 572 58
309 311 62
309 325 100
309 337 9
309 338 39
309 342 56
309 367 12
309 422 36
309 432 33
309 437 9
309 462 26
309 491 52
309 561 2
309 584 63
310 314 69
310 324 99
310 335 100
310 342 68
310 379 92
310 430 33
310 434 8
310 454 64
310 457 67
310 470 45
310 500 88
310 512 38
310 515 2
310 523 28
310 538 51
310 551 1
311 333 22
311 340 60
311 345 62
311 418 73
311 432 20
311 441 52
311 449 28
311 491 31
311 508 87
311 509 61
311 555 40
311 572 64
311 576 64
311 577 93
311 579 79
312 318 32
312 334 43
312 338 78
312 365 100
312 370 35
312 386 10
312 396 59
312 398 50
312 455 29
312 463 4
312 468 37
312 470 66
312 489 5
312 492 64
312 535 68
312 541 57
312 563 86
312 574 79
312 575 18
313 321 10
313 323 99
313 330 69
313 357 38
313 395 81
313 407 8
313 438 98
313 445 72
313 448 71
313 449 13
313 452 65
313 454 49
313 457 45
313 466 7
313 471 78
313 483 96
313 487 41
313 503 40
313 509 54
313 519 90
313 525 20
313 565 57
314 361 27
314 367 37
314 386 14
314 405 42
314 407 4
314 422 70
314 462 79
314 481 34
314 525 40
314 533 89
314 542 32
314 546 8
314 576 26
315 322 13
315 343 67
315 345 75
315 412 36
315 416 38
315 424 87
315 425 100
315 470 38
315 472 31
315 477 7
315 495 68
315 497 78
315 498 99
315 500 59
315 526 32
315 554 89
315 579 78
315 594 88
315 597 67
316 320 14
316 336 1
316 338 8
316 410 69
316 530 23
316 537 39
316 590 2
316 592 62
317 349 27
317 357 86
317 360 21
317 390 52
317 394 50
317 419 88
317 424 78
317 472 85
317 484 77
317 506 64
317 511 85
317 560 14
317 586 47
317 595 91
318 322 33
318 392 24
318 406 89
318 429 91
318 433 55
318 434 29
318 435 68
318 469 95
318 472 47
318 489 33
318 499 47
318 537 7
318 546 1
318 563 69
318 584 45
319 410 3
319 460 82
319 474 71
319 494 40
319 499 3
319 506 74
319 510 89
319 526 90
319 534 51
319 562 73
319 567 66
319 597 14
320 325 9
320 473 31
320 479 12
320 497 51
320 499 16
320 507 36
320 549 92
320 592 6
320 595 42
321 323 20
321 337 26
321 352 88
321 359 19
321 382 58
321 385 35
321 390 25
321 403 59
321 421 55
321 448 69
321 461 13
321 467 37
321 473 91
321 476 52
321 509 91
321 534 64
321 580 92
321 582 80
322 329 14
322 330 16
322 362 97
322 364 79
322 366 25
322 402 79
322 410 91
322 460 27
322 465 94
322 468 78
322 482 18
322 532 52
322 556 71
323 332 90
323 333 29
323 334 59
323 432 8
323 437 86
323 443 45
323 476 84
323 482 96
323 495 51
323 496 52
323 537 60
323 563 87
323 576 42
323 585 63
324 343 29
324 344 5
324 406 54
324 475 8
324 556 70
324 586 22
325 354 56
325 372 48
325 385 46
325 403 35
325 411 90
325 416 72
325 436 80
325 466 67
325 470 42
325 487 31
325 494 38
325 495 31
325 510 59
325 512 48
325 574 90
325 576 97
326 365 92
326 377 73
326 439 44
326 458 42
326 461 24
326 465 4
326 466 81
326 493 17
326 523 18
326 539 9
326 562 73
326 582 72
327 343 69
327 350 42
327 355 93
327 385 76
327 404 41
327 415 90
327 427 10
327 510 31
327 517 13
327 527 42
327 553 49
327 555 54
327 560 24
327 577 38
327 578 36
327 584 35
327 594 85
327 598 25
328 345 31
328 373 28
328 378 49
328 417 26
328 424 22
328 464 24
328 477 81
328 492 54
328 521 40
328 523 99
328 544 14
328 550 64
328 555 22
328 571 34
328 599 5
329 357 66
329 392 10
329 408 98
329 441 55
329 454 71
329 508 80
329 534 19
329 536 12
329 552 28
329 554 25
329 559 36
329 583 18
330 333 12
330 336 70
330 348 54
330 373 89
330 421 52
330 431 82
330 445 37
330 453 77
330 479 55
330 507 61
330 522 58
330 527 60
330 537 52
330 582 56
330 596 73
331 341 16
331 352 77
331 357 7
331 369 72
331 412 42
331 413 68
331 422 21
331 452 48
331 461 38
331 512 100
331 536 18
331 537 50
331 542 80
331 563 42
331 586 85
332 375 97
332 384 54
332 401 6
332 407 50
332 417 42
332 421 57
332 457 83
332 487 30
332 490 33
332 491 89
332 528 42
332 530 42
332 541 48
332 552 94
332 565 49
332 586 21
333 335 61
333 416 25
333 447 79
333 457 32
333 498 18
333 502 46
333 515 53
333 554 17
333 558 83
333 585 4
334 338 35
334 353 84
334 366 83
334 369 28
334 382 20
334 395 31
334 420 33
334 426 25
334 431 81
334 542 26
334 568 81
335 380 15
335 398 56
335 404 66
335 419 4
335 429 97
335 436 59
335 444 51
335 446 42
335 455 8
335 489 23
335 512 2
335 521 84
335 524 53
335 535 86
335 548 2
335 552 98
335 558 90
335 562 70
335 572 33
336 342 93
336 367 4
336 400 68
336 428 76
336 456 84
336 475 88
336 491 6
336 498 16
336 513 12
336 515 38
336 534 42
336 541 45
336 550 5
336 570 49
336 572 62
336 573 8
336 589 97
337 364 20
337 414 10
337 439 39
337 441 79
337 461 33
337 472 92
337 560 63
337 566 85
338 376 77
338 407 64
338 426 35
338 435 66
338 469 33
338 481 19
338 504 59
338 528 89
338 564 86
338 577 86
339 352 72
339 361 73
339 382 43
339 395 39
339 427 37
339 432 33
339 509 80
339 587 33
340 390 37
340 457 80
340 483 94
340 488 96
340 491 77
340 509 65
340 515 5
340 547 67
340 583 44
340 589 89
341 392 58
341 418 6
341 435 26
341 471 35
341 489 21
341 491 60
341 494 52
341 496 5
341 506 30
341 516 62
341 560 93
342 353 15
342 401 99
342 413 16
342 431 40
342 454 94
342 486 55
342 487 28
342 574 26
342 585 86
342 589 60
343 352 14
343 376 18
343 377 5
343 380 9
343 385 46
343 396 21
343 419 65
343 420 12
343 490 16
343 503 54
343 510 69
343 542 73
343 549 79
343 563 55
343 590 93
344 362 90
344 363 59
344 397 50
344 423 19
344 447 20
344 474 94
344 485 85
344 489 19
344 537 10
344 582 76
344 594 12
344 596 16
345 360 3
345 408 89
345 433 53
345 439 14
345 441 2
345 513 70
346 356 70
346 362 62
346 384 15
346 396 43
346 399 26
346 400 78
346 417 58
346 442 79
346 482 47
346 512 31
346 538 9
346 546 53
346 568 75
346 591 98
347 381 11
347 410 24
347 430 68
347 447 83
347 449 70
347 454 5
347 462 1
347 479 31
347 480 80
347 491 64
347 498 46
347 568 35
347 573 4
347 595 50
348 350 100
348 399 5
348 471 72
348 486 70
348 487 66
348 497 86
348 515 12
348 534 43
348 544 16
348 545 21
348 556 74
348 567 14
348 593 3
349 360 82
349 442 66
349 446 30
349 461 32
349 466 29
349 477 5
349 541 99
349 554 11
349 565 74
349 581 3
349 597 63
350 358 4
350 359 35
350 395 26
350 401 1
350 402 69
350 408 81
350 422 51
350 426 68
350 444 85
350 450 22
350 461 89
350 475 2
350 502 59
350 510 52
350 532 44
350 538 74
350 545 25
350 546 17
350 564 87
350 565 27
350 570 51
350 571 5
350 586 56
350 587 82
351 367 33
351 374 61
351 474 32
351 484 43
351 495 34
351 515 87
351 520 57
351 542 90
351 570 21
351 582 34
351 591 90
352 355 41
352 461 14
352 468 40
352 472 60
352 476 98
352 481 61
352 515 49
352 527 51
352 562 72
352 586 52
352 591 94
353 356 45
353 366 76
353 374 63
353 376 84
353 417 55
353 534 13
353 576 88
353 591 10
354 355 94
354 361 72
354 382 22
354 466 77
354 468 66
354 506 8
354 509 63
354 539 22
354 573 97
355 383 35
355 400 55
355 435 86
355 436 75
355 448 68
355 486 26
355 495 87
355 496 17
355 548 38
355 555 87
355 570 67
355 577 61
356 358 38
356 390 12
356 392 58
356 402 66
356 417 74
356 423 41
356 424 20
356 442 38
356 489 80
356 491 29
356 510 83
356 521 51
356 564 3
356 571 60
356 584 16
356 594 10
356 598 74
357 360 37
357 365 6
357 378 9
357 388 43
357 405 91
357 478 35
357 510 10
357 521 68
357 528 21
357 585 78
358 426 6
358 458 7
358 506 44
358 517 66
358 519 97
358 526 55
358 528 23
358 545 62
358 561 81
358 596 15
359 387 81
359 389 18
359 456 94
359 488 61
359 497 53
359 527 96
359 533 63
359 535 12
359 568 11
359 573 24
359 583 85
359 587 99
359 591 29
359 595 45
360 383 41
360 403 20
360 418 80
360 423 2
360 456 39
360 476 52
360 524 79
360 540 44
360 545 11
360 550 74
360 567 62
360 576 7
360 582 81
360 586 36
360 590 68
360 593 61
361 362 3
361 404 100
361 433 30
361 438 48
361 450 60
361 458 82
361 496 44
361 504 75
361 535 45
361 541 6
361 545 98
361 562 82
361 565 5
361 594 79
362 380 26
362 401 97
362 415 50
362 430 57
362 440 51
362 466 88
362 478 61
362 509 81
362 517 84
362 553 71
363 372 55
363 388 97
363 389 77
363 400 35
363 439 32
363 479 96
363 486 47
363 493 86
363 500 95
363 502 76
363 511 34
363 537 6
364 366 10
364 380 77
364 388 80
364 401 6
364 407 82
364 447 30
364 464 87
364 471 38
364 502 60
364 519 65
364 534 87
364 577 9
365 405 73
365 422 37
365 429 96
365 433 33
365 458 69
365 501 31
365 511 3
365 513 23
365 523 27
365 551 31
365 552 57
365 559 11
365 583 26
365 598 3
366 373 96
366 450 20
366 455 31
366 471 29
366 488 26
366 533 92
367 383 57
367 422 57
367 427 49
367 460 39
367 462 38
367 493 88
367 539 28
367 554 97
367 595 52
368 390 66
368 391 57
368 393 76
368 394 54
368 404 5
368 426 9
368 487 23
368 505 35
368 515 63
368 557 45
368 558 62
368 583 94
369 422 54
369 425 24
369 427 19
369 455 8
369 492 19
369 509 91
369 555 90
369 559 100
369 575 68
370 395 81
370 405 56
370 407 76
370 420 82
370 434 46
370 438 14
370 448 69
370 471 26
370 536 62
370 550 72
370 565 91
371 377 19
371 392 47
371 397 45
371 405 23
371 450 7
371 454 67
371 470 9
371 490 70
371 502 63
371 503 70
371 506 63
371 532 16
371 540 93
372 379 33
372 398 24
372 452 64
372 454 23
372 476 13
372 478 63
372 480 90
372 509 46
372 528 70
372 577 18
372 588 27
372 592 16
373 374 31
373 385 95
373 463 41
373 508 44
373 559 66
373 564 83
373 573 14
373 594 64
374 420 27
374 449 88
374 464 71
374 490 45
374 498 97
374 512 40
374 523 8
374 528 18
374 547 54
374 554 23
374 558 63
375 431 86
375 433 98
375 438 26
375 469 61
375 493 63
375 513 40
375 583 50
376 386 8
376 406 9
376 409 67
376 419 34
376 445 76
376 454 49
376 506 80
376 514 68
376 577 45
377 378 97
377 410 51
377 415 10
377 445 60
377 450 29
377 484 98
377 503 30
377 505 74
377 528 46
377 539 69
377 549 33
377 571 63
377 578 22
377 598 7
378 392 25
378 413 60
378 506 5
378 557 2
379 381 20
379 385 67
379 395 93
379 408 69
379 433 26
379 434 2
379 489 88
379 502 11
379 508 29
379 514 88
379 528 90
379 548 49
379 565 84
379 567 86
379 568 99
379 590 94
380 434 45
380 435 79
380 450 91
380 494 27
380 507 4
380 566 36
380 597 95
381 389 36
381 395 50
381 398 69
381 422 43
381 433 27
381 485 28
381 508 99
381 521 28
381 537 47
381 540 17
381 551 73
381 559 67
381 578 94
381 581 26
381 594 6
382 401 4
382 402 54
382 418 46
382 437 93
382 447 2
382 456 29
382 480 30
382 481 52
382 489 22
382 491 26
382 518 83
382 570 12
383 454 52
383 464 86
383 491 99
383 493 99
383 513 22
383 523 49
383 541 67
383 560 16
383 595 27
384 394 46
384 419 66
384 456 6
384 473 92
384 496 34
384 534 78
384 547 10
384 584 27
384 599 3
385 391 16
385 415 30
385 418 9
385 434 61
385 512 74
385 554 62
385 576 89
385 584 55
385 590 66
386 388 63
386 405 80
386 423 48
386 425 26
386 428 84
386 430 33
386 437 25
386 443 82
386 454 6
386 474 25
386 488 100
386 519 73
386 542 51
386 558 45
386 576 38
387 408 8
387 425 88
387 431 23
387 437 86
387 502 97
387 531 49
387 586 40
387 598 64
388 390 30
388 398 48
388 412 76
388 415 3
388 423 10
388 472 17
388 478 57
388 494 75
388 506 79
388 510 89
388 519 22
388 530 4
388 580 72
389 392 6
389 395 80
389 407 5
389 425 12
389 443 4
389 492 4
389 507 84
389 510 6
389 515 100
389 535 74
389 598 14
390 393 87
390 405 96
390 417 51
390 435 35
390 467 97
390 478 90
390 499 99
390 552 26
390 553 90
390 554 26
390 559 81
390 578 99
390 591 42
390 595 89
391 411 25
391 440 72
391 446 77
391 448 98
391 485 28
392 398 100
392 408 55
392 415 7
392 439 4
392 441 66
392 467 63
392 481 59
392 482 2
392 484 20
392 485 58
392 513 27
392 520 33
392 528 96
392 561 22
392 571 35
392 599 31
393 450 70
393 475 25
393 487 81
393 496 96
393 577 14
394 412 6
394 420 76
394 442 64
394 471 100
394 490 16
394 537 40
394 568 23
394 576 93
394 579 89
394 580 50
394 593 44
395 412 43
395 415 9
395 431 100
395 504 61
395 518 71
395 531 58
395 536 62
395 587 42
396 430 68
396 442 88
396 475 27
396 508 63
396 545 61
396 557 61
396 568 93
396 578 31
396 583 37
396 591 25
396 592 78
396 594 2
397 398 83
397 399 5
397 454 17
397 458 34
397 469 20
397 486 56
397 520 56
397 554 64
397 556 96
397 595 58
398 428 8
398 440 39
398 443 18
398 447 7
398 489 99
398 512 40
398 534 16
398 559 12
398 563 81
398 572 35
398 589 51
399 405 7
399 463 98
399 466 11
399 506 68
399 534 42
399 557 93
399 566 56
399 567 67
399 576 70
400 414 58
400 421 49
400 529 74
400 589 26
400 592 82
400 593 46
401 412 34
401 446 89
401 451 9
401 459 29
401 469 46
401 544 16
401 571 67
401 581 63
402 448 74
402 478 17
402 491 54
402 509 42
402 520 28
402 522 35
402 526 76
402 538 78
402 580 41
403 404 73
403 429 41
403 435 60
403 439 67
403 444 85
403 448 16
403 454 33
403 464 55
403 532 25
403 540 33
403 570 80
403 583 50
403 592 66
404 424 25
404 433 83
404 448 54
404 465 34
404 532 64
404 544 52
404 550 1
404 554 30
404 558 66
404 560 27
405 420 99
405 434 20
405 447 68
405 465 78
405 481 54
405 549 95
405 554 56
405 588 46
405 590 20
406 414 48
406 455 6
406 480 86
406 489 32
406 493 73
406 513 70
406 532 38
406 560 49
407 430 2
407 443 70
407 455 50
407 544 67
407 558 94
407 561 85
407 569 20
407 595 79
408 449 48
408 468 23
408 472 32
408 478 77
408 482 89
408 484 58
408 504 27
408 508 8
408 523 77
408 529 5
408 548 13
409 420 71
409 423 12
409 429 58
409 452 90
409 474 11
409 476 15
409 499 27
409 517 42
409 574 39
410 434 96
410 466 32
410 467 87
410 471 97
410 478 1
410 520 89
410 568 63
410 583 46
411 416 73
411 450 35
411 456 25
411 484 20
411 485 57
411 488 8
411 567 48
411 596 97
412 413 65
412 433 75
412 437 56
412 452 93
412 560 79
412 566 68
412 573 63
412 574 42
412 577 78
412 584 5
412 587 52
412 594 92
412 598 31
413 422 45
413 440 31
413 516 27
413 525 76
413 530 69
413 535 75
413 547 76
413 548 57
413 590 38
413 593 74
414 450 29
414 474 24
414 477 50
414 501 100
414 505 32
414 532 57
414 542 48
414 567 29
414 575 73
414 577 22
414 588 36
415 421 65
415 434 52
415 448 4
415 450 27
415 451 45
415 461 81
415 464 83
415 476 96
415 522 24
415 540 14
415 558 40
415 569 6
415 571 92
416 459 68
416 463 27
416 474 66
416 479 95
416 483 83
416 499 55
416 512 68
416 518 64
416 551 78
416 577 17
416 592 63
416 594 62
417 476 25
417 483 62
417 490 42
417 493 97
417 495 35
417 525 77
417 563 61
417 566 38
417 586 32
417 592 40
418 421 82
418 430 64
418 470 22
418 477 29
418 489 40
418 499 35
418 505 69
418 522 45
418 570 78
418 580 88
419 451 71
419 466 44
419 499 82
419 542 6
419 573 98
419 579 50
419 581 21
419 598 28
420 483 18
420 485 35
420 486 41
420 530 43
420 536 97
420 553 34
420 562 39
420 581 31
420 589 10
421 426 100
421 446 69
421 448 94
421 453 39
421 495 2
421 505 9
421 506 12
421 529 31
421 532 48
421 550 99
421 577 51
421 581 45
421 595 76
421 599 38
422 451 15
422 460 71
422 471 19
422 559 72
422 584 21
423 450 20
423 496 44
423 500 100
423 521 90
423 526 79
423 537 40
423 554 32
423 562 27
424 430 73
424 431 22
424 437 9
424 445 34
424 481 73
424 511 29
424 516 79
424 536 63
424 566 31
424 572 88
424 591 75
424 593 61
425 452 35
425 462 73
425 474 63
425 476 79
425 509 100
425 540 100
425 549 46
425 553 71
425 570 70
425 582 69
425 588 91
425 593 42
426 433 13
426 435 90
426 437 31
426 480 43
426 499 81
426 507 14
426 528 69
427 447 5
427 454 87
427 460 29
427 492 90
427 533 60
427 564 58
427 569 69
427 587 74
427 596 88
428 440 56
428 462 48
428 468 100
428 482 42
428 483 72
428 510 62
428 533 73
428 559 24
429 430 61
429 432 18
429 446 94
429 449 82
429 450 38
429 454 36
429 460 23
429 477 50
429 490 77
429 498 5
429 535 44
429 537 57
429 560 18
429 579 64
429 599 13
430 440 5
430 447 93
430 462 2
430 490 16
430 522 50
430 527 70
430 531 89
430 536 37
430 539 77
430 557 89
430 597 88
431 432 71
431 465 60
431 509 49
431 529 43
431 589 35
432 433 61
432 434 60
432 479 28
432 481 42
432 496 97
432 504 15
432 511 17
432 517 99
432 551 91
432 589 73
432 590 94
433 441 99
433 450 43
433 452 10
433 481 11
433 529 99
433 534 2
433 548 13
433 579 14
433 597 3
434 437 34
434 439 54
434 443 39
434 477 63
434 504 42
434 561 26
434 569 33
435 452 54
435 453 26
435 464 75
435 472 88
435 486 86
435 487 86
435 500 68
435 528 79
435 538 34
435 588 82
435 593 47
435 594 84
436 560 73
436 561 20
436 578 78
437 456 71
437 484 62
437 519 87
437 525 34
437 561 60
437 564 40
437 565 46
437 577 25
437 580 42
437 581 31
438 542 78
438 590 32
438 598 93
439 477 20
439 491 9
439 510 25
439 511 73
439 518 34
439 542 51
439 548 12
439 589 71
440 444 36
440 450 79
440 451 49
440 452 70
440 477 61
440 535 48
440 542 53
440 571 33
440 574 67
440 585 30
441 448 55
441 452 80
441 472 68
441 507 40
441 520 39
441 533 7
441 552 37
441 591 63
442 445 48
442 448 68
442 499 40
442 503 79
442 507 12
442 540 11
442 544 87
442 546 89
442 562 35
442 573 72
442 577 39
443 467 47
443 471 42
443 489 75
443 535 25
443 545 43
443 561 44
443 580 85
444 447 90
444 469 48
444 473 69
444 485 8
444 519 30
444 522 76
444 535 87
444 569 97
444 586 15
445 446 25
445 452 56
445 475 52
445 477 39
445 503 3
445 536 71
445 555 78
446 503 34
446 552 82
446 562 41
446 572 72
446 592 70
447 473 75
447 489 44
447 509 9
447 516 21
447 517 85
447 526 35
447 539 46
447 574 79
447 577 30
447 578 82
448 479 68
448 571 77
449 486 3
449 488 75
449 499 6
449 505 78
449 508 61
449 544 55
449 563 44
449 592 37
449 594 10
449 596 47
450 498 75
450 509 64
450 532 17
450 537 5
450 551 49
450 570 99
450 589 97
451 457 21
451 462 20
451 463 71
451 464 16
451 471 80
451 477 92
451 554 52
452 467 14
452 471 89
452 497 31
452 533 43
452 537 70
452 557 98
452 579 72
452 584 72
453 456 25
453 486 77
453 488 1
453 535 37
453 547 83
453 566 97
454 463 74
454 467 44
454 476 43
454 488 100
454 518 8
454 578 60
454 592 56
455 468 56
455 520 10
455 578 52
456 517 28
456 522 29
456 529 23
456 531 43
456 535 61
457 460 66
457 473 95
457 479 74
457 508 54
457 516 25
457 524 69
457 583 75
457 588 74
457 590 40
457 597 99
458 459 50
458 521 68
458 530 51
458 540 87
458 546 51
458 556 47
458 567 12
458 583 94
458 585 90
459 467 63
459 468 53
459 469 1
459 476 19
459 492 61
459 522 10
459 544 22
459 546 88
459 567 90
459 591 96
460 509 83
460 512 50
460 522 61
460 558 29
460 568 76
460 593 66
461 520 5
461 537 44
461 540 41
461 541 30
462 466 35
462 484 91
462 500 80
462 516 54
462 520 41
462 527 18
462 584 56
462 587 88
463 470 29
463 480 50
463 495 29
463 500 91
463 501 54
463 512 29
463 514 61
463 533 14
463 540 90
463 551 83
463 586 54
464 474 79
464 500 30
464 511 88
464 563 81
464 586 91
464 587 16
464 593 8
465 476 8
465 481 20
465 486 51
465 492 100
465 501 49
465 502 37
465 503 90
465 510 80
465 514 90
465 517 83
465 537 97
465 546 46
465 567 22
465 569 77
465 573 47
466 467 50
466 495 20
466 507 100
466 508 30
466 528 80
466 529 66
466 532 19
466 556 14
466 574 71
467 468 97
467 487 44
467 490 58
467 510 29
467 520 86
467 525 25
467 567 36
467 593 93
468 497 96
468 518 38
468 522 93
468 533 96
468 537 74
468 543 82
468 560 76
468 565 16
468 590 16
468 595 24
469 475 13
469 486 37
469 495 1
469 502 59
469 514 86
469 523 20
469 537 10
469 560 15
469 567 99
469 572 27
469 582 85
469 596 65
470 479 97
470 487 34
470 494 60
470 510 6
470 516 62
470 521 45
470 534 82
470 541 50
470 544 37
470 551 77
470 553 87
470 564 81
470 571 73
471 474 13
471 495 15
471 523 48
471 541 28
471 545 30
471 575 71
471 589 92
471 592 67
472 481 23
472 504 50
472 551 4
473 501 42
473 521 11
473 538 19
473 546 93
473 597 38
474 487 55
474 490 57
474 497 86
474 510 88
474 536 16
474 539 44
474 541 50
474 542 12
474 545 25
474 555 99
475 488 100
475 554 2
475 566 37
476 502 81
476 544 26
476 580 49
476 593 95
477 478 25
477 511 28
477 531 76
477 566 47
478 479 19
478 496 42
478 504 70
478 508 20
478 541 46
478 543 11
478 580 31
479 507 16
479 523 3
479 548 20
479 557 70
479 588 11
479 598 57
480 534 58
480 578 78
480 592 100
481 482 59
481 518 89
481 527 77
481 573 9
482 486 89
482 520 30
482 560 45
482 583 21
482 593 55
483 505 46
483 553 67
484 532 79
484 536 73
484 553 42
484 556 25
484 586 44
485 511 36
485 527 94
485 533 63
485 541 33
485 553 57
485 566 45
485 586 100
485 591 11
486 498 64
486 524 21
487 521 22
487 537 73
487 549 30
487 552 51
487 580 72
488 494 88
488 499 40
488 553 100
488 557 96
488 565 80
488 598 29
489 588 93
490 497 52
490 525 83
490 532 38
490 533 70
490 549 13
490 586 10
491 493 11
491 574 90
491 589 5
492 506 98
492 518 35
492 529 68
492 543 30
492 556 91
492 563 64
492 569 81
492 570 54
492 573 80
492 597 2
493 523 75
493 534 52
493 552 31
493 554 77
493 570 75
493 582 71
493 589 68
494 507 75
494 511 66
494 530 47
494 550 3
494 580 58
495 499 50
495 524 38
495 559 47
495 560 19
495 582 2
496 530 57
496 537 82
496 577 91
496 584 61
497 511 31
497 519 26
497 546 80
497 593 61
497 597 68
498 502 44
498 546 93
498 548 21
498 551 75
498 574 94
498 581 47
498 596 26
498 599 77
499 596 24
500 578 100
501 506 47
502 523 91
502 536 26
502 558 12
502 580 90
503 507 81
503 526 22
503 527 91
503 531 70
503 532 68
503 554 62
503 570 71
503 571 76
503 577 43
503 581 14
503 591 89
504 523 73
504 529 91
504 536 20
504 572 85
504 580 58
504 590 15
505 523 30
505 533 31
505 540 89
505 545 23
506 544 29
506 553 66
506 587 99
507 566 4
508 534 66
508 549 45
508 560 47
509 514 91
509 526 9
509 532 88
509 560 23
509 590 82
510 527 78
510 543 92
510 559 1
510 574 39
511 534 63
511 583 29
511 585 33
511 590 76
511 593 69
511 596 58
512 518 18
512 556 88
512 579 94
513 563 27
514 539 55
514 554 23
514 564 57
514 581 95
515 538 46
515 577 38
515 590 61
516 555 96
516 581 41
516 596 78
517 519 93
517 557 39
517 564 68
517 583 1
518 586 26
518 598 91
519 530 34
519 532 56
519 545 82
519 551 34
519 552 46
520 541 96
520 550 14
520 556 31
520 583 23
520 592 82
522 553 88
522 559 40
522 561 22
522 580 81
523 532 67
523 548 76
523 553 56
523 561 75
523 580 70
523 593 53
524 550 12
524 582 82
526 552 48
526 554 5
526 576 59
527 532 40
527 538 95
527 573 79
527 595 92
528 549 21
529 562 69
530 533 77
530 551 76
530 599 2
531 542 11
531 560 73
531 567 50
531 568 24
531 580 3
532 533 72
532 536 58
532 552 90
532 570 64
532 579 79
532 582 23
532 583 82
532 584 6
532 589 78
532 597 56
533 534 75
533 549 82
533 563 20
533 567 57
533 587 29
534 547 76
534 557 15
534 561 21
534 599 70
535 543 93
535 545 64
535 554 42
536 564 13
536 582 41
536 589 69
537 569 67
538 566 3
538 571 42
538 581 68
539 542 78
539 547 44
539 557 91
539 559 35
539 582 86
540 594 54
541 543 13
541 569 60
541 570 35
541 589 18
542 560 89
543 551 43
543 564 45
544 547 70
544 552 62
544 582 53
544 592 98
545 558 89
545 593 19
545 594 70
546 555 58
546 559 64
546 561 34
547 557 100
548 568 76
548 583 26
548 597 68
549 552 94
549 565 28
549 570 61
550 552 61
551 555 5
551 566 57
551 567 4
551 578 40
551 583 42
551 591 57
552 560 4
553 569 53
554 558 44
554 563 74
554 577 41
554 586 86
554 587 70
555 576 10
556 587 99
557 572 22
557 573 59
557 587 39
558 566 92
558 571 29
558 580 48
559 564 55
559 593 14
560 563 99
560 572 83
561 591 39
561 599 19
562 570 76
562 582 18
562 589 79
563 568 89
563 590 22
565 571 35
566 573 92
566 579 13
567 586 28
567 587 100
569 570 69
569 579 80
569 582 43
570 576 42
570 578 20
570 593 80
572 582 63
572 595 29
573 581 30
573 589 36
574 581 40
576 584 68
576 587 27
576 597 20
576 598 16
578 586 82
581 583 85
582 598 14
583 591 64
588 590 23
588 598 32
589 596 91
589 598 40
590 593 63
592 599 31
600 299 78
601 599 16
600 601 94
602 621 28
602 634 16
602 648 41
602 649 13
602 655 44
602 670 3
602 682 40
602 723 8
602 755 35
602 790 17
602 806 18
602 817 2
602 841 2
602 869 26
602 889 7
602 894 19
603 623 3
603 636 21
603 669 12
603 673 17
603 674 3
603 705 25
603 717 10
603 752 5
603 754 18
603 769 22
603 787 48
603 829 45
603 837 23
603 873 32
604 632 45
604 635 50
604 680 47
604 688 37
604 697 15
604 705 41
604 719 40
604 763 6
604 771 50
604 784 24
604 788 22
604 790 19
604 796 27
604 840 23
604 866 44
604 874 33
604 882 44
604 901 48
605 608 5
605 610 5
605 624 15
605 649 8
605 666 32
605 679 26
605 720 14
605 729 49
605 747 49
605 815 13
605 829 44
605 843 21
605 860 44
605 874 40
605 886 23
606 608 42
606 635 27
606 659 37
606 664 34
606 671 16
606 674 42
606 681 36
606 692 41
606 695 14
606 708 4
606 720 17
606 739 38
606 761 50
606 765 49
606 777 31
606 801 47
606 817 5
606 847 38
606 857 13
607 608 14
607 617 19
607 629 40
607 679 27
607 712 19
607 737 40
607 739 39
607 782 14
607 800 11
607 832 34
607 843 4
607 871 35
608 637 26
608 690 32
608 709 23
608 720 11
608 728 47
608 745 16
608 759 46
608 807 37
608 816 31
608 829 50
608 873 5
608 890 19
609 618 49
609 671 5
609 679 1
609 694 45
609 707 9
609 714 38
609 726 10
609 731 23
609 758 8
609 775 49
609 835 1
609 856 29
609 859 39
609 901 42
610 614 42
610 648 1
610 659 25
610 718 47
610 723 35
610 790 2
610 791 28
610 810 9
610 853 13
610 861 26
610 870 24
610 894 8
611 649 14
611 653 5
611 708 7
611 710 18
611 765 23
611 766 7
611 783 22
611 804 25
611 806 4
611 826 33
611 830 13
611 861 13
611 869 7
611 879 22
611 885 11
611 891 7
612 616 50
612 631 1
612 638 48
612 672 42
612 677 1
612 696 25
612 716 40
612 719 37
612 791 28
612 812 18
612 813 45
612 818 40
612 821 45
612 832 21
612 838 50
612 888 9
612 894 25
613 619 6
613 686 26
613 733 49
613 752 15
613 757 50
613 759 23
613 767 18
613 769 32
613 787 35
613 793 30
613 831 38
613 853 9
613 869 42
613 882 46
614 674 8
614 696 43
614 713 46
614 720 49
614 731 45
614 734 22
614 751 41
614 758 32
614 762 49
614 827 8
614 854 28
615 631 39
615 686 2
615 691 48
615 697 38
615 712 12
615 773 24
615 776 45
615 789 40
615 793 22
615 798 11
615 811 39
615 813 45
615 815 28
615 836 22
615 855 31
615 867 7
615 869 11
615 880 39
615 892 49
616 617 6
616 761 49
616 791 43
616 793 3
616 802 49
616 804 37
616 830 24
616 833 39
616 842 20
616 848 23
616 892 46
617 647 50
617 673 13
617 675 50
617 678 49
617 721 2
617 749 13
617 755 23
617 762 48
617 811 2
617 834 46
617 838 9
617 852 42
617 863 40
617 867 36
618 641 15
618 658 23
618 662 45
618 667 25
618 669 13
618 690 43
618 698 33
618 717 11
618 734 37
618 798 35
618 843 10
618 875 25
619 628 9
619 658 50
619 731 45
619 740 31
619 768 48
619 784 46
619 794 43
619 829 47
619 843 44
619 844 46
619 854 9
619 870 18
620 624 43
620 638 13
620 658 14
620 662 1
620 670 4
620 675 5
620 680 37
620 701 21
620 715 29
620 809 31
620 812 45
620 819 42
620 825 25
620 835 27
620 883 4
620 900 11
621 624 14
621 626 15
621 633 37
621 680 22
621 681 15
621 685 31
621 686 4
621 697 12
621 731 26
621 743 48
621 757 10
621 775 22
621 785 43
621 820 20
621 822 39
621 855 35
622 642 32
622 649 4
622 665 36
622 667 38
622 693 9
622 699 24
622 721 8
622 735 37
622 741 6
622 747 4
622 781 30
622 808 30
622 839 33
622 849 34
622 872 42
623 670 46
623 679 50
623 710 28
623 714 19
623 742 16
623 760 11
623 768 24
623 781 27
623 783 38
623 788 21
623 793 38
623 811 9
623 859 15
624 640 8
624 677 50
624 681 1
624 716 41
624 740 5
624 751 38
624 853 30
624 889 13
625 641 11
625 657 39
625 722 2
625 735 16
625 804 43
625 816 33
625 832 47
625 835 27
625 867 18
625 884 38
625 897 22
626 665 18
626 675 18
626 686 42
626 774 33
626 785 30
626 792 15
626 797 12
626 808 17
626 811 37
626 813 49
626 829 28
626 835 1
626 856 8
626 873 29
626 878 3
627 666 49
627 700 33
627 777 41
627 812 28
627 813 48
627 819 3
627 860 19
627 870 1
628 674 19
628 697 11
628 701 33
628 703 17
628 709 37
628 714 1
628 754 7
628 769 10
628 773 18
628 793 24
628 836 3
628 844 2
628 848 3
628 872 17
629 637 13
629 657 21
629 676 5
629 690 14
629 720 48
629 765 5
629 802 21
629 808 26
629 819 9
629 833 19
629 868 11
629 891 49
630 652 49
630 716 8
630 723 2
630 773 17
630 780 8
630 808 22
630 823 29
630 854 42
630 881 38
630 885 17
631 636 42
631 640 46
631 649 26
631 655 11
631 664 19
631 671 30
631 684 13
631 742 23
631 748 46
631 764 27
631 799 44
631 836 50
631 850 40
631 859 43
631 865 6
631 873 11
631 890 21
631 893 14
632 639 31
632 654 31
632 708 15
632 717 31
632 745 40
632 754 18
632 764 47
632 800 49
632 818 39
632 823 25
632 855 40
632 862 28
632 882 41
632 888 32
633 659 24
633 672 18
633 686 44
633 692 44
633 714 47
633 834 6
633 841 19
633 868 44
633 869 35
633 877 14
633 892 45
634 646 26
634 667 6
634 719 50
634 723 36
634 746 28
634 758 16
634 760 19
634 801 10
634 804 30
634 808 49
634 813 49
634 829 47
634 836 48
634 838 47
634 890 37
634 891 22
635 658 39
635 663 16
635 668 15
635 728 20
635 736 39
635 747 34
635 764 13
635 787 35
635 836 33
635 857 21
635 862 3
635 890 28
636 637 7
636 644 16
636 654 23
636 660 32
636 712 23
636 715 24
636 724 20
636 725 1
636 741 39
636 754 38
636 769 12
636 800 20
636 803 38
636 828 11
636 865 18
637 645 35
637 739 9
637 740 6
637 756 9
637 787 47
637 810 22
637 842 25
637 861 18
638 664 12
638 668 8
638 700 33
638 708 46
638 892 42
638 895 5
639 680 50
639 730 20
639 794 11
639 805 17
639 807 42
639 814 42
639 849 40
639 853 17
639 855 11
639 861 42
639 864 8
640 682 50
640 684 3
640 687 29
640 743 38
640 899 15
641 656 47
641 657 22
641 687 24
641 760 4
641 790 32
641 822 22
641 828 25
641 829 6
641 889 40
641 891 39
642 741 14
642 753 24
642 760 34
642 793 7
642 807 28
642 811 36
642 819 26
642 832 38
642 882 2
642 892 19
643 654 31
643 673 41
643 690 38
643 711 42
643 726 34
643 758 45
643 766 41
643 783 39
643 797 23
643 811 30
643 814 3
643 822 21
643 857 2
643 866 28
644 658 25
644 663 35
644 664 50
644 687 1
644 698 41
644 705 41
644 717 39
644 756 6
644 775 16
644 785 25
644 831 12
644 848 43
644 851 10
644 852 40
644 864 32
644 894 11
645 674 10
645 733 12
645 740 4
645 751 47
645 756 5
645 759 39
645 774 41
645 833 46
645 836 27
645 839 16
645 840 25
645 848 30
645 871 36
645 874 28
646 670 7
646 679 12
646 758 15
646 781 8
646 794 15
646 814 5
646 840 50
646 867 3
646 875 10
646 896 15
647 672 29
647 685 23
647 701 7
647 708 38
647 719 12
647 726 38
647 749 1
647 753 22
647 776 2
647 788 4
647 793 18
647 799 6
647 811 42
647 816 11
647 844 3
647 868 21
647 897 28
648 666 30
648 758 50
648 782 13
648 796 9
648 797 8
648 835 27
648 856 23
648 857 16
648 862 41
648 891 27
648 892 15
648 895 45
649 684 36
649 695 32
649 728 24
649 775 11
649 801 38
649 818 13
649 826 22
649 827 28
649 841 13
649 864 45
649 871 29
650 665 18
650 672 15
650 687 36
650 690 10
650 693 25
650 705 39
650 714 30
650 738 2
650 757 18
650 760 31
650 783 16
650 791 26
650 851 40
650 856 44
650 860 49
650 864 5
650 866 34
650 885 27
650 894 22
651 673 31
651 697 13
651 707 3
651 742 4
651 755 23
651 774 42
651 782 16
651 805 46
651 816 21
651 835 29
651 839 41
651 848 49
651 857 48
651 875 5
652 672 37
652 675 9
652 685 31
652 691 25
652 697 40
652 717 34
652 741 44
652 770 20
652 784 49
652 828 19
653 674 10
653 721 43
653 746 19
653 767 16
653 781 28
653 793 46
653 800 39
653 834 8
653 855 10
653 878 43
653 885 13
654 656 34
654 664 35
654 705 29
654 730 29
654 740 5
654 786 9
654 812 21
654 819 6
654 830 6
654 836 27
654 852 44
654 860 15
654 867 7
654 884 18
654 890 4
654 893 40
655 661 13
655 703 26
655 725 41
655 736 31
655 744 37
655 751 33
655 759 2
655 762 2
655 765 12
655 793 47
655 805 43
655 809 22
655 861 8
655 879 35
655 896 34
656 708 41
656 714 21
656 724 14
656 731 21
656 741 28
656 742 22
656 743 44
656 765 33
656 793 30
656 864 20
656 886 26
657 658 46
657 661 27
657 663 45
657 684 1
657 687 18
657 695 7
657 762 28
657 795 8
657 799 39
657 816 14
657 859 42
657 880 42
657 887 18
657 897 4
658 676 38
658 679 10
658 681 25
658 693 47
658 698 46
658 711 8
658 722 39
658 747 17
658 805 22
658 811 10
658 819 44
658 843 45
658 851 5
658 886 28
658 887 26
658 889 24
658 894 3
659 667 21
659 670 2
659 682 49
659 700 22
659 716 20
659 721 7
659 726 1
659 735 27
659 742 45
659 778 15
659 811 19
659 844 37
659 869 32
659 872 22
660 662 26
660 667 43
660 684 48
660 689 25
660 711 38
660 729 7
660 757 13
660 764 4
660 791 28
660 793 24
660 794 49
660 798 25
660 828 28
660 834 26
660 867 50
660 876 2
660 879 30
660 890 23
661 687 5
661 691 28
661 749 46
661 785 24
661 815 34
661 825 46
661 866 1
661 881 31
661 884 10
662 674 21
662 710 19
662 744 43
662 775 44
662 799 46
662 808 35
662 819 41
662 826 20
662 834 23
662 868 47
662 884 33
662 887 28
662 897 27
663 689 6
663 694 29
663 732 3
663 776 36
663 780 4
663 781 2
663 782 39
663 786 34
663 788 24
663 815 43
663 826 13
663 846 19
663 884 17
663 893 49
664 676 15
664 679 19
664 692 31
664 704 26
664 718 41
664 776 49
664 794 19
664 803 34
664 819 44
664 825 5
664 829 26
664 865 16
665 681 29
665 683 22
665 714 48
665 749 7
665 772 50
665 790 5
665 844 35
665 846 2
665 859 40
665 860 40
665 864 6
665 879 30
666 730 23
666 755 29
666 825 23
666 826 38
666 853 50
666 859 41
666 861 36
666 893 16
666 897 11
666 899 16
667 668 43
667 672 1
667 675 16
667 754 11
667 851 36
668 698 11
668 728 16
668 763 11
668 765 26
668 781 44
668 783 32
668 790 25
668 791 2
668 848 34
668 880 32
669 684 38
669 766 37
669 771 23
669 787 28
669 812 42
669 828 3
669 829 2
669 844 23
669 861 25
669 879 41
669 887 24
669 888 17
669 894 26
669 898 39
670 671 27
670 711 43
670 737 31
670 768 29
670 804 10
670 836 44
670 842 14
670 855 23
670 892 11
671 749 24
671 762 48
671 841 4
671 860 7
671 873 25
671 888 8
671 897 42
671 901 6
672 687 47
672 709 29
672 718 30
672 720 24
672 725 20
672 730 32
672 746 28
672 751 44
672 774 8
672 791 18
672 812 17
672 816 24
672 825 46
672 826 7
672 839 2
672 841 40
672 847 40
672 850 32
672 863 2
672 865 33
672 879 45
672 895 24
673 692 43
673 695 20
673 726 23
673 734 48
673 739 29
673 755 47
673 788 7
673 790 22
673 795 4
673 798 4
673 803 50
673 832 34
673 836 29
673 845 22
673 860 17
673 864 8
673 869 15
673 896 25
673 899 28
674 721 34
674 729 50
674 763 23
674 785 40
674 836 4
674 860 14
674 875 29
674 890 35
674 895 15
674 898 13
675 702 32
675 735 40
675 743 7
675 767 3
675 775 13
675 808 5
675 815 31
675 857 11
675 883 13
676 681 3
676 685 15
676 738 16
676 752 4
676 761 50
676 786 47
676 810 25
676 883 18
677 682 4
677 717 42
677 718 42
677 746 31
677 789 25
677 793 44
677 812 5
677 829 16
677 841 47
677 866 21
677 872 47
677 885 33
677 887 35
678 686 9
678 709 14
678 732 25
678 734 16
678 736 17
678 757 39
678 774 22
678 796 49
678 811 49
678 853 34
678 866 3
678 867 13
679 699 2
679 701 7
679 724 14
679 739 48
679 781 33
679 797 32
679 888 1
679 890 26
680 686 25
680 703 34
680 727 2
680 742 20
680 753 38
680 756 18
680 763 16
680 783 8
680 798 16
680 814 1
680 843 45
680 849 24
680 861 14
680 865 21
680 888 41
680 899 32
681 695 9
681 706 12
681 715 33
681 778 7
681 826 48
681 883 35
681 885 22
682 683 49
682 734 43
682 735 37
682 739 46
682 769 26
682 802 18
682 810 48
682 857 3
682 884 45
683 685 31
683 687 5
683 692 14
683 702 21
683 713 24
683 731 32
683 747 30
683 770 39
683 780 32
683 792 26
683 810 14
683 824 47
683 826 46
683 866 5
683 867 31
683 894 6
684 721 18
684 743 13
684 749 13
684 755 15
684 759 47
684 774 36
684 784 13
684 796 40
684 799 22
684 810 10
684 816 17
684 818 42
684 821 8
684 824 19
684 831 38
684 838 38
684 844 25
684 848 1
684 849 10
684 878 48
685 695 34
685 755 40
685 799 36
685 800 15
685 822 15
685 828 50
685 829 14
685 852 13
685 858 6
685 888 44
686 723 18
686 743 23
686 758 6
686 771 32
686 773 38
686 825 4
686 830 19
686 839 50
686 852 45
686 858 43
686 859 10
686 879 11
686 888 34
687 692 19
687 774 32
687 794 21
687 817 8
687 840 6
687 851 23
687 871 18
687 879 6
687 892 7
688 767 9
688 772 41
688 787 23
688 790 25
688 800 42
688 816 36
688 869 39
689 708 47
689 709 31
689 755 9
689 792 20
689 827 38
689 831 40
690 719 9
690 763 42
690 766 11
690 775 10
690 785 36
690 796 3
690 860 21
690 880 49
691 719 38
691 738 39
691 764 32
691 794 8
691 880 47
691 882 39
692 707 32
692 725 16
692 738 44
692 749 38
692 756 26
692 764 37
692 767 13
692 805 50
692 870 28
692 886 50
693 703 39
693 717 25
693 722 31
693 766 47
693 770 46
693 787 18
693 893 38
693 895 4
694 716 11
694 733 48
694 790 15
694 793 49
694 824 2
694 852 36
694 878 49
694 900 39
695 709 24
695 726 30
695 806 48
695 845 22
695 885 18
695 896 30
696 722 37
696 735 14
696 750 19
696 767 12
696 775 50
696 777 31
696 797 14
696 803 27
696 883 31
696 889 4
697 719 3
697 740 11
697 751 2
697 769 50
697 794 30
697 817 39
697 833 3
697 873 43
698 721 39
698 759 18
698 776 41
698 786 42
698 788 5
698 796 41
698 808 31
698 814 28
698 834 20
699 702 28
699 729 2
699 736 39
699 759 9
699 778 40
699 792 2
699 796 28
699 797 2
699 799 1
699 800 8
699 808 17
699 828 30
699 844 38
699 851 20
699 866 32
699 877 50
700 701 21
700 714 32
700 759 32
700 768 11
700 807 36
700 809 24
700 812 1
701 764 5
701 788 16
701 789 43
701 823 9
701 859 6
701 860 23
701 864 39
701 865 27
702 783 2
702 804 40
702 805 15
702 820 11
702 824 29
702 831 19
702 848 38
702 850 32
702 854 19
702 868 45
702 874 48
703 706 48
703 769 35
703 802 19
703 819 32
703 840 34
703 841 41
703 883 13
703 886 15
703 894 4
703 895 50
703 897 40
703 901 4
704 833 5
704 858 5
704 863 46
704 869 13
704 874 12
704 891 20
705 707 3
705 714 38
705 729 24
705 737 42
705 775 5
705 779 34
705 823 23
705 824 23
705 847 23
705 850 4
705 855 43
705 859 19
705 880 4
706 707 43
706 746 3
706 765 24
706 784 24
706 793 39
706 811 15
706 824 38
706 837 3
706 858 18
706 865 37
706 870 45
706 887 21
706 888 41
707 723 49
707 774 19
707 787 6
707 792 13
707 826 40
707 829 8
707 836 50
707 856 13
708 714 2
708 718 6
708 773 48
708 788 24
708 789 30
708 819 20
708 839 27
708 844 23
708 898 39
709 739 32
709 750 17
709 762 43
709 764 6
709 777 40
709 784 31
709 837 20
709 840 29
709 841 36
709 886 39
709 889 15
709 894 30
710 807 9
710 814 8
710 822 30
710 825 29
710 843 15
710 879 42
710 884 19
710 886 22
711 721 44
711 734 33
711 753 23
711 827 49
711 833 31
711 852 46
711 868 31
711 871 2
711 878 25
711 879 3
712 767 42
712 828 6
712 835 21
712 839 35
712 847 11
712 873 12
712 876 15
712 878 32
712 895 40
713 725 2
713 732 20
713 735 6
713 751 31
713 759 31
713 770 15
713 778 11
713 806 11
713 846 29
713 899 4
714 736 31
714 737 1
714 738 49
714 746 14
714 788 25
714 798 50
714 806 46
714 814 23
714 820 30
714 839 47
715 727 49
715 783 34
715 803 39
715 820 4
715 830 4
715 875 25
715 889 17
715 896 15
716 722 39
716 725 48
716 755 4
716 765 43
716 828 20
716 834 11
716 849 23
716 858 50
716 879 26
716 881 35
716 889 12
717 723 4
717 749 41
717 750 43
717 774 6
717 796 39
717 846 6
717 885 33
718 726 38
718 732 1
718 744 5
718 748 19
718 760 49
718 780 3
718 796 2
718 834 39
718 839 8
718 852 5
718 857 13
719 720 26
719 721 21
719 726 4
719 736 26
719 745 24
719 755 46
719 762 45
719 782 37
719 802 20
719 812 46
719 820 12
719 829 7
719 835 7
720 723 17
720 745 47
720 746 49
720 840 23
720 865 37
720 887 6
720 891 7
721 755 25
721 763 8
721 766 11
721 768 45
721 773 7
721 774 15
721 796 47
721 800 45
721 821 24
721 823 3
721 831 8
721 840 50
721 857 24
721 870 13
721 895 25
722 755 49
722 794 8
722 807 19
722 816 35
722 824 27
722 825 16
722 852 48
722 871 33
722 873 22
722 895 15
723 725 29
723 727 23
723 732 39
723 750 18
723 769 28
723 786 45
723 800 44
723 813 38
723 816 7
723 818 38
723 819 46
723 825 21
723 846 34
723 852 40
723 859 44
723 896 39
724 730 49
724 760 43
724 764 12
724 767 11
724 781 19
724 800 10
724 814 20
724 818 37
724 844 47
724 894 47
725 726 2
725 747 44
725 767 31
725 775 26
725 787 10
725 796 12
725 831 50
725 833 48
725 841 29
725 854 29
725 869 42
725 882 22
726 727 16
726 737 48
726 762 9
726 817 11
726 823 20
726 879 45
726 887 3
727 729 16
727 766 33
727 817 3
727 898 8
728 729 46
728 736 16
728 751 29
728 780 7
728 785 35
728 807 15
728 829 3
728 833 33
728 889 19
728 891 49
729 744 14
729 796 46
729 822 8
729 879 27
730 733 45
730 740 6
730 753 5
730 773 23
730 774 49
730 779 28
730 806 39
730 807 47
730 808 38
730 812 1
730 834 18
730 862 32
730 880 3
731 741 33
731 755 16
731 764 8
731 767 43
731 779 11
731 785 23
731 794 21
731 825 18
731 828 9
731 830 37
731 844 20
731 846 42
731 850 5
731 853 20
731 861 7
732 740 50
732 741 28
732 761 33
732 767 46
732 794 35
732 811 39
732 815 19
732 844 33
732 846 18
732 865 9
732 873 31
732 875 5
732 876 9
733 734 1
733 746 37
733 750 14
733 767 33
733 786 2
733 813 21
733 814 25
733 831 15
733 842 43
733 851 47
733 870 32
733 879 1
734 738 34
734 739 3
734 751 44
734 759 38
734 773 23
734 795 2
734 839 40
734 872 2
734 882 36
735 745 35
735 787 38
735 801 26
735 833 5
735 842 22
736 748 43
736 749 13
736 755 5
736 796 48
736 802 24
736 823 5
736 857 36
736 872 37
737 740 37
737 760 39
737 764 9
737 777 14
737 795 3
737 804 3
737 827 10
737 874 34
737 876 5
737 879 43
737 900 39
738 778 49
738 812 33
738 817 11
738 828 50
738 829 24
738 846 14
738 850 38
738 869 8
739 745 1
739 793 13
739 857 15
739 883 22
740 751 6
740 821 29
740 833 26
740 860 3
740 874 2
740 883 30
740 895 38
741 751 40
741 769 19
741 780 28
741 799 48
741 825 32
741 837 31
741 868 50
742 779 43
742 790 16
742 806 5
742 808 38
742 815 4
742 819 5
742 831 20
742 842 16
742 863 6
742 879 43
742 897 29
743 773 43
743 800 2
743 809 29
743 816 6
743 838 18
743 872 1
743 886 13
744 773 47
744 787 26
744 822 15
744 827 48
744 836 8
744 842 4
744 867 40
744 875 26
745 750 31
745 770 39
745 790 9
745 794 13
745 795 39
745 811 3
745 837 29
745 838 45
745 844 40
745 861 32
745 882 1
745 888 11
746 761 48
746 787 8
746 829 5
746 839 26
746 844 1
746 855 9
746 894 7
747 761 8
747 771 26
747 793 7
747 794 20
747 815 22
747 829 34
747 851 36
747 856 22
747 869 43
747 874 41
747 894 11
747 897 20
747 898 23
747 900 1
748 760 30
748 824 38
748 829 41
748 859 33
749 756 16
749 769 35
749 788 24
749 854 47
749 865 37
749 867 37
749 891 46
750 751 45
750 861 41
751 756 24
751 766 47
751 792 1
751 806 30
751 822 6
751 832 27
751 834 38
751 837 27
751 861 50
751 883 23
752 754 14
752 786 23
752 787 16
752 790 6
752 804 35
752 863 35
752 869 28
752 881 36
752 891 15
753 761 15
753 768 26
753 777 49
753 820 32
753 826 13
753 837 22
753 854 31
753 871 49
754 756 8
754 808 26
754 839 45
754 842 1
754 847 49
754 854 43
754 874 1
755 789 30
755 810 48
755 824 29
755 827 17
755 852 24
755 872 31
756 771 40
756 795 37
756 803 3
756 815 7
756 848 44
756 873 38
756 879 43
756 893 22
757 801 23
757 805 9
757 807 38
757 808 50
757 814 7
757 821 20
757 857 12
757 880 31
757 899 2
758 797 13
758 805 40
758 874 27
758 880 7
759 760 42
759 765 28
759 770 50
759 783 43
759 794 7
759 796 47
759 809 23
759 817 24
759 869 23
759 882 3
759 889 15
760 767 11
760 768 8
760 772 23
760 778 5
760 796 47
760 805 15
761 780 28
761 797 21
761 801 26
761 807 17
761 829 20
761 837 34
761 846 38
762 763 32
762 775 14
762 786 39
762 793 44
762 800 6
762 823 16
762 848 50
762 867 47
763 774 43
763 776 1
763 779 41
763 786 1
763 815 50
763 872 14
764 768 26
764 774 22
764 786 18
764 815 42
764 874 34
765 783 27
765 801 14
765 807 38
765 827 23
765 837 31
765 845 17
765 851 43
765 856 8
766 799 34
766 800 13
766 840 41
766 859 21
766 881 46
767 778 7
767 786 10
767 793 39
767 822 12
767 826 27
767 860 40
767 869 10
768 791 21
768 819 41
768 868 1
769 779 21
769 793 42
769 794 16
769 798 49
769 817 13
769 885 35
769 891 40
769 898 48
770 777 12
770 785 6
770 796 36
770 822 34
770 896 36
771 835 4
771 839 29
771 849 43
771 867 37
772 790 41
772 800 35
772 813 10
772 873 38
772 891 41
772 900 19
773 774 26
773 779 4
773 827 47
773 836 17
773 867 14
774 778 17
774 820 9
774 848 14
774 850 39
774 858 50
774 877 31
774 900 37
775 789 14
775 806 15
775 811 29
775 815 12
775 816 28
775 820 34
775 839 49
775 846 14
775 852 19
775 896 2
776 785 42
776 787 13
776 803 41
776 813 34
776 840 47
776 846 50
776 874 21
776 887 38
777 784 20
777 786 48
777 813 41
777 839 16
777 847 14
777 855 6
777 857 32
777 889 23
777 895 19
778 788 22
778 799 24
778 813 1
778 815 9
778 824 38
778 840 16
778 865 37
778 866 1
779 787 45
779 826 22
779 834 49
779 887 8
779 893 40
780 784 2
780 806 49
780 830 4
780 847 42
781 787 32
781 791 2
781 833 43
781 836 4
781 855 39
781 871 12
781 891 1
782 810 32
782 812 27
782 860 17
782 880 39
782 882 10
782 887 41
782 900 8
783 786 32
783 800 14
783 823 10
783 829 42
784 797 3
784 823 27
784 846 30
784 858 3
784 888 22
784 889 1
785 844 3
785 848 29
785 870 42
786 819 7
786 821 28
786 830 47
786 854 50
786 878 11
786 891 48
787 791 43
787 836 17
787 837 39
787 839 4
787 840 17
787 852 20
787 855 31
787 856 35
787 857 8
787 887 40
787 899 25
788 813 17
788 816 23
788 877 39
789 808 29
789 815 14
789 847 41
789 859 5
789 860 45
789 861 46
789 865 26
789 881 45
789 898 50
790 799 5
790 816 38
790 836 6
790 845 34
790 860 34
790 865 6
790 879 46
790 887 32
791 807 48
791 812 12
791 813 20
791 868 3
791 884 31
791 892 41
791 898 33
792 834 15
792 852 50
792 868 25
792 887 42
793 837 19
793 850 47
793 895 30
793 899 47
794 802 13
794 827 22
794 836 1
794 868 9
795 797 19
795 803 29
795 808 6
795 847 19
795 853 33
795 866 43
795 882 24
796 805 18
796 815 29
796 840 31
796 843 15
796 856 10
796 890 30
797 816 27
797 863 31
797 881 33
797 900 9
798 807 23
798 838 17
798 851 25
798 862 24
798 897 41
798 898 16
799 835 42
799 846 40
799 858 47
799 874 40
799 898 4
800 810 19
800 820 43
800 827 12
800 837 37
800 851 21
801 808 17
801 813 7
801 816 5
801 823 12
802 811 33
802 814 24
802 829 40
802 859 13
802 898 38
803 815 1
803 830 45
803 832 16
803 848 33
803 859 27
803 863 26
803 877 5
803 900 45
804 822 1
804 851 28
804 862 36
804 884 18
804 891 22
805 820 27
805 836 17
805 863 11
805 899 30
806 849 37
807 817 5
807 831 41
807 855 23
807 870 25
807 881 10
807 897 32
808 823 31
808 826 21
808 832 14
808 840 4
808 844 10
809 848 26
809 852 44
809 867 12
809 871 22
809 873 9
811 839 44
811 871 48
812 828 35
812 852 48
812 867 45
812 875 37
813 815 27
813 833 30
813 842 6
813 857 48
813 886 8
813 896 22
813 900 11
814 817 37
814 841 8
814 847 15
814 849 29
814 857 33
814 872 42
814 886 40
815 839 14
815 843 24
815 854 10
815 856 27
815 867 30
815 878 21
815 894 4
816 824 23
816 832 32
816 833 26
816 860 33
816 874 25
817 837 25
817 845 19
817 876 24
817 895 19
818 821 7
818 841 1
818 870 50
818 875 13
818 876 50
818 896 7
820 839 36
820 844 12
820 867 45
820 877 46
820 890 29
820 900 26
822 849 30
822 851 20
822 866 15
823 840 45
823 851 45
823 859 25
823 865 23
823 888 24
824 851 47
824 860 28
824 879 46
824 880 29
824 886 3
824 888 31
824 900 5
825 847 30
825 862 49
825 865 31
825 889 50
826 829 6
826 841 33
826 859 2
827 837 20
827 852 32
827 861 10
827 865 7
827 877 46
827 890 5
827 896 4
827 900 24
828 831 30
828 844 33
828 856 45
828 860 46
828 862 29
828 871 39
828 876 20
828 885 1
829 854 13
829 855 19
829 870 29
829 891 10
830 858 49
830 870 33
830 881 40
830 887 3
831 858 14
832 857 39
833 834 35
833 835 14
833 847 46
833 851 17
833 882 17
833 900 15
834 837 1
834 848 26
835 881 21
836 850 46
836 855 30
836 870 25
837 838 19
837 845 11
837 876 9
837 887 13
838 860 7
838 878 38
839 842 1
839 884 28
839 887 38
840 849 13
840 871 46
840 876 18
841 851 25
841 890 46
841 891 1
842 863 14
842 866 49
842 873 14
843 849 4
843 862 35
843 870 29
844 864 49
844 897 2
845 849 45
845 857 13
845 884 2
845 892 23
845 898 36
846 857 47
849 852 4
849 856 12
849 859 17
849 885 15
850 864 22
850 872 29
850 891 23
850 898 9
853 858 29
853 878 50
853 894 49
854 893 44
854 899 48
855 879 18
855 881 20
856 882 43
856 886 18
856 898 33
857 872 43
858 870 34
858 900 37
859 882 28
860 864 14
860 892 37
861 864 31
861 866 9
861 875 2
861 885 32
861 895 33
862 868 37
862 895 30
864 888 36
864 889 50
865 878 46
865 881 50
865 885 21
865 892 26
866 883 24
866 901 30
867 874 4
867 876 26
868 882 30
870 888 49
870 895 23
871 895 47
872 893 20
873 888 17
873 898 17
876 899 3
877 881 12
877 896 50
880 881 41
882 901 41
883 884 15
885 895 29
886 889 21
887 900 25
887 901 30
890 893 4
891 898 7
895 896 18
896 898 35
902 601 93
903 901 50
902 903 22
