904 6735
52 50 30 59 19 78 11 7 64 100 66 89 33 56 36 65 84 51 20 33 1 42 54 17 12 17 95 92 79 98 71 82 47 1 92 17 30 3 23 93 2 40 81 86 95 68 50 78 71 21 63 71 62 16 40 26 84 34 69 62 83 40 43 29 92 35 46 73 89 20 66 90 60 98 76 54 18 77 84 88 98 46 58 11 13 97 36 96 82 57 9 64 48 51 93 39 37 90 11 25 9 28 67 20 78 94 74 95 70 9 82 67 6 39 78 18 88 65 13 69 73 21 33 20 23 77 10 12 66 73 88 26 52 6 46 29 99 71 75 69 79 56 87 36 47 16 53 34 81 17 2 5 89 34 77 11 10 86 74 27 10 14 53 14 19 50 42 18 20 17 86 50 24 24 85 70 40 89 55 20 5 57 76 93 42 52 55 4 90 29 82 51 42 34 64 60 35 58 29 54 26 66 55 49 90 39 71 29 27 25 100 83 33 75 75 27 79 30 82 68 10 63 18 3 49 82 14 83 39 43 37 64 8 91 64 97 82 86 77 60 11 76 43 95 3 17 73 81 98 54 100 7 17 17 61 65 50 75 99 40 17 87 55 76 78 19 25 11 56 1 70 18 29 64 13 31 81 85 63 30 91 62 89 7 30 49 23 80 23 21 71 91 8 26 67 37 96 43 99 51 59 10 54 47 92 48 75 56 45 18 66 92 56 1 74 98 17 82 46 3 41 33 89 45 84 12 18 3 26 43 28 36 4 81 83 96 80 9 3 24 27 68 68 82 21 41 31 89 74 28 91 66 13 79 10 96 42 28 50 19 22 77 55 25 9 89 72 41 97 26 64 75 94 31 8 66 23 90 54 96 70 96 62 82 26 23 77 67 2 79 38 75 55 44 100 16 84 23 56 32 49 71 7 94 54 66 59 76 8 64 24 77 59 37 58 84 59 86 2 13 64 91 87 71 34 38 38 69 13 93 1 13 15 59 6 68 24 16 44 31 31 19 7 89 55 16 72 65 54 25 29 69 16 16 39 1 5 28 70 17 72 70 81 87 28 38 54 3 53 49 86 35 67 44 23 73 60 46 38 65 71 66 33 86 33 24 38 90 51 7 58 23 28 39 9 7 76 62 62 81 11 47 15 29 90 38 2 1 35 91 65 5 8 98 42 93 73 80 82 23 38 39 45 18 77 5 24 5 19 85 85 81 31 99 9 73 88 62 73 75 52 90 31 60 87 73 52 11 4 85 33 93 23 30 10 52 86 34 56 4 70 92 84 53 90 45 25 30 6 49 56 10 38 86 69 76 10 72 86 13 56 71 58 30 100 67 81 37 52 36 41 74 27 76 26 69 20 2 50 78 84 87 56 83 90 100 85 62 46 99 7 97 88 90 18 48 28 52 88 82 2 76 51 83 100 94 31 2 41 100 35 55 84 91 89 25 42 73 87 87 23 93 35 11 34 52 58 62 56 97 43 9 72 45 91 71 39 73 25 31 72 11 37 7 1 26 32 42 98 70 81 73 62 15 83 47 19 92 8 26 41 2 34 12 47 76 35 37 48 11 67 71 21 55 77 22 80 60 15 30 29 47 2 42 62 36 89 80 27 96 57 19 50 90 31 96 17 17 32 64 27 50 34 47 4 62 20 84 22 87 65 2 33 18 44 46 53 32 77 31 79 33 50 28 74 32 75 90 48 58 53 26 7 38 24 11 52 44 46 73 82 62 26 14 79 69 12 31 52 88 13 31 21 62 10 94 45 37 84 44 94 88 69 1 78 93 63 81 88 60 5 69 21 30 34 99 99 97 81 2 85 45 84 57 59 94 50 3 30 85 47 23 25 15 75 54 59 37 34 46 48 90 66 68 19 52 18 69 48 50 71 84 95 54 40 53 99 42 55 80 78 53 55 54 68 29 7 78 18 92 76 65 81 93 33 100 44 2 20 44 52 90 27 98 44 19 2 42 60 8 22 37 61 76 91 80 56 49 57 73 41 32 90 73 25 74 24 20 75 44 15 78 33 42 75 28 60 28 22 71 36 95 36 87
0 4 43
0 27 20
0 28 19
0 36 23
0 119 34
0 126 33
0 144 3
0 159 16
0 202 19
0 207 15
0 222 45
0 242 9
0 289 28
1 9 33
1 50 17
1 90 8
1 99 34
1 107 41
1 113 39
1 132 6
1 141 14
1 148 9
1 149 49
1 154 23
1 177 36
1 204 17
1 244 9
1 290 31
2 3 9
2 42 9
2 61 34
2 63 3
2 119 28
2 144 4
2 154 26
2 163 11
2 164 36
2 183 30
2 198 26
2 210 6
2 216 47
2 219 23
2 228 15
2 279 24
3 54 5
3 58 33
3 67 33
3 83 40
3 99 24
3 116 21
3 133 48
3 160 37
3 189 30
3 210 46
3 223 9
3 229 15
3 246 14
4 14 19
4 55 48
4 65 24
4 82 27
4 147 33
4 151 26
4 165 6
4 181 36
4 217 3
4 232 19
4 258 21
4 260 33
4 275 46
5 6 28
5 76 29
5 95 18
5 101 42
5 102 4
5 118 25
5 123 25
5 127 37
5 139 14
5 159 50
5 165 7
5 183 11
5 218 36
5 240 38
5 243 8
5 244 46
5 246 5
6 26 21
6 73 14
6 90 4
6 144 44
6 181 42
6 203 36
6 262 22
6 295 47
7 19 21
7 20 24
7 45 17
7 46 43
7 65 6
7 86 13
7 119 20
7 257 36
7 259 30
7 262 14
7 299 40
8 32 6
8 37 38
8 82 28
8 112 20
8 119 39
8 152 36
8 169 32
8 199 24
8 234 26
8 235 42
8 273 19
8 287 30
9 12 12
9 17 34
9 18 35
9 40 8
9 76 25
9 89 20
9 97 29
9 138 23
9 142 42
9 154 4
9 194 40
9 201 34
9 209 10
9 230 4
10 84 5
10 90 47
10 91 35
10 119 18
10 223 38
10 232 41
10 239 7
10 275 15
10 286 12
11 12 45
11 19 1
11 44 45
11 66 20
11 71 28
11 79 36
11 82 38
11 89 7
11 102 50
11 168 23
11 182 41
11 187 9
11 233 47
11 254 12
12 29 37
12 32 22
12 33 3
12 44 40
12 68 13
12 93 38
12 155 1
12 227 16
12 291 42
13 31 50
13 42 2
13 120 12
13 157 37
13 163 44
13 164 18
13 171 2
13 190 5
13 196 15
13 197 4
13 200 2
13 231 34
13 255 31
13 294 39
14 34 24
14 44 39
14 56 38
14 64 46
14 66 31
14 69 46
14 73 45
14 100 42
14 120 34
14 132 16
14 150 46
14 196 26
14 207 30
14 218 33
14 250 28
14 251 47
14 285 26
15 26 27
15 48 48
15 65 37
15 75 16
15 77 42
15 119 5
15 120 19
15 125 48
15 136 21
15 159 22
15 181 1
15 202 4
15 219 4
15 223 40
15 224 27
15 243 44
16 56 29
16 65 25
16 85 24
16 113 25
16 125 19
16 138 17
16 207 10
16 293 36
17 20 14
17 31 35
17 38 17
17 93 48
17 100 15
17 111 13
17 147 23
17 179 43
17 185 12
17 193 10
17 204 8
17 228 5
17 229 16
17 246 26
17 276 5
18 59 38
18 66 49
18 67 5
18 85 41
18 97 2
18 101 46
18 204 20
18 212 47
18 219 25
18 246 46
18 265 22
18 269 1
18 280 14
19 20 40
19 27 10
19 64 1
19 95 3
19 100 47
19 109 19
19 169 2
19 212 11
19 233 31
19 261 25
19 263 3
19 276 44
19 279 36
19 285 13
20 40 49
20 76 3
20 97 38
20 138 5
20 145 40
20 165 37
20 188 9
20 224 32
20 243 40
20 244 5
20 250 1
20 267 37
20 297 31
21 28 48
21 48 10
21 102 31
21 117 11
21 137 50
21 142 40
21 148 13
21 200 4
21 214 36
21 219 31
21 226 6
21 232 48
21 243 13
21 244 30
22 26 3
22 63 9
22 64 17
22 65 15
22 72 9
22 74 19
22 95 4
22 142 13
22 156 10
22 160 40
22 168 23
22 207 41
22 215 30
22 227 27
22 239 44
22 249 18
22 257 9
22 259 41
22 267 27
22 268 39
23 86 4
23 104 28
23 108 29
23 112 18
23 131 32
23 140 16
23 164 1
23 198 39
23 203 16
23 221 13
23 234 18
23 270 18
23 282 21
23 293 36
23 296 34
24 44 31
24 51 6
24 52 37
24 70 43
24 89 15
24 139 29
24 188 16
24 255 5
24 288 10
24 289 44
25 35 50
25 41 27
25 66 3
25 117 41
25 137 5
25 175 41
25 193 44
25 200 35
25 221 21
25 243 11
25 251 16
25 260 39
25 263 11
25 291 6
26 42 4
26 50 26
26 95 23
26 101 23
26 102 48
26 103 10
26 150 6
26 225 29
26 297 15
27 47 44
27 65 23
27 81 29
27 98 22
27 124 38
27 140 35
27 156 31
27 220 32
27 224 35
27 270 9
27 295 36
27 297 25
28 30 16
28 31 26
28 42 20
28 44 50
28 45 47
28 58 32
28 64 17
28 87 37
28 96 45
28 108 22
28 116 40
28 140 22
28 145 46
28 146 12
28 152 21
28 154 5
28 172 19
28 203 1
28 204 21
28 229 12
28 272 24
28 298 49
29 36 36
29 37 11
29 47 33
29 94 18
29 138 44
29 146 19
29 169 27
29 176 29
29 178 45
29 189 44
29 216 5
29 220 14
29 234 43
29 262 3
30 46 48
30 48 11
30 53 39
30 59 44
30 86 34
30 107 30
30 111 15
30 120 29
30 134 41
30 148 35
30 156 35
30 162 11
30 167 36
30 177 5
30 199 24
30 223 9
30 229 5
30 257 9
30 270 21
30 271 39
31 39 27
31 53 15
31 55 8
31 114 5
31 117 43
31 123 4
31 143 48
31 144 49
31 157 20
31 214 40
31 246 1
32 54 17
32 67 2
32 80 41
32 107 10
32 144 35
32 178 20
32 180 26
32 220 15
32 240 12
32 242 12
32 244 1
32 245 22
32 257 49
32 287 5
32 293 46
32 299 9
33 40 11
33 58 4
33 80 30
33 95 49
33 113 32
33 134 44
33 136 8
33 157 36
33 179 38
33 185 14
33 188 33
33 228 37
33 244 33
33 264 24
33 272 39
33 274 49
33 296 27
34 45 30
34 87 10
34 99 11
34 106 49
34 113 37
34 120 25
34 143 11
34 154 48
34 167 25
34 182 34
34 186 47
34 243 31
34 259 29
35 54 7
35 65 43
35 77 35
35 92 36
35 120 44
35 128 16
35 132 31
35 134 1
35 141 2
35 195 19
35 207 16
35 209 36
35 249 7
35 259 48
35 277 12
35 290 45
36 48 48
36 62 38
36 63 24
36 68 7
36 77 49
36 79 25
36 89 45
36 126 25
36 146 37
36 150 43
36 165 2
36 169 20
36 193 41
36 226 34
36 244 1
36 250 47
36 260 27
36 294 35
37 44 35
37 65 20
37 91 50
37 116 17
37 139 22
37 141 3
37 142 35
37 147 38
37 149 41
37 152 41
37 156 37
37 227 2
37 283 38
38 51 35
38 81 39
38 103 11
38 125 41
38 147 39
38 153 35
38 156 38
38 256 16
38 259 23
38 281 30
39 43 19
39 55 43
39 59 22
39 82 2
39 86 43
39 100 20
39 119 30
39 128 29
39 130 6
39 171 1
39 189 28
39 194 23
39 229 25
39 235 33
39 239 9
39 248 14
39 261 23
39 262 2
39 293 50
40 59 26
40 63 39
40 77 34
40 85 14
40 90 49
40 96 27
40 111 5
40 137 36
40 161 14
40 165 20
40 211 8
40 216 45
40 220 38
40 249 2
40 263 18
41 64 41
41 72 46
41 73 37
41 86 21
41 106 24
41 107 43
41 113 23
41 116 4
41 120 17
41 131 47
41 136 38
41 142 25
41 154 10
41 164 10
41 166 26
41 182 10
41 184 37
41 206 14
41 259 45
41 284 50
42 44 15
42 103 21
42 107 6
42 143 2
42 148 36
42 157 27
42 186 9
42 219 30
42 220 14
42 230 13
42 235 47
42 245 7
42 265 8
42 269 36
42 282 29
43 93 34
43 101 30
43 102 1
43 111 37
43 133 46
43 222 48
43 264 24
43 268 22
43 281 9
43 288 35
44 93 48
44 100 20
44 109 21
44 112 13
44 171 17
44 200 22
44 237 29
44 274 39
44 278 28
45 71 30
45 97 25
45 110 4
45 120 39
45 123 6
45 165 20
45 177 3
45 200 5
45 250 26
45 258 10
45 264 42
45 284 4
45 288 43
45 294 21
46 107 6
46 128 31
46 168 18
46 172 5
46 181 4
46 193 39
46 206 14
46 216 40
46 253 38
46 286 35
46 293 10
47 87 1
47 108 1
47 113 34
47 129 29
47 137 40
47 150 11
47 251 11
47 253 16
47 259 16
47 284 1
47 288 21
48 53 35
48 143 3
48 163 27
48 166 12
48 195 14
48 212 18
48 214 17
48 221 7
48 237 38
48 238 23
48 245 39
49 69 5
49 121 29
49 127 43
49 130 46
49 172 44
49 202 34
49 208 33
49 217 29
49 219 44
49 222 35
49 236 31
49 239 27
49 291 16
50 75 22
50 79 39
50 125 26
50 153 37
50 185 4
50 222 26
50 291 8
50 295 41
51 59 30
51 63 34
51 64 4
51 69 43
51 87 4
51 104 21
51 112 49
51 129 41
51 140 45
51 157 38
51 163 48
51 187 23
51 229 32
51 235 45
51 242 17
51 245 15
51 248 27
51 251 47
51 275 10
51 280 14
51 281 27
52 57 38
52 59 29
52 104 49
52 110 26
52 162 6
52 163 35
52 168 32
52 195 33
52 230 44
52 244 24
52 264 12
52 280 30
53 60 27
53 74 4
53 77 33
53 83 47
53 106 5
53 117 25
53 121 43
53 198 44
53 203 24
53 223 16
53 244 27
53 282 18
54 55 34
54 111 43
54 139 47
54 151 30
54 193 3
54 229 10
54 231 8
54 235 42
54 291 40
55 57 8
55 83 20
55 102 45
55 147 43
55 153 1
55 165 27
55 172 38
55 204 26
55 220 38
55 242 19
55 263 2
56 114 43
56 149 3
56 155 1
56 163 47
56 170 28
56 173 43
56 176 40
56 195 3
56 277 8
56 295 16
57 65 23
57 96 43
57 105 9
57 171 19
57 192 22
57 214 13
57 222 30
57 284 32
57 292 4
58 66 19
58 98 39
58 116 23
58 147 13
58 183 33
58 184 25
58 236 41
58 259 21
58 271 2
58 273 30
58 282 41
58 293 4
59 85 22
59 89 44
59 181 4
59 191 21
59 227 23
59 234 48
59 248 10
59 259 27
59 261 6
59 271 28
59 299 49
60 87 50
60 134 38
60 139 17
60 144 24
60 175 2
60 179 46
60 199 5
60 219 5
60 233 14
60 250 43
61 72 30
61 105 28
61 200 26
61 220 6
61 229 20
61 249 48
61 284 8
61 298 1
62 67 38
62 132 13
62 154 23
62 186 33
62 226 16
62 249 43
62 258 5
62 284 15
62 297 4
62 299 32
63 93 22
63 103 33
63 148 32
63 176 22
63 211 22
63 217 49
63 234 45
63 267 23
63 271 46
63 282 49
64 66 30
64 77 12
64 91 41
64 105 9
64 146 39
64 166 18
64 168 16
64 225 11
64 231 15
64 239 25
64 257 11
64 285 5
64 287 37
64 289 35
64 290 37
65 173 4
65 188 29
65 195 44
65 227 19
65 259 35
65 287 27
65 290 40
66 111 17
66 138 8
66 147 11
66 152 39
66 161 8
66 180 5
66 201 11
66 217 4
66 218 5
66 222 40
66 236 15
66 241 48
66 294 50
67 82 5
67 84 15
67 92 18
67 102 17
67 116 32
67 124 42
67 126 28
67 135 38
67 156 29
67 194 14
67 220 26
67 226 32
67 240 43
67 244 21
67 274 50
67 275 27
67 285 47
68 96 42
68 126 45
68 140 7
68 166 2
68 177 35
68 210 16
68 212 9
68 254 48
68 259 21
68 281 15
69 75 37
69 86 35
69 90 12
69 92 39
69 122 42
69 123 27
69 206 6
69 225 8
69 228 10
69 230 47
69 235 37
69 257 47
69 282 27
70 107 1
70 116 22
70 138 9
70 142 43
70 174 43
70 188 10
70 208 21
70 209 41
70 227 1
70 239 17
70 241 49
70 245 5
70 293 2
70 294 17
71 74 15
71 91 49
71 117 37
71 139 29
71 151 37
71 171 22
71 189 41
71 217 25
71 242 15
71 248 19
71 263 32
71 298 22
72 78 30
72 88 31
72 93 9
72 105 26
72 162 7
72 234 9
72 247 49
72 248 15
72 256 3
72 284 43
73 87 27
73 121 25
73 164 34
73 167 29
73 176 41
73 177 34
73 193 33
73 201 42
73 202 50
73 215 49
73 247 40
73 254 37
73 287 30
74 75 27
74 84 10
74 96 20
74 103 3
74 118 24
74 119 40
74 155 37
74 196 45
74 217 21
74 254 17
74 264 5
74 275 46
75 100 23
75 122 15
75 169 46
75 195 40
75 206 19
75 219 39
75 241 16
75 243 43
75 282 24
75 287 46
75 289 36
76 98 7
76 122 31
76 123 29
76 147 7
76 169 29
76 215 19
76 219 45
76 225 8
76 232 47
76 258 4
76 269 29
77 82 1
77 98 29
77 102 20
77 109 37
77 116 23
77 123 40
77 130 3
77 149 28
77 181 37
77 191 28
77 214 44
77 250 33
77 288 17
78 92 13
78 101 23
78 113 34
78 153 7
78 186 46
78 202 29
78 241 42
78 246 2
79 90 9
79 113 21
79 117 10
79 118 40
79 123 41
79 126 6
79 157 49
79 171 39
79 214 9
79 238 28
79 255 39
79 269 37
79 282 49
79 287 28
80 82 12
80 87 41
80 93 32
80 100 41
80 137 27
80 143 11
80 157 34
80 168 11
80 173 29
80 195 48
80 207 33
80 210 12
80 213 5
80 224 30
80 228 43
80 231 46
80 270 34
80 291 3
80 299 18
81 94 45
81 144 44
81 154 8
81 189 1
81 209 43
81 211 48
81 233 11
81 243 22
82 105 39
82 107 50
82 170 20
82 175 16
82 185 13
82 207 10
82 226 49
82 236 3
82 280 39
83 137 10
83 155 38
83 167 49
83 184 38
83 187 36
83 208 34
83 216 2
83 230 42
83 238 15
83 247 46
83 250 39
83 262 48
83 293 48
83 297 7
84 243 43
84 292 42
85 95 16
85 100 43
85 101 34
85 119 16
85 125 5
85 138 7
85 160 4
85 165 4
85 179 26
85 188 21
85 193 16
85 210 38
85 215 21
85 216 20
86 98 26
86 111 30
86 135 10
86 164 26
86 165 20
86 185 47
86 188 9
86 206 23
86 215 38
86 220 24
86 234 18
86 241 26
86 269 23
86 280 17
86 282 34
86 290 15
87 99 10
87 100 2
87 102 9
87 107 45
87 115 17
87 117 14
87 157 1
87 160 22
87 174 19
87 216 27
87 232 42
87 255 37
88 117 16
88 120 12
88 135 6
88 177 41
88 189 44
88 193 15
88 194 16
88 197 15
88 208 11
88 290 27
89 92 37
89 115 50
89 146 2
89 148 6
89 150 28
89 176 24
89 185 24
89 220 11
90 139 41
90 160 34
90 183 14
90 211 1
90 223 28
90 226 32
90 246 14
90 260 29
91 143 3
91 171 35
91 184 7
91 198 44
91 221 21
91 239 22
91 279 8
91 293 28
92 137 14
92 156 3
92 161 45
92 211 31
92 237 17
93 101 5
93 107 9
93 113 5
93 124 7
93 152 10
93 179 12
93 197 34
93 199 36
93 206 35
93 213 46
93 217 28
93 238 18
94 98 10
94 106 28
94 144 46
94 146 41
94 166 44
94 238 26
94 268 46
94 270 28
94 273 34
95 113 41
95 126 50
95 144 7
95 158 48
95 172 27
95 208 20
95 222 2
95 223 21
95 226 2
96 117 18
96 120 28
96 125 11
96 231 24
96 242 34
96 273 22
96 283 35
97 109 19
97 110 9
97 137 22
97 142 14
97 174 36
97 188 39
97 194 25
97 198 14
97 238 36
97 244 18
97 272 9
97 277 13
97 284 13
97 285 36
98 116 48
98 155 3
98 158 35
98 173 4
98 200 3
98 216 13
98 233 25
98 280 4
98 285 34
99 101 27
99 113 24
99 142 13
99 146 39
99 151 47
99 168 46
99 190 12
99 210 34
99 216 16
99 248 21
99 251 7
99 257 29
99 268 8
99 280 45
99 291 6
99 299 23
100 102 33
100 105 23
100 134 31
100 164 47
100 188 37
100 200 16
100 203 45
100 207 39
100 232 2
100 239 48
100 297 43
101 136 15
101 137 25
101 139 47
101 148 50
101 159 3
101 247 20
101 266 12
101 284 41
101 287 18
101 289 9
101 294 2
102 108 3
102 116 26
102 138 24
102 166 9
102 193 4
102 195 32
102 208 6
102 272 11
102 274 4
102 287 38
102 290 33
102 296 35
103 138 36
103 161 19
103 174 2
103 179 30
103 195 10
103 219 4
103 220 30
103 224 2
103 228 20
103 236 4
103 258 48
103 271 21
103 293 6
104 130 19
104 134 34
104 157 48
104 164 37
104 170 44
104 180 1
104 275 39
104 296 19
105 151 25
105 162 48
105 169 24
105 198 8
105 214 3
105 261 35
105 271 13
105 292 42
105 297 17
106 112 49
106 129 27
106 135 38
106 136 1
106 170 9
106 183 47
106 200 6
106 211 38
106 259 50
107 127 27
107 139 43
107 144 48
107 205 49
107 216 50
107 221 18
107 226 32
107 228 47
107 238 4
107 242 25
107 256 47
107 282 45
107 297 45
108 158 23
108 172 44
108 178 18
108 187 32
108 192 48
108 199 4
108 219 45
108 224 41
108 230 23
108 232 43
108 251 19
108 262 10
108 286 45
109 164 27
109 182 8
109 225 2
109 244 16
109 249 7
109 261 28
109 275 10
109 298 6
110 161 26
110 164 9
110 186 24
110 198 9
110 216 5
110 220 29
110 283 35
111 140 4
111 149 25
111 161 29
111 196 26
111 218 18
111 283 49
112 156 10
112 158 15
112 167 4
112 188 4
112 258 7
112 282 26
112 283 48
113 122 26
113 135 37
113 147 45
113 155 2
113 159 46
113 185 46
113 189 20
113 228 5
113 239 26
113 281 29
114 142 12
114 144 3
114 165 38
114 270 37
114 280 12
114 281 44
114 288 16
115 119 48
115 135 49
115 239 42
115 246 29
115 278 27
115 282 10
116 170 27
116 189 36
116 195 26
116 231 32
116 239 39
116 247 33
116 256 8
116 291 38
116 294 8
117 132 46
117 140 32
117 228 11
117 247 42
117 264 30
117 286 30
118 124 46
118 131 5
118 147 11
118 160 7
118 164 9
118 198 50
118 205 46
118 233 20
118 243 45
118 258 11
119 128 20
119 177 44
119 181 2
119 197 48
119 251 20
119 261 13
119 286 26
119 289 5
119 299 41
120 129 7
120 148 45
120 158 23
120 173 16
120 187 32
120 201 32
120 213 12
120 223 16
120 240 44
120 246 5
120 284 47
121 141 26
121 204 50
121 221 1
121 240 36
121 263 8
121 274 11
121 285 37
121 297 5
122 125 31
122 140 31
122 168 15
122 181 2
122 211 24
122 217 19
122 221 49
122 232 43
122 237 33
122 247 24
122 248 47
122 251 23
122 268 30
122 285 43
123 131 47
123 204 48
123 210 27
123 211 30
123 244 9
123 248 42
123 267 24
123 285 13
124 125 38
124 156 49
124 224 14
124 229 40
124 253 36
124 265 23
124 294 50
125 132 22
125 135 28
125 148 32
125 178 2
125 195 44
125 200 33
125 232 28
125 265 14
125 277 31
126 137 20
126 140 47
126 172 6
126 190 19
126 192 21
126 206 38
126 215 11
126 235 20
126 282 35
127 163 37
127 268 49
127 288 43
127 297 30
128 162 22
128 223 7
128 248 19
128 264 22
128 276 22
128 294 8
128 296 9
129 146 44
129 169 10
129 191 32
129 192 23
129 225 43
129 247 34
129 259 17
129 263 26
130 150 13
130 155 32
130 186 8
130 190 32
130 191 28
130 195 16
130 207 2
130 253 1
131 138 3
131 222 13
131 230 20
131 275 37
132 164 1
132 175 18
132 213 31
132 232 31
132 237 42
132 278 37
132 280 49
132 294 15
133 150 8
133 158 9
133 178 26
133 209 3
133 216 20
133 236 7
133 241 26
133 249 12
133 289 42
134 171 44
134 172 39
134 180 4
134 188 25
134 191 47
134 199 36
134 228 5
134 233 12
134 251 37
134 292 5
135 149 14
135 176 1
135 210 26
135 216 2
135 224 4
135 246 45
135 287 32
135 299 34
136 178 38
136 200 18
136 203 34
136 247 3
136 254 27
136 265 44
136 293 28
136 297 29
137 153 13
137 177 36
137 254 6
137 265 25
137 277 28
137 278 49
138 158 13
138 171 31
138 202 24
138 225 11
138 271 18
138 283 28
139 141 24
139 149 7
139 162 34
139 171 39
139 213 9
139 236 9
139 238 40
139 240 12
139 255 3
139 260 21
139 266 47
139 280 41
140 150 40
140 159 33
140 162 45
140 167 18
140 168 26
140 186 24
140 200 49
140 219 41
140 221 9
140 253 4
140 263 17
140 282 36
140 290 3
141 142 31
141 147 19
141 215 28
141 259 42
141 298 36
142 151 7
142 193 17
142 218 42
142 222 40
142 248 6
142 270 1
142 284 50
142 295 45
142 296 14
143 147 4
143 156 18
143 157 11
143 163 44
143 176 9
143 184 43
143 196 40
143 199 29
143 218 20
143 242 15
143 270 27
143 274 10
143 294 24
144 255 30
144 263 26
144 279 11
144 283 34
144 287 7
144 295 31
145 147 13
145 173 50
145 174 17
145 227 19
145 244 16
145 290 10
145 297 8
145 299 21
146 150 12
146 159 9
146 197 18
146 231 26
146 233 13
146 238 37
146 260 38
146 264 8
146 285 45
146 298 30
147 169 48
147 195 23
147 202 49
147 213 14
147 234 1
147 238 9
147 272 37
147 295 33
148 166 36
148 223 50
148 250 16
148 253 42
148 268 30
148 293 29
149 193 43
149 195 48
149 268 49
149 293 9
150 254 10
151 153 9
151 166 29
151 167 21
151 176 17
151 180 48
151 182 48
151 227 29
151 253 34
151 256 35
151 259 39
151 293 31
151 298 16
152 157 38
152 158 3
152 159 15
152 167 1
153 157 6
153 199 25
153 254 40
153 266 38
153 296 10
154 183 39
154 187 3
154 188 4
154 220 20
154 244 33
154 266 46
155 157 20
155 170 32
155 175 6
155 176 29
155 215 40
155 255 37
155 256 1
155 272 8
155 282 34
155 288 1
156 175 39
156 186 18
156 210 35
156 211 27
156 216 48
156 242 1
156 243 14
157 179 2
157 249 17
158 169 14
158 217 7
158 239 41
158 247 3
158 265 46
158 285 2
158 288 43
159 163 49
159 198 7
159 202 13
159 214 33
159 241 3
159 243 34
159 252 16
159 254 8
159 285 12
160 192 7
160 199 44
160 204 12
160 205 15
160 209 30
160 214 14
160 258 3
160 262 47
160 263 49
161 172 31
161 216 46
161 224 1
161 236 44
161 246 49
161 265 19
161 266 7
162 172 8
162 186 9
162 200 10
162 213 3
162 216 12
162 276 2
162 284 3
163 230 19
163 231 16
163 241 36
163 262 23
163 267 49
163 287 3
164 174 32
164 175 12
164 189 12
164 193 28
164 219 26
164 220 28
164 245 7
164 287 39
164 290 32
165 166 5
165 180 39
165 181 12
165 201 50
165 212 39
165 239 5
165 248 50
165 274 7
166 173 11
166 195 7
166 234 17
166 245 22
166 280 10
167 193 31
167 265 26
168 169 12
168 176 49
168 194 43
168 219 49
168 228 21
168 236 44
168 252 2
168 254 2
168 299 5
169 193 15
169 200 29
169 265 30
169 285 42
169 292 37
169 294 19
170 171 23
170 181 41
170 184 7
170 188 34
170 193 42
170 208 48
170 212 38
170 245 42
170 248 6
170 254 50
170 256 50
170 261 25
170 263 24
170 282 9
170 295 5
171 188 1
171 192 23
171 205 5
171 214 43
171 218 21
171 231 27
171 236 36
171 248 24
171 259 30
171 269 43
171 271 38
172 176 11
172 194 22
172 252 29
172 262 47
172 296 42
173 207 1
173 230 40
173 246 1
173 250 36
173 270 33
173 282 50
173 294 25
174 180 24
174 191 7
174 199 27
174 220 24
174 223 31
174 243 50
174 244 34
175 193 37
175 219 2
175 227 6
175 268 43
175 272 44
175 292 29
176 197 19
176 200 32
176 209 2
176 215 1
176 241 24
176 242 40
176 280 11
177 178 47
177 182 20
177 186 9
177 196 39
177 220 23
177 226 50
177 233 41
177 238 8
177 246 33
177 263 40
177 269 35
177 287 8
178 183 46
178 184 11
178 201 33
178 216 29
178 220 12
178 254 17
179 185 15
179 187 15
179 211 24
179 257 10
179 291 8
180 206 2
180 290 30
180 292 41
180 295 4
181 192 30
181 213 16
181 222 45
181 228 42
181 238 13
181 265 14
181 270 3
181 294 1
182 268 38
182 273 2
183 186 43
183 196 48
183 206 34
183 214 32
183 217 32
183 220 42
183 224 29
183 232 44
183 249 24
183 266 7
183 281 7
183 286 42
183 291 24
183 296 21
184 210 16
184 277 33
185 193 30
185 209 17
185 219 12
185 246 21
185 257 20
185 259 44
185 264 36
185 277 16
185 294 35
186 221 50
186 235 32
186 237 39
186 243 2
186 251 19
186 258 41
186 283 44
187 219 16
187 261 24
187 298 25
188 192 49
188 198 17
188 247 4
188 259 42
188 267 43
189 191 10
189 253 50
189 255 34
189 257 35
189 259 20
189 279 49
189 294 17
190 249 50
190 251 18
190 255 31
190 257 22
190 262 39
190 265 24
190 278 9
190 294 5
191 207 10
191 212 9
191 213 36
191 239 49
191 275 10
191 279 4
192 197 39
192 202 4
192 233 22
192 237 14
192 243 30
192 298 20
193 199 33
193 205 35
193 244 14
193 251 25
193 263 47
193 276 13
193 296 8
194 236 31
194 247 35
194 251 9
194 254 48
194 284 34
195 197 26
195 203 30
195 249 7
195 255 14
195 270 5
195 273 15
195 297 18
196 207 14
196 211 25
196 231 5
196 245 14
196 259 35
197 208 9
197 235 2
197 261 40
197 276 32
198 222 18
198 224 19
199 226 1
200 210 2
200 221 4
200 248 16
200 277 26
201 202 50
201 222 29
201 230 35
202 244 32
202 258 13
202 298 43
203 227 31
203 244 48
203 257 18
203 259 10
203 276 4
203 286 32
204 210 14
204 215 20
204 217 1
204 229 30
204 235 45
204 265 6
204 273 43
204 292 31
204 296 16
205 211 47
205 220 20
205 256 47
205 257 14
205 261 38
205 293 49
205 299 15
206 229 43
206 238 17
206 266 42
206 270 44
206 299 45
207 224 26
207 227 26
207 250 9
207 252 19
207 254 6
207 269 8
208 249 38
208 266 18
208 299 13
209 218 21
209 250 31
209 251 32
209 276 22
209 286 10
209 295 28
210 221 29
210 226 3
210 255 8
210 261 46
210 276 49
211 230 29
211 234 44
211 285 14
211 298 19
212 227 42
212 244 30
212 259 11
212 267 10
212 296 21
213 221 7
213 224 4
213 276 48
213 290 32
214 215 14
214 217 16
214 221 39
214 226 23
214 247 4
214 252 6
214 274 35
214 279 24
214 298 39
215 218 19
215 253 47
216 231 48
216 248 48
216 252 27
216 265 2
216 298 6
217 222 22
217 265 2
217 273 36
217 284 15
218 219 17
218 249 4
218 294 9
218 297 48
219 248 15
219 253 18
220 229 18
220 249 23
220 256 24
220 265 18
220 293 4
220 298 37
221 226 33
221 236 44
221 243 10
221 250 38
221 259 50
221 266 46
221 271 14
222 267 40
222 280 14
222 281 12
223 271 37
223 276 14
223 284 39
224 254 41
224 267 21
224 275 10
224 284 44
224 293 6
225 242 25
225 248 11
225 277 10
225 286 33
225 298 8
226 244 26
226 262 50
226 264 28
226 272 48
227 239 25
227 263 45
227 272 3
227 294 12
227 295 29
228 229 46
228 236 23
228 252 19
228 274 47
228 296 20
230 245 34
230 282 36
231 259 36
232 237 45
232 247 25
232 252 49
232 265 33
232 267 15
232 278 19
233 251 45
234 248 8
234 279 24
234 283 19
235 271 20
235 284 33
236 249 3
236 263 28
237 240 8
237 251 4
237 275 7
237 291 5
237 298 29
238 263 3
238 272 7
238 284 42
239 241 31
239 277 5
239 289 16
240 250 1
240 288 1
241 248 35
241 250 34
241 255 37
241 259 20
241 261 31
241 278 13
242 262 18
243 275 13
243 276 27
244 260 36
245 259 9
245 282 36
245 296 12
246 281 29
247 264 8
249 270 44
249 293 31
250 258 37
250 267 4
251 270 37
251 291 43
252 260 10
252 267 17
252 288 47
252 295 19
252 299 8
253 293 29
254 271 23
255 278 23
255 283 30
255 296 25
255 299 7
256 259 15
256 269 13
257 277 29
257 291 45
257 294 25
258 264 48
258 278 10
259 279 3
259 286 34
259 288 18
260 270 41
261 274 47
262 273 47
263 278 48
264 284 42
265 279 29
265 292 34
267 269 47
268 280 15
268 284 28
268 293 7
269 270 33
269 274 24
269 287 25
269 292 40
272 281 2
272 295 49
273 299 14
274 292 33
274 297 25
276 284 23
276 292 48
277 288 38
279 294 1
281 284 42
281 286 14
281 289 48
281 295 3
282 298 17
285 287 33
285 297 23
286 294 7
286 299 31
289 295 19
289 296 6
289 297 23
290 291 49
300 339 2
300 399 5
300 401 12
300 439 15
300 448 17
300 464 5
300 561 17
300 563 2
300 569 3
301 312 5
301 320 16
301 357 8
301 366 25
301 399 23
301 431 12
301 434 1
301 447 17
301 453 20
301 459 12
301 484 20
301 485 7
301 561 4
301 573 18
301 574 9
301 578 5
302 365 20
302 381 4
302 399 1
302 433 23
302 439 5
302 445 3
302 459 25
302 502 11
302 510 14
302 551 16
302 567 2
302 571 20
302 593 9
303 307 3
303 313 22
303 322 13
303 363 21
303 367 6
303 381 14
303 384 18
303 439 20
303 449 16
303 482 11
303 483 14
303 484 5
303 522 6
303 542 20
303 556 8
303 564 25
304 305 5
304 308 14
304 333 22
304 337 10
304 350 15
304 368 19
304 376 14
304 392 19
304 395 20
304 424 1
304 430 8
304 466 12
304 470 3
304 478 2
304 545 21
304 572 7
304 580 24
304 593 10
305 336 2
305 373 6
305 394 24
305 421 22
305 441 25
305 465 16
305 470 9
305 471 13
305 500 22
305 507 16
305 529 8
305 553 7
305 568 16
305 578 12
305 596 20
306 354 14
306 380 22
306 391 11
306 415 7
306 426 12
306 455 5
306 494 4
306 517 13
306 524 12
306 560 15
307 315 17
307 336 15
307 368 10
307 375 25
307 379 15
307 383 22
307 384 4
307 413 21
307 443 20
307 458 2
307 540 20
307 581 12
308 310 10
308 326 8
308 330 9
308 331 1
308 347 17
308 395 15
308 421 18
308 457 5
308 459 11
308 466 6
308 479 3
308 485 22
308 517 14
308 529 15
308 546 3
308 571 17
308 584 4
308 598 16
309 313 9
309 353 22
309 392 5
309 406 20
309 426 23
309 447 22
309 455 16
309 499 1
309 515 17
309 535 12
309 537 4
309 594 11
310 348 24
310 350 14
310 355 20
310 381 7
310 392 16
310 395 13
310 397 23
310 402 10
310 424 18
310 428 8
310 443 15
310 485 20
310 490 6
310 498 5
310 512 11
310 524 8
310 543 24
310 545 16
310 549 23
310 550 7
310 552 12
310 590 5
311 325 1
311 341 10
311 370 1
311 403 17
311 420 12
311 427 19
311 463 3
311 464 16
311 474 6
311 483 3
311 518 4
311 555 1
311 557 11
311 562 21
311 567 13
312 314 8
312 328 5
312 332 7
312 339 18
312 346 21
312 370 2
312 395 23
312 407 2
312 433 14
312 441 8
312 449 25
312 454 5
312 488 7
312 490 8
312 491 16
312 525 11
312 547 11
312 552 2
312 555 13
312 575 4
312 580 14
313 335 6
313 361 8
313 365 4
313 372 12
313 391 11
313 392 9
313 398 14
313 420 21
313 482 4
313 514 3
313 586 6
314 315 10
314 344 10
314 365 23
314 376 7
314 418 13
314 441 22
314 448 8
314 469 1
314 491 4
314 509 10
314 522 7
314 570 11
314 597 17
315 364 23
315 365 23
315 374 2
315 376 1
315 386 13
315 431 5
315 444 14
315 447 18
315 451 15
315 465 17
315 483 6
315 491 25
315 512 2
315 531 21
315 539 22
315 542 7
315 543 1
315 554 2
315 567 16
315 592 12
316 319 1
316 322 24
316 390 24
316 398 23
316 453 7
316 456 1
316 480 1
316 498 16
316 537 8
316 584 13
316 593 9
317 331 7
317 357 11
317 376 11
317 437 7
317 464 23
317 515 17
317 537 21
317 540 17
317 560 6
317 562 14
317 571 25
318 327 7
318 355 18
318 378 22
318 394 4
318 401 24
318 419 22
318 425 5
318 446 17
318 448 8
318 462 6
318 466 15
318 475 8
318 519 5
318 542 21
318 561 11
318 567 5
318 577 13
319 334 20
319 484 20
319 487 22
319 492 1
319 494 5
319 517 9
319 537 9
319 538 4
319 551 2
319 569 6
319 584 22
319 594 8
320 340 20
320 416 21
320 430 16
320 447 12
320 451 18
320 469 19
320 478 12
320 481 16
320 504 24
320 508 3
320 512 1
320 526 6
320 533 20
320 571 8
320 573 10
320 595 17
321 322 20
321 335 16
321 408 5
321 416 14
321 462 10
321 478 1
321 510 14
321 543 16
321 561 11
322 328 25
322 354 19
322 364 12
322 371 5
322 382 16
322 393 19
322 456 24
322 468 13
322 469 10
322 510 12
322 538 7
322 541 5
322 565 1
322 587 23
323 325 5
323 328 5
323 337 25
323 351 10
323 352 24
323 363 9
323 434 21
323 445 16
323 449 4
323 504 14
323 520 20
323 524 17
323 534 25
323 539 22
323 542 8
323 563 16
323 569 7
323 577 7
323 598 11
324 347 18
324 353 11
324 365 3
324 372 14
324 395 12
324 409 16
324 414 25
324 420 25
324 422 24
324 438 4
324 447 2
324 451 23
324 473 11
324 498 7
324 525 22
324 553 22
325 342 5
325 360 6
325 416 18
325 422 20
325 429 9
325 457 8
325 463 16
325 469 2
325 499 7
325 515 14
325 516 11
325 533 24
325 542 22
325 544 17
325 563 12
325 564 15
325 576 5
325 598 14
326 332 5
326 338 18
326 344 6
326 358 6
326 368 19
326 378 7
326 392 11
326 399 21
326 409 4
326 411 21
326 430 2
326 438 1
326 442 18
326 474 6
326 486 8
326 505 12
326 570 3
326 582 18
327 335 19
327 356 20
327 370 19
327 380 2
327 391 9
327 400 5
327 408 3
327 415 5
327 442 23
327 443 14
327 504 21
327 548 4
327 590 4
327 595 2
328 332 23
328 333 12
328 372 7
328 408 17
328 418 18
328 422 18
328 434 12
328 439 21
328 469 13
328 489 13
328 494 23
328 501 7
328 566 20
328 587 5
328 589 18
328 596 24
329 351 22
329 355 13
329 370 19
329 375 18
329 379 17
329 388 4
329 411 24
329 422 19
329 479 10
329 483 21
329 505 9
329 511 6
329 532 2
329 590 12
329 593 9
329 596 24
330 331 23
330 340 16
330 366 15
330 409 17
330 426 10
330 450 3
330 525 13
330 530 24
330 563 15
330 571 12
331 358 6
331 363 12
331 397 17
331 449 25
331 504 12
331 567 15
331 574 13
331 578 7
331 586 9
332 430 6
332 432 10
332 513 7
332 531 24
332 545 22
333 375 3
333 379 9
333 463 2
333 466 6
333 512 22
333 520 10
333 537 4
333 555 22
333 562 2
334 373 21
334 374 13
334 380 11
334 426 23
334 437 2
334 511 10
334 522 15
334 532 14
334 546 17
334 584 1
335 389 7
335 395 16
335 434 12
335 440 21
335 458 5
335 475 21
335 476 5
335 494 10
335 501 5
335 514 13
335 527 10
335 581 1
336 456 17
336 463 20
336 476 4
336 480 22
336 482 17
336 522 16
336 531 3
336 556 13
336 566 19
336 584 23
337 354 25
337 356 5
337 360 20
337 386 4
337 438 16
337 476 9
337 490 17
337 582 9
338 339 11
338 356 23
338 360 24
338 363 25
338 373 20
338 401 6
338 431 20
338 459 1
338 467 17
338 492 1
338 495 14
338 498 2
338 502 4
338 503 5
338 514 21
338 533 7
339 394 2
339 404 14
339 422 24
339 432 4
339 439 1
339 452 18
339 487 3
339 497 3
339 509 24
339 513 22
339 515 6
339 528 16
339 531 8
339 543 24
339 572 24
339 586 18
339 589 23
339 595 24
340 353 17
340 355 17
340 361 4
340 378 13
340 385 20
340 419 21
340 443 14
340 485 8
340 540 24
340 561 17
340 577 14
341 358 21
341 398 25
341 407 17
341 419 10
341 426 1
341 439 22
341 484 12
341 492 20
341 504 24
341 520 16
341 552 20
341 557 23
341 576 23
341 580 10
341 588 5
341 593 21
342 346 10
342 366 22
342 423 18
342 446 8
342 468 16
342 472 12
342 479 14
342 564 3
343 344 6
343 345 11
343 355 18
343 365 15
343 377 9
343 388 9
343 405 5
343 420 4
343 429 11
343 453 22
343 455 15
343 460 11
343 521 20
343 527 4
343 548 5
343 560 19
344 389 19
344 477 24
344 546 18
344 556 17
345 359 10
345 390 22
345 421 14
345 441 19
345 520 20
345 548 7
345 554 3
345 559 12
345 562 20
345 577 16
345 578 17
346 374 2
346 404 1
346 468 9
346 500 16
346 514 11
346 554 20
346 566 20
347 385 17
347 399 5
347 433 18
347 526 8
347 528 17
347 529 13
347 534 11
347 537 21
347 541 8
347 563 5
347 577 21
348 417 25
348 427 21
348 432 5
348 458 23
348 510 11
348 512 25
348 558 17
348 560 17
348 589 2
349 365 4
349 368 13
349 391 20
349 415 22
349 419 14
349 445 22
349 471 5
349 547 6
349 572 8
349 582 24
350 356 3
350 357 1
350 363 5
350 368 20
350 387 8
350 413 21
350 416 9
350 425 19
350 439 18
350 444 16
350 457 25
350 466 15
350 486 17
350 497 20
350 536 21
350 565 14
350 570 7
350 584 20
350 594 8
351 379 24
351 385 24
351 418 13
351 425 13
351 438 20
351 453 9
351 461 2
351 548 16
351 550 13
351 551 7
351 585 25
351 592 14
352 374 9
352 376 2
352 392 20
352 422 6
352 457 10
352 467 16
352 503 14
352 506 5
352 527 10
352 544 7
352 558 4
352 578 25
352 580 25
352 593 25
353 387 20
353 396 14
353 404 6
353 410 17
353 442 21
353 446 6
353 496 15
353 526 10
353 540 19
353 571 11
353 573 18
353 587 20
354 360 1
354 411 7
354 444 3
354 463 3
354 468 22
354 556 14
354 582 4
355 366 17
355 382 21
355 385 13
355 439 9
355 472 11
355 475 17
355 514 18
355 535 17
355 549 22
355 550 19
355 557 19
355 559 21
355 571 16
355 580 7
355 581 2
355 597 7
356 446 4
356 452 7
356 454 23
356 463 13
356 477 2
356 480 8
356 485 7
356 505 23
356 508 8
356 549 13
356 590 1
356 599 12
357 361 10
357 373 16
357 374 16
357 377 3
357 384 11
357 404 5
357 405 11
357 435 21
357 437 24
357 456 5
357 472 15
357 489 20
357 552 24
357 559 10
357 580 16
357 597 14
358 368 16
358 374 19
358 433 20
358 435 21
358 436 25
358 462 19
358 468 10
358 559 2
358 568 1
358 595 16
358 597 1
359 367 10
359 407 3
359 415 1
359 422 22
359 460 14
359 465 18
359 488 14
359 516 16
359 520 5
359 524 18
359 570 1
359 590 3
360 387 16
360 415 8
360 428 17
360 492 11
360 530 6
360 540 1
360 578 3
360 592 21
360 598 18
361 372 21
361 375 17
361 394 15
361 440 22
361 534 10
361 544 24
361 563 25
361 595 12
362 373 14
362 422 1
362 424 21
362 441 18
362 445 3
362 448 19
362 485 9
362 511 21
362 512 7
362 563 24
362 566 25
362 578 2
362 585 2
362 586 2
363 373 17
363 376 9
363 392 20
363 405 4
363 422 16
363 425 22
363 431 6
363 434 11
363 441 16
363 447 1
363 448 2
363 450 7
363 461 25
363 571 13
364 368 5
364 388 24
364 443 24
364 448 20
364 449 24
364 517 21
364 522 15
364 535 2
364 572 17
364 575 23
364 584 24
365 393 23
365 395 23
365 412 25
365 425 1
365 427 24
365 441 4
365 470 20
365 473 7
365 494 23
365 523 23
365 526 24
365 534 22
365 571 6
365 584 9
365 595 14
366 367 8
366 372 12
366 435 21
366 438 7
366 504 24
366 512 2
366 551 6
366 553 24
366 560 22
366 584 4
366 589 20
366 599 13
367 391 7
367 395 11
367 437 10
367 438 5
367 449 10
367 496 7
367 555 5
367 586 11
367 590 8
367 591 8
368 416 5
368 457 14
368 466 7
368 467 4
368 498 15
368 513 5
368 551 9
368 557 23
368 566 19
368 567 17
368 579 12
368 591 16
369 372 23
369 404 10
369 418 17
369 430 5
369 444 9
369 453 15
369 456 11
369 494 5
369 519 2
369 521 17
369 540 15
369 549 11
369 560 22
369 563 1
369 566 20
369 585 3
370 380 11
370 403 2
370 423 12
370 440 17
370 459 17
370 471 18
370 475 21
370 484 6
370 488 25
370 499 6
370 545 6
370 550 20
370 553 24
370 557 17
370 559 10
370 571 24
370 583 3
370 596 3
371 425 3
371 444 11
371 458 18
371 485 13
371 489 17
371 522 19
371 526 7
371 547 6
371 565 7
371 577 5
372 374 7
372 387 3
372 391 7
372 392 19
372 418 6
372 432 20
372 449 13
372 458 22
372 467 12
372 473 10
372 505 5
372 506 13
372 508 15
372 530 10
372 584 7
372 588 14
373 376 3
373 407 16
373 443 14
373 444 5
373 445 21
373 501 16
373 527 18
373 531 13
373 560 6
373 561 9
373 566 8
373 579 12
373 599 17
374 389 16
374 400 16
374 444 23
374 509 18
374 510 24
374 542 18
374 596 23
375 376 18
375 383 7
375 416 22
375 421 6
375 443 16
375 449 1
375 478 19
375 514 8
375 552 12
375 559 2
375 563 23
375 569 14
375 582 20
376 388 11
376 449 20
376 508 15
376 511 1
376 545 12
376 569 2
376 593 8
377 386 21
377 428 11
377 432 21
377 484 12
377 514 2
377 548 13
377 551 11
377 559 19
378 404 13
378 488 5
378 498 19
378 507 5
378 523 12
378 534 17
378 537 13
378 539 2
378 542 17
378 574 8
379 386 9
379 396 5
379 405 11
379 413 6
379 465 20
379 470 5
379 481 18
379 483 14
379 500 19
379 503 21
379 562 3
379 565 22
379 579 3
380 393 23
380 395 8
380 426 24
380 500 11
380 544 9
380 546 13
380 582 21
380 584 4
381 402 1
381 427 2
381 432 24
381 435 7
381 436 13
381 451 15
381 475 19
381 490 17
381 499 8
381 517 3
381 530 2
381 553 12
382 393 14
382 398 10
382 431 8
382 458 20
382 477 2
382 498 24
382 505 14
382 556 22
382 558 1
383 386 10
383 396 2
383 428 23
383 430 19
383 516 2
383 517 10
383 537 4
383 541 14
383 543 7
383 562 8
383 581 14
383 597 8
384 391 6
384 413 21
384 420 23
384 427 23
384 441 16
384 442 14
384 505 5
384 527 21
384 561 17
384 568 17
385 393 11
385 409 1
385 428 1
385 434 5
385 440 5
385 451 24
385 466 18
385 493 3
385 519 24
385 527 5
385 528 4
385 531 23
385 546 23
385 575 5
385 599 7
386 436 2
386 437 19
386 450 13
386 461 11
386 494 9
386 546 23
386 551 18
386 553 4
386 570 20
386 584 15
386 587 22
387 393 10
387 404 20
387 411 17
387 419 1
387 422 13
387 426 2
387 468 4
387 534 13
387 549 6
387 552 8
387 555 14
387 569 1
387 573 10
387 587 12
388 407 5
388 415 16
388 443 12
388 450 4
388 467 20
388 477 20
388 487 7
388 488 15
388 493 10
388 496 17
388 530 24
388 563 7
389 391 12
389 394 4
389 412 1
389 414 1
389 430 25
389 448 10
389 482 20
389 487 16
389 523 12
389 549 9
389 584 19
389 588 17
390 391 24
390 412 25
390 418 24
390 422 12
390 435 2
390 470 11
390 493 25
390 510 6
390 519 3
390 530 13
390 533 11
390 536 22
390 542 8
390 597 18
391 405 14
391 408 17
391 415 11
391 418 12
391 452 23
391 455 22
391 456 15
391 470 25
391 490 23
391 550 15
391 553 11
391 571 19
391 584 7
391 587 24
392 402 5
392 406 3
392 416 16
392 424 3
392 462 4
392 470 16
392 472 16
392 503 5
392 509 1
392 511 15
392 517 12
392 531 3
392 585 5
392 595 22
393 418 2
393 421 12
393 460 14
393 465 15
393 487 5
393 541 25
393 566 3
393 580 2
393 584 23
394 411 19
394 416 3
394 432 20
394 470 8
394 474 15
394 482 16
394 489 17
394 572 13
395 421 20
395 427 21
395 440 3
395 510 22
395 520 24
395 534 19
395 568 14
395 573 3
395 579 21
395 583 5
396 398 14
396 424 1
396 429 9
396 457 12
396 485 4
396 487 20
396 528 1
396 536 20
396 588 24
397 423 2
397 435 22
397 484 2
397 532 24
397 537 15
398 410 6
398 425 21
398 426 25
398 484 20
398 587 11
398 595 18
399 433 8
399 444 7
399 455 13
399 473 12
399 510 5
399 522 11
399 595 5
399 597 18
399 598 15
400 401 3
400 416 22
400 417 5
400 422 3
400 497 6
400 540 16
400 551 6
400 556 2
400 557 16
401 412 25
401 416 3
401 423 19
401 425 23
401 426 6
401 430 20
401 455 12
401 467 14
401 475 15
401 522 13
401 596 8
402 416 2
402 438 5
402 482 17
402 525 8
402 542 17
402 545 4
402 546 12
402 562 4
402 568 10
402 570 6
402 571 18
402 584 12
403 421 2
403 428 22
403 447 14
403 471 9
403 477 13
403 480 21
403 488 13
403 495 5
403 499 22
403 514 17
403 517 1
403 518 19
403 534 24
403 535 20
403 539 6
403 588 12
404 405 9
404 406 18
404 425 22
404 445 12
404 457 23
404 458 13
404 471 19
404 484 16
404 498 18
404 499 7
404 512 20
404 533 3
404 555 12
404 584 14
405 473 14
405 477 15
405 498 13
405 502 5
405 504 1
405 512 25
405 523 2
405 541 15
405 566 6
405 595 24
405 596 6
406 416 6
406 432 17
406 445 6
406 490 25
406 501 24
406 523 18
406 549 10
406 558 17
406 578 14
406 593 21
407 425 16
407 453 1
407 478 16
407 485 8
407 503 19
407 586 24
407 587 4
408 422 23
408 437 12
408 445 18
408 524 13
408 537 2
408 578 5
409 412 19
409 424 4
409 429 6
409 475 21
409 488 18
409 489 13
409 501 21
409 512 25
409 562 19
409 580 12
409 594 5
410 432 20
410 497 11
410 500 22
410 505 7
410 512 4
410 523 12
410 559 4
410 597 19
411 422 15
411 444 22
411 466 3
411 469 10
411 491 20
411 508 7
411 511 7
411 560 7
411 591 1
412 416 19
412 433 10
412 449 7
412 479 15
412 496 13
412 500 12
412 502 10
412 532 7
412 540 1
413 434 5
413 452 6
413 474 21
413 485 18
413 490 10
413 523 16
413 542 3
413 550 9
413 559 24
413 561 8
413 571 20
413 584 2
414 426 3
414 437 9
414 480 25
414 539 6
414 563 18
414 571 20
415 422 12
415 425 1
415 429 3
415 453 12
415 469 20
415 477 14
415 494 18
415 513 9
415 526 3
415 556 6
415 577 20
415 587 9
415 597 6
416 457 1
416 481 14
416 485 4
416 494 18
416 522 25
416 559 19
416 560 23
417 420 8
417 423 19
417 474 5
417 500 5
417 502 22
417 528 8
417 537 13
417 585 22
418 432 15
418 436 8
418 498 18
418 513 3
418 514 8
418 519 22
418 539 16
418 545 4
418 554 10
418 561 10
418 575 12
418 590 14
419 454 15
419 463 8
419 512 22
419 534 22
419 540 8
419 552 12
419 575 25
419 584 3
419 589 13
419 596 20
420 432 25
420 437 21
420 440 15
420 450 6
420 486 25
420 508 12
420 510 15
420 516 14
420 523 8
420 531 4
420 539 21
421 428 2
421 445 6
421 447 6
421 458 23
421 523 21
421 555 9
421 558 9
421 576 5
421 587 23
421 589 22
422 433 21
422 441 5
422 446 20
422 452 20
422 466 15
422 518 8
422 535 21
422 547 17
422 563 20
422 574 18
422 577 18
422 586 17
422 598 7
423 443 23
423 491 18
423 544 20
423 564 13
423 580 7
424 453 4
424 460 18
424 486 4
424 489 5
424 496 1
424 529 9
424 532 4
424 544 23
424 568 20
424 571 14
424 577 3
424 582 17
425 484 12
425 522 25
425 541 23
425 559 6
425 564 21
425 569 12
425 570 15
425 577 19
425 588 5
426 455 10
426 461 13
426 484 22
426 496 1
426 524 21
426 536 22
426 542 19
426 548 16
426 593 9
427 453 2
427 483 19
427 513 3
427 516 5
427 541 1
427 577 3
427 580 16
428 441 4
428 471 1
428 514 10
428 529 18
428 530 5
428 566 1
429 447 4
429 457 6
429 466 23
429 506 12
429 535 4
429 546 12
429 575 1
429 595 22
430 442 16
430 461 12
430 465 9
430 474 13
430 528 13
430 551 4
430 594 9
431 433 8
431 469 21
431 497 19
431 504 9
431 543 15
431 574 23
431 580 15
432 452 17
432 454 1
432 461 7
432 470 20
432 509 3
432 511 16
432 538 14
432 554 7
432 557 18
432 560 20
432 570 14
432 580 18
432 587 8
432 592 17
432 593 4
433 450 10
433 471 15
433 485 19
433 504 22
433 530 23
433 545 8
433 546 11
433 555 4
433 575 18
433 578 20
433 583 1
434 450 13
434 459 3
434 464 15
434 491 11
434 580 19
434 597 8
435 461 13
435 479 1
435 483 3
435 488 15
435 514 18
435 525 18
435 559 23
436 462 11
436 488 14
436 503 11
436 506 3
436 536 21
436 540 5
436 551 8
437 439 8
437 470 19
437 480 1
437 484 4
437 487 19
437 489 11
437 513 14
437 531 22
437 544 5
437 570 10
437 584 24
438 440 18
438 442 12
438 519 14
438 521 5
438 527 7
438 546 23
438 547 17
438 558 7
438 588 25
439 465 8
439 469 2
439 480 20
439 491 7
439 511 12
439 516 8
439 535 19
440 463 16
440 482 6
440 488 23
440 495 23
440 503 13
440 553 17
440 570 25
440 572 18
440 583 10
441 509 10
441 511 8
441 528 8
441 529 15
441 541 17
441 561 6
441 572 9
441 586 3
441 594 21
442 450 13
442 464 11
442 474 19
442 486 6
442 490 20
442 492 20
442 507 13
442 545 21
442 573 14
442 590 21
443 451 7
443 466 24
443 477 14
443 479 24
443 492 6
443 494 12
443 509 21
443 514 18
443 524 3
443 551 20
443 553 12
443 578 14
443 581 5
444 447 19
444 450 23
444 473 21
444 506 10
444 516 3
444 527 4
444 532 14
444 574 1
444 578 16
445 471 24
445 480 19
445 484 21
445 536 18
445 553 15
445 559 10
445 588 15
446 462 6
446 482 5
446 526 23
446 531 6
446 554 18
446 555 21
446 578 11
446 594 6
447 466 16
447 478 5
447 488 8
447 530 11
447 582 16
447 589 23
448 484 17
448 517 9
448 523 20
448 531 12
448 537 20
448 541 25
449 467 15
449 468 8
449 486 25
449 514 7
449 525 6
449 549 20
449 592 4
449 595 1
450 464 9
450 479 15
450 512 17
450 524 16
450 540 21
450 597 15
451 477 21
451 530 15
451 538 10
451 548 8
451 575 21
451 586 1
451 590 12
452 515 5
452 518 11
452 534 4
452 559 3
452 598 2
453 519 12
453 524 22
453 553 15
453 570 6
453 579 21
453 583 6
453 592 15
454 504 22
454 516 12
454 530 23
454 572 16
454 589 17
455 479 25
455 482 2
455 497 8
455 506 16
455 517 17
455 523 3
455 534 5
455 572 15
456 462 17
456 464 15
456 484 22
456 499 12
456 504 15
456 513 9
456 530 17
456 533 2
456 537 12
456 541 19
456 550 5
456 551 1
456 552 17
456 554 19
456 561 8
456 562 15
456 567 1
457 473 23
457 474 11
457 476 14
457 501 22
457 507 4
457 514 5
457 515 21
457 529 5
457 546 12
457 563 11
457 575 23
457 581 16
457 592 16
458 459 12
458 462 7
458 477 7
458 479 9
458 486 19
458 501 21
459 472 19
459 534 12
459 540 24
459 553 5
459 596 7
460 462 3
460 467 7
460 509 25
460 527 23
460 563 15
460 575 14
460 587 23
460 590 14
461 502 2
461 527 11
461 555 10
461 562 7
461 577 17
462 495 7
462 503 13
462 542 5
462 560 17
462 577 10
462 598 20
463 467 9
463 482 24
463 483 1
463 493 15
463 553 7
463 585 21
464 472 12
464 491 25
464 503 7
464 504 10
464 531 6
464 549 15
464 561 14
464 581 15
465 473 15
465 494 11
465 514 4
465 517 5
465 523 10
465 531 19
465 554 6
465 563 20
465 575 5
466 501 12
466 510 13
466 555 11
466 588 1
467 471 17
467 481 4
467 492 11
467 499 11
467 500 13
467 514 11
467 524 14
467 561 4
467 596 17
468 507 11
468 541 16
468 570 18
468 597 20
469 507 2
469 529 25
469 549 9
469 563 16
470 481 14
470 496 23
470 502 3
470 504 19
470 510 3
470 536 13
470 542 14
470 547 10
470 570 9
470 580 18
471 472 24
471 485 22
471 494 5
471 511 24
471 547 15
471 562 9
471 585 11
472 510 1
472 512 23
472 537 21
472 548 16
472 582 3
473 478 14
473 483 1
473 505 20
473 584 8
473 586 20
473 593 22
474 482 8
474 490 6
474 517 14
474 533 23
474 552 5
475 485 16
475 511 19
475 519 9
475 534 3
475 580 7
475 597 19
476 480 14
476 488 2
476 499 19
476 517 10
476 536 6
476 539 19
476 557 24
477 484 16
477 532 5
478 513 1
478 518 13
478 549 2
478 552 16
478 571 18
478 585 16
479 525 19
479 530 12
479 586 25
479 590 15
480 490 8
480 499 9
480 527 20
480 532 21
480 535 7
480 586 25
480 588 14
480 597 25
481 488 8
481 527 16
481 537 6
481 549 3
481 561 6
481 581 9
482 508 23
482 524 15
482 535 15
482 571 17
482 577 16
482 586 5
483 513 23
483 523 16
483 540 20
483 552 24
483 575 9
483 585 12
483 598 16
484 525 4
484 537 25
484 599 16
485 497 18
485 526 8
486 505 24
486 521 15
486 526 5
486 563 7
486 575 16
487 506 18
487 516 8
487 531 23
487 539 11
487 546 16
487 559 3
487 567 16
487 586 24
487 587 25
488 507 8
488 521 13
488 530 16
489 503 23
489 532 20
489 539 15
489 545 15
489 551 16
489 595 14
489 596 25
490 495 4
490 507 6
490 521 5
490 546 3
491 499 23
491 501 25
491 519 12
491 563 22
491 575 14
491 577 17
491 587 5
492 493 4
492 535 11
492 539 13
492 548 3
492 556 23
492 570 3
493 497 5
493 515 14
493 525 1
493 548 7
493 556 23
493 594 16
494 507 24
494 529 22
494 531 12
494 535 14
494 573 13
494 577 2
495 599 4
496 502 15
496 508 5
496 518 9
496 521 19
496 524 9
496 527 7
496 546 18
496 555 21
496 565 5
496 578 6
496 591 14
497 518 9
497 544 11
497 554 24
497 563 23
497 571 14
497 583 22
497 586 2
498 506 20
498 515 12
498 548 3
498 572 3
498 576 9
498 586 20
499 502 2
499 513 5
499 518 6
499 524 17
500 536 19
500 538 7
501 521 22
501 527 8
501 553 13
501 560 5
501 590 2
502 570 21
503 511 13
503 514 19
503 539 18
503 542 17
503 562 2
503 571 6
503 581 3
503 588 12
504 511 5
504 514 2
504 554 2
504 579 3
505 544 4
505 566 24
505 588 14
506 516 8
506 518 1
506 528 22
506 529 4
506 531 4
506 543 3
506 590 9
507 528 22
507 530 21
507 542 17
507 548 18
508 537 4
508 543 6
508 589 23
509 510 7
509 560 3
509 562 10
509 564 2
509 565 21
509 573 4
509 576 3
510 522 1
510 523 8
510 535 17
510 536 7
510 538 11
510 543 20
510 550 9
510 559 14
511 512 18
511 536 22
511 537 23
511 550 21
511 590 20
512 516 1
512 533 24
512 584 22
512 589 9
512 593 21
513 559 20
513 570 2
513 598 13
514 552 25
514 572 7
515 522 12
515 563 6
515 572 10
515 590 24
516 519 7
516 547 5
516 579 4
516 596 12
517 520 7
517 578 11
517 582 5
517 586 14
517 599 21
518 582 24
519 557 22
520 544 12
520 548 19
520 564 19
520 571 9
520 584 14
521 523 15
521 553 10
521 571 12
521 582 12
521 583 20
521 593 9
521 596 8
522 598 22
523 546 24
523 568 7
523 571 3
523 577 10
523 599 14
524 579 14
524 590 10
525 531 20
525 549 18
525 572 13
525 573 8
525 585 25
525 591 25
525 593 12
526 558 15
526 585 23
527 554 13
527 555 11
527 569 9
527 586 6
528 536 6
528 541 19
528 542 19
528 550 21
528 593 5
529 558 7
529 565 9
529 593 25
530 594 16
531 548 16
531 569 23
531 572 16
531 589 24
531 591 2
532 544 25
532 549 12
532 595 16
533 536 10
533 565 8
534 541 10
534 549 22
534 568 18
535 552 11
535 553 24
535 555 4
535 568 25
535 572 21
536 597 16
536 598 11
537 559 4
537 580 21
537 587 16
538 575 24
538 584 16
538 586 13
538 588 4
538 589 23
539 570 21
539 597 3
540 553 15
540 564 11
540 566 25
540 573 5
540 583 11
540 598 1
541 543 6
541 554 22
541 573 18
541 591 17
542 575 7
542 583 3
544 570 16
545 551 24
545 591 13
545 599 14
546 587 4
546 599 15
547 563 9
547 585 22
548 565 2
548 585 14
549 551 19
550 575 17
550 579 12
550 587 10
550 591 7
551 588 15
551 589 9
551 592 2
552 574 17
552 584 25
552 587 15
552 588 18
553 595 4
554 577 25
555 562 21
558 562 11
558 575 24
558 595 13
559 586 3
560 561 5
560 563 17
560 565 18
560 596 5
561 578 7
562 567 6
562 589 8
563 573 21
563 584 16
564 595 6
565 575 22
566 583 4
569 588 25
570 591 15
571 583 17
571 592 11
572 580 21
572 585 7
573 579 19
573 587 23
574 592 25
574 597 18
575 581 14
575 589 20
576 598 23
581 594 13
582 585 15
582 595 8
583 591 11
585 595 4
589 595 12
593 598 17
594 596 21
600 299 28
601 599 16
600 601 44
602 608 7
602 609 6
602 621 2
602 624 9
602 655 5
602 687 7
602 740 10
602 754 3
602 775 2
602 777 2
602 782 7
602 801 1
602 815 4
602 825 3
602 828 6
602 866 10
602 867 2
602 868 10
602 870 3
602 876 7
603 649 10
603 672 7
603 682 10
603 695 6
603 700 7
603 705 1
603 724 4
603 741 8
603 749 1
603 773 9
603 805 4
603 844 7
604 612 6
604 628 5
604 637 8
604 654 2
604 688 3
604 703 7
604 740 4
604 745 6
604 751 8
604 797 10
604 802 8
604 806 3
604 819 2
604 865 3
604 877 2
605 629 6
605 637 3
605 644 6
605 664 4
605 677 4
605 684 3
605 686 3
605 698 9
605 703 1
605 716 3
605 758 2
605 759 10
605 807 3
605 843 2
605 847 3
605 857 1
605 894 7
606 613 9
606 629 10
606 640 8
606 648 3
606 653 6
606 659 2
606 701 9
606 728 5
606 761 3
606 779 6
606 781 8
606 859 7
606 870 9
606 897 9
607 633 2
607 662 3
607 695 5
607 722 5
607 760 6
607 780 9
607 788 7
607 826 4
607 846 1
607 850 1
607 870 8
607 874 10
608 637 3
608 652 9
608 663 4
608 673 5
608 703 6
608 713 4
608 727 5
608 736 3
608 756 6
608 765 2
608 781 6
608 793 4
608 803 7
608 810 9
608 826 10
608 828 6
608 855 7
608 877 10
608 883 4
609 620 8
609 625 2
609 654 10
609 670 2
609 702 9
609 709 10
609 740 10
609 762 4
609 769 10
609 793 2
609 800 1
609 810 1
609 824 6
609 865 10
609 872 6
609 877 10
610 611 7
610 673 9
610 686 6
610 695 1
610 728 5
610 756 8
610 761 9
610 799 8
610 809 6
610 815 9
610 849 9
610 853 1
610 872 5
610 887 8
610 898 6
611 708 2
611 733 1
611 796 6
611 799 5
611 816 9
611 827 7
611 842 6
611 846 3
611 863 9
611 867 7
611 873 5
611 881 9
611 882 2
611 899 6
612 616 5
612 646 3
612 665 2
612 689 5
612 712 9
612 730 5
612 742 9
612 760 6
612 800 3
612 849 9
612 894 1
613 614 3
613 629 9
613 642 3
613 696 7
613 786 9
613 793 8
613 832 10
613 849 9
613 862 5
613 863 4
613 877 10
613 888 2
614 619 1
614 687 2
614 706 10
614 707 7
614 726 6
614 773 10
614 778 10
614 797 4
614 827 6
614 836 2
614 865 5
614 884 1
614 890 10
614 892 1
614 896 1
615 637 7
615 649 5
615 704 9
615 707 9
615 710 7
615 712 10
615 716 1
615 788 3
615 791 8
615 835 9
615 880 4
615 883 6
615 893 5
616 634 7
616 658 5
616 672 6
616 681 9
616 684 8
616 689 7
616 714 7
616 716 6
616 719 7
616 737 6
616 759 9
616 794 4
616 824 8
616 830 5
616 876 4
617 626 9
617 655 6
617 685 7
617 686 6
617 690 2
617 723 7
617 742 6
617 766 9
617 792 6
617 795 9
617 815 3
617 832 3
617 867 7
617 871 7
618 697 1
618 746 1
618 778 5
618 794 7
618 812 9
618 813 4
618 843 7
618 859 5
618 868 10
618 877 2
618 879 3
618 897 8
619 641 2
619 657 7
619 669 7
619 688 6
619 699 2
619 722 5
619 788 3
619 800 8
619 805 2
619 835 7
619 856 5
619 889 10
619 891 5
620 658 2
620 690 8
620 705 7
620 730 5
620 734 6
620 755 5
620 774 7
620 811 8
620 835 2
620 840 3
620 842 6
620 858 5
620 871 9
620 886 3
620 891 6
621 637 2
621 664 5
621 681 5
621 695 5
621 704 3
621 737 1
621 784 3
621 792 5
621 817 8
621 818 5
621 855 4
621 861 9
621 885 1
621 888 10
622 688 8
622 705 7
622 729 2
622 744 7
622 770 6
622 788 8
622 790 2
622 856 10
622 878 4
622 887 10
623 631 3
623 668 8
623 680 5
623 686 7
623 696 9
623 717 9
623 753 5
623 838 10
623 858 4
623 883 9
624 657 5
624 711 6
624 736 2
624 744 7
624 754 2
624 755 9
624 763 3
624 776 8
624 780 9
624 802 6
624 811 7
624 812 9
624 819 2
624 830 10
624 839 5
624 856 9
624 900 9
625 632 7
625 649 1
625 705 2
625 778 6
625 798 3
625 825 2
625 829 2
625 853 2
626 644 10
626 657 1
626 702 8
626 747 1
626 752 4
626 771 8
626 786 7
626 787 1
626 812 9
626 861 3
627 645 5
627 646 7
627 652 8
627 666 2
627 716 6
627 750 5
627 759 10
627 768 4
627 814 8
627 816 10
627 844 8
627 877 7
627 879 8
627 894 6
628 634 7
628 635 2
628 638 1
628 640 1
628 670 5
628 703 3
628 717 2
628 726 4
628 741 3
628 773 9
628 775 6
628 800 8
628 815 7
628 865 3
629 663 10
629 678 5
629 683 5
629 698 4
629 711 4
629 719 4
629 735 7
629 740 1
629 744 8
629 796 7
629 801 6
629 815 6
629 822 8
629 851 5
629 858 2
630 655 5
630 663 1
630 682 10
630 693 8
630 720 1
630 783 10
630 792 4
630 805 5
630 830 4
630 888 7
631 678 9
631 704 4
631 735 3
631 754 8
631 764 10
631 773 7
631 775 8
631 776 7
631 777 3
631 795 3
631 806 2
631 813 7
631 833 10
631 837 2
631 878 6
631 882 6
631 885 9
631 887 1
632 641 3
632 661 3
632 669 4
632 672 9
632 681 5
632 692 5
632 695 9
632 703 6
632 707 7
632 762 2
632 777 2
632 785 10
632 848 1
633 649 1
633 655 3
633 666 5
633 698 10
633 703 5
633 707 1
633 710 7
633 713 3
633 726 3
633 739 10
633 740 4
633 748 9
633 759 1
633 785 7
633 809 7
633 810 6
633 818 5
633 879 7
634 652 10
634 681 9
634 712 3
634 740 10
634 766 4
634 780 7
634 810 10
634 832 1
634 864 3
634 870 2
634 899 2
635 641 2
635 648 4
635 693 4
635 762 7
635 781 8
635 793 4
635 851 1
635 868 8
636 657 2
636 670 3
636 678 2
636 679 3
636 684 8
636 693 3
636 694 3
636 709 4
636 730 9
636 743 10
636 796 10
636 799 5
636 818 1
636 819 8
636 838 7
636 847 1
636 869 1
636 884 6
637 642 10
637 651 1
637 669 8
637 677 3
637 680 5
637 743 2
637 761 6
637 765 8
637 767 8
637 816 3
637 828 3
637 838 10
637 875 2
638 648 5
638 684 4
638 692 4
638 712 7
638 723 1
638 735 6
638 738 10
638 744 6
638 759 6
638 789 1
638 798 5
638 808 10
638 812 2
638 820 4
638 844 9
638 851 2
638 853 5
638 860 6
639 646 3
639 647 7
639 675 3
639 703 6
639 707 3
639 709 6
639 747 3
639 752 3
639 753 5
639 756 6
639 784 5
639 794 4
639 801 9
639 833 9
639 848 9
639 853 4
639 863 8
639 884 1
640 642 1
640 662 9
640 668 6
640 677 6
640 768 9
640 780 2
640 791 8
640 812 10
640 846 6
641 659 6
641 673 3
641 689 2
641 700 3
641 729 6
641 731 8
641 737 5
641 738 3
641 742 1
641 747 1
641 755 5
641 761 3
641 800 5
641 808 2
641 813 9
641 829 1
641 836 1
641 877 10
641 889 1
641 894 6
642 650 7
642 652 2
642 669 7
642 677 7
642 745 9
642 747 2
642 754 7
642 766 1
642 796 9
642 802 7
642 804 6
642 810 6
642 839 1
642 858 7
642 861 8
643 656 8
643 695 6
643 704 5
643 724 2
643 741 8
643 751 7
643 769 7
643 792 2
643 840 1
643 867 10
643 870 1
643 879 3
643 880 2
643 884 10
643 885 4
644 666 8
644 675 8
644 710 7
644 717 4
644 719 6
644 743 5
644 745 5
644 775 2
644 798 7
644 823 6
644 867 10
644 870 2
644 884 3
645 646 1
645 681 10
645 696 1
645 704 10
645 735 8
645 767 5
645 776 2
645 777 5
645 783 1
645 818 10
645 828 9
645 850 3
645 851 9
645 859 9
645 879 8
645 882 1
646 674 10
646 698 3
646 726 10
646 731 9
646 756 9
646 769 3
646 790 4
646 810 5
646 819 9
646 858 7
646 887 2
647 651 6
647 688 7
647 691 5
647 696 9
647 709 9
647 733 7
647 763 9
647 786 8
647 797 4
647 826 5
647 832 9
647 867 10
647 880 7
648 658 10
648 665 8
648 672 1
648 711 9
648 728 8
648 741 10
648 753 1
648 763 9
648 775 2
648 818 10
648 822 9
648 827 2
648 841 4
648 853 4
648 856 9
648 897 2
649 665 1
649 688 10
649 706 10
649 732 7
649 743 4
649 768 8
649 772 5
649 775 10
649 785 8
649 833 4
649 835 5
649 846 2
649 860 5
650 662 5
650 672 10
650 675 4
650 686 4
650 693 10
650 702 2
650 730 4
650 735 2
650 744 4
650 750 4
650 763 3
650 813 3
650 831 3
650 842 7
650 897 6
651 674 6
651 690 5
651 726 10
651 739 8
651 775 6
651 776 9
651 808 4
651 817 1
651 858 8
651 860 10
651 872 3
651 878 5
652 680 6
652 683 7
652 725 8
652 747 10
652 779 3
652 797 7
652 824 3
652 892 9
653 704 8
653 713 7
653 722 2
653 723 9
653 748 10
653 772 5
653 780 4
653 789 3
653 806 7
653 854 2
653 861 10
653 869 5
653 875 8
653 877 1
653 878 2
654 667 3
654 711 1
654 719 8
654 772 3
654 805 8
654 861 9
654 869 7
654 874 2
654 887 4
655 657 4
655 693 9
655 705 3
655 712 8
655 741 7
655 791 8
655 801 6
655 804 5
655 822 4
655 861 7
655 869 5
655 888 3
655 890 4
656 689 10
656 691 7
656 698 2
656 700 1
656 722 9
656 728 6
656 800 8
656 817 1
656 851 10
656 855 2
657 661 2
657 663 7
657 693 5
657 748 9
657 763 5
657 773 3
657 796 3
657 804 1
657 816 6
657 819 3
657 823 3
657 861 6
657 862 2
657 872 2
657 888 1
657 894 6
658 684 5
658 689 10
658 707 2
658 762 10
658 773 3
658 806 2
658 814 8
658 823 6
658 826 4
658 833 8
658 841 4
658 891 2
658 895 9
658 898 3
659 665 3
659 675 10
659 692 1
659 698 9
659 716 10
659 818 7
659 860 2
659 866 4
659 874 7
660 733 9
660 782 9
660 785 2
660 802 4
660 804 10
660 806 3
660 812 5
660 823 7
660 833 10
660 848 6
661 734 8
661 772 1
661 830 10
661 839 1
661 850 8
661 852 5
661 866 5
661 883 8
661 889 8
661 893 8
662 665 6
662 718 2
662 720 10
662 725 7
662 751 2
662 848 1
662 852 8
662 881 1
662 887 4
662 895 4
663 673 9
663 698 2
663 721 2
663 734 10
663 739 8
663 751 3
663 758 5
663 862 4
663 897 9
663 898 6
664 673 9
664 674 8
664 675 6
664 703 8
664 736 9
664 737 5
664 770 4
665 670 5
665 700 2
665 716 2
665 731 2
665 734 7
665 741 3
665 751 3
665 815 5
665 819 7
665 842 3
665 846 3
665 858 9
665 869 8
665 878 8
665 900 7
666 718 2
666 720 9
666 758 9
666 782 9
666 789 1
666 834 3
666 850 4
666 856 1
666 892 8
667 678 2
667 747 8
667 749 5
667 761 1
667 771 8
667 781 9
667 787 4
667 794 2
667 798 1
667 799 7
667 804 5
667 819 7
667 824 2
667 856 8
667 859 4
667 873 10
667 884 2
668 685 6
668 702 8
668 743 10
668 744 3
668 745 4
668 747 1
668 801 3
668 807 2
668 853 1
669 709 5
669 717 6
669 721 4
669 768 5
669 787 3
669 788 5
669 789 4
669 792 7
669 793 7
669 802 2
669 840 8
669 892 2
670 713 5
670 732 8
670 791 1
670 854 10
670 866 6
670 899 2
671 695 7
671 719 9
671 721 1
671 729 8
671 738 6
671 745 8
671 773 9
671 811 10
671 826 3
671 841 1
671 879 2
671 886 5
672 688 1
672 710 8
672 736 10
672 760 4
672 764 4
672 767 5
672 798 10
672 827 8
672 837 3
672 840 8
672 865 1
672 890 10
673 695 10
673 780 5
673 784 7
673 797 10
673 849 4
673 853 5
673 854 3
673 855 2
673 861 3
673 897 3
673 899 2
674 684 9
674 691 2
674 695 10
674 723 10
674 737 6
674 750 1
674 779 4
674 812 10
674 813 1
674 820 1
674 825 2
674 862 7
674 875 5
674 886 8
675 699 6
675 735 2
675 740 10
675 758 4
675 792 2
675 795 2
675 827 5
675 847 8
675 863 8
676 694 4
676 721 4
676 741 4
676 831 8
676 857 5
676 865 7
677 748 2
677 769 6
677 776 7
677 822 3
677 886 8
677 900 6
678 681 10
678 682 10
678 691 9
678 698 10
678 725 10
678 764 2
678 773 3
678 783 8
678 790 6
678 817 10
678 853 4
679 681 9
679 742 1
679 744 9
679 749 2
679 753 2
679 789 3
679 859 9
679 874 10
679 885 8
679 888 2
679 899 3
680 696 5
680 714 9
680 719 1
680 769 6
680 811 6
680 812 7
680 843 10
680 851 3
680 852 5
681 700 9
681 708 2
681 711 5
681 726 10
681 756 4
681 778 6
681 788 4
681 818 3
681 819 1
681 832 3
681 866 6
681 892 9
682 701 4
682 710 6
682 727 2
682 747 5
682 758 10
682 804 1
682 808 6
682 817 9
682 841 4
682 867 1
682 897 3
683 699 4
683 709 1
683 740 10
683 741 10
683 769 10
683 772 1
683 789 2
683 793 6
683 796 10
683 804 6
683 807 10
683 860 1
684 692 1
684 710 6
684 736 5
684 741 3
684 769 8
684 770 9
684 834 1
684 863 9
684 870 4
684 872 6
684 874 10
685 688 9
685 713 8
685 762 2
685 772 6
685 779 6
685 788 8
685 797 8
685 822 9
685 844 1
685 847 1
686 688 10
686 713 10
686 715 10
686 721 1
686 725 4
686 748 7
686 751 2
686 765 1
686 885 6
686 886 2
687 714 1
687 718 3
687 731 8
687 791 5
687 800 1
687 810 9
687 825 5
687 864 1
687 878 2
687 896 3
688 691 10
688 700 2
688 762 10
688 785 4
688 801 8
688 806 7
688 842 1
688 845 7
688 852 7
688 859 3
688 862 7
688 867 7
688 878 5
688 885 8
689 704 9
689 733 8
689 762 4
689 781 10
689 789 10
689 795 2
689 802 3
689 812 2
689 889 4
690 691 3
690 732 6
690 733 6
690 775 1
690 797 3
690 820 8
690 822 4
690 832 7
690 857 10
690 861 6
690 864 8
690 865 3
690 866 5
690 870 4
690 872 5
690 895 1
691 700 1
691 728 7
691 731 8
691 751 9
691 760 1
691 764 5
691 793 7
691 831 10
691 843 9
691 854 8
691 861 1
691 868 2
691 877 2
691 898 2
692 711 7
692 811 4
692 829 10
692 831 5
692 860 6
692 894 2
693 696 2
693 737 10
693 746 10
693 750 1
693 762 5
693 769 7
693 784 5
693 787 9
693 797 2
693 830 9
693 848 1
693 859 4
693 879 8
693 882 8
694 705 2
694 730 10
694 732 3
694 768 10
694 772 10
694 790 3
694 829 7
694 846 2
694 848 6
694 855 9
694 858 4
694 867 2
694 868 4
694 874 3
695 715 6
695 737 10
695 753 6
695 755 8
695 799 9
695 804 7
695 841 10
695 861 5
695 877 3
695 891 5
696 705 5
696 755 6
696 765 5
696 766 5
696 773 10
696 780 2
696 815 3
696 821 1
696 866 2
696 891 7
696 899 3
697 719 3
697 735 1
697 752 1
697 821 4
697 834 6
697 851 9
697 878 9
697 879 7
697 886 5
697 891 3
698 700 5
698 702 6
698 705 8
698 711 4
698 720 4
698 723 6
698 778 3
698 782 10
698 820 8
698 834 9
698 867 4
699 711 4
699 715 4
699 740 8
699 758 3
699 780 7
699 786 2
699 838 5
699 844 10
699 863 10
699 885 7
699 898 2
700 713 10
700 718 8
700 719 8
700 726 7
700 736 8
700 770 6
700 861 4
700 866 4
700 886 9
701 712 8
701 723 9
701 729 8
701 735 3
701 737 4
701 744 4
701 760 5
701 769 3
701 780 3
701 818 6
701 820 8
701 826 8
701 829 1
701 850 6
701 865 2
701 894 7
701 899 9
702 758 9
702 768 7
702 795 9
702 804 5
702 810 10
702 836 10
702 859 4
702 880 9
702 891 7
702 895 4
703 704 7
703 711 2
703 721 7
703 725 5
703 739 1
703 787 6
703 793 4
703 796 3
703 802 1
703 812 9
703 837 7
703 839 4
703 863 4
703 883 4
703 888 1
704 729 1
704 775 4
704 776 8
704 780 5
704 794 1
704 796 7
704 828 3
704 840 9
704 875 7
704 879 7
705 715 10
705 734 6
705 751 3
705 755 9
705 764 4
705 771 6
705 783 5
705 791 5
705 821 4
705 854 1
705 870 5
705 882 1
706 784 6
706 788 7
706 810 2
706 816 5
706 867 6
706 898 5
707 729 10
707 733 9
707 737 7
707 746 2
707 789 3
707 792 5
707 817 6
707 868 5
707 876 3
707 893 8
708 725 3
708 751 1
708 787 7
708 831 2
708 853 8
708 872 9
709 739 2
709 751 2
709 811 6
709 831 6
709 835 6
709 858 9
709 893 6
709 897 1
710 712 10
710 759 4
710 792 9
710 796 1
710 830 8
710 840 4
710 872 7
710 888 9
711 730 5
711 731 5
711 764 10
711 769 7
711 771 9
711 794 6
711 829 1
711 841 3
711 850 3
711 862 5
711 880 5
711 893 9
712 720 8
712 721 3
712 730 9
712 732 10
712 736 6
712 766 6
712 775 5
712 826 1
712 876 7
713 717 3
713 726 3
713 754 6
713 786 6
713 787 2
713 794 8
713 835 5
713 839 7
713 843 6
713 857 3
713 901 1
714 739 10
714 806 2
714 846 9
714 865 1
714 867 7
714 873 9
714 901 5
715 727 2
715 759 5
715 767 10
715 790 2
715 811 3
715 818 4
715 824 3
715 860 2
715 868 9
715 884 8
715 896 6
716 722 1
716 762 4
716 763 10
716 780 4
716 795 1
716 854 5
716 860 7
716 864 10
716 869 9
717 722 5
717 764 5
717 772 3
717 778 6
717 801 7
717 811 5
717 832 4
717 869 7
717 873 3
717 889 5
717 894 3
718 760 4
718 761 9
718 765 4
718 769 6
718 772 3
718 794 7
718 803 10
718 805 4
718 814 7
718 815 7
718 826 2
718 830 8
718 837 3
718 848 1
718 883 3
719 741 5
719 827 8
719 830 1
719 842 5
719 843 8
720 722 5
720 759 1
720 767 1
720 776 2
720 778 9
720 784 5
720 808 6
720 812 5
720 818 7
720 823 2
720 832 10
720 860 3
720 884 2
721 726 3
721 730 10
721 731 5
721 737 10
721 738 9
721 753 10
721 760 8
721 795 7
721 811 1
721 821 5
721 835 9
721 839 4
721 855 9
721 858 4
722 737 1
722 740 9
722 742 10
722 756 8
722 770 6
722 776 10
722 781 8
722 820 7
722 824 9
722 842 4
722 858 2
722 891 5
723 741 3
723 812 5
723 835 4
723 874 5
723 885 7
724 727 9
724 741 6
724 761 3
724 781 10
724 791 4
724 803 2
724 813 7
724 818 2
724 823 5
724 872 4
724 882 1
724 887 8
725 763 2
725 778 6
725 781 10
725 785 3
725 802 5
725 803 9
725 815 8
725 866 6
725 870 9
726 729 4
726 735 4
726 746 4
726 761 8
726 796 1
726 813 6
726 824 2
726 831 6
726 855 2
726 870 10
726 880 4
726 887 7
727 730 2
727 737 3
727 769 2
727 791 6
727 792 2
727 818 4
727 819 10
727 835 5
727 844 6
727 846 9
727 861 8
727 888 1
728 741 10
728 816 10
728 832 7
728 867 8
729 750 7
729 763 2
729 776 8
729 817 1
729 818 8
729 831 2
729 837 10
729 874 10
730 754 9
730 778 1
730 877 5
730 896 1
730 899 3
731 732 1
731 752 9
731 773 4
731 818 5
731 854 1
731 874 1
731 891 6
732 753 6
732 761 10
732 765 2
732 780 1
732 791 10
732 802 10
732 804 1
732 810 9
732 817 9
733 745 9
733 750 9
733 767 6
733 779 10
733 780 6
733 782 8
733 807 7
733 826 9
733 833 7
733 900 6
734 747 8
734 774 9
734 776 3
734 790 8
734 791 1
734 811 3
734 821 6
734 841 7
734 856 9
735 744 8
735 769 7
735 772 7
735 777 3
735 846 9
735 853 8
735 855 3
735 861 8
735 876 7
735 881 5
735 892 7
736 759 8
736 784 3
736 833 5
736 864 3
736 876 5
736 879 2
736 888 2
736 901 3
737 755 1
737 757 10
737 762 1
737 774 8
737 797 8
737 798 3
737 808 5
737 820 9
737 826 7
737 843 2
737 845 7
737 867 7
737 881 2
737 896 3
737 897 3
738 767 4
738 771 1
738 777 1
738 787 9
738 821 9
738 835 9
738 839 5
738 845 7
738 869 6
739 777 10
739 823 3
739 829 10
739 839 4
739 880 4
740 754 1
740 761 6
740 789 4
740 798 2
740 822 6
740 835 1
740 846 10
740 862 10
740 869 7
740 883 10
740 892 8
741 797 1
741 849 6
741 867 5
741 889 2
742 755 10
742 758 7
742 759 5
742 775 3
742 815 7
742 874 5
742 893 3
743 773 8
743 798 10
743 843 9
743 848 3
743 884 9
744 769 1
744 844 3
744 867 4
744 897 6
745 747 5
745 774 1
745 800 10
745 805 7
745 819 7
745 821 2
745 831 8
745 848 8
745 849 1
745 861 7
746 756 6
746 761 1
746 771 4
746 803 10
746 817 4
746 850 5
746 892 8
746 894 10
747 748 7
747 780 7
747 790 5
747 835 9
747 879 4
747 894 6
748 797 9
748 800 6
748 810 6
748 815 9
748 843 10
748 847 9
748 865 7
748 871 7
748 879 9
748 893 8
748 895 5
749 768 7
749 772 9
749 806 2
749 849 5
749 878 1
750 754 10
750 772 2
750 802 3
750 805 5
750 808 3
750 817 6
750 824 9
750 895 2
751 757 6
751 781 6
751 839 8
751 849 2
752 755 6
752 786 1
752 794 7
752 829 5
752 830 9
752 842 4
752 859 5
752 865 10
752 876 2
752 880 1
753 766 8
753 787 2
753 793 8
753 800 2
753 837 9
753 845 9
753 852 5
754 765 5
754 767 9
754 800 4
754 818 8
754 819 2
754 851 8
754 859 10
754 866 9
754 891 9
755 766 3
755 773 4
755 799 4
755 822 1
755 852 7
755 859 9
755 860 3
755 889 5
756 757 5
756 761 3
756 762 8
756 770 10
756 771 3
756 777 1
756 825 2
756 836 10
756 850 3
756 863 10
756 866 4
756 867 3
756 894 8
756 896 8
756 900 9
757 764 8
757 765 2
757 772 6
757 779 9
757 861 1
757 885 7
757 895 8
758 789 9
758 830 9
758 839 3
758 878 4
758 881 9
758 882 2
759 784 5
759 788 4
759 807 6
759 811 9
759 825 6
759 844 4
759 847 10
759 861 8
759 885 6
760 764 2
760 806 10
760 815 8
760 830 1
760 835 3
760 837 2
760 841 10
760 865 10
760 880 10
760 894 9
761 836 3
761 865 5
761 897 10
762 776 6
762 777 3
762 788 7
762 806 6
762 812 2
762 841 1
762 893 10
763 771 2
763 869 2
763 871 6
764 777 7
764 779 10
764 780 6
764 812 3
764 845 3
764 848 6
764 867 10
764 879 10
764 882 9
765 780 1
765 783 8
765 806 1
765 859 3
765 876 1
765 880 10
765 885 5
765 899 1
766 768 10
766 773 9
766 801 7
766 819 9
766 844 4
766 850 2
767 779 7
767 793 10
767 814 5
767 818 8
767 872 1
767 873 6
767 885 1
767 889 6
768 783 3
768 809 10
768 817 3
768 826 7
769 776 4
769 802 8
769 805 8
769 827 4
769 866 6
769 867 9
769 868 3
769 879 8
769 895 3
770 801 3
770 831 7
770 845 9
770 849 5
770 853 7
770 867 8
771 785 4
771 798 7
771 804 3
771 806 5
771 850 4
771 868 2
771 877 9
771 886 1
772 776 4
772 777 6
772 783 3
772 786 1
772 787 10
772 792 3
772 806 4
772 813 6
772 816 8
772 862 3
772 871 4
772 873 3
772 886 1
772 896 4
773 791 5
773 806 8
773 810 6
773 813 10
773 840 7
773 859 5
773 866 6
773 879 5
773 881 4
773 888 9
773 889 1
773 894 6
773 897 5
774 780 4
774 801 10
774 825 3
774 881 4
774 882 5
774 892 1
774 893 9
774 894 6
775 809 10
775 836 1
775 857 9
775 861 8
776 790 10
776 819 1
776 853 1
777 798 3
777 832 1
777 844 4
777 864 9
777 871 9
778 780 1
778 869 10
778 896 5
778 900 7
779 837 6
779 854 9
779 868 10
779 892 6
780 781 9
780 785 8
780 799 1
780 804 3
780 838 7
780 873 5
781 784 8
781 792 1
781 803 5
781 812 6
781 826 6
781 839 7
781 845 8
782 821 6
782 858 4
782 869 10
782 877 9
782 882 4
782 884 2
782 890 9
783 790 9
783 793 10
783 838 9
783 839 9
783 846 2
783 888 5
784 788 6
784 792 9
784 818 5
784 834 7
784 859 4
784 874 4
784 892 4
785 821 6
785 833 8
785 853 2
785 857 3
785 868 7
785 873 3
786 789 9
786 816 5
786 822 10
786 894 5
788 792 4
789 795 8
789 854 8
789 868 3
790 863 6
790 869 3
790 876 4
790 877 6
791 807 1
791 847 6
791 855 7
791 858 2
792 801 7
792 828 1
792 836 9
792 850 5
792 858 6
792 892 5
793 813 10
793 819 1
793 840 1
793 855 8
793 862 10
794 805 2
794 816 10
794 818 6
794 832 6
794 842 8
794 885 2
794 901 8
795 831 3
795 858 6
795 892 5
795 897 2
796 803 8
796 808 2
796 852 5
796 854 4
796 869 7
796 899 7
797 804 9
797 813 3
797 815 10
797 825 7
797 833 6
797 852 8
797 858 1
797 869 3
798 801 5
798 813 2
798 818 3
798 835 7
799 814 9
799 819 4
799 859 8
799 869 10
799 872 1
799 877 4
799 889 8
800 807 3
800 833 1
800 850 2
800 859 8
800 860 7
800 869 5
800 870 7
800 880 8
800 891 1
800 893 10
801 821 4
801 838 8
801 853 8
801 879 9
801 900 9
802 842 6
802 856 4
802 862 7
803 804 8
803 812 6
803 839 3
803 844 10
803 855 10
803 879 9
803 896 10
804 830 3
804 848 8
804 861 10
804 863 3
804 870 3
805 814 9
805 844 5
805 857 5
805 863 2
806 813 4
806 818 1
806 822 6
806 838 1
806 842 8
806 862 7
806 863 2
806 870 4
806 895 6
807 838 2
807 849 2
807 872 4
808 814 7
808 832 7
808 836 2
808 877 5
808 892 4
808 900 6
809 828 6
809 879 5
809 894 6
810 861 5
810 876 7
811 816 4
811 825 6
811 847 1
811 855 6
811 883 4
812 827 8
812 828 3
812 865 5
812 877 1
812 900 3
813 831 3
813 841 3
813 885 3
814 816 9
814 817 7
814 842 6
814 848 6
814 853 8
814 868 9
814 874 9
814 880 4
814 881 7
814 894 1
815 819 10
815 872 2
815 893 8
816 839 5
817 829 6
817 836 4
817 854 2
817 866 2
817 881 7
817 884 7
818 868 2
818 880 4
818 889 3
818 893 9
819 834 8
819 839 7
819 876 2
819 897 1
819 898 9
820 837 6
820 850 5
820 885 9
821 830 2
821 832 10
821 865 6
821 897 1
822 825 10
822 857 5
822 859 5
822 894 6
823 841 7
823 844 6
823 859 7
823 864 4
823 884 3
823 885 2
824 837 9
824 860 4
824 870 5
825 859 7
825 891 2
826 833 8
826 838 3
826 846 4
826 847 7
826 866 10
826 885 3
827 838 10
827 858 2
827 878 3
827 881 5
827 889 6
828 845 4
828 851 9
829 863 5
831 850 9
831 859 9
831 882 6
831 888 3
832 838 5
833 859 3
833 880 1
834 848 3
834 856 1
834 898 7
835 846 5
835 853 4
835 876 5
835 894 10
836 896 8
837 890 2
838 862 3
839 843 6
839 851 4
839 852 7
839 854 4
840 897 5
841 854 1
841 896 5
842 885 7
843 844 3
843 855 1
843 864 2
843 872 6
843 890 9
843 891 9
844 862 7
844 867 10
844 894 4
845 860 1
845 867 4
846 872 7
846 879 2
847 853 6
847 863 9
847 882 10
848 880 2
848 891 3
849 855 4
849 865 1
849 869 2
850 867 7
850 873 6
852 879 7
852 901 2
854 864 2
854 869 2
854 870 7
854 871 4
855 891 8
855 897 3
855 899 6
856 859 9
856 872 6
856 892 4
856 901 9
857 901 4
858 861 2
858 880 8
859 865 10
859 878 2
859 879 4
859 884 8
860 874 5
860 889 9
860 890 6
861 870 4
862 867 3
862 881 8
862 886 10
862 889 5
863 897 10
864 901 8
865 866 10
867 885 8
867 889 10
868 888 3
869 874 2
869 877 8
870 873 6
872 899 9
874 875 2
875 881 4
875 890 7
875 899 7
876 889 7
879 892 6
880 882 3
881 884 8
881 886 5
885 888 2
887 897 1
887 898 8
889 901 9
890 893 6
896 898 7
902 601 43
903 901 10
902 903 22
