904 6735
16 84 92 36 12 70 43 68 60 66 64 95 37 48 10 93 34 12 40 99 3 19 35 15 61 67 98 64 20 88 91 87 23 82 74 34 52 68 54 63 33 17 10 22 16 19 14 50 82 6 100 85 24 87 99 36 53 49 99 72 88 89 10 10 71 83 96 22 50 1 36 34 69 45 55 84 16 21 33 97 78 85 33 1 71 84 36 23 32 87 46 71 75 55 80 45 89 27 18 90 27 54 23 95 50 30 31 65 2 63 62 79 99 46 31 69 29 66 43 12 4 88 82 79 94 14 75 82 40 45 71 19 50 46 65 99 75 95 64 76 10 77 54 8 22 84 77 51 1 19 62 5 59 44 35 52 9 9 86 100 53 8 18 2 53 83 1 27 29 64 2 38 92 7 46 13 42 74 63 43 44 77 99 54 20 33 6 80 93 43 79 46 50 97 99 3 31 51 81 59 66 35 49 57 41 46 70 35 71 32 29 66 8 27 20 79 11 77 58 3 19 89 100 68 85 51 22 67 1 3 77 67 37 25 23 29 22 92 63 92 76 91 58 35 69 77 14 79 5 23 34 23 11 85 42 47 35 16 65 36 18 42 2 6 18 76 86 40 68 49 31 95 91 88 29 60 16 94 90 20 69 75 94 31 60 88 78 94 3 42 81 72 35 34 77 53 10 14 92 29 37 59 15 99 43 35 9 31 29 60 22 11 88 39 80 73 51 41 99 79 89 17 38 2 86 5 95 69 37 47 33 25 57 47 23 99 33 83 30 61 42 3 23 30 93 55 54 43 95 52 73 84 20 11 85 5 15 31 73 3 29 5 27 85 3 2 36 35 84 65 47 78 19 70 7 11 24 12 6 70 15 78 5 34 40 89 39 7 72 63 9 52 20 88 37 74 41 72 61 24 88 7 1 6 28 59 68 3 70 25 73 36 3 29 70 94 70 60 100 41 74 61 92 93 100 80 67 40 3 27 15 90 85 16 47 65 26 67 67 48 91 91 83 45 20 4 39 41 15 90 81 89 50 24 33 49 56 99 88 58 77 55 100 14 22 98 78 47 64 96 46 7 39 81 3 10 84 41 50 99 31 82 87 32 5 19 81 60 70 20 70 98 74 69 63 95 18 40 94 82 88 39 40 26 19 42 87 55 35 36 53 17 17 91 48 73 61 80 85 82 52 6 32 77 74 94 24 91 86 17 24 73 7 15 50 78 9 88 32 43 23 36 59 91 78 58 15 90 38 51 24 41 56 55 17 81 48 40 24 85 8 99 9 15 14 10 44 74 97 75 16 71 62 26 13 91 35 28 80 24 30 3 64 86 9 81 18 57 72 41 93 80 40 2 94 5 63 37 78 60 84 87 53 95 35 14 50 48 19 42 43 14 52 98 56 73 91 54 45 84 38 93 24 25 62 64 74 69 23 42 41 90 45 45 36 31 58 85 30 28 26 73 41 30 70 49 2 61 54 99 96 91 91 71 67 52 34 41 72 57 34 12 98 31 56 86 13 13 22 43 40 100 15 33 29 36 81 82 96 86 80 91 76 22 13 95 25 99 87 96 7 72 7 56 54 14 41 67 26 15 9 18 66 23 2 94 10 34 27 6 19 59 48 94 80 13 40 5 11 26 100 17 50 59 72 3 72 65 69 50 79 77 19 44 51 20 89 61 53 67 18 23 25 17 68 57 29 8 13 39 85 64 7 34 22 79 37 46 43 57 47 21 86 17 16 36 36 4 48 40 22 17 62 99 86 29 55 14 88 19 5 73 82 11 58 56 89 46 1 83 3 99 55 88 15 70 75 2 25 75 93 47 91 6 45 76 86 51 42 74 69 46 98 50 8 55 57 97 1 57 31 55 7 86 42 21 7 68 74 32 42 66 30 33 71 26 60 9 76 1 82 96 46 31 97 54 85 54 2 37 62 32 91 69 69 84 41 76 52 15 59 93 32 88 77 55 65 37 63 40 37 96 87 35 26 83 40 62 36 41 99 98 24 41 18 45 77 58 72 28 24 30 72 8 69 1 62 33 37 76 24 25 36 87
0 23 12
0 47 22
0 56 25
0 85 5
0 90 12
0 147 3
0 153 14
0 157 4
0 216 24
0 220 3
0 229 1
0 231 17
0 283 5
1 15 19
1 16 24
1 39 14
1 73 6
1 84 3
1 112 9
1 114 10
1 140 20
1 154 15
1 162 6
1 187 6
1 212 25
1 234 9
1 236 8
1 237 11
1 241 23
1 272 24
1 283 16
1 290 11
2 26 23
2 107 15
2 111 15
2 118 11
2 121 20
2 155 3
2 166 16
2 191 18
2 205 8
2 206 16
2 217 11
2 227 12
2 235 12
2 236 9
2 237 2
2 254 19
3 25 12
3 80 10
3 81 4
3 89 8
3 155 1
3 181 9
3 221 13
3 223 1
3 290 20
4 17 23
4 64 13
4 79 17
4 94 23
4 114 4
4 120 2
4 124 22
4 163 20
4 170 17
4 245 9
4 267 14
4 274 21
4 277 25
4 280 8
4 288 5
4 297 17
5 10 20
5 16 16
5 86 3
5 102 6
5 105 17
5 110 22
5 148 17
5 234 4
5 270 2
5 289 1
5 298 4
6 11 12
6 20 15
6 37 6
6 45 6
6 51 12
6 70 21
6 112 22
6 147 12
6 154 1
6 203 1
6 222 8
6 289 20
7 20 19
7 30 19
7 39 11
7 49 14
7 79 18
7 142 20
7 153 19
7 199 11
7 219 15
7 233 11
7 271 14
8 10 20
8 16 5
8 23 12
8 42 13
8 51 8
8 55 15
8 97 15
8 125 13
8 130 1
8 144 4
8 157 21
8 207 7
8 208 18
8 239 16
8 241 5
8 271 6
9 30 16
9 63 5
9 69 13
9 77 12
9 94 23
9 128 8
9 146 22
9 157 14
9 169 25
9 181 19
9 183 9
9 185 13
9 188 8
9 190 19
9 210 3
9 269 4
10 46 25
10 99 14
10 139 18
10 150 9
10 155 5
10 210 7
10 219 22
10 225 5
10 227 10
10 232 19
10 247 11
10 256 4
10 265 11
10 273 18
10 286 9
10 293 3
11 54 22
11 78 24
11 132 14
11 143 22
11 174 6
11 178 13
11 192 12
11 193 8
11 202 6
11 206 20
11 218 20
11 233 15
11 271 15
11 278 22
11 284 20
11 294 15
11 296 12
12 19 12
12 23 23
12 61 16
12 67 18
12 111 21
12 120 22
12 169 4
12 185 16
12 201 8
12 203 10
12 250 1
12 256 2
12 285 18
12 291 3
12 292 23
13 15 18
13 44 19
13 121 21
13 170 1
13 188 6
13 257 7
13 270 8
13 276 13
14 58 1
14 64 4
14 75 2
14 98 16
14 101 2
14 114 21
14 141 7
14 147 15
14 174 7
14 181 6
14 193 5
14 213 1
14 219 4
14 231 1
14 238 4
14 242 19
14 264 10
14 274 13
15 28 22
15 35 11
15 36 8
15 42 1
15 45 11
15 46 2
15 61 19
15 70 6
15 165 2
15 211 24
15 287 15
16 36 11
16 49 11
16 65 15
16 70 14
16 90 14
16 105 7
16 112 15
16 185 11
16 200 15
16 258 6
16 260 19
17 19 21
17 68 10
17 74 19
17 77 1
17 125 13
17 162 25
17 170 21
17 171 24
17 198 14
17 254 17
17 284 12
17 296 23
18 48 18
18 115 24
18 129 25
18 156 13
18 237 6
18 254 1
18 290 12
18 291 20
18 295 12
19 61 24
19 67 12
19 72 2
19 80 15
19 88 18
19 95 19
19 115 25
19 169 10
19 174 24
19 209 21
19 222 5
19 227 11
19 258 14
19 259 7
19 276 23
19 290 15
20 95 2
20 116 23
20 135 6
20 169 21
20 185 11
20 232 3
20 237 15
20 245 9
20 265 2
20 275 2
20 282 15
20 283 5
20 287 15
21 48 9
21 102 16
21 139 14
21 148 20
21 162 17
21 177 5
21 191 15
21 207 12
21 215 6
21 220 24
21 228 11
21 247 1
21 254 5
21 277 21
22 26 17
22 35 11
22 59 20
22 68 6
22 70 14
22 108 19
22 111 11
22 120 9
22 135 5
22 155 14
22 213 23
22 221 13
23 24 17
23 28 25
23 33 4
23 34 21
23 95 14
23 108 13
23 112 13
23 159 4
23 181 9
23 200 7
23 272 8
23 294 23
24 42 18
24 63 14
24 65 23
24 69 3
24 93 16
24 95 4
24 136 25
24 170 7
24 235 14
24 251 21
24 253 15
24 261 3
25 37 15
25 51 2
25 66 13
25 123 21
25 128 17
25 168 11
25 184 10
25 206 9
25 207 12
25 240 14
25 266 4
25 268 2
26 40 1
26 43 19
26 53 6
26 60 11
26 107 25
26 195 15
26 232 11
26 246 17
26 256 5
26 271 8
26 284 22
26 293 21
26 297 12
27 70 23
27 77 4
27 99 2
27 108 19
27 110 18
27 111 6
27 117 10
27 141 20
27 142 19
27 156 7
27 158 11
27 170 6
27 172 16
27 181 21
27 214 17
27 241 4
27 260 25
28 37 20
28 43 6
28 69 18
28 73 25
28 108 17
28 122 19
28 129 17
28 147 2
28 231 10
28 262 23
29 30 11
29 31 8
29 37 18
29 71 22
29 80 6
29 110 22
29 112 1
29 113 1
29 116 16
29 119 6
29 129 10
29 131 12
29 153 1
29 157 18
29 161 23
29 168 6
29 190 8
29 244 18
29 248 24
29 251 12
29 253 19
29 299 19
30 66 19
30 67 13
30 172 20
30 186 10
30 230 6
30 241 11
30 252 13
30 270 18
30 286 9
30 291 24
31 45 25
31 46 3
31 48 22
31 59 5
31 62 1
31 83 24
31 160 7
31 172 19
31 179 5
31 185 18
31 188 5
31 239 5
31 249 10
31 260 2
31 264 13
31 298 18
32 38 22
32 64 11
32 85 6
32 112 17
32 152 6
32 156 24
32 174 5
32 178 1
32 188 11
32 202 12
32 268 13
32 283 23
33 53 6
33 70 23
33 83 23
33 102 6
33 112 3
33 158 22
33 171 12
33 175 3
33 182 20
33 196 19
33 203 23
33 205 24
33 211 11
33 216 3
33 222 6
33 228 23
33 234 6
33 280 18
33 286 15
33 289 2
33 299 5
34 75 22
34 76 21
34 80 11
34 103 20
34 110 2
34 160 11
34 166 5
34 170 13
34 188 25
34 195 5
34 197 21
34 210 23
34 232 4
34 258 1
35 54 25
35 57 25
35 68 14
35 86 4
35 150 20
35 156 9
35 171 2
35 209 20
35 218 22
35 223 4
35 278 2
35 284 19
35 288 9
35 292 21
36 46 8
36 72 13
36 90 1
36 104 4
36 114 8
36 159 13
36 172 25
36 185 11
36 191 23
36 233 7
37 75 25
37 83 24
37 89 13
37 117 20
37 132 21
37 137 16
37 138 20
37 141 22
37 155 16
37 181 11
37 187 1
37 199 12
37 219 19
37 225 4
37 257 6
37 258 15
37 259 7
37 263 8
38 87 8
38 104 17
38 105 3
38 106 17
38 117 6
38 124 5
38 157 22
38 187 15
38 210 17
38 217 24
38 290 25
39 41 16
39 67 7
39 96 25
39 100 15
39 123 19
39 125 19
39 180 12
39 181 9
39 233 16
39 249 9
39 269 1
39 271 3
40 45 11
40 47 12
40 75 21
40 84 14
40 89 18
40 112 13
40 130 22
40 146 2
40 163 22
40 167 13
40 168 6
40 199 16
40 268 21
40 282 11
40 285 14
41 51 10
41 62 4
41 81 12
41 107 12
41 125 20
41 184 18
41 204 11
41 209 11
41 221 13
41 258 6
41 267 22
41 292 22
42 51 23
42 65 7
42 69 22
42 85 25
42 107 17
42 141 11
42 166 23
42 182 5
42 203 5
42 211 12
42 217 1
42 270 6
43 74 8
43 100 16
43 149 13
43 155 25
43 183 11
43 225 23
43 239 14
43 240 22
43 251 2
43 256 2
43 275 8
43 280 23
43 289 22
43 294 20
44 58 8
44 59 9
44 61 3
44 66 4
44 69 5
44 95 2
44 97 11
44 115 4
44 130 2
44 154 4
44 191 14
44 196 1
44 229 9
44 248 18
44 273 12
44 276 11
45 57 25
45 62 19
45 78 3
45 87 12
45 89 19
45 93 15
45 140 12
45 149 9
45 168 12
45 183 15
45 200 10
45 211 21
45 213 12
45 241 6
45 292 18
46 55 19
46 106 15
46 108 20
46 110 24
46 139 21
46 165 21
46 180 11
46 217 1
46 226 24
46 241 15
46 242 16
46 296 24
47 48 25
47 87 8
47 118 10
47 143 10
47 167 9
47 208 6
47 219 15
47 242 23
47 287 1
47 293 4
48 56 9
48 72 9
48 97 15
48 117 23
48 134 20
48 152 11
48 159 11
48 173 1
48 257 5
48 298 6
49 52 17
49 76 24
49 116 4
49 151 14
49 164 21
49 180 15
49 258 15
49 265 20
49 271 4
49 273 5
49 282 20
49 285 3
49 289 15
49 296 5
50 80 14
50 81 23
50 118 12
50 122 3
50 128 20
50 154 14
50 159 7
50 162 5
50 163 24
50 206 23
50 253 4
50 255 18
50 256 10
50 269 14
50 281 20
50 295 14
50 296 19
51 96 13
51 112 12
51 121 25
51 140 2
51 248 10
51 249 14
51 254 16
51 270 4
51 279 19
52 101 20
52 111 23
52 125 23
52 215 9
52 234 4
52 250 11
52 279 9
53 54 17
53 74 16
53 100 5
53 106 5
53 114 24
53 118 12
53 123 5
53 128 21
53 136 15
53 143 25
53 145 6
53 158 6
53 165 19
53 176 19
53 183 1
53 211 9
53 216 8
53 240 25
53 288 10
53 290 17
53 293 13
54 60 25
54 105 22
54 115 8
54 128 21
54 141 19
54 154 5
54 178 7
54 199 25
54 225 18
54 268 17
54 280 18
54 299 8
55 112 23
55 120 23
55 150 8
55 167 9
55 173 4
55 207 3
55 214 1
55 245 3
55 258 10
55 277 6
56 68 22
56 71 6
56 104 6
56 140 7
56 191 13
56 194 6
56 195 16
56 222 6
56 228 20
56 237 17
56 260 2
56 264 3
57 106 14
57 148 22
57 150 9
57 155 20
57 161 23
57 243 3
57 250 13
57 286 16
58 83 10
58 133 11
58 151 15
58 157 19
58 158 19
58 164 18
58 166 22
58 172 21
58 249 21
58 254 6
58 265 1
58 285 19
58 293 11
58 298 9
59 112 25
59 113 25
59 144 16
59 163 15
59 249 5
59 255 10
59 280 8
60 92 8
60 105 14
60 108 21
60 126 7
60 130 25
60 147 18
60 176 4
60 184 2
60 186 7
60 188 19
60 218 14
60 223 17
60 267 8
60 276 7
60 296 13
61 71 3
61 107 3
61 121 8
61 123 23
61 154 11
61 188 11
61 201 16
61 205 21
61 220 19
61 226 15
61 245 23
61 255 9
61 257 6
61 259 4
61 263 20
61 270 15
62 63 12
62 76 9
62 78 10
62 102 18
62 104 8
62 123 4
62 124 23
62 128 9
62 143 11
62 154 19
62 158 24
62 161 4
62 171 3
62 206 6
62 244 16
62 248 5
62 265 8
62 268 1
62 272 2
63 79 20
63 171 11
63 226 19
63 254 18
63 272 6
63 275 10
63 285 15
64 90 14
64 106 15
64 120 18
64 125 10
64 139 6
64 148 6
64 151 18
64 174 16
64 178 25
64 221 2
64 231 21
64 253 23
64 263 13
64 268 8
64 279 18
64 280 11
65 71 12
65 79 20
65 88 16
65 93 4
65 100 25
65 135 1
65 141 4
65 145 1
65 169 22
65 186 16
65 227 20
65 266 14
65 268 21
65 299 6
66 83 3
66 102 11
66 149 21
66 167 23
66 184 21
66 199 1
66 277 3
66 287 15
67 132 18
67 152 5
67 190 19
67 202 16
67 204 4
67 220 6
67 228 23
67 266 21
67 271 18
67 276 9
68 73 15
68 118 11
68 123 13
68 138 14
68 149 13
68 156 18
68 164 17
68 167 9
68 177 9
68 205 13
68 214 23
68 216 6
68 218 18
68 241 2
68 255 19
68 260 15
69 89 1
69 99 16
69 119 18
69 121 6
69 173 5
69 188 12
69 197 10
69 219 23
69 239 2
69 240 13
69 256 5
69 261 25
69 263 10
69 282 25
69 288 10
70 104 24
70 152 12
70 168 24
70 172 15
70 180 24
70 236 17
70 283 8
70 286 9
71 76 2
71 124 22
71 138 6
71 153 9
71 178 14
71 182 10
71 189 4
71 213 6
71 235 10
71 239 19
71 266 25
71 267 15
71 269 1
71 277 11
72 74 1
72 78 25
72 112 15
72 116 15
72 121 5
72 135 16
72 149 24
72 152 6
72 161 25
72 166 23
72 172 17
72 188 1
72 197 14
72 201 15
72 205 19
72 239 23
72 273 23
72 288 20
72 298 19
73 86 6
73 94 5
73 95 9
73 103 17
73 105 9
73 114 14
73 116 1
73 146 2
73 195 13
73 208 18
73 251 2
73 254 1
73 264 18
73 265 2
73 272 15
73 298 8
74 98 8
74 121 5
74 133 6
74 175 15
74 189 6
74 190 5
74 199 6
74 235 6
74 253 20
75 113 22
75 129 24
75 144 17
75 164 21
75 186 20
75 197 10
75 206 1
75 222 25
75 235 19
75 239 17
76 101 8
76 119 9
76 151 20
76 152 11
76 175 22
76 184 12
76 252 15
76 270 24
76 299 4
77 81 18
77 87 13
77 89 13
77 90 25
77 102 17
77 126 21
77 129 14
77 130 22
77 136 25
77 140 21
77 155 3
77 234 20
77 258 17
78 95 3
78 106 13
78 124 12
78 147 23
78 155 23
78 169 15
78 203 22
78 204 18
78 207 6
78 264 6
78 287 1
79 83 2
79 94 16
79 108 24
79 125 13
79 131 7
79 191 22
79 247 19
79 248 24
79 264 9
79 290 6
80 95 23
80 108 2
80 110 1
80 116 13
80 142 1
80 156 3
80 212 8
80 213 3
80 217 24
80 239 24
80 241 5
80 248 11
80 251 13
80 263 4
81 125 10
81 139 2
81 154 25
81 171 2
81 210 7
81 223 7
81 252 5
81 255 11
82 114 25
82 115 3
82 118 23
82 122 6
82 162 25
82 164 16
82 175 5
82 197 10
82 205 24
82 265 4
83 90 14
83 96 1
83 98 17
83 112 14
83 116 3
83 118 1
83 177 18
84 100 3
84 116 2
84 121 24
84 135 14
84 172 14
84 188 3
84 195 23
84 200 15
84 204 2
84 230 2
84 233 23
84 236 11
84 240 6
84 274 8
85 155 10
85 192 10
85 206 8
85 212 15
85 228 11
85 248 25
86 92 21
86 96 21
86 100 23
86 109 25
86 111 11
86 132 1
86 138 18
86 139 24
86 160 5
86 208 18
86 210 16
86 211 8
87 101 19
87 117 14
87 145 23
87 175 9
87 193 16
87 207 22
87 224 25
87 227 20
87 229 23
87 235 23
87 263 5
87 285 5
88 89 7
88 90 14
88 100 15
88 135 14
88 151 5
88 164 25
88 199 14
88 200 1
88 224 22
88 236 13
88 257 25
88 263 7
88 270 13
88 278 19
88 283 5
88 296 20
89 126 11
89 141 22
89 144 2
89 243 7
89 255 11
89 272 24
89 282 17
89 290 1
89 293 20
90 93 17
90 94 22
90 132 20
90 141 14
90 149 3
90 157 24
90 167 22
90 172 18
90 200 13
90 221 13
90 234 23
90 237 15
90 242 3
90 261 23
90 270 11
90 286 15
91 111 24
91 115 18
91 147 5
91 175 17
91 216 24
91 227 24
91 230 4
91 235 21
91 276 2
91 279 12
91 298 8
92 107 25
92 133 4
92 137 8
92 151 21
92 152 20
92 193 7
92 194 15
92 220 10
92 226 9
92 248 14
92 250 6
92 252 2
92 255 3
93 116 18
93 118 1
93 127 17
93 168 20
93 182 25
93 192 3
93 206 12
93 216 25
93 219 22
93 249 18
93 255 16
93 265 22
93 267 18
93 273 21
93 277 17
93 279 19
94 219 8
94 242 24
94 244 20
94 262 11
94 263 9
95 109 15
95 116 7
95 155 17
95 160 5
95 164 16
95 169 2
95 175 20
95 185 23
95 206 3
95 209 22
95 229 18
96 164 5
96 187 14
96 192 14
96 201 4
96 212 18
96 282 25
96 286 3
96 288 14
96 295 19
97 124 20
97 186 12
97 205 11
97 230 16
97 232 6
97 245 6
97 254 25
97 272 6
97 285 2
97 299 12
98 120 14
98 122 19
98 132 18
98 165 7
98 170 25
98 171 10
98 175 9
98 219 19
98 242 7
98 278 13
99 122 17
99 124 24
99 132 18
99 142 5
99 250 13
99 251 21
99 265 24
99 284 14
100 104 24
100 114 12
100 119 8
100 126 20
100 197 1
100 200 20
100 216 12
100 232 6
100 261 3
100 273 11
101 138 11
101 139 4
101 159 24
101 189 2
101 190 22
101 203 18
101 206 8
101 207 21
101 209 2
101 217 16
101 219 16
101 247 9
101 292 6
102 139 8
102 154 9
102 160 23
102 174 12
102 179 21
102 194 18
102 196 11
102 223 10
102 225 18
102 229 24
102 269 19
103 121 15
103 125 1
103 126 15
103 130 1
103 167 6
103 179 17
103 182 14
103 194 17
103 214 23
103 223 12
103 251 18
103 269 19
103 277 5
103 285 2
103 294 17
104 122 6
104 123 20
104 137 7
104 141 16
104 154 25
104 174 14
104 186 25
104 247 22
104 248 3
104 251 22
105 109 16
105 115 15
105 140 6
105 160 11
105 165 15
105 175 1
105 188 2
105 252 16
105 272 16
105 274 2
106 145 23
106 154 9
106 222 15
106 255 14
106 260 6
106 274 4
106 293 8
106 299 25
107 123 8
107 145 12
107 173 18
107 197 15
107 207 6
107 244 1
107 251 8
107 265 5
107 284 17
107 286 7
107 293 3
107 297 21
108 110 3
108 143 20
108 147 10
108 167 11
108 193 7
108 216 1
108 223 11
108 238 8
108 248 18
108 272 3
109 114 10
109 122 16
109 129 12
109 132 1
109 141 6
109 146 17
109 149 4
109 150 16
109 157 18
109 189 13
109 201 2
109 285 10
110 125 5
110 165 9
110 171 13
110 193 12
110 201 13
110 209 4
110 215 20
110 237 17
110 249 24
110 293 24
110 294 11
110 295 10
110 296 9
110 298 20
111 153 12
111 164 22
111 167 2
111 221 5
111 224 24
111 248 13
111 249 22
111 253 12
111 270 14
111 278 4
111 288 4
111 293 19
111 299 21
112 153 23
112 155 9
112 159 22
112 194 10
112 213 15
112 226 5
112 229 22
112 242 3
112 270 19
112 277 25
112 286 22
113 114 12
113 130 25
113 134 20
113 164 25
113 188 9
113 198 6
113 219 19
113 222 20
113 224 2
113 227 22
113 230 1
113 247 2
113 248 10
113 261 22
113 274 14
114 154 25
114 217 3
114 228 19
114 239 20
114 269 23
114 275 18
115 120 5
115 170 22
115 196 2
115 217 19
115 239 3
115 249 25
115 288 21
115 294 24
116 117 24
116 125 19
116 160 10
116 161 25
116 191 14
116 202 9
116 226 10
116 243 19
116 268 4
116 290 5
116 299 22
117 136 1
117 140 7
117 146 25
117 158 10
117 192 6
117 195 13
117 203 11
117 257 8
117 272 8
117 284 5
118 134 7
118 166 1
118 207 12
118 235 3
118 253 4
118 299 5
119 126 6
119 136 4
119 138 3
119 162 4
119 167 4
119 209 21
119 211 15
119 223 4
119 254 9
119 278 1
120 134 13
120 146 4
120 153 4
120 175 19
120 177 2
120 186 4
120 190 1
120 212 2
120 250 15
120 260 6
120 269 16
120 274 2
120 291 13
121 122 24
121 182 9
121 193 19
121 218 1
121 225 20
121 241 24
121 266 4
121 269 1
122 123 4
122 154 7
122 185 3
122 187 9
122 196 11
122 201 24
122 211 25
122 220 14
122 222 9
122 223 25
122 247 3
123 124 15
123 157 4
123 166 22
123 260 16
123 263 9
123 297 22
124 134 19
124 152 1
124 161 4
124 174 10
124 180 2
124 197 18
124 199 8
124 256 12
124 276 13
124 287 10
125 156 6
125 185 11
125 209 13
125 218 7
125 227 16
125 263 20
125 274 9
125 283 1
125 299 7
126 127 9
126 141 1
126 153 22
126 155 20
126 161 25
126 164 24
126 169 9
126 187 3
126 192 22
126 197 1
126 223 14
126 225 20
126 232 20
126 242 14
126 276 23
126 297 4
127 191 17
127 208 15
127 224 13
127 229 4
127 230 3
127 252 22
127 283 11
128 149 15
128 218 11
128 243 17
129 135 6
129 140 7
129 163 3
129 177 8
129 223 13
129 228 11
129 251 8
129 258 9
129 263 5
129 296 8
129 297 10
130 132 15
130 195 12
130 241 6
130 255 16
130 268 2
130 292 1
131 161 10
131 179 17
131 190 23
131 194 15
131 262 9
131 284 15
131 285 2
132 150 14
132 160 19
132 161 25
132 163 24
132 183 10
132 259 10
132 296 16
133 160 17
133 212 19
133 223 20
133 232 25
133 235 6
133 280 7
134 147 7
134 154 17
134 172 14
134 177 16
134 186 1
134 189 3
134 216 5
134 235 8
134 266 18
135 144 8
135 166 8
135 173 4
135 184 25
135 215 8
135 261 20
135 266 8
135 276 24
136 139 23
136 148 21
136 155 17
136 159 22
136 179 19
136 180 1
136 219 9
136 255 11
137 170 18
137 214 2
137 254 5
137 265 19
137 283 9
137 299 12
138 218 2
138 220 25
138 236 25
138 258 20
138 289 2
139 141 4
139 147 1
139 155 10
139 165 24
139 180 8
139 198 19
139 204 4
139 238 7
139 243 1
139 259 24
139 263 16
140 170 1
140 185 21
140 206 13
140 220 17
140 226 20
140 243 7
140 286 20
141 175 3
141 211 19
141 215 14
141 231 6
141 248 1
141 252 7
141 279 14
141 286 14
142 185 10
142 257 16
142 267 15
142 279 4
142 294 19
143 144 18
143 155 4
143 156 5
143 219 18
143 239 12
143 268 24
143 280 22
143 296 18
144 156 1
144 161 20
144 186 11
144 212 2
144 219 15
144 224 23
144 262 20
144 297 9
145 176 6
145 194 16
145 201 13
145 202 25
145 203 4
145 241 20
145 248 2
145 257 12
145 259 11
146 148 15
146 162 22
146 166 1
146 254 4
146 293 25
146 296 21
147 184 23
147 186 6
147 209 1
147 246 16
147 257 17
147 273 1
147 276 12
147 280 11
147 289 1
148 150 8
148 160 21
148 171 4
148 173 22
148 174 19
148 204 24
148 225 8
148 268 1
149 221 14
149 247 22
149 287 25
149 297 20
150 180 17
150 186 1
150 191 6
150 197 2
150 200 17
150 230 4
150 255 4
151 159 20
151 173 6
151 175 24
151 184 20
151 237 11
152 174 1
152 179 10
152 191 4
152 196 1
152 198 23
152 224 14
152 226 4
152 293 5
153 165 12
153 167 7
153 205 3
153 231 7
153 250 7
153 251 10
153 283 7
153 286 23
154 177 9
154 188 9
154 198 17
154 209 25
154 228 11
154 282 24
155 162 3
155 210 3
155 226 3
155 237 6
155 251 24
155 286 10
155 290 6
155 294 18
155 299 20
156 159 9
156 178 2
156 252 23
156 255 9
156 265 1
156 290 13
157 188 14
157 205 5
157 224 24
157 242 23
157 277 8
158 160 7
158 180 6
158 194 19
158 201 14
158 254 3
158 263 2
158 277 22
159 169 21
159 184 1
159 186 7
159 198 20
159 235 5
159 238 11
159 255 24
159 299 10
160 162 10
160 179 8
160 191 18
160 210 2
161 191 4
161 199 1
161 215 6
161 221 1
161 236 11
161 258 6
161 292 13
162 165 25
162 168 11
162 195 14
162 231 22
162 245 18
162 268 20
162 275 2
162 284 13
162 288 10
163 232 7
163 256 15
163 287 8
164 165 2
164 168 17
164 218 15
164 240 23
164 246 22
164 253 2
164 266 21
164 268 8
165 169 11
165 243 5
165 250 25
165 255 15
165 259 8
165 261 2
165 262 20
165 265 10
165 287 13
165 290 2
166 181 25
166 273 12
166 287 14
167 204 13
167 229 10
167 238 8
167 248 9
167 263 13
167 287 21
168 186 19
168 215 21
168 218 10
168 259 1
168 270 23
168 274 1
168 289 17
169 198 20
169 199 24
169 212 19
169 239 18
169 261 7
169 267 6
169 276 22
169 284 8
170 191 20
170 213 7
170 238 10
170 254 16
170 274 16
171 226 24
171 233 18
171 243 15
171 248 12
171 283 6
171 294 4
172 203 23
172 235 14
172 258 13
173 216 10
173 217 9
173 224 8
173 229 8
173 281 20
173 288 10
173 290 5
174 208 22
174 234 2
174 253 1
174 282 21
175 177 22
175 186 18
175 209 4
175 211 2
175 245 17
175 250 13
175 280 24
175 282 23
175 294 24
176 192 14
176 195 15
176 219 22
176 225 8
176 229 5
176 264 8
176 278 14
176 290 10
177 200 5
177 212 4
177 232 24
177 269 17
177 282 14
178 215 6
178 230 24
178 249 8
178 269 18
179 209 5
179 221 4
179 236 19
179 241 5
179 282 1
180 188 17
180 202 25
180 203 4
180 232 20
180 293 18
181 213 19
181 237 18
181 265 15
181 283 17
182 195 7
182 236 4
182 242 16
182 288 16
183 208 10
183 232 25
183 238 4
183 251 20
183 291 7
183 298 9
184 211 20
184 216 23
184 228 22
185 232 3
185 246 23
185 266 4
185 274 20
186 199 4
186 209 10
186 236 15
186 291 10
187 246 10
187 277 6
187 282 11
188 224 16
188 265 25
188 278 3
188 280 9
188 281 18
188 287 17
188 291 2
188 292 1
189 193 23
189 206 17
189 208 16
189 226 7
190 200 17
190 210 22
190 213 3
190 238 23
190 241 5
190 292 25
191 201 22
191 210 2
191 224 2
191 238 21
191 270 7
191 289 21
192 198 24
192 202 18
192 204 10
192 226 10
192 231 3
192 249 15
192 262 21
192 272 20
192 284 16
193 195 23
193 214 5
193 235 8
193 242 17
193 246 6
193 275 10
194 197 14
194 200 23
194 201 3
194 254 22
194 265 16
194 290 24
194 293 2
194 298 15
195 200 5
195 218 1
195 262 11
195 293 6
195 297 2
196 240 8
196 257 15
197 228 24
197 258 8
197 270 7
197 298 8
198 262 17
198 292 11
199 205 24
199 207 14
199 220 5
199 227 14
199 235 12
200 254 9
200 265 24
200 272 5
200 277 15
200 284 10
200 288 20
201 208 14
201 232 12
201 234 18
202 210 6
202 215 12
203 206 21
203 211 20
203 222 17
203 228 21
203 251 7
203 291 24
204 211 24
204 256 16
204 265 13
205 224 24
205 266 23
205 279 22
205 292 6
205 297 16
206 211 7
206 250 6
207 259 5
208 209 14
208 232 22
208 237 18
208 258 22
208 267 22
208 271 24
208 279 13
208 284 6
209 265 18
209 272 3
209 277 20
209 278 10
209 284 10
210 221 6
210 237 8
210 247 6
210 269 22
210 276 3
211 222 14
211 231 21
211 248 4
211 250 4
211 268 10
211 276 2
211 287 3
211 288 8
212 219 10
212 233 19
212 267 15
212 284 17
213 240 25
213 246 5
213 293 13
213 296 19
214 261 3
214 264 9
215 229 17
215 233 18
215 257 17
215 294 11
216 262 20
216 276 11
216 281 22
216 293 7
217 220 16
217 248 4
217 298 12
218 230 15
218 258 9
218 262 1
218 287 10
218 293 12
219 227 4
219 229 21
219 231 15
219 235 7
219 238 4
219 245 1
219 247 2
219 273 20
219 290 18
220 273 1
220 291 24
220 295 7
220 296 21
221 232 1
221 254 18
221 281 12
221 285 18
222 298 11
223 224 22
223 228 15
223 264 21
223 273 18
224 235 21
224 251 13
224 256 22
225 233 7
225 253 4
225 257 5
225 298 9
226 246 13
227 278 18
227 285 13
228 240 11
228 253 9
228 259 21
229 243 14
229 250 10
229 266 24
230 233 10
230 234 4
230 239 1
230 241 8
230 249 12
230 255 21
230 257 10
230 273 6
231 236 9
231 287 5
231 290 16
232 265 5
232 266 21
232 269 13
232 275 24
233 235 18
233 249 3
233 269 22
233 296 1
234 258 6
234 278 3
235 254 10
235 279 21
236 274 22
236 282 22
236 283 6
236 285 6
236 294 19
237 246 21
237 260 17
237 287 17
237 291 7
237 297 22
238 241 17
238 245 16
238 259 10
238 297 12
239 246 2
239 254 16
240 262 22
240 266 6
240 274 8
240 276 1
241 244 3
242 284 23
243 267 1
243 295 20
244 298 25
245 260 25
245 268 21
245 288 7
246 264 2
246 268 5
246 274 4
246 277 24
246 298 3
247 248 9
247 258 6
247 294 23
248 269 6
248 272 22
248 299 14
249 261 14
250 259 20
251 269 7
251 270 4
251 276 4
251 279 20
251 289 6
252 264 19
253 259 16
253 269 13
254 257 4
254 258 18
254 267 16
254 292 1
255 260 18
255 299 10
256 274 2
257 295 19
258 290 7
258 294 10
259 260 21
261 273 11
262 297 14
264 285 21
265 293 15
266 290 24
266 295 3
266 296 12
267 272 5
269 273 24
269 294 2
270 271 20
271 286 20
272 299 10
273 282 24
274 278 23
274 286 4
274 292 4
276 295 19
276 298 19
276 299 16
278 298 24
280 285 13
280 294 8
281 287 24
282 285 8
282 289 18
283 293 2
283 294 1
285 292 1
285 299 11
286 294 23
286 297 12
287 293 24
288 291 18
300 317 3
300 332 5
300 377 10
300 394 6
300 422 2
300 440 5
300 450 6
300 460 6
300 469 2
300 491 7
300 512 10
300 577 3
300 587 10
301 326 5
301 342 8
301 343 8
301 356 5
301 359 6
301 371 6
301 387 7
301 401 8
301 405 1
301 412 6
301 457 9
301 461 2
301 487 1
301 511 5
301 522 4
301 523 9
302 309 4
302 329 5
302 344 3
302 365 8
302 366 7
302 429 8
302 433 1
302 438 1
302 470 5
302 489 7
302 491 4
302 537 1
302 543 8
302 564 6
302 575 10
302 591 2
303 312 6
303 326 10
303 340 9
303 348 3
303 359 7
303 368 7
303 383 2
303 433 7
303 468 4
303 478 1
303 496 10
303 531 4
303 559 7
304 317 6
304 347 4
304 360 1
304 440 10
304 446 6
304 459 10
304 514 8
304 551 5
304 567 1
305 324 8
305 336 9
305 358 9
305 450 3
305 469 9
305 493 6
305 494 1
305 500 1
305 508 9
305 527 8
305 559 2
305 565 9
305 570 10
305 571 8
305 581 5
305 586 1
305 593 7
306 307 8
306 323 3
306 393 6
306 399 3
306 493 10
306 506 1
306 540 6
306 541 10
306 543 3
306 549 3
306 558 9
306 564 10
306 569 7
306 572 1
306 588 10
307 341 7
307 354 9
307 365 4
307 376 8
307 386 6
307 422 4
307 435 10
307 465 5
307 486 1
307 489 1
307 491 3
307 493 2
307 503 10
307 507 10
307 525 5
307 575 6
307 581 7
307 583 7
308 322 4
308 349 2
308 392 8
308 408 4
308 418 9
308 422 9
308 437 8
308 440 2
308 454 8
308 477 8
309 341 10
309 359 10
309 365 9
309 375 9
309 385 9
309 459 2
309 461 6
309 474 4
309 478 6
309 555 5
309 598 10
310 377 8
310 419 5
310 432 5
310 450 10
310 462 6
310 476 4
310 484 4
310 493 2
310 504 2
310 522 2
310 529 7
310 565 3
311 328 10
311 330 10
311 343 4
311 401 8
311 422 10
311 428 5
311 444 7
311 453 7
311 497 6
311 500 7
311 507 7
311 509 4
311 538 7
311 544 8
312 347 9
312 358 2
312 361 5
312 362 5
312 412 2
312 420 3
312 458 1
312 499 8
312 509 4
312 560 7
312 572 3
313 339 7
313 357 10
313 360 6
313 362 10
313 384 6
313 399 9
313 423 9
313 424 7
313 463 2
313 472 9
313 491 6
313 528 8
313 561 7
313 585 4
314 339 5
314 341 5
314 343 10
314 365 9
314 385 1
314 414 10
314 419 9
314 445 3
314 450 4
314 451 4
314 472 6
314 531 8
314 536 6
314 537 5
314 543 1
314 558 4
315 329 7
315 346 7
315 391 3
315 407 2
315 422 9
315 450 10
315 453 2
315 491 7
315 525 7
315 529 5
315 599 7
316 325 4
316 334 4
316 358 4
316 364 8
316 377 9
316 380 8
316 385 9
316 409 7
316 428 1
316 460 8
316 482 7
316 485 5
316 501 4
316 519 2
316 579 10
316 582 1
316 599 8
317 320 6
317 327 2
317 337 1
317 361 2
317 366 10
317 384 6
317 392 5
317 403 8
317 407 5
317 419 9
317 458 7
317 474 3
317 517 3
317 548 5
317 556 7
317 591 7
317 596 8
318 351 6
318 383 7
318 394 8
318 401 6
318 426 5
318 429 8
318 448 6
318 463 1
318 467 2
318 477 9
318 489 5
318 498 3
318 505 1
318 525 2
318 531 8
318 552 2
318 556 4
318 574 1
318 583 4
318 591 1
319 323 5
319 324 1
319 365 6
319 370 3
319 382 9
319 426 10
319 429 8
319 464 4
319 466 6
319 482 6
319 514 3
319 533 3
319 554 2
319 588 10
319 593 1
320 370 6
320 375 9
320 407 6
320 459 8
320 493 2
320 507 6
320 511 2
320 552 6
320 579 6
321 363 5
321 366 3
321 380 10
321 385 1
321 441 5
321 461 3
321 502 1
321 522 2
321 524 5
321 530 8
321 552 6
321 560 6
321 566 8
321 574 3
321 580 9
321 591 5
321 598 10
322 340 3
322 344 10
322 347 3
322 373 5
322 379 10
322 421 10
322 442 3
322 471 7
322 476 8
322 513 7
322 544 2
322 556 1
322 580 2
323 338 9
323 362 8
323 388 7
323 416 8
323 435 8
323 443 1
323 482 2
323 483 10
323 489 2
323 511 7
323 522 10
323 543 10
323 574 2
323 579 7
323 583 4
323 596 2
324 328 3
324 343 4
324 366 4
324 374 2
324 388 6
324 392 8
324 418 3
324 441 6
324 445 3
324 466 9
324 483 5
324 554 9
324 579 2
324 582 7
325 334 10
325 367 3
325 388 4
325 398 6
325 424 10
325 428 3
325 520 9
325 531 2
325 568 3
325 597 2
326 351 10
326 364 2
326 375 1
326 409 1
326 429 10
326 476 5
326 498 4
326 502 2
326 506 10
326 545 7
326 561 6
326 562 5
326 565 7
327 335 8
327 361 2
327 378 9
327 394 9
327 398 8
327 442 7
327 460 2
327 461 5
327 477 8
327 482 4
327 516 8
327 520 6
327 525 6
327 529 1
327 563 4
327 579 9
328 451 5
328 452 5
328 467 8
328 488 8
328 508 8
328 532 10
328 550 7
329 343 2
329 349 3
329 352 8
329 356 3
329 358 1
329 386 5
329 412 9
329 435 7
329 443 5
329 504 1
329 529 7
329 540 5
329 549 10
329 589 3
329 592 6
330 393 4
330 395 3
330 451 2
330 466 2
330 489 8
330 528 9
330 537 4
330 542 1
330 567 7
330 577 8
330 581 7
330 586 6
330 598 5
331 354 4
331 369 5
331 396 3
331 408 7
331 438 9
331 443 2
331 444 9
331 457 1
331 462 7
331 478 10
331 480 10
331 517 1
331 523 10
331 586 6
331 590 5
331 595 9
332 352 1
332 374 2
332 424 5
332 428 3
332 432 5
332 553 8
332 567 2
332 578 3
332 590 1
333 336 2
333 351 9
333 354 10
333 360 10
333 399 4
333 401 6
333 406 6
333 408 10
333 433 8
333 446 4
333 468 10
333 469 9
333 470 5
333 545 1
333 577 7
333 594 4
334 355 10
334 363 9
334 385 5
334 388 7
334 446 5
334 484 3
334 493 7
334 504 7
334 506 9
334 549 9
334 599 1
335 360 6
335 374 10
335 387 6
335 439 6
335 491 3
335 497 4
335 506 7
335 520 5
335 528 10
335 551 2
335 572 10
335 579 1
335 593 9
335 597 3
336 362 1
336 378 10
336 417 9
336 479 3
336 485 6
336 495 2
336 500 4
336 537 5
336 568 6
336 569 10
336 570 9
336 587 1
336 597 7
337 352 7
337 384 9
337 392 7
337 405 10
337 429 5
337 493 9
337 500 5
337 512 2
337 522 3
337 566 10
337 571 9
337 573 7
337 588 9
338 339 10
338 340 8
338 364 2
338 415 1
338 417 3
338 463 4
338 488 2
338 599 1
339 377 6
339 383 9
339 401 3
339 413 1
339 429 5
339 448 10
339 454 10
339 464 4
339 506 10
339 507 8
339 519 2
339 537 9
339 543 7
339 545 1
339 550 5
339 551 5
339 561 7
340 361 6
340 366 9
340 380 7
340 403 6
340 433 8
340 444 7
340 457 6
340 509 5
340 514 8
340 523 8
340 524 9
340 543 1
340 577 9
341 357 10
341 360 8
341 378 9
341 390 4
341 404 8
341 440 4
341 445 3
341 466 10
341 490 9
341 508 5
341 525 7
341 532 10
341 558 5
341 588 5
342 393 3
342 399 9
342 433 1
342 438 1
342 448 6
342 466 10
342 475 7
342 487 2
342 502 7
342 513 6
342 519 9
342 520 3
342 527 5
342 537 6
342 556 2
342 559 6
342 564 6
342 586 3
343 356 5
343 371 4
343 376 6
343 392 3
343 394 7
343 404 10
343 458 2
343 501 5
343 502 4
343 503 10
343 558 7
344 362 10
344 390 5
344 401 1
344 409 8
344 443 7
344 481 1
344 485 6
344 513 6
344 572 10
344 592 7
345 365 4
345 374 5
345 399 5
345 411 7
345 420 9
345 428 2
345 441 8
345 447 6
345 456 7
345 458 10
345 464 1
345 468 2
345 472 7
345 494 5
345 495 1
345 515 8
345 538 8
345 540 7
345 552 4
345 557 7
345 597 3
346 356 3
346 413 3
346 414 3
346 431 3
346 451 10
346 456 4
346 466 8
346 476 7
346 496 3
346 499 4
346 511 1
346 522 9
346 555 10
346 570 7
346 571 7
346 572 1
347 432 6
347 441 3
347 447 9
347 469 7
347 474 5
347 493 2
347 510 5
347 524 9
348 382 2
348 389 2
348 396 6
348 408 9
348 413 7
348 425 4
348 441 1
348 472 10
348 479 7
348 490 6
348 497 4
348 507 8
348 523 1
348 527 1
348 560 6
348 568 5
348 569 6
348 595 6
349 381 3
349 440 5
349 449 4
349 461 9
349 483 7
349 492 1
349 497 3
349 502 7
349 511 9
349 543 7
349 549 8
349 555 3
349 567 7
350 352 10
350 360 7
350 367 2
350 382 8
350 396 3
350 397 8
350 439 10
350 528 4
350 582 6
351 352 5
351 378 7
351 392 3
351 455 7
351 456 7
351 483 8
351 498 1
351 513 4
351 536 6
351 540 3
351 549 8
351 567 1
351 583 4
352 417 6
352 435 2
352 444 6
352 490 2
352 517 10
352 524 5
352 527 10
352 580 5
352 588 3
353 418 9
353 431 1
353 432 5
353 465 8
353 486 3
353 523 2
353 545 9
353 576 9
353 577 9
353 595 6
354 362 5
354 377 1
354 403 2
354 458 4
354 462 10
354 478 3
354 482 7
354 515 7
354 519 5
354 572 7
354 579 8
355 418 8
355 424 2
355 438 1
355 449 6
355 474 6
355 481 10
355 499 2
355 516 5
355 552 4
355 576 4
355 587 5
355 589 6
356 360 10
356 402 4
356 406 1
356 419 3
356 428 2
356 429 9
356 443 1
356 460 7
356 540 3
356 549 3
356 586 9
357 360 6
357 384 5
357 394 3
357 405 5
357 434 1
357 451 7
357 453 1
357 467 10
357 475 7
357 479 4
357 506 10
357 509 4
357 534 9
358 429 2
358 450 7
358 490 5
358 501 7
358 523 2
358 544 1
358 593 3
358 597 4
359 365 4
359 369 5
359 372 6
359 410 8
359 434 3
359 451 9
359 471 6
359 507 7
359 509 3
359 540 6
359 548 5
359 560 9
359 566 8
359 582 9
359 594 10
360 369 7
360 401 9
360 420 1
360 471 5
360 474 2
360 505 3
360 512 8
360 553 3
360 590 4
360 597 4
361 364 7
361 381 2
361 432 7
361 454 8
361 483 6
361 489 10
361 490 3
361 545 10
361 546 8
361 562 2
361 564 4
362 367 6
362 393 8
362 397 1
362 445 10
362 458 3
362 483 5
362 499 9
362 515 1
362 527 3
362 528 10
362 542 9
362 555 3
362 573 10
362 580 3
363 375 4
363 398 4
363 406 10
363 408 8
363 411 9
363 414 5
363 426 5
363 492 1
363 493 1
363 514 4
363 518 6
364 371 1
364 376 6
364 391 8
364 407 8
364 430 8
364 431 1
364 486 5
364 489 7
364 490 1
364 500 6
364 507 9
364 555 5
364 570 4
364 573 1
365 371 9
365 380 5
365 383 9
365 428 1
365 448 7
365 458 1
365 490 7
365 495 10
365 497 2
365 507 4
365 537 9
365 546 8
365 552 8
365 555 9
365 556 9
365 595 3
366 397 6
366 438 1
366 547 1
366 549 3
366 567 10
366 578 10
366 597 4
367 409 6
367 410 6
367 454 6
367 517 1
367 546 4
367 563 1
367 575 7
367 580 7
367 587 1
367 590 1
368 372 5
368 416 2
368 431 7
368 433 8
368 514 10
368 524 9
368 533 1
368 548 3
368 556 7
368 558 9
368 572 3
368 582 7
369 370 9
369 375 5
369 413 4
369 420 9
369 433 7
369 447 7
369 454 10
369 455 6
369 464 2
369 502 5
369 504 1
369 506 7
369 558 7
369 578 7
370 391 9
370 394 5
370 413 5
370 427 10
370 439 6
370 442 9
370 459 3
370 464 4
370 465 8
370 476 2
370 483 4
370 506 9
370 509 6
370 513 10
370 550 7
370 568 10
371 419 8
371 428 5
371 465 5
371 480 2
371 488 5
371 494 3
371 516 10
371 531 6
371 548 9
371 565 1
371 568 2
372 410 1
372 423 9
372 427 8
372 491 7
372 498 8
372 545 3
372 572 1
372 590 9
373 377 10
373 423 2
373 433 3
373 454 5
373 474 1
373 476 6
373 489 9
373 511 9
373 520 1
373 539 8
373 555 7
373 564 3
373 570 8
374 405 3
374 408 9
374 409 1
374 411 7
374 429 1
374 434 10
374 435 4
374 468 9
374 471 2
374 488 5
374 491 10
374 502 10
374 527 3
374 550 8
374 553 9
374 599 7
375 386 9
375 439 9
375 454 6
375 504 2
375 598 1
376 417 10
376 426 2
376 484 8
376 513 10
376 519 3
376 563 9
376 596 10
377 406 9
377 427 3
377 488 7
377 496 4
377 506 1
377 513 7
377 530 2
377 531 1
377 543 6
378 399 6
378 427 10
378 485 7
378 501 10
378 504 1
378 519 8
378 542 4
378 548 8
378 568 7
379 441 10
379 461 8
379 473 5
379 514 7
379 536 9
379 548 8
379 550 9
379 551 3
379 596 5
380 408 8
380 414 7
380 420 5
380 459 7
380 501 7
380 534 7
380 550 5
380 563 10
381 394 7
381 402 1
381 454 2
381 456 8
381 459 8
381 465 9
381 471 7
381 529 6
381 533 8
381 543 9
381 573 4
381 574 4
381 588 6
382 388 2
382 428 3
382 437 4
382 452 6
382 468 2
382 469 4
382 472 3
382 509 2
382 523 8
382 534 8
382 561 1
382 591 4
383 410 2
383 441 10
383 452 1
383 463 9
383 502 4
383 511 2
383 522 7
383 549 7
383 559 5
384 398 4
384 448 6
384 480 3
384 511 2
384 531 2
384 549 1
384 566 10
385 388 7
385 420 4
385 432 8
385 442 8
385 444 8
385 460 3
385 473 5
385 495 1
385 514 6
385 520 8
385 523 4
386 420 6
386 484 7
386 491 5
386 500 1
386 523 10
386 540 4
386 546 3
386 554 10
386 558 9
386 560 5
387 390 7
387 449 5
387 458 9
387 466 10
387 470 1
387 473 2
387 482 4
387 490 4
387 515 4
387 522 5
387 578 10
388 402 9
388 414 2
388 430 7
388 448 8
388 450 4
388 458 3
388 516 1
388 519 2
388 525 10
388 573 4
389 402 7
389 414 8
389 415 8
389 416 7
389 421 8
389 428 3
389 482 10
389 524 9
389 539 2
389 556 4
389 595 5
390 412 6
390 423 4
390 444 7
390 477 8
390 482 7
390 489 2
390 516 1
390 525 2
390 547 6
390 548 10
390 557 10
391 396 8
391 404 8
391 420 10
391 458 1
391 492 1
391 507 10
391 516 4
391 531 2
391 540 5
391 550 10
392 419 2
392 473 3
392 510 7
392 514 9
392 516 5
392 568 8
392 591 9
392 593 8
393 396 3
393 407 4
393 414 4
393 415 6
393 427 2
393 434 3
393 442 5
393 552 3
393 562 4
394 396 6
394 427 10
394 442 5
394 463 8
394 485 7
394 487 5
394 514 9
394 534 10
394 536 5
394 571 10
394 584 3
395 404 8
395 423 4
395 438 5
395 442 9
395 449 6
395 457 3
395 526 9
395 539 3
395 566 10
395 587 8
396 402 10
396 408 2
396 415 3
396 430 5
396 432 9
396 446 4
396 491 8
396 494 5
396 524 8
396 539 3
396 545 1
396 548 7
396 564 7
396 587 10
397 408 6
397 463 1
397 472 8
397 484 7
397 492 7
397 501 9
397 511 9
397 518 7
397 524 2
397 533 3
397 557 5
397 585 10
397 592 5
398 413 6
398 423 4
398 447 6
398 480 3
398 508 3
398 556 9
398 563 7
398 572 10
398 584 10
398 594 2
398 598 9
399 437 4
399 451 9
399 457 1
399 527 6
399 539 7
399 551 9
399 555 5
399 557 4
399 560 10
399 570 4
399 590 10
400 402 8
400 416 2
400 440 1
400 460 4
400 487 6
400 493 3
400 502 1
400 527 5
400 567 10
400 583 6
401 421 8
401 498 7
401 524 10
401 559 2
401 583 6
402 479 6
402 485 3
402 491 5
402 495 9
402 508 1
402 570 8
402 586 9
403 426 1
403 434 6
403 450 5
403 459 10
403 467 10
403 468 1
403 485 1
403 489 6
403 494 10
403 503 10
403 511 9
403 533 10
403 534 4
403 539 4
403 545 5
404 419 6
404 431 10
404 455 6
404 465 1
404 487 7
404 501 2
404 522 2
404 547 9
404 596 7
405 433 9
405 440 1
405 502 3
405 598 7
406 450 4
406 457 1
406 465 5
406 484 6
406 494 6
406 512 1
406 530 7
406 571 7
406 580 1
406 587 7
406 595 4
407 412 1
407 419 7
407 426 5
407 455 2
407 480 2
407 486 8
407 520 6
407 569 7
408 417 8
408 418 1
408 420 9
408 430 6
408 474 5
408 544 10
408 557 4
408 582 3
409 426 8
409 431 7
409 458 6
409 470 6
409 517 2
409 539 8
409 562 10
409 599 7
410 432 5
410 472 10
410 475 4
410 487 1
410 502 3
410 523 2
410 557 7
410 591 3
410 592 10
411 436 1
411 441 6
411 447 1
411 452 10
411 461 2
411 485 9
411 493 7
411 560 4
411 566 7
411 567 3
411 575 10
412 416 8
412 417 8
412 437 3
412 468 7
412 471 6
412 478 8
412 517 2
412 537 7
412 552 5
412 553 3
412 557 6
413 425 9
413 432 5
413 457 9
413 506 1
413 515 7
413 516 2
413 584 7
413 590 1
414 417 2
414 420 9
414 452 6
414 472 4
414 486 9
414 489 9
414 514 3
414 518 7
414 546 5
414 559 1
414 576 1
414 598 4
415 474 9
415 487 9
415 489 6
415 524 5
415 547 6
415 563 3
415 585 9
416 425 5
416 427 9
416 431 1
416 440 10
416 495 7
416 512 5
416 551 10
416 576 10
417 437 1
417 446 1
417 454 8
417 470 3
417 477 4
417 498 7
417 530 9
417 540 8
417 541 7
417 559 9
417 569 10
417 570 3
417 576 3
417 599 10
418 458 4
418 476 7
418 519 10
418 531 4
418 541 2
418 560 5
418 573 1
418 578 7
419 420 3
419 422 5
419 423 5
419 428 5
419 443 6
419 486 4
419 500 10
419 501 7
419 528 5
419 534 2
419 540 8
419 561 2
419 566 5
419 586 3
419 593 10
420 424 5
420 429 10
420 435 6
420 452 5
420 468 1
420 502 1
420 564 8
420 580 1
420 593 4
420 594 6
420 595 10
421 433 9
421 436 9
421 437 6
421 469 9
421 484 5
421 519 10
421 591 6
422 426 2
422 427 5
422 433 1
422 445 7
422 449 6
422 493 8
422 513 1
422 522 7
422 542 7
422 550 4
422 561 3
422 581 9
423 430 6
423 436 9
423 440 1
423 492 1
423 496 4
423 497 1
423 520 3
423 587 3
424 445 3
424 469 8
424 484 8
424 494 5
424 495 6
424 550 6
424 564 10
424 566 5
424 587 3
425 452 2
425 470 10
425 487 6
425 496 6
425 509 2
425 511 4
425 526 1
425 544 9
425 547 6
425 566 9
426 471 7
426 472 9
426 477 4
426 511 8
426 515 6
426 584 2
427 468 8
427 508 9
427 515 7
427 527 10
427 541 1
427 554 9
427 561 3
428 456 9
428 469 6
428 471 7
428 506 4
428 541 4
428 553 6
428 592 10
429 434 8
429 439 7
429 452 9
429 468 3
429 505 4
429 514 1
429 528 6
429 529 6
429 592 1
430 444 1
430 456 5
430 469 10
430 483 1
430 498 10
430 503 9
430 513 7
430 565 1
430 588 6
431 445 7
431 478 8
431 502 5
432 457 7
432 503 8
432 529 9
432 538 5
432 563 4
432 599 5
433 444 1
433 467 9
433 484 3
433 487 10
433 493 6
433 497 1
433 563 1
433 581 8
434 469 5
434 478 3
434 486 5
434 567 2
435 439 3
435 487 7
435 518 8
435 530 4
435 535 9
435 578 7
435 589 2
436 438 7
436 443 8
436 485 9
436 554 3
436 560 7
436 574 6
436 575 10
436 585 6
436 589 4
437 466 6
437 479 9
437 506 9
437 507 8
437 516 9
437 518 3
437 526 8
437 542 4
437 549 3
437 554 8
437 565 3
437 573 9
437 575 10
437 585 9
437 592 1
438 440 4
438 466 5
438 468 8
438 486 10
438 489 6
438 500 5
438 518 1
438 536 2
438 553 4
438 560 10
439 455 7
439 531 2
439 559 7
439 579 8
440 442 7
440 446 10
440 480 3
440 487 8
440 502 10
440 546 1
440 553 6
440 557 2
440 583 10
440 585 2
441 481 7
441 484 9
441 506 4
441 510 5
441 519 10
441 545 3
441 547 5
441 562 3
441 565 9
441 591 5
441 593 4
441 597 4
442 473 1
442 477 5
442 488 8
442 490 6
442 501 6
442 531 4
442 534 9
442 544 2
442 558 1
442 582 7
442 595 3
443 449 5
443 453 4
443 487 5
443 495 7
443 514 2
443 531 6
443 545 6
443 548 5
443 576 2
444 445 4
444 457 10
444 470 9
444 479 5
444 484 4
444 501 5
444 523 8
444 575 3
444 577 9
444 591 3
444 597 8
445 458 1
445 462 7
445 465 7
445 468 6
445 473 4
445 505 10
445 512 4
445 515 7
445 537 2
445 583 1
446 470 2
446 482 9
446 498 6
446 500 6
446 503 5
446 504 9
446 505 3
446 546 3
446 563 3
446 579 7
447 465 8
447 486 5
447 495 5
447 512 3
447 518 8
447 543 9
447 562 2
447 566 10
447 569 10
447 587 4
448 466 10
448 468 10
448 503 3
448 544 6
448 552 8
448 561 6
448 588 8
448 594 3
448 598 5
449 455 9
449 484 3
449 508 6
449 510 9
449 521 1
449 522 3
449 547 4
450 474 1
450 478 5
450 511 6
450 518 4
450 525 3
450 534 3
450 548 8
450 550 7
450 554 5
450 555 7
450 568 8
450 584 6
451 459 7
451 475 9
451 532 2
451 544 8
451 548 8
451 558 4
452 463 5
452 466 7
452 475 9
452 478 2
452 505 10
452 512 3
452 540 3
452 561 4
453 471 10
453 472 1
453 479 4
453 487 2
453 492 6
453 522 5
453 530 9
453 552 1
453 553 10
453 592 1
454 470 6
454 477 9
454 479 10
454 489 2
454 527 5
454 529 7
454 551 10
454 554 3
454 574 7
454 579 1
455 467 2
455 477 6
455 510 4
455 563 7
455 572 3
456 468 4
456 478 8
456 505 2
456 511 9
456 516 2
456 525 5
456 548 8
456 568 3
456 572 1
456 593 2
457 469 8
457 498 7
457 518 10
457 541 1
457 568 8
457 581 2
457 582 6
457 591 8
458 465 1
458 482 9
458 507 4
458 538 9
459 492 8
459 507 7
459 550 5
459 582 8
459 583 10
459 586 1
460 485 3
460 509 6
460 528 3
460 566 7
460 585 6
461 464 6
461 478 5
461 480 7
461 491 2
461 518 4
461 529 1
461 532 2
461 588 5
462 477 1
462 507 10
462 522 6
462 561 1
462 565 9
462 581 8
462 592 8
462 598 6
463 467 8
463 474 6
463 480 10
463 495 7
463 518 6
463 543 8
463 556 1
463 557 5
463 564 9
463 586 1
464 476 8
464 520 5
464 522 5
464 543 4
464 551 10
464 587 10
465 484 10
465 495 8
465 501 4
465 503 3
465 569 9
465 578 7
465 579 8
465 586 9
466 470 7
466 481 3
466 519 1
466 536 7
466 547 2
466 551 8
466 552 3
466 560 10
466 572 5
467 484 4
467 491 8
467 584 2
467 594 3
468 499 8
468 502 7
468 509 1
468 515 1
468 531 4
468 554 7
468 555 7
468 556 9
468 566 8
468 573 9
468 588 10
469 474 6
469 490 2
469 529 2
469 559 6
469 569 8
469 593 1
470 505 6
470 515 6
470 542 4
470 553 8
470 564 3
471 486 5
471 495 7
471 504 5
471 513 6
471 565 1
471 585 10
471 594 3
472 548 5
472 569 4
472 596 3
473 491 1
473 502 6
473 503 5
473 534 6
473 564 3
473 566 1
473 578 6
473 583 10
473 595 9
474 488 5
474 529 7
474 543 10
474 545 6
474 548 4
474 572 10
474 585 7
475 486 1
475 499 5
475 539 2
476 496 8
476 498 7
476 553 8
476 559 4
476 563 3
476 572 4
476 594 7
477 527 4
477 557 8
477 594 1
478 482 7
478 484 10
478 507 3
478 509 3
478 524 4
478 525 8
478 533 5
478 536 7
478 545 3
478 591 6
479 525 7
479 535 9
479 580 5
480 491 9
480 492 6
480 547 8
480 566 8
480 583 4
481 483 9
481 552 2
481 568 5
482 490 8
482 494 9
482 519 5
482 527 2
482 542 3
482 545 10
482 557 10
483 488 7
483 497 7
483 501 10
483 521 3
483 524 9
483 570 2
483 594 7
484 497 2
484 498 1
484 522 1
484 543 10
484 576 5
484 578 9
484 594 7
485 487 3
485 499 3
485 513 5
485 516 8
485 517 2
485 578 2
486 503 2
486 514 2
486 515 5
486 517 8
486 557 10
486 565 3
486 575 2
487 523 1
487 525 8
487 540 1
487 592 2
488 491 4
488 501 10
488 529 1
488 552 8
489 510 8
489 560 4
489 562 5
490 510 1
490 520 4
490 530 7
491 493 1
491 499 8
491 502 5
491 517 7
491 541 2
491 555 9
491 586 1
491 592 1
492 514 1
492 523 4
492 546 4
492 566 4
493 495 8
493 543 4
493 565 3
493 575 3
493 590 5
494 524 5
494 541 10
494 551 8
494 554 6
494 591 5
495 536 9
495 548 8
495 551 2
495 585 6
496 502 1
496 506 8
496 524 6
496 573 4
496 595 5
497 520 8
497 533 3
497 537 1
497 561 6
497 566 6
497 569 2
497 578 8
498 514 7
498 521 2
498 532 1
498 543 2
498 552 5
498 560 1
498 566 5
499 505 10
499 516 3
499 541 2
499 562 4
499 598 4
500 525 1
500 569 2
500 575 8
500 587 9
501 532 9
501 535 1
501 597 4
501 598 10
501 599 9
502 518 1
502 519 5
502 523 5
502 541 1
502 584 10
502 585 7
502 590 6
503 505 5
503 522 8
503 590 4
504 583 3
505 506 9
505 513 6
505 551 5
505 571 6
506 516 6
506 531 1
506 566 7
506 587 10
506 594 2
507 509 10
507 514 3
507 516 4
507 526 1
507 541 2
507 545 2
508 522 10
508 541 5
508 569 7
508 571 1
509 519 5
509 522 10
509 546 5
509 591 9
510 512 10
510 523 4
510 577 5
510 585 7
511 514 1
511 520 3
511 529 10
511 531 3
511 550 3
511 555 6
511 568 9
511 584 10
512 528 3
512 561 10
512 563 6
512 599 3
513 521 3
513 526 8
513 572 5
513 573 9
513 574 10
513 575 9
513 591 10
514 529 1
514 557 3
514 594 9
515 516 1
515 556 7
515 557 8
516 528 8
516 546 7
516 565 9
516 572 1
516 597 3
517 529 5
517 544 3
517 549 5
517 553 7
517 598 6
518 530 10
518 571 4
518 577 6
518 583 1
518 589 6
519 524 7
519 533 9
519 536 8
519 539 2
519 591 6
520 522 5
520 541 10
520 544 7
520 551 3
520 564 1
520 572 8
521 522 5
521 525 9
521 526 10
521 535 3
521 540 8
521 548 7
521 570 9
521 575 8
523 541 10
523 573 1
523 574 3
523 595 2
524 536 8
524 551 1
524 553 9
524 567 9
525 536 4
525 538 5
525 545 9
525 548 9
525 555 1
525 585 7
525 588 7
525 589 2
525 598 4
526 528 1
526 550 3
526 554 3
526 568 5
526 585 4
526 588 2
527 542 1
527 558 4
527 566 1
527 587 3
527 595 2
528 535 10
528 570 3
528 582 1
529 531 9
529 543 5
529 596 5
530 537 2
530 549 4
530 583 5
531 543 3
531 556 2
531 566 8
531 577 7
532 539 3
532 544 7
532 557 9
532 572 1
532 595 5
532 599 3
533 547 5
533 562 7
533 564 5
534 536 9
534 554 1
534 582 10
534 591 10
535 539 1
535 542 4
535 551 10
535 553 5
535 557 7
535 569 9
535 598 7
536 572 7
536 596 9
537 538 3
537 541 2
537 582 3
537 599 7
538 553 6
538 567 5
538 573 8
539 594 6
540 585 3
541 575 10
541 589 2
542 578 1
542 599 1
543 552 8
543 570 5
543 588 7
543 596 4
544 590 10
544 597 5
545 552 6
545 569 1
545 575 4
545 586 8
546 551 4
546 569 3
546 586 2
548 561 10
548 573 4
548 574 10
549 556 9
549 590 4
550 558 2
550 598 10
551 552 6
553 563 8
553 570 7
554 567 2
555 584 6
556 565 2
556 584 4
556 591 7
557 575 5
557 578 5
558 566 7
558 587 2
559 566 9
559 584 5
559 593 7
560 576 10
560 589 9
561 587 4
561 595 1
562 572 2
562 590 1
562 593 6
562 597 7
563 570 2
564 574 6
564 588 2
565 588 1
567 579 6
567 599 7
568 569 3
568 585 5
568 591 3
571 583 2
571 592 3
572 589 4
573 594 7
574 595 5
575 578 10
575 587 4
577 585 1
582 583 4
584 587 2
585 595 3
590 598 4
592 593 7
592 594 1
600 299 3
601 599 6
600 601 19
602 695 1
602 718 10
602 754 9
602 755 8
602 773 4
602 791 10
602 799 9
602 874 10
602 875 2
602 896 7
603 606 9
603 628 6
603 650 10
603 651 6
603 675 2
603 704 6
603 716 5
603 749 3
603 750 5
603 795 1
603 802 2
603 822 6
603 826 8
603 831 2
603 855 6
603 885 1
604 627 4
604 651 4
604 655 6
604 683 9
604 696 9
604 708 8
604 714 10
604 732 9
604 735 5
604 746 3
604 750 9
604 773 3
604 787 4
604 792 10
604 849 2
604 864 2
604 880 7
604 892 1
605 607 9
605 640 8
605 665 6
605 696 6
605 707 10
605 708 2
605 722 6
605 735 3
605 753 7
605 756 5
605 777 6
605 779 5
605 805 7
605 817 1
605 835 8
605 844 4
605 894 9
605 897 6
606 618 1
606 620 10
606 701 7
606 710 7
606 722 3
606 734 5
606 758 1
606 767 8
606 782 6
606 784 2
606 825 2
606 840 3
606 844 4
606 846 10
606 851 2
606 854 1
606 860 7
606 884 4
606 896 2
607 699 4
607 718 8
607 729 9
607 749 10
607 810 4
607 826 5
607 854 6
608 623 4
608 640 2
608 665 9
608 667 3
608 672 10
608 673 1
608 685 4
608 687 6
608 716 7
608 725 8
608 726 2
608 756 8
608 775 6
608 832 7
608 881 1
609 655 7
609 676 1
609 680 5
609 684 8
609 708 3
609 717 5
609 728 5
609 729 8
609 731 7
609 763 8
609 772 5
609 774 7
609 790 10
609 817 8
609 834 1
609 846 5
609 856 2
609 870 4
609 881 6
609 887 6
609 889 5
609 895 6
609 896 9
609 899 10
609 900 5
610 619 7
610 623 3
610 631 4
610 716 4
610 730 2
610 753 4
610 812 10
610 813 2
610 816 8
610 828 7
610 860 6
610 895 5
610 899 3
611 617 3
611 631 3
611 636 3
611 642 10
611 651 9
611 653 2
611 680 7
611 686 1
611 714 6
611 719 10
611 720 6
611 726 3
611 755 7
611 786 1
611 792 9
611 795 6
611 805 10
611 809 3
611 825 4
611 855 5
611 858 6
611 871 9
611 878 6
612 636 1
612 638 8
612 645 9
612 648 1
612 658 6
612 660 7
612 661 5
612 689 1
612 705 1
612 707 7
612 708 3
612 724 10
612 733 7
612 744 6
612 771 9
612 778 7
612 787 3
612 795 8
612 798 4
612 858 6
612 859 5
613 617 4
613 619 4
613 632 2
613 647 6
613 690 8
613 714 7
613 736 10
613 747 5
613 748 5
613 754 7
613 761 7
613 783 4
613 811 7
613 822 7
613 844 1
613 845 3
613 850 1
613 851 1
613 869 4
614 615 7
614 643 5
614 653 5
614 688 5
614 689 10
614 753 3
614 755 3
614 775 3
614 796 1
614 838 7
614 841 10
614 865 7
614 885 10
614 901 5
615 639 10
615 651 5
615 667 2
615 683 6
615 734 6
615 773 8
615 807 2
615 851 2
615 860 4
615 885 5
615 889 9
615 898 1
616 620 5
616 643 1
616 644 3
616 667 8
616 698 6
616 773 10
616 814 2
616 830 1
616 838 6
616 886 4
617 660 3
617 735 9
617 750 8
617 757 5
617 758 5
617 786 7
617 796 1
617 803 6
617 810 1
617 811 10
617 818 1
617 845 4
617 849 7
617 874 6
617 879 1
617 894 8
618 620 10
618 624 6
618 688 4
618 702 8
618 723 6
618 742 9
618 743 10
618 797 9
618 812 8
618 822 6
618 853 10
618 893 9
619 638 8
619 643 7
619 648 4
619 652 10
619 676 5
619 711 1
619 746 7
619 759 1
619 760 7
619 766 9
619 780 7
619 791 7
619 793 9
619 807 7
619 855 10
619 862 7
619 866 4
619 870 2
620 645 5
620 654 3
620 657 8
620 730 8
620 743 2
620 771 5
620 779 8
620 800 2
620 811 5
620 840 5
620 888 9
620 890 6
621 642 6
621 648 8
621 682 3
621 707 1
621 728 9
621 729 9
621 768 2
621 777 5
621 813 10
621 826 8
621 839 4
621 852 6
621 875 7
622 624 4
622 629 4
622 642 8
622 648 10
622 658 9
622 713 10
622 721 4
622 746 4
622 751 9
622 803 4
622 808 5
622 814 5
622 861 3
622 870 8
622 885 10
622 888 10
622 899 8
623 661 7
623 678 5
623 704 5
623 706 9
623 744 7
623 754 4
623 761 8
623 791 8
623 794 8
623 798 9
623 810 8
623 854 3
623 862 6
623 866 4
623 879 6
624 628 1
624 630 3
624 655 6
624 672 9
624 705 2
624 720 1
624 724 2
624 738 2
624 743 4
624 759 9
624 761 7
624 878 9
625 687 6
625 691 8
625 697 8
625 740 4
625 752 4
625 770 4
625 772 10
625 784 5
625 858 10
625 868 3
625 870 2
625 886 8
625 893 3
625 894 2
625 900 5
626 630 5
626 651 7
626 690 10
626 704 3
626 722 7
626 735 2
626 762 8
626 823 5
626 846 6
626 850 10
627 653 9
627 658 9
627 673 6
627 748 7
627 807 7
627 813 4
627 824 4
627 826 4
627 829 1
627 853 9
628 667 8
628 701 4
628 721 9
628 741 2
628 753 3
628 780 3
628 782 5
628 790 2
628 823 5
628 852 6
628 887 8
628 895 2
629 643 4
629 649 9
629 659 4
629 669 10
629 679 3
629 702 3
629 706 6
629 711 10
629 726 2
629 764 4
629 773 8
629 783 7
629 790 2
629 799 5
629 801 2
629 816 8
629 821 8
629 835 2
629 836 6
629 854 7
629 874 7
629 877 6
629 888 10
629 896 2
630 642 9
630 669 6
630 670 3
630 671 5
630 698 3
630 709 3
630 710 6
630 803 6
630 818 1
630 850 9
630 866 5
630 874 3
630 885 3
631 647 1
631 656 2
631 691 5
631 692 6
631 700 10
631 702 3
631 718 8
631 807 6
631 817 5
631 830 5
631 841 5
631 878 8
631 890 2
632 659 2
632 686 7
632 690 8
632 700 3
632 750 8
632 771 6
632 780 9
632 802 10
632 804 10
632 826 1
632 832 4
632 846 8
632 862 9
632 885 5
633 653 6
633 750 3
633 798 7
633 832 9
633 837 3
633 848 1
633 856 5
633 885 9
634 636 2
634 642 9
634 650 8
634 655 7
634 676 5
634 681 4
634 683 1
634 692 5
634 763 5
634 790 4
634 804 1
634 816 2
634 823 9
634 830 8
634 862 9
634 888 9
634 891 9
634 894 1
635 665 1
635 686 3
635 688 8
635 718 9
635 786 7
635 827 3
635 840 2
635 851 5
635 862 3
635 879 6
635 883 5
636 650 9
636 686 6
636 687 8
636 693 8
636 732 3
636 751 4
636 754 2
636 777 6
636 785 7
636 798 6
636 819 1
636 873 2
636 886 8
636 890 4
636 901 10
637 662 5
637 675 3
637 713 8
637 725 4
637 737 3
637 753 9
637 766 6
637 776 10
637 787 7
637 798 4
637 851 4
637 861 10
637 866 10
638 653 9
638 711 6
638 747 5
638 761 9
638 768 3
638 789 2
638 796 6
638 846 6
638 847 8
638 861 10
638 880 3
638 883 6
639 649 7
639 653 5
639 661 7
639 665 5
639 667 1
639 672 9
639 674 1
639 718 3
639 730 6
639 741 4
639 743 7
639 749 6
639 751 1
639 759 8
639 794 5
639 809 6
639 819 3
639 845 4
639 848 6
639 883 3
639 894 1
640 641 2
640 661 2
640 670 4
640 693 5
640 715 9
640 732 1
640 753 2
640 774 8
640 784 5
640 823 7
640 831 7
640 863 2
640 870 6
640 873 3
640 883 2
641 685 4
641 714 3
641 740 6
641 757 1
641 789 9
641 802 2
641 826 7
641 827 9
641 870 1
641 872 3
641 895 7
642 653 5
642 657 8
642 706 2
642 735 8
642 790 1
642 840 5
642 873 9
642 897 6
642 899 9
643 675 7
643 688 6
643 717 3
643 744 7
643 747 2
643 752 1
643 775 5
643 790 3
643 795 6
643 805 7
643 808 4
643 868 9
643 900 9
644 710 9
644 747 10
644 752 7
644 758 2
644 759 8
644 761 8
644 816 4
644 822 2
644 836 6
644 858 9
644 867 9
644 868 7
644 885 6
644 886 9
644 895 3
645 672 6
645 683 6
645 714 1
645 762 2
645 766 3
645 769 3
645 795 10
645 842 5
645 869 4
646 649 4
646 678 9
646 704 1
646 706 10
646 729 5
646 737 10
646 747 1
646 750 3
646 755 1
646 765 7
646 791 7
646 797 10
646 863 6
647 654 10
647 694 3
647 704 1
647 718 8
647 729 1
647 754 9
647 778 5
647 803 2
647 807 1
647 809 10
647 850 7
647 856 4
647 857 4
647 881 2
647 891 8
647 896 3
648 681 6
648 692 1
648 719 9
648 758 4
648 766 4
648 777 10
648 804 8
648 816 3
648 826 10
648 845 3
648 897 5
649 651 9
649 681 1
649 698 6
649 750 6
649 773 2
649 786 8
649 802 7
649 806 10
649 839 10
649 852 7
649 879 4
649 900 3
650 660 8
650 691 6
650 709 2
650 760 3
650 783 9
650 792 3
650 821 10
650 823 3
650 838 8
650 844 3
650 857 1
650 863 3
650 868 6
650 879 3
650 893 3
651 652 10
651 676 2
651 697 7
651 701 4
651 706 2
651 746 9
651 766 1
651 767 8
651 795 10
651 811 8
651 812 4
651 826 9
651 828 9
651 838 10
651 871 5
651 886 2
652 676 9
652 708 2
652 709 3
652 717 1
652 728 10
652 750 5
652 762 3
652 771 4
652 775 4
652 796 5
652 876 7
653 663 8
653 665 10
653 697 9
653 742 2
653 763 9
653 779 10
653 810 8
653 820 4
653 868 2
653 877 8
653 888 6
653 899 9
654 655 8
654 669 5
654 676 4
654 683 8
654 686 3
654 705 5
654 706 2
654 712 4
654 732 4
654 769 5
654 779 6
654 803 6
654 823 6
654 826 2
654 860 8
654 866 10
654 885 5
655 703 4
655 732 6
655 742 5
655 746 5
655 754 4
655 761 6
655 765 3
655 779 5
655 816 6
655 828 8
655 845 8
655 846 3
655 850 3
655 860 6
655 880 10
655 887 7
655 900 1
656 664 8
656 688 2
656 697 6
656 698 1
656 726 5
656 743 1
656 744 8
656 789 3
656 790 8
656 792 3
656 811 6
656 823 8
656 839 2
656 868 1
656 888 1
657 658 7
657 682 7
657 699 6
657 720 2
657 759 2
657 810 10
657 824 7
657 836 9
657 860 10
657 874 4
657 878 2
657 881 4
657 887 2
658 662 3
658 674 3
658 678 2
658 709 2
658 737 4
658 744 9
658 764 5
658 801 8
658 814 9
658 850 2
658 880 2
658 881 7
659 664 4
659 672 8
659 695 4
659 735 8
659 746 10
659 776 6
659 783 6
659 795 6
659 824 1
659 841 8
659 842 9
659 843 3
659 868 6
659 874 8
659 879 2
659 893 1
660 670 1
660 676 5
660 698 2
660 699 5
660 731 7
660 769 6
660 786 9
660 823 10
660 835 4
660 860 3
660 871 10
660 888 5
660 898 6
661 688 3
661 695 1
661 708 9
661 741 2
661 748 6
661 768 8
661 770 1
661 805 1
661 821 4
661 823 8
661 833 4
661 849 1
661 858 9
661 866 6
661 876 6
661 882 6
662 667 9
662 688 6
662 699 8
662 765 3
662 804 10
662 808 2
662 834 2
662 860 5
662 877 2
662 892 3
662 893 10
662 899 4
663 684 4
663 690 4
663 706 9
663 717 9
663 749 6
663 752 10
663 787 10
663 791 1
663 792 7
663 804 3
663 833 4
663 842 10
663 857 10
664 736 9
664 737 2
664 740 8
664 756 6
664 805 9
664 806 5
664 826 4
664 828 7
664 868 4
664 870 8
664 880 8
664 882 8
664 890 1
665 667 2
665 681 9
665 695 4
665 713 3
665 731 3
665 785 9
665 790 7
665 794 3
665 804 7
665 806 4
665 858 4
665 865 9
665 868 5
665 876 1
666 686 1
666 708 10
666 716 2
666 718 10
666 778 8
666 791 6
666 811 10
666 832 5
666 835 4
666 892 4
666 898 8
667 693 2
667 695 10
667 710 7
667 715 9
667 729 7
667 758 8
667 759 2
667 770 5
667 776 3
667 790 5
667 797 9
667 800 1
667 827 3
667 865 2
667 881 10
668 686 6
668 702 5
668 741 8
668 747 2
668 785 7
668 806 8
668 842 3
668 869 1
669 674 7
669 676 2
669 709 6
669 713 8
669 742 6
669 743 1
669 761 4
669 803 5
669 851 5
669 890 3
670 675 2
670 690 3
670 702 9
670 705 9
670 708 7
670 725 3
670 755 1
670 770 3
670 771 4
671 685 1
671 716 7
671 727 5
671 745 10
671 754 2
671 768 1
671 780 9
671 802 6
671 813 10
671 832 6
671 837 10
671 895 10
672 686 5
672 719 2
672 737 7
672 766 2
672 786 9
672 792 9
672 829 5
672 881 4
673 688 3
673 696 7
673 759 5
673 772 8
673 777 7
673 781 3
673 799 4
673 827 2
673 831 5
673 834 8
673 846 5
673 878 7
673 894 4
674 708 9
674 727 9
674 772 5
674 810 1
674 835 7
674 870 2
674 879 10
674 890 3
675 689 4
675 710 1
675 714 7
675 724 5
675 728 7
675 745 8
675 748 5
675 788 6
675 789 5
675 791 8
675 800 10
675 801 3
675 810 2
675 821 7
675 824 10
675 880 6
675 896 2
675 897 1
676 684 2
676 715 9
676 734 5
676 757 9
676 805 2
676 816 5
676 827 7
676 858 9
676 874 7
676 875 3
677 694 10
677 702 7
677 741 5
677 786 3
677 859 7
678 689 3
678 730 9
678 759 6
678 793 3
678 836 4
678 881 1
679 685 7
679 699 3
679 708 2
679 713 9
679 725 7
679 741 9
679 754 10
679 828 2
679 835 10
679 838 10
679 894 6
679 897 1
679 900 6
680 688 4
680 723 2
680 760 2
680 792 10
680 802 10
680 805 1
680 828 4
680 843 2
680 860 7
680 868 9
680 880 6
680 892 5
681 685 3
681 727 7
681 737 2
681 740 5
681 756 2
681 763 4
681 776 1
681 796 4
681 811 6
681 817 2
681 878 10
682 707 4
682 709 1
682 712 4
682 715 5
682 718 3
682 726 9
682 731 5
682 776 10
682 794 2
682 848 9
682 872 4
682 876 3
682 884 8
682 893 4
683 700 6
683 706 1
683 710 2
683 720 6
683 739 7
683 776 8
683 788 9
683 826 5
683 851 10
684 685 3
684 733 6
684 765 3
684 772 6
684 790 9
684 802 10
684 814 9
684 816 9
684 822 5
684 894 1
685 735 4
685 784 10
685 785 3
685 849 2
685 854 6
685 857 5
685 858 5
685 891 4
686 703 10
686 710 7
686 716 4
686 724 3
686 742 2
686 749 4
686 761 4
686 810 10
686 817 2
686 825 3
686 848 8
686 865 6
687 691 4
687 695 2
687 709 1
687 762 9
687 763 9
687 790 2
687 848 8
687 850 7
687 853 2
687 891 3
687 896 8
688 694 5
688 703 4
688 705 2
688 716 8
688 727 9
688 763 6
688 833 2
688 847 5
688 870 5
688 874 8
688 896 8
689 717 9
689 761 1
689 785 3
689 811 4
689 815 10
689 886 5
690 691 7
690 696 9
690 699 10
690 700 10
690 713 1
690 729 3
690 740 8
690 838 9
690 852 6
690 857 8
691 737 8
691 756 7
691 778 2
691 792 5
691 794 1
691 830 5
691 852 6
691 885 10
692 694 5
692 705 4
692 714 1
692 731 9
692 737 10
692 738 10
692 744 8
692 777 1
692 798 10
692 833 1
692 897 4
693 719 2
693 753 5
693 851 2
693 857 2
694 704 6
694 731 4
694 796 2
694 799 10
694 834 3
694 841 3
694 845 5
694 862 10
694 881 2
694 887 3
695 716 1
695 726 6
695 734 5
695 743 7
695 758 3
695 760 4
695 770 2
695 803 8
695 888 4
695 889 2
696 757 10
696 780 3
696 782 10
696 894 10
697 713 5
697 732 2
697 768 5
697 787 6
697 815 6
697 817 7
697 880 7
697 890 3
698 717 10
698 719 1
698 734 3
698 740 2
698 751 5
698 783 9
698 814 4
698 822 6
698 829 2
698 834 6
698 858 3
698 862 6
698 883 3
698 890 7
698 896 10
699 705 4
699 787 5
699 791 5
699 793 5
699 803 6
699 825 8
699 873 6
700 709 5
700 736 2
700 751 7
700 753 9
700 770 9
700 797 4
700 808 7
700 815 7
700 854 9
700 874 6
700 880 9
700 882 1
700 886 10
700 890 3
700 893 1
700 894 5
701 741 10
701 754 2
701 774 10
701 782 4
701 786 10
701 797 2
701 826 1
701 859 1
701 869 7
701 878 7
701 894 5
701 895 4
702 704 2
702 706 2
702 708 9
702 783 8
702 794 5
702 842 8
702 843 6
702 868 3
702 869 3
702 874 5
702 892 10
702 898 1
703 708 10
703 721 8
703 724 1
703 726 1
703 810 3
703 844 4
703 867 7
704 748 4
704 755 7
704 781 7
704 822 8
704 858 6
704 873 10
704 880 10
705 723 8
705 744 7
705 769 6
705 772 3
705 773 10
705 775 9
705 777 6
705 781 10
705 784 6
705 842 1
705 844 9
705 885 3
705 886 5
705 892 2
706 714 7
706 715 6
706 718 2
706 754 9
706 803 6
706 854 5
706 858 9
706 864 8
706 878 8
707 736 8
707 743 3
707 748 6
707 754 4
707 768 10
707 778 4
707 801 5
707 845 9
707 861 1
707 866 1
707 898 6
708 716 3
708 717 2
708 740 4
708 750 9
708 767 4
708 806 9
708 819 9
708 831 2
708 856 2
709 735 3
709 744 5
709 756 8
709 761 1
709 788 7
709 796 6
709 798 6
709 857 1
709 864 7
709 865 3
709 872 10
710 839 4
710 856 7
710 877 5
710 883 9
710 896 7
710 898 8
711 716 3
711 764 7
711 785 9
711 812 6
711 818 3
711 832 3
711 860 9
711 876 6
711 896 1
711 900 4
712 724 7
712 757 1
712 798 6
712 832 8
712 872 6
713 723 10
713 747 7
713 768 6
713 803 8
713 813 5
713 821 1
713 828 10
713 831 3
713 844 5
713 847 9
713 855 8
713 859 1
713 867 6
713 892 6
714 722 9
714 743 3
714 779 10
714 800 8
714 833 3
714 851 7
714 884 10
714 899 6
715 719 6
715 724 7
715 772 8
715 799 9
715 816 3
715 849 1
715 868 6
715 872 2
715 879 6
716 719 8
716 738 1
716 798 3
716 847 5
716 850 5
716 866 5
717 718 7
717 720 7
717 726 9
717 727 5
717 735 4
717 760 1
717 765 10
717 826 1
718 734 2
718 761 5
718 780 10
718 787 9
718 802 9
718 850 9
718 875 8
718 877 6
718 897 6
719 767 6
719 768 4
719 786 4
719 787 1
719 801 4
719 805 2
719 820 2
719 823 1
719 849 1
719 851 2
719 896 3
720 725 7
720 743 8
720 762 7
720 766 3
720 784 4
720 849 7
720 887 8
720 889 9
721 742 9
721 778 9
721 780 9
721 781 10
721 783 5
721 787 1
721 794 8
721 851 4
721 892 9
722 727 7
722 805 9
722 854 4
722 895 5
722 901 4
723 743 9
723 748 5
723 758 9
723 762 10
723 768 8
723 775 1
723 819 10
723 850 2
723 853 5
723 860 7
723 866 9
724 730 3
724 748 9
724 775 3
724 781 9
724 857 8
724 881 3
724 895 10
725 752 9
725 767 2
725 831 9
725 833 3
726 731 2
726 738 9
726 772 8
726 853 10
726 857 7
726 858 9
726 865 3
726 866 1
726 879 2
726 895 3
727 744 5
727 822 3
727 828 3
727 885 3
728 736 3
728 742 4
728 749 6
728 779 8
728 802 2
728 811 4
728 820 10
728 839 3
728 843 8
728 892 1
729 733 2
729 749 1
729 753 10
729 804 10
729 812 2
729 825 10
729 831 5
729 850 5
729 859 10
729 888 2
730 767 4
730 794 7
730 806 10
730 840 8
730 882 7
731 732 4
731 734 2
731 744 4
731 746 6
731 754 4
731 774 8
731 782 10
731 808 10
731 901 3
732 756 9
732 798 3
732 808 8
732 821 1
732 871 5
732 876 6
732 892 3
733 747 9
733 755 8
733 780 4
733 786 8
733 807 9
733 809 3
733 820 2
733 834 5
733 838 3
733 887 6
734 745 8
734 751 1
734 871 5
734 894 7
734 896 9
734 899 8
735 768 8
735 803 2
735 806 3
735 808 4
735 810 1
735 816 5
735 827 5
735 849 3
736 759 3
736 779 7
736 781 1
736 789 3
736 843 4
736 864 8
736 883 7
736 898 2
737 747 5
737 778 10
737 787 1
737 793 5
737 796 3
737 811 5
737 817 9
737 826 7
737 844 10
737 862 8
737 880 7
738 742 4
738 788 4
738 811 5
738 829 4
738 848 3
738 891 9
739 742 6
739 750 8
739 798 9
739 811 2
739 850 2
739 852 4
739 857 5
739 868 1
739 876 4
739 883 9
740 810 6
740 825 3
740 847 6
740 884 7
741 754 7
741 769 5
741 773 9
741 799 1
741 803 9
741 824 5
741 849 9
741 873 7
742 847 4
742 848 6
742 868 3
743 819 10
743 823 1
743 865 10
743 889 3
744 750 5
744 801 8
744 830 10
744 839 3
744 864 8
744 877 2
744 881 6
744 899 1
745 771 8
745 786 6
745 817 6
745 832 8
745 850 1
745 851 8
745 854 5
746 751 9
746 752 4
746 757 2
746 820 10
747 760 6
747 767 10
747 784 4
747 809 4
747 844 7
747 865 10
747 880 1
747 891 1
748 786 9
748 787 3
748 810 2
748 819 3
748 853 10
748 878 1
748 893 2
748 900 2
749 761 9
749 778 5
749 798 9
749 806 1
749 822 4
749 863 5
750 751 7
750 763 4
750 807 7
750 888 4
751 755 8
751 773 6
751 777 10
751 778 9
751 812 5
751 820 5
751 832 1
751 853 10
751 858 1
751 870 9
751 879 9
751 894 1
752 795 1
752 799 7
752 806 6
752 809 5
752 813 1
752 840 5
752 846 5
752 857 5
752 862 8
752 872 5
752 895 9
753 766 6
753 769 6
753 796 5
753 804 2
753 810 2
753 842 8
753 859 9
753 873 7
753 899 7
754 772 6
754 776 6
754 780 8
754 797 10
754 852 1
754 882 8
754 886 1
754 888 1
755 763 8
755 793 10
755 804 3
755 830 10
755 888 8
756 773 10
756 813 4
756 868 9
757 778 4
757 792 9
757 796 3
757 804 3
757 807 3
757 822 3
757 833 1
757 858 10
757 874 7
757 884 2
757 885 3
758 768 6
758 786 2
758 790 10
758 795 3
758 811 7
758 823 5
758 832 10
758 862 8
758 867 5
759 771 9
759 778 9
759 779 7
759 823 6
759 870 8
760 793 10
760 807 5
760 822 5
760 827 9
760 842 1
760 843 3
760 865 5
760 880 9
760 887 7
760 896 9
761 786 3
761 809 10
761 812 9
761 820 5
761 839 6
761 851 3
761 855 7
761 876 2
761 897 4
762 774 6
762 790 6
762 797 1
762 805 1
762 806 5
762 827 8
762 898 7
763 776 3
763 782 6
763 783 4
763 789 8
763 791 3
763 793 5
763 798 4
763 806 10
763 813 3
763 845 6
763 858 4
763 873 9
763 878 4
763 901 1
764 776 8
764 862 9
765 782 10
765 795 6
765 798 3
765 803 7
765 847 8
766 775 9
766 779 10
766 818 4
766 821 7
766 852 5
766 872 4
766 876 7
766 882 1
766 883 3
767 784 5
767 812 3
767 820 9
767 826 10
767 842 2
767 845 3
767 869 4
768 782 8
768 785 4
768 794 9
768 798 3
768 861 8
768 863 7
768 887 9
769 772 10
769 821 6
769 871 7
769 884 9
770 804 2
770 816 1
770 819 7
770 835 1
770 838 1
770 839 9
770 856 6
770 887 7
771 785 5
771 786 9
771 804 5
771 814 6
772 774 2
772 792 10
772 863 8
772 868 2
772 873 9
772 884 2
773 788 4
773 804 5
773 824 9
773 830 8
773 833 3
773 851 1
774 780 7
774 793 1
774 805 9
774 819 6
774 823 7
774 878 7
774 887 6
775 789 10
775 817 9
775 819 4
775 839 2
775 848 10
775 880 2
775 897 8
776 783 6
776 786 9
776 798 6
776 809 1
776 840 4
776 846 9
776 879 2
777 792 3
777 806 10
777 827 2
777 838 4
777 839 6
777 843 6
777 869 2
777 876 5
777 882 10
778 808 5
778 820 1
778 842 1
778 899 5
779 832 8
779 855 7
780 803 2
780 816 3
780 898 6
781 795 10
781 811 6
781 850 7
781 851 1
781 877 10
781 888 4
781 892 7
782 793 8
782 796 2
782 881 9
783 794 1
783 799 2
783 827 2
783 839 5
783 841 4
783 873 3
783 877 9
783 885 9
784 794 9
784 819 2
784 826 5
784 830 10
784 836 6
784 863 7
784 869 10
784 870 3
784 873 4
784 880 6
784 885 4
784 887 8
785 802 3
785 822 5
785 833 3
785 857 2
785 877 8
785 882 4
785 886 7
786 848 6
786 873 1
786 889 10
787 791 4
787 832 3
787 845 2
787 869 5
788 792 10
788 827 5
788 856 9
788 871 8
788 889 5
789 839 9
790 851 1
790 869 9
790 871 9
790 872 7
790 878 5
790 888 8
790 893 1
791 801 10
791 829 6
791 831 4
791 885 7
792 825 10
792 876 10
792 890 1
793 812 3
793 825 7
793 831 5
793 839 10
793 874 2
793 875 7
793 881 9
793 890 7
794 800 2
794 815 10
794 839 3
794 881 1
795 806 6
795 812 4
795 848 10
795 861 10
795 878 2
795 881 10
796 825 10
796 832 10
796 853 8
796 862 6
796 885 10
797 804 8
797 812 5
797 816 7
797 821 3
797 822 1
797 837 6
797 855 3
798 820 4
798 824 9
798 843 1
798 859 10
798 862 10
798 869 5
798 887 6
798 889 8
799 812 3
799 849 9
799 884 10
799 894 8
799 899 9
800 802 7
800 815 1
800 837 8
800 854 9
801 870 2
801 879 8
801 883 8
802 806 4
802 827 5
802 840 4
802 856 3
802 865 5
802 889 10
802 893 1
803 830 7
803 848 3
803 853 8
803 868 1
803 869 6
804 832 8
804 869 4
804 870 5
804 888 7
805 807 8
805 821 2
805 854 7
805 860 2
805 874 1
806 822 8
806 829 9
806 839 9
806 863 4
806 888 9
806 894 9
807 815 4
807 834 1
807 840 8
807 841 2
807 870 6
807 877 4
807 886 7
808 835 10
808 874 8
808 878 6
808 885 10
808 891 5
808 895 8
808 898 7
809 824 7
809 849 3
809 853 7
809 854 10
809 870 9
809 882 3
810 870 9
811 813 1
811 866 1
811 877 1
811 878 1
812 855 8
812 863 9
812 875 1
812 893 4
813 836 10
813 854 1
813 890 7
815 843 2
815 852 8
815 864 10
815 866 7
815 878 4
815 891 6
816 844 6
816 859 1
816 865 2
816 867 7
816 879 7
816 883 9
816 893 5
817 835 4
817 842 4
817 848 1
817 863 5
817 876 2
817 881 4
817 901 4
818 820 2
818 830 6
818 857 4
818 883 4
818 885 6
818 889 4
819 858 7
819 885 9
820 841 3
820 862 7
820 874 7
821 830 6
821 883 7
821 896 9
822 823 2
822 844 10
822 845 4
822 890 9
823 835 2
823 874 5
823 893 5
824 829 1
824 845 6
824 867 10
824 876 4
824 883 9
824 890 10
824 899 8
825 839 10
825 853 5
825 876 3
825 879 4
825 891 3
825 896 6
826 884 7
826 894 8
826 897 2
827 835 5
827 836 8
827 838 6
827 862 4
827 877 6
829 833 2
829 843 2
829 858 4
829 887 3
829 891 3
830 832 8
830 897 4
830 899 4
831 834 4
831 853 8
831 869 4
831 874 9
831 884 9
831 899 9
832 844 9
832 863 1
833 848 9
833 852 9
833 868 7
833 892 1
834 877 4
835 837 9
835 851 9
835 887 2
836 848 6
836 858 2
836 862 7
837 840 5
837 871 7
837 877 10
837 899 1
838 870 8
838 888 3
838 900 4
839 841 3
839 842 5
839 846 1
839 849 6
839 877 8
840 877 7
840 890 5
840 898 4
841 878 7
841 884 6
841 897 4
842 849 6
842 857 8
842 863 4
842 870 6
843 844 4
843 848 7
843 859 9
843 861 3
843 863 7
843 871 10
843 875 10
844 847 8
844 854 8
844 866 5
844 868 4
844 875 9
845 846 5
845 889 4
845 890 1
846 871 10
846 876 8
846 896 5
847 851 3
847 865 5
847 875 5
848 866 9
848 869 9
848 885 8
850 872 5
851 883 6
852 869 3
852 885 2
852 897 3
853 855 7
853 860 7
853 863 7
853 890 3
854 860 7
855 866 1
855 873 9
855 898 7
856 864 2
857 872 8
858 859 6
858 873 8
858 898 1
859 865 5
859 868 4
859 870 6
860 868 5
860 870 4
860 874 3
860 896 10
860 901 6
861 881 7
862 886 4
863 883 6
863 887 8
863 894 3
863 898 10
864 873 5
864 893 7
865 882 4
866 873 8
866 895 5
867 893 10
869 885 6
869 894 7
870 875 7
871 889 8
873 882 7
873 888 5
875 882 1
877 899 6
878 882 10
878 887 9
878 901 7
879 896 4
882 896 2
885 893 4
885 894 1
885 896 7
885 899 7
886 894 2
887 889 4
889 897 5
897 901 7
902 601 18
903 901 10
902 903 22
