904 6735
98 57 17 74 95 91 18 28 52 70 7 91 32 55 39 15 86 29 40 94 60 36 66 100 82 22 94 41 68 88 27 65 44 44 90 38 34 7 18 37 28 24 28 12 30 18 26 16 46 17 61 58 4 26 57 85 99 50 78 66 90 4 83 85 47 72 23 80 31 92 17 10 67 96 21 97 13 98 64 10 15 24 67 70 1 23 7 100 25 84 17 14 87 99 98 86 23 72 65 53 15 33 14 82 28 35 78 92 84 41 54 50 16 20 20 16 95 78 67 71 61 84 36 99 34 85 84 56 9 1 60 23 85 74 4 65 60 81 56 43 73 9 93 88 81 64 4 27 41 22 97 53 5 84 51 39 68 87 94 76 39 54 99 23 79 2 87 38 35 95 80 7 55 24 95 35 87 50 13 27 71 61 79 28 44 82 66 12 20 11 39 58 16 37 80 94 91 19 31 25 13 63 31 67 86 77 54 73 26 18 51 49 79 82 76 22 63 41 85 82 3 24 39 19 12 70 64 2 88 47 26 100 9 9 19 46 85 24 18 63 41 21 11 71 2 86 93 16 78 29 49 80 52 39 50 16 8 14 17 96 12 95 47 20 55 17 17 91 92 87 53 33 7 15 3 8 100 47 75 29 76 23 9 79 61 10 94 68 75 63 15 86 57 14 57 11 82 74 53 74 100 71 1 88 40 27 42 9 50 99 46 36 30 24 57 27 28 3 43 75 90 50 34 59 26 9 64 25 63 3 87 62 73 88 50 12 66 43 21 68 93 18 55 74 41 63 100 20 65 94 95 55 95 28 65 21 89 28 97 51 31 84 64 55 23 65 19 40 59 91 59 3 8 65 77 49 28 76 68 92 22 14 98 16 94 63 88 82 42 85 84 72 20 47 79 94 64 97 85 22 87 44 25 46 60 53 94 87 80 14 31 1 79 28 17 24 42 4 5 84 40 40 7 59 39 85 4 2 81 89 75 19 84 51 65 43 3 10 82 83 75 12 83 6 91 51 29 33 55 86 16 46 25 22 5 15 59 60 16 39 48 43 10 83 93 26 26 48 87 59 30 14 22 64 19 12 67 99 96 73 84 11 18 61 85 74 75 43 34 91 33 81 85 94 64 77 19 41 24 58 99 5 71 20 21 41 83 39 39 79 11 23 41 28 83 25 2 9 19 35 99 52 67 35 45 82 12 16 22 87 73 72 44 95 91 16 35 26 54 73 4 64 47 44 91 81 21 44 90 39 78 40 90 97 75 87 78 38 2 100 24 26 71 67 20 14 34 6 91 87 30 94 50 29 89 93 9 61 36 98 100 66 90 41 62 64 79 91 1 80 90 76 57 13 95 28 78 28 85 20 84 87 9 50 31 44 35 58 36 83 73 81 87 10 25 88 76 69 88 16 64 2 67 55 69 85 46 24 77 89 88 24 16 48 73 98 91 60 56 78 42 80 59 80 89 83 68 64 3 55 79 66 56 98 20 77 34 17 52 62 6 92 85 21 39 57 18 82 68 25 59 9 4 69 89 93 51 8 56 5 14 87 22 21 84 94 49 69 10 1 30 15 44 14 87 82 22 57 15 90 81 74 98 85 42 38 29 45 45 36 1 10 74 23 31 9 16 79 77 25 31 6 92 74 19 78 8 41 86 22 30 67 47 79 3 41 17 83 85 13 18 37 23 92 59 53 100 26 83 77 3 14 34 46 39 53 75 46 93 61 68 74 27 14 52 81 54 20 63 90 85 32 27 7 23 37 11 75 15 45 3 17 10 36 62 49 88 36 94 32 48 61 57 74 27 61 6 80 80 20 22 16 52 100 74 26 88 84 100 2 81 54 70 90 42 31 38 29 19 32 13 66 44 69 92 70 81 49 2 13 69 75 28 20 74 2 45 61 37 97 15 17 2 84 7 43 67 96 24 37 79 88 54 75 56 97 96 89 46 97 1 14 23 28 85 96 29 81 9 18 29 75 34 31 58 92 73 76 40 48 12 18 35 66 44 43 62 40 31 7 88 31 72 11 10 56 58 91 89 66 8 17 36 87
0 3 60
0 23 6
0 25 58
0 45 18
0 109 20
0 146 60
0 171 25
0 176 72
0 188 59
0 194 51
0 246 52
0 271 86
0 279 73
0 281 60
0 284 16
0 292 33
1 3 22
1 28 10
1 58 52
1 123 96
1 129 72
1 145 19
1 175 34
1 212 80
1 235 32
1 261 90
1 282 42
2 8 13
2 12 15
2 17 94
2 65 38
2 88 26
2 104 51
2 117 95
2 119 43
2 130 71
2 148 7
2 157 19
2 203 94
2 213 17
2 218 69
2 247 45
2 266 2
2 290 41
3 8 57
3 23 17
3 50 25
3 64 30
3 65 78
3 99 77
3 103 25
3 161 49
3 180 47
3 192 10
3 208 80
3 216 78
3 241 100
3 274 21
3 281 42
3 289 66
4 15 15
4 22 32
4 32 92
4 51 65
4 55 26
4 58 34
4 62 87
4 87 84
4 105 53
4 159 32
4 169 100
4 206 73
4 214 29
4 247 1
4 287 14
5 14 37
5 33 18
5 40 90
5 99 66
5 109 95
5 124 18
5 126 42
5 127 96
5 158 64
5 171 52
5 193 75
5 208 93
5 230 3
5 255 48
5 270 87
5 272 68
5 293 14
6 15 18
6 19 59
6 69 30
6 73 43
6 80 45
6 81 17
6 85 27
6 97 49
6 102 100
6 104 78
6 105 21
6 132 28
6 141 79
6 159 86
6 165 64
6 189 48
6 195 76
6 209 29
6 221 94
6 268 93
6 284 23
7 43 41
7 70 9
7 76 74
7 102 68
7 106 1
7 114 76
7 146 15
7 162 87
7 171 43
7 193 28
7 223 4
7 248 54
7 269 57
7 277 99
7 279 50
7 285 25
7 287 77
7 295 98
8 42 77
8 47 54
8 71 70
8 102 56
8 118 84
8 229 56
8 235 20
8 241 31
8 245 83
8 255 100
8 269 25
8 272 75
8 278 22
9 20 65
9 107 83
9 161 47
9 168 84
9 173 36
9 186 22
9 219 98
9 239 22
9 249 17
9 297 77
10 60 26
10 102 22
10 116 86
10 122 76
10 228 71
10 239 10
10 256 52
10 263 20
10 268 38
10 285 57
10 293 89
11 14 94
11 70 41
11 93 44
11 124 65
11 133 71
11 177 26
11 190 16
11 200 47
11 204 53
11 211 38
11 216 64
11 246 87
11 265 36
11 268 47
11 279 74
12 27 58
12 33 45
12 37 96
12 43 26
12 90 73
12 108 73
12 109 47
12 115 58
12 128 48
12 145 17
12 173 20
12 203 51
12 214 36
12 215 57
12 236 7
12 291 24
13 20 2
13 28 47
13 35 20
13 39 66
13 55 70
13 60 97
13 61 82
13 75 16
13 90 1
13 139 71
13 145 31
13 153 40
13 166 6
13 204 78
13 213 13
14 21 15
14 63 74
14 72 8
14 192 40
14 206 46
14 218 32
14 259 86
15 20 56
15 71 79
15 72 2
15 78 75
15 121 81
15 136 89
15 169 83
15 186 88
15 262 65
15 278 85
15 287 86
16 19 84
16 76 50
16 101 55
16 107 32
16 147 83
16 182 71
16 200 33
16 213 53
16 232 53
16 240 72
16 249 11
16 270 30
16 282 36
16 287 25
17 23 55
17 37 96
17 64 65
17 103 53
17 115 27
17 128 50
17 135 8
17 166 58
17 169 4
17 204 34
17 212 38
17 243 92
18 28 68
18 38 77
18 69 56
18 87 52
18 92 63
18 112 91
18 151 54
18 161 17
18 172 23
18 253 36
18 255 39
18 277 55
18 290 41
18 297 92
19 25 78
19 36 51
19 51 73
19 68 13
19 85 75
19 89 28
19 139 60
19 196 91
19 235 32
19 239 87
19 240 41
19 262 39
19 271 96
19 273 44
19 281 24
19 294 85
20 50 87
20 122 91
20 126 62
20 127 43
20 170 95
20 180 24
20 189 33
20 205 48
20 210 92
20 231 55
20 243 35
20 246 31
20 280 61
20 292 27
20 298 74
20 299 38
21 33 77
21 47 46
21 63 3
21 66 4
21 133 25
21 158 62
21 201 94
21 207 56
22 51 100
22 67 86
22 70 46
22 91 47
22 93 29
22 143 21
22 165 32
22 171 16
22 174 12
22 186 45
22 203 10
22 204 6
22 222 20
22 237 94
22 245 5
22 292 11
23 74 49
23 96 39
23 111 93
23 125 61
23 133 18
23 143 66
23 144 51
23 150 94
23 182 64
23 201 53
23 244 49
23 248 40
23 255 66
23 270 95
23 283 48
23 291 18
23 295 80
23 296 93
24 68 16
24 85 61
24 90 14
24 97 47
24 109 28
24 148 77
24 149 43
24 195 37
24 206 34
24 223 62
24 224 30
24 229 38
24 271 73
24 278 30
24 282 28
25 38 17
25 56 91
25 115 45
25 180 83
25 240 41
26 75 91
26 101 98
26 105 45
26 119 91
26 154 37
26 180 62
26 187 85
26 191 84
26 206 79
26 232 17
26 246 29
26 257 95
26 282 77
27 30 94
27 36 93
27 42 4
27 44 22
27 121 36
27 128 40
27 195 55
27 197 49
27 208 21
27 211 44
27 225 73
27 263 3
28 69 71
28 104 90
28 236 45
28 245 68
29 209 24
29 243 37
29 282 10
29 297 21
30 97 81
30 125 52
30 137 9
30 156 94
30 160 37
30 167 45
30 203 73
30 212 53
30 215 25
30 219 19
30 253 81
30 262 18
30 268 63
31 37 84
31 49 39
31 62 50
31 71 75
31 73 45
31 89 99
31 93 95
31 95 88
31 103 71
31 115 49
31 122 10
31 178 12
31 209 93
31 217 29
31 256 35
32 47 29
32 64 38
32 96 7
32 110 61
32 129 90
32 132 68
32 136 55
32 141 78
32 145 12
32 153 79
32 159 82
32 178 88
32 217 97
32 267 62
33 63 5
33 64 11
33 77 97
33 92 95
33 96 61
33 108 71
33 120 39
33 155 11
33 161 17
33 173 78
33 202 33
33 214 66
33 215 87
33 246 45
33 255 10
33 269 68
33 289 31
33 292 91
34 39 5
34 41 90
34 78 51
34 127 46
34 129 57
34 131 57
34 133 75
34 134 20
34 156 35
34 194 56
34 212 7
34 228 83
34 238 69
34 260 63
34 264 46
34 265 65
35 47 9
35 49 6
35 76 35
35 97 99
35 127 16
35 158 4
35 165 76
35 172 100
35 180 69
35 227 14
35 243 44
35 298 30
36 57 81
36 69 27
36 70 20
36 71 38
36 93 16
36 94 23
36 104 35
36 127 24
36 135 79
36 181 10
36 184 95
36 203 66
36 222 17
36 227 53
36 264 100
36 265 86
36 285 15
37 52 45
37 77 2
37 112 23
37 129 50
37 141 37
37 156 21
37 184 17
37 210 92
37 283 48
38 61 17
38 62 12
38 70 13
38 82 12
38 111 41
38 125 94
38 130 38
38 167 61
38 175 83
38 177 5
38 270 35
38 283 17
38 298 28
39 56 13
39 120 78
39 126 22
39 144 30
39 163 95
39 177 26
39 225 30
39 226 32
39 243 40
39 256 74
39 264 33
40 57 14
40 98 76
40 100 21
40 113 86
40 143 92
40 146 12
40 181 33
40 197 60
40 202 23
40 250 98
40 253 24
40 265 64
40 271 91
40 273 13
40 292 76
41 54 25
41 81 18
41 88 10
41 89 41
41 101 97
41 103 74
41 118 19
41 126 71
41 158 4
41 162 65
41 164 96
41 196 85
41 207 96
41 216 88
41 217 58
41 233 28
41 260 1
41 286 33
42 45 49
42 67 87
42 99 77
42 135 12
42 140 71
42 167 36
42 178 35
42 189 68
42 262 59
43 63 50
43 71 10
43 83 72
43 89 25
43 114 34
43 131 41
43 170 86
43 173 27
43 179 37
43 196 11
43 200 97
43 201 59
43 225 14
43 232 13
43 270 55
43 273 98
43 292 8
44 68 42
44 114 8
44 174 87
44 191 94
44 205 40
44 224 87
44 227 32
44 247 16
44 257 99
44 262 3
44 273 4
44 287 33
45 80 22
45 102 14
45 128 82
45 130 84
45 219 37
45 251 58
45 295 69
45 297 77
45 298 43
45 299 47
46 81 66
46 97 53
46 102 95
46 183 24
46 186 19
46 224 7
46 245 30
46 262 68
46 286 14
46 295 71
47 84 27
47 87 53
47 115 65
47 134 67
47 135 39
47 144 96
47 172 34
47 180 37
47 191 50
47 213 89
47 234 21
47 238 24
47 242 3
47 254 54
47 265 59
47 285 39
48 84 11
48 130 79
48 140 68
48 151 5
48 167 26
48 212 33
48 265 10
48 287 20
48 289 8
49 52 80
49 66 79
49 75 38
49 78 47
49 89 44
49 93 60
49 124 26
49 151 96
49 180 76
49 212 92
49 241 87
49 243 24
49 264 77
49 279 23
50 53 73
50 56 66
50 83 96
50 90 48
50 92 68
50 126 49
50 164 6
50 167 58
50 213 60
50 215 85
50 248 25
51 72 16
51 105 62
51 116 9
51 157 25
51 172 33
51 231 69
51 268 4
51 270 11
51 297 58
52 69 3
52 84 55
52 87 17
52 125 28
52 129 2
52 184 93
52 189 71
52 195 88
52 216 16
52 232 47
52 248 11
52 271 40
52 272 64
52 283 58
53 89 88
53 115 83
53 147 6
53 159 45
53 168 41
53 182 17
53 192 81
53 266 17
53 275 33
54 57 94
54 58 78
54 96 9
54 101 27
54 150 46
54 164 13
54 168 37
54 173 3
54 184 15
54 255 43
54 292 71
54 298 42
55 56 45
55 66 15
55 105 12
55 112 32
55 114 30
55 117 10
55 124 94
55 153 22
55 168 74
55 228 51
55 244 61
55 261 56
55 270 9
55 274 5
56 59 48
56 112 77
56 113 38
56 117 65
56 142 61
56 145 31
56 178 94
56 197 70
56 203 57
56 213 91
56 239 82
56 274 46
56 287 93
56 292 48
56 298 40
57 65 15
57 75 41
57 93 84
57 129 30
57 170 4
57 196 68
57 201 11
57 222 13
57 245 61
57 258 32
58 85 38
58 113 64
58 161 92
58 174 46
58 195 24
58 198 49
58 203 93
58 212 100
58 221 86
58 294 9
58 296 61
59 63 16
59 69 2
59 117 82
59 133 25
59 147 92
59 158 15
59 167 22
59 176 36
59 182 62
59 194 61
59 239 51
59 247 54
59 252 97
59 258 32
59 278 57
59 299 16
60 78 42
60 86 21
60 99 28
60 106 74
60 109 11
60 113 91
60 127 17
60 158 56
60 193 66
60 203 65
60 207 48
60 218 66
60 236 2
60 239 57
60 241 78
61 77 70
61 94 10
61 112 11
61 159 46
61 162 54
61 179 25
61 233 67
61 247 89
61 263 86
61 292 79
61 293 91
62 123 91
62 170 27
62 188 74
62 201 47
62 250 42
62 253 16
62 263 19
62 265 70
62 267 41
62 285 29
63 73 12
63 75 9
63 82 84
63 91 78
63 136 26
63 153 84
63 156 95
63 160 27
63 239 40
63 249 24
63 259 96
64 116 1
64 155 34
64 176 93
64 197 54
65 84 58
65 101 11
65 104 95
65 115 95
65 146 90
65 151 85
65 166 85
65 179 16
66 81 59
66 99 83
66 104 10
66 137 26
66 143 1
66 158 79
66 170 18
66 210 82
66 211 90
66 222 26
66 243 17
66 283 19
67 76 51
67 77 100
67 90 65
67 119 78
67 163 91
67 168 88
67 180 25
67 183 92
67 218 21
67 239 18
67 288 45
68 70 30
68 89 28
68 119 39
68 163 24
68 176 69
68 179 76
68 190 60
68 259 37
68 290 86
69 82 94
69 114 46
69 136 11
69 139 95
69 155 76
69 158 28
69 166 28
69 173 65
69 181 53
69 200 44
69 215 36
69 227 56
69 248 44
69 276 100
69 280 33
70 98 86
70 134 88
70 137 9
70 161 77
70 181 60
70 186 78
70 222 74
70 234 90
70 237 58
70 250 64
70 252 65
70 278 26
71 90 91
71 101 77
71 121 14
71 129 76
71 146 70
71 175 59
71 199 38
71 279 16
71 282 34
72 74 17
72 78 43
72 107 51
72 115 70
72 145 39
72 160 86
72 176 77
72 211 34
72 233 37
72 244 9
72 285 19
72 298 24
73 100 69
73 108 48
73 123 36
73 170 47
73 187 73
73 271 77
73 281 4
73 291 36
73 295 93
73 299 81
74 96 27
74 145 69
74 150 95
74 165 54
74 232 39
74 234 5
74 290 92
75 80 54
75 86 39
75 156 8
75 168 49
75 220 41
75 230 29
75 276 39
76 83 78
76 93 5
76 99 72
76 104 14
76 146 65
76 151 42
76 154 90
76 167 34
76 178 89
76 195 25
76 255 80
76 274 61
76 290 1
77 85 35
77 88 49
77 107 93
77 139 67
77 158 75
77 168 14
77 185 13
77 192 28
77 215 52
77 258 18
77 265 71
77 268 57
77 269 8
78 115 79
78 142 57
78 178 48
78 182 7
78 184 95
78 185 77
78 255 64
78 262 18
78 264 90
78 265 28
78 267 60
78 273 79
79 82 61
79 116 48
79 129 55
79 139 92
79 149 61
79 184 7
79 190 78
79 276 9
79 294 52
80 82 45
80 84 35
80 89 65
80 111 9
80 168 14
80 170 68
80 227 26
80 229 37
80 240 76
80 247 85
80 280 15
80 285 33
80 291 32
81 85 73
81 157 79
81 178 60
81 198 36
81 245 97
81 263 50
81 285 64
81 299 56
82 89 80
82 146 76
82 171 55
82 182 35
82 211 20
82 227 67
82 263 93
82 279 97
83 85 27
83 116 44
83 157 93
83 175 13
83 180 60
83 193 2
83 198 27
83 200 27
83 201 79
83 202 63
83 221 55
83 243 64
83 266 29
83 271 39
83 275 47
83 291 1
83 293 17
84 149 7
84 217 89
84 226 65
84 271 8
84 296 4
85 87 20
85 88 87
85 90 79
85 107 27
85 112 73
85 163 98
85 164 45
85 165 18
85 173 47
85 192 72
85 237 61
85 262 91
85 265 84
86 129 73
86 148 44
86 213 62
86 223 99
87 94 23
87 96 76
87 97 5
87 99 38
87 100 4
87 110 43
87 113 36
87 138 57
87 163 60
87 205 42
87 257 45
87 266 24
88 128 1
88 130 48
88 149 96
88 179 40
88 203 78
88 219 74
88 223 64
88 227 28
88 251 18
88 260 81
88 269 74
88 272 89
88 278 94
88 293 16
89 92 73
89 173 66
89 238 60
89 241 86
89 296 16
89 297 34
90 98 62
90 101 21
90 115 23
90 130 65
90 177 63
90 191 58
90 207 73
90 220 22
90 224 52
90 234 17
90 247 98
90 251 52
91 96 16
91 109 45
91 172 91
91 180 94
91 182 18
91 223 55
91 230 21
91 252 35
91 279 35
91 281 46
91 290 76
92 122 28
92 125 61
92 133 100
92 135 45
92 155 72
92 187 85
92 202 61
92 204 5
92 215 98
92 219 81
92 260 27
92 261 63
92 269 95
92 274 37
92 297 35
93 122 17
93 124 88
93 128 4
93 130 66
93 169 39
93 181 19
93 194 10
93 198 30
93 200 12
93 204 79
93 252 36
93 264 84
93 278 65
93 297 70
94 98 29
94 103 92
94 106 50
94 116 42
94 152 91
94 158 94
94 169 13
94 174 28
94 179 6
94 243 70
94 272 25
94 282 86
94 287 96
94 297 39
95 106 81
95 116 32
95 132 26
95 179 49
95 184 71
95 188 29
95 204 66
95 215 10
95 224 99
95 243 27
95 252 91
95 265 63
95 268 5
96 111 26
96 145 46
96 202 21
96 272 47
96 277 75
96 293 13
97 101 96
97 150 16
97 152 55
97 180 42
97 186 80
97 203 34
97 255 47
97 269 49
98 149 59
98 167 85
98 173 97
98 176 49
98 197 17
98 205 80
98 242 74
98 259 17
98 262 51
98 264 54
98 271 82
98 277 60
98 287 53
99 104 8
99 149 50
99 165 67
99 197 64
99 225 27
99 226 12
99 229 36
99 231 73
99 235 38
99 246 48
99 248 69
99 266 5
100 106 55
100 109 62
100 145 85
100 149 88
100 151 60
100 161 33
100 180 98
100 201 44
100 247 81
100 253 47
100 255 60
100 269 61
100 272 72
100 274 28
100 282 63
101 148 78
101 201 9
101 202 22
101 210 30
101 227 68
101 260 23
101 276 96
101 279 83
101 290 49
101 295 59
102 110 19
102 132 21
102 177 97
102 185 18
102 187 41
102 190 1
102 293 72
103 106 54
103 119 85
103 160 60
103 165 14
103 172 70
103 194 9
103 208 9
103 234 50
103 264 55
103 270 69
103 280 62
103 291 27
103 292 96
104 106 24
104 123 4
104 144 57
104 161 97
104 189 85
104 228 24
105 108 19
105 128 32
105 144 59
105 157 19
105 193 42
105 205 77
105 211 92
105 269 38
106 111 94
106 154 84
106 156 39
106 162 18
106 171 38
106 185 75
106 187 29
106 190 51
106 194 96
106 245 37
106 253 59
107 147 46
107 198 92
107 202 79
107 205 59
107 234 70
107 243 27
107 246 83
107 249 25
107 251 35
107 259 79
108 114 61
108 116 10
108 130 50
108 180 44
108 182 68
108 188 20
108 196 85
108 211 96
108 234 11
108 274 75
109 115 90
109 125 47
109 162 65
109 221 59
109 251 84
109 255 39
109 280 87
110 132 86
110 134 35
110 139 23
110 153 96
110 189 32
110 191 66
110 241 27
110 248 90
110 261 87
111 117 5
111 118 24
111 125 63
111 130 39
111 136 55
111 174 75
111 189 100
111 216 56
111 221 18
111 230 68
111 242 75
111 243 55
111 245 63
111 270 38
112 128 29
112 137 4
112 162 84
112 178 93
112 185 62
112 192 19
112 256 83
112 264 100
113 129 56
113 134 69
113 160 75
113 170 3
113 183 52
113 202 92
113 276 29
113 282 94
113 294 79
114 122 85
114 129 69
114 130 93
114 132 23
114 133 23
114 168 68
114 268 75
114 269 78
114 272 37
114 288 42
114 290 5
114 297 91
115 127 56
115 155 94
115 214 71
115 230 12
115 240 77
115 270 15
115 277 73
115 283 47
115 289 50
116 153 25
116 175 54
116 186 18
116 190 99
116 224 56
116 232 22
116 267 90
116 276 37
117 146 67
117 169 20
117 177 21
117 181 35
117 213 65
117 222 96
117 240 58
117 242 32
117 257 70
117 286 87
118 128 68
118 138 11
118 185 43
118 188 11
118 202 18
118 207 36
118 226 33
118 259 29
118 292 64
118 293 48
119 125 54
119 154 10
119 165 97
119 168 78
119 181 15
119 195 66
119 240 76
119 247 71
119 249 39
119 275 17
119 293 7
120 123 5
120 129 89
120 146 27
120 149 40
120 165 53
120 169 74
120 180 49
120 217 84
120 221 43
120 226 87
120 244 3
120 264 5
120 277 30
120 283 65
120 284 23
120 294 65
121 148 98
121 149 3
121 210 29
121 224 97
121 229 56
121 243 90
121 278 45
122 130 33
122 161 5
122 172 62
122 192 60
122 195 75
122 229 1
122 232 29
122 239 33
122 248 57
122 271 17
122 295 11
123 125 96
123 152 69
123 197 85
123 207 96
123 214 4
123 236 27
123 249 83
123 273 58
123 275 84
123 283 12
123 287 75
124 151 6
124 155 76
124 204 72
124 217 8
124 261 56
124 268 20
124 279 64
125 141 46
125 142 64
125 202 48
125 208 50
125 215 77
125 225 60
125 234 76
125 235 29
125 266 88
125 268 60
125 286 86
125 294 56
126 221 70
126 230 33
126 294 24
127 159 6
127 171 29
127 203 79
127 205 85
127 283 63
127 290 36
128 130 68
128 161 74
128 162 10
128 163 73
128 221 1
128 222 33
128 273 32
128 281 9
128 286 4
128 298 47
129 155 54
129 231 19
129 238 47
129 259 55
129 268 96
130 162 6
130 228 82
130 231 24
130 283 93
130 286 41
131 143 9
131 166 100
131 177 62
131 179 42
131 189 23
131 203 68
131 229 22
131 272 53
131 286 52
131 294 84
132 141 40
132 147 71
132 159 9
132 184 2
132 191 43
132 197 61
132 211 34
132 261 26
132 275 69
132 281 90
132 290 25
132 296 22
133 161 8
133 217 71
133 237 28
133 261 55
133 299 76
134 150 9
134 152 79
134 167 20
134 168 1
134 173 39
134 182 19
134 191 63
134 197 32
134 257 93
134 283 82
135 153 53
135 160 45
135 173 85
135 287 88
136 158 36
136 183 55
136 216 48
136 224 37
136 246 49
136 247 9
136 270 23
136 287 74
136 297 77
137 144 12
137 165 50
137 171 51
137 188 19
137 199 20
137 220 78
137 245 74
137 275 47
137 276 39
137 288 4
138 160 66
138 186 39
138 196 42
138 202 36
138 215 53
138 218 26
138 221 80
138 226 86
138 248 78
138 256 76
138 280 70
138 289 18
138 294 12
138 297 24
139 142 65
139 235 48
139 254 72
139 281 73
139 284 70
139 299 98
140 161 2
140 166 81
140 170 47
140 184 4
140 199 52
140 209 19
140 210 33
140 251 77
140 263 65
140 274 71
140 286 32
141 143 83
141 192 62
141 195 73
141 219 18
141 223 66
141 271 98
141 280 50
141 299 52
142 175 28
142 178 25
142 211 21
142 243 97
142 283 36
142 291 97
143 171 13
143 179 84
143 190 20
143 220 86
143 224 53
144 145 69
144 151 39
144 197 86
144 205 16
144 206 42
144 218 37
144 246 86
144 247 74
144 278 65
144 286 50
144 288 97
144 290 96
144 295 32
145 146 58
145 149 20
145 173 2
145 203 75
145 224 70
145 232 51
145 270 26
145 275 49
145 287 75
145 296 99
146 156 45
146 199 11
146 212 95
146 227 57
146 249 94
146 292 14
147 152 94
147 157 98
147 183 35
147 198 84
147 200 83
147 220 2
147 222 25
147 247 71
147 273 87
147 281 99
147 299 87
148 181 36
148 199 47
148 237 82
148 247 20
148 286 56
148 288 54
149 163 21
149 164 30
149 196 23
149 222 23
149 229 8
149 233 71
149 260 97
149 267 6
149 277 67
150 171 59
150 198 52
150 233 75
150 263 4
150 293 17
150 294 21
150 298 2
151 170 51
151 183 4
151 218 36
151 236 52
151 254 29
151 257 59
151 265 38
151 278 79
152 172 45
152 183 26
152 197 25
152 215 79
152 223 45
152 243 80
152 253 84
152 271 17
152 282 61
152 283 6
153 196 39
153 220 68
153 233 28
153 243 87
153 250 73
154 175 46
154 205 46
154 218 76
154 233 20
154 240 1
154 264 93
155 197 40
155 218 2
155 219 43
155 225 44
155 230 90
155 232 95
155 250 24
155 258 48
155 267 84
156 166 54
156 168 44
156 188 9
156 210 78
156 216 74
156 232 5
156 266 9
156 270 57
156 272 21
156 277 21
156 283 62
156 289 11
157 168 89
157 195 41
157 230 98
157 242 13
157 259 86
157 294 95
157 298 89
158 187 58
158 238 95
158 271 81
159 210 97
159 259 49
160 169 75
160 172 92
160 209 38
160 237 21
160 268 67
160 271 37
160 286 5
161 163 20
161 219 80
161 233 13
161 247 49
161 276 6
162 163 70
162 164 9
162 176 62
162 193 90
162 206 30
162 241 76
162 267 1
162 285 18
163 169 16
163 181 98
163 228 82
163 242 54
163 274 44
163 283 22
164 169 11
164 170 38
164 171 2
164 187 59
164 200 86
164 232 29
164 239 3
164 285 75
165 182 49
165 185 69
165 186 11
165 208 53
165 216 89
165 226 43
165 293 18
166 193 37
166 220 48
166 234 87
166 251 46
166 274 9
167 180 28
167 198 27
167 210 84
167 222 28
167 238 44
167 256 52
167 277 77
167 292 77
168 217 5
168 221 20
168 227 99
168 232 67
168 259 58
168 260 52
168 261 25
168 292 95
168 293 80
168 299 27
169 190 70
169 231 29
169 239 48
169 245 80
169 287 33
170 188 36
170 198 74
170 209 50
170 210 24
170 229 21
170 232 88
170 268 21
170 269 82
170 285 16
171 176 47
171 197 65
171 203 43
171 224 42
171 251 68
172 183 72
172 184 19
172 193 72
172 217 91
172 218 69
172 226 38
172 240 100
172 245 20
172 247 15
172 291 47
173 198 100
173 229 93
173 241 16
173 248 80
173 255 40
173 260 47
173 267 12
174 193 27
174 199 73
174 239 14
174 285 51
174 296 93
175 184 53
175 192 23
175 193 74
175 195 68
175 252 70
175 286 91
175 295 63
176 196 63
176 205 58
176 216 34
176 243 81
176 255 82
176 265 76
176 267 1
176 270 71
176 297 28
177 187 21
177 214 85
177 226 74
177 234 72
177 283 30
178 214 41
178 245 3
178 250 69
178 270 39
178 298 66
179 238 48
179 256 11
179 267 79
180 191 50
180 211 4
180 237 32
181 185 72
181 210 29
181 252 51
181 261 93
181 275 71
182 183 13
182 199 56
182 221 81
182 225 98
182 248 88
182 289 62
182 295 26
182 299 89
183 185 32
183 198 5
183 206 9
183 257 69
183 282 78
184 225 32
184 283 98
185 194 70
185 216 34
185 246 18
185 255 8
186 206 99
186 229 65
186 240 19
186 259 30
186 260 14
186 261 74
186 285 13
186 298 86
187 216 54
187 260 15
187 276 78
187 286 25
187 291 80
188 192 85
188 213 5
188 220 29
188 235 73
188 253 18
188 261 54
188 263 61
188 291 1
189 197 58
189 200 21
189 219 69
189 236 87
189 264 4
189 282 18
189 297 56
190 238 37
190 243 36
190 247 16
190 259 87
190 260 100
190 284 86
191 232 68
191 249 66
191 258 59
191 265 32
191 270 51
192 204 64
192 266 47
192 288 80
192 289 40
193 196 26
193 231 65
193 240 96
193 262 54
193 282 89
193 283 13
194 219 60
194 226 1
194 229 66
194 240 69
194 249 21
194 251 34
194 265 56
194 292 24
195 201 52
195 211 63
195 216 12
195 238 39
195 260 78
195 277 50
196 202 90
196 209 63
196 238 70
196 278 55
196 291 73
197 210 1
197 224 5
197 259 89
197 261 99
197 272 37
197 274 28
197 281 76
197 297 53
198 246 76
198 278 82
198 284 93
199 218 88
199 292 41
199 296 93
200 217 53
200 218 9
200 224 13
200 227 39
200 263 16
201 223 88
201 229 42
201 243 79
201 294 99
202 203 80
202 206 8
202 233 100
202 259 69
202 282 23
202 294 69
202 296 76
203 234 47
203 240 70
203 270 32
203 277 35
204 213 68
205 208 68
205 223 63
205 225 44
205 229 72
205 276 90
205 279 25
206 212 64
206 228 77
206 229 17
206 237 56
206 255 82
206 260 77
206 278 20
206 282 72
207 226 45
207 236 7
207 240 65
207 245 75
207 260 57
207 281 44
208 222 82
208 225 57
208 239 64
208 241 56
208 249 25
208 263 91
208 269 3
209 229 46
209 247 23
209 264 37
209 266 66
209 296 42
210 239 51
210 261 61
210 267 14
211 218 40
211 231 37
211 232 77
211 247 69
211 269 53
211 285 85
212 213 2
212 256 81
212 293 4
213 224 73
213 228 25
213 238 11
213 248 37
213 254 99
213 270 19
213 275 32
214 215 33
214 269 75
214 287 47
214 289 88
215 240 52
215 243 38
215 249 90
215 252 97
216 237 12
216 239 27
216 240 14
216 255 53
217 248 77
217 290 74
218 250 66
218 259 69
218 264 62
218 277 95
219 229 37
219 240 14
219 248 31
219 276 38
219 291 47
220 248 34
220 249 62
220 251 71
220 261 96
220 274 50
221 225 22
221 239 15
221 268 81
221 275 54
221 286 41
221 295 79
221 299 93
222 233 92
222 238 68
222 284 83
223 229 41
223 234 79
223 242 61
223 252 54
223 254 32
223 276 37
223 291 80
224 264 49
224 265 5
225 231 41
225 253 43
225 254 93
225 271 7
225 289 73
226 232 30
226 243 53
226 251 59
226 256 43
227 273 75
228 235 54
228 251 92
229 232 48
229 244 20
229 265 24
230 239 53
230 267 13
230 270 55
231 239 46
231 263 4
231 266 22
231 273 28
231 277 96
231 295 53
232 276 88
232 280 2
232 284 84
233 262 76
233 273 81
234 247 32
234 253 33
234 256 73
234 262 27
234 278 25
234 282 31
234 290 99
234 292 7
235 249 35
235 261 9
236 256 1
236 268 10
237 270 15
237 272 93
237 299 9
238 252 34
238 279 68
238 285 62
238 291 46
239 246 22
239 264 7
239 276 2
240 244 44
240 247 34
240 259 97
241 263 96
242 258 73
242 268 50
242 270 31
242 279 48
242 281 82
243 251 14
243 252 32
243 259 55
243 269 40
243 285 9
243 297 37
243 298 91
244 255 15
244 260 72
245 260 99
245 276 67
245 280 33
246 252 13
246 270 59
246 288 41
247 272 99
247 278 27
247 298 2
248 262 44
248 286 100
249 253 8
249 277 97
249 283 43
249 291 93
250 277 46
250 299 90
251 272 17
252 256 95
252 257 72
252 260 17
252 272 29
252 278 86
252 287 48
252 295 83
253 280 25
254 278 56
255 269 19
255 289 15
256 261 22
256 266 42
256 279 66
256 285 89
257 259 74
257 274 78
257 297 99
258 261 15
258 278 76
259 260 77
259 267 16
259 274 72
261 262 77
262 264 76
262 287 20
263 293 71
263 299 20
264 272 65
264 298 61
265 289 89
266 273 12
266 298 84
267 281 5
269 281 40
269 293 69
270 287 4
271 289 74
272 288 94
273 284 12
273 297 44
274 279 60
274 280 33
274 294 86
275 286 25
277 281 73
277 289 59
278 280 55
283 289 24
283 294 73
286 298 82
287 290 52
289 298 41
290 291 5
291 295 28
294 295 68
294 297 25
300 306 15
300 323 15
300 333 65
300 348 16
300 362 43
300 371 53
300 388 8
300 403 3
300 414 66
300 425 44
300 458 1
300 489 65
300 493 61
300 535 42
300 541 57
301 358 74
301 402 5
301 426 36
301 440 64
301 450 57
301 463 67
301 475 6
301 478 32
301 482 24
301 499 18
301 529 78
301 536 3
301 548 47
301 575 6
301 593 88
301 596 66
301 599 72
302 308 2
302 312 30
302 316 87
302 345 96
302 351 34
302 355 95
302 364 98
302 372 99
302 392 90
302 394 50
302 410 15
302 434 50
302 445 91
302 484 72
302 492 75
302 493 47
302 498 59
302 500 38
302 508 3
302 570 25
303 310 43
303 342 87
303 352 48
303 370 12
303 376 64
303 383 3
303 388 10
303 397 21
303 398 90
303 444 75
303 456 92
303 461 43
303 470 56
303 490 79
303 553 38
303 579 42
303 587 25
303 594 87
303 598 92
304 307 14
304 309 89
304 337 59
304 350 15
304 361 79
304 395 82
304 435 89
304 456 26
304 457 40
304 473 26
304 489 80
304 496 64
304 548 21
304 556 66
304 558 64
304 570 32
304 582 82
305 308 66
305 337 42
305 347 2
305 367 55
305 390 68
305 397 46
305 401 97
305 402 76
305 456 24
305 457 86
305 459 17
305 471 48
305 473 24
305 490 60
305 509 13
305 535 12
305 537 18
305 557 79
305 558 91
305 592 99
306 326 67
306 328 68
306 336 38
306 429 44
306 445 47
306 454 2
306 457 64
306 466 65
306 469 17
306 523 48
306 528 98
306 537 82
306 545 41
306 559 99
306 585 36
306 586 8
307 309 44
307 334 84
307 352 83
307 358 19
307 382 21
307 387 51
307 477 18
307 507 44
307 516 11
307 524 30
307 528 56
307 548 80
307 566 8
307 577 98
308 329 79
308 349 26
308 353 65
308 369 68
308 377 22
308 415 63
308 438 21
308 440 85
308 445 79
308 492 37
308 495 84
308 587 76
308 594 18
308 597 24
309 320 27
309 348 5
309 359 32
309 370 70
309 375 40
309 448 66
309 500 41
309 561 60
309 572 17
309 582 58
309 591 56
309 599 79
310 324 40
310 376 11
310 400 58
310 442 99
310 480 60
310 493 88
310 526 25
310 547 76
310 557 56
310 564 46
310 574 90
311 319 76
311 371 82
311 379 69
311 417 65
311 429 18
311 435 96
311 438 82
311 447 41
311 485 22
311 546 87
311 570 24
311 571 44
311 578 78
312 339 90
312 357 84
312 389 38
312 395 58
312 403 41
312 432 93
312 441 36
312 463 32
312 491 55
312 510 45
312 526 31
312 556 66
312 559 33
312 583 7
312 593 41
313 328 40
313 334 4
313 335 30
313 366 15
313 422 37
313 428 50
313 434 79
313 447 54
313 501 46
313 526 13
313 555 95
313 557 67
314 322 51
314 362 18
314 418 10
314 440 28
314 441 7
314 450 93
314 455 17
314 509 16
314 532 86
314 534 9
314 543 51
314 578 17
315 328 15
315 349 96
315 380 99
315 385 80
315 389 28
315 409 5
315 466 72
315 491 67
315 495 60
315 499 2
315 521 33
315 540 97
315 575 51
315 578 64
315 593 50
316 325 96
316 347 28
316 357 96
316 412 63
316 415 78
316 433 66
316 440 24
316 443 5
316 451 72
316 472 17
316 477 22
316 485 40
316 537 54
316 593 82
316 598 90
317 340 70
317 364 49
317 386 37
317 400 21
317 437 80
317 452 64
317 457 25
317 465 52
317 471 82
317 504 37
317 529 53
317 574 67
317 597 33
318 336 55
318 339 82
318 387 34
318 390 3
318 391 9
318 452 30
318 454 65
318 467 86
318 484 95
318 521 40
318 526 42
318 575 18
318 598 56
319 341 15
319 359 57
319 369 9
319 377 49
319 411 99
319 416 31
319 420 49
319 456 35
319 487 51
319 509 28
319 514 51
319 546 27
319 569 79
319 590 84
320 334 63
320 356 83
320 359 2
320 389 47
320 396 90
320 417 83
320 449 33
320 489 92
320 493 43
320 494 62
320 536 8
320 554 28
320 556 8
320 562 47
321 332 22
321 334 77
321 346 55
321 347 88
321 358 86
321 391 15
321 397 36
321 403 84
321 407 45
321 416 36
321 426 18
321 443 47
321 467 64
321 492 20
321 494 26
321 517 94
321 546 4
321 552 40
321 561 77
321 576 5
322 346 87
322 396 18
322 435 88
322 440 19
322 444 9
322 492 30
322 528 32
322 530 16
322 569 10
322 583 91
322 597 62
323 368 83
323 373 67
323 379 16
323 383 70
323 411 52
323 417 83
323 420 58
323 435 87
323 442 27
323 444 45
323 454 5
323 482 26
323 507 8
323 519 76
323 530 51
323 534 2
323 535 79
323 565 90
323 577 30
323 592 84
324 346 28
324 356 47
324 369 23
324 389 98
324 421 7
324 446 4
324 453 81
324 459 22
324 495 65
324 498 71
324 502 35
324 513 47
324 592 38
325 330 3
325 346 69
325 347 41
325 351 85
325 386 78
325 390 28
325 427 63
325 444 22
325 453 84
325 460 88
325 476 82
325 482 59
325 530 90
325 540 35
325 541 90
325 555 32
325 585 64
326 354 73
326 357 59
326 364 62
326 381 47
326 403 9
326 408 68
326 415 2
326 433 89
326 462 41
326 474 67
326 553 12
326 569 75
326 574 65
326 598 1
327 360 77
327 375 85
327 399 41
327 408 13
327 411 14
327 423 20
327 425 76
327 435 36
327 453 55
327 458 63
327 470 69
327 474 14
327 507 5
327 512 3
327 525 55
327 537 36
327 570 18
328 357 79
328 363 46
328 407 31
328 451 25
328 472 6
328 498 98
328 561 26
328 594 95
329 335 90
329 338 44
329 339 6
329 366 64
329 370 9
329 398 58
329 400 93
329 496 93
329 497 98
329 525 5
329 568 7
330 362 70
330 367 32
330 369 94
330 383 24
330 394 47
330 410 62
330 438 89
330 460 51
330 477 16
330 480 43
330 489 38
330 525 33
330 552 21
330 574 83
331 333 63
331 343 97
331 346 89
331 376 12
331 389 23
331 394 35
331 400 1
331 401 66
331 473 92
331 496 16
331 501 26
331 505 49
331 553 8
331 562 19
331 577 98
332 334 65
332 350 77
332 355 67
332 375 48
332 380 70
332 401 43
332 417 94
332 442 83
332 459 31
332 467 96
332 499 98
332 508 26
332 514 33
332 516 30
332 518 46
332 570 16
332 590 44
333 348 95
333 403 56
333 404 55
333 433 69
333 434 42
333 448 7
333 479 34
333 486 33
333 521 22
333 561 12
333 569 81
333 577 82
333 597 30
334 366 30
334 379 46
334 423 6
334 435 97
334 456 45
334 462 27
334 469 39
334 480 39
334 481 9
334 500 21
334 502 34
334 504 58
334 521 46
334 529 67
334 579 87
334 597 44
335 344 34
335 351 82
335 370 38
335 403 41
335 408 88
335 479 6
335 495 82
335 551 94
335 554 91
335 569 14
336 356 67
336 368 2
336 370 46
336 374 48
336 387 83
336 411 75
336 462 45
336 470 40
336 486 23
336 505 90
336 516 66
336 557 13
336 588 80
336 591 26
337 342 86
337 362 13
337 370 83
337 371 31
337 389 31
337 394 21
337 404 26
337 405 16
337 434 2
337 443 15
337 478 56
337 489 41
337 496 20
337 500 89
337 516 34
337 554 63
337 565 54
337 595 1
338 340 16
338 408 99
338 427 100
338 483 51
338 523 26
339 347 45
339 413 90
339 414 100
339 424 86
339 437 8
339 451 65
339 485 65
339 519 85
339 523 50
339 524 77
339 532 68
339 559 32
339 561 60
339 573 40
339 575 58
340 350 27
340 351 94
340 373 72
340 428 35
340 445 34
340 464 44
340 477 23
340 490 20
340 508 6
340 510 77
340 512 72
340 522 73
340 541 27
340 561 71
341 370 23
341 409 4
341 419 67
341 428 13
341 439 56
341 441 52
341 457 72
341 460 20
341 515 16
341 523 56
341 567 69
341 573 45
341 580 75
342 403 100
342 430 56
342 479 15
342 539 57
343 353 82
343 366 8
343 398 81
343 425 16
343 444 41
343 487 24
343 522 39
343 523 12
343 544 81
343 545 15
343 564 83
343 568 53
343 595 93
344 350 6
344 358 28
344 381 97
344 417 72
344 422 40
344 429 52
344 441 76
344 449 63
344 467 23
344 493 43
344 495 18
344 499 91
344 513 87
344 565 93
344 566 42
344 574 42
344 584 7
344 589 51
345 348 24
345 360 66
345 382 31
345 392 91
345 399 58
345 424 6
345 439 29
345 440 70
345 456 86
345 509 95
345 555 4
345 572 90
345 577 88
345 578 9
345 587 17
345 592 36
345 594 33
345 598 8
346 358 39
346 363 8
346 404 70
346 454 61
346 473 50
346 485 40
346 506 3
346 511 89
346 595 84
347 370 44
347 387 82
347 419 42
347 426 46
347 430 5
347 441 7
347 453 76
347 481 96
347 494 64
347 536 33
347 539 76
347 571 85
347 585 70
347 587 23
348 370 89
348 371 60
348 395 62
348 464 49
348 468 28
348 483 97
348 501 81
348 513 36
348 514 87
348 516 40
348 517 57
348 519 47
348 536 42
348 547 96
348 550 1
348 571 30
348 578 79
349 370 44
349 371 11
349 381 20
349 395 42
349 414 68
349 423 78
349 424 17
349 511 15
349 571 94
349 572 2
349 573 42
349 583 30
349 584 71
349 586 64
349 595 18
350 374 30
350 380 25
350 393 19
350 397 58
350 426 73
350 442 51
350 447 45
350 467 59
350 468 43
350 484 53
350 500 57
350 584 84
351 392 1
351 410 57
351 411 65
351 417 31
351 428 53
351 437 75
351 441 3
351 448 94
351 489 94
351 515 80
351 562 62
352 382 60
352 409 73
352 421 63
352 427 2
352 453 3
352 548 34
352 574 65
353 357 72
353 372 15
353 374 42
353 415 42
353 422 24
353 445 14
353 446 93
353 449 20
353 501 73
353 508 35
353 576 73
353 598 29
354 361 70
354 384 73
354 412 38
354 415 34
354 436 3
354 458 90
354 477 60
354 492 5
354 494 83
354 514 6
354 543 37
354 568 96
355 358 65
355 370 61
355 372 59
355 381 18
355 401 15
355 402 44
355 424 83
355 452 39
355 492 58
355 501 24
355 538 80
355 562 34
355 567 89
355 587 24
355 589 53
355 596 61
356 372 10
356 374 25
356 393 42
356 424 79
356 435 49
356 442 79
356 457 64
356 464 52
356 550 20
356 554 24
356 570 8
356 590 2
357 369 81
357 397 44
357 425 49
357 436 45
357 442 5
357 469 7
357 481 63
357 489 19
357 492 2
357 495 97
357 505 57
357 568 60
357 580 72
357 591 89
358 364 45
358 374 60
358 395 12
358 410 97
358 434 73
358 435 22
358 504 74
358 545 14
358 557 52
358 572 22
358 586 44
359 367 16
359 381 25
359 401 63
359 407 39
359 427 85
359 434 16
359 440 19
359 443 28
359 444 64
359 447 15
359 468 84
359 478 23
359 536 29
360 375 55
360 376 24
360 390 25
360 397 63
360 399 35
360 417 96
360 419 51
360 454 79
360 462 8
360 468 15
360 499 76
360 514 80
360 555 36
360 586 1
360 591 45
360 594 87
360 597 22
361 401 88
361 443 2
361 448 99
361 459 2
361 486 92
361 496 83
361 500 69
361 511 62
361 515 62
361 524 32
361 548 29
361 560 46
361 563 6
361 569 57
361 570 52
362 376 30
362 414 82
362 462 14
362 463 16
362 468 29
362 473 17
362 521 95
362 550 88
362 556 31
362 559 22
363 405 67
363 431 18
363 438 22
363 454 63
363 455 56
363 488 95
363 497 2
363 512 10
363 557 45
363 586 3
364 376 53
364 378 27
364 390 71
364 394 15
364 400 89
364 407 55
364 442 43
364 490 86
364 529 60
364 553 51
364 557 37
364 562 41
364 569 84
364 584 2
365 406 57
365 453 13
365 474 70
365 487 3
365 538 52
365 564 100
366 377 76
366 395 71
366 413 69
366 442 97
366 499 33
366 532 25
366 557 43
366 566 35
367 371 86
367 395 88
367 399 89
367 406 38
367 425 66
367 457 12
367 491 4
367 512 54
367 513 66
367 526 46
367 554 91
367 580 77
368 376 49
368 437 79
368 443 70
368 537 32
368 562 81
368 593 78
369 376 96
369 386 2
369 400 80
369 404 48
369 407 2
369 411 55
369 431 18
369 440 22
369 441 3
369 452 2
369 471 98
369 512 45
369 517 36
369 535 83
369 564 84
369 574 77
369 577 21
370 403 50
370 404 88
370 423 24
370 437 55
370 439 5
370 526 22
370 545 46
370 550 81
370 557 22
371 373 24
371 389 50
371 424 53
371 449 56
371 453 79
371 468 49
371 469 58
371 477 58
371 486 48
371 500 11
371 504 64
371 511 17
371 526 84
371 536 66
371 556 18
371 558 82
371 565 63
372 375 6
372 394 16
372 398 46
372 473 82
372 495 88
372 520 47
372 543 69
372 565 12
372 595 2
373 380 73
373 398 85
373 448 99
373 465 5
373 503 6
373 508 74
373 515 7
373 529 10
373 535 30
373 564 85
373 577 58
374 401 39
374 408 95
374 431 57
374 458 1
374 482 58
374 484 73
374 485 84
374 488 76
374 517 91
374 544 17
374 581 90
374 585 96
374 595 33
375 390 87
375 392 77
375 395 20
375 444 34
375 468 97
375 490 83
375 495 87
375 520 21
375 528 19
375 535 85
375 568 77
375 572 24
375 597 58
376 389 83
376 409 34
376 418 39
376 430 20
376 448 43
376 502 29
376 506 66
376 514 100
376 533 29
376 544 23
376 552 24
376 574 65
376 585 50
376 592 14
376 598 81
377 387 39
377 391 61
377 462 13
377 491 26
377 502 37
377 543 85
377 548 59
377 552 85
377 583 67
377 585 97
377 598 57
377 599 86
378 399 81
378 402 34
378 432 61
378 444 90
378 450 68
378 530 46
378 536 81
378 542 39
378 565 41
378 581 9
378 597 4
379 388 40
379 389 90
379 472 79
379 483 15
379 498 54
379 526 28
379 529 29
379 530 34
379 532 19
379 542 89
379 543 99
379 549 44
379 567 78
379 574 83
379 578 54
379 588 14
380 396 1
380 409 50
380 417 71
380 435 86
380 487 30
380 494 56
380 499 99
380 519 71
380 541 23
380 554 44
380 556 51
380 562 14
380 577 84
380 578 12
381 447 17
381 472 75
381 477 1
381 494 47
381 517 90
381 518 6
381 528 75
381 542 70
381 561 39
381 562 93
382 405 58
382 408 89
382 412 88
382 415 87
382 437 23
382 442 41
382 448 1
382 455 24
382 516 90
382 540 23
382 549 61
382 588 71
383 445 78
383 449 59
383 461 93
383 543 52
383 572 55
384 405 44
384 436 65
384 455 38
384 462 7
384 495 34
384 505 65
384 507 7
384 554 80
384 565 54
384 580 12
384 592 6
384 593 23
384 594 2
385 414 50
385 458 32
385 459 43
385 462 37
385 527 19
385 552 65
386 405 77
386 413 71
386 415 88
386 443 18
386 465 93
386 477 49
386 497 88
386 562 70
386 590 59
387 421 33
387 422 73
387 425 13
387 456 28
387 551 38
387 562 51
387 592 34
388 393 71
388 407 15
388 453 92
388 494 2
388 503 20
388 507 55
388 548 8
388 568 94
389 403 56
389 404 57
389 447 25
389 465 50
389 472 94
389 514 95
389 545 15
389 547 22
389 551 65
389 565 2
389 570 40
389 573 9
390 403 2
390 409 79
390 415 30
390 418 61
390 425 11
390 427 3
390 493 25
390 496 90
390 499 92
390 514 27
390 529 23
390 548 62
390 551 93
390 572 14
390 582 15
390 597 12
391 413 68
391 453 22
391 455 5
391 467 76
392 397 31
392 416 82
392 420 25
392 440 76
392 441 28
392 442 91
392 475 97
392 519 93
392 521 45
392 523 88
392 531 53
392 542 46
392 589 19
393 395 83
393 416 58
393 422 81
393 424 85
393 434 83
393 457 71
393 460 76
393 476 61
393 482 93
393 486 89
393 515 54
393 527 59
393 532 3
393 542 65
393 550 26
393 583 77
394 407 22
394 414 53
394 452 59
394 454 55
394 460 30
394 517 34
394 531 82
394 537 20
395 399 30
395 411 26
395 458 64
395 459 70
395 460 79
395 465 62
395 476 88
395 517 61
395 533 71
395 543 68
395 547 45
395 565 5
395 583 38
395 588 72
396 419 66
396 438 83
396 459 60
396 468 19
396 489 41
396 499 14
396 516 83
396 549 18
396 577 90
396 592 56
397 406 23
397 416 100
397 435 10
397 443 4
397 474 33
398 446 92
398 457 23
398 485 15
398 512 69
398 582 39
398 597 84
399 416 47
399 421 52
399 456 23
399 461 7
399 481 22
399 483 90
399 509 51
399 511 27
399 518 80
399 547 22
399 559 92
399 570 62
399 579 33
399 592 62
400 413 54
400 514 47
400 555 96
400 567 71
400 590 88
401 430 52
401 487 45
401 501 88
401 528 13
401 533 48
401 545 20
401 579 56
402 448 23
402 521 86
402 537 25
402 544 13
402 546 69
402 581 71
402 594 64
403 476 91
403 498 78
403 504 37
403 509 33
403 532 80
403 536 15
403 547 12
403 558 54
403 576 58
403 584 25
404 417 38
404 441 19
404 467 78
404 485 84
404 496 15
404 537 100
404 542 24
404 565 18
404 579 45
405 417 63
405 444 30
405 476 92
405 483 34
405 512 86
405 514 66
405 535 20
405 537 62
405 557 78
405 566 40
405 581 32
405 591 41
406 413 31
406 434 61
406 451 78
406 487 63
406 489 93
406 490 44
406 491 26
406 513 46
406 532 2
406 549 2
406 553 83
406 595 20
406 596 31
407 409 19
407 448 34
407 462 82
407 466 94
407 538 3
407 557 26
407 582 56
407 588 33
407 589 70
407 597 41
408 409 70
408 419 35
408 444 60
408 492 31
408 533 13
408 556 100
408 579 14
409 424 5
409 427 82
409 447 75
409 468 34
409 477 96
409 517 67
409 550 78
409 585 73
410 412 64
410 420 79
410 453 74
410 487 98
410 492 50
410 529 4
410 532 68
410 564 84
410 582 37
410 584 13
411 430 38
411 436 63
411 442 20
411 452 70
411 462 84
411 511 61
411 513 39
411 542 70
411 554 72
411 580 21
412 436 34
412 440 71
412 464 35
412 509 91
412 541 4
412 547 61
412 563 24
412 566 99
412 574 79
412 580 53
413 428 23
413 442 94
413 463 31
413 490 96
413 523 91
413 530 81
413 538 51
414 424 11
414 463 16
414 520 88
414 526 23
414 562 53
414 571 2
414 583 43
414 598 75
415 416 37
415 429 55
415 487 65
415 489 58
415 491 26
415 499 86
416 417 44
416 439 49
416 445 72
416 448 34
416 455 52
416 496 32
416 504 57
416 510 3
416 521 62
416 534 10
416 567 25
416 582 55
417 476 92
417 480 73
417 507 97
417 509 24
417 529 75
417 563 7
417 565 39
417 579 14
417 580 82
418 464 44
418 467 67
418 485 76
418 491 18
418 493 55
418 544 30
418 546 82
418 555 13
418 575 55
418 584 19
418 590 56
419 422 3
419 429 90
419 478 89
419 492 55
419 498 73
419 506 97
419 514 9
419 534 34
419 535 58
419 564 85
419 575 88
419 596 2
420 422 9
420 428 85
420 435 25
420 462 84
420 478 43
420 489 16
420 506 49
420 519 24
420 529 11
420 574 16
420 577 51
421 430 80
421 431 22
421 438 80
421 445 13
421 471 34
421 473 35
421 521 32
421 527 41
421 544 37
421 593 21
422 428 29
422 430 43
422 519 46
422 538 78
422 551 3
422 584 79
422 592 87
423 428 88
423 489 19
423 509 88
423 517 96
423 580 3
424 426 65
424 436 31
424 448 97
424 465 80
424 513 80
424 521 73
424 563 90
424 575 47
425 429 23
425 441 21
425 458 68
425 493 3
425 495 33
425 501 54
425 537 37
425 543 64
425 572 94
425 579 25
426 446 37
426 458 75
426 465 20
426 475 82
426 527 4
426 530 22
426 558 60
426 574 90
426 579 61
426 598 78
427 469 30
427 507 9
427 528 32
427 547 94
427 553 91
427 573 81
427 593 25
428 470 22
428 508 53
428 510 66
428 522 68
428 525 75
428 541 86
428 585 88
429 449 77
429 475 18
429 482 93
429 499 65
429 512 82
429 530 86
429 534 42
429 594 70
430 432 12
430 433 13
430 437 51
430 459 15
430 525 86
430 545 62
430 546 57
430 560 47
430 564 92
430 570 86
430 582 7
430 593 75
430 599 31
431 432 97
431 448 55
431 456 55
431 468 19
431 485 7
431 517 20
431 518 38
431 520 34
431 521 5
431 534 77
431 552 62
431 563 22
431 568 69
431 581 27
432 478 55
432 495 7
432 538 20
432 541 24
432 562 18
432 571 32
432 572 26
432 579 85
432 589 17
433 441 88
433 461 41
433 474 15
433 487 31
433 528 78
433 538 73
433 586 5
434 460 8
434 480 70
434 507 60
434 518 62
434 519 40
434 543 18
434 552 81
434 571 77
435 438 51
435 451 37
435 485 6
435 526 13
435 552 10
435 595 74
436 447 91
436 492 65
436 495 32
436 496 62
436 518 40
436 579 2
437 480 93
437 481 66
437 572 86
437 573 61
437 581 5
438 451 78
438 464 28
438 474 35
438 482 55
438 519 100
438 523 91
438 529 62
438 537 21
438 552 50
438 555 23
438 576 12
438 596 20
439 446 55
439 477 89
439 498 70
439 499 43
439 501 46
439 512 34
439 526 52
439 533 71
439 539 24
439 566 68
439 580 3
440 481 85
440 508 60
440 540 4
440 554 29
440 560 25
440 561 41
440 562 42
440 579 81
441 455 18
441 459 21
441 464 15
441 501 72
441 521 72
441 531 5
441 555 33
441 561 45
442 490 7
442 514 7
442 551 56
442 589 26
443 452 13
443 510 96
443 512 47
443 535 55
443 537 41
443 551 81
443 571 58
443 581 12
444 525 56
444 535 26
444 570 14
444 578 93
444 583 85
445 451 69
445 461 73
445 468 61
445 491 9
445 520 66
445 575 41
445 584 26
446 455 86
446 459 7
446 464 49
446 496 58
447 465 63
447 473 33
447 490 54
447 493 21
447 535 39
447 579 9
448 471 98
448 474 3
448 537 5
448 567 97
448 575 57
449 469 45
449 481 77
449 516 14
449 532 8
449 560 84
449 561 91
449 565 73
449 569 28
450 463 75
450 468 41
450 494 1
450 519 87
450 525 1
450 552 66
450 558 79
450 577 78
450 588 4
450 597 85
450 599 26
451 456 13
451 473 100
451 484 58
451 485 66
451 507 20
451 535 48
451 562 74
451 576 70
451 587 50
452 518 78
452 524 66
452 557 6
452 576 75
452 591 94
453 478 72
453 481 82
453 495 77
453 518 62
453 553 55
453 569 57
453 587 89
453 594 47
454 458 57
454 477 27
454 495 48
454 513 74
454 542 6
454 546 25
454 572 29
454 574 42
454 581 3
454 588 41
455 456 41
455 463 60
455 489 58
455 516 13
455 517 8
455 526 32
455 536 34
455 565 9
456 458 61
456 459 99
456 474 67
456 505 87
456 518 92
456 540 38
456 556 69
456 574 20
456 596 51
457 471 75
457 473 28
457 506 91
457 558 73
458 521 36
458 537 70
458 550 20
458 573 10
458 586 75
459 482 97
459 484 90
459 526 16
459 565 51
459 581 31
459 588 9
459 597 10
460 495 88
460 498 73
460 500 69
460 504 71
460 524 6
460 540 30
460 553 32
460 565 56
461 481 96
461 513 70
461 517 99
461 541 85
461 542 90
461 544 18
461 551 87
461 555 64
461 566 98
462 491 78
462 512 89
462 519 33
462 526 47
462 527 60
462 534 42
462 567 73
462 585 56
463 490 84
463 505 40
463 522 58
463 523 14
463 543 48
463 567 68
463 568 53
463 573 72
463 574 88
463 591 24
463 592 77
463 593 17
463 599 7
464 472 84
464 528 64
464 531 76
464 568 82
464 569 48
464 583 18
465 483 52
465 541 35
465 581 81
466 483 49
466 508 64
466 583 21
467 470 81
467 482 62
467 511 81
467 579 75
468 471 34
468 475 88
468 476 58
468 520 73
468 522 46
468 523 71
468 553 73
469 473 65
469 477 75
469 492 44
469 520 52
469 554 98
469 590 73
470 480 21
470 489 56
470 490 56
470 524 84
470 548 84
471 506 38
471 565 84
471 573 1
471 579 89
471 586 70
472 484 33
472 492 89
472 498 33
472 515 54
472 590 69
472 594 94
473 490 34
473 501 43
473 554 79
473 597 21
474 510 100
474 533 3
474 561 18
474 569 22
474 581 75
474 588 82
475 547 97
475 552 71
475 580 86
475 594 46
475 596 95
476 497 6
476 499 54
476 515 50
476 527 41
476 544 89
476 546 39
476 591 76
476 592 89
477 498 79
477 512 45
477 537 73
477 538 67
477 581 77
478 529 78
478 548 36
478 568 22
479 519 63
479 522 30
479 529 52
479 546 36
479 561 82
480 528 55
480 534 53
480 550 3
480 565 81
480 568 35
480 569 51
480 581 3
481 506 20
481 597 49
482 500 97
482 514 77
482 524 2
482 556 99
482 582 69
483 526 42
483 566 89
483 570 45
483 576 30
483 582 68
483 588 41
484 488 54
484 489 86
484 542 70
484 544 32
484 571 73
484 580 91
484 582 94
485 491 3
485 537 95
485 542 29
485 545 36
485 553 1
486 531 82
486 539 38
486 540 81
486 559 68
486 563 41
486 568 84
486 595 39
487 501 89
487 505 32
487 508 15
487 516 42
487 519 30
487 570 35
487 571 83
487 580 71
487 583 31
488 494 64
488 501 38
488 549 72
488 572 69
489 491 75
489 500 41
489 511 100
489 523 48
489 531 83
489 542 46
489 558 2
489 565 77
490 513 26
490 562 89
490 567 77
490 577 59
491 509 26
491 520 10
491 539 26
491 542 18
491 566 45
491 583 16
492 534 58
492 560 76
492 575 30
492 589 51
492 593 58
493 516 17
493 527 85
493 537 28
493 547 47
493 550 48
493 576 17
494 503 18
494 567 69
494 580 43
494 593 58
495 526 20
495 534 42
495 555 93
495 587 65
496 504 95
496 505 21
496 514 43
496 521 83
496 599 98
497 501 1
497 515 61
497 558 59
497 583 79
497 585 78
498 504 3
498 526 94
498 532 36
498 537 30
498 540 76
498 561 86
499 529 87
499 541 92
499 546 71
499 557 66
499 585 38
500 505 70
500 529 34
500 530 56
500 534 90
500 539 77
500 556 65
501 560 10
501 569 18
501 583 57
501 586 74
502 514 13
502 523 78
502 537 68
503 518 95
503 547 27
503 585 69
503 591 55
504 520 85
504 521 47
504 532 85
504 539 87
504 558 40
505 517 20
505 544 68
505 556 15
505 557 57
505 566 55
505 585 6
505 591 79
506 537 72
506 540 96
506 545 1
506 547 6
506 591 51
507 511 90
507 514 82
507 515 15
507 534 99
507 573 51
507 589 24
508 512 25
508 543 63
508 595 53
508 597 92
509 560 10
509 591 79
510 554 12
510 569 64
511 527 15
512 519 10
512 533 48
512 538 53
512 543 50
512 569 19
513 562 20
513 564 16
513 581 28
513 583 26
513 589 74
513 596 6
514 572 98
514 594 21
515 532 58
515 570 55
515 590 71
516 553 48
516 555 88
516 556 37
516 576 98
516 586 38
516 597 12
517 536 74
517 568 53
518 546 64
518 547 18
518 551 62
518 583 94
519 538 29
519 542 25
519 544 8
519 573 39
519 583 25
521 547 60
521 554 40
521 560 95
522 531 80
522 591 7
523 534 22
523 546 57
523 550 32
523 556 80
523 562 54
523 565 52
523 574 89
523 585 60
524 538 74
524 581 88
524 589 47
525 541 11
525 563 86
525 571 85
525 583 22
525 589 11
527 533 37
527 553 38
527 557 28
527 559 98
527 570 31
527 575 9
527 595 74
527 598 39
528 545 99
528 553 50
528 555 50
528 563 38
528 572 97
528 581 81
529 538 96
529 577 70
529 582 38
529 583 28
530 539 1
530 544 43
530 554 31
530 556 90
530 567 3
530 580 5
531 554 77
532 559 49
532 562 67
532 583 62
532 592 85
533 537 40
533 544 25
534 537 73
534 552 77
534 584 52
535 559 22
535 563 8
535 572 12
535 578 48
535 587 98
535 596 10
536 570 49
536 577 47
536 585 47
536 588 45
537 548 28
537 549 95
537 588 15
537 590 65
538 542 22
538 554 15
538 566 7
538 574 4
538 583 56
538 585 61
539 573 8
539 575 33
539 577 10
539 590 74
540 567 46
541 567 46
541 568 14
541 577 70
542 566 19
542 574 42
542 586 22
543 544 40
543 568 49
543 569 85
543 580 87
543 597 98
544 565 95
545 556 36
545 561 45
545 565 41
545 570 32
545 575 24
545 590 35
546 557 98
546 586 40
547 574 8
547 577 13
547 588 98
548 557 12
548 566 68
548 577 59
550 551 71
550 581 52
551 573 20
551 588 97
552 578 98
552 583 65
552 591 62
553 558 67
553 585 35
553 590 3
555 562 40
555 567 75
555 581 4
555 590 25
556 588 13
557 570 1
557 575 19
558 562 100
559 560 97
560 564 11
560 592 84
560 593 20
561 562 98
561 564 81
561 587 11
562 572 5
564 595 45
565 581 9
565 599 68
566 588 65
567 590 67
567 598 91
568 584 16
569 570 86
569 586 87
570 585 13
570 591 2
572 591 48
572 594 32
573 577 37
573 580 2
573 597 71
575 589 63
576 590 5
576 592 47
578 582 27
578 583 58
579 582 65
580 599 27
583 586 54
586 599 28
590 592 62
591 598 26
600 299 78
601 599 16
600 601 94
602 624 92
602 630 41
602 641 47
602 668 50
602 716 85
602 717 72
602 724 77
602 727 24
602 758 19
602 821 89
602 825 93
602 852 54
602 875 6
602 887 37
603 608 96
603 645 67
603 646 76
603 661 78
603 674 26
603 682 63
603 708 8
603 742 49
603 745 25
603 767 17
603 787 57
603 803 83
603 817 59
603 846 45
603 852 100
603 859 66
604 621 61
604 634 92
604 645 7
604 655 8
604 656 93
604 714 43
604 742 31
604 761 69
604 770 66
604 870 49
604 893 57
605 617 10
605 618 54
605 628 62
605 636 98
605 655 1
605 692 81
605 707 73
605 723 78
605 738 58
605 764 88
605 818 37
605 824 6
605 870 12
605 874 6
605 885 14
605 893 46
606 610 64
606 636 58
606 647 46
606 655 30
606 656 19
606 666 37
606 702 88
606 708 78
606 743 29
606 779 30
606 789 60
606 794 49
606 833 47
606 895 8
607 616 6
607 623 8
607 640 14
607 679 19
607 710 6
607 716 14
607 745 51
607 768 30
607 808 44
607 862 8
608 625 69
608 627 80
608 643 66
608 660 33
608 672 85
608 677 79
608 698 78
608 704 1
608 722 89
608 723 23
608 728 30
608 757 7
608 773 11
608 814 69
608 838 36
608 854 91
608 872 98
608 882 95
608 885 40
609 618 96
609 626 54
609 677 97
609 716 3
609 732 19
609 738 15
609 766 60
609 812 33
609 847 18
609 861 90
609 882 28
609 892 77
609 897 58
610 713 7
610 730 42
610 770 90
610 776 44
610 817 73
610 824 20
610 832 44
610 849 61
610 857 42
610 872 25
610 877 19
610 894 53
610 895 93
610 899 6
611 664 43
611 703 42
611 710 52
611 755 34
611 801 89
611 806 5
611 816 30
611 818 91
611 823 76
611 827 97
611 853 51
611 854 8
611 898 14
612 634 92
612 640 87
612 644 90
612 650 49
612 700 93
612 721 84
612 722 91
612 769 88
612 792 8
612 796 10
612 813 83
612 836 68
612 868 3
612 878 59
612 897 38
613 635 7
613 646 3
613 649 95
613 678 2
613 683 44
613 691 46
613 708 35
613 737 32
613 780 2
613 783 65
613 849 75
613 873 77
613 882 61
613 886 77
614 619 36
614 696 74
614 705 68
614 758 22
614 783 15
614 854 68
614 862 67
615 662 98
615 669 10
615 674 6
615 677 5
615 690 71
615 714 89
615 724 24
615 725 74
615 746 47
615 812 13
615 819 32
615 829 2
615 881 7
616 620 33
616 667 45
616 672 4
616 676 68
616 723 29
616 817 58
616 821 84
616 844 55
616 855 34
616 883 44
616 884 31
616 886 22
617 624 69
617 629 50
617 673 95
617 687 83
617 699 69
617 711 61
617 731 81
617 746 31
617 783 67
617 801 37
617 808 1
617 814 7
617 820 61
617 855 26
617 865 5
617 878 73
617 880 58
618 620 6
618 668 32
618 680 90
618 685 3
618 732 35
618 749 9
618 777 31
618 785 44
618 810 92
618 811 37
618 836 30
618 840 35
618 898 67
619 627 51
619 637 55
619 646 68
619 686 45
619 717 38
619 732 88
619 748 58
619 769 70
619 774 18
619 775 76
619 789 6
619 794 19
619 803 34
619 840 18
619 850 96
619 857 38
619 876 43
619 886 53
620 621 96
620 622 74
620 641 95
620 655 98
620 665 60
620 682 55
620 684 80
620 738 4
620 740 47
620 743 16
620 795 33
620 798 33
620 844 34
620 850 35
620 855 40
620 856 53
621 683 31
621 723 77
621 761 40
621 774 88
621 790 98
621 797 58
621 821 15
621 854 55
621 873 28
621 879 48
621 883 73
622 646 23
622 656 38
622 672 15
622 691 28
622 694 85
622 781 40
622 784 74
622 789 34
622 798 99
622 810 80
622 820 13
622 831 54
622 843 26
622 860 80
622 868 38
622 870 11
622 871 65
622 880 72
622 895 50
622 901 69
623 625 55
623 633 78
623 634 8
623 701 42
623 720 27
623 746 17
623 767 9
623 772 81
623 791 44
623 808 8
623 814 53
623 822 19
623 827 97
624 629 67
624 630 98
624 635 81
624 639 6
624 680 23
624 707 14
624 720 57
624 759 2
624 787 78
624 837 62
624 851 80
624 873 9
624 879 100
624 884 42
624 892 25
625 628 23
625 634 91
625 651 93
625 665 77
625 717 20
625 756 53
625 763 71
625 825 46
625 875 69
625 895 79
626 627 26
626 658 65
626 681 86
626 700 31
626 738 35
626 769 35
626 799 49
626 802 32
626 841 15
626 851 55
626 855 54
626 856 29
626 859 63
626 861 55
627 634 58
627 645 24
627 653 34
627 665 19
627 681 23
627 682 75
627 720 43
627 721 46
627 740 17
627 749 36
627 767 74
627 768 88
627 782 40
627 836 44
627 856 85
627 896 8
628 631 22
628 677 63
628 681 24
628 685 60
628 710 93
628 717 58
628 735 94
628 768 41
628 799 89
628 815 60
628 821 47
628 826 94
628 830 40
628 850 9
628 897 49
629 653 98
629 658 85
629 664 34
629 666 16
629 689 59
629 705 61
629 726 10
629 762 56
629 773 29
629 781 45
629 787 30
629 814 69
629 842 36
629 843 73
629 883 53
630 651 44
630 657 47
630 669 15
630 678 67
630 704 6
630 709 7
630 724 25
630 728 51
630 734 100
630 738 65
630 745 10
630 754 46
630 780 59
630 800 2
630 806 7
630 814 59
630 832 99
630 838 91
630 851 44
630 863 66
630 895 49
630 897 56
630 898 75
631 662 5
631 671 85
631 672 72
631 683 34
631 692 5
631 693 7
631 712 58
631 727 57
631 792 2
631 809 4
631 832 24
631 843 21
631 854 9
632 642 82
632 645 97
632 662 11
632 686 81
632 695 61
632 721 73
632 735 27
632 752 71
632 763 74
632 768 33
632 770 81
632 841 24
632 860 75
632 893 25
632 896 41
633 648 23
633 659 80
633 663 15
633 666 79
633 693 16
633 703 38
633 770 64
633 772 20
634 655 97
634 659 22
634 664 29
634 680 98
634 702 25
634 708 52
634 715 18
634 718 86
634 749 33
634 772 66
634 796 96
634 841 66
634 854 27
634 872 20
634 882 92
635 671 49
635 742 93
635 743 76
635 773 30
635 786 68
635 817 50
635 819 54
635 850 8
635 854 24
635 860 85
635 862 75
635 882 3
635 883 1
636 676 12
636 714 66
636 717 72
636 759 8
636 795 39
636 889 100
636 898 58
637 642 64
637 662 3
637 704 27
637 723 49
637 745 36
637 750 93
637 768 96
637 812 1
637 813 71
637 828 68
637 853 44
637 858 19
637 860 12
637 897 71
638 641 100
638 675 80
638 683 20
638 727 53
638 755 87
638 756 95
638 773 90
638 803 61
638 826 49
638 828 42
638 837 25
638 889 67
638 897 13
639 663 84
639 676 5
639 753 65
639 763 41
639 782 68
639 787 67
639 803 68
639 840 68
639 860 54
640 644 60
640 664 16
640 721 54
640 723 82
640 804 83
640 811 49
640 848 100
640 851 94
640 857 19
640 878 100
641 683 25
641 698 38
641 751 4
641 757 64
641 788 85
641 789 45
641 865 76
641 888 33
642 648 86
642 687 100
642 746 99
642 756 51
642 779 84
642 784 4
642 797 15
642 809 76
642 811 23
642 877 81
643 675 95
643 697 91
643 720 35
643 752 54
643 766 58
643 802 40
643 816 35
643 859 40
643 892 89
644 664 87
644 677 85
644 732 7
644 737 38
644 738 10
644 747 97
644 766 93
644 861 73
644 875 81
644 886 38
645 652 100
645 654 65
645 655 23
645 663 100
645 672 64
645 684 73
645 712 35
645 737 67
645 756 39
645 800 10
645 804 89
645 827 20
645 842 57
645 864 31
645 865 6
645 876 10
645 877 88
646 647 45
646 701 97
646 717 79
646 720 85
646 729 35
646 732 16
646 749 44
646 784 72
646 866 77
646 879 40
647 661 64
647 670 1
647 674 72
647 682 53
647 734 100
647 748 36
647 755 76
647 757 51
647 783 51
647 786 100
647 815 85
647 816 69
647 835 39
647 851 47
647 859 58
647 863 10
647 871 3
647 881 40
647 888 15
648 678 64
648 722 80
648 725 11
648 727 12
648 732 10
648 794 96
648 830 98
648 882 77
649 664 39
649 708 21
649 712 53
649 719 30
649 749 37
649 775 5
649 802 53
649 811 89
649 812 5
649 825 40
649 838 16
649 843 55
650 658 91
650 705 16
650 710 92
650 712 59
650 737 6
650 745 90
650 764 68
650 767 15
650 789 44
650 796 60
650 804 81
650 805 7
650 826 91
650 828 91
650 831 71
650 843 100
650 857 38
650 858 68
650 870 77
651 685 28
651 687 41
651 693 81
651 704 57
651 708 77
651 710 86
651 785 61
651 792 65
651 834 42
651 867 1
652 698 81
652 757 48
652 780 43
652 809 48
652 810 39
652 825 53
652 833 53
652 866 80
652 876 73
652 880 67
653 656 23
653 658 32
653 659 47
653 667 82
653 670 74
653 678 89
653 685 4
653 708 73
653 787 27
653 811 23
653 846 1
653 879 54
653 887 63
653 897 34
653 899 63
654 655 39
654 675 71
654 726 23
654 731 4
654 765 12
654 793 75
654 818 36
654 823 59
654 824 69
654 829 83
654 836 50
654 870 22
654 888 35
654 899 81
655 662 46
655 666 1
655 669 4
655 679 29
655 692 99
655 699 37
655 706 2
655 719 87
655 720 40
655 791 26
655 814 13
655 817 62
655 897 79
656 658 19
656 693 25
656 752 12
656 759 81
656 761 15
656 766 34
656 776 55
656 778 18
656 789 45
656 835 30
656 842 5
656 887 55
656 900 50
657 670 87
657 683 56
657 705 71
657 747 21
657 774 37
657 779 68
657 791 73
657 797 92
657 805 96
657 808 71
657 835 28
657 836 97
657 838 10
657 877 19
658 665 23
658 713 74
658 738 80
658 741 53
658 824 92
658 843 56
658 851 16
658 867 24
659 698 71
659 752 49
659 761 79
659 767 40
659 808 93
659 848 60
659 881 45
659 885 99
659 888 9
660 661 31
660 701 7
660 703 32
660 742 4
660 753 43
660 778 99
660 781 76
660 793 86
660 804 95
660 806 99
660 855 13
660 861 43
660 899 8
661 665 31
661 669 17
661 677 33
661 718 62
661 729 69
661 738 25
661 771 18
661 831 84
661 865 48
661 871 40
661 881 32
661 887 26
662 689 79
662 740 76
662 753 37
662 807 75
662 810 27
662 841 46
662 848 6
662 852 33
662 858 77
662 886 9
662 889 27
662 891 75
663 702 36
663 705 12
663 723 21
663 756 34
663 830 76
663 852 64
663 862 93
663 863 6
663 873 32
664 670 26
664 672 19
664 750 1
664 795 2
664 823 36
664 839 36
664 851 1
664 857 27
664 858 20
664 868 79
664 870 58
664 871 47
665 670 15
665 677 32
665 679 73
665 755 60
665 777 89
665 803 57
665 811 88
665 845 49
665 848 35
665 860 15
665 869 85
665 898 46
666 704 35
666 738 70
666 769 21
666 786 50
666 843 15
666 857 78
666 863 34
666 864 92
666 868 97
667 677 34
667 716 93
667 754 84
667 802 21
667 809 93
667 847 11
667 886 40
667 888 71
667 895 68
668 675 39
668 696 38
668 698 99
668 727 63
668 729 97
668 733 88
668 745 20
668 774 37
668 806 36
668 810 54
668 816 51
668 817 72
668 826 52
668 861 85
668 866 94
668 882 24
668 884 87
668 894 8
669 679 2
669 753 20
669 775 99
669 795 98
669 826 5
669 838 91
669 855 33
669 856 77
669 882 35
669 893 43
670 688 69
670 692 58
670 745 62
670 753 7
670 761 95
670 769 13
670 802 69
670 832 43
670 839 52
670 859 40
670 886 79
671 684 87
671 715 46
671 782 29
671 805 11
671 810 97
671 877 66
671 878 4
672 677 20
672 697 4
672 714 11
672 735 73
672 754 75
672 768 61
672 826 22
672 865 79
672 874 51
672 875 55
672 878 55
673 695 37
673 698 49
673 707 75
673 718 94
673 738 11
673 740 81
673 759 40
673 795 23
673 815 2
673 821 83
673 827 74
673 832 93
673 887 61
674 782 12
674 791 38
674 795 42
674 829 74
674 837 86
674 854 7
674 886 29
674 891 58
674 901 62
675 679 39
675 725 30
675 741 36
675 756 51
675 791 52
675 792 14
675 796 1
675 807 58
675 843 20
675 870 90
675 888 6
675 894 47
676 697 83
676 707 68
676 728 27
676 742 75
676 754 42
676 787 80
676 797 57
676 853 67
676 858 73
676 869 69
676 874 31
676 885 10
677 681 10
677 727 4
677 790 48
677 836 68
677 883 33
677 888 5
677 901 81
678 704 23
678 732 86
678 739 16
678 757 74
678 772 89
678 783 81
678 792 26
678 832 46
678 834 53
678 868 15
678 872 4
678 891 99
678 895 50
678 899 23
679 710 77
679 726 24
679 727 17
679 757 57
679 762 32
679 771 83
679 785 29
679 796 100
679 806 13
679 807 90
679 820 62
679 826 69
679 874 37
679 882 81
679 892 53
679 897 93
680 734 62
680 740 27
680 746 79
680 763 77
680 785 100
680 798 19
680 799 10
680 805 78
680 843 17
680 859 62
680 867 44
680 872 72
680 876 60
680 882 45
681 697 94
681 706 36
681 716 68
681 747 10
681 756 44
681 758 51
681 796 45
681 797 72
681 803 3
681 848 9
681 872 14
681 899 16
682 700 29
682 738 2
682 744 96
682 791 81
682 792 95
682 804 9
682 806 8
682 842 25
682 865 38
682 872 59
682 878 95
683 685 47
683 699 36
683 714 11
683 725 8
683 767 32
683 788 82
683 799 19
683 802 76
683 822 28
683 828 54
683 843 96
683 856 89
683 860 98
683 867 46
684 685 33
684 714 21
684 769 100
684 777 94
684 802 34
685 697 15
685 717 22
685 768 36
685 803 11
685 822 3
685 877 82
685 894 71
686 754 62
686 755 58
686 776 8
686 793 20
686 797 52
686 811 54
686 856 8
686 880 15
686 901 61
687 735 39
687 744 96
687 769 79
687 789 66
687 806 75
687 821 85
687 844 61
687 900 64
688 695 34
688 708 59
688 711 48
688 723 54
688 724 58
688 749 41
688 761 40
688 765 73
688 776 63
688 789 27
688 804 35
688 814 17
688 858 60
688 868 5
689 722 78
689 769 17
689 772 13
689 785 49
689 796 20
689 797 18
689 829 8
689 846 34
689 855 79
689 875 98
689 886 82
690 705 9
690 709 64
690 715 56
690 725 93
690 742 76
690 745 71
690 750 78
690 753 34
690 768 19
690 833 32
690 840 92
690 845 59
690 849 23
690 880 16
690 893 73
691 696 49
691 701 2
691 746 89
691 751 8
691 777 6
691 811 18
691 815 76
691 840 70
691 887 19
692 701 95
692 738 88
692 741 26
692 744 81
692 793 18
692 808 76
692 873 14
692 893 26
693 696 39
693 726 21
693 734 71
693 770 14
693 772 92
693 777 48
693 779 100
693 785 62
693 786 31
693 797 43
693 842 20
693 899 53
693 901 58
694 709 45
694 714 53
694 762 59
694 829 85
694 859 60
694 896 16
695 717 55
695 735 35
695 742 38
695 766 73
695 767 82
695 771 25
695 777 50
695 793 14
695 794 94
695 797 25
695 838 27
695 863 71
696 732 15
696 756 47
696 771 41
696 793 81
696 802 38
696 821 41
696 866 32
696 869 99
696 872 23
697 710 74
697 716 71
697 754 28
697 781 31
697 851 67
697 854 80
697 863 41
697 880 51
697 886 92
698 712 56
698 725 57
698 741 26
698 762 45
698 781 29
698 795 59
698 813 69
698 834 31
699 749 72
699 774 62
699 779 7
699 783 98
699 784 85
699 802 74
699 876 97
699 882 77
699 886 54
700 727 34
700 737 17
700 747 85
700 776 85
700 821 92
700 852 10
700 862 7
700 865 19
700 876 92
700 878 73
700 885 50
700 895 32
701 716 75
701 742 41
701 755 39
701 759 32
701 776 19
701 785 84
701 792 12
701 807 29
701 861 4
701 891 94
701 897 1
702 713 18
702 778 1
702 780 50
702 783 2
702 786 74
702 795 46
702 797 78
702 800 79
702 803 32
702 812 47
702 818 15
702 824 68
702 845 38
702 861 24
702 878 74
702 884 8
702 886 15
702 888 98
703 713 9
703 720 98
703 742 24
703 761 2
703 775 88
703 793 7
703 850 20
703 856 71
703 884 71
703 893 48
704 759 27
704 762 64
704 796 100
704 814 44
704 838 16
704 840 50
704 847 97
705 731 41
705 763 47
705 765 74
705 771 71
705 789 78
705 810 20
705 889 37
705 894 97
706 720 9
706 722 12
706 733 70
706 742 68
706 755 78
706 772 19
706 781 29
706 836 75
706 837 95
706 843 30
706 858 15
707 719 1
707 721 1
707 725 85
707 773 23
707 856 48
707 888 63
707 898 39
708 721 100
708 775 6
708 789 54
708 795 1
708 832 2
708 839 47
708 863 47
708 877 28
708 897 69
709 732 77
709 753 99
709 786 6
709 809 73
709 811 8
709 863 17
709 884 95
710 731 27
710 742 95
710 748 13
710 755 55
710 761 21
710 763 7
710 771 84
710 803 35
710 806 60
710 818 36
710 837 72
710 857 34
711 716 84
711 731 34
711 733 72
711 737 35
711 753 92
711 794 78
711 797 35
711 836 45
711 877 24
712 734 81
712 756 72
712 765 92
712 774 57
712 802 71
712 805 49
712 807 30
712 825 30
712 844 66
712 862 24
712 876 8
712 890 12
713 761 88
713 772 63
713 787 32
713 816 47
713 835 98
713 843 19
713 870 58
713 871 34
714 739 90
714 874 91
714 875 69
714 880 75
715 734 63
715 784 55
715 786 66
715 792 40
715 840 89
715 843 63
715 853 15
715 895 21
716 729 34
716 750 58
716 758 30
716 762 56
716 781 7
716 782 59
716 788 37
716 800 24
716 804 34
716 806 45
716 842 87
716 877 73
717 739 59
717 749 70
717 755 71
717 762 8
717 788 88
717 789 28
717 820 93
717 841 29
717 845 71
717 851 13
717 868 4
717 894 33
718 727 67
718 739 21
718 752 24
718 767 55
718 805 83
718 823 90
718 836 76
718 851 69
718 900 99
719 749 5
719 765 76
719 767 57
719 790 15
719 838 65
719 841 80
719 874 100
719 895 61
719 896 66
720 725 24
720 727 19
720 744 88
720 757 95
720 799 78
720 804 75
720 824 74
720 862 71
720 879 4
720 885 44
721 724 83
721 725 59
721 828 28
721 851 2
721 852 31
721 861 3
721 872 56
722 733 66
722 761 92
722 762 83
722 768 86
722 774 43
722 783 39
722 837 61
722 847 99
722 863 5
722 868 77
722 876 31
722 885 4
722 896 37
723 754 48
723 755 80
723 771 55
723 776 35
723 781 26
723 788 85
723 794 10
723 805 99
723 808 7
723 827 65
723 832 95
723 836 89
723 851 75
723 878 22
723 891 90
723 899 5
724 736 77
724 748 98
724 754 70
724 775 20
724 789 32
724 790 55
724 811 62
724 823 71
724 842 68
724 853 61
724 900 75
725 780 44
725 808 91
725 828 31
725 843 81
725 878 38
725 883 62
725 888 87
726 756 73
726 764 87
726 783 23
726 827 34
726 889 85
727 735 29
727 753 98
727 754 31
727 767 18
727 782 72
727 825 53
727 867 59
727 874 28
727 878 29
727 881 8
728 746 50
728 765 48
728 772 40
728 779 4
728 780 62
728 782 62
728 829 23
728 831 22
728 839 88
728 867 67
728 871 64
728 877 70
728 880 99
729 739 53
729 759 31
729 761 37
729 792 25
729 813 17
729 880 60
729 894 10
729 895 54
730 736 88
730 754 7
730 774 84
730 786 57
730 788 30
730 858 88
730 872 68
731 739 10
731 766 68
731 781 27
731 809 59
731 820 68
731 821 66
731 845 14
731 850 29
731 866 79
731 875 37
732 749 2
732 750 67
732 763 55
732 767 65
732 812 36
732 814 5
732 853 17
732 879 19
732 899 41
732 901 94
733 773 87
733 783 52
733 787 3
733 863 40
733 871 40
733 891 62
734 776 76
734 809 48
734 825 43
734 859 15
734 900 15
735 737 52
735 757 83
735 792 42
735 818 62
735 872 2
735 880 59
736 743 76
736 745 30
736 750 38
736 762 12
736 779 83
736 788 56
736 803 18
736 872 47
736 901 43
737 745 22
737 753 15
737 778 61
737 788 14
737 807 8
737 809 48
737 827 66
737 835 63
737 845 39
737 847 57
737 848 24
737 863 66
738 740 4
738 756 66
738 770 81
738 811 71
738 836 70
738 896 15
738 900 64
739 748 31
739 764 16
739 874 22
739 887 6
739 890 97
740 783 11
740 793 69
740 795 79
740 802 18
740 827 38
740 839 77
740 856 61
740 869 11
741 779 91
741 855 73
741 865 25
741 877 51
741 889 72
742 745 42
742 750 13
742 776 63
742 779 50
742 784 36
742 789 28
742 800 5
742 816 53
742 827 60
742 834 75
742 841 22
742 849 74
742 853 38
742 858 53
742 894 41
743 786 12
743 794 10
743 806 89
743 809 22
743 828 31
743 835 67
743 850 92
743 877 68
743 882 43
744 751 4
744 753 79
744 762 86
744 769 76
744 782 55
744 799 36
744 800 100
744 819 48
744 842 48
744 856 62
744 877 97
744 885 35
744 896 41
744 898 1
745 762 87
745 775 1
745 789 28
745 812 9
745 814 26
745 824 65
745 835 13
745 862 67
745 866 28
745 878 74
745 890 55
746 784 2
746 789 4
746 802 74
746 806 93
746 807 24
746 831 68
746 838 96
747 749 54
747 786 53
747 791 23
747 819 60
747 821 40
747 825 74
747 875 7
747 879 87
747 901 35
748 754 55
748 758 21
748 785 28
748 821 7
748 825 8
748 868 28
748 876 34
748 888 68
749 754 53
749 755 51
749 759 32
749 770 71
749 786 78
749 830 5
749 841 78
749 861 79
749 863 61
750 751 51
750 764 23
750 767 36
750 797 70
750 814 70
750 815 41
750 845 23
750 869 93
750 872 100
750 873 62
750 880 18
751 756 58
751 792 1
751 818 5
751 819 12
751 828 21
751 857 32
751 876 70
751 881 80
751 892 11
752 769 4
752 790 99
752 807 63
752 836 54
752 847 30
752 858 86
752 860 83
752 890 87
752 895 63
753 775 14
753 782 99
753 791 65
753 795 36
753 802 34
753 843 34
753 850 58
753 862 26
754 769 8
754 795 2
754 817 25
754 892 22
754 901 19
755 776 34
755 816 74
755 824 23
755 837 97
755 868 94
755 883 6
756 818 66
756 836 26
756 850 16
756 880 69
757 762 24
757 776 31
757 811 74
757 854 6
757 860 16
757 888 9
757 900 92
758 765 30
758 807 22
758 820 90
758 842 46
758 854 9
758 878 75
758 883 31
759 804 66
759 815 100
759 823 39
759 825 67
759 867 76
759 876 12
759 891 38
759 897 9
760 761 85
760 775 60
760 796 5
760 835 30
760 839 66
760 867 22
760 884 7
760 886 33
761 868 43
762 807 31
762 890 63
762 891 68
763 789 88
763 790 78
763 802 76
763 825 79
763 843 59
763 849 49
763 877 20
763 901 4
764 781 10
764 800 94
764 808 35
764 815 75
764 821 93
764 853 25
764 854 94
764 867 20
765 778 36
765 785 83
765 800 28
765 820 72
765 828 42
765 829 84
765 897 1
765 898 59
766 816 5
766 837 60
766 853 92
766 870 99
766 882 90
766 887 6
766 901 67
767 781 77
767 784 36
767 788 94
767 817 7
767 835 94
767 839 43
767 856 26
767 867 50
767 869 52
767 877 71
767 879 84
767 881 78
767 886 63
768 771 60
768 797 23
768 818 82
768 827 47
768 840 5
768 874 61
769 770 18
769 782 99
769 797 44
769 813 70
769 814 9
769 823 100
769 834 29
769 867 100
769 875 99
769 895 70
769 900 58
769 901 17
770 774 98
770 786 93
770 849 10
770 877 4
770 881 38
770 888 52
771 777 81
771 818 87
771 855 55
771 880 51
771 889 22
772 802 85
772 804 65
772 813 81
772 819 7
772 823 98
772 824 27
772 829 12
772 856 10
772 865 96
772 875 62
773 778 5
773 780 18
773 786 70
773 788 5
773 872 98
774 795 22
774 796 55
774 813 68
774 824 79
774 860 71
774 872 17
774 883 71
774 890 32
775 788 73
775 795 8
775 796 84
775 798 53
775 835 47
775 874 90
775 876 56
775 894 68
776 806 74
776 896 72
776 899 49
777 778 81
777 792 70
777 822 27
777 825 44
777 838 79
777 854 75
777 857 5
777 860 84
777 891 92
778 788 74
778 792 40
778 799 41
778 807 95
778 809 46
778 846 60
778 847 25
778 848 68
778 852 77
778 861 95
778 895 99
779 799 49
779 800 55
779 807 34
779 810 53
779 826 1
779 858 24
779 887 60
779 897 20
780 807 49
780 810 32
781 826 20
781 842 81
781 864 53
781 866 99
782 789 24
782 807 83
782 816 73
782 851 80
782 882 18
783 790 16
783 810 6
783 838 9
783 870 56
783 883 52
783 899 54
784 859 16
784 864 77
784 873 73
784 887 44
784 890 23
784 897 72
784 899 44
785 808 29
785 825 57
785 856 48
785 873 81
786 880 32
786 889 8
786 899 1
787 828 81
787 840 91
787 850 20
787 877 61
787 887 43
787 893 18
788 831 37
788 835 77
788 871 42
788 877 16
789 800 95
789 812 57
789 851 73
790 797 3
790 809 65
790 811 25
790 880 9
791 799 32
791 801 53
791 837 81
791 844 75
791 851 75
791 855 52
791 876 18
791 877 4
792 808 61
792 812 65
792 838 84
792 860 92
792 862 24
792 863 36
792 870 24
792 887 14
793 825 56
793 836 85
793 856 8
793 858 25
793 876 73
794 798 85
794 808 67
794 843 40
794 853 31
794 869 75
794 872 13
794 887 33
795 798 91
795 811 89
795 819 41
795 846 22
795 850 41
795 876 74
795 884 48
795 889 67
795 894 77
795 899 17
796 803 22
796 840 37
796 866 34
797 811 58
797 812 29
797 823 57
797 856 93
797 870 52
797 899 23
798 813 48
798 831 88
798 844 30
798 862 25
799 805 60
799 807 66
799 835 91
799 840 100
799 841 96
799 846 65
799 863 64
799 885 29
799 893 8
799 896 52
800 814 21
800 843 29
800 851 44
800 878 46
800 887 77
800 888 10
801 820 23
801 830 45
801 831 32
801 833 59
801 845 78
801 855 89
801 897 39
802 803 35
802 881 81
802 891 43
803 804 9
803 848 81
803 870 82
803 879 38
803 888 5
803 895 94
804 807 4
804 821 47
804 839 45
804 855 51
805 828 63
805 855 8
805 872 79
806 860 70
806 886 11
807 838 52
807 862 99
807 864 54
807 891 97
807 895 27
808 861 63
809 821 71
809 848 71
809 859 46
809 876 82
809 895 1
810 829 86
810 851 72
810 897 35
811 836 19
811 846 14
811 855 43
811 865 99
811 868 48
811 876 32
811 883 55
812 853 41
812 870 87
812 871 1
812 883 85
812 887 38
812 896 15
813 832 44
813 844 68
813 855 85
813 864 54
813 897 71
814 818 35
814 827 59
814 829 20
814 834 13
814 853 73
814 865 90
814 876 83
815 831 19
815 852 71
815 894 35
815 897 4
816 817 43
816 833 69
816 842 74
817 820 8
817 846 63
817 851 24
817 857 7
817 884 47
818 838 78
818 865 99
818 868 33
818 877 30
819 821 83
819 825 22
819 827 45
819 861 78
819 896 90
820 839 81
820 860 83
820 866 60
820 871 15
820 884 41
820 886 79
821 860 27
821 901 14
822 851 21
822 861 61
822 872 84
822 894 43
822 898 96
823 834 39
823 839 85
823 840 16
823 844 13
823 849 45
823 861 31
824 869 36
825 829 51
826 865 29
826 875 14
827 838 50
827 841 61
827 868 95
827 894 84
828 832 83
828 891 91
829 889 14
829 896 24
829 901 23
830 831 96
830 855 83
830 861 37
830 880 37
830 881 14
831 860 15
831 868 2
831 874 86
831 895 28
831 901 85
832 840 28
832 849 75
832 863 23
832 872 65
832 897 42
833 842 35
833 846 9
833 858 24
833 891 71
833 898 11
833 901 52
834 858 36
834 867 12
834 889 65
834 896 82
835 844 48
835 879 99
835 890 73
836 872 13
836 875 22
836 884 47
836 891 8
837 839 56
838 849 84
838 882 96
839 849 21
839 867 50
839 883 97
841 850 6
841 853 29
841 873 33
842 858 34
842 876 3
842 885 56
842 887 98
843 862 97
843 901 42
844 863 58
844 887 20
845 859 64
845 894 20
845 900 24
846 856 99
846 860 84
846 868 88
846 872 33
846 880 31
847 851 86
847 852 57
847 864 43
848 866 59
848 887 3
848 888 2
848 894 14
848 896 38
849 865 98
849 874 35
849 886 88
849 895 46
850 861 92
850 872 68
850 886 79
850 897 25
851 853 23
851 895 86
852 866 74
852 899 19
853 880 27
853 886 31
854 859 90
854 860 91
854 873 3
855 877 13
855 896 41
856 890 86
856 891 52
857 876 73
857 896 16
857 897 37
858 875 81
859 864 10
859 873 95
859 886 84
859 895 11
860 866 61
860 882 21
860 889 60
861 868 47
861 871 60
862 867 58
862 874 38
862 884 28
863 876 88
865 878 63
866 874 2
866 876 73
866 885 88
866 897 20
866 900 51
868 886 71
870 873 61
870 878 93
873 877 73
873 890 74
874 875 34
876 883 58
876 884 25
876 898 58
878 881 25
880 888 14
881 884 39
881 891 86
882 891 60
882 895 74
883 890 48
884 894 20
884 898 46
884 900 8
889 891 66
895 900 6
902 601 93
903 901 50
902 903 22
