904 6735
86 82 29 48 68 82 22 19 100 98 86 57 43 34 40 49 11 78 20 81 9 56 39 87 92 3 91 61 12 85 37 97 18 65 44 86 99 18 4 98 67 89 54 9 74 94 10 85 23 29 17 83 84 55 21 27 9 12 88 20 96 24 68 14 88 64 51 86 33 6 36 99 95 41 60 20 34 69 4 8 97 73 43 33 27 63 59 88 74 98 59 70 21 27 35 61 42 37 98 26 42 33 24 88 74 35 8 59 3 63 19 52 35 61 84 14 23 42 1 97 92 59 18 12 37 4 24 30 92 74 55 33 6 31 21 31 65 80 42 20 42 12 71 29 72 54 42 46 47 42 94 38 52 63 2 41 18 25 70 9 98 77 94 56 7 66 38 23 45 79 42 38 90 12 66 13 17 7 11 64 100 4 1 4 19 2 44 36 79 65 97 28 41 90 35 99 7 73 74 51 3 67 40 45 79 6 57 47 64 67 10 64 23 63 19 41 16 62 28 94 78 24 74 71 65 8 69 71 32 94 21 35 61 61 79 91 18 87 37 81 6 47 96 28 9 14 68 24 27 95 70 5 71 95 75 35 2 95 6 86 89 78 20 1 90 50 91 7 36 27 88 41 25 83 20 85 49 87 61 75 34 30 79 56 24 5 90 77 100 95 62 40 25 33 40 14 82 30 21 70 16 84 92 36 12 70 43 68 60 66 64 95 37 48 10 93 34 12 40 99 3 19 35 15 61 67 98 64 20 88 91 87 23 82 74 34 52 68 54 63 33 17 10 22 16 19 14 50 82 6 100 85 24 87 99 36 53 49 99 72 88 89 10 10 71 83 96 22 50 1 36 34 69 45 55 84 16 21 33 97 78 85 33 1 71 84 36 23 32 87 46 71 75 55 80 45 89 27 18 90 27 54 23 95 50 30 31 65 2 63 62 79 99 46 31 69 29 66 43 12 4 88 82 79 94 14 75 82 40 45 71 19 50 46 65 99 75 95 64 76 10 77 54 8 22 84 77 51 1 19 62 5 59 44 35 52 9 9 86 100 53 8 18 2 53 83 1 27 29 64 2 38 92 7 46 13 42 74 63 43 44 77 99 54 20 33 6 80 93 43 79 46 50 97 99 3 31 51 81 59 66 35 49 57 41 46 70 35 71 32 29 66 8 27 20 79 11 77 58 3 19 89 100 68 85 51 22 67 1 3 77 67 37 25 23 29 22 92 63 92 76 91 58 35 69 77 14 79 5 23 34 23 11 85 42 47 35 16 65 36 18 42 2 6 18 76 86 40 68 49 31 95 91 88 29 60 16 94 90 20 69 75 94 31 60 88 78 94 3 42 81 72 35 34 77 53 10 14 92 29 84 87 56 83 90 100 85 62 46 99 7 97 88 90 18 48 28 52 88 82 2 76 51 83 100 94 31 2 41 100 35 55 84 91 89 25 42 73 87 87 23 93 35 11 34 52 58 62 56 97 43 9 72 45 91 71 39 73 25 31 72 11 37 7 1 26 32 42 98 70 81 73 62 15 83 47 19 92 8 26 41 2 34 12 47 76 35 37 48 11 67 71 21 55 77 22 80 60 15 30 29 47 2 42 62 36 89 80 27 96 57 19 50 90 31 96 17 17 32 64 27 50 34 47 4 62 20 84 22 87 65 2 33 18 44 46 53 32 77 31 79 33 50 28 74 32 75 90 48 58 53 26 7 38 24 11 52 44 46 73 82 62 26 14 79 69 12 31 52 88 13 31 21 62 10 94 45 37 84 44 94 88 69 1 78 93 63 81 88 60 5 69 21 30 34 99 99 97 81 2 85 45 84 57 59 94 50 3 30 85 47 23 25 15 75 54 59 37 34 46 48 90 66 68 19 52 18 69 48 50 71 84 95 54 40 53 99 42 55 80 78 53 55 54 68 29 7 78 18 92 76 65 81 93 33 100 44 2 20 44 52 90 27 98 44 19 2 42 60 8 22 37 61 76 91 80 56 49 57 73 41 32 90 73 25 74 24 20 75 44 15 78 33 42 75 28 60 28 22 71 36 95 36 87
0 16 8
0 33 60
0 45 10
0 54 33
0 59 42
0 80 30
0 93 17
0 126 42
0 151 68
0 200 29
0 209 17
0 222 53
0 224 58
0 244 95
0 251 8
0 269 33
0 280 52
1 13 50
1 26 62
1 42 51
1 44 96
1 47 75
1 55 42
1 72 20
1 78 8
1 90 81
1 108 34
1 165 41
1 170 62
1 192 54
1 260 10
1 264 21
1 265 13
1 296 72
2 18 5
2 25 6
2 31 53
2 65 74
2 83 48
2 86 72
2 98 2
2 119 16
2 141 77
2 245 12
2 248 62
2 267 36
2 283 96
2 298 13
3 12 85
3 28 57
3 50 15
3 55 81
3 82 84
3 108 56
3 149 52
3 174 43
3 178 88
3 187 85
3 242 83
4 7 1
4 8 90
4 11 45
4 27 22
4 42 54
4 46 68
4 85 26
4 121 12
4 122 72
4 149 99
4 153 11
4 155 95
4 208 1
4 209 26
4 212 71
4 218 64
4 263 87
4 285 59
4 287 59
4 294 52
5 15 43
5 66 16
5 77 66
5 124 75
5 128 51
5 148 22
5 189 79
5 215 93
5 243 61
5 268 63
5 284 27
5 296 62
6 25 53
6 27 23
6 31 83
6 71 58
6 89 42
6 95 60
6 135 69
6 137 13
6 157 59
6 159 79
6 187 60
6 215 11
6 249 4
6 266 82
6 269 74
6 288 43
7 26 40
7 35 32
7 37 94
7 43 35
7 48 99
7 56 11
7 59 61
7 65 1
7 69 84
7 76 39
7 82 93
7 100 45
7 174 2
7 186 72
7 213 6
7 214 6
7 219 94
7 227 40
7 283 15
7 287 36
8 30 99
8 70 84
8 94 100
8 116 9
8 140 14
8 150 59
8 162 71
8 189 70
8 197 41
8 236 96
8 279 12
9 138 32
9 170 28
9 210 57
9 226 66
9 257 78
9 265 67
10 17 27
10 40 31
10 60 51
10 120 65
10 143 23
10 155 95
10 173 18
10 177 46
10 180 52
10 204 75
10 206 40
10 232 91
10 247 90
10 279 27
10 283 41
11 24 73
11 26 26
11 31 50
11 63 86
11 77 37
11 105 20
11 145 55
11 186 29
11 212 16
11 214 18
11 245 60
12 15 95
12 24 26
12 38 26
12 63 24
12 67 93
12 81 4
12 99 54
12 118 95
12 149 68
12 151 29
12 185 41
12 186 38
12 250 74
12 279 92
12 298 12
13 20 65
13 45 34
13 84 1
13 90 91
13 102 74
13 130 25
13 162 69
13 226 23
13 249 63
13 254 5
13 279 95
14 23 69
14 46 33
14 76 10
14 108 87
14 112 92
14 200 56
14 209 12
14 227 69
14 245 31
15 16 56
15 49 72
15 83 85
15 142 50
15 160 92
15 180 65
15 212 90
15 234 29
15 243 90
15 268 33
16 53 40
16 72 55
16 85 66
16 187 93
16 205 97
16 230 40
16 252 69
16 255 17
16 260 62
16 275 31
16 291 21
17 23 56
17 25 100
17 28 5
17 35 17
17 39 38
17 82 49
17 86 24
17 88 1
17 103 69
17 109 55
17 144 57
17 158 41
17 159 91
17 160 58
17 171 32
17 185 55
17 236 48
17 276 60
17 295 44
18 40 80
18 56 51
18 89 50
18 111 46
18 129 95
18 163 99
18 191 37
18 203 64
18 242 15
18 272 98
19 42 94
19 44 88
19 95 6
19 102 45
19 127 44
19 163 74
19 168 82
19 181 92
19 221 50
19 228 35
19 255 61
19 271 4
20 37 91
20 43 53
20 63 94
20 64 48
20 85 84
20 98 100
20 110 47
20 126 95
20 136 95
20 138 79
20 148 97
20 153 45
20 161 76
20 213 92
20 214 95
20 287 12
20 288 7
21 34 9
21 40 61
21 49 100
21 63 96
21 132 18
21 149 97
21 153 40
21 189 44
21 218 30
21 234 83
21 249 93
21 256 64
21 291 95
22 28 96
22 30 54
22 38 47
22 44 41
22 46 54
22 68 82
22 70 40
22 110 100
22 118 76
22 127 86
22 135 30
22 171 25
22 186 30
22 202 5
22 231 16
22 241 24
22 262 68
22 287 74
22 291 85
23 45 29
23 60 25
23 119 32
23 121 46
23 129 21
23 171 71
23 264 41
23 280 51
23 284 6
23 294 33
24 35 66
24 45 100
24 61 80
24 84 72
24 93 47
24 110 72
24 118 25
24 119 28
24 120 63
24 172 76
24 187 56
24 195 49
24 204 6
24 206 80
24 216 78
24 223 62
25 60 47
25 68 54
25 77 30
25 130 20
25 140 90
25 157 58
25 163 44
25 167 21
25 178 55
25 188 17
25 191 44
25 202 96
25 249 19
25 252 49
25 254 80
25 280 84
25 288 100
26 29 60
26 41 55
26 54 46
26 78 31
26 79 31
26 81 26
26 107 94
26 124 7
26 143 33
26 153 94
26 200 64
26 217 12
26 233 23
26 266 25
26 272 10
26 273 28
27 62 6
27 67 81
27 83 17
27 89 15
27 93 76
27 100 90
27 112 70
27 144 92
27 158 33
27 181 17
27 190 10
27 221 33
27 226 48
27 232 46
27 294 32
28 43 7
28 49 100
28 62 30
28 66 90
28 68 31
28 124 7
28 187 35
28 194 89
28 234 39
28 246 28
28 259 52
28 260 2
28 272 2
28 297 28
29 70 11
29 84 30
29 109 34
29 130 91
29 141 46
29 144 48
29 162 18
29 164 35
29 200 69
29 206 10
29 220 19
29 253 37
30 44 71
30 62 51
30 66 85
30 76 16
30 78 83
30 96 43
30 122 68
30 139 64
30 163 32
30 167 50
30 178 70
30 218 18
30 269 38
30 273 8
30 285 97
31 85 41
31 93 9
31 167 99
31 216 68
31 218 71
31 244 28
31 248 53
31 267 13
31 272 25
31 279 53
31 287 30
31 296 12
31 299 21
32 56 91
32 92 30
32 122 58
32 163 62
32 174 81
32 227 42
32 265 29
32 276 15
32 293 84
32 297 48
33 70 30
33 107 68
33 126 97
33 145 99
33 176 37
33 226 86
33 240 6
33 247 86
33 261 26
33 294 66
33 298 36
34 51 46
34 55 36
34 65 15
34 82 50
34 87 100
34 92 39
34 116 2
34 121 29
34 159 50
34 193 23
34 216 20
34 235 80
34 248 32
34 254 33
34 284 12
35 80 25
35 83 61
35 84 78
35 89 60
35 95 61
35 101 7
35 132 79
35 134 57
35 138 5
35 144 68
35 155 43
35 182 62
35 198 5
35 223 20
35 232 79
35 290 40
36 40 65
36 62 14
36 82 54
36 89 67
36 90 65
36 123 44
36 131 68
36 156 93
36 159 46
36 177 42
36 180 12
36 191 77
36 202 73
36 234 96
36 241 40
36 246 49
36 255 9
36 278 17
37 45 61
37 55 69
37 61 23
37 66 39
37 110 77
37 119 79
37 173 58
37 243 19
37 265 92
37 287 62
38 118 91
38 155 70
38 192 1
38 271 7
38 282 35
39 91 6
39 101 73
39 115 99
39 122 2
39 137 41
39 147 91
39 174 47
39 176 82
39 207 55
39 261 75
39 280 7
39 290 50
40 56 14
40 66 7
40 73 10
40 119 30
40 134 67
40 203 78
40 224 4
40 237 58
40 240 55
40 252 82
40 279 15
41 52 25
41 64 73
41 76 77
41 81 15
41 86 94
41 88 77
41 114 74
41 131 28
41 158 35
41 168 46
41 175 26
41 196 36
41 233 38
41 243 68
41 288 34
42 72 72
42 87 22
42 117 8
42 144 30
42 155 24
42 200 21
42 226 36
42 227 33
42 255 2
42 271 3
42 273 63
42 280 5
42 284 12
43 57 69
43 69 38
43 88 26
43 100 93
43 140 10
43 148 2
43 154 60
43 156 3
43 166 31
43 168 85
43 184 82
43 186 65
43 191 30
43 225 7
43 231 52
43 235 20
43 262 26
43 265 85
43 285 91
44 80 48
44 83 92
44 96 20
44 122 23
44 132 64
44 140 7
44 164 7
44 179 65
44 187 61
44 224 21
44 225 69
44 244 72
44 275 89
44 276 6
45 46 98
45 106 34
45 144 67
45 162 51
45 168 93
45 180 21
45 239 81
45 282 77
45 288 2
46 58 97
46 60 58
46 67 60
46 92 48
46 105 29
46 125 85
46 176 84
46 193 19
46 202 84
46 209 75
46 218 90
46 220 58
46 225 90
46 233 97
46 235 65
46 241 54
46 255 57
46 257 37
46 261 22
46 262 81
46 265 26
46 267 79
46 275 78
46 277 59
47 53 45
47 61 28
47 69 3
47 74 17
47 102 61
47 107 31
47 113 18
47 155 9
47 172 40
47 212 29
47 214 57
47 225 69
47 278 14
48 64 92
48 87 87
48 114 49
48 122 19
48 161 29
48 200 7
48 201 8
48 206 25
48 214 23
48 241 62
48 268 33
49 54 59
49 78 35
49 83 13
49 97 36
49 104 14
49 115 42
49 143 94
49 186 10
49 187 22
49 193 48
49 194 27
49 205 82
49 276 30
49 277 44
49 285 90
49 293 70
50 58 25
50 63 98
50 90 38
50 102 38
50 115 42
50 135 76
50 217 86
50 251 60
50 280 4
50 286 44
50 290 67
51 61 80
51 76 66
51 87 28
51 105 13
51 131 77
51 140 15
51 150 77
51 204 12
51 278 28
51 299 19
52 75 58
52 82 37
52 178 40
52 214 57
52 221 63
52 228 73
52 231 87
52 233 59
52 234 14
52 281 56
53 56 83
53 74 64
53 103 45
53 125 72
53 133 5
53 180 20
53 195 9
53 196 64
53 231 76
53 257 53
53 271 30
54 55 55
54 68 70
54 106 10
54 120 19
54 126 46
54 149 24
54 170 96
54 195 10
54 200 3
54 206 66
54 223 19
54 238 91
54 255 5
54 266 75
54 278 54
54 297 29
54 299 61
55 86 64
55 87 42
55 98 68
55 110 98
55 117 57
55 138 12
55 142 21
55 146 61
55 151 84
55 159 29
55 165 24
55 167 59
55 173 33
55 178 6
55 201 65
55 215 3
55 223 67
55 249 84
55 252 100
55 263 42
55 285 31
55 286 61
55 290 96
55 296 96
56 78 79
56 81 86
56 104 52
56 125 6
56 144 91
56 156 32
56 205 66
56 207 54
56 214 73
56 219 34
56 239 3
56 242 82
56 288 97
57 63 23
57 79 42
57 83 80
57 101 52
57 130 18
57 145 90
57 156 36
57 178 75
57 187 55
57 188 38
57 217 41
57 233 90
57 253 90
57 256 34
58 86 72
58 91 50
58 109 29
58 117 67
58 139 81
58 165 14
58 187 70
58 209 86
58 226 5
58 241 1
58 248 3
58 251 10
58 285 25
59 89 88
59 92 65
59 98 6
59 128 85
59 133 87
59 134 48
59 143 16
59 189 90
59 206 17
59 225 6
59 241 26
59 290 91
60 146 12
60 153 15
60 181 83
60 202 53
60 208 4
60 209 16
60 221 24
60 224 6
60 240 44
60 243 90
60 245 38
60 259 9
60 260 11
60 263 23
60 272 65
60 285 11
61 126 25
61 136 27
61 163 87
61 180 13
61 193 91
61 207 93
61 220 49
61 262 77
61 297 92
61 299 64
62 68 19
62 76 60
62 86 21
62 109 96
62 132 50
62 175 84
62 195 10
62 199 32
62 202 36
62 215 66
62 225 99
62 245 59
62 267 23
62 295 94
63 94 100
63 103 60
63 105 2
63 106 10
63 122 34
63 166 19
63 167 72
63 181 58
63 208 45
63 228 59
63 244 22
63 265 35
64 99 3
64 111 22
64 113 63
64 164 46
64 203 38
64 209 81
64 242 5
64 243 10
64 261 76
64 271 6
64 295 94
65 100 38
65 109 37
65 115 29
65 159 3
65 173 35
65 177 40
65 189 77
65 242 80
65 244 39
65 256 36
65 273 81
65 289 1
66 78 69
66 92 99
66 93 24
66 94 78
66 103 95
66 109 34
66 111 52
66 116 29
66 145 36
66 151 73
66 155 44
66 166 33
66 178 10
66 182 24
66 187 37
66 203 72
66 208 52
66 217 42
66 228 65
66 234 41
66 280 30
66 297 45
66 299 95
67 99 16
67 148 84
67 190 71
67 245 95
67 278 75
67 280 58
67 290 28
67 293 75
68 94 26
68 112 78
68 135 50
68 140 55
68 141 73
68 165 84
68 171 6
68 182 53
68 191 19
68 195 31
68 216 96
68 227 4
68 271 92
68 274 72
68 276 40
68 286 63
68 295 75
69 139 34
69 147 27
69 155 15
69 171 15
69 182 24
69 188 9
69 258 31
69 266 7
69 269 31
69 285 77
70 76 81
70 105 88
70 115 56
70 121 7
70 144 65
70 146 34
70 151 57
70 159 71
70 184 6
70 196 40
70 200 29
70 225 10
70 234 10
70 236 59
70 260 6
70 275 13
70 292 2
71 100 77
71 148 5
71 165 65
71 166 51
71 216 90
71 219 43
71 236 17
71 246 4
71 249 66
71 250 77
72 108 86
72 109 25
72 156 7
72 167 15
72 181 57
72 184 46
72 226 70
72 233 64
72 246 62
72 275 3
72 284 72
72 289 32
73 78 60
73 107 63
73 112 60
73 191 70
73 220 72
73 231 70
73 232 27
73 235 37
73 267 72
73 277 3
73 286 93
73 290 88
73 292 5
74 76 82
74 150 30
74 192 21
74 232 37
75 81 48
75 153 97
75 169 75
75 193 72
75 212 55
75 229 89
75 241 28
75 253 100
75 255 10
76 84 43
76 118 13
76 144 65
76 153 66
76 155 44
76 180 76
76 205 28
76 227 56
76 250 97
76 281 52
76 289 77
77 79 23
77 89 88
77 118 48
77 124 77
77 130 80
77 157 87
77 164 81
77 167 13
77 197 17
77 219 53
77 237 1
77 242 16
77 251 1
77 264 75
78 155 39
78 192 7
78 195 15
78 198 18
78 265 58
78 277 77
78 295 13
79 94 70
79 100 41
79 112 78
79 177 66
79 182 16
79 201 6
79 224 21
79 226 13
79 276 57
79 282 97
80 107 35
80 118 96
80 125 97
80 132 64
80 143 27
80 173 83
80 181 44
80 195 39
81 122 51
81 131 49
81 132 91
81 135 18
81 150 1
81 154 18
81 166 56
81 226 8
81 285 32
82 118 26
82 119 65
82 138 60
82 149 38
82 175 35
82 180 100
82 196 15
82 210 100
82 263 16
82 288 72
82 295 72
83 126 80
83 160 28
83 218 68
83 229 14
83 256 75
83 272 16
83 288 77
84 145 1
84 148 99
84 195 73
84 212 91
84 226 1
84 238 73
84 267 82
85 138 19
85 139 73
85 149 99
85 160 74
85 162 80
85 175 82
85 186 99
85 212 45
85 227 42
85 231 88
85 232 31
85 258 41
85 268 55
85 274 30
85 285 8
86 88 26
86 93 53
86 107 87
86 113 6
86 137 20
86 139 53
86 149 80
86 170 88
86 177 29
86 183 81
86 225 86
86 230 53
86 233 71
86 262 86
86 279 25
86 284 4
87 109 4
87 124 50
87 155 2
87 163 30
87 167 29
87 186 84
87 196 80
87 238 25
87 282 25
88 105 68
88 108 55
88 112 17
88 176 74
88 198 36
88 220 25
88 238 99
88 255 88
88 256 63
88 286 56
88 298 60
89 134 15
89 202 88
89 249 47
89 251 96
89 292 20
90 158 84
90 170 48
90 202 42
90 210 21
90 216 25
90 238 46
90 242 77
90 244 74
90 270 47
90 292 6
90 296 54
91 149 82
91 157 37
91 158 79
91 170 58
91 191 56
91 220 85
91 244 27
91 246 29
91 271 73
91 279 3
91 281 80
92 104 60
92 105 65
92 114 87
92 115 71
92 118 80
92 120 74
92 188 69
92 200 27
92 206 93
92 256 52
93 128 26
93 144 35
93 218 73
93 219 50
93 220 32
93 263 1
93 284 75
94 123 30
94 163 6
94 169 81
94 190 12
94 194 94
94 211 11
94 213 21
95 143 50
95 163 95
95 176 47
95 179 30
95 211 19
95 215 49
95 243 61
95 246 31
95 254 66
95 260 48
95 286 1
95 287 45
95 291 21
96 108 70
96 120 23
96 131 66
96 165 73
96 209 48
96 244 52
96 297 45
97 119 50
97 123 83
97 153 97
97 163 76
97 167 12
97 183 2
97 207 56
97 247 75
97 249 48
97 261 66
97 267 96
97 284 49
98 112 13
98 118 94
98 119 78
98 180 31
98 202 43
98 212 39
98 254 61
98 272 8
98 278 38
98 294 62
98 297 4
99 113 58
99 148 83
99 174 26
99 186 75
99 195 55
99 200 25
99 208 26
99 221 52
99 240 74
99 294 60
100 116 48
100 131 50
100 143 72
100 160 2
100 162 5
100 165 98
100 177 49
100 225 23
100 247 93
100 248 49
100 250 35
100 257 87
101 115 26
101 134 65
101 141 81
101 153 16
101 159 26
101 164 40
101 184 53
101 187 39
101 190 43
101 215 63
101 229 21
101 242 20
101 269 37
102 109 75
102 125 44
102 163 15
102 209 78
102 212 70
102 218 74
102 231 26
102 233 71
102 240 97
103 130 79
103 180 27
103 202 95
103 218 27
103 241 49
103 243 39
103 258 75
103 282 83
104 107 77
104 133 52
104 145 100
104 147 9
104 169 20
104 190 25
104 197 48
104 212 24
104 219 15
104 232 90
104 291 86
104 295 35
105 128 61
105 148 75
105 156 61
105 173 57
105 180 41
105 189 39
105 195 78
105 203 14
105 204 16
105 221 48
105 225 63
105 262 94
105 268 74
105 287 9
106 167 72
106 225 75
106 244 47
106 249 98
106 267 9
106 270 76
106 274 1
106 286 8
106 291 84
107 111 20
107 148 84
107 152 84
107 154 44
107 208 98
107 228 25
107 240 81
107 242 84
107 261 86
107 268 7
107 284 97
108 117 94
108 143 47
108 147 87
108 157 71
108 161 13
108 228 2
108 256 18
108 279 27
108 299 47
109 121 43
109 127 35
109 146 70
109 151 69
109 154 33
109 155 67
109 168 78
109 174 60
109 200 19
109 217 37
109 218 44
109 238 39
109 241 21
110 113 27
110 116 34
110 167 70
110 169 51
110 171 66
110 181 6
110 190 88
110 205 73
110 213 2
110 231 81
110 234 71
110 275 88
110 278 51
111 113 35
111 123 41
111 126 20
111 151 61
111 178 87
111 204 15
111 211 47
111 237 56
111 239 83
111 241 80
111 299 74
112 122 12
112 139 39
112 145 44
112 166 49
112 182 34
112 192 34
112 222 21
112 227 12
112 249 67
112 252 42
112 268 15
113 137 85
113 152 47
113 153 54
113 157 9
113 161 48
113 177 35
113 187 79
113 204 87
113 217 37
113 238 66
113 261 27
113 276 57
113 278 26
113 284 13
113 293 71
113 295 73
114 136 20
114 142 53
114 177 4
114 193 45
114 195 65
114 212 42
114 244 89
114 246 65
114 260 28
114 286 22
115 139 85
115 180 91
115 188 41
115 196 78
115 264 5
115 266 25
115 279 25
115 294 59
116 136 33
116 145 24
116 167 45
116 175 63
116 188 11
116 199 81
116 205 28
116 225 37
116 292 37
117 118 6
117 133 50
117 151 59
117 153 78
117 154 21
117 156 64
117 228 81
118 130 66
118 153 80
118 158 74
118 177 6
118 189 44
118 204 53
118 208 27
118 227 80
118 233 44
118 284 67
119 152 57
119 160 48
119 174 43
119 190 33
119 212 58
119 214 27
119 255 57
120 132 2
120 133 90
120 145 67
120 151 83
120 153 69
120 157 3
120 181 71
120 196 74
120 212 4
120 216 82
120 236 51
120 256 77
120 260 45
120 267 83
120 268 42
120 291 76
121 152 9
121 173 99
121 175 71
121 211 61
121 257 25
121 266 50
121 276 4
121 286 44
122 128 58
122 130 4
122 163 38
122 192 91
122 253 13
122 285 65
122 288 47
123 126 15
123 144 54
123 161 65
123 166 49
123 169 74
123 189 67
123 197 19
123 201 48
123 210 23
123 214 52
123 220 50
123 274 99
124 136 96
124 145 33
124 147 92
124 176 71
124 182 93
124 198 90
124 214 41
124 224 53
124 226 66
124 230 42
124 237 9
124 256 61
124 263 52
124 286 64
124 299 99
125 128 42
125 139 76
125 141 15
125 191 40
125 201 90
125 255 20
125 257 56
125 264 90
125 278 93
126 138 74
126 142 61
126 179 40
126 200 96
126 217 12
126 221 90
126 234 46
126 248 8
126 267 74
126 282 37
127 145 30
127 279 66
128 140 78
128 157 23
128 176 70
128 179 96
128 204 16
128 239 78
128 249 56
128 256 67
128 266 93
128 285 6
129 271 60
129 273 69
129 279 20
129 285 51
130 147 10
130 160 39
130 168 6
130 178 100
130 220 32
130 234 80
130 237 12
130 270 23
130 292 27
131 144 23
131 147 12
131 189 73
131 258 82
131 278 85
131 288 9
131 291 12
131 292 2
132 154 39
132 211 86
132 219 72
132 268 34
132 270 1
132 281 1
132 292 41
133 134 68
133 146 94
133 150 47
133 187 79
133 192 14
133 256 18
133 278 30
134 156 75
134 179 57
134 196 35
134 208 26
134 212 40
134 241 14
134 289 37
134 294 14
135 138 41
135 145 60
135 149 26
135 154 65
135 172 41
135 207 62
135 209 25
135 224 4
135 226 64
135 251 63
135 258 89
135 264 35
135 272 48
135 277 90
135 284 35
135 297 89
136 147 9
136 163 80
136 167 87
136 222 87
136 242 93
136 256 4
136 269 16
137 155 68
137 173 12
137 213 3
137 229 93
137 238 3
137 250 68
138 171 30
138 198 17
138 201 60
138 205 41
138 219 42
139 186 24
139 212 81
139 249 55
139 251 49
140 144 85
140 158 18
140 168 63
140 171 25
140 186 4
140 207 11
140 284 14
140 292 91
140 293 99
141 211 74
141 225 70
141 233 85
141 245 13
141 260 15
141 262 40
141 282 28
141 290 82
142 182 52
142 210 82
142 218 26
142 250 54
142 252 50
142 279 7
142 294 70
143 164 9
143 180 47
143 268 63
143 271 33
144 146 80
144 166 18
144 180 33
144 183 64
144 216 87
144 245 95
144 282 40
144 292 91
145 241 5
145 268 54
145 280 33
146 168 55
146 175 79
146 194 2
146 207 39
146 247 91
146 250 16
146 252 79
147 179 71
147 253 49
147 261 82
147 287 52
148 153 27
148 175 35
148 189 1
148 269 33
148 281 57
148 289 62
149 154 32
149 158 19
149 161 46
149 165 11
149 214 88
149 241 78
149 289 26
150 168 27
150 186 72
150 230 65
150 270 17
150 272 29
150 275 70
150 296 1
151 170 83
151 183 49
151 203 2
151 209 22
151 214 91
151 237 70
151 274 52
151 287 61
152 164 18
152 180 85
152 238 65
152 251 44
152 275 19
152 276 65
152 287 29
153 154 27
153 188 78
153 202 60
153 205 98
153 214 23
153 216 70
153 231 85
153 262 100
153 266 95
153 271 11
153 277 24
153 280 11
154 155 79
154 157 52
154 162 81
154 190 79
154 199 34
154 214 29
154 228 33
154 234 7
154 235 19
154 268 2
154 289 10
154 298 32
155 192 71
155 234 94
155 245 96
155 250 67
155 288 65
156 186 12
156 199 95
156 242 91
156 260 90
156 275 54
157 177 40
157 209 12
157 212 75
157 229 25
157 235 64
157 243 21
157 249 87
157 256 87
157 268 31
157 273 18
158 177 90
158 180 11
158 199 48
158 220 23
158 289 91
158 294 80
159 240 82
159 259 62
160 167 33
160 197 91
160 223 93
160 239 56
160 266 85
160 275 88
161 177 22
161 197 1
161 200 51
161 233 68
161 251 43
161 260 40
161 293 73
161 299 83
162 199 4
162 200 47
162 219 59
162 257 19
163 175 67
163 178 97
163 194 57
163 272 49
163 273 14
163 278 46
163 290 60
164 229 14
164 263 20
164 270 50
164 274 45
164 299 1
165 171 11
165 225 78
165 241 44
165 268 55
165 285 85
166 175 80
166 185 94
166 205 6
166 280 80
166 298 45
167 178 25
167 182 22
167 184 36
167 209 97
167 280 4
167 295 91
168 185 43
168 187 14
168 237 61
168 255 61
168 273 11
168 275 17
168 295 61
169 200 24
169 209 14
169 226 20
169 241 37
169 280 34
169 281 22
170 185 34
170 186 86
170 188 84
170 247 63
170 253 29
170 263 91
170 286 47
171 173 8
171 209 84
171 227 4
171 274 87
171 293 80
172 188 28
172 208 61
172 209 16
172 212 24
172 213 16
172 222 58
172 233 18
172 268 30
172 279 19
172 282 78
173 191 40
173 200 87
173 202 90
173 203 63
173 205 1
174 182 10
174 220 52
174 231 86
174 241 83
174 255 85
174 257 71
174 268 18
174 285 47
174 294 100
175 182 8
175 184 45
175 186 7
175 237 44
175 250 48
175 259 46
176 256 23
176 267 75
176 272 6
177 190 90
177 200 98
177 204 21
177 243 100
177 250 67
177 255 2
177 259 18
178 218 96
178 245 41
178 251 56
178 273 85
179 184 56
179 185 56
179 194 46
179 258 59
179 266 41
180 195 28
180 262 95
180 287 12
180 289 98
180 293 93
180 297 63
181 211 57
181 270 37
181 274 69
181 283 100
181 298 84
182 194 66
182 197 75
182 245 10
183 196 23
183 233 16
183 297 59
184 198 96
184 227 15
184 233 25
184 241 97
184 244 84
184 264 20
184 273 38
184 275 40
184 278 4
185 208 93
185 209 47
185 221 50
185 248 51
185 266 88
185 293 29
185 295 45
186 268 51
186 295 78
187 196 37
187 217 13
187 219 35
187 236 25
187 238 33
187 255 86
187 269 8
187 284 51
187 291 12
188 195 69
188 214 73
188 239 80
188 273 27
189 191 68
189 205 46
189 259 51
189 273 65
189 282 30
190 193 22
190 215 54
190 236 21
190 237 25
190 255 46
190 264 67
190 269 26
190 276 48
190 277 6
190 279 7
190 280 44
190 282 56
191 205 84
191 216 32
191 259 20
191 290 70
191 291 56
192 204 5
192 217 8
192 221 15
192 225 55
192 238 71
192 252 83
192 257 27
192 262 50
192 287 9
193 206 95
193 212 96
193 218 11
193 222 11
193 240 77
193 248 32
193 278 64
193 279 97
193 287 8
193 294 61
194 248 15
194 253 34
194 255 8
194 279 73
194 282 92
195 224 3
195 285 80
195 288 27
195 289 86
195 299 100
196 198 49
196 204 41
196 237 4
196 242 56
196 263 7
196 266 58
196 271 78
196 273 41
196 275 36
196 287 80
196 288 1
197 220 30
197 230 27
197 235 11
198 225 40
198 232 3
198 249 94
198 290 55
198 295 51
199 206 1
199 208 15
199 211 17
199 224 86
199 230 22
199 256 89
199 267 77
199 283 76
200 276 69
200 299 56
201 203 61
201 204 20
201 222 4
201 226 53
201 264 23
202 217 11
202 231 59
202 237 32
202 254 88
202 257 99
202 258 67
202 264 19
202 273 51
202 290 49
203 214 45
203 275 61
203 283 40
203 285 47
204 235 54
204 238 95
204 248 49
204 273 7
204 280 9
204 296 66
205 227 44
205 245 83
206 221 6
206 228 73
206 235 58
206 268 74
206 292 28
207 217 71
207 275 45
207 298 31
208 286 23
209 213 67
209 214 93
209 234 34
209 241 50
209 254 80
210 240 84
210 248 69
210 261 99
210 293 35
211 243 17
211 251 95
211 279 95
212 251 56
212 274 94
212 285 1
213 226 50
213 229 42
213 246 59
213 277 11
213 285 59
214 242 2
214 245 93
215 248 65
215 286 74
216 225 50
216 280 90
216 288 53
217 257 72
217 258 35
217 262 83
217 269 95
218 223 53
218 235 75
218 248 28
218 262 55
219 221 7
219 255 11
219 277 23
219 290 57
220 221 45
220 249 39
220 281 51
221 239 92
221 257 46
221 259 44
221 262 44
221 283 48
221 286 38
222 240 2
222 246 58
222 270 96
223 245 55
223 264 50
223 269 12
224 283 81
225 239 51
225 254 2
225 275 33
225 292 23
226 257 88
228 230 16
228 239 69
228 269 92
228 278 42
228 296 96
229 259 46
229 299 100
230 241 58
230 248 20
230 261 56
230 265 55
231 293 10
232 268 59
233 238 98
233 283 56
233 285 54
234 260 41
234 262 55
234 287 91
235 239 94
235 249 12
235 253 87
235 263 48
235 290 13
235 294 50
236 248 28
236 250 15
236 259 51
236 271 61
236 292 89
237 260 90
237 264 28
237 286 57
237 292 82
238 242 21
238 244 4
238 249 79
238 262 21
238 286 14
239 273 99
239 292 76
240 248 68
240 277 8
240 297 86
241 270 17
241 277 15
241 289 40
242 260 57
242 286 69
242 293 30
243 261 2
243 286 32
243 287 68
244 262 1
245 263 44
246 269 18
247 281 81
247 293 59
248 257 20
249 275 41
249 277 47
249 284 62
249 290 20
249 299 56
250 283 43
251 284 40
251 295 59
252 299 73
254 256 12
254 259 72
254 268 23
254 283 40
255 275 91
255 277 31
256 257 25
256 265 7
256 266 97
256 293 64
257 285 15
257 291 66
258 268 46
258 270 16
258 287 97
258 298 13
260 281 17
261 271 93
261 296 82
261 298 97
262 273 3
263 291 54
265 284 89
266 286 1
267 275 15
267 295 60
268 281 56
269 284 9
270 277 99
270 279 67
271 282 81
271 283 63
272 278 38
273 283 4
273 297 2
274 279 29
275 277 86
277 285 26
277 295 87
278 280 82
278 290 42
278 293 2
279 285 47
279 290 87
279 291 17
280 299 96
281 296 51
282 285 85
282 291 88
283 292 85
284 299 81
286 289 90
289 290 38
290 292 21
291 296 90
300 323 12
300 347 22
300 356 25
300 385 5
300 390 12
300 447 3
300 453 14
300 457 4
300 516 24
300 520 3
300 529 1
300 531 17
300 583 5
301 315 19
301 316 24
301 339 14
301 373 6
301 384 3
301 412 9
301 414 10
301 440 20
301 454 15
301 462 6
301 487 6
301 512 25
301 534 9
301 536 8
301 537 11
301 541 23
301 572 24
301 583 16
301 590 11
302 326 23
302 407 15
302 411 15
302 418 11
302 421 20
302 455 3
302 466 16
302 491 18
302 505 8
302 506 16
302 517 11
302 527 12
302 535 12
302 536 9
302 537 2
302 554 19
303 325 12
303 380 10
303 381 4
303 389 8
303 455 1
303 481 9
303 521 13
303 523 1
303 590 20
304 317 23
304 364 13
304 379 17
304 394 23
304 414 4
304 420 2
304 424 22
304 463 20
304 470 17
304 545 9
304 567 14
304 574 21
304 577 25
304 580 8
304 588 5
304 597 17
305 310 20
305 316 16
305 386 3
305 402 6
305 405 17
305 410 22
305 448 17
305 534 4
305 570 2
305 589 1
305 598 4
306 311 12
306 320 15
306 337 6
306 345 6
306 351 12
306 370 21
306 412 22
306 447 12
306 454 1
306 503 1
306 522 8
306 589 20
307 320 19
307 330 19
307 339 11
307 349 14
307 379 18
307 442 20
307 453 19
307 499 11
307 519 15
307 533 11
307 571 14
308 310 20
308 316 5
308 323 12
308 342 13
308 351 8
308 355 15
308 397 15
308 425 13
308 430 1
308 444 4
308 457 21
308 507 7
308 508 18
308 539 16
308 541 5
308 571 6
309 330 16
309 363 5
309 369 13
309 377 12
309 394 23
309 428 8
309 446 22
309 457 14
309 469 25
309 481 19
309 483 9
309 485 13
309 488 8
309 490 19
309 510 3
309 569 4
310 346 25
310 399 14
310 439 18
310 450 9
310 455 5
310 510 7
310 519 22
310 525 5
310 527 10
310 532 19
310 547 11
310 556 4
310 565 11
310 573 18
310 586 9
310 593 3
311 354 22
311 378 24
311 432 14
311 443 22
311 474 6
311 478 13
311 492 12
311 493 8
311 502 6
311 506 20
311 518 20
311 533 15
311 571 15
311 578 22
311 584 20
311 594 15
311 596 12
312 319 12
312 323 23
312 361 16
312 367 18
312 411 21
312 420 22
312 469 4
312 485 16
312 501 8
312 503 10
312 550 1
312 556 2
312 585 18
312 591 3
312 592 23
313 315 18
313 344 19
313 421 21
313 470 1
313 488 6
313 557 7
313 570 8
313 576 13
314 358 1
314 364 4
314 375 2
314 398 16
314 401 2
314 414 21
314 441 7
314 447 15
314 474 7
314 481 6
314 493 5
314 513 1
314 519 4
314 531 1
314 538 4
314 542 19
314 564 10
314 574 13
315 328 22
315 335 11
315 336 8
315 342 1
315 345 11
315 346 2
315 361 19
315 370 6
315 465 2
315 511 24
315 587 15
316 336 11
316 349 11
316 365 15
316 370 14
316 390 14
316 405 7
316 412 15
316 485 11
316 500 15
316 558 6
316 560 19
317 319 21
317 368 10
317 374 19
317 377 1
317 425 13
317 462 25
317 470 21
317 471 24
317 498 14
317 554 17
317 584 12
317 596 23
318 348 18
318 415 24
318 429 25
318 456 13
318 537 6
318 554 1
318 590 12
318 591 20
318 595 12
319 361 24
319 367 12
319 372 2
319 380 15
319 388 18
319 395 19
319 415 25
319 469 10
319 474 24
319 509 21
319 522 5
319 527 11
319 558 14
319 559 7
319 576 23
319 590 15
320 395 2
320 416 23
320 435 6
320 469 21
320 485 11
320 532 3
320 537 15
320 545 9
320 565 2
320 575 2
320 582 15
320 583 5
320 587 15
321 348 9
321 402 16
321 439 14
321 448 20
321 462 17
321 477 5
321 491 15
321 507 12
321 515 6
321 520 24
321 528 11
321 547 1
321 554 5
321 577 21
322 326 17
322 335 11
322 359 20
322 368 6
322 370 14
322 408 19
322 411 11
322 420 9
322 435 5
322 455 14
322 513 23
322 521 13
323 324 17
323 328 25
323 333 4
323 334 21
323 395 14
323 408 13
323 412 13
323 459 4
323 481 9
323 500 7
323 572 8
323 594 23
324 342 18
324 363 14
324 365 23
324 369 3
324 393 16
324 395 4
324 436 25
324 470 7
324 535 14
324 551 21
324 553 15
324 561 3
325 337 15
325 351 2
325 366 13
325 423 21
325 428 17
325 468 11
325 484 10
325 506 9
325 507 12
325 540 14
325 566 4
325 568 2
326 340 1
326 343 19
326 353 6
326 360 11
326 407 25
326 495 15
326 532 11
326 546 17
326 556 5
326 571 8
326 584 22
326 593 21
326 597 12
327 370 23
327 377 4
327 399 2
327 408 19
327 410 18
327 411 6
327 417 10
327 441 20
327 442 19
327 456 7
327 458 11
327 470 6
327 472 16
327 481 21
327 514 17
327 541 4
327 560 25
328 337 20
328 343 6
328 369 18
328 373 25
328 408 17
328 422 19
328 429 17
328 447 2
328 531 10
328 562 23
329 330 11
329 331 8
329 337 18
329 371 22
329 380 6
329 410 22
329 412 1
329 413 1
329 416 16
329 419 6
329 429 10
329 431 12
329 453 1
329 457 18
329 461 23
329 468 6
329 490 8
329 544 18
329 548 24
329 551 12
329 553 19
329 599 19
330 366 19
330 367 13
330 472 20
330 486 10
330 530 6
330 541 11
330 552 13
330 570 18
330 586 9
330 591 24
331 345 25
331 346 3
331 348 22
331 359 5
331 362 1
331 383 24
331 460 7
331 472 19
331 479 5
331 485 18
331 488 5
331 539 5
331 549 10
331 560 2
331 564 13
331 598 18
332 338 22
332 364 11
332 385 6
332 412 17
332 452 6
332 456 24
332 474 5
332 478 1
332 488 11
332 502 12
332 568 13
332 583 23
333 353 6
333 370 23
333 383 23
333 402 6
333 412 3
333 458 22
333 471 12
333 475 3
333 482 20
333 496 19
333 503 23
333 505 24
333 511 11
333 516 3
333 522 6
333 528 23
333 534 6
333 580 18
333 586 15
333 589 2
333 599 5
334 375 22
334 376 21
334 380 11
334 403 20
334 410 2
334 460 11
334 466 5
334 470 13
334 488 25
334 495 5
334 497 21
334 510 23
334 532 4
334 558 1
335 354 25
335 357 25
335 368 14
335 386 4
335 450 20
335 456 9
335 471 2
335 509 20
335 518 22
335 523 4
335 578 2
335 584 19
335 588 9
335 592 21
336 346 8
336 372 13
336 390 1
336 404 4
336 414 8
336 459 13
336 472 25
336 485 11
336 491 23
336 533 7
337 375 25
337 383 24
337 389 13
337 417 20
337 432 21
337 437 16
337 438 20
337 441 22
337 455 16
337 481 11
337 487 1
337 499 12
337 519 19
337 525 4
337 557 6
337 558 15
337 559 7
337 563 8
338 387 8
338 404 17
338 405 3
338 406 17
338 417 6
338 424 5
338 457 22
338 487 15
338 510 17
338 517 24
338 590 25
339 341 16
339 367 7
339 396 25
339 400 15
339 423 19
339 425 19
339 480 12
339 481 9
339 533 16
339 549 9
339 569 1
339 571 3
340 345 11
340 347 12
340 375 21
340 384 14
340 389 18
340 412 13
340 430 22
340 446 2
340 463 22
340 467 13
340 468 6
340 499 16
340 568 21
340 582 11
340 585 14
341 351 10
341 362 4
341 381 12
341 407 12
341 425 20
341 484 18
341 504 11
341 509 11
341 521 13
341 558 6
341 567 22
341 592 22
342 351 23
342 365 7
342 369 22
342 385 25
342 407 17
342 441 11
342 466 23
342 482 5
342 503 5
342 511 12
342 517 1
342 570 6
343 374 8
343 400 16
343 449 13
343 455 25
343 483 11
343 525 23
343 539 14
343 540 22
343 551 2
343 556 2
343 575 8
343 580 23
343 589 22
343 594 20
344 358 8
344 359 9
344 361 3
344 366 4
344 369 5
344 395 2
344 397 11
344 415 4
344 430 2
344 454 4
344 491 14
344 496 1
344 529 9
344 548 18
344 573 12
344 576 11
345 357 25
345 362 19
345 378 3
345 387 12
345 389 19
345 393 15
345 440 12
345 449 9
345 468 12
345 483 15
345 500 10
345 511 21
345 513 12
345 541 6
345 592 18
346 355 19
346 406 15
346 408 20
346 410 24
346 439 21
346 465 21
346 480 11
346 517 1
346 526 24
346 541 15
346 542 16
346 596 24
347 348 25
347 387 8
347 418 10
347 443 10
347 467 9
347 508 6
347 519 15
347 542 23
347 587 1
347 593 4
348 356 9
348 372 9
348 397 15
348 417 23
348 434 20
348 452 11
348 459 11
348 473 1
348 557 5
348 598 6
349 352 17
349 376 24
349 416 4
349 451 14
349 464 21
349 480 15
349 558 15
349 565 20
349 571 4
349 573 5
349 582 20
349 585 3
349 589 15
349 596 5
350 380 14
350 381 23
350 418 12
350 422 3
350 428 20
350 454 14
350 459 7
350 462 5
350 463 24
350 506 23
350 553 4
350 555 18
350 556 10
350 569 14
350 581 20
350 595 14
350 596 19
351 396 13
351 412 12
351 421 25
351 440 2
351 548 10
351 549 14
351 554 16
351 570 4
351 579 19
352 401 20
352 411 23
352 425 23
352 515 9
352 534 4
352 550 11
352 579 9
353 354 17
353 374 16
353 400 5
353 406 5
353 414 24
353 418 12
353 423 5
353 428 21
353 436 15
353 443 25
353 445 6
353 458 6
353 465 19
353 476 19
353 483 1
353 511 9
353 516 8
353 540 25
353 588 10
353 590 17
353 593 13
354 360 25
354 405 22
354 415 8
354 428 21
354 441 19
354 454 5
354 478 7
354 499 25
354 525 18
354 568 17
354 580 18
354 599 8
355 412 23
355 420 23
355 450 8
355 467 9
355 473 4
355 507 3
355 514 1
355 545 3
355 558 10
355 577 6
356 368 22
356 371 6
356 404 6
356 440 7
356 491 13
356 494 6
356 495 16
356 522 6
356 528 20
356 537 17
356 560 2
356 564 3
357 406 14
357 448 22
357 450 9
357 455 20
357 461 23
357 543 3
357 550 13
357 586 16
358 383 10
358 433 11
358 451 15
358 457 19
358 458 19
358 464 18
358 466 22
358 472 21
358 549 21
358 554 6
358 565 1
358 585 19
358 593 11
358 598 9
359 412 25
359 413 25
359 444 16
359 463 15
359 549 5
359 555 10
359 580 8
360 392 8
360 405 14
360 408 21
360 426 7
360 430 25
360 447 18
360 476 4
360 484 2
360 486 7
360 488 19
360 518 14
360 523 17
360 567 8
360 576 7
360 596 13
361 371 3
361 407 3
361 421 8
361 423 23
361 454 11
361 488 11
361 501 16
361 505 21
361 520 19
361 526 15
361 545 23
361 555 9
361 557 6
361 559 4
361 563 20
361 570 15
362 363 12
362 376 9
362 378 10
362 402 18
362 404 8
362 423 4
362 424 23
362 428 9
362 443 11
362 454 19
362 458 24
362 461 4
362 471 3
362 506 6
362 544 16
362 548 5
362 565 8
362 568 1
362 572 2
363 379 20
363 471 11
363 526 19
363 554 18
363 572 6
363 575 10
363 585 15
364 390 14
364 406 15
364 420 18
364 425 10
364 439 6
364 448 6
364 451 18
364 474 16
364 478 25
364 521 2
364 531 21
364 553 23
364 563 13
364 568 8
364 579 18
364 580 11
365 371 12
365 379 20
365 388 16
365 393 4
365 400 25
365 435 1
365 441 4
365 445 1
365 469 22
365 486 16
365 527 20
365 566 14
365 568 21
365 599 6
366 383 3
366 402 11
366 449 21
366 467 23
366 484 21
366 499 1
366 577 3
366 587 15
367 432 18
367 452 5
367 490 19
367 502 16
367 504 4
367 520 6
367 528 23
367 566 21
367 571 18
367 576 9
368 373 15
368 418 11
368 423 13
368 438 14
368 449 13
368 456 18
368 464 17
368 467 9
368 477 9
368 505 13
368 514 23
368 516 6
368 518 18
368 541 2
368 555 19
368 560 15
369 389 1
369 399 16
369 419 18
369 421 6
369 473 5
369 488 12
369 497 10
369 519 23
369 539 2
369 540 13
369 556 5
369 561 25
369 563 10
369 582 25
369 588 10
370 404 24
370 452 12
370 468 24
370 472 15
370 480 24
370 536 17
370 583 8
370 586 9
371 376 2
371 424 22
371 438 6
371 453 9
371 478 14
371 482 10
371 489 4
371 513 6
371 535 10
371 539 19
371 566 25
371 567 15
371 569 1
371 577 11
372 374 1
372 378 25
372 412 15
372 416 15
372 421 5
372 435 16
372 449 24
372 452 6
372 461 25
372 466 23
372 472 17
372 488 1
372 497 14
372 501 15
372 505 19
372 539 23
372 573 23
372 588 20
372 598 19
373 386 6
373 394 5
373 395 9
373 403 17
373 405 9
373 414 14
373 416 1
373 446 2
373 495 13
373 508 18
373 551 2
373 554 1
373 564 18
373 565 2
373 572 15
373 598 8
374 398 8
374 421 5
374 433 6
374 475 15
374 489 6
374 490 5
374 499 6
374 535 6
374 553 20
375 413 22
375 429 24
375 444 17
375 464 21
375 486 20
375 497 10
375 506 1
375 522 25
375 535 19
375 539 17
376 401 8
376 419 9
376 451 20
376 452 11
376 475 22
376 484 12
376 552 15
376 570 24
376 599 4
377 381 18
377 387 13
377 389 13
377 390 25
377 402 17
377 426 21
377 429 14
377 430 22
377 436 25
377 440 21
377 455 3
377 534 20
377 558 17
378 395 3
378 406 13
378 424 12
378 447 23
378 455 23
378 469 15
378 503 22
378 504 18
378 507 6
378 564 6
378 587 1
379 383 2
379 394 16
379 408 24
379 425 13
379 431 7
379 491 22
379 547 19
379 548 24
379 564 9
379 590 6
380 395 23
380 408 2
380 410 1
380 416 13
380 442 1
380 456 3
380 512 8
380 513 3
380 517 24
380 539 24
380 541 5
380 548 11
380 551 13
380 563 4
381 425 10
381 439 2
381 454 25
381 471 2
381 510 7
381 523 7
381 552 5
381 555 11
382 414 25
382 415 3
382 418 23
382 422 6
382 462 25
382 464 16
382 475 5
382 497 10
382 505 24
382 565 4
383 390 14
383 396 1
383 398 17
383 412 14
383 416 3
383 418 1
383 477 18
384 400 3
384 416 2
384 421 24
384 435 14
384 472 14
384 488 3
384 495 23
384 500 15
384 504 2
384 530 2
384 533 23
384 536 11
384 540 6
384 574 8
385 455 10
385 492 10
385 506 8
385 512 15
385 528 11
385 548 25
386 392 21
386 396 21
386 400 23
386 409 25
386 411 11
386 432 1
386 438 18
386 439 24
386 460 5
386 508 18
386 510 16
386 511 8
387 401 19
387 417 14
387 445 23
387 475 9
387 493 16
387 507 22
387 524 25
387 527 20
387 529 23
387 535 23
387 563 5
387 585 5
388 389 7
388 390 14
388 400 15
388 435 14
388 451 5
388 464 25
388 499 14
388 500 1
388 524 22
388 536 13
388 557 25
388 563 7
388 570 13
388 578 19
388 583 5
388 596 20
389 426 11
389 441 22
389 444 2
389 543 7
389 555 11
389 572 24
389 582 17
389 590 1
389 593 20
390 393 17
390 394 22
390 432 20
390 441 14
390 449 3
390 457 24
390 467 22
390 472 18
390 500 13
390 521 13
390 534 23
390 537 15
390 542 3
390 561 23
390 570 11
390 586 15
391 411 24
391 415 18
391 447 5
391 475 17
391 516 24
391 527 24
391 530 4
391 535 21
391 576 2
391 579 12
391 598 8
392 407 25
392 433 4
392 437 8
392 451 21
392 452 20
392 493 7
392 494 15
392 520 10
392 526 9
392 548 14
392 550 6
392 552 2
392 555 3
393 416 18
393 418 1
393 427 17
393 468 20
393 482 25
393 492 3
393 506 12
393 516 25
393 519 22
393 549 18
393 555 16
393 565 22
393 567 18
393 573 21
393 577 17
393 579 19
394 519 8
394 542 24
394 544 20
394 562 11
394 563 9
395 409 15
395 416 7
395 455 17
395 460 5
395 464 16
395 469 2
395 475 20
395 485 23
395 506 3
395 509 22
395 529 18
396 464 5
396 487 14
396 492 14
396 501 4
396 512 18
396 582 25
396 586 3
396 588 14
396 595 19
397 424 20
397 486 12
397 505 11
397 530 16
397 532 6
397 545 6
397 554 25
397 572 6
397 585 2
397 599 12
398 420 14
398 422 19
398 432 18
398 465 7
398 470 25
398 471 10
398 475 9
398 519 19
398 542 7
398 578 13
399 422 17
399 424 24
399 432 18
399 442 5
399 550 13
399 551 21
399 565 24
399 584 14
400 404 24
400 414 12
400 419 8
400 426 20
400 497 1
400 500 20
400 516 12
400 532 6
400 561 3
400 573 11
401 438 11
401 439 4
401 459 24
401 489 2
401 490 22
401 503 18
401 506 8
401 507 21
401 509 2
401 517 16
401 519 16
401 547 9
401 592 6
402 439 8
402 454 9
402 460 23
402 474 12
402 479 21
402 494 18
402 496 11
402 523 10
402 525 18
402 529 24
402 569 19
403 421 15
403 425 1
403 426 15
403 430 1
403 467 6
403 479 17
403 482 14
403 494 17
403 514 23
403 523 12
403 551 18
403 569 19
403 577 5
403 585 2
403 594 17
404 422 6
404 423 20
404 437 7
404 441 16
404 454 25
404 474 14
404 486 25
404 547 22
404 548 3
404 551 22
405 409 16
405 415 15
405 440 6
405 460 11
405 465 15
405 475 1
405 488 2
405 552 16
405 572 16
405 574 2
406 445 23
406 454 9
406 522 15
406 555 14
406 560 6
406 574 4
406 593 8
406 599 25
407 423 8
407 445 12
407 473 18
407 497 15
407 507 6
407 544 1
407 551 8
407 565 5
407 584 17
407 586 7
407 593 3
407 597 21
408 410 3
408 443 20
408 447 10
408 467 11
408 493 7
408 516 1
408 523 11
408 538 8
408 548 18
408 572 3
409 414 10
409 422 16
409 429 12
409 432 1
409 441 6
409 446 17
409 449 4
409 450 16
409 457 18
409 489 13
409 501 2
409 585 10
410 425 5
410 465 9
410 471 13
410 493 12
410 501 13
410 509 4
410 515 20
410 537 17
410 549 24
410 593 24
410 594 11
410 595 10
410 596 9
410 598 20
411 453 12
411 464 22
411 467 2
411 521 5
411 524 24
411 548 13
411 549 22
411 553 12
411 570 14
411 578 4
411 588 4
411 593 19
411 599 21
412 453 23
412 455 9
412 459 22
412 494 10
412 513 15
412 526 5
412 529 22
412 542 3
412 570 19
412 577 25
412 586 22
413 414 12
413 430 25
413 434 20
413 464 25
413 488 9
413 498 6
413 519 19
413 522 20
413 524 2
413 527 22
413 530 1
413 547 2
413 548 10
413 561 22
413 574 14
414 454 25
414 517 3
414 528 19
414 539 20
414 569 23
414 575 18
415 420 5
415 470 22
415 496 2
415 517 19
415 539 3
415 549 25
415 588 21
415 594 24
416 417 24
416 425 19
416 460 10
416 461 25
416 491 14
416 502 9
416 526 10
416 543 19
416 568 4
416 590 5
416 599 22
417 436 1
417 440 7
417 446 25
417 458 10
417 492 6
417 495 13
417 503 11
417 557 8
417 572 8
417 584 5
418 434 7
418 466 1
418 507 12
418 535 3
418 553 4
418 599 5
419 426 6
419 436 4
419 438 3
419 462 4
419 467 4
419 509 21
419 511 15
419 523 4
419 554 9
419 578 1
420 434 13
420 446 4
420 453 4
420 475 19
420 477 2
420 486 4
420 490 1
420 512 2
420 550 15
420 560 6
420 569 16
420 574 2
420 591 13
421 422 24
421 482 9
421 493 19
421 518 1
421 525 20
421 541 24
421 566 4
421 569 1
422 423 4
422 454 7
422 485 3
422 487 9
422 496 11
422 501 24
422 511 25
422 520 14
422 522 9
422 523 25
422 547 3
423 424 15
423 457 4
423 466 22
423 560 16
423 563 9
423 597 22
424 434 19
424 452 1
424 461 4
424 474 10
424 480 2
424 497 18
424 499 8
424 556 12
424 576 13
424 587 10
425 456 6
425 485 11
425 509 13
425 518 7
425 527 16
425 563 20
425 574 9
425 583 1
425 599 7
426 427 9
426 441 1
426 453 22
426 455 20
426 461 25
426 464 24
426 469 9
426 487 3
426 492 22
426 497 1
426 523 14
426 525 20
426 532 20
426 542 14
426 576 23
426 597 4
427 491 17
427 508 15
427 524 13
427 529 4
427 530 3
427 552 22
427 583 11
428 449 15
428 518 11
428 543 17
429 435 6
429 440 7
429 463 3
429 477 8
429 523 13
429 528 11
429 551 8
429 558 9
429 563 5
429 596 8
429 597 10
430 432 15
430 495 12
430 541 6
430 555 16
430 568 2
430 592 1
431 461 10
431 479 17
431 490 23
431 494 15
431 562 9
431 584 15
431 585 2
432 450 14
432 460 19
432 461 25
432 463 24
432 483 10
432 559 10
432 596 16
433 460 17
433 512 19
433 523 20
433 532 25
433 535 6
433 580 7
434 447 7
434 454 17
434 472 14
434 477 16
434 486 1
434 489 3
434 516 5
434 535 8
434 566 18
435 444 8
435 466 8
435 473 4
435 484 25
435 515 8
435 561 20
435 566 8
435 576 24
436 439 23
436 448 21
436 455 17
436 459 22
436 479 19
436 480 1
436 519 9
436 555 11
437 470 18
437 514 2
437 554 5
437 565 19
437 583 9
437 599 12
438 518 2
438 520 25
438 536 25
438 558 20
438 589 2
439 441 4
439 447 1
439 455 10
439 465 24
439 480 8
439 498 19
439 504 4
439 538 7
439 543 1
439 559 24
439 563 16
440 470 1
440 485 21
440 506 13
440 520 17
440 526 20
440 543 7
440 586 20
441 475 3
441 511 19
441 515 14
441 531 6
441 548 1
441 552 7
441 579 14
441 586 14
442 485 10
442 557 16
442 567 15
442 579 4
442 594 19
443 444 18
443 455 4
443 456 5
443 519 18
443 539 12
443 568 24
443 580 22
443 596 18
444 456 1
444 461 20
444 486 11
444 512 2
444 519 15
444 524 23
444 562 20
444 597 9
445 476 6
445 494 16
445 501 13
445 502 25
445 503 4
445 541 20
445 548 2
445 557 12
445 559 11
446 448 15
446 462 22
446 466 1
446 554 4
446 593 25
446 596 21
447 484 23
447 486 6
447 509 1
447 546 16
447 557 17
447 573 1
447 576 12
447 580 11
447 589 1
448 450 8
448 460 21
448 471 4
448 473 22
448 474 19
448 504 24
448 525 8
448 568 1
449 521 14
449 547 22
449 587 25
449 597 20
450 480 17
450 486 1
450 491 6
450 497 2
450 500 17
450 530 4
450 555 4
451 459 20
451 473 6
451 475 24
451 484 20
451 537 11
452 474 1
452 479 10
452 491 4
452 496 1
452 498 23
452 524 14
452 526 4
452 593 5
453 465 12
453 467 7
453 505 3
453 531 7
453 550 7
453 551 10
453 583 7
453 586 23
454 477 9
454 488 9
454 498 17
454 509 25
454 528 11
454 582 24
455 462 3
455 510 3
455 526 3
455 537 6
455 551 24
455 586 10
455 590 6
455 594 18
455 599 20
456 459 9
456 478 2
456 552 23
456 555 9
456 565 1
456 590 13
457 488 14
457 505 5
457 524 24
457 542 23
457 577 8
458 460 7
458 480 6
458 494 19
458 501 14
458 554 3
458 563 2
458 577 22
459 469 21
459 484 1
459 486 7
459 498 20
459 535 5
459 538 11
459 555 24
459 599 10
460 462 10
460 479 8
460 491 18
460 510 2
461 491 4
461 499 1
461 515 6
461 521 1
461 536 11
461 558 6
461 592 13
462 465 25
462 468 11
462 495 14
462 531 22
462 545 18
462 568 20
462 575 2
462 584 13
462 588 10
463 532 7
463 556 15
463 587 8
464 465 2
464 468 17
464 518 15
464 540 23
464 546 22
464 553 2
464 566 21
464 568 8
465 469 11
465 543 5
465 550 25
465 555 15
465 559 8
465 561 2
465 562 20
465 565 10
465 587 13
465 590 2
466 481 25
466 573 12
466 587 14
467 504 13
467 529 10
467 538 8
467 548 9
467 563 13
467 587 21
468 486 19
468 515 21
468 518 10
468 559 1
468 570 23
468 574 1
468 589 17
469 498 20
469 499 24
469 512 19
469 539 18
469 561 7
469 567 6
469 576 22
469 584 8
470 491 20
470 513 7
470 538 10
470 554 16
470 574 16
471 526 24
471 533 18
471 543 15
471 548 12
471 583 6
471 594 4
472 503 23
472 535 14
472 558 13
473 516 10
473 517 9
473 524 8
473 529 8
473 581 20
473 588 10
473 590 5
474 508 22
474 534 2
474 553 1
474 582 21
475 477 22
475 486 18
475 509 4
475 511 2
475 545 17
475 550 13
475 580 24
475 582 23
475 594 24
476 492 14
476 495 15
476 519 22
476 525 8
476 529 5
476 564 8
476 578 14
476 590 10
477 500 5
477 512 4
477 532 24
477 569 17
477 582 14
478 515 6
478 530 24
478 549 8
478 569 18
479 509 5
479 521 4
479 536 19
479 541 5
479 582 1
480 488 17
480 502 25
480 503 4
480 532 20
480 593 18
481 513 19
481 537 18
481 565 15
481 583 17
482 495 7
482 536 4
482 542 16
482 588 16
483 508 10
483 532 25
483 538 4
483 551 20
483 591 7
483 598 9
484 511 20
484 516 23
484 528 22
485 532 3
485 546 23
485 566 4
485 574 20
486 499 4
486 509 10
486 536 15
486 591 10
487 546 10
487 577 6
487 582 11
488 524 16
488 565 25
488 578 3
488 580 9
488 581 18
488 587 17
488 591 2
488 592 1
489 493 23
489 506 17
489 508 16
489 526 7
490 500 17
490 510 22
490 513 3
490 538 23
490 541 5
490 592 25
491 501 22
491 510 2
491 524 2
491 538 21
491 570 7
491 589 21
492 498 24
492 502 18
492 504 10
492 526 10
492 531 3
492 549 15
492 562 21
492 572 20
492 584 16
493 495 23
493 514 5
493 535 8
493 542 17
493 546 6
493 575 10
494 497 14
494 500 23
494 501 3
494 554 22
494 565 16
494 590 24
494 593 2
494 598 15
495 500 5
495 518 1
495 562 11
495 593 6
495 597 2
496 540 8
496 557 15
497 528 24
497 558 8
497 570 7
497 598 8
498 562 17
498 592 11
499 505 24
499 507 14
499 520 5
499 527 14
499 535 12
500 554 9
500 565 24
500 572 5
500 577 15
500 584 10
500 588 20
501 508 14
501 532 12
501 534 18
502 510 6
502 515 12
503 506 21
503 511 20
503 522 17
503 528 21
503 551 7
503 591 24
504 511 24
504 556 16
504 565 13
505 524 24
505 566 23
505 579 22
505 592 6
505 597 16
506 511 7
506 550 6
507 559 5
508 509 14
508 532 22
508 537 18
508 558 22
508 567 22
508 571 24
508 579 13
508 584 6
509 565 18
509 572 3
509 577 20
509 578 10
509 584 10
510 521 6
510 537 8
510 547 6
510 569 22
510 576 3
511 522 14
511 531 21
511 548 4
511 550 4
511 568 10
511 576 2
511 587 3
511 588 8
512 519 10
512 533 19
512 567 15
512 584 17
513 540 25
513 546 5
513 593 13
513 596 19
514 561 3
514 564 9
515 529 17
515 533 18
515 557 17
515 594 11
516 562 20
516 576 11
516 581 22
516 593 7
517 520 16
517 548 4
517 598 12
518 530 15
518 558 9
518 562 1
518 587 10
518 593 12
519 527 4
519 529 21
519 531 15
519 535 7
519 538 4
519 545 1
519 547 2
519 573 20
519 590 18
520 573 1
520 591 24
520 595 7
520 596 21
521 532 1
521 554 18
521 581 12
521 585 18
522 598 11
523 524 22
523 528 15
523 564 21
523 573 18
524 535 21
524 551 13
524 556 22
525 533 7
525 553 4
525 557 5
525 598 9
526 546 13
527 578 18
527 585 13
528 540 11
528 553 9
528 559 21
529 543 14
529 550 10
529 566 24
530 533 10
530 534 4
530 539 1
530 541 8
530 549 12
530 555 21
530 557 10
530 573 6
531 536 9
531 587 5
531 590 16
532 565 5
532 566 21
532 569 13
532 575 24
533 535 18
533 549 3
533 569 22
533 596 1
534 558 6
534 578 3
535 554 10
535 579 21
536 574 22
536 582 22
536 583 6
536 585 6
536 594 19
537 546 21
537 560 17
537 587 17
537 591 7
537 597 22
538 541 17
538 545 16
538 559 10
538 597 12
539 546 2
539 554 16
540 562 22
540 566 6
540 574 8
540 576 1
541 544 3
542 584 23
543 567 1
543 595 20
544 598 25
545 560 25
545 568 21
545 588 7
546 564 2
546 568 5
546 574 4
546 577 24
546 598 3
547 548 9
547 558 6
547 594 23
548 569 6
548 572 22
548 599 14
549 561 14
550 559 20
551 569 7
551 570 4
551 576 4
551 579 20
551 589 6
552 564 19
553 559 16
553 569 13
554 557 4
554 558 18
554 567 16
554 592 1
555 560 18
555 599 10
556 574 2
557 595 19
558 590 7
558 594 10
559 560 21
561 573 11
562 597 14
564 585 21
565 593 15
566 590 24
566 595 3
566 596 12
567 572 5
569 573 24
569 594 2
570 571 20
571 586 20
572 599 10
573 582 24
574 578 23
574 586 4
574 592 4
576 595 19
576 598 19
576 599 16
578 598 24
580 585 13
580 594 8
581 587 24
582 585 8
582 589 18
583 593 2
583 594 1
585 592 1
585 599 11
586 594 23
586 597 12
587 593 24
588 591 18
600 299 78
601 599 16
600 601 94
602 608 7
602 609 6
602 621 2
602 624 9
602 655 5
602 687 7
602 740 10
602 754 3
602 775 2
602 777 2
602 782 7
602 801 1
602 815 4
602 825 3
602 828 6
602 866 10
602 867 2
602 868 10
602 870 3
602 876 7
603 649 10
603 672 7
603 682 10
603 695 6
603 700 7
603 705 1
603 724 4
603 741 8
603 749 1
603 773 9
603 805 4
603 844 7
604 612 6
604 628 5
604 637 8
604 654 2
604 688 3
604 703 7
604 740 4
604 745 6
604 751 8
604 797 10
604 802 8
604 806 3
604 819 2
604 865 3
604 877 2
605 629 6
605 637 3
605 644 6
605 664 4
605 677 4
605 684 3
605 686 3
605 698 9
605 703 1
605 716 3
605 758 2
605 759 10
605 807 3
605 843 2
605 847 3
605 857 1
605 894 7
606 613 9
606 629 10
606 640 8
606 648 3
606 653 6
606 659 2
606 701 9
606 728 5
606 761 3
606 779 6
606 781 8
606 859 7
606 870 9
606 897 9
607 633 2
607 662 3
607 695 5
607 722 5
607 760 6
607 780 9
607 788 7
607 826 4
607 846 1
607 850 1
607 870 8
607 874 10
608 637 3
608 652 9
608 663 4
608 673 5
608 703 6
608 713 4
608 727 5
608 736 3
608 756 6
608 765 2
608 781 6
608 793 4
608 803 7
608 810 9
608 826 10
608 828 6
608 855 7
608 877 10
608 883 4
609 620 8
609 625 2
609 654 10
609 670 2
609 702 9
609 709 10
609 740 10
609 762 4
609 769 10
609 793 2
609 800 1
609 810 1
609 824 6
609 865 10
609 872 6
609 877 10
610 611 7
610 673 9
610 686 6
610 695 1
610 728 5
610 756 8
610 761 9
610 799 8
610 809 6
610 815 9
610 849 9
610 853 1
610 872 5
610 887 8
610 898 6
611 708 2
611 733 1
611 796 6
611 799 5
611 816 9
611 827 7
611 842 6
611 846 3
611 863 9
611 867 7
611 873 5
611 881 9
611 882 2
611 899 6
612 616 5
612 646 3
612 665 2
612 689 5
612 712 9
612 730 5
612 742 9
612 760 6
612 800 3
612 849 9
612 894 1
613 614 3
613 629 9
613 642 3
613 696 7
613 786 9
613 793 8
613 832 10
613 849 9
613 862 5
613 863 4
613 877 10
613 888 2
614 619 1
614 687 2
614 706 10
614 707 7
614 726 6
614 773 10
614 778 10
614 797 4
614 827 6
614 836 2
614 865 5
614 884 1
614 890 10
614 892 1
614 896 1
615 637 7
615 649 5
615 704 9
615 707 9
615 710 7
615 712 10
615 716 1
615 788 3
615 791 8
615 835 9
615 880 4
615 883 6
615 893 5
616 634 7
616 658 5
616 672 6
616 681 9
616 684 8
616 689 7
616 714 7
616 716 6
616 719 7
616 737 6
616 759 9
616 794 4
616 824 8
616 830 5
616 876 4
617 626 9
617 655 6
617 685 7
617 686 6
617 690 2
617 723 7
617 742 6
617 766 9
617 792 6
617 795 9
617 815 3
617 832 3
617 867 7
617 871 7
618 697 1
618 746 1
618 778 5
618 794 7
618 812 9
618 813 4
618 843 7
618 859 5
618 868 10
618 877 2
618 879 3
618 897 8
619 641 2
619 657 7
619 669 7
619 688 6
619 699 2
619 722 5
619 788 3
619 800 8
619 805 2
619 835 7
619 856 5
619 889 10
619 891 5
620 658 2
620 690 8
620 705 7
620 730 5
620 734 6
620 755 5
620 774 7
620 811 8
620 835 2
620 840 3
620 842 6
620 858 5
620 871 9
620 886 3
620 891 6
621 637 2
621 664 5
621 681 5
621 695 5
621 704 3
621 737 1
621 784 3
621 792 5
621 817 8
621 818 5
621 855 4
621 861 9
621 885 1
621 888 10
622 688 8
622 705 7
622 729 2
622 744 7
622 770 6
622 788 8
622 790 2
622 856 10
622 878 4
622 887 10
623 631 3
623 668 8
623 680 5
623 686 7
623 696 9
623 717 9
623 753 5
623 838 10
623 858 4
623 883 9
624 657 5
624 711 6
624 736 2
624 744 7
624 754 2
624 755 9
624 763 3
624 776 8
624 780 9
624 802 6
624 811 7
624 812 9
624 819 2
624 830 10
624 839 5
624 856 9
624 900 9
625 632 7
625 649 1
625 705 2
625 778 6
625 798 3
625 825 2
625 829 2
625 853 2
626 644 10
626 657 1
626 702 8
626 747 1
626 752 4
626 771 8
626 786 7
626 787 1
626 812 9
626 861 3
627 645 5
627 646 7
627 652 8
627 666 2
627 716 6
627 750 5
627 759 10
627 768 4
627 814 8
627 816 10
627 844 8
627 877 7
627 879 8
627 894 6
628 634 7
628 635 2
628 638 1
628 640 1
628 670 5
628 703 3
628 717 2
628 726 4
628 741 3
628 773 9
628 775 6
628 800 8
628 815 7
628 865 3
629 663 10
629 678 5
629 683 5
629 698 4
629 711 4
629 719 4
629 735 7
629 740 1
629 744 8
629 796 7
629 801 6
629 815 6
629 822 8
629 851 5
629 858 2
630 655 5
630 663 1
630 682 10
630 693 8
630 720 1
630 783 10
630 792 4
630 805 5
630 830 4
630 888 7
631 678 9
631 704 4
631 735 3
631 754 8
631 764 10
631 773 7
631 775 8
631 776 7
631 777 3
631 795 3
631 806 2
631 813 7
631 833 10
631 837 2
631 878 6
631 882 6
631 885 9
631 887 1
632 641 3
632 661 3
632 669 4
632 672 9
632 681 5
632 692 5
632 695 9
632 703 6
632 707 7
632 762 2
632 777 2
632 785 10
632 848 1
633 649 1
633 655 3
633 666 5
633 698 10
633 703 5
633 707 1
633 710 7
633 713 3
633 726 3
633 739 10
633 740 4
633 748 9
633 759 1
633 785 7
633 809 7
633 810 6
633 818 5
633 879 7
634 652 10
634 681 9
634 712 3
634 740 10
634 766 4
634 780 7
634 810 10
634 832 1
634 864 3
634 870 2
634 899 2
635 641 2
635 648 4
635 693 4
635 762 7
635 781 8
635 793 4
635 851 1
635 868 8
636 657 2
636 670 3
636 678 2
636 679 3
636 684 8
636 693 3
636 694 3
636 709 4
636 730 9
636 743 10
636 796 10
636 799 5
636 818 1
636 819 8
636 838 7
636 847 1
636 869 1
636 884 6
637 642 10
637 651 1
637 669 8
637 677 3
637 680 5
637 743 2
637 761 6
637 765 8
637 767 8
637 816 3
637 828 3
637 838 10
637 875 2
638 648 5
638 684 4
638 692 4
638 712 7
638 723 1
638 735 6
638 738 10
638 744 6
638 759 6
638 789 1
638 798 5
638 808 10
638 812 2
638 820 4
638 844 9
638 851 2
638 853 5
638 860 6
639 646 3
639 647 7
639 675 3
639 703 6
639 707 3
639 709 6
639 747 3
639 752 3
639 753 5
639 756 6
639 784 5
639 794 4
639 801 9
639 833 9
639 848 9
639 853 4
639 863 8
639 884 1
640 642 1
640 662 9
640 668 6
640 677 6
640 768 9
640 780 2
640 791 8
640 812 10
640 846 6
641 659 6
641 673 3
641 689 2
641 700 3
641 729 6
641 731 8
641 737 5
641 738 3
641 742 1
641 747 1
641 755 5
641 761 3
641 800 5
641 808 2
641 813 9
641 829 1
641 836 1
641 877 10
641 889 1
641 894 6
642 650 7
642 652 2
642 669 7
642 677 7
642 745 9
642 747 2
642 754 7
642 766 1
642 796 9
642 802 7
642 804 6
642 810 6
642 839 1
642 858 7
642 861 8
643 656 8
643 695 6
643 704 5
643 724 2
643 741 8
643 751 7
643 769 7
643 792 2
643 840 1
643 867 10
643 870 1
643 879 3
643 880 2
643 884 10
643 885 4
644 666 8
644 675 8
644 710 7
644 717 4
644 719 6
644 743 5
644 745 5
644 775 2
644 798 7
644 823 6
644 867 10
644 870 2
644 884 3
645 646 1
645 681 10
645 696 1
645 704 10
645 735 8
645 767 5
645 776 2
645 777 5
645 783 1
645 818 10
645 828 9
645 850 3
645 851 9
645 859 9
645 879 8
645 882 1
646 674 10
646 698 3
646 726 10
646 731 9
646 756 9
646 769 3
646 790 4
646 810 5
646 819 9
646 858 7
646 887 2
647 651 6
647 688 7
647 691 5
647 696 9
647 709 9
647 733 7
647 763 9
647 786 8
647 797 4
647 826 5
647 832 9
647 867 10
647 880 7
648 658 10
648 665 8
648 672 1
648 711 9
648 728 8
648 741 10
648 753 1
648 763 9
648 775 2
648 818 10
648 822 9
648 827 2
648 841 4
648 853 4
648 856 9
648 897 2
649 665 1
649 688 10
649 706 10
649 732 7
649 743 4
649 768 8
649 772 5
649 775 10
649 785 8
649 833 4
649 835 5
649 846 2
649 860 5
650 662 5
650 672 10
650 675 4
650 686 4
650 693 10
650 702 2
650 730 4
650 735 2
650 744 4
650 750 4
650 763 3
650 813 3
650 831 3
650 842 7
650 897 6
651 674 6
651 690 5
651 726 10
651 739 8
651 775 6
651 776 9
651 808 4
651 817 1
651 858 8
651 860 10
651 872 3
651 878 5
652 680 6
652 683 7
652 725 8
652 747 10
652 779 3
652 797 7
652 824 3
652 892 9
653 704 8
653 713 7
653 722 2
653 723 9
653 748 10
653 772 5
653 780 4
653 789 3
653 806 7
653 854 2
653 861 10
653 869 5
653 875 8
653 877 1
653 878 2
654 667 3
654 711 1
654 719 8
654 772 3
654 805 8
654 861 9
654 869 7
654 874 2
654 887 4
655 657 4
655 693 9
655 705 3
655 712 8
655 741 7
655 791 8
655 801 6
655 804 5
655 822 4
655 861 7
655 869 5
655 888 3
655 890 4
656 689 10
656 691 7
656 698 2
656 700 1
656 722 9
656 728 6
656 800 8
656 817 1
656 851 10
656 855 2
657 661 2
657 663 7
657 693 5
657 748 9
657 763 5
657 773 3
657 796 3
657 804 1
657 816 6
657 819 3
657 823 3
657 861 6
657 862 2
657 872 2
657 888 1
657 894 6
658 684 5
658 689 10
658 707 2
658 762 10
658 773 3
658 806 2
658 814 8
658 823 6
658 826 4
658 833 8
658 841 4
658 891 2
658 895 9
658 898 3
659 665 3
659 675 10
659 692 1
659 698 9
659 716 10
659 818 7
659 860 2
659 866 4
659 874 7
660 733 9
660 782 9
660 785 2
660 802 4
660 804 10
660 806 3
660 812 5
660 823 7
660 833 10
660 848 6
661 734 8
661 772 1
661 830 10
661 839 1
661 850 8
661 852 5
661 866 5
661 883 8
661 889 8
661 893 8
662 665 6
662 718 2
662 720 10
662 725 7
662 751 2
662 848 1
662 852 8
662 881 1
662 887 4
662 895 4
663 673 9
663 698 2
663 721 2
663 734 10
663 739 8
663 751 3
663 758 5
663 862 4
663 897 9
663 898 6
664 673 9
664 674 8
664 675 6
664 703 8
664 736 9
664 737 5
664 770 4
665 670 5
665 700 2
665 716 2
665 731 2
665 734 7
665 741 3
665 751 3
665 815 5
665 819 7
665 842 3
665 846 3
665 858 9
665 869 8
665 878 8
665 900 7
666 718 2
666 720 9
666 758 9
666 782 9
666 789 1
666 834 3
666 850 4
666 856 1
666 892 8
667 678 2
667 747 8
667 749 5
667 761 1
667 771 8
667 781 9
667 787 4
667 794 2
667 798 1
667 799 7
667 804 5
667 819 7
667 824 2
667 856 8
667 859 4
667 873 10
667 884 2
668 685 6
668 702 8
668 743 10
668 744 3
668 745 4
668 747 1
668 801 3
668 807 2
668 853 1
669 709 5
669 717 6
669 721 4
669 768 5
669 787 3
669 788 5
669 789 4
669 792 7
669 793 7
669 802 2
669 840 8
669 892 2
670 713 5
670 732 8
670 791 1
670 854 10
670 866 6
670 899 2
671 695 7
671 719 9
671 721 1
671 729 8
671 738 6
671 745 8
671 773 9
671 811 10
671 826 3
671 841 1
671 879 2
671 886 5
672 688 1
672 710 8
672 736 10
672 760 4
672 764 4
672 767 5
672 798 10
672 827 8
672 837 3
672 840 8
672 865 1
672 890 10
673 695 10
673 780 5
673 784 7
673 797 10
673 849 4
673 853 5
673 854 3
673 855 2
673 861 3
673 897 3
673 899 2
674 684 9
674 691 2
674 695 10
674 723 10
674 737 6
674 750 1
674 779 4
674 812 10
674 813 1
674 820 1
674 825 2
674 862 7
674 875 5
674 886 8
675 699 6
675 735 2
675 740 10
675 758 4
675 792 2
675 795 2
675 827 5
675 847 8
675 863 8
676 694 4
676 721 4
676 741 4
676 831 8
676 857 5
676 865 7
677 748 2
677 769 6
677 776 7
677 822 3
677 886 8
677 900 6
678 681 10
678 682 10
678 691 9
678 698 10
678 725 10
678 764 2
678 773 3
678 783 8
678 790 6
678 817 10
678 853 4
679 681 9
679 742 1
679 744 9
679 749 2
679 753 2
679 789 3
679 859 9
679 874 10
679 885 8
679 888 2
679 899 3
680 696 5
680 714 9
680 719 1
680 769 6
680 811 6
680 812 7
680 843 10
680 851 3
680 852 5
681 700 9
681 708 2
681 711 5
681 726 10
681 756 4
681 778 6
681 788 4
681 818 3
681 819 1
681 832 3
681 866 6
681 892 9
682 701 4
682 710 6
682 727 2
682 747 5
682 758 10
682 804 1
682 808 6
682 817 9
682 841 4
682 867 1
682 897 3
683 699 4
683 709 1
683 740 10
683 741 10
683 769 10
683 772 1
683 789 2
683 793 6
683 796 10
683 804 6
683 807 10
683 860 1
684 692 1
684 710 6
684 736 5
684 741 3
684 769 8
684 770 9
684 834 1
684 863 9
684 870 4
684 872 6
684 874 10
685 688 9
685 713 8
685 762 2
685 772 6
685 779 6
685 788 8
685 797 8
685 822 9
685 844 1
685 847 1
686 688 10
686 713 10
686 715 10
686 721 1
686 725 4
686 748 7
686 751 2
686 765 1
686 885 6
686 886 2
687 714 1
687 718 3
687 731 8
687 791 5
687 800 1
687 810 9
687 825 5
687 864 1
687 878 2
687 896 3
688 691 10
688 700 2
688 762 10
688 785 4
688 801 8
688 806 7
688 842 1
688 845 7
688 852 7
688 859 3
688 862 7
688 867 7
688 878 5
688 885 8
689 704 9
689 733 8
689 762 4
689 781 10
689 789 10
689 795 2
689 802 3
689 812 2
689 889 4
690 691 3
690 732 6
690 733 6
690 775 1
690 797 3
690 820 8
690 822 4
690 832 7
690 857 10
690 861 6
690 864 8
690 865 3
690 866 5
690 870 4
690 872 5
690 895 1
691 700 1
691 728 7
691 731 8
691 751 9
691 760 1
691 764 5
691 793 7
691 831 10
691 843 9
691 854 8
691 861 1
691 868 2
691 877 2
691 898 2
692 711 7
692 811 4
692 829 10
692 831 5
692 860 6
692 894 2
693 696 2
693 737 10
693 746 10
693 750 1
693 762 5
693 769 7
693 784 5
693 787 9
693 797 2
693 830 9
693 848 1
693 859 4
693 879 8
693 882 8
694 705 2
694 730 10
694 732 3
694 768 10
694 772 10
694 790 3
694 829 7
694 846 2
694 848 6
694 855 9
694 858 4
694 867 2
694 868 4
694 874 3
695 715 6
695 737 10
695 753 6
695 755 8
695 799 9
695 804 7
695 841 10
695 861 5
695 877 3
695 891 5
696 705 5
696 755 6
696 765 5
696 766 5
696 773 10
696 780 2
696 815 3
696 821 1
696 866 2
696 891 7
696 899 3
697 719 3
697 735 1
697 752 1
697 821 4
697 834 6
697 851 9
697 878 9
697 879 7
697 886 5
697 891 3
698 700 5
698 702 6
698 705 8
698 711 4
698 720 4
698 723 6
698 778 3
698 782 10
698 820 8
698 834 9
698 867 4
699 711 4
699 715 4
699 740 8
699 758 3
699 780 7
699 786 2
699 838 5
699 844 10
699 863 10
699 885 7
699 898 2
700 713 10
700 718 8
700 719 8
700 726 7
700 736 8
700 770 6
700 861 4
700 866 4
700 886 9
701 712 8
701 723 9
701 729 8
701 735 3
701 737 4
701 744 4
701 760 5
701 769 3
701 780 3
701 818 6
701 820 8
701 826 8
701 829 1
701 850 6
701 865 2
701 894 7
701 899 9
702 758 9
702 768 7
702 795 9
702 804 5
702 810 10
702 836 10
702 859 4
702 880 9
702 891 7
702 895 4
703 704 7
703 711 2
703 721 7
703 725 5
703 739 1
703 787 6
703 793 4
703 796 3
703 802 1
703 812 9
703 837 7
703 839 4
703 863 4
703 883 4
703 888 1
704 729 1
704 775 4
704 776 8
704 780 5
704 794 1
704 796 7
704 828 3
704 840 9
704 875 7
704 879 7
705 715 10
705 734 6
705 751 3
705 755 9
705 764 4
705 771 6
705 783 5
705 791 5
705 821 4
705 854 1
705 870 5
705 882 1
706 784 6
706 788 7
706 810 2
706 816 5
706 867 6
706 898 5
707 729 10
707 733 9
707 737 7
707 746 2
707 789 3
707 792 5
707 817 6
707 868 5
707 876 3
707 893 8
708 725 3
708 751 1
708 787 7
708 831 2
708 853 8
708 872 9
709 739 2
709 751 2
709 811 6
709 831 6
709 835 6
709 858 9
709 893 6
709 897 1
710 712 10
710 759 4
710 792 9
710 796 1
710 830 8
710 840 4
710 872 7
710 888 9
711 730 5
711 731 5
711 764 10
711 769 7
711 771 9
711 794 6
711 829 1
711 841 3
711 850 3
711 862 5
711 880 5
711 893 9
712 720 8
712 721 3
712 730 9
712 732 10
712 736 6
712 766 6
712 775 5
712 826 1
712 876 7
713 717 3
713 726 3
713 754 6
713 786 6
713 787 2
713 794 8
713 835 5
713 839 7
713 843 6
713 857 3
713 901 1
714 739 10
714 806 2
714 846 9
714 865 1
714 867 7
714 873 9
714 901 5
715 727 2
715 759 5
715 767 10
715 790 2
715 811 3
715 818 4
715 824 3
715 860 2
715 868 9
715 884 8
715 896 6
716 722 1
716 762 4
716 763 10
716 780 4
716 795 1
716 854 5
716 860 7
716 864 10
716 869 9
717 722 5
717 764 5
717 772 3
717 778 6
717 801 7
717 811 5
717 832 4
717 869 7
717 873 3
717 889 5
717 894 3
718 760 4
718 761 9
718 765 4
718 769 6
718 772 3
718 794 7
718 803 10
718 805 4
718 814 7
718 815 7
718 826 2
718 830 8
718 837 3
718 848 1
718 883 3
719 741 5
719 827 8
719 830 1
719 842 5
719 843 8
720 722 5
720 759 1
720 767 1
720 776 2
720 778 9
720 784 5
720 808 6
720 812 5
720 818 7
720 823 2
720 832 10
720 860 3
720 884 2
721 726 3
721 730 10
721 731 5
721 737 10
721 738 9
721 753 10
721 760 8
721 795 7
721 811 1
721 821 5
721 835 9
721 839 4
721 855 9
721 858 4
722 737 1
722 740 9
722 742 10
722 756 8
722 770 6
722 776 10
722 781 8
722 820 7
722 824 9
722 842 4
722 858 2
722 891 5
723 741 3
723 812 5
723 835 4
723 874 5
723 885 7
724 727 9
724 741 6
724 761 3
724 781 10
724 791 4
724 803 2
724 813 7
724 818 2
724 823 5
724 872 4
724 882 1
724 887 8
725 763 2
725 778 6
725 781 10
725 785 3
725 802 5
725 803 9
725 815 8
725 866 6
725 870 9
726 729 4
726 735 4
726 746 4
726 761 8
726 796 1
726 813 6
726 824 2
726 831 6
726 855 2
726 870 10
726 880 4
726 887 7
727 730 2
727 737 3
727 769 2
727 791 6
727 792 2
727 818 4
727 819 10
727 835 5
727 844 6
727 846 9
727 861 8
727 888 1
728 741 10
728 816 10
728 832 7
728 867 8
729 750 7
729 763 2
729 776 8
729 817 1
729 818 8
729 831 2
729 837 10
729 874 10
730 754 9
730 778 1
730 877 5
730 896 1
730 899 3
731 732 1
731 752 9
731 773 4
731 818 5
731 854 1
731 874 1
731 891 6
732 753 6
732 761 10
732 765 2
732 780 1
732 791 10
732 802 10
732 804 1
732 810 9
732 817 9
733 745 9
733 750 9
733 767 6
733 779 10
733 780 6
733 782 8
733 807 7
733 826 9
733 833 7
733 900 6
734 747 8
734 774 9
734 776 3
734 790 8
734 791 1
734 811 3
734 821 6
734 841 7
734 856 9
735 744 8
735 769 7
735 772 7
735 777 3
735 846 9
735 853 8
735 855 3
735 861 8
735 876 7
735 881 5
735 892 7
736 759 8
736 784 3
736 833 5
736 864 3
736 876 5
736 879 2
736 888 2
736 901 3
737 755 1
737 757 10
737 762 1
737 774 8
737 797 8
737 798 3
737 808 5
737 820 9
737 826 7
737 843 2
737 845 7
737 867 7
737 881 2
737 896 3
737 897 3
738 767 4
738 771 1
738 777 1
738 787 9
738 821 9
738 835 9
738 839 5
738 845 7
738 869 6
739 777 10
739 823 3
739 829 10
739 839 4
739 880 4
740 754 1
740 761 6
740 789 4
740 798 2
740 822 6
740 835 1
740 846 10
740 862 10
740 869 7
740 883 10
740 892 8
741 797 1
741 849 6
741 867 5
741 889 2
742 755 10
742 758 7
742 759 5
742 775 3
742 815 7
742 874 5
742 893 3
743 773 8
743 798 10
743 843 9
743 848 3
743 884 9
744 769 1
744 844 3
744 867 4
744 897 6
745 747 5
745 774 1
745 800 10
745 805 7
745 819 7
745 821 2
745 831 8
745 848 8
745 849 1
745 861 7
746 756 6
746 761 1
746 771 4
746 803 10
746 817 4
746 850 5
746 892 8
746 894 10
747 748 7
747 780 7
747 790 5
747 835 9
747 879 4
747 894 6
748 797 9
748 800 6
748 810 6
748 815 9
748 843 10
748 847 9
748 865 7
748 871 7
748 879 9
748 893 8
748 895 5
749 768 7
749 772 9
749 806 2
749 849 5
749 878 1
750 754 10
750 772 2
750 802 3
750 805 5
750 808 3
750 817 6
750 824 9
750 895 2
751 757 6
751 781 6
751 839 8
751 849 2
752 755 6
752 786 1
752 794 7
752 829 5
752 830 9
752 842 4
752 859 5
752 865 10
752 876 2
752 880 1
753 766 8
753 787 2
753 793 8
753 800 2
753 837 9
753 845 9
753 852 5
754 765 5
754 767 9
754 800 4
754 818 8
754 819 2
754 851 8
754 859 10
754 866 9
754 891 9
755 766 3
755 773 4
755 799 4
755 822 1
755 852 7
755 859 9
755 860 3
755 889 5
756 757 5
756 761 3
756 762 8
756 770 10
756 771 3
756 777 1
756 825 2
756 836 10
756 850 3
756 863 10
756 866 4
756 867 3
756 894 8
756 896 8
756 900 9
757 764 8
757 765 2
757 772 6
757 779 9
757 861 1
757 885 7
757 895 8
758 789 9
758 830 9
758 839 3
758 878 4
758 881 9
758 882 2
759 784 5
759 788 4
759 807 6
759 811 9
759 825 6
759 844 4
759 847 10
759 861 8
759 885 6
760 764 2
760 806 10
760 815 8
760 830 1
760 835 3
760 837 2
760 841 10
760 865 10
760 880 10
760 894 9
761 836 3
761 865 5
761 897 10
762 776 6
762 777 3
762 788 7
762 806 6
762 812 2
762 841 1
762 893 10
763 771 2
763 869 2
763 871 6
764 777 7
764 779 10
764 780 6
764 812 3
764 845 3
764 848 6
764 867 10
764 879 10
764 882 9
765 780 1
765 783 8
765 806 1
765 859 3
765 876 1
765 880 10
765 885 5
765 899 1
766 768 10
766 773 9
766 801 7
766 819 9
766 844 4
766 850 2
767 779 7
767 793 10
767 814 5
767 818 8
767 872 1
767 873 6
767 885 1
767 889 6
768 783 3
768 809 10
768 817 3
768 826 7
769 776 4
769 802 8
769 805 8
769 827 4
769 866 6
769 867 9
769 868 3
769 879 8
769 895 3
770 801 3
770 831 7
770 845 9
770 849 5
770 853 7
770 867 8
771 785 4
771 798 7
771 804 3
771 806 5
771 850 4
771 868 2
771 877 9
771 886 1
772 776 4
772 777 6
772 783 3
772 786 1
772 787 10
772 792 3
772 806 4
772 813 6
772 816 8
772 862 3
772 871 4
772 873 3
772 886 1
772 896 4
773 791 5
773 806 8
773 810 6
773 813 10
773 840 7
773 859 5
773 866 6
773 879 5
773 881 4
773 888 9
773 889 1
773 894 6
773 897 5
774 780 4
774 801 10
774 825 3
774 881 4
774 882 5
774 892 1
774 893 9
774 894 6
775 809 10
775 836 1
775 857 9
775 861 8
776 790 10
776 819 1
776 853 1
777 798 3
777 832 1
777 844 4
777 864 9
777 871 9
778 780 1
778 869 10
778 896 5
778 900 7
779 837 6
779 854 9
779 868 10
779 892 6
780 781 9
780 785 8
780 799 1
780 804 3
780 838 7
780 873 5
781 784 8
781 792 1
781 803 5
781 812 6
781 826 6
781 839 7
781 845 8
782 821 6
782 858 4
782 869 10
782 877 9
782 882 4
782 884 2
782 890 9
783 790 9
783 793 10
783 838 9
783 839 9
783 846 2
783 888 5
784 788 6
784 792 9
784 818 5
784 834 7
784 859 4
784 874 4
784 892 4
785 821 6
785 833 8
785 853 2
785 857 3
785 868 7
785 873 3
786 789 9
786 816 5
786 822 10
786 894 5
788 792 4
789 795 8
789 854 8
789 868 3
790 863 6
790 869 3
790 876 4
790 877 6
791 807 1
791 847 6
791 855 7
791 858 2
792 801 7
792 828 1
792 836 9
792 850 5
792 858 6
792 892 5
793 813 10
793 819 1
793 840 1
793 855 8
793 862 10
794 805 2
794 816 10
794 818 6
794 832 6
794 842 8
794 885 2
794 901 8
795 831 3
795 858 6
795 892 5
795 897 2
796 803 8
796 808 2
796 852 5
796 854 4
796 869 7
796 899 7
797 804 9
797 813 3
797 815 10
797 825 7
797 833 6
797 852 8
797 858 1
797 869 3
798 801 5
798 813 2
798 818 3
798 835 7
799 814 9
799 819 4
799 859 8
799 869 10
799 872 1
799 877 4
799 889 8
800 807 3
800 833 1
800 850 2
800 859 8
800 860 7
800 869 5
800 870 7
800 880 8
800 891 1
800 893 10
801 821 4
801 838 8
801 853 8
801 879 9
801 900 9
802 842 6
802 856 4
802 862 7
803 804 8
803 812 6
803 839 3
803 844 10
803 855 10
803 879 9
803 896 10
804 830 3
804 848 8
804 861 10
804 863 3
804 870 3
805 814 9
805 844 5
805 857 5
805 863 2
806 813 4
806 818 1
806 822 6
806 838 1
806 842 8
806 862 7
806 863 2
806 870 4
806 895 6
807 838 2
807 849 2
807 872 4
808 814 7
808 832 7
808 836 2
808 877 5
808 892 4
808 900 6
809 828 6
809 879 5
809 894 6
810 861 5
810 876 7
811 816 4
811 825 6
811 847 1
811 855 6
811 883 4
812 827 8
812 828 3
812 865 5
812 877 1
812 900 3
813 831 3
813 841 3
813 885 3
814 816 9
814 817 7
814 842 6
814 848 6
814 853 8
814 868 9
814 874 9
814 880 4
814 881 7
814 894 1
815 819 10
815 872 2
815 893 8
816 839 5
817 829 6
817 836 4
817 854 2
817 866 2
817 881 7
817 884 7
818 868 2
818 880 4
818 889 3
818 893 9
819 834 8
819 839 7
819 876 2
819 897 1
819 898 9
820 837 6
820 850 5
820 885 9
821 830 2
821 832 10
821 865 6
821 897 1
822 825 10
822 857 5
822 859 5
822 894 6
823 841 7
823 844 6
823 859 7
823 864 4
823 884 3
823 885 2
824 837 9
824 860 4
824 870 5
825 859 7
825 891 2
826 833 8
826 838 3
826 846 4
826 847 7
826 866 10
826 885 3
827 838 10
827 858 2
827 878 3
827 881 5
827 889 6
828 845 4
828 851 9
829 863 5
831 850 9
831 859 9
831 882 6
831 888 3
832 838 5
833 859 3
833 880 1
834 848 3
834 856 1
834 898 7
835 846 5
835 853 4
835 876 5
835 894 10
836 896 8
837 890 2
838 862 3
839 843 6
839 851 4
839 852 7
839 854 4
840 897 5
841 854 1
841 896 5
842 885 7
843 844 3
843 855 1
843 864 2
843 872 6
843 890 9
843 891 9
844 862 7
844 867 10
844 894 4
845 860 1
845 867 4
846 872 7
846 879 2
847 853 6
847 863 9
847 882 10
848 880 2
848 891 3
849 855 4
849 865 1
849 869 2
850 867 7
850 873 6
852 879 7
852 901 2
854 864 2
854 869 2
854 870 7
854 871 4
855 891 8
855 897 3
855 899 6
856 859 9
856 872 6
856 892 4
856 901 9
857 901 4
858 861 2
858 880 8
859 865 10
859 878 2
859 879 4
859 884 8
860 874 5
860 889 9
860 890 6
861 870 4
862 867 3
862 881 8
862 886 10
862 889 5
863 897 10
864 901 8
865 866 10
867 885 8
867 889 10
868 888 3
869 874 2
869 877 8
870 873 6
872 899 9
874 875 2
875 881 4
875 890 7
875 899 7
876 889 7
879 892 6
880 882 3
881 884 8
881 886 5
885 888 2
887 897 1
887 898 8
889 901 9
890 893 6
896 898 7
902 601 93
903 901 10
902 903 22
