904 6735
9 50 31 44 35 58 36 83 73 81 87 10 25 88 76 69 88 16 64 2 67 55 69 85 46 24 77 89 88 24 16 48 73 98 91 60 56 78 42 80 59 80 89 83 68 64 3 55 79 66 56 98 20 77 34 17 52 62 6 92 85 21 39 57 18 82 68 25 59 9 4 69 89 93 51 8 56 5 14 87 22 21 84 94 49 69 10 1 30 15 44 14 87 82 22 57 15 90 81 74 98 85 42 38 29 45 45 36 1 10 74 23 31 9 16 79 77 25 31 6 92 74 19 78 8 41 86 22 30 67 47 79 3 41 17 83 85 13 18 37 23 92 59 53 100 26 83 77 3 14 34 46 39 53 75 46 93 61 68 74 27 14 52 81 54 20 63 90 85 32 27 7 23 37 11 75 15 45 3 17 10 36 62 49 88 36 94 32 48 61 57 74 27 61 6 80 80 20 22 16 52 100 74 26 88 84 100 2 81 54 70 90 42 31 38 29 19 32 13 66 44 69 92 70 81 49 2 13 69 75 28 20 74 2 45 61 37 97 15 17 2 84 7 43 67 96 24 37 79 88 54 75 56 97 96 89 46 97 1 14 23 28 85 96 29 81 9 18 29 75 34 31 58 92 73 76 40 48 12 18 35 66 44 43 62 40 31 7 88 31 72 11 10 56 58 91 89 66 8 17 8 40 40 70 27 26 23 2 95 6 14 39 83 53 11 38 20 17 93 29 5 77 89 92 25 29 12 35 32 17 15 40 57 54 61 35 79 35 36 73 40 2 63 22 6 26 11 25 42 55 53 98 31 41 89 56 22 53 42 53 69 56 44 77 9 56 12 87 90 99 12 29 52 26 2 57 51 64 81 45 18 85 94 49 78 35 56 99 87 97 51 7 4 47 36 64 2 99 2 92 97 65 72 49 43 26 57 93 89 90 89 7 74 83 7 51 17 62 1 55 10 4 13 65 50 48 28 3 46 29 94 43 94 18 43 36 43 51 80 83 40 21 89 66 55 95 68 23 8 69 77 69 24 89 33 73 37 60 75 34 41 21 76 86 90 70 21 84 73 52 66 12 24 55 77 78 1 97 100 9 65 76 77 88 17 62 12 5 21 38 38 13 10 66 98 99 87 70 82 59 74 48 71 97 54 99 75 54 95 26 14 11 54 43 50 70 4 13 26 76 51 63 89 60 28 38 11 15 8 92 73 81 91 95 77 44 46 3 50 92 29 15 3 34 57 4 55 12 17 80 40 19 42 80 30 22 17 40 88 76 84 12 56 74 59 85 18 4 39 19 95 19 33 49 52 42 53 6 53 21 85 44 91 79 75 20 100 92 12 39 19 95 50 75 20 8 11 89 11 49 84 87 56 83 90 100 85 62 46 99 7 97 88 90 18 48 28 52 88 82 2 76 51 83 100 94 31 2 41 100 35 55 84 91 89 25 42 73 87 87 23 93 35 11 34 52 58 62 56 97 43 9 72 45 91 71 39 73 25 31 72 11 37 7 1 26 32 42 98 70 81 73 62 15 83 47 19 92 8 26 41 2 34 12 47 76 35 37 48 11 67 71 21 55 77 22 80 60 15 30 29 47 2 42 62 36 89 80 27 96 57 19 50 90 31 96 17 17 32 64 27 50 34 47 4 62 20 84 22 87 65 2 33 18 44 46 53 32 77 31 79 33 50 28 74 32 75 90 48 58 53 26 7 38 24 11 52 44 46 73 82 62 26 14 79 69 12 31 52 88 13 31 21 62 10 94 45 37 84 44 94 88 69 1 78 93 63 81 88 60 5 69 21 30 34 99 99 97 81 2 85 45 84 57 59 94 50 3 30 85 47 23 25 15 75 54 59 37 34 46 48 90 66 68 19 52 18 69 48 50 71 84 95 54 40 53 99 42 55 80 78 53 55 54 68 29 7 78 18 92 76 65 81 93 33 100 44 2 20 44 52 90 27 98 44 19 2 42 60 8 22 37 61 76 91 80 56 49 57 73 41 32 90 73 25 74 24 20 75 44 15 78 33 42 75 28 60 28 22 71 36 95 36 87
0 22 92
0 28 41
0 39 47
0 66 50
0 114 85
0 115 72
0 122 77
0 125 24
0 156 19
0 219 89
0 223 93
0 250 54
0 273 6
0 285 37
1 6 96
1 43 67
1 44 76
1 59 78
1 72 26
1 80 63
1 106 8
1 140 49
1 143 25
1 165 17
1 185 57
1 201 83
1 215 59
1 244 45
1 250 100
1 257 66
2 19 61
2 32 92
2 43 7
2 53 8
2 54 93
2 112 43
2 140 31
2 159 69
2 168 66
2 268 49
2 291 57
3 15 10
3 16 54
3 26 62
3 34 98
3 53 1
3 90 81
3 105 73
3 121 78
3 136 58
3 162 88
3 216 37
3 222 6
3 268 12
3 272 6
3 283 14
3 291 46
4 8 64
4 34 58
4 45 46
4 53 30
4 54 19
4 64 37
4 100 88
4 106 78
4 141 29
4 177 30
4 187 60
4 192 49
4 231 47
4 293 8
5 14 6
5 21 8
5 38 14
5 77 19
5 108 6
5 114 14
5 143 51
5 166 30
5 206 44
5 260 8
6 23 69
6 25 80
6 41 66
6 58 33
6 70 85
6 75 79
6 96 78
6 102 1
6 120 89
6 121 23
6 126 30
6 155 7
6 171 11
6 212 69
6 236 36
6 252 91
6 270 98
6 280 95
6 283 40
7 16 96
7 24 54
7 75 97
7 114 3
7 130 19
7 136 15
7 164 60
7 210 33
7 245 18
7 259 90
7 280 28
7 290 77
7 295 58
8 111 7
8 128 42
8 168 90
8 174 44
8 215 73
8 222 20
8 230 44
8 247 61
8 255 42
8 270 25
8 275 19
8 292 53
8 293 93
8 297 6
9 62 43
9 101 42
9 108 52
9 153 34
9 199 89
9 204 5
9 214 30
9 216 91
9 221 76
9 225 97
9 251 51
9 252 8
9 296 14
10 32 92
10 38 87
10 42 90
10 48 49
10 98 93
10 119 84
10 120 91
10 167 88
10 190 8
10 194 10
10 211 83
10 234 68
10 266 3
10 276 59
10 295 38
11 33 7
11 44 3
11 47 95
11 76 2
11 81 44
11 89 46
11 106 35
11 135 32
11 178 2
11 181 65
11 247 75
11 271 77
11 280 61
11 284 77
12 17 36
12 94 74
12 103 68
12 156 22
12 181 15
12 252 68
12 260 67
13 60 98
13 67 10
13 72 6
13 75 5
13 88 71
13 112 89
13 122 24
13 123 74
13 144 47
13 210 13
13 217 32
13 227 2
13 279 7
14 18 33
14 65 45
14 70 4
14 74 68
14 121 29
14 215 58
14 219 84
14 242 55
14 253 34
14 281 44
14 282 31
14 284 22
15 22 69
15 27 50
15 71 95
15 85 83
15 97 69
15 109 61
15 129 81
15 144 31
15 181 67
15 199 37
15 206 1
15 212 7
15 218 61
15 253 26
15 263 5
15 276 73
15 278 58
16 18 6
16 66 32
16 78 90
16 83 3
16 130 35
16 147 9
16 175 31
16 183 44
16 208 92
16 209 37
16 234 30
16 238 35
16 296 67
17 25 51
17 35 55
17 44 68
17 84 45
17 115 38
17 130 88
17 146 58
17 167 70
17 172 18
17 173 76
17 187 6
17 192 19
17 201 34
17 238 18
17 248 96
17 255 38
17 274 43
17 284 53
18 19 96
18 20 74
18 39 95
18 53 98
18 63 60
18 80 55
18 82 80
18 136 4
18 138 47
18 141 16
18 193 33
18 196 33
18 242 34
18 248 35
18 253 40
18 254 53
19 81 31
19 121 77
19 159 40
19 172 88
19 188 98
19 195 58
19 219 15
19 252 55
19 271 28
19 277 48
19 281 73
20 44 23
20 54 38
20 70 15
20 89 28
20 92 85
20 179 40
20 182 74
20 187 34
20 196 99
20 208 80
20 218 13
20 229 54
20 241 26
20 258 80
20 266 38
20 268 11
20 269 65
20 278 72
20 293 50
20 299 69
21 23 55
21 31 78
21 32 8
21 99 42
21 118 27
21 144 17
21 165 9
21 170 81
21 189 44
21 206 8
21 212 53
21 220 19
21 225 97
22 27 67
22 28 98
22 33 81
22 37 6
22 78 23
22 105 14
22 118 57
22 157 2
22 185 78
22 235 62
22 249 80
22 271 9
22 277 100
22 282 42
22 290 25
23 26 23
23 32 91
23 49 93
23 63 77
23 115 20
23 154 53
23 161 71
23 223 46
23 273 69
23 293 79
24 25 26
24 56 65
24 79 86
24 98 31
24 136 35
24 167 35
24 197 49
24 200 32
24 239 15
24 249 55
24 253 54
24 254 29
24 257 63
24 259 55
25 32 58
25 43 24
25 51 34
25 63 19
25 79 23
25 80 75
25 118 43
25 119 46
25 138 17
25 147 36
25 165 74
25 166 88
25 180 40
25 234 44
25 254 85
25 294 8
26 29 22
26 75 63
26 79 24
26 83 60
26 108 93
26 115 58
26 133 94
26 166 41
26 197 89
26 213 60
26 219 47
26 224 94
26 228 40
26 248 9
26 295 49
27 51 98
27 56 85
27 62 34
27 64 16
27 87 59
27 103 61
27 124 10
27 160 56
27 171 29
27 179 45
27 185 30
27 212 69
27 240 36
27 241 73
27 281 53
28 49 44
28 55 47
28 67 15
28 76 67
28 102 6
28 107 7
28 122 25
28 126 51
28 132 100
28 136 65
28 143 10
28 152 46
28 178 59
28 198 2
28 204 7
28 212 59
28 230 99
28 236 91
28 249 44
28 261 66
28 293 49
28 295 56
28 296 75
29 60 5
29 69 85
29 70 72
29 81 34
29 90 5
29 91 7
29 110 58
29 125 57
29 190 2
29 207 4
29 230 24
29 241 21
29 252 9
30 40 82
30 43 97
30 60 11
30 84 81
30 93 61
30 119 73
30 133 27
30 150 71
30 161 74
30 166 33
30 168 81
30 239 24
30 258 75
30 291 25
30 294 41
31 46 23
31 57 80
31 61 15
31 64 79
31 91 16
31 101 38
31 168 64
31 170 20
32 53 97
32 57 22
32 62 29
32 78 98
32 100 25
32 106 52
32 113 18
32 116 86
32 147 33
32 170 66
32 194 96
32 239 66
32 252 27
32 270 20
32 280 92
33 69 49
33 140 93
33 141 76
33 171 30
33 184 68
33 215 50
33 217 54
33 248 8
33 252 24
33 258 85
33 260 75
33 280 3
33 281 1
34 74 12
34 112 66
34 115 72
34 157 8
34 193 39
34 287 100
34 296 58
35 40 64
35 60 3
35 102 27
35 121 49
35 143 36
35 148 93
35 166 96
35 210 1
35 211 71
35 226 68
35 251 44
35 256 19
35 258 12
35 295 71
36 39 100
36 73 80
36 81 20
36 125 53
36 153 87
36 154 95
36 171 90
36 201 61
36 224 49
36 226 42
36 235 25
36 287 67
36 295 13
37 61 84
37 74 5
37 151 65
37 161 41
37 180 68
37 185 67
37 201 68
37 238 68
37 258 54
38 42 60
38 62 16
38 119 54
38 121 82
38 202 83
38 209 49
38 246 100
38 249 94
38 255 19
38 276 100
39 81 25
39 96 38
39 149 4
39 155 64
39 186 85
39 187 45
39 263 76
39 286 33
40 46 86
40 85 100
40 144 99
40 154 51
40 177 84
40 182 4
40 195 15
40 207 76
40 209 23
40 275 81
41 73 95
41 95 91
41 118 35
41 150 54
41 164 58
41 200 40
41 214 35
41 257 40
41 290 89
42 62 87
42 75 85
42 130 7
42 135 38
42 136 10
42 145 97
42 164 93
42 259 73
42 273 81
42 284 38
43 50 100
43 52 65
43 53 23
43 61 100
43 70 64
43 82 73
43 110 35
43 135 67
43 154 39
43 198 10
43 202 89
43 225 20
43 240 57
43 262 31
43 263 6
43 274 10
43 275 88
44 45 45
44 99 97
44 115 79
44 118 85
44 127 35
44 130 16
44 147 44
44 182 72
44 264 77
44 277 40
45 59 64
45 68 1
45 72 72
45 80 53
45 132 100
45 146 36
45 153 76
45 155 51
45 181 51
45 184 100
45 213 85
45 214 69
45 233 39
45 249 47
45 257 58
45 261 10
45 269 3
45 279 40
45 286 15
46 76 64
46 120 80
46 123 11
46 125 12
46 130 10
46 192 96
46 228 98
46 280 77
47 62 39
47 106 21
47 110 53
47 117 30
47 147 37
47 173 5
47 200 53
47 209 89
47 210 5
47 223 40
47 236 16
47 241 55
48 56 91
48 103 16
48 108 92
48 110 59
48 135 6
48 143 90
48 162 68
48 165 15
48 187 44
48 194 60
48 202 81
48 203 7
48 224 91
48 226 91
48 229 71
48 241 100
48 255 38
48 256 68
48 268 77
49 83 28
49 85 41
49 91 81
49 102 57
49 106 77
49 108 86
49 183 61
49 190 65
49 232 42
49 265 1
50 96 81
50 155 48
50 178 43
50 207 48
50 208 39
50 223 53
50 231 53
50 264 80
50 274 73
50 278 67
51 54 23
51 56 32
51 57 47
51 65 82
51 68 74
51 76 89
51 83 4
51 106 73
51 185 27
51 209 23
51 244 1
51 277 54
51 285 63
51 295 34
51 297 63
52 53 39
52 73 71
52 124 23
52 129 4
52 163 12
52 191 75
52 216 36
52 221 59
52 222 69
52 227 83
52 234 50
52 268 22
52 286 35
52 297 81
53 60 46
53 64 1
53 67 4
53 77 29
53 90 99
53 97 37
53 104 2
53 117 87
53 118 40
53 189 26
53 212 13
53 215 62
53 295 79
54 56 19
54 91 25
54 150 12
54 157 81
54 159 15
54 164 34
54 174 55
54 176 18
54 187 45
54 233 30
54 240 5
54 285 55
54 298 50
55 68 87
55 81 56
55 103 71
55 145 21
55 172 37
55 177 68
55 189 73
55 195 92
55 203 96
55 206 71
55 233 28
55 234 97
55 236 10
55 275 19
56 63 23
56 111 74
56 136 80
56 139 53
56 222 92
56 241 56
56 249 16
56 265 24
57 96 71
57 150 49
57 159 79
57 165 40
57 206 93
57 246 60
57 279 45
57 283 99
57 286 9
58 59 31
58 99 7
58 101 32
58 140 4
58 151 43
58 176 99
58 179 76
58 191 86
58 202 95
58 204 99
58 253 13
58 259 43
58 297 8
59 63 31
59 67 17
59 75 33
59 116 62
59 127 69
59 136 25
59 169 18
59 229 84
59 263 48
59 269 40
59 279 32
59 285 26
60 87 79
60 138 76
60 151 37
60 205 75
60 208 27
60 239 46
60 246 6
60 250 33
60 256 77
60 284 9
60 287 27
60 289 75
61 100 36
61 103 12
61 121 21
61 154 34
61 228 76
61 250 64
61 260 93
61 261 6
61 271 32
62 68 26
62 70 19
62 148 1
62 193 2
62 221 36
62 237 36
62 249 1
62 255 27
62 256 20
62 266 79
62 268 58
62 269 47
63 68 15
63 75 32
63 77 73
63 153 60
63 175 89
63 201 57
63 209 88
63 243 49
63 246 35
63 258 15
63 267 85
63 296 46
64 102 35
64 136 70
64 167 21
64 184 50
64 241 15
64 255 78
64 261 34
64 262 92
64 266 97
65 75 34
65 114 93
65 152 84
65 200 21
65 207 93
65 245 11
65 284 40
65 286 71
65 293 68
66 73 39
66 94 38
66 96 99
66 125 63
66 127 97
66 131 88
66 143 20
66 172 37
66 204 36
66 208 54
66 214 51
66 215 72
66 224 52
66 259 85
66 264 94
66 280 24
66 282 87
66 292 8
67 77 2
67 151 20
67 173 99
67 193 98
67 224 5
67 236 91
67 253 33
67 254 77
67 280 35
67 291 43
68 86 69
68 90 58
68 143 62
68 151 7
68 159 95
68 167 13
68 200 69
68 230 43
68 237 52
68 257 40
68 284 79
69 82 87
69 113 46
69 180 29
69 203 11
69 208 97
69 275 66
69 276 4
70 75 20
70 95 4
70 112 11
70 133 73
70 152 75
70 166 61
70 224 22
70 263 79
70 272 51
70 273 55
70 276 55
71 93 37
71 96 49
71 105 75
71 116 94
71 136 11
71 138 81
71 157 40
71 193 23
71 213 2
71 219 83
71 225 74
71 230 93
71 285 61
72 180 12
72 189 38
72 193 42
72 227 74
72 235 86
72 252 7
72 284 29
72 289 58
72 299 62
73 77 39
73 123 30
73 139 36
73 154 51
73 189 52
73 190 14
73 194 1
73 205 58
73 241 20
73 268 90
73 286 6
73 292 47
74 95 83
74 105 68
74 126 27
74 140 75
74 152 42
74 185 80
74 195 57
74 251 67
74 256 73
74 267 69
74 272 31
74 283 10
75 79 10
75 125 4
75 188 48
75 234 68
75 281 33
75 286 5
75 299 81
76 102 23
76 130 86
76 137 16
76 155 74
76 170 89
76 181 81
76 190 26
76 230 46
76 232 53
76 266 15
76 270 4
76 289 99
76 293 50
76 297 23
77 108 77
77 124 24
77 125 17
77 155 57
77 160 32
77 169 83
77 183 29
77 194 100
77 204 13
77 205 90
77 218 62
77 224 69
77 272 37
77 280 81
77 290 53
77 295 93
78 132 62
78 138 27
78 144 79
78 161 77
78 183 100
78 196 19
78 197 10
78 203 78
78 241 17
78 257 62
78 265 44
78 270 72
78 274 60
78 280 45
79 95 94
79 104 36
79 114 68
79 145 10
79 154 44
79 156 51
79 194 45
79 195 72
79 201 3
79 246 9
79 270 14
79 297 16
80 98 29
80 136 2
80 142 96
80 189 81
80 190 95
80 202 9
80 204 8
80 240 25
80 263 38
80 270 59
80 276 95
81 83 47
81 97 36
81 112 11
81 123 8
81 165 32
81 186 82
81 197 19
81 200 76
81 220 28
81 226 54
81 241 96
81 254 89
81 258 98
81 265 46
82 83 33
82 112 21
82 167 100
82 175 94
82 200 34
83 95 15
83 115 22
83 166 36
83 201 11
83 220 3
83 275 82
83 292 71
84 152 62
84 153 58
84 174 8
84 191 20
84 195 52
84 209 54
84 254 8
84 278 15
84 299 61
85 133 39
85 142 96
85 167 79
85 187 66
85 204 75
85 219 85
85 242 61
85 298 64
86 93 34
86 106 59
86 109 48
86 121 54
86 122 58
86 147 41
86 159 40
86 163 73
86 174 63
86 187 27
86 202 35
86 212 17
86 256 60
86 266 5
87 120 78
87 167 17
87 170 13
87 183 49
87 194 20
87 195 18
87 227 8
87 244 34
87 253 79
87 273 98
87 284 82
88 103 9
88 107 64
88 113 56
88 123 93
88 140 76
88 143 71
88 148 78
88 151 34
88 166 19
88 231 32
88 238 92
88 243 59
88 247 23
88 278 16
88 291 73
89 94 49
89 99 2
89 144 89
89 149 8
89 175 6
89 209 18
89 213 76
89 238 70
89 285 19
90 99 95
90 136 88
90 139 26
90 142 81
90 191 18
90 206 76
90 271 14
90 291 26
91 94 39
91 124 21
91 132 71
91 168 14
91 170 92
91 175 48
91 177 100
91 183 62
91 184 31
91 195 43
91 240 20
91 297 53
91 299 58
92 107 45
92 112 53
92 160 59
92 227 85
92 257 60
92 294 16
93 115 55
93 133 35
93 140 38
93 164 73
93 165 82
93 169 25
93 175 50
93 191 14
93 192 94
93 195 25
93 236 27
93 261 71
94 130 15
94 154 47
94 169 41
94 191 81
94 200 38
94 219 41
94 264 32
94 267 99
94 270 23
95 108 74
95 114 71
95 152 28
95 179 31
95 249 67
95 252 80
95 261 41
95 278 51
95 284 92
96 110 56
96 123 57
96 139 26
96 160 45
96 179 29
96 193 59
96 211 69
96 232 31
97 147 72
97 172 62
97 177 7
97 181 98
97 182 85
97 200 74
97 274 97
97 280 77
97 284 54
98 125 34
98 135 17
98 145 85
98 174 85
98 219 92
98 250 10
98 260 7
98 263 19
98 274 92
98 276 73
98 283 50
98 293 32
99 114 75
99 140 41
99 153 39
99 157 32
99 174 19
99 183 84
99 190 12
99 205 29
99 259 4
99 289 94
99 295 1
100 111 18
100 176 1
100 178 50
100 181 2
100 184 74
100 193 46
100 195 78
100 198 79
100 201 32
100 210 47
100 216 15
100 222 68
100 243 38
100 259 24
100 276 74
100 282 8
100 284 15
100 286 98
101 111 9
101 118 98
101 140 24
101 159 2
101 173 88
101 191 7
101 248 20
101 254 71
101 282 71
101 291 48
102 157 27
102 160 64
102 194 100
102 212 44
102 236 16
102 238 50
102 245 97
103 129 41
103 161 47
103 163 74
103 169 71
103 187 78
103 208 20
103 287 37
103 292 97
104 118 9
104 120 12
104 131 70
104 140 68
104 153 78
104 170 19
104 179 29
104 234 75
104 235 95
104 241 30
104 256 15
105 117 1
105 119 1
105 123 85
105 171 23
105 254 48
105 286 63
105 296 39
106 119 100
106 173 6
106 187 54
106 193 1
106 230 2
106 237 47
106 261 47
106 275 28
106 295 69
107 130 77
107 151 99
107 184 6
107 207 73
107 209 8
107 261 17
107 282 95
108 129 27
108 140 95
108 146 13
108 153 55
108 159 21
108 161 7
108 169 84
108 201 35
108 204 60
108 216 36
108 235 72
108 255 34
109 114 84
109 129 34
109 131 72
109 135 35
109 151 92
109 192 78
109 195 35
109 234 45
109 275 24
110 132 81
110 154 72
110 163 92
110 172 57
110 200 71
110 203 49
110 205 30
110 223 30
110 242 66
110 260 24
110 274 8
110 288 12
111 159 88
111 170 63
111 185 32
111 214 47
111 233 98
111 241 19
111 268 58
111 269 34
112 137 90
112 272 91
112 273 69
112 278 75
113 132 63
113 182 55
113 184 66
113 190 40
113 238 89
113 241 63
113 251 15
113 293 21
114 127 34
114 148 58
114 156 30
114 160 56
114 179 7
114 180 59
114 186 37
114 198 24
114 202 34
114 204 45
114 240 87
114 275 73
115 137 59
115 147 70
115 153 71
115 160 8
115 186 88
115 187 28
115 218 93
115 239 29
115 243 71
115 249 13
115 266 4
115 292 33
116 125 67
116 137 21
116 150 24
116 165 55
116 203 83
116 221 90
116 234 76
116 249 69
116 298 99
117 147 5
117 163 76
117 165 57
117 188 15
117 236 65
117 239 80
117 272 100
117 293 61
117 294 66
118 123 24
118 125 19
118 142 88
118 155 95
118 197 78
118 202 75
118 222 74
118 260 71
118 277 4
118 283 44
119 122 83
119 123 59
119 226 28
119 249 2
119 250 31
119 259 3
119 270 56
120 131 66
120 159 92
120 160 83
120 166 86
120 172 43
120 181 39
120 235 61
120 245 99
120 261 5
120 266 77
120 274 31
120 283 4
120 294 37
121 152 48
121 153 80
121 169 55
121 174 35
121 179 26
121 186 85
121 192 10
121 203 99
121 206 7
121 225 65
121 230 95
121 234 89
121 249 75
121 276 22
121 289 90
121 297 5
122 134 77
122 146 98
122 152 70
122 173 20
122 187 32
122 188 55
122 209 62
122 221 71
122 240 68
122 251 61
122 298 75
123 178 44
123 206 91
123 226 31
123 241 81
123 276 38
123 281 62
123 286 87
124 154 73
124 162 87
124 181 23
124 225 34
124 287 85
125 133 29
125 151 98
125 152 31
125 165 18
125 180 72
125 223 53
125 265 59
125 272 28
125 276 29
125 279 8
126 144 50
126 163 48
126 170 40
126 177 4
126 178 62
126 180 62
126 227 23
126 229 22
126 237 88
126 265 67
126 269 64
126 275 70
126 278 99
127 137 53
127 157 31
127 159 37
127 190 25
127 211 17
127 278 60
127 292 10
127 293 54
128 134 88
128 152 7
128 172 84
128 184 57
128 186 30
128 256 88
128 270 68
129 137 10
129 164 68
129 179 27
129 207 59
129 218 68
129 219 66
129 243 14
129 248 29
129 264 79
129 273 37
130 147 2
130 148 67
130 161 55
130 165 65
130 210 36
130 212 5
130 251 17
130 277 19
130 297 41
130 299 94
131 171 87
131 181 52
131 185 3
131 261 40
131 269 40
131 289 62
132 174 76
132 207 48
132 223 43
132 257 15
132 298 15
133 135 52
133 155 83
133 190 42
133 216 62
133 270 2
133 278 59
134 141 76
134 143 30
134 148 38
134 160 12
134 177 83
134 186 56
134 201 18
134 270 47
134 299 43
135 143 22
135 151 15
135 176 61
135 186 14
135 205 8
135 207 48
135 225 66
135 233 63
135 243 39
135 245 57
135 246 24
135 261 66
136 138 4
136 154 66
136 168 81
136 209 71
136 234 70
136 294 15
136 298 64
137 146 31
137 162 16
137 272 22
137 285 6
137 288 97
138 181 11
138 191 69
138 193 79
138 200 18
138 225 38
138 237 77
138 254 61
138 267 11
139 177 91
139 253 73
139 263 25
139 275 51
139 287 72
140 143 42
140 148 13
140 174 63
140 177 50
140 182 36
140 187 28
140 198 5
140 214 53
140 225 60
140 232 75
140 239 22
140 247 74
140 251 38
140 256 53
140 292 41
141 184 12
141 192 10
141 204 89
141 207 22
141 226 31
141 233 67
141 248 92
141 275 68
141 280 43
142 149 4
142 151 79
142 160 86
142 167 76
142 180 55
142 197 36
142 198 100
142 217 48
142 240 48
142 254 62
142 275 97
142 283 35
142 294 41
142 296 1
143 160 87
143 173 1
143 187 28
143 210 9
143 212 26
143 222 65
143 233 13
143 260 67
143 264 28
143 276 74
143 288 55
144 182 2
144 187 4
144 200 74
144 204 93
144 205 24
144 229 68
144 236 96
145 147 54
145 184 53
145 189 23
145 217 60
145 219 40
145 223 74
145 273 7
145 277 87
145 299 35
146 152 55
146 156 21
146 183 28
146 219 7
146 223 8
146 266 28
146 274 34
146 286 68
147 152 53
147 153 51
147 157 32
147 168 71
147 184 78
147 228 5
147 239 78
147 259 79
147 261 61
148 149 51
148 162 23
148 165 36
148 195 70
148 212 70
148 213 41
148 243 23
148 267 93
148 270 100
148 271 62
148 278 18
149 154 58
149 190 1
149 216 5
149 217 12
149 226 21
149 255 32
149 274 70
149 279 80
149 290 11
150 167 4
150 188 99
150 205 63
150 234 54
150 245 30
150 256 86
150 258 83
150 288 87
150 293 63
151 173 14
151 180 99
151 189 65
151 193 36
151 200 34
151 241 34
151 248 58
151 260 26
152 167 8
152 193 2
152 215 25
152 290 22
152 299 19
153 174 34
153 214 74
153 222 23
153 235 97
153 266 94
153 281 6
154 216 66
154 234 26
154 248 16
154 278 69
155 160 24
155 174 31
155 209 74
155 252 6
155 258 16
155 286 9
155 298 92
156 163 30
156 205 22
156 218 90
156 240 46
156 252 9
156 276 75
156 281 31
157 202 66
157 213 100
157 221 39
157 223 67
157 265 76
157 274 12
157 289 38
157 295 9
158 159 85
158 173 60
158 194 5
158 233 30
158 237 66
158 265 22
158 282 7
158 284 33
159 266 43
160 205 31
160 288 63
160 289 68
161 187 88
161 188 78
161 200 76
161 223 79
161 241 59
161 247 49
161 275 20
161 299 4
162 179 10
162 198 94
162 206 35
162 213 75
162 219 93
162 251 25
162 252 94
162 265 20
163 176 36
163 183 83
163 198 28
163 218 72
163 226 42
163 227 84
163 295 1
163 296 59
164 214 5
164 235 60
164 251 92
164 268 99
164 280 90
164 285 6
164 299 67
165 179 77
165 182 36
165 186 94
165 215 7
165 233 94
165 237 43
165 254 26
165 265 50
165 267 52
165 275 71
165 277 84
165 279 78
165 284 63
166 169 60
166 195 23
166 216 82
166 225 47
166 238 5
166 272 61
167 168 18
167 180 99
167 195 44
167 211 70
167 212 9
167 221 100
167 232 29
167 265 100
167 273 99
167 293 70
167 298 58
167 299 17
168 172 98
168 184 93
168 247 10
168 275 4
168 279 38
168 286 52
169 175 81
169 216 87
169 253 55
169 278 51
169 287 22
170 200 85
170 202 65
170 211 81
170 217 7
170 221 98
170 222 27
170 227 12
170 254 10
170 263 96
170 273 62
171 176 5
171 178 18
171 184 70
171 186 5
171 270 98
172 193 22
172 194 55
172 211 68
172 222 79
172 258 71
172 270 17
172 281 71
172 288 32
173 186 73
173 193 8
173 194 84
173 196 53
173 233 47
173 272 90
173 274 56
173 292 68
174 204 74
174 294 72
174 297 49
175 176 81
175 190 70
175 220 27
175 223 44
175 236 79
175 252 75
175 255 5
175 258 84
175 289 92
176 186 74
176 190 40
176 197 41
176 205 95
176 207 46
176 244 60
176 245 25
176 246 68
176 250 77
176 259 95
176 293 99
177 197 49
177 198 55
177 205 34
177 208 53
177 224 1
177 256 24
177 285 60
177 295 20
178 205 49
178 208 32
179 224 20
179 240 81
179 262 53
179 264 99
180 187 24
180 205 83
180 214 73
180 249 80
180 280 18
181 188 16
181 208 6
181 236 9
181 268 56
181 281 52
181 297 54
182 257 16
182 262 77
182 271 73
182 285 44
182 288 23
182 295 72
182 297 44
183 206 29
183 223 57
183 254 48
183 271 81
184 278 32
184 287 8
184 297 1
185 226 81
185 238 91
185 248 20
185 275 61
185 285 43
185 291 18
186 229 37
186 233 77
186 269 42
186 275 16
187 198 95
187 210 57
187 249 73
188 195 3
188 207 65
188 209 25
188 278 9
189 197 32
189 199 53
189 235 81
189 242 75
189 249 75
189 253 52
189 274 18
189 275 4
190 206 61
190 210 65
190 236 84
190 258 92
190 260 24
190 261 36
190 268 24
190 285 14
191 223 56
191 234 85
191 254 8
191 256 25
191 274 73
192 196 85
192 206 67
192 241 40
192 251 31
192 267 75
192 270 13
192 285 33
193 196 91
193 209 89
193 217 41
193 244 22
193 248 41
193 274 74
193 282 48
193 287 67
193 292 77
193 297 17
194 201 22
194 238 37
194 264 34
195 209 58
195 210 29
195 221 57
195 254 93
195 268 52
195 297 23
196 211 48
196 229 88
196 242 30
196 260 25
197 203 60
197 205 66
197 233 91
197 238 100
197 239 96
197 244 65
197 261 64
197 283 29
197 291 8
197 294 52
198 212 21
198 241 29
198 249 44
198 276 46
198 285 77
198 286 10
199 218 23
199 228 45
199 229 32
199 231 59
199 243 78
199 253 89
199 295 39
200 201 35
200 279 81
200 289 43
201 202 9
201 246 81
201 268 82
201 277 38
201 286 5
201 293 94
202 205 4
202 219 47
202 237 45
202 253 51
203 226 63
203 253 8
203 270 79
204 258 70
204 284 11
205 236 52
205 260 99
205 262 54
205 289 97
205 293 27
206 259 63
207 219 71
207 246 71
207 257 46
207 274 82
207 293 1
208 227 86
208 249 72
208 295 35
209 234 19
209 244 14
209 253 43
209 263 99
209 266 48
209 274 32
209 281 55
210 251 41
210 268 87
210 269 1
210 281 85
210 285 38
210 294 15
211 230 44
211 242 68
211 253 85
211 262 54
211 295 71
212 216 35
212 225 59
212 227 20
212 232 13
212 251 73
212 263 90
212 274 83
213 229 19
213 250 71
213 292 35
213 295 4
214 215 43
214 231 69
214 240 74
215 218 8
215 244 63
215 249 24
215 255 7
215 282 47
216 236 78
216 263 99
216 266 33
216 275 30
217 219 83
217 223 22
217 225 45
217 259 78
217 294 90
218 237 81
218 258 83
218 264 60
218 269 15
218 282 41
218 284 79
219 258 27
219 299 14
220 249 21
220 259 61
220 270 84
220 292 43
220 296 96
221 232 39
221 237 85
221 238 16
221 242 13
221 247 45
221 259 31
222 267 36
223 227 51
224 263 29
224 273 14
225 236 50
225 239 61
225 266 95
225 292 84
226 230 83
226 289 91
227 287 14
227 294 24
227 299 23
228 229 96
228 253 83
228 259 37
228 278 37
228 279 14
229 258 15
229 266 2
229 272 86
229 293 28
229 299 85
230 238 28
230 247 75
230 261 23
230 270 65
230 295 42
231 240 35
231 244 9
231 256 24
231 289 71
231 296 11
231 299 52
232 256 36
232 265 12
232 287 65
232 294 82
233 242 48
233 277 99
233 288 73
234 270 13
234 273 22
234 282 47
234 289 8
235 237 56
236 247 84
236 280 96
237 247 21
237 265 50
237 281 97
239 248 6
239 251 29
239 271 33
240 256 34
240 274 3
240 283 56
240 285 98
241 260 97
241 299 42
242 261 58
242 285 20
243 257 64
243 292 20
243 298 24
244 254 99
244 258 84
244 266 88
244 270 33
244 278 31
245 249 86
245 250 57
245 262 43
246 264 59
246 285 3
246 286 2
246 292 14
246 294 38
247 263 98
247 272 35
247 284 88
247 293 46
248 259 92
248 270 68
248 284 79
248 295 25
249 251 23
249 293 86
250 264 74
250 297 19
251 278 27
251 284 31
252 257 90
252 258 91
252 271 3
253 275 13
253 294 41
254 288 86
254 289 52
255 274 73
255 294 16
255 295 37
256 273 81
257 262 10
257 271 95
257 284 84
257 293 11
258 264 61
258 280 21
258 287 60
259 266 47
259 269 60
260 265 58
260 272 38
260 282 28
261 274 88
263 276 63
264 272 2
264 274 73
264 283 88
264 295 20
264 298 51
266 284 71
268 271 61
268 276 93
271 275 73
271 288 74
272 273 34
274 281 58
274 282 25
274 296 58
276 279 25
278 286 14
279 282 39
279 289 86
280 289 60
280 293 74
281 288 48
282 292 20
282 296 46
282 298 8
287 289 66
293 298 6
300 307 7
300 327 8
300 332 18
300 345 15
300 366 6
300 397 19
300 423 6
300 424 10
300 455 2
300 494 10
300 504 5
300 580 11
300 593 6
301 302 22
301 316 16
301 336 5
301 402 17
301 403 15
301 421 23
301 429 5
301 455 5
301 481 17
301 548 1
301 555 5
301 590 18
302 337 20
302 347 14
302 360 3
302 364 9
302 391 2
302 405 3
302 469 17
302 505 9
302 509 20
302 551 8
302 553 16
302 560 16
302 593 15
302 595 1
303 310 17
303 350 2
303 367 7
303 369 4
303 372 7
303 373 4
303 382 20
303 388 13
303 397 22
303 423 11
303 434 11
303 435 1
303 444 16
303 446 4
303 447 3
303 449 22
303 474 21
303 477 22
303 491 10
303 509 23
303 544 7
303 555 13
303 594 2
303 595 1
304 305 23
304 315 22
304 330 8
304 339 14
304 395 14
304 425 23
304 453 16
304 485 5
304 493 24
304 494 22
304 533 10
304 534 5
304 574 2
304 576 4
304 590 17
305 320 23
305 341 17
305 396 4
305 399 25
305 402 9
305 431 7
305 437 2
305 453 5
305 485 2
305 487 1
305 511 16
305 531 1
305 541 9
305 548 6
305 569 3
306 316 9
306 333 3
306 339 1
306 359 17
306 365 16
306 375 14
306 398 14
306 409 6
306 416 20
306 449 14
306 469 5
306 472 4
306 503 20
306 521 6
306 536 10
306 573 13
306 576 6
306 587 1
306 589 17
307 337 7
307 391 11
307 396 25
307 407 11
307 422 17
307 431 2
307 451 11
307 471 7
307 481 4
307 535 19
307 539 14
307 571 8
308 327 5
308 354 17
308 366 8
308 371 21
308 375 9
308 386 23
308 409 11
308 418 17
308 444 17
308 460 24
308 464 21
308 471 21
308 481 20
308 484 3
308 506 7
308 539 7
308 545 8
308 598 7
309 316 23
309 318 17
309 334 19
309 355 23
309 415 2
309 451 10
309 531 1
309 538 14
309 562 18
309 574 6
309 578 9
309 585 7
310 331 14
310 351 13
310 358 23
310 369 23
310 405 8
310 416 8
310 454 21
310 477 20
310 480 24
310 509 12
310 520 20
310 558 19
310 585 9
310 591 14
310 598 22
311 321 15
311 379 21
311 394 6
311 397 23
311 402 20
311 406 22
311 439 16
311 462 17
311 529 25
311 530 25
311 549 19
311 552 13
311 561 18
311 564 25
311 576 22
311 584 24
311 588 15
312 318 9
312 358 23
312 364 12
312 372 19
312 377 5
312 423 7
312 431 13
312 486 4
312 503 19
312 510 8
313 351 24
313 417 2
313 418 21
313 450 20
313 451 19
313 461 18
313 507 3
313 563 16
313 577 13
313 599 1
314 317 7
314 321 6
314 353 1
314 367 8
314 380 25
314 387 13
314 392 25
314 476 1
314 495 9
314 521 25
314 525 15
314 545 20
314 595 24
315 333 1
315 370 13
315 405 4
315 435 8
315 456 2
315 532 9
315 546 3
315 547 9
315 557 7
315 559 6
316 323 7
316 341 4
316 379 24
316 382 24
316 388 8
316 401 15
316 410 11
316 425 8
316 433 23
316 441 19
316 444 8
316 456 7
316 470 18
316 585 21
316 592 7
316 596 20
317 320 6
317 324 8
317 330 9
317 352 2
317 450 7
317 479 11
317 488 14
317 494 12
317 496 18
317 505 18
317 544 22
317 548 20
317 549 3
317 562 3
318 323 3
318 326 9
318 336 8
318 356 1
318 377 10
318 387 15
318 389 17
318 406 22
318 463 23
318 504 16
318 518 15
318 525 7
318 588 23
319 322 9
319 332 4
319 360 6
319 362 3
319 369 12
319 371 13
319 383 13
319 419 13
319 439 21
319 443 24
319 455 4
319 502 9
319 518 16
319 541 21
319 543 5
319 577 13
320 322 23
320 344 10
320 357 15
320 359 9
320 389 17
320 406 17
320 486 18
320 512 9
320 534 9
320 575 16
320 585 8
320 594 1
321 334 6
321 409 14
321 459 23
321 462 16
321 467 18
321 534 3
321 545 19
321 556 4
322 361 18
322 370 6
322 391 18
322 397 15
322 404 4
322 405 21
322 407 24
322 464 22
322 497 18
322 501 3
322 563 11
322 569 16
323 338 14
323 355 2
323 364 1
323 382 8
323 413 18
323 419 20
323 444 16
323 447 3
323 452 10
323 459 23
323 470 4
323 474 17
323 489 13
323 492 3
323 509 8
323 511 7
323 518 8
323 539 1
323 567 12
324 328 2
324 353 8
324 368 5
324 369 16
324 424 14
324 434 2
324 542 16
324 567 12
324 570 20
324 591 19
325 338 22
325 344 12
325 365 9
325 367 25
325 390 12
325 405 16
325 418 17
325 420 6
325 424 6
325 450 22
325 455 15
325 469 5
325 509 2
325 517 9
325 525 20
325 534 4
325 541 16
325 585 1
326 332 13
326 339 18
326 369 13
326 371 14
326 384 25
326 410 19
326 479 5
326 537 15
326 560 20
326 570 20
326 576 1
327 366 16
327 377 15
327 403 24
327 418 2
327 445 24
327 457 23
327 463 15
327 503 14
327 541 17
327 548 20
327 567 22
327 572 13
328 333 12
328 375 3
328 432 14
328 458 20
328 469 22
328 494 19
328 504 12
328 513 23
328 514 7
328 517 4
328 533 12
328 534 20
328 538 3
328 565 5
328 584 1
328 592 20
329 335 1
329 351 23
329 368 20
329 392 17
329 422 14
329 425 19
329 454 20
329 455 14
329 467 18
329 534 10
329 537 3
329 566 9
329 576 6
329 584 1
329 598 21
330 358 19
330 418 3
330 422 11
330 427 15
330 443 25
330 471 5
330 476 1
330 477 24
330 504 11
330 505 4
330 521 10
330 545 7
330 551 9
330 554 16
330 580 8
331 337 3
331 350 18
331 359 7
331 371 24
331 381 9
331 410 20
331 437 19
331 466 6
331 470 9
331 475 12
331 500 15
331 501 13
331 522 20
331 548 22
332 360 15
332 378 18
332 393 16
332 414 17
332 437 3
332 441 7
332 446 18
332 456 7
332 466 8
332 469 16
332 490 19
332 554 13
332 576 2
332 583 1
332 587 21
333 346 17
333 389 10
333 397 25
333 424 10
333 480 16
333 519 24
333 522 20
333 523 12
333 526 17
333 536 25
333 557 20
333 561 5
333 568 16
333 584 9
334 342 2
334 347 15
334 370 23
334 379 19
334 401 7
334 408 17
334 436 23
334 441 13
334 451 9
334 496 7
334 497 20
334 559 25
334 560 25
334 563 8
334 568 1
335 409 2
335 455 5
335 484 20
335 490 11
335 496 5
335 506 6
335 516 3
335 519 5
335 582 25
335 594 15
335 598 21
336 373 2
336 417 11
336 430 3
336 444 19
336 450 22
336 463 4
336 492 8
336 496 19
336 553 22
336 569 14
336 572 10
336 583 21
336 587 2
337 339 19
337 367 2
337 403 23
337 437 20
337 474 4
337 487 7
337 515 22
337 550 5
337 551 14
337 570 18
338 356 18
338 373 18
338 413 23
338 435 22
338 437 22
338 505 23
338 513 11
338 519 19
338 525 1
338 527 24
338 545 21
338 566 19
338 578 20
338 584 1
338 594 4
338 595 15
338 596 22
339 354 17
339 368 25
339 386 18
339 402 20
339 410 20
339 426 21
339 465 20
339 483 16
339 485 24
339 487 1
339 581 12
339 596 4
340 341 14
340 358 5
340 370 23
340 380 8
340 405 4
340 427 19
340 474 6
340 500 1
340 551 7
340 556 2
340 575 1
340 597 5
341 354 24
341 360 22
341 363 1
341 408 25
341 430 25
341 440 15
341 443 23
341 454 18
341 462 16
341 467 15
341 483 13
341 530 12
341 533 13
341 581 9
341 585 2
342 347 11
342 384 9
342 399 16
342 418 16
342 423 25
342 444 22
342 471 13
342 502 9
342 537 25
342 548 7
342 563 15
342 573 3
342 594 13
342 597 18
343 358 5
343 393 17
343 395 16
343 413 1
343 423 19
343 434 15
343 451 2
343 453 8
343 454 13
343 487 20
343 510 1
343 516 4
343 528 9
343 536 12
343 578 16
343 586 17
343 599 14
344 354 2
344 358 25
344 360 6
344 392 17
344 394 1
344 405 2
344 415 7
344 442 10
344 452 3
344 457 13
344 465 1
344 472 5
344 481 25
344 493 18
344 534 12
344 539 18
344 559 8
344 565 12
344 584 11
344 594 25
345 373 14
345 383 20
345 421 12
345 432 10
345 449 20
345 469 17
345 483 18
345 499 9
345 504 8
345 514 9
345 526 24
345 527 11
345 529 10
345 535 4
345 540 4
345 543 11
345 556 7
345 558 10
345 567 22
345 592 11
346 366 24
346 380 22
346 409 18
346 446 25
346 460 16
346 510 4
346 531 17
346 532 23
346 557 17
346 558 4
346 570 24
347 348 7
347 360 1
347 363 10
347 394 16
347 404 22
347 460 2
347 490 8
347 493 5
347 494 11
347 495 18
347 513 3
347 515 23
347 542 3
347 571 8
347 577 3
347 593 15
348 376 16
348 438 15
348 448 11
348 456 2
348 462 13
348 482 9
348 540 19
348 557 13
348 596 1
349 352 22
349 354 6
349 359 25
349 382 13
349 399 10
349 400 24
349 417 20
349 473 12
349 480 8
349 489 10
349 510 8
349 537 11
349 577 20
349 592 15
349 598 23
350 366 12
350 373 17
350 399 22
350 403 16
350 425 2
350 458 25
350 483 5
350 496 17
350 501 14
350 519 17
350 546 18
350 558 3
351 358 2
351 366 13
351 373 15
351 377 2
351 383 9
351 385 21
351 405 2
351 456 24
351 487 7
351 520 25
351 524 18
351 595 18
352 358 9
352 376 4
352 437 2
352 446 22
352 505 25
352 524 16
352 533 21
352 554 12
352 594 10
353 410 18
353 454 2
353 510 11
353 515 19
353 528 7
354 415 2
354 425 7
354 438 25
354 466 22
354 469 9
354 499 2
354 537 9
355 365 1
355 402 3
355 409 20
355 437 23
355 463 6
355 477 18
355 478 6
355 492 5
355 509 12
355 532 23
355 556 16
355 557 17
355 577 1
355 587 12
356 366 17
356 376 17
356 379 9
356 408 3
356 411 1
356 414 1
356 447 6
356 452 11
356 467 19
356 472 14
356 484 14
356 519 2
356 523 14
356 535 12
356 537 13
356 542 17
356 549 21
356 561 13
356 568 19
356 591 17
356 599 12
357 392 2
357 398 11
357 415 17
357 436 8
357 447 22
357 457 16
357 473 23
357 478 13
357 510 16
357 549 11
357 580 4
357 588 7
358 378 20
358 442 8
358 454 7
358 486 22
358 507 14
358 512 19
358 521 18
358 544 2
358 547 8
358 548 19
358 553 17
358 560 21
358 579 6
358 590 8
359 368 16
359 374 20
359 387 4
359 393 9
359 427 8
359 440 5
359 451 19
359 464 24
359 483 12
359 510 15
359 514 14
359 521 12
359 538 5
359 586 7
360 368 24
360 377 8
360 400 13
360 426 20
360 427 16
360 433 22
360 438 17
360 448 6
360 556 15
360 576 9
360 588 7
361 393 24
361 432 4
361 435 24
361 464 20
361 475 12
361 505 8
361 515 12
361 593 8
361 598 11
362 371 21
362 390 16
362 393 15
362 440 16
362 447 16
362 448 4
362 455 6
362 526 7
362 599 15
363 388 12
363 399 13
363 402 15
363 408 19
363 423 25
363 432 10
363 441 11
363 467 21
363 483 1
363 511 18
363 531 13
363 541 11
363 555 25
363 561 11
363 584 14
364 386 25
364 412 5
364 502 2
364 517 7
364 559 19
364 574 10
365 373 20
365 384 14
365 402 2
365 431 9
365 443 4
365 449 17
365 450 14
365 494 11
365 504 23
365 507 5
365 512 24
365 527 10
365 541 20
365 574 20
366 373 12
366 376 4
366 382 5
366 385 7
366 389 4
366 407 23
366 452 21
366 478 16
366 498 24
366 507 7
366 554 6
366 556 25
367 403 13
367 421 8
367 469 8
367 478 6
367 481 17
367 512 2
367 520 21
367 530 20
367 541 11
367 563 2
367 564 11
367 576 1
368 374 14
368 394 9
368 417 6
368 477 13
368 491 20
368 501 25
368 508 7
368 515 6
368 526 5
368 533 11
368 537 15
368 542 10
368 599 10
369 383 10
369 390 25
369 399 10
369 401 16
369 417 5
369 428 9
369 432 6
369 437 12
369 445 17
369 517 11
369 521 5
369 524 18
369 531 9
369 554 24
369 589 5
369 595 10
370 373 10
370 386 8
370 415 23
370 419 20
370 458 13
370 504 10
370 505 14
370 530 14
370 563 16
370 590 22
371 375 18
371 426 4
371 436 11
371 450 2
371 465 15
371 468 20
371 510 3
371 525 25
371 536 13
371 548 7
371 552 10
371 554 18
371 563 21
372 387 3
372 407 5
372 416 25
372 445 23
372 453 13
372 524 1
372 525 2
373 389 22
373 404 12
373 408 9
373 453 22
373 493 8
373 548 23
373 589 6
374 397 23
374 412 13
374 461 24
374 473 19
374 494 5
374 502 4
374 504 4
374 561 8
374 572 20
374 575 1
375 383 10
375 400 21
375 458 13
375 482 19
375 510 6
375 516 5
375 533 14
375 535 10
375 548 11
376 382 15
376 422 7
376 457 24
376 468 17
376 471 11
376 483 22
376 490 3
376 505 19
376 535 18
376 550 12
377 385 19
377 403 1
377 416 10
377 417 6
377 444 1
377 494 3
377 495 13
377 507 4
377 558 9
377 584 22
378 400 25
378 413 9
378 434 9
378 442 21
378 460 21
378 474 4
378 503 3
378 528 2
378 543 17
378 544 12
378 556 12
378 561 8
378 562 19
378 575 12
379 385 25
379 397 4
379 446 9
379 448 4
379 455 24
379 469 1
379 477 16
379 478 19
379 481 3
379 484 25
379 501 2
379 551 3
380 427 4
380 457 14
380 463 8
380 486 12
380 529 12
380 577 8
381 402 22
381 492 22
381 501 3
381 529 17
381 535 25
381 537 7
381 566 20
381 567 16
381 575 18
382 388 7
382 398 1
382 433 13
382 509 20
382 531 2
382 555 16
382 572 3
383 398 5
383 516 17
383 527 6
383 537 22
383 573 10
384 526 8
384 585 23
385 393 11
385 411 13
385 434 4
385 445 1
385 468 20
385 471 15
385 526 13
385 567 4
385 589 14
386 422 9
386 426 6
386 427 5
386 440 11
386 460 14
386 468 25
386 489 1
386 514 7
386 522 8
386 529 3
386 559 19
386 575 2
386 592 4
387 430 12
387 433 7
387 445 11
387 465 5
387 469 12
387 470 9
387 476 14
387 540 21
388 389 9
388 407 2
388 420 8
388 432 12
388 445 2
388 473 5
388 535 3
388 539 16
388 540 8
388 572 16
388 579 2
388 581 16
388 593 23
389 390 12
389 398 4
389 429 24
389 455 14
389 459 12
389 469 6
389 471 17
389 508 8
389 511 9
389 514 22
389 549 19
389 560 17
389 569 9
389 570 23
389 586 3
390 408 20
390 410 13
390 416 1
390 429 3
390 483 14
390 512 8
390 547 14
390 549 18
390 555 14
390 573 16
390 575 10
390 585 22
390 589 9
390 598 11
391 393 12
391 415 6
391 424 24
391 453 17
391 480 4
391 495 13
391 496 4
391 500 11
391 543 6
391 578 11
391 579 21
392 405 4
392 410 6
392 413 13
392 420 13
392 422 5
392 489 17
392 494 7
392 502 17
392 511 17
392 519 11
392 527 8
392 558 2
392 573 24
392 576 2
392 577 15
392 579 16
392 596 11
393 394 13
393 398 24
393 433 22
393 448 1
393 474 4
393 487 20
393 488 18
393 498 9
393 511 9
393 538 23
393 564 19
393 597 16
394 448 8
394 514 15
394 538 20
394 556 15
394 599 4
395 407 9
395 410 19
395 412 20
395 427 17
395 433 12
395 442 12
395 449 2
395 482 19
395 489 15
395 513 25
395 539 22
395 562 4
395 598 17
396 400 8
396 447 19
396 457 18
396 463 4
396 498 19
396 507 23
396 575 25
396 588 11
396 589 7
397 403 11
397 413 8
397 452 2
397 469 1
397 497 17
397 500 16
397 505 20
397 514 6
397 525 19
397 530 3
397 534 1
397 567 16
397 576 21
397 596 13
398 401 4
398 412 22
398 454 8
398 460 18
398 486 23
398 520 5
398 522 23
398 529 15
398 550 12
398 556 16
398 558 9
399 405 17
399 410 10
399 414 6
399 436 18
399 442 22
399 522 12
399 537 3
399 541 7
399 554 14
400 405 4
400 406 23
400 416 6
400 425 25
400 427 6
400 460 2
400 467 5
400 475 6
400 519 17
400 540 25
400 549 20
400 572 20
400 580 24
400 586 5
401 402 12
401 442 21
401 471 9
401 483 11
401 492 12
401 494 22
401 529 2
401 556 20
401 570 15
401 580 13
401 583 1
401 587 7
401 588 9
402 403 14
402 404 12
402 437 17
402 438 2
402 444 17
402 465 15
402 486 10
402 507 16
402 513 22
402 528 11
402 537 20
402 555 4
402 563 4
402 570 22
402 575 24
402 584 23
402 593 20
403 411 3
403 415 11
403 421 17
403 434 13
403 437 23
403 443 6
403 460 9
403 481 24
403 514 25
403 522 25
403 585 13
404 424 2
404 444 6
404 446 24
404 466 16
404 476 19
404 483 15
404 538 19
404 550 10
404 556 6
405 407 5
405 418 3
405 420 2
405 446 15
405 457 22
405 572 8
406 410 18
406 424 20
406 426 6
406 436 17
406 443 14
406 493 10
406 513 4
406 516 8
406 523 24
406 532 2
406 540 13
406 574 7
406 575 2
407 461 14
407 504 8
407 509 15
407 537 16
407 543 15
407 546 13
407 571 8
407 580 9
407 590 2
408 413 3
408 442 18
408 444 10
408 452 8
408 459 20
408 468 11
408 475 24
408 477 19
408 507 20
408 534 19
408 538 13
408 556 25
408 560 12
408 564 4
408 593 11
409 421 16
409 429 13
409 439 9
409 461 19
409 465 25
409 480 17
409 492 20
409 504 13
409 507 24
409 598 11
410 411 5
410 470 14
410 471 25
410 474 14
410 506 22
410 533 4
410 557 17
410 562 16
410 576 13
410 585 1
410 589 13
411 429 25
411 497 1
411 505 6
411 510 20
411 517 19
411 527 20
411 573 21
411 575 6
411 586 25
411 591 7
412 431 23
412 472 12
412 477 17
412 496 16
412 532 13
412 545 11
412 550 10
412 584 3
413 445 9
413 470 23
413 512 7
413 524 24
413 559 22
413 590 21
414 450 22
414 453 25
414 465 14
414 486 15
414 504 12
414 541 16
414 546 2
414 578 12
415 437 16
415 461 9
415 497 8
415 500 12
415 511 5
415 516 3
415 524 17
415 545 5
415 555 11
415 567 14
416 421 18
416 422 3
416 504 4
416 519 8
416 543 13
416 544 15
416 552 10
416 567 23
416 599 14
417 423 16
417 445 22
417 494 11
417 495 13
417 509 20
417 511 10
417 519 3
417 539 9
417 570 24
418 491 20
418 536 10
418 563 12
418 570 13
418 584 20
418 590 19
419 445 24
419 446 25
419 491 21
419 492 15
419 511 6
419 521 7
419 543 5
419 565 23
420 461 11
420 467 10
420 481 5
420 529 23
420 534 1
420 571 16
420 577 20
420 590 15
420 595 9
421 423 18
421 437 25
421 447 23
421 453 15
421 469 11
421 534 1
421 536 23
421 591 9
422 432 22
422 433 10
422 451 20
422 475 9
422 476 4
422 481 15
422 534 9
422 564 5
423 427 11
423 432 23
423 444 10
423 462 19
423 471 4
423 485 8
423 524 4
423 529 13
423 543 14
423 544 1
423 560 16
423 580 5
424 426 22
424 447 5
424 454 15
424 467 17
424 470 6
424 538 12
424 567 6
424 573 16
425 491 12
425 513 5
425 552 2
425 556 11
425 566 14
425 579 23
425 591 21
426 454 20
426 461 13
426 490 5
426 505 24
426 510 23
426 530 4
426 537 9
426 540 16
426 553 8
426 555 18
426 590 19
427 448 22
427 463 8
427 465 21
427 472 12
427 496 14
427 542 17
427 543 16
427 569 3
427 595 10
428 502 21
428 522 15
429 477 15
429 483 14
429 485 3
429 487 22
429 506 15
429 512 13
429 514 12
429 519 12
429 529 9
429 586 6
430 476 24
430 486 15
430 487 7
430 503 23
430 558 18
430 566 15
430 591 13
430 593 25
431 433 9
431 443 8
431 450 24
431 464 18
431 471 3
431 480 10
431 486 7
431 487 22
431 511 3
431 530 11
431 568 8
432 437 25
432 485 25
432 488 25
432 507 13
432 523 5
432 537 21
432 598 4
433 446 19
433 498 7
433 502 16
433 526 4
433 547 13
433 548 16
433 565 18
433 571 21
433 572 14
433 582 11
433 586 12
434 447 3
434 476 10
434 523 20
434 534 13
434 564 10
434 585 12
434 594 17
435 448 20
435 456 20
435 457 13
435 472 24
435 483 6
435 484 23
435 498 23
435 507 5
435 522 22
435 598 11
436 458 9
436 464 17
436 491 14
436 532 5
436 551 25
436 559 6
436 573 8
436 579 12
436 584 24
437 452 1
437 459 9
437 465 12
437 483 11
437 510 20
437 528 16
437 537 22
437 560 14
437 569 3
437 583 7
437 591 3
438 471 20
438 474 3
438 478 22
438 518 9
438 542 1
438 562 4
438 592 6
439 471 23
439 477 11
439 481 4
439 483 10
439 484 21
439 493 20
439 521 1
439 523 25
439 526 20
439 531 6
439 585 8
439 596 8
440 457 4
440 473 8
440 492 17
440 501 17
440 527 18
440 531 13
440 538 8
440 541 16
440 572 4
440 577 12
440 582 22
441 445 6
441 451 8
441 457 1
441 467 4
441 468 17
441 494 1
441 496 8
441 563 24
441 570 24
441 593 20
442 457 3
442 469 10
442 472 15
442 473 24
442 505 10
442 528 15
442 538 20
442 564 18
443 457 22
443 544 5
443 549 23
443 553 6
443 563 23
443 564 15
443 597 25
444 472 10
444 492 24
444 512 15
444 530 13
444 566 12
445 446 14
445 456 20
445 479 20
445 497 14
445 543 1
445 561 13
445 588 15
446 475 10
446 481 13
446 488 15
446 517 4
446 524 17
446 526 24
447 453 18
447 487 16
447 493 11
447 502 9
447 509 12
447 510 3
447 545 5
447 573 18
447 582 25
448 453 10
448 456 15
448 488 16
448 504 11
448 517 2
448 528 16
448 529 1
448 550 16
448 553 5
448 555 14
448 556 11
448 575 24
448 585 4
448 596 11
448 597 13
449 453 18
449 473 22
449 483 25
449 495 9
449 496 25
449 534 17
449 548 8
449 552 19
449 561 9
449 588 18
450 464 3
450 497 22
450 522 22
450 572 7
451 463 15
451 473 23
451 499 19
451 511 4
451 523 16
451 545 4
451 552 7
451 556 6
451 562 6
451 581 23
451 583 10
452 460 21
452 481 8
452 515 10
452 536 25
452 572 20
453 478 22
453 482 19
453 485 16
453 547 24
453 555 3
453 560 17
453 571 17
453 575 12
454 461 10
454 514 25
454 568 6
455 497 12
455 506 21
455 509 2
455 527 21
455 528 10
455 583 24
455 592 16
456 464 16
456 491 14
456 500 21
456 517 22
456 519 22
456 530 2
456 532 19
456 571 8
456 574 22
457 546 3
457 577 20
458 508 23
458 530 24
458 549 18
458 582 17
459 462 16
459 476 16
459 510 19
459 512 7
459 540 7
459 570 7
460 503 17
460 533 8
460 559 12
460 560 5
460 562 4
460 589 13
461 464 25
461 480 15
461 481 13
461 489 17
461 492 5
461 531 4
461 546 13
461 566 4
461 590 2
461 598 16
462 501 24
462 522 11
462 523 14
462 528 4
462 578 5
463 475 12
463 476 2
463 500 23
463 504 3
463 510 18
463 525 15
463 532 23
463 564 1
464 471 24
464 489 4
464 512 17
464 585 6
464 598 15
465 481 24
465 499 11
465 508 4
465 572 23
465 587 3
466 476 18
466 496 15
466 504 9
466 524 23
466 530 4
466 596 12
467 469 24
467 471 19
467 488 13
467 492 10
467 494 7
467 521 16
467 558 14
467 559 18
467 571 17
468 477 13
468 482 22
468 483 11
468 525 5
468 540 19
468 576 12
469 556 3
469 560 24
469 571 5
470 481 10
470 488 15
470 492 3
470 542 21
470 552 20
470 575 3
470 596 23
471 483 13
471 492 19
471 522 6
471 528 10
471 554 22
471 568 20
471 599 11
472 494 15
472 503 7
472 535 20
472 547 21
472 570 22
472 596 10
473 490 16
473 491 15
473 492 25
473 517 12
473 524 3
474 549 4
474 573 8
474 587 14
474 591 8
474 594 8
475 478 20
475 481 17
475 507 23
475 522 25
475 576 14
475 585 17
475 593 4
475 596 11
476 480 6
476 506 22
476 568 19
476 582 16
476 591 18
477 486 15
477 577 3
477 580 9
477 589 21
477 590 22
478 524 6
478 528 19
478 545 8
478 551 23
478 556 8
479 481 9
479 504 10
479 525 10
479 554 12
479 560 19
479 587 25
480 490 19
480 502 3
480 540 22
480 544 13
480 563 2
480 564 21
480 583 1
480 589 19
480 590 24
481 483 14
481 491 1
481 516 22
481 520 7
481 573 18
481 575 16
482 485 23
482 492 20
482 510 24
482 550 18
482 552 18
483 499 4
483 529 13
483 579 1
483 593 2
484 507 22
484 519 9
484 520 13
484 533 7
484 536 23
484 539 8
484 577 8
484 594 18
485 525 12
485 533 4
485 534 5
485 539 14
485 540 1
485 579 6
485 584 9
485 597 1
486 511 19
486 522 9
486 524 22
486 533 2
486 557 2
486 597 12
487 526 24
487 545 21
487 573 12
487 574 18
487 584 14
487 595 18
487 597 5
488 504 16
488 532 21
488 536 1
488 553 1
489 492 10
489 494 9
489 553 23
489 554 19
489 558 19
489 571 18
489 581 5
490 493 24
490 497 22
490 542 20
490 545 25
490 546 4
490 564 3
490 595 2
491 515 24
491 526 12
491 557 24
491 593 2
492 506 15
492 507 12
492 512 2
492 530 12
492 576 1
492 594 21
493 518 2
493 523 18
493 532 25
493 541 17
493 563 15
493 579 3
493 591 20
494 510 24
494 525 13
494 548 19
494 574 17
494 586 6
495 509 11
495 553 23
495 554 5
495 577 10
495 582 18
495 596 6
496 508 15
496 534 20
496 550 7
496 577 14
497 510 8
497 515 7
497 580 17
497 585 24
497 589 21
498 504 19
498 526 13
498 546 21
498 556 14
498 582 14
498 592 15
499 502 16
499 521 8
499 563 4
499 567 20
499 581 2
499 589 4
500 512 7
500 517 20
500 518 22
500 563 15
500 572 6
500 591 19
501 507 19
501 592 15
502 514 13
502 544 24
502 564 4
502 570 10
502 592 7
503 568 19
503 575 19
503 593 14
503 594 13
504 508 18
504 561 9
504 598 6
505 509 5
505 527 6
505 547 21
505 565 20
505 580 22
505 599 11
506 520 2
506 522 2
506 542 7
506 543 3
506 576 5
506 596 14
506 598 25
507 517 3
507 521 3
507 529 5
507 530 21
507 552 23
507 558 21
507 585 11
508 530 23
508 552 1
508 556 20
508 559 4
509 519 22
509 531 15
509 583 17
510 520 9
510 526 7
510 554 2
511 558 16
511 588 13
512 520 9
512 525 11
512 536 10
513 542 5
513 553 24
513 556 11
513 577 6
513 579 5
514 575 16
515 535 12
515 537 20
515 545 15
515 554 14
515 574 24
515 580 21
515 586 12
516 517 21
516 518 18
516 566 22
517 561 18
517 590 20
517 594 18
518 543 22
518 544 16
519 548 7
519 567 15
519 576 1
520 525 16
522 534 19
522 536 16
522 543 5
522 556 2
522 574 4
523 537 14
523 552 9
523 561 4
523 586 2
524 578 16
525 558 10
525 565 17
525 582 5
525 593 5
526 596 8
526 599 18
527 552 3
527 568 3
527 577 6
528 533 24
528 534 20
528 552 4
528 559 18
528 577 16
528 585 21
528 595 14
529 533 7
529 534 5
529 554 6
529 586 7
529 589 22
530 549 24
530 553 25
530 580 3
530 595 2
530 598 3
531 579 17
532 552 12
532 554 6
533 539 20
533 541 3
533 546 15
533 551 11
534 535 9
534 537 21
534 547 20
534 548 1
534 585 24
534 594 22
535 540 9
535 547 24
535 557 18
535 559 12
535 561 16
536 545 8
536 547 10
536 589 7
536 591 16
537 556 14
537 562 12
537 573 25
537 594 12
538 571 12
538 578 24
538 594 14
538 596 13
539 551 3
539 578 7
539 580 25
540 545 10
540 554 1
540 575 4
541 569 1
542 552 13
542 559 12
542 568 22
542 572 7
543 554 14
544 555 22
544 577 5
544 579 22
545 550 22
545 555 24
545 580 9
546 584 14
547 556 9
547 579 20
548 549 22
548 556 1
548 566 8
548 574 8
549 554 25
549 577 21
549 588 19
549 594 25
550 557 9
550 564 9
550 584 4
551 556 18
551 572 8
551 578 13
552 565 18
552 588 13
552 592 16
554 583 8
554 590 24
554 597 12
555 586 16
555 591 12
556 565 10
557 599 23
559 562 11
559 568 8
559 573 23
560 566 21
560 590 21
560 596 6
562 574 15
564 571 20
564 582 9
564 586 24
565 581 2
565 599 8
566 585 19
566 590 23
566 591 10
566 595 4
566 597 6
569 572 13
569 580 21
569 592 15
571 577 1
571 584 16
573 577 2
573 580 16
574 584 23
576 584 2
577 585 4
577 586 15
578 582 13
579 594 15
582 597 12
585 590 25
585 594 24
585 596 10
587 597 20
588 591 21
592 593 17
600 299 78
601 599 16
600 601 94
602 608 7
602 609 6
602 621 2
602 624 9
602 655 5
602 687 7
602 740 10
602 754 3
602 775 2
602 777 2
602 782 7
602 801 1
602 815 4
602 825 3
602 828 6
602 866 10
602 867 2
602 868 10
602 870 3
602 876 7
603 649 10
603 672 7
603 682 10
603 695 6
603 700 7
603 705 1
603 724 4
603 741 8
603 749 1
603 773 9
603 805 4
603 844 7
604 612 6
604 628 5
604 637 8
604 654 2
604 688 3
604 703 7
604 740 4
604 745 6
604 751 8
604 797 10
604 802 8
604 806 3
604 819 2
604 865 3
604 877 2
605 629 6
605 637 3
605 644 6
605 664 4
605 677 4
605 684 3
605 686 3
605 698 9
605 703 1
605 716 3
605 758 2
605 759 10
605 807 3
605 843 2
605 847 3
605 857 1
605 894 7
606 613 9
606 629 10
606 640 8
606 648 3
606 653 6
606 659 2
606 701 9
606 728 5
606 761 3
606 779 6
606 781 8
606 859 7
606 870 9
606 897 9
607 633 2
607 662 3
607 695 5
607 722 5
607 760 6
607 780 9
607 788 7
607 826 4
607 846 1
607 850 1
607 870 8
607 874 10
608 637 3
608 652 9
608 663 4
608 673 5
608 703 6
608 713 4
608 727 5
608 736 3
608 756 6
608 765 2
608 781 6
608 793 4
608 803 7
608 810 9
608 826 10
608 828 6
608 855 7
608 877 10
608 883 4
609 620 8
609 625 2
609 654 10
609 670 2
609 702 9
609 709 10
609 740 10
609 762 4
609 769 10
609 793 2
609 800 1
609 810 1
609 824 6
609 865 10
609 872 6
609 877 10
610 611 7
610 673 9
610 686 6
610 695 1
610 728 5
610 756 8
610 761 9
610 799 8
610 809 6
610 815 9
610 849 9
610 853 1
610 872 5
610 887 8
610 898 6
611 708 2
611 733 1
611 796 6
611 799 5
611 816 9
611 827 7
611 842 6
611 846 3
611 863 9
611 867 7
611 873 5
611 881 9
611 882 2
611 899 6
612 616 5
612 646 3
612 665 2
612 689 5
612 712 9
612 730 5
612 742 9
612 760 6
612 800 3
612 849 9
612 894 1
613 614 3
613 629 9
613 642 3
613 696 7
613 786 9
613 793 8
613 832 10
613 849 9
613 862 5
613 863 4
613 877 10
613 888 2
614 619 1
614 687 2
614 706 10
614 707 7
614 726 6
614 773 10
614 778 10
614 797 4
614 827 6
614 836 2
614 865 5
614 884 1
614 890 10
614 892 1
614 896 1
615 637 7
615 649 5
615 704 9
615 707 9
615 710 7
615 712 10
615 716 1
615 788 3
615 791 8
615 835 9
615 880 4
615 883 6
615 893 5
616 634 7
616 658 5
616 672 6
616 681 9
616 684 8
616 689 7
616 714 7
616 716 6
616 719 7
616 737 6
616 759 9
616 794 4
616 824 8
616 830 5
616 876 4
617 626 9
617 655 6
617 685 7
617 686 6
617 690 2
617 723 7
617 742 6
617 766 9
617 792 6
617 795 9
617 815 3
617 832 3
617 867 7
617 871 7
618 697 1
618 746 1
618 778 5
618 794 7
618 812 9
618 813 4
618 843 7
618 859 5
618 868 10
618 877 2
618 879 3
618 897 8
619 641 2
619 657 7
619 669 7
619 688 6
619 699 2
619 722 5
619 788 3
619 800 8
619 805 2
619 835 7
619 856 5
619 889 10
619 891 5
620 658 2
620 690 8
620 705 7
620 730 5
620 734 6
620 755 5
620 774 7
620 811 8
620 835 2
620 840 3
620 842 6
620 858 5
620 871 9
620 886 3
620 891 6
621 637 2
621 664 5
621 681 5
621 695 5
621 704 3
621 737 1
621 784 3
621 792 5
621 817 8
621 818 5
621 855 4
621 861 9
621 885 1
621 888 10
622 688 8
622 705 7
622 729 2
622 744 7
622 770 6
622 788 8
622 790 2
622 856 10
622 878 4
622 887 10
623 631 3
623 668 8
623 680 5
623 686 7
623 696 9
623 717 9
623 753 5
623 838 10
623 858 4
623 883 9
624 657 5
624 711 6
624 736 2
624 744 7
624 754 2
624 755 9
624 763 3
624 776 8
624 780 9
624 802 6
624 811 7
624 812 9
624 819 2
624 830 10
624 839 5
624 856 9
624 900 9
625 632 7
625 649 1
625 705 2
625 778 6
625 798 3
625 825 2
625 829 2
625 853 2
626 644 10
626 657 1
626 702 8
626 747 1
626 752 4
626 771 8
626 786 7
626 787 1
626 812 9
626 861 3
627 645 5
627 646 7
627 652 8
627 666 2
627 716 6
627 750 5
627 759 10
627 768 4
627 814 8
627 816 10
627 844 8
627 877 7
627 879 8
627 894 6
628 634 7
628 635 2
628 638 1
628 640 1
628 670 5
628 703 3
628 717 2
628 726 4
628 741 3
628 773 9
628 775 6
628 800 8
628 815 7
628 865 3
629 663 10
629 678 5
629 683 5
629 698 4
629 711 4
629 719 4
629 735 7
629 740 1
629 744 8
629 796 7
629 801 6
629 815 6
629 822 8
629 851 5
629 858 2
630 655 5
630 663 1
630 682 10
630 693 8
630 720 1
630 783 10
630 792 4
630 805 5
630 830 4
630 888 7
631 678 9
631 704 4
631 735 3
631 754 8
631 764 10
631 773 7
631 775 8
631 776 7
631 777 3
631 795 3
631 806 2
631 813 7
631 833 10
631 837 2
631 878 6
631 882 6
631 885 9
631 887 1
632 641 3
632 661 3
632 669 4
632 672 9
632 681 5
632 692 5
632 695 9
632 703 6
632 707 7
632 762 2
632 777 2
632 785 10
632 848 1
633 649 1
633 655 3
633 666 5
633 698 10
633 703 5
633 707 1
633 710 7
633 713 3
633 726 3
633 739 10
633 740 4
633 748 9
633 759 1
633 785 7
633 809 7
633 810 6
633 818 5
633 879 7
634 652 10
634 681 9
634 712 3
634 740 10
634 766 4
634 780 7
634 810 10
634 832 1
634 864 3
634 870 2
634 899 2
635 641 2
635 648 4
635 693 4
635 762 7
635 781 8
635 793 4
635 851 1
635 868 8
636 657 2
636 670 3
636 678 2
636 679 3
636 684 8
636 693 3
636 694 3
636 709 4
636 730 9
636 743 10
636 796 10
636 799 5
636 818 1
636 819 8
636 838 7
636 847 1
636 869 1
636 884 6
637 642 10
637 651 1
637 669 8
637 677 3
637 680 5
637 743 2
637 761 6
637 765 8
637 767 8
637 816 3
637 828 3
637 838 10
637 875 2
638 648 5
638 684 4
638 692 4
638 712 7
638 723 1
638 735 6
638 738 10
638 744 6
638 759 6
638 789 1
638 798 5
638 808 10
638 812 2
638 820 4
638 844 9
638 851 2
638 853 5
638 860 6
639 646 3
639 647 7
639 675 3
639 703 6
639 707 3
639 709 6
639 747 3
639 752 3
639 753 5
639 756 6
639 784 5
639 794 4
639 801 9
639 833 9
639 848 9
639 853 4
639 863 8
639 884 1
640 642 1
640 662 9
640 668 6
640 677 6
640 768 9
640 780 2
640 791 8
640 812 10
640 846 6
641 659 6
641 673 3
641 689 2
641 700 3
641 729 6
641 731 8
641 737 5
641 738 3
641 742 1
641 747 1
641 755 5
641 761 3
641 800 5
641 808 2
641 813 9
641 829 1
641 836 1
641 877 10
641 889 1
641 894 6
642 650 7
642 652 2
642 669 7
642 677 7
642 745 9
642 747 2
642 754 7
642 766 1
642 796 9
642 802 7
642 804 6
642 810 6
642 839 1
642 858 7
642 861 8
643 656 8
643 695 6
643 704 5
643 724 2
643 741 8
643 751 7
643 769 7
643 792 2
643 840 1
643 867 10
643 870 1
643 879 3
643 880 2
643 884 10
643 885 4
644 666 8
644 675 8
644 710 7
644 717 4
644 719 6
644 743 5
644 745 5
644 775 2
644 798 7
644 823 6
644 867 10
644 870 2
644 884 3
645 646 1
645 681 10
645 696 1
645 704 10
645 735 8
645 767 5
645 776 2
645 777 5
645 783 1
645 818 10
645 828 9
645 850 3
645 851 9
645 859 9
645 879 8
645 882 1
646 674 10
646 698 3
646 726 10
646 731 9
646 756 9
646 769 3
646 790 4
646 810 5
646 819 9
646 858 7
646 887 2
647 651 6
647 688 7
647 691 5
647 696 9
647 709 9
647 733 7
647 763 9
647 786 8
647 797 4
647 826 5
647 832 9
647 867 10
647 880 7
648 658 10
648 665 8
648 672 1
648 711 9
648 728 8
648 741 10
648 753 1
648 763 9
648 775 2
648 818 10
648 822 9
648 827 2
648 841 4
648 853 4
648 856 9
648 897 2
649 665 1
649 688 10
649 706 10
649 732 7
649 743 4
649 768 8
649 772 5
649 775 10
649 785 8
649 833 4
649 835 5
649 846 2
649 860 5
650 662 5
650 672 10
650 675 4
650 686 4
650 693 10
650 702 2
650 730 4
650 735 2
650 744 4
650 750 4
650 763 3
650 813 3
650 831 3
650 842 7
650 897 6
651 674 6
651 690 5
651 726 10
651 739 8
651 775 6
651 776 9
651 808 4
651 817 1
651 858 8
651 860 10
651 872 3
651 878 5
652 680 6
652 683 7
652 725 8
652 747 10
652 779 3
652 797 7
652 824 3
652 892 9
653 704 8
653 713 7
653 722 2
653 723 9
653 748 10
653 772 5
653 780 4
653 789 3
653 806 7
653 854 2
653 861 10
653 869 5
653 875 8
653 877 1
653 878 2
654 667 3
654 711 1
654 719 8
654 772 3
654 805 8
654 861 9
654 869 7
654 874 2
654 887 4
655 657 4
655 693 9
655 705 3
655 712 8
655 741 7
655 791 8
655 801 6
655 804 5
655 822 4
655 861 7
655 869 5
655 888 3
655 890 4
656 689 10
656 691 7
656 698 2
656 700 1
656 722 9
656 728 6
656 800 8
656 817 1
656 851 10
656 855 2
657 661 2
657 663 7
657 693 5
657 748 9
657 763 5
657 773 3
657 796 3
657 804 1
657 816 6
657 819 3
657 823 3
657 861 6
657 862 2
657 872 2
657 888 1
657 894 6
658 684 5
658 689 10
658 707 2
658 762 10
658 773 3
658 806 2
658 814 8
658 823 6
658 826 4
658 833 8
658 841 4
658 891 2
658 895 9
658 898 3
659 665 3
659 675 10
659 692 1
659 698 9
659 716 10
659 818 7
659 860 2
659 866 4
659 874 7
660 733 9
660 782 9
660 785 2
660 802 4
660 804 10
660 806 3
660 812 5
660 823 7
660 833 10
660 848 6
661 734 8
661 772 1
661 830 10
661 839 1
661 850 8
661 852 5
661 866 5
661 883 8
661 889 8
661 893 8
662 665 6
662 718 2
662 720 10
662 725 7
662 751 2
662 848 1
662 852 8
662 881 1
662 887 4
662 895 4
663 673 9
663 698 2
663 721 2
663 734 10
663 739 8
663 751 3
663 758 5
663 862 4
663 897 9
663 898 6
664 673 9
664 674 8
664 675 6
664 703 8
664 736 9
664 737 5
664 770 4
665 670 5
665 700 2
665 716 2
665 731 2
665 734 7
665 741 3
665 751 3
665 815 5
665 819 7
665 842 3
665 846 3
665 858 9
665 869 8
665 878 8
665 900 7
666 718 2
666 720 9
666 758 9
666 782 9
666 789 1
666 834 3
666 850 4
666 856 1
666 892 8
667 678 2
667 747 8
667 749 5
667 761 1
667 771 8
667 781 9
667 787 4
667 794 2
667 798 1
667 799 7
667 804 5
667 819 7
667 824 2
667 856 8
667 859 4
667 873 10
667 884 2
668 685 6
668 702 8
668 743 10
668 744 3
668 745 4
668 747 1
668 801 3
668 807 2
668 853 1
669 709 5
669 717 6
669 721 4
669 768 5
669 787 3
669 788 5
669 789 4
669 792 7
669 793 7
669 802 2
669 840 8
669 892 2
670 713 5
670 732 8
670 791 1
670 854 10
670 866 6
670 899 2
671 695 7
671 719 9
671 721 1
671 729 8
671 738 6
671 745 8
671 773 9
671 811 10
671 826 3
671 841 1
671 879 2
671 886 5
672 688 1
672 710 8
672 736 10
672 760 4
672 764 4
672 767 5
672 798 10
672 827 8
672 837 3
672 840 8
672 865 1
672 890 10
673 695 10
673 780 5
673 784 7
673 797 10
673 849 4
673 853 5
673 854 3
673 855 2
673 861 3
673 897 3
673 899 2
674 684 9
674 691 2
674 695 10
674 723 10
674 737 6
674 750 1
674 779 4
674 812 10
674 813 1
674 820 1
674 825 2
674 862 7
674 875 5
674 886 8
675 699 6
675 735 2
675 740 10
675 758 4
675 792 2
675 795 2
675 827 5
675 847 8
675 863 8
676 694 4
676 721 4
676 741 4
676 831 8
676 857 5
676 865 7
677 748 2
677 769 6
677 776 7
677 822 3
677 886 8
677 900 6
678 681 10
678 682 10
678 691 9
678 698 10
678 725 10
678 764 2
678 773 3
678 783 8
678 790 6
678 817 10
678 853 4
679 681 9
679 742 1
679 744 9
679 749 2
679 753 2
679 789 3
679 859 9
679 874 10
679 885 8
679 888 2
679 899 3
680 696 5
680 714 9
680 719 1
680 769 6
680 811 6
680 812 7
680 843 10
680 851 3
680 852 5
681 700 9
681 708 2
681 711 5
681 726 10
681 756 4
681 778 6
681 788 4
681 818 3
681 819 1
681 832 3
681 866 6
681 892 9
682 701 4
682 710 6
682 727 2
682 747 5
682 758 10
682 804 1
682 808 6
682 817 9
682 841 4
682 867 1
682 897 3
683 699 4
683 709 1
683 740 10
683 741 10
683 769 10
683 772 1
683 789 2
683 793 6
683 796 10
683 804 6
683 807 10
683 860 1
684 692 1
684 710 6
684 736 5
684 741 3
684 769 8
684 770 9
684 834 1
684 863 9
684 870 4
684 872 6
684 874 10
685 688 9
685 713 8
685 762 2
685 772 6
685 779 6
685 788 8
685 797 8
685 822 9
685 844 1
685 847 1
686 688 10
686 713 10
686 715 10
686 721 1
686 725 4
686 748 7
686 751 2
686 765 1
686 885 6
686 886 2
687 714 1
687 718 3
687 731 8
687 791 5
687 800 1
687 810 9
687 825 5
687 864 1
687 878 2
687 896 3
688 691 10
688 700 2
688 762 10
688 785 4
688 801 8
688 806 7
688 842 1
688 845 7
688 852 7
688 859 3
688 862 7
688 867 7
688 878 5
688 885 8
689 704 9
689 733 8
689 762 4
689 781 10
689 789 10
689 795 2
689 802 3
689 812 2
689 889 4
690 691 3
690 732 6
690 733 6
690 775 1
690 797 3
690 820 8
690 822 4
690 832 7
690 857 10
690 861 6
690 864 8
690 865 3
690 866 5
690 870 4
690 872 5
690 895 1
691 700 1
691 728 7
691 731 8
691 751 9
691 760 1
691 764 5
691 793 7
691 831 10
691 843 9
691 854 8
691 861 1
691 868 2
691 877 2
691 898 2
692 711 7
692 811 4
692 829 10
692 831 5
692 860 6
692 894 2
693 696 2
693 737 10
693 746 10
693 750 1
693 762 5
693 769 7
693 784 5
693 787 9
693 797 2
693 830 9
693 848 1
693 859 4
693 879 8
693 882 8
694 705 2
694 730 10
694 732 3
694 768 10
694 772 10
694 790 3
694 829 7
694 846 2
694 848 6
694 855 9
694 858 4
694 867 2
694 868 4
694 874 3
695 715 6
695 737 10
695 753 6
695 755 8
695 799 9
695 804 7
695 841 10
695 861 5
695 877 3
695 891 5
696 705 5
696 755 6
696 765 5
696 766 5
696 773 10
696 780 2
696 815 3
696 821 1
696 866 2
696 891 7
696 899 3
697 719 3
697 735 1
697 752 1
697 821 4
697 834 6
697 851 9
697 878 9
697 879 7
697 886 5
697 891 3
698 700 5
698 702 6
698 705 8
698 711 4
698 720 4
698 723 6
698 778 3
698 782 10
698 820 8
698 834 9
698 867 4
699 711 4
699 715 4
699 740 8
699 758 3
699 780 7
699 786 2
699 838 5
699 844 10
699 863 10
699 885 7
699 898 2
700 713 10
700 718 8
700 719 8
700 726 7
700 736 8
700 770 6
700 861 4
700 866 4
700 886 9
701 712 8
701 723 9
701 729 8
701 735 3
701 737 4
701 744 4
701 760 5
701 769 3
701 780 3
701 818 6
701 820 8
701 826 8
701 829 1
701 850 6
701 865 2
701 894 7
701 899 9
702 758 9
702 768 7
702 795 9
702 804 5
702 810 10
702 836 10
702 859 4
702 880 9
702 891 7
702 895 4
703 704 7
703 711 2
703 721 7
703 725 5
703 739 1
703 787 6
703 793 4
703 796 3
703 802 1
703 812 9
703 837 7
703 839 4
703 863 4
703 883 4
703 888 1
704 729 1
704 775 4
704 776 8
704 780 5
704 794 1
704 796 7
704 828 3
704 840 9
704 875 7
704 879 7
705 715 10
705 734 6
705 751 3
705 755 9
705 764 4
705 771 6
705 783 5
705 791 5
705 821 4
705 854 1
705 870 5
705 882 1
706 784 6
706 788 7
706 810 2
706 816 5
706 867 6
706 898 5
707 729 10
707 733 9
707 737 7
707 746 2
707 789 3
707 792 5
707 817 6
707 868 5
707 876 3
707 893 8
708 725 3
708 751 1
708 787 7
708 831 2
708 853 8
708 872 9
709 739 2
709 751 2
709 811 6
709 831 6
709 835 6
709 858 9
709 893 6
709 897 1
710 712 10
710 759 4
710 792 9
710 796 1
710 830 8
710 840 4
710 872 7
710 888 9
711 730 5
711 731 5
711 764 10
711 769 7
711 771 9
711 794 6
711 829 1
711 841 3
711 850 3
711 862 5
711 880 5
711 893 9
712 720 8
712 721 3
712 730 9
712 732 10
712 736 6
712 766 6
712 775 5
712 826 1
712 876 7
713 717 3
713 726 3
713 754 6
713 786 6
713 787 2
713 794 8
713 835 5
713 839 7
713 843 6
713 857 3
713 901 1
714 739 10
714 806 2
714 846 9
714 865 1
714 867 7
714 873 9
714 901 5
715 727 2
715 759 5
715 767 10
715 790 2
715 811 3
715 818 4
715 824 3
715 860 2
715 868 9
715 884 8
715 896 6
716 722 1
716 762 4
716 763 10
716 780 4
716 795 1
716 854 5
716 860 7
716 864 10
716 869 9
717 722 5
717 764 5
717 772 3
717 778 6
717 801 7
717 811 5
717 832 4
717 869 7
717 873 3
717 889 5
717 894 3
718 760 4
718 761 9
718 765 4
718 769 6
718 772 3
718 794 7
718 803 10
718 805 4
718 814 7
718 815 7
718 826 2
718 830 8
718 837 3
718 848 1
718 883 3
719 741 5
719 827 8
719 830 1
719 842 5
719 843 8
720 722 5
720 759 1
720 767 1
720 776 2
720 778 9
720 784 5
720 808 6
720 812 5
720 818 7
720 823 2
720 832 10
720 860 3
720 884 2
721 726 3
721 730 10
721 731 5
721 737 10
721 738 9
721 753 10
721 760 8
721 795 7
721 811 1
721 821 5
721 835 9
721 839 4
721 855 9
721 858 4
722 737 1
722 740 9
722 742 10
722 756 8
722 770 6
722 776 10
722 781 8
722 820 7
722 824 9
722 842 4
722 858 2
722 891 5
723 741 3
723 812 5
723 835 4
723 874 5
723 885 7
724 727 9
724 741 6
724 761 3
724 781 10
724 791 4
724 803 2
724 813 7
724 818 2
724 823 5
724 872 4
724 882 1
724 887 8
725 763 2
725 778 6
725 781 10
725 785 3
725 802 5
725 803 9
725 815 8
725 866 6
725 870 9
726 729 4
726 735 4
726 746 4
726 761 8
726 796 1
726 813 6
726 824 2
726 831 6
726 855 2
726 870 10
726 880 4
726 887 7
727 730 2
727 737 3
727 769 2
727 791 6
727 792 2
727 818 4
727 819 10
727 835 5
727 844 6
727 846 9
727 861 8
727 888 1
728 741 10
728 816 10
728 832 7
728 867 8
729 750 7
729 763 2
729 776 8
729 817 1
729 818 8
729 831 2
729 837 10
729 874 10
730 754 9
730 778 1
730 877 5
730 896 1
730 899 3
731 732 1
731 752 9
731 773 4
731 818 5
731 854 1
731 874 1
731 891 6
732 753 6
732 761 10
732 765 2
732 780 1
732 791 10
732 802 10
732 804 1
732 810 9
732 817 9
733 745 9
733 750 9
733 767 6
733 779 10
733 780 6
733 782 8
733 807 7
733 826 9
733 833 7
733 900 6
734 747 8
734 774 9
734 776 3
734 790 8
734 791 1
734 811 3
734 821 6
734 841 7
734 856 9
735 744 8
735 769 7
735 772 7
735 777 3
735 846 9
735 853 8
735 855 3
735 861 8
735 876 7
735 881 5
735 892 7
736 759 8
736 784 3
736 833 5
736 864 3
736 876 5
736 879 2
736 888 2
736 901 3
737 755 1
737 757 10
737 762 1
737 774 8
737 797 8
737 798 3
737 808 5
737 820 9
737 826 7
737 843 2
737 845 7
737 867 7
737 881 2
737 896 3
737 897 3
738 767 4
738 771 1
738 777 1
738 787 9
738 821 9
738 835 9
738 839 5
738 845 7
738 869 6
739 777 10
739 823 3
739 829 10
739 839 4
739 880 4
740 754 1
740 761 6
740 789 4
740 798 2
740 822 6
740 835 1
740 846 10
740 862 10
740 869 7
740 883 10
740 892 8
741 797 1
741 849 6
741 867 5
741 889 2
742 755 10
742 758 7
742 759 5
742 775 3
742 815 7
742 874 5
742 893 3
743 773 8
743 798 10
743 843 9
743 848 3
743 884 9
744 769 1
744 844 3
744 867 4
744 897 6
745 747 5
745 774 1
745 800 10
745 805 7
745 819 7
745 821 2
745 831 8
745 848 8
745 849 1
745 861 7
746 756 6
746 761 1
746 771 4
746 803 10
746 817 4
746 850 5
746 892 8
746 894 10
747 748 7
747 780 7
747 790 5
747 835 9
747 879 4
747 894 6
748 797 9
748 800 6
748 810 6
748 815 9
748 843 10
748 847 9
748 865 7
748 871 7
748 879 9
748 893 8
748 895 5
749 768 7
749 772 9
749 806 2
749 849 5
749 878 1
750 754 10
750 772 2
750 802 3
750 805 5
750 808 3
750 817 6
750 824 9
750 895 2
751 757 6
751 781 6
751 839 8
751 849 2
752 755 6
752 786 1
752 794 7
752 829 5
752 830 9
752 842 4
752 859 5
752 865 10
752 876 2
752 880 1
753 766 8
753 787 2
753 793 8
753 800 2
753 837 9
753 845 9
753 852 5
754 765 5
754 767 9
754 800 4
754 818 8
754 819 2
754 851 8
754 859 10
754 866 9
754 891 9
755 766 3
755 773 4
755 799 4
755 822 1
755 852 7
755 859 9
755 860 3
755 889 5
756 757 5
756 761 3
756 762 8
756 770 10
756 771 3
756 777 1
756 825 2
756 836 10
756 850 3
756 863 10
756 866 4
756 867 3
756 894 8
756 896 8
756 900 9
757 764 8
757 765 2
757 772 6
757 779 9
757 861 1
757 885 7
757 895 8
758 789 9
758 830 9
758 839 3
758 878 4
758 881 9
758 882 2
759 784 5
759 788 4
759 807 6
759 811 9
759 825 6
759 844 4
759 847 10
759 861 8
759 885 6
760 764 2
760 806 10
760 815 8
760 830 1
760 835 3
760 837 2
760 841 10
760 865 10
760 880 10
760 894 9
761 836 3
761 865 5
761 897 10
762 776 6
762 777 3
762 788 7
762 806 6
762 812 2
762 841 1
762 893 10
763 771 2
763 869 2
763 871 6
764 777 7
764 779 10
764 780 6
764 812 3
764 845 3
764 848 6
764 867 10
764 879 10
764 882 9
765 780 1
765 783 8
765 806 1
765 859 3
765 876 1
765 880 10
765 885 5
765 899 1
766 768 10
766 773 9
766 801 7
766 819 9
766 844 4
766 850 2
767 779 7
767 793 10
767 814 5
767 818 8
767 872 1
767 873 6
767 885 1
767 889 6
768 783 3
768 809 10
768 817 3
768 826 7
769 776 4
769 802 8
769 805 8
769 827 4
769 866 6
769 867 9
769 868 3
769 879 8
769 895 3
770 801 3
770 831 7
770 845 9
770 849 5
770 853 7
770 867 8
771 785 4
771 798 7
771 804 3
771 806 5
771 850 4
771 868 2
771 877 9
771 886 1
772 776 4
772 777 6
772 783 3
772 786 1
772 787 10
772 792 3
772 806 4
772 813 6
772 816 8
772 862 3
772 871 4
772 873 3
772 886 1
772 896 4
773 791 5
773 806 8
773 810 6
773 813 10
773 840 7
773 859 5
773 866 6
773 879 5
773 881 4
773 888 9
773 889 1
773 894 6
773 897 5
774 780 4
774 801 10
774 825 3
774 881 4
774 882 5
774 892 1
774 893 9
774 894 6
775 809 10
775 836 1
775 857 9
775 861 8
776 790 10
776 819 1
776 853 1
777 798 3
777 832 1
777 844 4
777 864 9
777 871 9
778 780 1
778 869 10
778 896 5
778 900 7
779 837 6
779 854 9
779 868 10
779 892 6
780 781 9
780 785 8
780 799 1
780 804 3
780 838 7
780 873 5
781 784 8
781 792 1
781 803 5
781 812 6
781 826 6
781 839 7
781 845 8
782 821 6
782 858 4
782 869 10
782 877 9
782 882 4
782 884 2
782 890 9
783 790 9
783 793 10
783 838 9
783 839 9
783 846 2
783 888 5
784 788 6
784 792 9
784 818 5
784 834 7
784 859 4
784 874 4
784 892 4
785 821 6
785 833 8
785 853 2
785 857 3
785 868 7
785 873 3
786 789 9
786 816 5
786 822 10
786 894 5
788 792 4
789 795 8
789 854 8
789 868 3
790 863 6
790 869 3
790 876 4
790 877 6
791 807 1
791 847 6
791 855 7
791 858 2
792 801 7
792 828 1
792 836 9
792 850 5
792 858 6
792 892 5
793 813 10
793 819 1
793 840 1
793 855 8
793 862 10
794 805 2
794 816 10
794 818 6
794 832 6
794 842 8
794 885 2
794 901 8
795 831 3
795 858 6
795 892 5
795 897 2
796 803 8
796 808 2
796 852 5
796 854 4
796 869 7
796 899 7
797 804 9
797 813 3
797 815 10
797 825 7
797 833 6
797 852 8
797 858 1
797 869 3
798 801 5
798 813 2
798 818 3
798 835 7
799 814 9
799 819 4
799 859 8
799 869 10
799 872 1
799 877 4
799 889 8
800 807 3
800 833 1
800 850 2
800 859 8
800 860 7
800 869 5
800 870 7
800 880 8
800 891 1
800 893 10
801 821 4
801 838 8
801 853 8
801 879 9
801 900 9
802 842 6
802 856 4
802 862 7
803 804 8
803 812 6
803 839 3
803 844 10
803 855 10
803 879 9
803 896 10
804 830 3
804 848 8
804 861 10
804 863 3
804 870 3
805 814 9
805 844 5
805 857 5
805 863 2
806 813 4
806 818 1
806 822 6
806 838 1
806 842 8
806 862 7
806 863 2
806 870 4
806 895 6
807 838 2
807 849 2
807 872 4
808 814 7
808 832 7
808 836 2
808 877 5
808 892 4
808 900 6
809 828 6
809 879 5
809 894 6
810 861 5
810 876 7
811 816 4
811 825 6
811 847 1
811 855 6
811 883 4
812 827 8
812 828 3
812 865 5
812 877 1
812 900 3
813 831 3
813 841 3
813 885 3
814 816 9
814 817 7
814 842 6
814 848 6
814 853 8
814 868 9
814 874 9
814 880 4
814 881 7
814 894 1
815 819 10
815 872 2
815 893 8
816 839 5
817 829 6
817 836 4
817 854 2
817 866 2
817 881 7
817 884 7
818 868 2
818 880 4
818 889 3
818 893 9
819 834 8
819 839 7
819 876 2
819 897 1
819 898 9
820 837 6
820 850 5
820 885 9
821 830 2
821 832 10
821 865 6
821 897 1
822 825 10
822 857 5
822 859 5
822 894 6
823 841 7
823 844 6
823 859 7
823 864 4
823 884 3
823 885 2
824 837 9
824 860 4
824 870 5
825 859 7
825 891 2
826 833 8
826 838 3
826 846 4
826 847 7
826 866 10
826 885 3
827 838 10
827 858 2
827 878 3
827 881 5
827 889 6
828 845 4
828 851 9
829 863 5
831 850 9
831 859 9
831 882 6
831 888 3
832 838 5
833 859 3
833 880 1
834 848 3
834 856 1
834 898 7
835 846 5
835 853 4
835 876 5
835 894 10
836 896 8
837 890 2
838 862 3
839 843 6
839 851 4
839 852 7
839 854 4
840 897 5
841 854 1
841 896 5
842 885 7
843 844 3
843 855 1
843 864 2
843 872 6
843 890 9
843 891 9
844 862 7
844 867 10
844 894 4
845 860 1
845 867 4
846 872 7
846 879 2
847 853 6
847 863 9
847 882 10
848 880 2
848 891 3
849 855 4
849 865 1
849 869 2
850 867 7
850 873 6
852 879 7
852 901 2
854 864 2
854 869 2
854 870 7
854 871 4
855 891 8
855 897 3
855 899 6
856 859 9
856 872 6
856 892 4
856 901 9
857 901 4
858 861 2
858 880 8
859 865 10
859 878 2
859 879 4
859 884 8
860 874 5
860 889 9
860 890 6
861 870 4
862 867 3
862 881 8
862 886 10
862 889 5
863 897 10
864 901 8
865 866 10
867 885 8
867 889 10
868 888 3
869 874 2
869 877 8
870 873 6
872 899 9
874 875 2
875 881 4
875 890 7
875 899 7
876 889 7
879 892 6
880 882 3
881 884 8
881 886 5
885 888 2
887 897 1
887 898 8
889 901 9
890 893 6
896 898 7
902 601 93
903 901 10
902 903 22
