904 6735
9 50 31 44 35 58 36 83 73 81 87 10 25 88 76 69 88 16 64 2 67 55 69 85 46 24 77 89 88 24 16 48 73 98 91 60 56 78 42 80 59 80 89 83 68 64 3 55 79 66 56 98 20 77 34 17 52 62 6 92 85 21 39 57 18 82 68 25 59 9 4 69 89 93 51 8 56 5 14 87 22 21 84 94 49 69 10 1 30 15 44 14 87 82 22 57 15 90 81 74 98 85 42 38 29 45 45 36 1 10 74 23 31 9 16 79 77 25 31 6 92 74 19 78 8 41 86 22 30 67 47 79 3 41 17 83 85 13 18 37 23 92 59 53 100 26 83 77 3 14 34 46 39 53 75 46 93 61 68 74 27 14 52 81 54 20 63 90 85 32 27 7 23 37 11 75 15 45 3 17 10 36 62 49 88 36 94 32 48 61 57 74 27 61 6 80 80 20 22 16 52 100 74 26 88 84 100 2 81 54 70 90 42 31 38 29 19 32 13 66 44 69 92 70 81 49 2 13 69 75 28 20 74 2 45 61 37 97 15 17 2 84 7 43 67 96 24 37 79 88 54 75 56 97 96 89 46 97 1 14 23 28 85 96 29 81 9 18 29 75 34 31 58 92 73 76 40 48 12 18 35 66 44 43 62 40 31 7 88 31 72 11 10 56 58 91 89 66 8 17 7 5 54 58 62 51 52 69 46 78 56 81 76 37 96 38 76 94 73 38 93 63 20 15 88 3 64 72 71 39 93 29 43 46 86 4 48 89 25 46 66 80 26 42 68 21 79 95 14 3 33 58 66 4 73 5 6 88 29 76 27 21 57 69 18 42 25 18 31 49 63 96 80 88 89 100 8 67 94 73 22 78 30 39 81 54 95 38 42 23 66 20 95 22 40 65 63 16 82 45 16 44 41 96 83 29 47 90 48 92 62 69 22 43 7 2 97 1 92 38 76 57 9 22 78 48 38 92 64 19 37 31 14 29 78 96 57 24 37 56 68 50 76 89 93 34 42 89 87 33 78 62 89 86 35 18 85 73 10 100 43 98 31 57 26 8 4 34 32 93 90 51 42 17 39 34 51 80 22 37 13 51 50 53 36 84 23 73 8 84 72 51 81 2 59 6 62 62 91 45 6 80 95 48 49 33 81 99 12 55 35 76 57 36 81 93 19 3 17 27 86 88 77 18 42 87 23 55 100 13 99 6 45 93 53 45 77 85 43 40 39 29 68 96 64 48 40 34 50 56 60 87 95 88 4 88 74 78 42 74 42 40 79 38 84 83 82 12 67 24 52 58 4 19 5 67 18 44 1 67 51 12 5 97 100 8 85 25 37 26 50 78 18 28 16 53 62 97 65 29 84 87 8 40 40 70 27 26 23 2 95 6 14 39 83 53 11 38 20 17 93 29 5 77 89 92 25 29 12 35 32 17 15 40 57 54 61 35 79 35 36 73 40 2 63 22 6 26 11 25 42 55 53 98 31 41 89 56 22 53 42 53 69 56 44 77 9 56 12 87 90 99 12 29 52 26 2 57 51 64 81 45 18 85 94 49 78 35 56 99 87 97 51 7 4 47 36 64 2 99 2 92 97 65 72 49 43 26 57 93 89 90 89 7 74 83 7 51 17 62 1 55 10 4 13 65 50 48 28 3 46 29 94 43 94 18 43 36 43 51 80 83 40 21 89 66 55 95 68 23 8 69 77 69 24 89 33 73 37 60 75 34 41 21 76 86 90 70 21 84 73 52 66 12 24 55 77 78 1 97 100 9 65 76 77 88 17 62 12 5 21 38 38 13 10 66 98 99 87 70 82 59 74 48 71 97 54 99 75 54 95 26 14 11 54 43 50 70 4 13 26 76 51 63 89 60 28 38 11 15 8 92 73 81 91 95 77 44 46 3 50 92 29 15 3 34 57 4 55 12 17 80 40 19 42 80 30 22 17 40 88 76 84 12 56 74 59 85 18 4 39 19 95 19 33 49 52 42 53 6 53 21 85 44 91 79 75 20 100 92 12 39 19 95 50 75 20 8 11 89 11 49 36 87
0 22 92
0 28 41
0 39 47
0 66 50
0 114 85
0 115 72
0 122 77
0 125 24
0 156 19
0 219 89
0 223 93
0 250 54
0 273 6
0 285 37
1 6 96
1 43 67
1 44 76
1 59 78
1 72 26
1 80 63
1 106 8
1 140 49
1 143 25
1 165 17
1 185 57
1 201 83
1 215 59
1 244 45
1 250 100
1 257 66
2 19 61
2 32 92
2 43 7
2 53 8
2 54 93
2 112 43
2 140 31
2 159 69
2 168 66
2 268 49
2 291 57
3 15 10
3 16 54
3 26 62
3 34 98
3 53 1
3 90 81
3 105 73
3 121 78
3 136 58
3 162 88
3 216 37
3 222 6
3 268 12
3 272 6
3 283 14
3 291 46
4 8 64
4 34 58
4 45 46
4 53 30
4 54 19
4 64 37
4 100 88
4 106 78
4 141 29
4 177 30
4 187 60
4 192 49
4 231 47
4 293 8
5 14 6
5 21 8
5 38 14
5 77 19
5 108 6
5 114 14
5 143 51
5 166 30
5 206 44
5 260 8
6 23 69
6 25 80
6 41 66
6 58 33
6 70 85
6 75 79
6 96 78
6 102 1
6 120 89
6 121 23
6 126 30
6 155 7
6 171 11
6 212 69
6 236 36
6 252 91
6 270 98
6 280 95
6 283 40
7 16 96
7 24 54
7 75 97
7 114 3
7 130 19
7 136 15
7 164 60
7 210 33
7 245 18
7 259 90
7 280 28
7 290 77
7 295 58
8 111 7
8 128 42
8 168 90
8 174 44
8 215 73
8 222 20
8 230 44
8 247 61
8 255 42
8 270 25
8 275 19
8 292 53
8 293 93
8 297 6
9 62 43
9 101 42
9 108 52
9 153 34
9 199 89
9 204 5
9 214 30
9 216 91
9 221 76
9 225 97
9 251 51
9 252 8
9 296 14
10 32 92
10 38 87
10 42 90
10 48 49
10 98 93
10 119 84
10 120 91
10 167 88
10 190 8
10 194 10
10 211 83
10 234 68
10 266 3
10 276 59
10 295 38
11 33 7
11 44 3
11 47 95
11 76 2
11 81 44
11 89 46
11 106 35
11 135 32
11 178 2
11 181 65
11 247 75
11 271 77
11 280 61
11 284 77
12 17 36
12 94 74
12 103 68
12 156 22
12 181 15
12 252 68
12 260 67
13 60 98
13 67 10
13 72 6
13 75 5
13 88 71
13 112 89
13 122 24
13 123 74
13 144 47
13 210 13
13 217 32
13 227 2
13 279 7
14 18 33
14 65 45
14 70 4
14 74 68
14 121 29
14 215 58
14 219 84
14 242 55
14 253 34
14 281 44
14 282 31
14 284 22
15 22 69
15 27 50
15 71 95
15 85 83
15 97 69
15 109 61
15 129 81
15 144 31
15 181 67
15 199 37
15 206 1
15 212 7
15 218 61
15 253 26
15 263 5
15 276 73
15 278 58
16 18 6
16 66 32
16 78 90
16 83 3
16 130 35
16 147 9
16 175 31
16 183 44
16 208 92
16 209 37
16 234 30
16 238 35
16 296 67
17 25 51
17 35 55
17 44 68
17 84 45
17 115 38
17 130 88
17 146 58
17 167 70
17 172 18
17 173 76
17 187 6
17 192 19
17 201 34
17 238 18
17 248 96
17 255 38
17 274 43
17 284 53
18 19 96
18 20 74
18 39 95
18 53 98
18 63 60
18 80 55
18 82 80
18 136 4
18 138 47
18 141 16
18 193 33
18 196 33
18 242 34
18 248 35
18 253 40
18 254 53
19 81 31
19 121 77
19 159 40
19 172 88
19 188 98
19 195 58
19 219 15
19 252 55
19 271 28
19 277 48
19 281 73
20 44 23
20 54 38
20 70 15
20 89 28
20 92 85
20 179 40
20 182 74
20 187 34
20 196 99
20 208 80
20 218 13
20 229 54
20 241 26
20 258 80
20 266 38
20 268 11
20 269 65
20 278 72
20 293 50
20 299 69
21 23 55
21 31 78
21 32 8
21 99 42
21 118 27
21 144 17
21 165 9
21 170 81
21 189 44
21 206 8
21 212 53
21 220 19
21 225 97
22 27 67
22 28 98
22 33 81
22 37 6
22 78 23
22 105 14
22 118 57
22 157 2
22 185 78
22 235 62
22 249 80
22 271 9
22 277 100
22 282 42
22 290 25
23 26 23
23 32 91
23 49 93
23 63 77
23 115 20
23 154 53
23 161 71
23 223 46
23 273 69
23 293 79
24 25 26
24 56 65
24 79 86
24 98 31
24 136 35
24 167 35
24 197 49
24 200 32
24 239 15
24 249 55
24 253 54
24 254 29
24 257 63
24 259 55
25 32 58
25 43 24
25 51 34
25 63 19
25 79 23
25 80 75
25 118 43
25 119 46
25 138 17
25 147 36
25 165 74
25 166 88
25 180 40
25 234 44
25 254 85
25 294 8
26 29 22
26 75 63
26 79 24
26 83 60
26 108 93
26 115 58
26 133 94
26 166 41
26 197 89
26 213 60
26 219 47
26 224 94
26 228 40
26 248 9
26 295 49
27 51 98
27 56 85
27 62 34
27 64 16
27 87 59
27 103 61
27 124 10
27 160 56
27 171 29
27 179 45
27 185 30
27 212 69
27 240 36
27 241 73
27 281 53
28 49 44
28 55 47
28 67 15
28 76 67
28 102 6
28 107 7
28 122 25
28 126 51
28 132 100
28 136 65
28 143 10
28 152 46
28 178 59
28 198 2
28 204 7
28 212 59
28 230 99
28 236 91
28 249 44
28 261 66
28 293 49
28 295 56
28 296 75
29 60 5
29 69 85
29 70 72
29 81 34
29 90 5
29 91 7
29 110 58
29 125 57
29 190 2
29 207 4
29 230 24
29 241 21
29 252 9
30 40 82
30 43 97
30 60 11
30 84 81
30 93 61
30 119 73
30 133 27
30 150 71
30 161 74
30 166 33
30 168 81
30 239 24
30 258 75
30 291 25
30 294 41
31 46 23
31 57 80
31 61 15
31 64 79
31 91 16
31 101 38
31 168 64
31 170 20
32 53 97
32 57 22
32 62 29
32 78 98
32 100 25
32 106 52
32 113 18
32 116 86
32 147 33
32 170 66
32 194 96
32 239 66
32 252 27
32 270 20
32 280 92
33 69 49
33 140 93
33 141 76
33 171 30
33 184 68
33 215 50
33 217 54
33 248 8
33 252 24
33 258 85
33 260 75
33 280 3
33 281 1
34 74 12
34 112 66
34 115 72
34 157 8
34 193 39
34 287 100
34 296 58
35 40 64
35 60 3
35 102 27
35 121 49
35 143 36
35 148 93
35 166 96
35 210 1
35 211 71
35 226 68
35 251 44
35 256 19
35 258 12
35 295 71
36 39 100
36 73 80
36 81 20
36 125 53
36 153 87
36 154 95
36 171 90
36 201 61
36 224 49
36 226 42
36 235 25
36 287 67
36 295 13
37 61 84
37 74 5
37 151 65
37 161 41
37 180 68
37 185 67
37 201 68
37 238 68
37 258 54
38 42 60
38 62 16
38 119 54
38 121 82
38 202 83
38 209 49
38 246 100
38 249 94
38 255 19
38 276 100
39 81 25
39 96 38
39 149 4
39 155 64
39 186 85
39 187 45
39 263 76
39 286 33
40 46 86
40 85 100
40 144 99
40 154 51
40 177 84
40 182 4
40 195 15
40 207 76
40 209 23
40 275 81
41 73 95
41 95 91
41 118 35
41 150 54
41 164 58
41 200 40
41 214 35
41 257 40
41 290 89
42 62 87
42 75 85
42 130 7
42 135 38
42 136 10
42 145 97
42 164 93
42 259 73
42 273 81
42 284 38
43 50 100
43 52 65
43 53 23
43 61 100
43 70 64
43 82 73
43 110 35
43 135 67
43 154 39
43 198 10
43 202 89
43 225 20
43 240 57
43 262 31
43 263 6
43 274 10
43 275 88
44 45 45
44 99 97
44 115 79
44 118 85
44 127 35
44 130 16
44 147 44
44 182 72
44 264 77
44 277 40
45 59 64
45 68 1
45 72 72
45 80 53
45 132 100
45 146 36
45 153 76
45 155 51
45 181 51
45 184 100
45 213 85
45 214 69
45 233 39
45 249 47
45 257 58
45 261 10
45 269 3
45 279 40
45 286 15
46 76 64
46 120 80
46 123 11
46 125 12
46 130 10
46 192 96
46 228 98
46 280 77
47 62 39
47 106 21
47 110 53
47 117 30
47 147 37
47 173 5
47 200 53
47 209 89
47 210 5
47 223 40
47 236 16
47 241 55
48 56 91
48 103 16
48 108 92
48 110 59
48 135 6
48 143 90
48 162 68
48 165 15
48 187 44
48 194 60
48 202 81
48 203 7
48 224 91
48 226 91
48 229 71
48 241 100
48 255 38
48 256 68
48 268 77
49 83 28
49 85 41
49 91 81
49 102 57
49 106 77
49 108 86
49 183 61
49 190 65
49 232 42
49 265 1
50 96 81
50 155 48
50 178 43
50 207 48
50 208 39
50 223 53
50 231 53
50 264 80
50 274 73
50 278 67
51 54 23
51 56 32
51 57 47
51 65 82
51 68 74
51 76 89
51 83 4
51 106 73
51 185 27
51 209 23
51 244 1
51 277 54
51 285 63
51 295 34
51 297 63
52 53 39
52 73 71
52 124 23
52 129 4
52 163 12
52 191 75
52 216 36
52 221 59
52 222 69
52 227 83
52 234 50
52 268 22
52 286 35
52 297 81
53 60 46
53 64 1
53 67 4
53 77 29
53 90 99
53 97 37
53 104 2
53 117 87
53 118 40
53 189 26
53 212 13
53 215 62
53 295 79
54 56 19
54 91 25
54 150 12
54 157 81
54 159 15
54 164 34
54 174 55
54 176 18
54 187 45
54 233 30
54 240 5
54 285 55
54 298 50
55 68 87
55 81 56
55 103 71
55 145 21
55 172 37
55 177 68
55 189 73
55 195 92
55 203 96
55 206 71
55 233 28
55 234 97
55 236 10
55 275 19
56 63 23
56 111 74
56 136 80
56 139 53
56 222 92
56 241 56
56 249 16
56 265 24
57 96 71
57 150 49
57 159 79
57 165 40
57 206 93
57 246 60
57 279 45
57 283 99
57 286 9
58 59 31
58 99 7
58 101 32
58 140 4
58 151 43
58 176 99
58 179 76
58 191 86
58 202 95
58 204 99
58 253 13
58 259 43
58 297 8
59 63 31
59 67 17
59 75 33
59 116 62
59 127 69
59 136 25
59 169 18
59 229 84
59 263 48
59 269 40
59 279 32
59 285 26
60 87 79
60 138 76
60 151 37
60 205 75
60 208 27
60 239 46
60 246 6
60 250 33
60 256 77
60 284 9
60 287 27
60 289 75
61 100 36
61 103 12
61 121 21
61 154 34
61 228 76
61 250 64
61 260 93
61 261 6
61 271 32
62 68 26
62 70 19
62 148 1
62 193 2
62 221 36
62 237 36
62 249 1
62 255 27
62 256 20
62 266 79
62 268 58
62 269 47
63 68 15
63 75 32
63 77 73
63 153 60
63 175 89
63 201 57
63 209 88
63 243 49
63 246 35
63 258 15
63 267 85
63 296 46
64 102 35
64 136 70
64 167 21
64 184 50
64 241 15
64 255 78
64 261 34
64 262 92
64 266 97
65 75 34
65 114 93
65 152 84
65 200 21
65 207 93
65 245 11
65 284 40
65 286 71
65 293 68
66 73 39
66 94 38
66 96 99
66 125 63
66 127 97
66 131 88
66 143 20
66 172 37
66 204 36
66 208 54
66 214 51
66 215 72
66 224 52
66 259 85
66 264 94
66 280 24
66 282 87
66 292 8
67 77 2
67 151 20
67 173 99
67 193 98
67 224 5
67 236 91
67 253 33
67 254 77
67 280 35
67 291 43
68 86 69
68 90 58
68 143 62
68 151 7
68 159 95
68 167 13
68 200 69
68 230 43
68 237 52
68 257 40
68 284 79
69 82 87
69 113 46
69 180 29
69 203 11
69 208 97
69 275 66
69 276 4
70 75 20
70 95 4
70 112 11
70 133 73
70 152 75
70 166 61
70 224 22
70 263 79
70 272 51
70 273 55
70 276 55
71 93 37
71 96 49
71 105 75
71 116 94
71 136 11
71 138 81
71 157 40
71 193 23
71 213 2
71 219 83
71 225 74
71 230 93
71 285 61
72 180 12
72 189 38
72 193 42
72 227 74
72 235 86
72 252 7
72 284 29
72 289 58
72 299 62
73 77 39
73 123 30
73 139 36
73 154 51
73 189 52
73 190 14
73 194 1
73 205 58
73 241 20
73 268 90
73 286 6
73 292 47
74 95 83
74 105 68
74 126 27
74 140 75
74 152 42
74 185 80
74 195 57
74 251 67
74 256 73
74 267 69
74 272 31
74 283 10
75 79 10
75 125 4
75 188 48
75 234 68
75 281 33
75 286 5
75 299 81
76 102 23
76 130 86
76 137 16
76 155 74
76 170 89
76 181 81
76 190 26
76 230 46
76 232 53
76 266 15
76 270 4
76 289 99
76 293 50
76 297 23
77 108 77
77 124 24
77 125 17
77 155 57
77 160 32
77 169 83
77 183 29
77 194 100
77 204 13
77 205 90
77 218 62
77 224 69
77 272 37
77 280 81
77 290 53
77 295 93
78 132 62
78 138 27
78 144 79
78 161 77
78 183 100
78 196 19
78 197 10
78 203 78
78 241 17
78 257 62
78 265 44
78 270 72
78 274 60
78 280 45
79 95 94
79 104 36
79 114 68
79 145 10
79 154 44
79 156 51
79 194 45
79 195 72
79 201 3
79 246 9
79 270 14
79 297 16
80 98 29
80 136 2
80 142 96
80 189 81
80 190 95
80 202 9
80 204 8
80 240 25
80 263 38
80 270 59
80 276 95
81 83 47
81 97 36
81 112 11
81 123 8
81 165 32
81 186 82
81 197 19
81 200 76
81 220 28
81 226 54
81 241 96
81 254 89
81 258 98
81 265 46
82 83 33
82 112 21
82 167 100
82 175 94
82 200 34
83 95 15
83 115 22
83 166 36
83 201 11
83 220 3
83 275 82
83 292 71
84 152 62
84 153 58
84 174 8
84 191 20
84 195 52
84 209 54
84 254 8
84 278 15
84 299 61
85 133 39
85 142 96
85 167 79
85 187 66
85 204 75
85 219 85
85 242 61
85 298 64
86 93 34
86 106 59
86 109 48
86 121 54
86 122 58
86 147 41
86 159 40
86 163 73
86 174 63
86 187 27
86 202 35
86 212 17
86 256 60
86 266 5
87 120 78
87 167 17
87 170 13
87 183 49
87 194 20
87 195 18
87 227 8
87 244 34
87 253 79
87 273 98
87 284 82
88 103 9
88 107 64
88 113 56
88 123 93
88 140 76
88 143 71
88 148 78
88 151 34
88 166 19
88 231 32
88 238 92
88 243 59
88 247 23
88 278 16
88 291 73
89 94 49
89 99 2
89 144 89
89 149 8
89 175 6
89 209 18
89 213 76
89 238 70
89 285 19
90 99 95
90 136 88
90 139 26
90 142 81
90 191 18
90 206 76
90 271 14
90 291 26
91 94 39
91 124 21
91 132 71
91 168 14
91 170 92
91 175 48
91 177 100
91 183 62
91 184 31
91 195 43
91 240 20
91 297 53
91 299 58
92 107 45
92 112 53
92 160 59
92 227 85
92 257 60
92 294 16
93 115 55
93 133 35
93 140 38
93 164 73
93 165 82
93 169 25
93 175 50
93 191 14
93 192 94
93 195 25
93 236 27
93 261 71
94 130 15
94 154 47
94 169 41
94 191 81
94 200 38
94 219 41
94 264 32
94 267 99
94 270 23
95 108 74
95 114 71
95 152 28
95 179 31
95 249 67
95 252 80
95 261 41
95 278 51
95 284 92
96 110 56
96 123 57
96 139 26
96 160 45
96 179 29
96 193 59
96 211 69
96 232 31
97 147 72
97 172 62
97 177 7
97 181 98
97 182 85
97 200 74
97 274 97
97 280 77
97 284 54
98 125 34
98 135 17
98 145 85
98 174 85
98 219 92
98 250 10
98 260 7
98 263 19
98 274 92
98 276 73
98 283 50
98 293 32
99 114 75
99 140 41
99 153 39
99 157 32
99 174 19
99 183 84
99 190 12
99 205 29
99 259 4
99 289 94
99 295 1
100 111 18
100 176 1
100 178 50
100 181 2
100 184 74
100 193 46
100 195 78
100 198 79
100 201 32
100 210 47
100 216 15
100 222 68
100 243 38
100 259 24
100 276 74
100 282 8
100 284 15
100 286 98
101 111 9
101 118 98
101 140 24
101 159 2
101 173 88
101 191 7
101 248 20
101 254 71
101 282 71
101 291 48
102 157 27
102 160 64
102 194 100
102 212 44
102 236 16
102 238 50
102 245 97
103 129 41
103 161 47
103 163 74
103 169 71
103 187 78
103 208 20
103 287 37
103 292 97
104 118 9
104 120 12
104 131 70
104 140 68
104 153 78
104 170 19
104 179 29
104 234 75
104 235 95
104 241 30
104 256 15
105 117 1
105 119 1
105 123 85
105 171 23
105 254 48
105 286 63
105 296 39
106 119 100
106 173 6
106 187 54
106 193 1
106 230 2
106 237 47
106 261 47
106 275 28
106 295 69
107 130 77
107 151 99
107 184 6
107 207 73
107 209 8
107 261 17
107 282 95
108 129 27
108 140 95
108 146 13
108 153 55
108 159 21
108 161 7
108 169 84
108 201 35
108 204 60
108 216 36
108 235 72
108 255 34
109 114 84
109 129 34
109 131 72
109 135 35
109 151 92
109 192 78
109 195 35
109 234 45
109 275 24
110 132 81
110 154 72
110 163 92
110 172 57
110 200 71
110 203 49
110 205 30
110 223 30
110 242 66
110 260 24
110 274 8
110 288 12
111 159 88
111 170 63
111 185 32
111 214 47
111 233 98
111 241 19
111 268 58
111 269 34
112 137 90
112 272 91
112 273 69
112 278 75
113 132 63
113 182 55
113 184 66
113 190 40
113 238 89
113 241 63
113 251 15
113 293 21
114 127 34
114 148 58
114 156 30
114 160 56
114 179 7
114 180 59
114 186 37
114 198 24
114 202 34
114 204 45
114 240 87
114 275 73
115 137 59
115 147 70
115 153 71
115 160 8
115 186 88
115 187 28
115 218 93
115 239 29
115 243 71
115 249 13
115 266 4
115 292 33
116 125 67
116 137 21
116 150 24
116 165 55
116 203 83
116 221 90
116 234 76
116 249 69
116 298 99
117 147 5
117 163 76
117 165 57
117 188 15
117 236 65
117 239 80
117 272 100
117 293 61
117 294 66
118 123 24
118 125 19
118 142 88
118 155 95
118 197 78
118 202 75
118 222 74
118 260 71
118 277 4
118 283 44
119 122 83
119 123 59
119 226 28
119 249 2
119 250 31
119 259 3
119 270 56
120 131 66
120 159 92
120 160 83
120 166 86
120 172 43
120 181 39
120 235 61
120 245 99
120 261 5
120 266 77
120 274 31
120 283 4
120 294 37
121 152 48
121 153 80
121 169 55
121 174 35
121 179 26
121 186 85
121 192 10
121 203 99
121 206 7
121 225 65
121 230 95
121 234 89
121 249 75
121 276 22
121 289 90
121 297 5
122 134 77
122 146 98
122 152 70
122 173 20
122 187 32
122 188 55
122 209 62
122 221 71
122 240 68
122 251 61
122 298 75
123 178 44
123 206 91
123 226 31
123 241 81
123 276 38
123 281 62
123 286 87
124 154 73
124 162 87
124 181 23
124 225 34
124 287 85
125 133 29
125 151 98
125 152 31
125 165 18
125 180 72
125 223 53
125 265 59
125 272 28
125 276 29
125 279 8
126 144 50
126 163 48
126 170 40
126 177 4
126 178 62
126 180 62
126 227 23
126 229 22
126 237 88
126 265 67
126 269 64
126 275 70
126 278 99
127 137 53
127 157 31
127 159 37
127 190 25
127 211 17
127 278 60
127 292 10
127 293 54
128 134 88
128 152 7
128 172 84
128 184 57
128 186 30
128 256 88
128 270 68
129 137 10
129 164 68
129 179 27
129 207 59
129 218 68
129 219 66
129 243 14
129 248 29
129 264 79
129 273 37
130 147 2
130 148 67
130 161 55
130 165 65
130 210 36
130 212 5
130 251 17
130 277 19
130 297 41
130 299 94
131 171 87
131 181 52
131 185 3
131 261 40
131 269 40
131 289 62
132 174 76
132 207 48
132 223 43
132 257 15
132 298 15
133 135 52
133 155 83
133 190 42
133 216 62
133 270 2
133 278 59
134 141 76
134 143 30
134 148 38
134 160 12
134 177 83
134 186 56
134 201 18
134 270 47
134 299 43
135 143 22
135 151 15
135 176 61
135 186 14
135 205 8
135 207 48
135 225 66
135 233 63
135 243 39
135 245 57
135 246 24
135 261 66
136 138 4
136 154 66
136 168 81
136 209 71
136 234 70
136 294 15
136 298 64
137 146 31
137 162 16
137 272 22
137 285 6
137 288 97
138 181 11
138 191 69
138 193 79
138 200 18
138 225 38
138 237 77
138 254 61
138 267 11
139 177 91
139 253 73
139 263 25
139 275 51
139 287 72
140 143 42
140 148 13
140 174 63
140 177 50
140 182 36
140 187 28
140 198 5
140 214 53
140 225 60
140 232 75
140 239 22
140 247 74
140 251 38
140 256 53
140 292 41
141 184 12
141 192 10
141 204 89
141 207 22
141 226 31
141 233 67
141 248 92
141 275 68
141 280 43
142 149 4
142 151 79
142 160 86
142 167 76
142 180 55
142 197 36
142 198 100
142 217 48
142 240 48
142 254 62
142 275 97
142 283 35
142 294 41
142 296 1
143 160 87
143 173 1
143 187 28
143 210 9
143 212 26
143 222 65
143 233 13
143 260 67
143 264 28
143 276 74
143 288 55
144 182 2
144 187 4
144 200 74
144 204 93
144 205 24
144 229 68
144 236 96
145 147 54
145 184 53
145 189 23
145 217 60
145 219 40
145 223 74
145 273 7
145 277 87
145 299 35
146 152 55
146 156 21
146 183 28
146 219 7
146 223 8
146 266 28
146 274 34
146 286 68
147 152 53
147 153 51
147 157 32
147 168 71
147 184 78
147 228 5
147 239 78
147 259 79
147 261 61
148 149 51
148 162 23
148 165 36
148 195 70
148 212 70
148 213 41
148 243 23
148 267 93
148 270 100
148 271 62
148 278 18
149 154 58
149 190 1
149 216 5
149 217 12
149 226 21
149 255 32
149 274 70
149 279 80
149 290 11
150 167 4
150 188 99
150 205 63
150 234 54
150 245 30
150 256 86
150 258 83
150 288 87
150 293 63
151 173 14
151 180 99
151 189 65
151 193 36
151 200 34
151 241 34
151 248 58
151 260 26
152 167 8
152 193 2
152 215 25
152 290 22
152 299 19
153 174 34
153 214 74
153 222 23
153 235 97
153 266 94
153 281 6
154 216 66
154 234 26
154 248 16
154 278 69
155 160 24
155 174 31
155 209 74
155 252 6
155 258 16
155 286 9
155 298 92
156 163 30
156 205 22
156 218 90
156 240 46
156 252 9
156 276 75
156 281 31
157 202 66
157 213 100
157 221 39
157 223 67
157 265 76
157 274 12
157 289 38
157 295 9
158 159 85
158 173 60
158 194 5
158 233 30
158 237 66
158 265 22
158 282 7
158 284 33
159 266 43
160 205 31
160 288 63
160 289 68
161 187 88
161 188 78
161 200 76
161 223 79
161 241 59
161 247 49
161 275 20
161 299 4
162 179 10
162 198 94
162 206 35
162 213 75
162 219 93
162 251 25
162 252 94
162 265 20
163 176 36
163 183 83
163 198 28
163 218 72
163 226 42
163 227 84
163 295 1
163 296 59
164 214 5
164 235 60
164 251 92
164 268 99
164 280 90
164 285 6
164 299 67
165 179 77
165 182 36
165 186 94
165 215 7
165 233 94
165 237 43
165 254 26
165 265 50
165 267 52
165 275 71
165 277 84
165 279 78
165 284 63
166 169 60
166 195 23
166 216 82
166 225 47
166 238 5
166 272 61
167 168 18
167 180 99
167 195 44
167 211 70
167 212 9
167 221 100
167 232 29
167 265 100
167 273 99
167 293 70
167 298 58
167 299 17
168 172 98
168 184 93
168 247 10
168 275 4
168 279 38
168 286 52
169 175 81
169 216 87
169 253 55
169 278 51
169 287 22
170 200 85
170 202 65
170 211 81
170 217 7
170 221 98
170 222 27
170 227 12
170 254 10
170 263 96
170 273 62
171 176 5
171 178 18
171 184 70
171 186 5
171 270 98
172 193 22
172 194 55
172 211 68
172 222 79
172 258 71
172 270 17
172 281 71
172 288 32
173 186 73
173 193 8
173 194 84
173 196 53
173 233 47
173 272 90
173 274 56
173 292 68
174 204 74
174 294 72
174 297 49
175 176 81
175 190 70
175 220 27
175 223 44
175 236 79
175 252 75
175 255 5
175 258 84
175 289 92
176 186 74
176 190 40
176 197 41
176 205 95
176 207 46
176 244 60
176 245 25
176 246 68
176 250 77
176 259 95
176 293 99
177 197 49
177 198 55
177 205 34
177 208 53
177 224 1
177 256 24
177 285 60
177 295 20
178 205 49
178 208 32
179 224 20
179 240 81
179 262 53
179 264 99
180 187 24
180 205 83
180 214 73
180 249 80
180 280 18
181 188 16
181 208 6
181 236 9
181 268 56
181 281 52
181 297 54
182 257 16
182 262 77
182 271 73
182 285 44
182 288 23
182 295 72
182 297 44
183 206 29
183 223 57
183 254 48
183 271 81
184 278 32
184 287 8
184 297 1
185 226 81
185 238 91
185 248 20
185 275 61
185 285 43
185 291 18
186 229 37
186 233 77
186 269 42
186 275 16
187 198 95
187 210 57
187 249 73
188 195 3
188 207 65
188 209 25
188 278 9
189 197 32
189 199 53
189 235 81
189 242 75
189 249 75
189 253 52
189 274 18
189 275 4
190 206 61
190 210 65
190 236 84
190 258 92
190 260 24
190 261 36
190 268 24
190 285 14
191 223 56
191 234 85
191 254 8
191 256 25
191 274 73
192 196 85
192 206 67
192 241 40
192 251 31
192 267 75
192 270 13
192 285 33
193 196 91
193 209 89
193 217 41
193 244 22
193 248 41
193 274 74
193 282 48
193 287 67
193 292 77
193 297 17
194 201 22
194 238 37
194 264 34
195 209 58
195 210 29
195 221 57
195 254 93
195 268 52
195 297 23
196 211 48
196 229 88
196 242 30
196 260 25
197 203 60
197 205 66
197 233 91
197 238 100
197 239 96
197 244 65
197 261 64
197 283 29
197 291 8
197 294 52
198 212 21
198 241 29
198 249 44
198 276 46
198 285 77
198 286 10
199 218 23
199 228 45
199 229 32
199 231 59
199 243 78
199 253 89
199 295 39
200 201 35
200 279 81
200 289 43
201 202 9
201 246 81
201 268 82
201 277 38
201 286 5
201 293 94
202 205 4
202 219 47
202 237 45
202 253 51
203 226 63
203 253 8
203 270 79
204 258 70
204 284 11
205 236 52
205 260 99
205 262 54
205 289 97
205 293 27
206 259 63
207 219 71
207 246 71
207 257 46
207 274 82
207 293 1
208 227 86
208 249 72
208 295 35
209 234 19
209 244 14
209 253 43
209 263 99
209 266 48
209 274 32
209 281 55
210 251 41
210 268 87
210 269 1
210 281 85
210 285 38
210 294 15
211 230 44
211 242 68
211 253 85
211 262 54
211 295 71
212 216 35
212 225 59
212 227 20
212 232 13
212 251 73
212 263 90
212 274 83
213 229 19
213 250 71
213 292 35
213 295 4
214 215 43
214 231 69
214 240 74
215 218 8
215 244 63
215 249 24
215 255 7
215 282 47
216 236 78
216 263 99
216 266 33
216 275 30
217 219 83
217 223 22
217 225 45
217 259 78
217 294 90
218 237 81
218 258 83
218 264 60
218 269 15
218 282 41
218 284 79
219 258 27
219 299 14
220 249 21
220 259 61
220 270 84
220 292 43
220 296 96
221 232 39
221 237 85
221 238 16
221 242 13
221 247 45
221 259 31
222 267 36
223 227 51
224 263 29
224 273 14
225 236 50
225 239 61
225 266 95
225 292 84
226 230 83
226 289 91
227 287 14
227 294 24
227 299 23
228 229 96
228 253 83
228 259 37
228 278 37
228 279 14
229 258 15
229 266 2
229 272 86
229 293 28
229 299 85
230 238 28
230 247 75
230 261 23
230 270 65
230 295 42
231 240 35
231 244 9
231 256 24
231 289 71
231 296 11
231 299 52
232 256 36
232 265 12
232 287 65
232 294 82
233 242 48
233 277 99
233 288 73
234 270 13
234 273 22
234 282 47
234 289 8
235 237 56
236 247 84
236 280 96
237 247 21
237 265 50
237 281 97
239 248 6
239 251 29
239 271 33
240 256 34
240 274 3
240 283 56
240 285 98
241 260 97
241 299 42
242 261 58
242 285 20
243 257 64
243 292 20
243 298 24
244 254 99
244 258 84
244 266 88
244 270 33
244 278 31
245 249 86
245 250 57
245 262 43
246 264 59
246 285 3
246 286 2
246 292 14
246 294 38
247 263 98
247 272 35
247 284 88
247 293 46
248 259 92
248 270 68
248 284 79
248 295 25
249 251 23
249 293 86
250 264 74
250 297 19
251 278 27
251 284 31
252 257 90
252 258 91
252 271 3
253 275 13
253 294 41
254 288 86
254 289 52
255 274 73
255 294 16
255 295 37
256 273 81
257 262 10
257 271 95
257 284 84
257 293 11
258 264 61
258 280 21
258 287 60
259 266 47
259 269 60
260 265 58
260 272 38
260 282 28
261 274 88
263 276 63
264 272 2
264 274 73
264 283 88
264 295 20
264 298 51
266 284 71
268 271 61
268 276 93
271 275 73
271 288 74
272 273 34
274 281 58
274 282 25
274 296 58
276 279 25
278 286 14
279 282 39
279 289 86
280 289 60
280 293 74
281 288 48
282 292 20
282 296 46
282 298 8
287 289 66
293 298 6
300 353 23
300 373 18
300 379 11
300 398 1
300 410 11
300 413 15
300 433 20
300 444 3
300 451 10
300 470 20
300 477 21
300 494 10
300 495 6
300 542 2
300 583 8
301 354 7
301 374 9
301 382 17
301 385 7
301 389 22
301 450 20
301 456 6
301 483 24
301 485 14
301 504 11
301 528 16
301 531 18
301 533 22
301 536 15
301 599 7
302 349 25
302 359 12
302 363 24
302 435 10
302 437 14
302 438 11
302 456 1
302 479 8
302 486 13
302 487 10
302 505 4
302 519 10
302 534 21
302 536 10
302 551 11
302 573 4
303 331 16
303 349 21
303 354 22
303 360 24
303 372 17
303 388 18
303 439 5
303 451 16
303 472 8
303 493 15
303 502 8
303 511 1
303 531 13
303 534 22
303 558 7
304 308 13
304 314 10
304 366 8
304 384 24
304 413 24
304 470 18
304 486 25
304 549 8
304 577 8
304 578 11
305 329 12
305 336 17
305 353 7
305 358 21
305 395 5
305 408 12
305 410 13
305 454 25
305 509 10
305 513 12
305 539 19
305 551 3
306 340 18
306 375 11
306 400 12
306 423 7
306 429 18
306 432 12
306 511 19
306 518 15
306 522 21
306 536 8
306 547 24
306 558 3
307 349 9
307 373 24
307 396 22
307 404 8
307 427 7
307 435 4
307 533 20
307 546 18
307 559 23
307 570 3
307 591 15
307 592 4
308 334 14
308 355 4
308 403 5
308 429 1
308 449 17
308 474 23
308 494 5
308 499 9
308 504 8
308 510 16
308 535 17
308 538 3
308 575 3
308 579 13
308 582 17
308 592 25
309 345 20
309 368 17
309 378 2
309 392 3
309 405 16
309 430 23
309 436 12
309 478 24
309 479 4
309 499 9
309 536 18
309 578 1
310 311 11
310 321 9
310 348 4
310 373 2
310 377 12
310 449 8
310 482 2
310 485 6
310 506 8
310 514 6
310 515 14
310 524 15
310 551 21
310 558 6
310 560 19
310 564 25
310 568 20
310 571 10
311 328 24
311 352 14
311 354 4
311 362 2
311 374 19
311 409 21
311 424 25
311 463 7
311 467 19
311 472 5
311 490 15
311 491 11
311 561 5
311 590 1
312 317 19
312 384 10
312 397 2
312 400 7
312 418 19
312 446 5
312 452 12
312 457 1
312 460 10
312 486 3
312 500 18
312 537 7
312 557 10
312 574 11
312 589 7
312 598 4
313 335 23
313 365 7
313 372 19
313 387 1
313 391 9
313 418 12
313 426 21
313 450 10
313 481 21
313 484 16
313 489 14
313 497 10
313 500 1
313 501 20
313 521 12
313 543 21
313 584 6
314 363 15
314 366 2
314 383 24
314 425 19
314 431 16
314 432 25
314 434 5
314 439 18
314 466 19
314 510 12
314 527 2
314 537 4
314 562 20
314 563 5
314 567 3
314 592 3
315 317 23
315 333 3
315 363 11
315 378 12
315 412 25
315 414 22
315 438 9
315 451 17
315 465 12
315 471 18
315 484 17
315 485 8
315 489 7
315 509 14
315 510 13
315 528 21
315 538 18
315 553 12
315 555 17
315 581 8
315 585 13
315 594 21
316 322 2
316 366 6
316 384 9
316 388 5
316 410 11
316 422 3
316 426 11
316 430 14
316 466 6
316 468 10
316 491 18
316 526 18
316 542 21
316 549 20
316 598 15
317 326 4
317 342 11
317 356 3
317 362 24
317 397 5
317 429 11
317 447 7
317 450 18
317 469 25
317 521 4
317 524 12
317 531 13
317 542 22
318 326 21
318 368 2
318 374 18
318 417 22
318 514 9
318 523 1
318 538 3
319 335 20
319 337 6
319 342 13
319 343 10
319 346 11
319 367 23
319 410 2
319 417 3
319 433 20
319 492 23
319 510 19
319 530 1
319 544 11
319 545 24
319 550 1
320 353 15
320 357 11
320 358 9
320 372 9
320 379 10
320 389 12
320 411 21
320 413 25
320 442 9
320 456 18
320 462 1
320 470 3
320 471 17
320 500 10
320 514 5
320 541 19
320 595 6
321 331 10
321 359 9
321 361 15
321 427 20
321 430 8
321 438 18
321 449 25
321 457 4
321 465 16
321 480 18
321 484 4
321 485 1
321 488 16
321 585 6
322 327 17
322 338 3
322 352 16
322 366 2
322 381 13
322 384 3
322 443 22
322 469 14
322 504 13
322 507 17
322 509 14
322 527 17
322 538 8
322 549 25
322 587 21
323 334 1
323 364 5
323 405 6
323 411 11
323 477 21
323 519 25
323 540 18
323 557 14
323 560 24
323 576 22
323 581 6
324 334 19
324 342 2
324 379 8
324 382 11
324 413 8
324 421 1
324 432 14
324 439 23
324 451 2
324 491 3
324 503 2
324 504 1
324 539 16
324 544 16
324 579 17
324 581 6
324 586 7
325 368 1
325 372 6
325 377 3
325 382 1
325 400 12
325 422 8
325 426 12
325 495 8
325 512 9
325 513 4
325 531 23
325 549 10
325 555 2
325 576 5
325 598 3
326 395 4
326 420 14
326 423 15
326 437 13
326 531 16
326 546 3
326 548 10
326 565 17
326 592 7
327 330 14
327 375 19
327 386 24
327 406 4
327 407 12
327 408 5
327 416 13
327 425 12
327 434 10
327 448 15
327 458 13
327 463 23
327 471 24
327 481 1
327 508 7
327 512 7
327 513 6
327 518 4
327 529 16
327 532 8
327 537 10
327 541 20
327 544 13
327 591 23
328 342 10
328 361 25
328 367 15
328 380 14
328 406 11
328 434 7
328 439 23
328 481 24
328 486 2
328 513 21
328 526 5
328 559 14
328 597 25
329 345 19
329 360 25
329 381 11
329 407 8
329 435 14
329 444 11
329 473 8
329 492 16
329 502 17
329 508 16
329 539 22
329 582 21
329 596 9
330 334 6
330 340 7
330 349 3
330 351 18
330 371 7
330 372 14
330 415 19
330 476 21
330 478 5
330 548 4
330 550 4
330 554 2
330 566 5
330 577 6
330 584 22
330 595 9
331 338 19
331 346 24
331 349 4
331 356 20
331 358 11
331 386 11
331 409 9
331 418 21
331 432 20
331 466 24
331 490 13
331 549 10
331 550 22
331 556 10
331 585 18
332 362 4
332 366 16
332 393 23
332 396 21
332 401 22
332 416 11
332 439 14
332 449 18
332 506 17
332 510 20
332 540 21
332 557 18
332 587 24
332 595 3
332 596 17
333 337 9
333 339 21
333 369 17
333 387 12
333 396 18
333 397 2
333 422 24
333 428 1
333 494 23
333 536 18
333 538 1
333 544 12
333 558 2
333 559 25
333 577 21
333 578 22
333 591 3
334 342 13
334 346 19
334 359 1
334 378 10
334 386 6
334 417 14
334 474 4
334 506 23
334 515 10
334 519 1
334 527 17
334 548 8
334 551 4
334 566 8
334 581 16
334 598 1
335 371 24
335 534 2
335 536 18
336 340 3
336 361 25
336 362 20
336 366 2
336 374 19
336 390 23
336 410 13
336 414 23
336 440 22
336 450 10
336 452 19
336 461 24
336 490 22
336 529 14
336 530 24
336 561 6
336 563 21
336 585 15
336 599 11
337 368 18
337 411 24
337 432 12
337 436 10
337 503 7
337 505 17
337 512 19
337 518 24
337 522 19
337 571 20
337 596 3
338 353 14
338 358 22
338 361 4
338 381 10
338 396 25
338 425 23
338 434 7
338 450 12
338 457 22
338 517 3
338 557 21
338 568 15
339 356 4
339 383 17
339 393 5
339 410 2
339 413 25
339 428 25
339 430 18
339 447 10
339 461 20
339 476 17
339 486 23
339 488 6
339 502 25
339 553 16
339 572 24
339 598 25
340 385 12
340 411 20
340 415 2
340 434 2
340 439 18
340 481 6
340 500 11
340 553 17
340 554 5
340 567 18
340 588 3
340 589 1
340 594 22
341 375 25
341 396 17
341 397 25
341 410 19
341 415 21
341 434 4
341 445 20
341 471 22
341 476 21
341 478 4
341 515 16
341 536 12
341 537 4
341 548 21
341 562 13
341 575 21
342 344 20
342 345 13
342 350 9
342 354 16
342 402 16
342 434 10
342 443 9
342 447 21
342 459 21
342 479 25
342 504 2
342 505 15
342 549 5
342 582 2
342 583 11
342 591 6
343 355 20
343 363 13
343 366 24
343 386 15
343 397 16
343 403 18
343 414 12
343 439 11
343 445 24
343 492 4
343 495 25
343 506 4
343 515 25
343 569 14
343 576 1
344 354 21
344 429 1
344 438 10
344 456 11
344 483 17
344 510 19
344 521 21
344 561 14
344 583 16
345 358 21
345 361 18
345 387 5
345 389 2
345 398 21
345 424 16
345 426 9
345 442 16
345 447 5
345 456 10
345 476 7
345 558 20
345 579 4
345 598 20
346 377 7
346 409 2
346 414 24
346 435 8
346 458 7
346 467 23
346 481 22
346 482 8
346 491 20
346 518 24
346 582 19
346 586 5
346 593 17
347 378 12
347 391 1
347 415 6
347 432 3
347 442 23
347 450 25
347 459 9
347 476 1
347 499 20
347 530 1
347 536 9
347 578 10
347 582 5
347 585 18
348 352 17
348 377 1
348 385 22
348 417 11
348 456 8
348 462 25
348 464 9
348 504 15
348 535 9
348 562 8
348 566 11
348 573 18
348 582 2
348 589 10
349 377 11
349 378 9
349 408 3
349 425 24
349 431 11
349 464 10
349 471 3
349 476 10
349 514 9
349 534 12
349 537 12
349 547 4
349 563 14
349 575 20
349 585 13
349 587 19
349 596 15
350 374 6
350 430 19
350 434 13
350 463 17
350 469 3
350 483 14
350 512 2
350 532 18
350 542 22
350 548 12
350 564 5
350 568 16
350 570 13
351 377 16
351 380 1
351 387 23
351 408 19
351 409 2
351 439 8
351 496 3
351 514 6
352 357 19
352 369 14
352 396 19
352 410 5
352 421 17
352 432 8
352 465 25
352 468 6
352 503 3
352 515 16
352 532 12
352 571 21
352 578 5
352 580 5
352 584 1
353 354 18
353 373 6
353 379 20
353 411 17
353 470 17
353 472 24
353 475 9
353 480 7
353 508 17
353 522 12
353 546 6
353 555 12
353 573 13
353 585 14
353 590 16
354 358 20
354 370 7
354 377 4
354 394 14
354 420 14
354 433 20
354 446 23
354 459 15
354 512 1
354 521 25
354 541 5
354 551 14
354 585 22
355 362 11
355 364 18
355 378 22
355 391 5
355 401 25
355 406 16
355 415 23
355 428 19
355 499 17
355 500 7
355 534 25
355 535 8
355 562 18
355 579 5
356 406 21
356 416 7
356 441 20
356 492 11
356 518 1
356 532 4
356 544 15
356 586 16
357 365 17
357 377 9
357 414 13
357 418 6
357 424 11
357 437 12
357 450 12
357 452 24
357 458 11
357 465 22
357 491 16
357 500 7
357 505 3
357 514 16
357 521 25
357 537 1
357 546 9
357 581 18
357 593 7
358 361 10
358 362 25
358 372 24
358 375 16
358 399 22
358 405 7
358 435 13
358 443 7
358 446 7
358 448 18
358 485 21
358 544 23
358 553 9
358 561 7
358 569 12
358 588 16
359 362 17
359 376 24
359 381 4
359 384 16
359 388 11
359 389 2
359 442 8
359 445 19
359 462 4
359 474 25
359 484 18
359 491 4
359 507 10
359 515 10
359 554 10
360 363 21
360 369 11
360 384 10
360 388 14
360 399 7
360 405 16
360 419 1
360 432 14
360 441 25
360 457 18
360 471 11
360 474 24
360 490 3
361 396 17
361 412 10
361 426 20
361 439 9
361 528 10
362 379 23
362 387 1
362 496 20
362 535 24
362 555 8
362 561 14
362 580 2
363 408 10
363 411 8
363 422 8
363 432 21
363 563 18
363 575 19
363 583 17
363 590 5
363 596 4
364 372 5
364 384 12
364 400 21
364 406 7
364 409 2
364 422 20
364 465 24
364 471 12
364 493 20
364 530 3
364 531 4
364 562 5
364 564 22
364 568 14
364 596 14
365 383 21
365 402 14
365 406 11
365 425 21
365 438 23
365 463 24
365 488 24
365 490 7
365 495 8
365 529 6
365 539 3
365 546 25
365 548 25
365 569 21
365 584 7
365 591 3
366 370 25
366 384 20
366 395 25
366 401 6
366 419 21
366 489 22
366 569 6
366 589 9
367 394 16
367 418 10
367 428 12
367 429 20
367 438 8
367 464 25
367 487 11
367 516 3
367 521 15
367 590 21
367 595 23
368 376 13
368 377 21
368 413 21
368 414 19
368 422 3
368 425 4
368 431 23
368 441 5
368 467 3
368 469 18
368 503 11
368 506 7
368 527 19
368 539 5
368 569 6
368 583 24
369 395 2
369 468 4
369 542 6
369 566 10
369 590 20
369 599 15
370 378 24
370 435 16
370 439 22
370 447 25
370 462 1
370 477 1
370 487 15
370 497 23
370 505 25
370 523 2
370 547 18
370 559 21
370 571 22
370 583 23
371 408 24
371 469 20
371 502 2
371 521 3
371 522 14
371 553 14
371 571 9
371 572 8
372 375 20
372 379 16
372 384 8
372 460 21
372 477 20
372 488 16
372 551 7
372 556 14
373 383 5
373 409 5
373 410 4
373 446 4
373 499 5
373 515 7
373 543 4
373 556 19
373 588 4
373 594 4
374 397 20
374 403 24
374 433 1
374 442 18
374 481 21
374 498 1
374 532 14
374 550 24
375 393 3
375 406 3
375 419 14
375 421 13
375 422 12
375 427 8
375 429 5
375 450 19
375 464 5
375 465 24
375 481 9
375 551 11
375 552 14
376 384 16
376 394 18
376 397 20
376 405 21
376 411 22
376 431 1
376 463 24
376 479 17
376 517 6
376 529 4
376 588 13
376 592 4
377 399 6
377 413 5
377 427 1
377 428 6
377 544 19
377 554 1
377 561 10
377 570 23
377 576 14
377 577 24
378 385 9
378 394 23
378 428 4
378 446 4
378 449 4
378 548 2
378 550 15
378 577 17
379 435 18
379 436 5
379 469 9
379 497 12
380 392 25
380 420 7
380 506 12
380 512 25
380 513 25
380 575 19
380 599 6
381 385 12
381 391 23
381 394 13
381 399 18
381 408 25
381 457 21
381 473 13
381 474 1
381 528 5
381 561 10
381 586 16
382 385 6
382 417 18
382 475 16
382 551 9
382 578 22
382 598 19
383 396 12
383 415 11
383 418 12
383 432 4
383 437 17
383 443 22
383 452 17
383 512 18
383 556 3
383 577 5
384 394 19
384 397 2
384 398 24
384 401 1
384 407 15
384 412 23
384 436 14
384 440 8
384 466 22
384 473 9
384 492 20
384 507 24
384 537 15
384 599 7
385 411 15
385 425 20
385 429 24
385 482 7
385 523 5
385 566 22
385 577 2
386 404 19
386 431 9
386 454 14
386 469 22
386 471 2
386 478 10
386 488 16
387 436 21
387 441 15
387 505 20
387 536 15
387 554 16
387 591 18
388 434 15
388 439 8
388 452 15
388 463 3
388 465 15
388 550 12
388 557 11
388 561 11
388 564 12
388 573 3
388 588 17
388 596 1
389 404 22
389 405 18
389 437 7
389 442 2
389 459 16
389 491 9
389 559 20
389 565 2
389 578 24
389 584 18
389 586 5
390 395 8
390 422 8
390 429 1
390 444 22
390 465 5
390 490 15
390 497 15
390 500 22
390 510 6
390 521 22
390 557 14
390 562 9
390 571 13
390 594 2
391 427 21
391 439 25
391 455 13
391 457 25
391 469 19
391 486 14
391 503 22
391 536 11
391 547 22
391 560 25
391 584 3
392 400 7
392 403 21
392 406 6
392 408 5
392 416 15
392 418 11
392 428 15
392 436 25
392 447 11
392 456 13
392 502 4
392 512 25
392 528 2
392 539 2
392 573 7
392 574 25
392 581 15
392 596 15
393 420 14
393 432 16
393 441 13
393 488 14
393 507 4
393 526 12
393 555 7
393 591 19
394 420 10
394 466 19
394 469 17
394 475 11
394 484 21
394 540 24
394 544 6
394 556 2
394 569 5
394 572 23
395 398 14
395 441 21
395 445 22
395 456 24
395 503 9
395 511 2
395 515 25
395 549 12
395 563 3
395 565 6
395 578 12
395 596 18
396 432 23
396 440 25
396 448 10
396 466 12
396 495 15
396 498 15
396 529 23
396 530 21
396 544 8
396 546 10
396 580 16
396 589 25
397 420 20
397 422 12
397 457 25
397 497 3
397 517 15
397 539 4
397 549 25
397 556 3
397 573 25
397 599 23
398 406 3
398 425 10
398 431 24
398 454 2
398 462 21
398 465 3
398 499 7
398 538 9
399 464 22
399 467 6
399 468 11
399 469 7
399 489 17
399 494 25
399 516 21
399 524 17
399 584 23
399 586 4
399 588 1
399 599 13
400 401 5
400 407 22
400 434 1
400 445 4
400 451 24
400 478 17
400 505 9
400 537 25
400 558 19
400 571 10
400 586 22
401 419 21
401 424 19
401 431 22
401 443 24
401 465 17
401 482 25
401 515 8
401 526 25
401 529 21
401 538 13
401 556 10
402 406 4
402 419 7
402 420 12
402 425 25
402 441 23
402 449 9
402 481 5
402 540 25
402 595 23
403 415 11
403 460 23
403 478 24
403 490 14
403 510 24
403 511 15
403 512 24
403 514 23
403 517 11
403 537 9
403 553 22
404 432 8
404 442 4
404 447 20
404 490 9
404 516 20
404 520 21
404 541 16
404 572 20
404 578 17
405 415 5
405 431 6
405 449 22
405 457 11
405 460 17
405 467 21
405 473 8
405 474 2
405 512 2
405 540 9
405 543 25
405 567 12
405 582 7
405 587 25
406 411 2
406 421 5
406 430 16
406 437 1
406 446 4
406 451 1
406 453 11
406 466 2
406 510 11
406 520 14
406 535 22
406 544 19
406 552 11
406 556 17
406 596 9
407 410 5
407 425 10
407 477 13
407 512 12
407 521 7
407 532 24
407 592 4
407 597 4
408 411 8
408 415 7
408 453 6
408 475 19
408 485 6
408 526 19
408 557 2
408 587 7
408 596 21
408 597 6
409 448 23
409 491 23
409 497 11
409 498 23
409 544 10
409 557 13
409 563 8
409 569 25
410 414 11
410 421 1
410 497 10
410 542 2
410 546 11
410 599 16
411 432 14
411 452 1
411 465 3
411 502 20
411 515 1
411 566 8
412 449 23
412 451 10
412 461 14
412 489 5
412 498 3
412 510 22
412 530 24
412 533 4
412 551 3
412 566 21
413 415 11
413 480 25
413 507 20
413 515 22
413 519 25
413 535 4
413 570 11
413 584 7
414 429 5
414 507 21
414 537 10
414 554 15
414 555 24
414 558 22
415 416 7
415 426 12
415 429 22
415 433 11
415 434 8
415 466 22
415 483 18
415 498 6
415 509 7
415 517 9
415 538 10
415 540 9
415 569 5
415 584 10
415 585 15
416 429 7
416 511 5
416 512 25
416 532 9
416 553 24
416 570 23
416 585 8
416 590 4
417 565 8
417 571 16
417 587 9
417 591 5
418 436 25
418 472 25
418 474 4
418 486 22
418 526 8
418 571 17
418 576 20
418 580 19
419 421 25
419 480 17
419 510 13
419 515 5
419 518 23
419 540 21
419 568 16
420 447 8
420 471 2
420 485 3
420 489 22
420 536 11
420 547 7
420 554 24
420 556 19
421 429 8
421 430 21
421 455 3
421 457 13
421 464 6
421 479 18
421 508 23
421 545 10
421 557 20
421 573 22
421 577 15
422 458 18
422 478 7
422 493 7
422 497 12
422 511 2
422 529 8
422 578 3
423 444 14
423 460 14
423 504 2
423 520 12
423 524 4
423 525 12
423 535 15
423 537 6
423 562 8
423 568 25
423 584 15
423 588 8
424 430 20
424 434 22
424 439 6
424 461 22
424 468 11
424 471 11
424 509 15
424 513 9
424 544 22
424 574 11
424 577 7
424 595 14
424 596 3
425 444 13
425 474 20
425 554 14
425 564 14
425 567 4
425 593 19
425 595 5
426 446 17
426 466 22
426 482 16
426 502 22
426 507 8
426 524 7
426 541 5
426 598 18
427 453 7
427 457 19
427 487 25
427 505 3
427 553 17
427 569 5
427 576 25
428 467 2
428 496 17
428 501 16
428 507 10
428 550 14
428 551 1
428 590 17
429 434 2
429 490 5
429 505 6
429 528 23
429 542 20
429 555 22
429 557 1
429 569 13
429 584 1
429 588 19
430 442 12
430 470 18
430 494 15
430 530 19
430 542 24
430 598 19
431 465 11
431 468 7
431 506 14
431 536 13
431 537 10
431 589 5
432 435 17
432 438 9
432 443 9
432 444 9
432 482 1
432 484 20
432 512 24
432 544 1
432 587 13
432 598 25
433 449 7
433 452 19
433 484 24
433 492 1
433 496 15
433 503 1
433 508 14
433 528 17
433 545 19
433 575 25
433 595 9
433 596 8
434 493 20
434 515 7
434 526 2
434 535 8
434 538 14
434 549 15
434 591 20
435 479 23
435 499 22
435 518 13
435 521 8
435 557 5
435 559 23
435 568 8
435 572 1
435 579 21
435 595 10
436 438 14
436 509 22
436 524 16
436 562 7
436 581 22
436 594 16
436 595 23
437 443 22
437 453 6
437 463 14
437 519 15
437 524 7
437 531 22
437 537 23
437 554 4
437 561 5
438 454 1
438 477 11
438 478 20
438 506 17
438 507 5
438 517 19
438 522 15
438 532 19
438 560 1
438 595 19
438 597 17
439 488 10
439 500 20
439 505 12
439 568 21
439 584 10
440 492 11
440 496 11
440 537 16
440 551 7
440 568 4
441 452 15
441 467 4
441 519 11
441 578 3
442 472 20
442 482 20
442 510 1
442 514 19
442 515 23
442 518 7
442 534 19
442 544 8
442 545 4
442 554 13
442 563 14
442 581 22
442 591 2
443 446 7
443 448 25
443 467 23
443 470 23
443 484 9
443 528 19
444 460 12
444 503 5
444 505 3
444 506 22
444 547 17
444 554 20
444 596 5
445 451 22
445 463 9
445 473 10
445 474 8
445 527 13
445 533 5
445 553 2
445 575 15
445 598 23
446 461 1
446 474 23
446 504 19
446 525 8
446 559 1
446 567 6
446 583 21
447 471 23
447 473 9
447 497 2
447 501 22
447 524 6
447 528 2
447 540 7
447 542 24
447 573 13
447 594 13
447 597 3
448 456 11
448 468 7
448 492 24
448 504 15
448 516 3
448 550 7
448 571 2
449 490 12
449 497 21
449 513 6
449 541 15
449 563 12
449 575 5
449 586 15
449 597 10
450 484 25
450 514 24
450 532 10
450 536 5
450 558 19
450 571 7
450 577 16
450 594 23
451 454 5
451 458 21
451 462 24
451 465 14
451 470 22
451 489 13
451 521 3
451 524 1
451 564 23
452 475 9
452 498 25
452 510 14
452 512 14
452 545 8
452 566 15
452 581 2
453 461 4
453 465 22
453 514 19
453 544 17
453 547 4
453 598 8
454 457 1
454 473 3
454 477 9
454 509 13
454 550 10
454 555 2
454 557 21
454 567 25
455 481 1
455 506 1
455 536 20
455 562 24
456 461 16
456 474 18
456 507 11
456 519 18
456 521 19
456 522 10
456 565 4
456 583 18
456 594 24
456 595 19
456 597 25
457 464 15
457 465 20
457 504 5
457 517 14
457 523 15
457 557 24
457 564 17
457 596 23
457 599 24
458 488 19
458 512 6
458 530 13
458 535 3
458 571 9
458 582 9
459 485 2
459 498 12
459 513 11
459 515 24
459 527 10
459 547 1
459 556 16
459 576 23
460 464 20
460 500 11
460 502 9
460 529 25
461 464 5
461 522 7
461 554 18
461 560 7
461 577 24
462 492 15
462 502 13
462 506 12
462 526 6
462 549 11
462 560 3
463 472 3
463 484 12
463 532 23
463 556 10
463 559 24
463 573 1
463 583 21
463 590 7
463 592 4
464 471 7
464 473 19
464 490 4
464 523 18
464 527 19
464 552 22
464 574 17
465 502 16
465 508 7
465 528 1
465 533 17
465 541 12
465 543 9
465 550 12
465 567 18
465 596 7
466 488 3
466 496 5
466 498 20
466 502 8
466 503 18
466 518 22
466 558 13
466 563 4
466 565 20
467 472 24
467 520 2
467 537 22
467 569 19
467 584 11
467 598 2
468 473 2
468 521 4
468 528 8
468 529 22
468 534 25
468 536 4
468 560 13
469 480 17
469 573 10
469 580 15
469 587 8
469 593 23
469 595 24
469 597 19
470 489 17
470 496 7
470 499 21
470 515 24
470 516 2
470 544 6
470 564 16
470 569 25
471 488 18
471 519 21
472 475 21
472 541 16
472 551 24
472 552 19
472 590 12
473 488 9
473 507 21
473 544 13
473 556 15
473 578 3
474 488 9
474 530 16
474 570 8
474 587 24
475 480 7
475 491 19
475 493 13
475 504 16
475 544 17
475 549 13
476 545 12
476 579 10
477 489 20
477 534 9
477 544 8
477 549 21
477 578 14
478 487 25
478 499 20
478 509 6
478 520 20
478 526 16
478 535 24
478 548 19
478 566 11
478 578 10
479 498 4
479 502 6
479 513 24
480 530 18
480 545 10
480 547 10
480 567 10
480 577 19
480 592 8
481 483 16
481 504 13
481 514 22
481 531 9
481 533 6
481 546 10
481 561 20
481 569 15
481 578 6
482 499 3
482 515 25
482 531 1
482 543 19
482 551 24
482 597 22
483 511 24
483 513 19
483 517 14
483 528 24
483 532 12
483 560 25
484 489 10
484 501 17
484 513 7
484 544 9
484 546 10
484 557 19
484 570 20
484 580 19
485 508 12
485 511 4
485 518 12
485 524 24
485 529 25
485 531 22
485 578 4
486 499 11
486 504 18
486 512 21
486 519 16
486 529 20
486 595 20
487 508 18
487 520 15
487 523 18
488 496 17
488 541 14
489 490 13
489 492 5
489 574 14
489 584 1
489 585 6
489 587 24
490 491 18
490 517 15
490 523 7
490 525 2
490 578 8
490 580 3
490 588 22
490 590 21
491 500 6
491 520 10
491 527 20
491 536 7
491 552 8
491 557 25
492 553 18
492 561 25
492 571 22
492 575 8
492 586 22
492 591 16
493 504 3
493 532 11
493 535 11
493 575 19
493 586 1
494 522 23
494 538 25
494 588 15
495 497 24
495 531 6
495 560 13
495 571 16
495 580 20
495 582 21
496 509 19
496 541 4
496 560 23
496 568 17
496 573 24
496 581 5
497 535 2
497 542 20
498 508 11
498 510 11
498 526 22
498 540 3
498 546 11
498 573 18
498 577 13
499 586 7
499 588 11
499 591 17
500 515 17
500 517 21
500 529 10
500 532 18
500 550 18
500 570 9
500 579 9
501 502 16
501 513 16
501 540 21
501 551 8
502 505 10
502 511 18
502 519 1
502 564 15
503 522 15
503 539 18
503 546 14
503 579 21
503 580 21
503 590 8
504 529 6
504 534 6
505 530 6
505 534 11
505 554 18
505 561 24
505 563 25
505 572 24
506 581 9
506 582 16
506 594 18
507 521 6
507 552 25
507 553 12
507 585 23
507 592 10
508 515 20
508 564 16
509 531 1
509 532 15
509 574 25
510 595 10
511 519 9
511 528 1
511 542 2
511 567 23
512 524 20
512 561 15
512 565 18
512 567 15
512 569 24
512 592 25
513 516 22
513 531 5
513 559 10
513 566 15
513 595 3
514 541 9
515 520 15
515 553 13
515 557 24
515 559 7
515 582 18
515 587 25
515 588 20
515 589 17
516 526 10
516 527 14
516 552 7
516 566 10
516 575 5
516 582 7
517 527 21
517 529 13
517 544 9
517 594 22
518 547 12
518 551 3
518 557 13
518 570 6
518 580 19
519 526 12
519 551 6
519 556 17
519 568 16
519 577 17
519 581 6
519 583 20
519 592 1
520 595 23
521 544 9
521 550 1
522 526 4
522 534 1
522 555 3
522 577 1
522 587 17
522 592 12
522 594 14
523 527 1
523 581 23
523 592 19
524 533 9
524 592 20
524 593 8
524 597 17
524 599 19
525 538 20
525 543 21
525 565 6
525 577 2
525 578 14
526 541 17
526 556 7
526 578 5
526 590 9
527 529 1
527 539 13
527 543 5
527 559 1
527 564 10
527 578 13
528 540 3
528 561 15
529 560 13
529 582 5
529 589 15
529 597 7
530 531 18
530 538 6
530 545 7
530 560 15
531 555 1
532 551 15
532 572 12
533 536 8
533 544 8
533 548 5
533 560 4
533 579 3
533 584 10
533 588 6
534 542 18
534 552 4
534 558 14
534 567 24
534 582 14
535 549 14
535 570 13
535 571 19
535 579 16
535 588 24
536 550 6
537 551 19
537 567 14
538 577 21
539 540 25
539 587 5
540 562 2
540 584 18
540 594 10
541 575 10
541 578 9
542 574 10
542 578 1
542 589 20
543 545 20
543 547 8
543 556 24
543 588 23
543 595 12
544 549 11
545 553 3
545 562 6
545 564 16
546 576 17
547 580 6
547 591 4
547 597 7
548 554 19
548 571 24
548 578 23
548 584 17
548 594 5
549 582 16
549 597 7
550 571 25
550 574 15
550 579 12
550 581 3
550 586 9
551 570 23
552 572 12
553 565 18
553 569 10
553 573 12
553 597 12
554 558 4
554 586 21
555 575 13
555 595 3
555 599 9
556 581 25
557 574 8
558 585 14
559 562 15
559 574 1
561 594 21
563 574 20
563 591 7
563 594 14
563 596 19
564 572 4
564 589 6
565 599 25
566 568 21
566 569 14
566 597 1
566 598 11
567 572 25
567 576 3
567 597 21
568 578 25
568 597 16
569 576 13
571 576 9
571 588 2
572 579 2
573 589 14
574 586 24
575 590 14
576 578 16
578 591 7
578 598 13
579 599 23
580 598 22
581 583 4
584 598 23
586 590 17
587 591 23
589 595 5
592 597 8
596 598 18
600 299 78
601 599 16
600 601 94
602 609 7
602 629 8
602 634 18
602 647 15
602 668 6
602 699 19
602 725 6
602 726 10
602 757 2
602 796 10
602 806 5
602 882 11
602 895 6
603 604 22
603 618 16
603 638 5
603 704 17
603 705 15
603 723 23
603 731 5
603 757 5
603 783 17
603 850 1
603 857 5
603 892 18
604 639 20
604 649 14
604 662 3
604 666 9
604 693 2
604 707 3
604 771 17
604 807 9
604 811 20
604 853 8
604 855 16
604 862 16
604 895 15
604 897 1
605 612 17
605 652 2
605 669 7
605 671 4
605 674 7
605 675 4
605 684 20
605 690 13
605 699 22
605 725 11
605 736 11
605 737 1
605 746 16
605 748 4
605 749 3
605 751 22
605 776 21
605 779 22
605 793 10
605 811 23
605 846 7
605 857 13
605 896 2
605 897 1
606 607 23
606 617 22
606 632 8
606 641 14
606 697 14
606 727 23
606 755 16
606 787 5
606 795 24
606 796 22
606 835 10
606 836 5
606 876 2
606 878 4
606 892 17
607 622 23
607 643 17
607 698 4
607 701 25
607 704 9
607 733 7
607 739 2
607 755 5
607 787 2
607 789 1
607 813 16
607 833 1
607 843 9
607 850 6
607 871 3
608 618 9
608 635 3
608 641 1
608 661 17
608 667 16
608 677 14
608 700 14
608 711 6
608 718 20
608 751 14
608 771 5
608 774 4
608 805 20
608 823 6
608 838 10
608 875 13
608 878 6
608 889 1
608 891 17
609 639 7
609 693 11
609 698 25
609 709 11
609 724 17
609 733 2
609 753 11
609 773 7
609 783 4
609 837 19
609 841 14
609 873 8
610 629 5
610 656 17
610 668 8
610 673 21
610 677 9
610 688 23
610 711 11
610 720 17
610 746 17
610 762 24
610 766 21
610 773 21
610 783 20
610 786 3
610 808 7
610 841 7
610 847 8
610 900 7
611 618 23
611 620 17
611 636 19
611 657 23
611 717 2
611 753 10
611 833 1
611 840 14
611 864 18
611 876 6
611 880 9
611 887 7
612 633 14
612 653 13
612 660 23
612 671 23
612 707 8
612 718 8
612 756 21
612 779 20
612 782 24
612 811 12
612 822 20
612 860 19
612 887 9
612 893 14
612 900 22
613 623 15
613 681 21
613 696 6
613 699 23
613 704 20
613 708 22
613 741 16
613 764 17
613 831 25
613 832 25
613 851 19
613 854 13
613 863 18
613 866 25
613 878 22
613 886 24
613 890 15
614 620 9
614 660 23
614 666 12
614 674 19
614 679 5
614 725 7
614 733 13
614 788 4
614 805 19
614 812 8
615 653 24
615 719 2
615 720 21
615 752 20
615 753 19
615 763 18
615 809 3
615 865 16
615 879 13
615 901 1
616 619 7
616 623 6
616 655 1
616 669 8
616 682 25
616 689 13
616 694 25
616 778 1
616 797 9
616 823 25
616 827 15
616 847 20
616 897 24
617 635 1
617 672 13
617 707 4
617 737 8
617 758 2
617 834 9
617 848 3
617 849 9
617 859 7
617 861 6
618 625 7
618 643 4
618 681 24
618 684 24
618 690 8
618 703 15
618 712 11
618 727 8
618 735 23
618 743 19
618 746 8
618 758 7
618 772 18
618 887 21
618 894 7
618 898 20
619 622 6
619 626 8
619 632 9
619 654 2
619 752 7
619 781 11
619 790 14
619 796 12
619 798 18
619 807 18
619 846 22
619 850 20
619 851 3
619 864 3
620 625 3
620 628 9
620 638 8
620 658 1
620 679 10
620 689 15
620 691 17
620 708 22
620 765 23
620 806 16
620 820 15
620 827 7
620 890 23
621 624 9
621 634 4
621 662 6
621 664 3
621 671 12
621 673 13
621 685 13
621 721 13
621 741 21
621 745 24
621 757 4
621 804 9
621 820 16
621 843 21
621 845 5
621 879 13
622 624 23
622 646 10
622 659 15
622 661 9
622 691 17
622 708 17
622 788 18
622 814 9
622 836 9
622 877 16
622 887 8
622 896 1
623 636 6
623 711 14
623 761 23
623 764 16
623 769 18
623 836 3
623 847 19
623 858 4
624 663 18
624 672 6
624 693 18
624 699 15
624 706 4
624 707 21
624 709 24
624 766 22
624 799 18
624 803 3
624 865 11
624 871 16
625 640 14
625 657 2
625 666 1
625 684 8
625 715 18
625 721 20
625 746 16
625 749 3
625 754 10
625 761 23
625 772 4
625 776 17
625 791 13
625 794 3
625 811 8
625 813 7
625 820 8
625 841 1
625 869 12
626 630 2
626 655 8
626 670 5
626 671 16
626 726 14
626 736 2
626 844 16
626 869 12
626 872 20
626 893 19
627 640 22
627 646 12
627 667 9
627 669 25
627 692 12
627 707 16
627 720 17
627 722 6
627 726 6
627 752 22
627 757 15
627 771 5
627 811 2
627 819 9
627 827 20
627 836 4
627 843 16
627 887 1
628 634 13
628 641 18
628 671 13
628 673 14
628 686 25
628 712 19
628 781 5
628 839 15
628 862 20
628 872 20
628 878 1
629 668 16
629 679 15
629 705 24
629 720 2
629 747 24
629 759 23
629 765 15
629 805 14
629 843 17
629 850 20
629 869 22
629 874 13
630 635 12
630 677 3
630 734 14
630 760 20
630 771 22
630 796 19
630 806 12
630 815 23
630 816 7
630 819 4
630 835 12
630 836 20
630 840 3
630 867 5
630 886 1
630 894 20
631 637 1
631 653 23
631 670 20
631 694 17
631 724 14
631 727 19
631 756 20
631 757 14
631 769 18
631 836 10
631 839 3
631 868 9
631 878 6
631 886 1
631 900 21
632 660 19
632 720 3
632 724 11
632 729 15
632 745 25
632 773 5
632 778 1
632 779 24
632 806 11
632 807 4
632 823 10
632 847 7
632 853 9
632 856 16
632 882 8
633 639 3
633 652 18
633 661 7
633 673 24
633 683 9
633 712 20
633 739 19
633 768 6
633 772 9
633 777 12
633 802 15
633 803 13
633 824 20
633 850 22
634 662 15
634 680 18
634 695 16
634 716 17
634 739 3
634 743 7
634 748 18
634 758 7
634 768 8
634 771 16
634 792 19
634 856 13
634 878 2
634 885 1
634 889 21
635 648 17
635 691 10
635 699 25
635 726 10
635 782 16
635 821 24
635 824 20
635 825 12
635 828 17
635 838 25
635 859 20
635 863 5
635 870 16
635 886 9
636 644 2
636 649 15
636 672 23
636 681 19
636 703 7
636 710 17
636 738 23
636 743 13
636 753 9
636 798 7
636 799 20
636 861 25
636 862 25
636 865 8
636 870 1
637 711 2
637 757 5
637 786 20
637 792 11
637 798 5
637 808 6
637 818 3
637 821 5
637 884 25
637 896 15
637 900 21
638 675 2
638 719 11
638 732 3
638 746 19
638 752 22
638 765 4
638 794 8
638 798 19
638 855 22
638 871 14
638 874 10
638 885 21
638 889 2
639 641 19
639 669 2
639 705 23
639 739 20
639 776 4
639 789 7
639 817 22
639 852 5
639 853 14
639 872 18
640 658 18
640 675 18
640 715 23
640 737 22
640 739 22
640 807 23
640 815 11
640 821 19
640 827 1
640 829 24
640 847 21
640 868 19
640 880 20
640 886 1
640 896 4
640 897 15
640 898 22
641 656 17
641 670 25
641 688 18
641 704 20
641 712 20
641 728 21
641 767 20
641 785 16
641 787 24
641 789 1
641 883 12
641 898 4
642 643 14
642 660 5
642 672 23
642 682 8
642 707 4
642 729 19
642 776 6
642 802 1
642 853 7
642 858 2
642 877 1
642 899 5
643 656 24
643 662 22
643 665 1
643 710 25
643 732 25
643 742 15
643 745 23
643 756 18
643 764 16
643 769 15
643 785 13
643 832 12
643 835 13
643 883 9
643 887 2
644 649 11
644 686 9
644 701 16
644 720 16
644 725 25
644 746 22
644 773 13
644 804 9
644 839 25
644 850 7
644 865 15
644 875 3
644 896 13
644 899 18
645 660 5
645 695 17
645 697 16
645 715 1
645 725 19
645 736 15
645 753 2
645 755 8
645 756 13
645 789 20
645 812 1
645 818 4
645 830 9
645 838 12
645 880 16
645 888 17
645 901 14
646 656 2
646 660 25
646 662 6
646 694 17
646 696 1
646 707 2
646 717 7
646 744 10
646 754 3
646 759 13
646 767 1
646 774 5
646 783 25
646 795 18
646 836 12
646 841 18
646 861 8
646 867 12
646 886 11
646 896 25
647 675 14
647 685 20
647 723 12
647 734 10
647 751 20
647 771 17
647 785 18
647 801 9
647 806 8
647 816 9
647 828 24
647 829 11
647 831 10
647 837 4
647 842 4
647 845 11
647 858 7
647 860 10
647 869 22
647 894 11
648 668 24
648 682 22
648 711 18
648 748 25
648 762 16
648 812 4
648 833 17
648 834 23
648 859 17
648 860 4
648 872 24
649 650 7
649 662 1
649 665 10
649 696 16
649 706 22
649 762 2
649 792 8
649 795 5
649 796 11
649 797 18
649 815 3
649 817 23
649 844 3
649 873 8
649 879 3
649 895 15
650 678 16
650 740 15
650 750 11
650 758 2
650 764 13
650 784 9
650 842 19
650 859 13
650 898 1
651 654 22
651 656 6
651 661 25
651 684 13
651 701 10
651 702 24
651 719 20
651 775 12
651 782 8
651 791 10
651 812 8
651 839 11
651 879 20
651 894 15
651 900 23
652 668 12
652 675 17
652 701 22
652 705 16
652 727 2
652 760 25
652 785 5
652 798 17
652 803 14
652 821 17
652 848 18
652 860 3
653 660 2
653 668 13
653 675 15
653 679 2
653 685 9
653 687 21
653 707 2
653 758 24
653 789 7
653 822 25
653 826 18
653 897 18
654 660 9
654 678 4
654 739 2
654 748 22
654 807 25
654 826 16
654 835 21
654 856 12
654 896 10
655 712 18
655 756 2
655 812 11
655 817 19
655 830 7
656 717 2
656 727 7
656 740 25
656 768 22
656 771 9
656 801 2
656 839 9
657 667 1
657 704 3
657 711 20
657 739 23
657 765 6
657 779 18
657 780 6
657 794 5
657 811 12
657 834 23
657 858 16
657 859 17
657 879 1
657 889 12
658 668 17
658 678 17
658 681 9
658 710 3
658 713 1
658 716 1
658 749 6
658 754 11
658 769 19
658 774 14
658 786 14
658 821 2
658 825 14
658 837 12
658 839 13
658 844 17
658 851 21
658 863 13
658 870 19
658 893 17
658 901 12
659 694 2
659 700 11
659 717 17
659 738 8
659 749 22
659 759 16
659 775 23
659 780 13
659 812 16
659 851 11
659 882 4
659 890 7
660 680 20
660 744 8
660 756 7
660 788 22
660 809 14
660 814 19
660 823 18
660 846 2
660 849 8
660 850 19
660 855 17
660 862 21
660 881 6
660 892 8
661 670 16
661 676 20
661 689 4
661 695 9
661 729 8
661 742 5
661 753 19
661 766 24
661 785 12
661 812 15
661 816 14
661 823 12
661 840 5
661 888 7
662 670 24
662 679 8
662 702 13
662 728 20
662 729 16
662 735 22
662 740 17
662 750 6
662 858 15
662 878 9
662 890 7
663 695 24
663 734 4
663 737 24
663 766 20
663 777 12
663 807 8
663 817 12
663 895 8
663 900 11
664 673 21
664 692 16
664 695 15
664 742 16
664 749 16
664 750 4
664 757 6
664 828 7
664 901 15
665 690 12
665 701 13
665 704 15
665 710 19
665 725 25
665 734 10
665 743 11
665 769 21
665 785 1
665 813 18
665 833 13
665 843 11
665 857 25
665 863 11
665 886 14
666 688 25
666 714 5
666 804 2
666 819 7
666 861 19
666 876 10
667 675 20
667 686 14
667 704 2
667 733 9
667 745 4
667 751 17
667 752 14
667 796 11
667 806 23
667 809 5
667 814 24
667 829 10
667 843 20
667 876 20
668 675 12
668 678 4
668 684 5
668 687 7
668 691 4
668 709 23
668 754 21
668 780 16
668 800 24
668 809 7
668 856 6
668 858 25
669 705 13
669 723 8
669 771 8
669 780 6
669 783 17
669 814 2
669 822 21
669 832 20
669 843 11
669 865 2
669 866 11
669 878 1
670 676 14
670 696 9
670 719 6
670 779 13
670 793 20
670 803 25
670 810 7
670 817 6
670 828 5
670 835 11
670 839 15
670 844 10
670 901 10
671 685 10
671 692 25
671 701 10
671 703 16
671 719 5
671 730 9
671 734 6
671 739 12
671 747 17
671 819 11
671 823 5
671 826 18
671 833 9
671 856 24
671 891 5
671 897 10
672 675 10
672 688 8
672 717 23
672 721 20
672 760 13
672 806 10
672 807 14
672 832 14
672 865 16
672 892 22
673 677 18
673 728 4
673 738 11
673 752 2
673 767 15
673 770 20
673 812 3
673 827 25
673 838 13
673 850 7
673 854 10
673 856 18
673 865 21
674 689 3
674 709 5
674 718 25
674 747 23
674 755 13
674 826 1
674 827 2
675 691 22
675 706 12
675 710 9
675 755 22
675 795 8
675 850 23
675 891 6
676 699 23
676 714 13
676 763 24
676 775 19
676 796 5
676 804 4
676 806 4
676 863 8
676 874 20
676 877 1
677 685 10
677 702 21
677 760 13
677 784 19
677 812 6
677 818 5
677 835 14
677 837 10
677 850 11
678 684 15
678 724 7
678 759 24
678 770 17
678 773 11
678 785 22
678 792 3
678 807 19
678 837 18
678 852 12
679 687 19
679 705 1
679 718 10
679 719 6
679 746 1
679 796 3
679 797 13
679 809 4
679 860 9
679 886 22
680 702 25
680 715 9
680 736 9
680 744 21
680 762 21
680 776 4
680 805 3
680 830 2
680 845 17
680 846 12
680 858 12
680 863 8
680 864 19
680 877 12
681 687 25
681 699 4
681 748 9
681 750 4
681 757 24
681 771 1
681 779 16
681 780 19
681 783 3
681 786 25
681 803 2
681 853 3
682 729 4
682 759 14
682 765 8
682 788 12
682 831 12
682 879 8
683 704 22
683 794 22
683 803 3
683 831 17
683 837 25
683 839 7
683 868 20
683 869 16
683 877 18
684 690 7
684 700 1
684 735 13
684 811 20
684 833 2
684 857 16
684 874 3
685 700 5
685 818 17
685 829 6
685 839 22
685 875 10
686 828 8
686 887 23
687 695 11
687 713 13
687 736 4
687 747 1
687 770 20
687 773 15
687 828 13
687 869 4
687 891 14
688 724 9
688 728 6
688 729 5
688 742 11
688 762 14
688 770 25
688 791 1
688 816 7
688 824 8
688 831 3
688 861 19
688 877 2
688 894 4
689 732 12
689 735 7
689 747 11
689 767 5
689 771 12
689 772 9
689 778 14
689 842 21
690 691 9
690 709 2
690 722 8
690 734 12
690 747 2
690 775 5
690 837 3
690 841 16
690 842 8
690 874 16
690 881 2
690 883 16
690 895 23
691 692 12
691 700 4
691 731 24
691 757 14
691 761 12
691 771 6
691 773 17
691 810 8
691 813 9
691 816 22
691 851 19
691 862 17
691 871 9
691 872 23
691 888 3
692 710 20
692 712 13
692 718 1
692 731 3
692 785 14
692 814 8
692 849 14
692 851 18
692 857 14
692 875 16
692 877 10
692 887 22
692 891 9
692 900 11
693 695 12
693 717 6
693 726 24
693 755 17
693 782 4
693 797 13
693 798 4
693 802 11
693 845 6
693 880 11
693 881 21
694 707 4
694 712 6
694 715 13
694 722 13
694 724 5
694 791 17
694 796 7
694 804 17
694 813 17
694 821 11
694 829 8
694 860 2
694 875 24
694 878 2
694 879 15
694 881 16
694 898 11
695 696 13
695 700 24
695 735 22
695 750 1
695 776 4
695 789 20
695 790 18
695 800 9
695 813 9
695 840 23
695 866 19
695 899 16
696 750 8
696 816 15
696 840 20
696 858 15
696 901 4
697 709 9
697 712 19
697 714 20
697 729 17
697 735 12
697 744 12
697 751 2
697 784 19
697 791 15
697 815 25
697 841 22
697 864 4
697 900 17
698 702 8
698 749 19
698 759 18
698 765 4
698 800 19
698 809 23
698 877 25
698 890 11
698 891 7
699 705 11
699 715 8
699 754 2
699 771 1
699 799 17
699 802 16
699 807 20
699 816 6
699 827 19
699 832 3
699 836 1
699 869 16
699 878 21
699 898 13
700 703 4
700 714 22
700 756 8
700 762 18
700 788 23
700 822 5
700 824 23
700 831 15
700 852 12
700 858 16
700 860 9
701 707 17
701 712 10
701 716 6
701 738 18
701 744 22
701 824 12
701 839 3
701 843 7
701 856 14
702 707 4
702 708 23
702 718 6
702 727 25
702 729 6
702 762 2
702 769 5
702 777 6
702 821 17
702 842 25
702 851 20
702 874 20
702 882 24
702 888 5
703 704 12
703 744 21
703 773 9
703 785 11
703 794 12
703 796 22
703 831 2
703 858 20
703 872 15
703 882 13
703 885 1
703 889 7
703 890 9
704 705 14
704 706 12
704 739 17
704 740 2
704 746 17
704 767 15
704 788 10
704 809 16
704 815 22
704 830 11
704 839 20
704 857 4
704 865 4
704 872 22
704 877 24
704 886 23
704 895 20
705 713 3
705 717 11
705 723 17
705 736 13
705 739 23
705 745 6
705 762 9
705 783 24
705 816 25
705 824 25
705 887 13
706 726 2
706 746 6
706 748 24
706 768 16
706 778 19
706 785 15
706 840 19
706 852 10
706 858 6
707 709 5
707 720 3
707 722 2
707 748 15
707 759 22
707 874 8
708 712 18
708 726 20
708 728 6
708 738 17
708 745 14
708 795 10
708 815 4
708 818 8
708 825 24
708 834 2
708 842 13
708 876 7
708 877 2
709 763 14
709 806 8
709 811 15
709 839 16
709 845 15
709 848 13
709 873 8
709 882 9
709 892 2
710 715 3
710 744 18
710 746 10
710 754 8
710 761 20
710 770 11
710 777 24
710 779 19
710 809 20
710 836 19
710 840 13
710 858 25
710 862 12
710 866 4
710 895 11
711 723 16
711 731 13
711 741 9
711 763 19
711 767 25
711 782 17
711 794 20
711 806 13
711 809 24
711 900 11
712 713 5
712 772 14
712 773 25
712 776 14
712 808 22
712 835 4
712 859 17
712 864 16
712 878 13
712 887 1
712 891 13
713 731 25
713 799 1
713 807 6
713 812 20
713 819 19
713 829 20
713 875 21
713 877 6
713 888 25
713 893 7
714 733 23
714 774 12
714 779 17
714 798 16
714 834 13
714 847 11
714 852 10
714 886 3
715 747 9
715 772 23
715 814 7
715 826 24
715 861 22
715 892 21
716 752 22
716 755 25
716 767 14
716 788 15
716 806 12
716 843 16
716 848 2
716 880 12
717 739 16
717 763 9
717 799 8
717 802 12
717 813 5
717 818 3
717 826 17
717 847 5
717 857 11
717 869 14
718 723 18
718 724 3
718 806 4
718 821 8
718 845 13
718 846 15
718 854 10
718 869 23
718 901 14
719 725 16
719 747 22
719 796 11
719 797 13
719 811 20
719 813 10
719 821 3
719 841 9
719 872 24
720 793 20
720 838 10
720 865 12
720 872 13
720 886 20
720 892 19
721 747 24
721 748 25
721 793 21
721 794 15
721 813 6
721 823 7
721 845 5
721 867 23
722 763 11
722 769 10
722 783 5
722 831 23
722 836 1
722 873 16
722 879 20
722 892 15
722 897 9
723 725 18
723 739 25
723 749 23
723 755 15
723 771 11
723 836 1
723 838 23
723 893 9
724 734 22
724 735 10
724 753 20
724 777 9
724 778 4
724 783 15
724 836 9
724 866 5
725 729 11
725 734 23
725 746 10
725 764 19
725 773 4
725 787 8
725 826 4
725 831 13
725 845 14
725 846 1
725 862 16
725 882 5
726 728 22
726 749 5
726 756 15
726 769 17
726 772 6
726 840 12
726 869 6
726 875 16
727 793 12
727 815 5
727 854 2
727 858 11
727 868 14
727 881 23
727 893 21
728 756 20
728 763 13
728 792 5
728 807 24
728 812 23
728 832 4
728 839 9
728 842 16
728 855 8
728 857 18
728 892 19
729 750 22
729 765 8
729 767 21
729 774 12
729 798 14
729 844 17
729 845 16
729 871 3
729 897 10
730 804 21
730 824 15
731 779 15
731 785 14
731 787 3
731 789 22
731 808 15
731 814 13
731 816 12
731 821 12
731 831 9
731 888 6
732 778 24
732 788 15
732 789 7
732 805 23
732 860 18
732 868 15
732 893 13
732 895 25
733 735 9
733 745 8
733 752 24
733 766 18
733 773 3
733 782 10
733 788 7
733 789 22
733 813 3
733 832 11
733 870 8
734 739 25
734 787 25
734 790 25
734 809 13
734 825 5
734 839 21
734 900 4
735 748 19
735 800 7
735 804 16
735 828 4
735 849 13
735 850 16
735 867 18
735 873 21
735 874 14
735 884 11
735 888 12
736 749 3
736 778 10
736 825 20
736 836 13
736 866 10
736 887 12
736 896 17
737 750 20
737 758 20
737 759 13
737 774 24
737 785 6
737 786 23
737 800 23
737 809 5
737 824 22
737 900 11
738 760 9
738 766 17
738 793 14
738 834 5
738 853 25
738 861 6
738 875 8
738 881 12
738 886 24
739 754 1
739 761 9
739 767 12
739 785 11
739 812 20
739 830 16
739 839 22
739 862 14
739 871 3
739 885 7
739 893 3
740 773 20
740 776 3
740 780 22
740 820 9
740 844 1
740 864 4
740 894 6
741 773 23
741 779 11
741 783 4
741 785 10
741 786 21
741 795 20
741 823 1
741 825 25
741 828 20
741 833 6
741 887 8
741 898 8
742 759 4
742 775 8
742 794 17
742 803 17
742 829 18
742 833 13
742 840 8
742 843 16
742 874 4
742 879 12
742 884 22
743 747 6
743 753 8
743 759 1
743 769 4
743 770 17
743 796 1
743 798 8
743 865 24
743 872 24
743 895 20
744 759 3
744 771 10
744 774 15
744 775 24
744 807 10
744 830 15
744 840 20
744 866 18
745 759 22
745 846 5
745 851 23
745 855 6
745 865 23
745 866 15
745 899 25
746 774 10
746 794 24
746 814 15
746 832 13
746 868 12
747 748 14
747 758 20
747 781 20
747 799 14
747 845 1
747 863 13
747 890 15
748 777 10
748 783 13
748 790 15
748 819 4
748 826 17
748 828 24
749 755 18
749 789 16
749 795 11
749 804 9
749 811 12
749 812 3
749 847 5
749 875 18
749 884 25
750 755 10
750 758 15
750 790 16
750 806 11
750 819 2
750 830 16
750 831 1
750 852 16
750 855 5
750 857 14
750 858 11
750 877 24
750 887 4
750 898 11
750 899 13
751 755 18
751 775 22
751 785 25
751 797 9
751 798 25
751 836 17
751 850 8
751 854 19
751 863 9
751 890 18
752 766 3
752 799 22
752 824 22
752 874 7
753 765 15
753 775 23
753 801 19
753 813 4
753 825 16
753 847 4
753 854 7
753 858 6
753 864 6
753 883 23
753 885 10
754 762 21
754 783 8
754 817 10
754 838 25
754 874 20
755 780 22
755 784 19
755 787 16
755 849 24
755 857 3
755 862 17
755 873 17
755 877 12
756 763 10
756 816 25
756 870 6
757 799 12
757 808 21
757 811 2
757 829 21
757 830 10
757 885 24
757 894 16
758 766 16
758 793 14
758 802 21
758 819 22
758 821 22
758 832 2
758 834 19
758 873 8
758 876 22
759 848 3
759 879 20
760 810 23
760 832 24
760 851 18
760 884 17
761 764 16
761 778 16
761 812 19
761 814 7
761 842 7
761 872 7
762 805 17
762 835 8
762 861 12
762 862 5
762 864 4
762 891 13
763 766 25
763 782 15
763 783 13
763 791 17
763 794 5
763 833 4
763 848 13
763 868 4
763 892 2
763 900 16
764 803 24
764 824 11
764 825 14
764 830 4
764 880 5
765 777 12
765 778 2
765 802 23
765 806 3
765 812 18
765 827 15
765 834 23
765 866 1
766 773 24
766 791 4
766 814 17
766 887 6
766 900 15
767 783 24
767 801 11
767 810 4
767 874 23
767 889 3
768 778 18
768 798 15
768 806 9
768 826 23
768 832 4
768 898 12
769 771 24
769 773 19
769 790 13
769 794 10
769 796 7
769 823 16
769 860 14
769 861 18
769 873 17
770 779 13
770 784 22
770 785 11
770 827 5
770 842 19
770 878 12
771 858 3
771 862 24
771 873 5
772 783 10
772 790 15
772 794 3
772 844 21
772 854 20
772 877 3
772 898 23
773 785 13
773 794 19
773 824 6
773 830 10
773 856 22
773 870 20
773 901 11
774 796 15
774 805 7
774 837 20
774 849 21
774 872 22
774 898 10
775 792 16
775 793 15
775 794 25
775 819 12
775 826 3
776 851 4
776 875 8
776 889 14
776 893 8
776 896 8
777 780 20
777 783 17
777 809 23
777 824 25
777 878 14
777 887 17
777 895 4
777 898 11
778 782 6
778 808 22
778 870 19
778 884 16
778 893 18
779 788 15
779 879 3
779 882 9
779 891 21
779 892 22
780 826 6
780 830 19
780 847 8
780 853 23
780 858 8
781 783 9
781 806 10
781 827 10
781 856 12
781 862 19
781 889 25
782 792 19
782 804 3
782 842 22
782 846 13
782 865 2
782 866 21
782 885 1
782 891 19
782 892 24
783 785 14
783 793 1
783 818 22
783 822 7
783 875 18
783 877 16
784 787 23
784 794 20
784 812 24
784 852 18
784 854 18
785 801 4
785 831 13
785 881 1
785 895 2
786 809 22
786 821 9
786 822 13
786 835 7
786 838 23
786 841 8
786 879 8
786 896 18
787 827 12
787 835 4
787 836 5
787 841 14
787 842 1
787 881 6
787 886 9
787 899 1
788 813 19
788 824 9
788 826 22
788 835 2
788 859 2
788 899 12
789 828 24
789 847 21
789 875 12
789 876 18
789 886 14
789 897 18
789 899 5
790 806 16
790 834 21
790 838 1
790 855 1
791 794 10
791 796 9
791 855 23
791 856 19
791 860 19
791 873 18
791 883 5
792 795 24
792 799 22
792 844 20
792 847 25
792 848 4
792 866 3
792 897 2
793 817 24
793 828 12
793 859 24
793 895 2
794 808 15
794 809 12
794 814 2
794 832 12
794 878 1
794 896 21
795 820 2
795 825 18
795 834 25
795 843 17
795 865 15
795 881 3
795 893 20
796 812 24
796 827 13
796 850 19
796 876 17
796 888 6
797 811 11
797 855 23
797 856 5
797 879 10
797 884 18
797 898 6
798 810 15
798 836 20
798 852 7
798 879 14
799 812 8
799 817 7
799 882 17
799 887 24
799 891 21
800 806 19
800 828 13
800 848 21
800 858 14
800 884 14
800 894 15
801 804 16
801 823 8
801 865 4
801 869 20
801 883 2
801 891 4
802 814 7
802 819 20
802 820 22
802 865 15
802 874 6
802 893 19
803 809 19
803 894 15
804 816 13
804 846 24
804 866 4
804 872 10
804 894 7
805 870 19
805 877 19
805 895 14
805 896 13
806 810 18
806 863 9
806 900 6
807 811 5
807 829 6
807 849 21
807 867 20
807 882 22
807 901 11
808 822 2
808 824 2
808 844 7
808 845 3
808 878 5
808 898 14
808 900 25
809 819 3
809 823 3
809 831 5
809 832 21
809 854 23
809 860 21
809 887 11
810 832 23
810 854 1
810 858 20
810 861 4
811 821 22
811 833 15
811 885 17
812 822 9
812 828 7
812 856 2
813 860 16
813 890 13
814 822 9
814 827 11
814 838 10
815 844 5
815 855 24
815 858 11
815 879 6
815 881 5
816 877 16
817 837 12
817 839 20
817 847 15
817 856 14
817 876 24
817 882 21
817 888 12
818 819 21
818 820 18
818 868 22
819 863 18
819 892 20
819 896 18
820 845 22
820 846 16
821 850 7
821 869 15
821 878 1
822 827 16
824 836 19
824 838 16
824 845 5
824 858 2
824 876 4
825 839 14
825 854 9
825 863 4
825 888 2
826 880 16
827 860 10
827 867 17
827 884 5
827 895 5
828 898 8
828 901 18
829 854 3
829 870 3
829 879 6
830 835 24
830 836 20
830 854 4
830 861 18
830 879 16
830 887 21
830 897 14
831 835 7
831 836 5
831 856 6
831 888 7
831 891 22
832 851 24
832 855 25
832 882 3
832 897 2
832 900 3
833 881 17
834 854 12
834 856 6
835 841 20
835 843 3
835 848 15
835 853 11
836 837 9
836 839 21
836 849 20
836 850 1
836 887 24
836 896 22
837 842 9
837 849 24
837 859 18
837 861 12
837 863 16
838 847 8
838 849 10
838 891 7
838 893 16
839 858 14
839 864 12
839 875 25
839 896 12
840 873 12
840 880 24
840 896 14
840 898 13
841 853 3
841 880 7
841 882 25
842 847 10
842 856 1
842 877 4
843 871 1
844 854 13
844 861 12
844 870 22
844 874 7
845 856 14
846 857 22
846 879 5
846 881 22
847 852 22
847 857 24
847 882 9
848 886 14
849 858 9
849 881 20
850 851 22
850 858 1
850 868 8
850 876 8
851 856 25
851 879 21
851 890 19
851 896 25
852 859 9
852 866 9
852 886 4
853 858 18
853 874 8
853 880 13
854 867 18
854 890 13
854 894 16
856 885 8
856 892 24
856 899 12
857 888 16
857 893 12
858 867 10
859 901 23
861 864 11
861 870 8
861 875 23
862 868 21
862 892 21
862 898 6
864 876 15
866 873 20
866 884 9
866 888 24
867 883 2
867 901 8
868 887 19
868 892 23
868 893 10
868 897 4
868 899 6
871 874 13
871 882 21
871 894 15
873 879 1
873 886 16
875 879 2
875 882 16
876 886 23
878 886 2
879 887 4
879 888 15
880 884 13
881 896 15
884 899 12
887 892 25
887 896 24
887 898 10
889 899 20
890 893 21
894 895 17
902 601 93
903 901 25
902 903 22
