904 6735
11 99 8 92 99 74 11 45 83 26 50 60 75 24 50 38 51 6 93 43 94 71 66 74 78 53 82 3 22 55 97 84 53 4 75 4 29 37 48 11 15 50 22 89 25 23 78 28 28 70 22 74 93 88 47 70 92 80 72 13 34 21 48 39 24 75 42 53 11 41 15 77 42 37 66 67 59 95 94 39 65 67 12 9 54 10 78 46 90 1 10 75 21 58 13 45 84 54 49 94 47 63 71 88 51 88 54 62 82 99 100 98 66 63 6 71 24 35 68 13 36 30 88 8 39 100 4 22 6 52 15 52 67 37 91 17 24 45 78 58 95 29 55 12 91 13 35 15 47 2 79 82 31 18 42 69 70 45 90 75 97 57 78 63 93 68 31 69 64 9 26 11 89 32 22 80 44 8 46 91 10 76 24 92 94 65 61 15 10 2 89 58 58 18 72 3 85 2 71 49 62 48 11 51 79 84 82 23 92 27 13 1 54 88 44 99 53 4 13 14 58 53 71 67 70 94 69 7 95 91 7 57 38 17 7 69 100 88 91 43 66 55 43 71 94 87 70 46 42 34 11 51 39 81 18 8 74 38 66 21 29 72 77 18 40 35 86 40 74 28 82 91 34 77 61 28 15 82 25 8 68 36 59 6 68 76 65 94 13 31 14 93 2 42 63 42 76 100 33 1 59 10 54 47 92 48 75 56 45 18 66 92 56 1 74 98 17 82 46 3 41 33 89 45 84 12 18 3 26 43 28 36 4 81 83 96 80 9 3 24 27 68 68 82 21 41 31 89 74 28 91 66 13 79 10 96 42 28 50 19 22 77 55 25 9 89 72 41 97 26 64 75 94 31 8 66 23 90 54 96 70 96 62 82 26 23 77 67 2 79 38 75 55 44 100 16 84 23 56 32 49 71 7 94 54 66 59 76 8 64 24 77 59 37 58 84 59 86 2 13 64 91 87 71 34 38 38 69 13 93 1 13 15 59 6 68 24 16 44 31 31 19 7 89 55 16 72 65 54 25 29 69 16 16 39 1 5 28 70 17 72 70 81 87 28 38 54 3 53 49 86 35 67 44 23 73 60 46 38 65 71 66 33 86 33 24 38 90 51 7 58 23 28 39 9 7 76 62 62 81 11 47 15 29 90 38 2 1 35 91 65 5 8 98 42 93 73 80 82 23 38 39 45 18 77 5 24 5 19 85 85 81 31 99 9 73 88 62 73 75 52 90 31 60 87 73 52 11 4 85 33 93 23 30 10 52 86 34 56 4 70 92 84 53 90 45 25 30 6 49 56 10 38 86 69 76 10 72 86 13 56 71 58 30 100 67 81 37 52 36 41 74 27 76 26 69 20 2 50 78 84 87 53 95 35 14 50 48 19 42 43 14 52 98 56 73 91 54 45 84 38 93 24 25 62 64 74 69 23 42 41 90 45 45 36 31 58 85 30 28 26 73 41 30 70 49 2 61 54 99 96 91 91 71 67 52 34 41 72 57 34 12 98 31 56 86 13 13 22 43 40 100 15 33 29 36 81 82 96 86 80 91 76 22 13 95 25 99 87 96 7 72 7 56 54 14 41 67 26 15 9 18 66 23 2 94 10 34 27 6 19 59 48 94 80 13 40 5 11 26 100 17 50 59 72 3 72 65 69 50 79 77 19 44 51 20 89 61 53 67 18 23 25 17 68 57 29 8 13 39 85 64 7 34 22 79 37 46 43 57 47 21 86 17 16 36 36 4 48 40 22 17 62 99 86 29 55 14 88 19 5 73 82 11 58 56 89 46 1 83 3 99 55 88 15 70 75 2 25 75 93 47 91 6 45 76 86 51 42 74 69 46 98 50 8 55 57 97 1 57 31 55 7 86 42 21 7 68 74 32 42 66 30 33 71 26 60 9 76 1 82 96 46 31 97 54 85 54 2 37 62 32 91 69 69 84 41 76 52 15 59 93 32 88 77 55 65 37 63 40 37 96 87 35 26 83 40 62 36 41 99 98 24 41 18 45 77 58 72 28 24 30 72 8 69 1 62 33 37 76 24 25 36 87
0 19 28
0 32 16
0 46 41
0 47 13
0 53 44
0 68 3
0 80 40
0 121 8
0 153 35
0 188 17
0 204 18
0 215 2
0 239 2
0 267 26
0 287 7
0 292 19
1 21 3
1 34 21
1 67 12
1 71 17
1 72 3
1 103 25
1 115 10
1 150 5
1 152 18
1 167 22
1 185 48
1 227 45
1 235 23
1 271 32
2 30 45
2 33 50
2 78 47
2 86 37
2 95 15
2 103 41
2 117 40
2 161 6
2 169 50
2 182 24
2 186 22
2 188 19
2 194 27
2 238 23
2 264 44
2 272 33
2 280 44
2 299 48
3 6 5
3 8 5
3 22 15
3 47 8
3 64 32
3 77 26
3 118 14
3 127 49
3 145 49
3 213 13
3 227 44
3 241 21
3 258 44
3 272 40
3 284 23
4 6 42
4 33 27
4 57 37
4 62 34
4 69 16
4 72 42
4 79 36
4 90 41
4 93 14
4 106 4
4 118 17
4 137 38
4 159 50
4 163 49
4 175 31
4 199 47
4 215 5
4 245 38
4 255 13
5 6 14
5 15 19
5 27 40
5 77 27
5 110 19
5 135 40
5 137 39
5 180 14
5 198 11
5 230 34
5 241 4
5 269 35
6 35 26
6 88 32
6 107 23
6 118 11
6 126 47
6 143 16
6 157 46
6 205 37
6 214 31
6 227 50
6 271 5
6 288 19
7 16 49
7 69 5
7 77 1
7 92 45
7 105 9
7 112 38
7 124 10
7 129 23
7 156 8
7 173 49
7 233 1
7 254 29
7 257 39
7 299 42
8 12 42
8 46 1
8 57 25
8 116 47
8 121 35
8 188 2
8 189 28
8 208 9
8 251 13
8 259 26
8 268 24
8 292 8
9 47 14
9 51 5
9 106 7
9 108 18
9 163 23
9 164 7
9 181 22
9 202 25
9 204 4
9 224 33
9 228 13
9 259 13
9 267 7
9 277 22
9 283 11
9 289 7
10 14 50
10 29 1
10 36 48
10 70 42
10 75 1
10 94 25
10 114 40
10 117 37
10 189 28
10 210 18
10 211 45
10 216 40
10 219 45
10 230 21
10 236 50
10 286 9
10 292 25
11 17 6
11 84 26
11 131 49
11 150 15
11 155 50
11 157 23
11 165 18
11 167 32
11 185 35
11 191 30
11 229 38
11 251 9
11 267 42
11 280 46
12 72 8
12 94 43
12 111 46
12 118 49
12 129 45
12 132 22
12 149 41
12 156 32
12 160 49
12 225 8
12 252 28
13 29 39
13 84 2
13 89 48
13 95 38
13 110 12
13 171 24
13 174 45
13 187 40
13 191 22
13 196 11
13 209 39
13 211 45
13 213 28
13 234 22
13 253 31
13 265 7
13 267 11
13 278 39
13 290 49
14 15 6
14 159 49
14 189 43
14 191 3
14 200 49
14 202 37
14 228 24
14 231 39
14 240 20
14 246 23
14 290 46
15 45 50
15 71 13
15 73 50
15 76 49
15 119 2
15 147 13
15 153 23
15 160 48
15 209 2
15 232 46
15 236 9
15 250 42
15 261 40
15 265 36
16 39 15
16 56 23
16 60 45
16 65 25
16 67 13
16 88 43
16 96 33
16 115 11
16 132 37
16 196 35
16 241 10
16 273 25
17 26 9
17 56 50
17 129 45
17 138 31
17 166 48
17 182 46
17 192 43
17 227 47
17 241 44
17 242 46
17 252 9
17 268 18
18 22 43
18 36 13
18 56 14
18 60 1
18 68 4
18 73 5
18 78 37
18 99 21
18 113 29
18 207 31
18 210 45
18 217 42
18 223 25
18 233 27
18 281 4
18 298 11
19 22 14
19 24 15
19 31 37
19 78 22
19 79 15
19 83 31
19 84 4
19 95 12
19 129 26
19 141 48
19 155 10
19 173 22
19 183 43
19 218 20
19 220 39
19 253 35
20 40 32
20 47 4
20 63 36
20 65 38
20 91 9
20 97 24
20 119 8
20 133 37
20 139 6
20 145 4
20 179 30
20 206 30
20 237 33
20 247 34
20 270 42
21 68 46
21 77 50
21 108 28
21 112 19
21 140 16
21 158 11
21 166 24
21 179 27
21 181 38
21 186 21
21 191 38
21 209 9
21 257 15
22 38 8
22 75 50
22 79 1
22 114 41
22 138 5
22 149 38
22 251 30
22 287 13
23 39 11
23 55 39
23 120 2
23 133 16
23 202 43
23 214 33
23 230 47
23 233 27
23 265 18
23 282 38
23 295 22
24 63 18
24 73 18
24 84 42
24 172 33
24 183 30
24 190 15
24 195 12
24 206 17
24 209 37
24 211 49
24 227 28
24 233 1
24 254 8
24 271 29
24 276 3
25 64 49
25 98 33
25 175 41
25 210 28
25 211 48
25 217 3
25 258 19
25 268 1
26 72 19
26 95 11
26 99 33
26 101 17
26 107 37
26 112 1
26 152 7
26 167 10
26 171 18
26 191 24
26 234 3
26 242 2
26 246 3
26 270 17
27 35 13
27 55 21
27 74 5
27 88 14
27 118 48
27 163 5
27 200 21
27 206 26
27 217 9
27 231 19
27 266 11
27 289 49
28 50 49
28 114 8
28 121 2
28 171 17
28 178 8
28 206 22
28 221 29
28 252 42
28 279 38
28 283 17
29 34 42
29 38 46
29 47 26
29 53 11
29 62 19
29 69 30
29 82 13
29 140 23
29 146 46
29 162 27
29 197 44
29 234 50
29 248 40
29 257 43
29 263 6
29 271 11
29 288 21
29 291 14
30 37 31
30 52 31
30 106 15
30 115 31
30 143 40
30 152 18
30 162 47
30 198 49
30 216 39
30 221 25
30 253 40
30 260 28
30 280 41
30 286 32
31 57 24
31 70 18
31 84 44
31 90 44
31 112 47
31 232 6
31 239 19
31 266 44
31 267 35
31 275 14
31 290 45
32 44 26
32 65 6
32 117 50
32 121 36
32 144 28
32 156 16
32 158 19
32 199 10
32 202 30
32 206 49
32 211 49
32 227 47
32 234 48
32 236 47
32 288 37
32 289 22
33 56 39
33 61 16
33 66 15
33 126 20
33 134 39
33 145 34
33 162 13
33 185 35
33 234 33
33 255 21
33 260 3
33 288 28
34 35 7
34 42 16
34 52 23
34 58 32
34 110 23
34 113 24
34 122 20
34 123 1
34 139 39
34 152 38
34 167 12
34 198 20
34 201 38
34 226 11
34 263 18
35 43 35
35 137 9
35 138 6
35 154 9
35 185 47
35 208 22
35 240 25
35 259 18
36 62 12
36 66 8
36 98 33
36 106 46
36 290 42
36 293 5
37 78 50
37 128 20
37 192 11
37 203 17
37 205 42
37 212 42
37 247 40
37 251 17
37 253 11
37 259 42
37 262 8
38 80 50
38 82 3
38 85 29
38 141 38
38 297 15
39 54 47
39 55 22
39 85 24
39 158 4
39 188 32
39 220 22
39 226 25
39 227 6
39 287 40
39 289 39
40 139 14
40 151 24
40 158 34
40 191 7
40 205 28
40 209 36
40 217 26
40 230 38
40 280 2
40 290 19
41 52 31
41 71 41
41 88 38
41 109 42
41 124 34
41 156 45
41 164 41
41 181 39
41 195 23
41 209 30
41 212 3
41 220 21
41 255 2
41 264 28
42 56 25
42 61 35
42 62 50
42 85 1
42 96 41
42 103 41
42 115 39
42 154 6
42 173 16
42 183 25
42 229 12
42 246 43
42 249 10
42 250 40
42 262 32
42 292 11
43 72 10
43 131 12
43 138 4
43 149 47
43 154 5
43 157 39
43 172 41
43 231 46
43 234 27
43 237 16
43 238 25
43 246 30
43 269 36
43 272 28
44 68 7
44 77 12
44 156 15
44 179 8
44 192 15
44 212 5
44 238 50
44 265 3
44 273 10
44 294 15
45 70 29
45 83 23
45 99 7
45 106 38
45 117 12
45 124 38
45 147 1
45 151 22
45 174 2
45 186 4
45 191 18
45 197 6
45 209 42
45 214 11
45 242 3
45 266 21
45 295 28
46 64 30
46 156 50
46 180 13
46 194 9
46 195 8
46 233 27
46 254 23
46 255 16
46 260 41
46 289 27
46 290 15
46 293 45
47 82 36
47 93 32
47 126 24
47 173 11
47 199 38
47 216 13
47 224 22
47 225 28
47 239 13
47 262 45
47 269 29
48 63 18
48 70 15
48 85 36
48 88 10
48 91 25
48 103 39
48 112 30
48 136 2
48 155 18
48 158 31
48 181 16
48 189 26
48 249 40
48 254 44
48 258 49
48 262 5
48 264 34
48 283 27
48 292 22
49 71 31
49 95 13
49 105 3
49 140 4
49 153 23
49 172 42
49 180 16
49 203 46
49 214 21
49 233 29
49 237 41
49 246 49
49 255 48
49 273 5
50 70 37
50 73 9
50 83 31
50 89 25
50 95 40
50 115 34
50 139 44
50 168 20
50 182 49
50 226 19
51 72 10
51 119 43
51 144 19
51 165 16
51 179 28
51 191 46
51 198 39
51 232 8
51 253 10
51 276 43
51 283 13
52 54 34
52 62 35
52 103 29
52 128 29
52 138 5
52 184 9
52 210 21
52 217 6
52 228 6
52 234 27
52 250 44
52 258 15
52 265 7
52 282 18
52 288 4
52 291 40
53 59 13
53 101 26
53 123 41
53 134 31
53 142 37
53 149 33
53 157 2
53 160 2
53 163 12
53 191 47
53 203 43
53 207 22
53 259 8
53 277 35
53 294 34
54 106 41
54 112 21
54 122 14
54 129 21
54 139 28
54 140 22
54 141 44
54 163 33
54 191 30
54 262 20
54 284 26
55 56 46
55 59 27
55 61 45
55 82 1
55 85 18
55 93 7
55 160 28
55 193 8
55 197 39
55 214 14
55 257 42
55 278 42
55 285 18
55 295 4
56 74 38
56 77 10
56 79 25
56 91 47
56 96 46
56 109 8
56 120 39
56 145 17
56 203 22
56 209 10
56 217 44
56 241 45
56 249 5
56 284 28
56 285 26
56 287 24
56 292 3
57 65 21
57 68 2
57 80 49
57 98 22
57 114 20
57 119 7
57 124 1
57 133 27
57 140 45
57 176 15
57 209 19
57 242 37
57 267 32
57 270 22
58 60 26
58 65 43
58 82 48
58 87 25
58 109 38
58 127 7
58 155 13
58 162 4
58 189 28
58 191 24
58 192 49
58 196 25
58 226 28
58 232 26
58 265 50
58 274 2
58 277 30
58 288 23
59 85 5
59 89 28
59 147 46
59 183 24
59 213 34
59 223 46
59 264 1
59 279 31
59 282 10
60 72 21
60 108 19
60 142 43
60 173 44
60 197 46
60 206 35
60 217 41
60 224 20
60 232 23
60 266 47
60 282 33
60 285 28
60 295 27
61 87 6
61 92 29
61 130 3
61 174 36
61 178 4
61 179 2
61 180 39
61 184 34
61 186 24
61 213 43
61 224 13
61 244 19
61 282 17
61 291 49
62 74 15
62 77 19
62 90 31
62 102 26
62 116 41
62 174 49
62 192 19
62 201 34
62 217 44
62 223 5
62 227 26
62 263 16
63 79 29
63 81 22
63 112 48
63 147 7
63 170 50
63 188 5
63 242 35
63 244 2
63 257 40
63 258 40
63 262 6
63 277 30
64 128 23
64 153 29
64 223 23
64 224 38
64 251 50
64 257 41
64 259 36
64 291 16
64 295 11
64 297 16
65 66 43
65 70 1
65 73 16
65 152 11
65 249 36
66 96 11
66 126 16
66 161 11
66 163 26
66 179 44
66 181 32
66 188 25
66 189 2
66 246 34
66 278 32
67 82 38
67 164 37
67 169 23
67 185 28
67 210 42
67 226 3
67 227 2
67 242 23
67 259 25
67 277 41
67 285 24
67 286 17
67 292 26
67 296 39
68 69 27
68 109 43
68 135 31
68 166 29
68 202 10
68 234 44
68 240 14
68 253 23
68 290 11
69 147 24
69 160 48
69 239 4
69 258 7
69 271 25
69 286 8
69 295 42
69 299 6
70 85 47
70 107 29
70 116 30
70 118 24
70 123 20
70 128 32
70 144 28
70 149 44
70 172 8
70 189 18
70 210 17
70 214 24
70 223 46
70 224 7
70 237 2
70 239 40
70 245 40
70 248 32
70 261 2
70 263 33
70 277 45
70 293 24
71 90 43
71 93 20
71 124 23
71 132 48
71 137 29
71 153 47
71 186 7
71 188 22
71 193 4
71 196 4
71 201 50
71 230 34
71 234 29
71 243 22
71 258 17
71 262 8
71 267 15
71 294 25
71 297 28
72 119 34
72 127 50
72 161 23
72 183 40
72 234 4
72 258 14
72 273 29
72 288 35
72 293 15
72 296 13
73 100 32
73 133 40
73 141 7
73 165 3
73 173 13
73 206 5
73 213 31
73 255 11
73 281 13
74 79 3
74 83 15
74 136 16
74 150 4
74 159 50
74 184 47
74 208 25
74 281 18
75 80 4
75 115 42
75 116 42
75 144 31
75 187 25
75 191 44
75 210 5
75 227 16
75 239 47
75 264 21
75 270 47
75 283 33
75 285 35
76 84 9
76 107 14
76 130 25
76 132 16
76 134 17
76 155 39
76 172 22
76 194 49
76 209 49
76 251 34
76 264 3
76 265 13
77 97 2
77 99 7
77 122 14
77 137 48
77 179 33
77 195 32
77 286 1
77 288 26
78 84 25
78 101 34
78 125 2
78 140 20
78 151 38
78 154 18
78 161 16
78 181 8
78 196 16
78 212 1
78 241 45
78 247 24
78 259 14
78 263 21
78 286 41
78 297 32
79 93 9
79 104 12
79 113 33
79 176 7
79 224 48
79 281 35
79 283 22
80 81 49
80 132 43
80 133 37
80 137 46
80 167 26
80 200 18
80 208 48
80 255 3
80 282 45
81 83 31
81 85 5
81 90 14
81 100 21
81 111 24
81 129 32
81 145 30
81 168 39
81 178 32
81 190 26
81 208 14
81 222 47
81 224 46
81 264 5
81 265 31
81 292 6
82 119 18
82 141 13
82 147 13
82 153 15
82 157 47
82 172 36
82 182 13
82 194 40
82 197 22
82 208 10
82 214 17
82 216 42
82 219 8
82 222 19
82 229 38
82 236 38
82 242 25
82 246 1
82 247 10
82 276 48
83 93 34
83 153 40
83 197 36
83 198 15
83 220 15
83 226 50
83 227 14
83 250 13
83 256 6
83 286 44
84 121 18
84 141 23
84 156 6
84 169 32
84 171 38
84 223 4
84 228 19
84 237 50
84 250 45
84 256 43
84 257 10
84 277 11
84 286 34
85 90 19
85 172 32
85 192 21
85 215 8
85 238 6
85 249 23
85 269 18
85 277 6
85 290 7
86 165 9
86 170 41
86 185 23
86 188 25
86 198 42
86 214 36
86 267 39
87 106 47
87 107 31
87 153 9
87 190 20
87 225 38
87 229 40
88 117 9
88 161 42
88 164 11
88 173 10
88 183 36
88 194 3
88 258 21
88 278 49
89 117 38
89 136 39
89 162 32
89 192 8
89 278 47
89 280 39
90 105 32
90 123 16
90 136 44
90 147 38
90 154 26
90 162 37
90 165 13
90 203 50
90 268 28
90 284 50
91 101 39
91 115 25
91 120 31
91 164 47
91 168 46
91 185 18
91 291 38
91 293 4
92 114 11
92 131 48
92 188 15
92 191 49
92 222 2
92 250 36
92 276 49
92 298 39
93 107 24
93 124 30
93 204 48
93 243 22
93 283 18
93 294 30
94 120 37
94 133 14
94 148 19
94 165 12
94 173 50
94 175 31
94 195 14
94 201 27
94 281 31
94 287 4
95 117 3
95 138 11
95 149 2
95 167 50
95 192 30
95 215 39
95 231 3
95 271 43
96 119 39
96 157 18
96 174 41
96 184 42
96 186 5
96 194 41
96 206 31
96 212 28
96 232 20
97 100 28
97 127 2
97 134 39
97 157 9
97 176 40
97 190 2
97 194 28
97 195 2
97 197 1
97 198 8
97 206 17
97 226 30
97 242 38
97 249 20
97 264 32
97 275 50
98 99 21
98 112 32
98 157 32
98 166 11
98 205 36
98 207 24
98 210 1
99 162 5
99 186 16
99 187 43
99 221 9
99 257 6
99 258 23
99 262 39
99 263 27
100 181 2
100 202 40
100 203 15
100 218 11
100 222 29
100 229 19
100 246 38
100 248 32
100 252 19
100 266 45
100 272 48
101 104 48
101 167 35
101 200 19
101 217 32
101 238 34
101 239 41
101 281 13
101 284 15
101 292 4
101 293 50
101 295 40
101 299 4
102 231 5
102 256 5
102 261 46
102 267 13
102 272 12
102 289 20
103 105 3
103 112 38
103 127 24
103 135 42
103 173 5
103 177 34
103 221 23
103 222 23
103 245 23
103 248 4
103 253 43
103 257 19
103 278 4
104 105 43
104 144 3
104 163 24
104 182 24
104 191 39
104 209 15
104 222 38
104 235 3
104 256 18
104 263 37
104 268 45
104 285 21
104 286 41
105 121 49
105 172 19
105 185 6
105 190 13
105 224 40
105 227 8
105 234 50
105 254 13
106 112 2
106 116 6
106 171 48
106 186 24
106 187 30
106 217 20
106 237 27
106 242 23
106 296 39
107 137 32
107 148 17
107 160 43
107 162 6
107 175 40
107 182 31
107 235 20
107 238 29
107 239 36
107 284 39
107 287 15
107 292 30
108 205 9
108 212 8
108 220 30
108 223 29
108 241 15
108 277 42
108 282 19
108 284 22
109 119 44
109 132 33
109 151 23
109 225 49
109 231 31
109 250 46
109 266 31
109 269 2
109 276 25
109 277 3
110 165 42
110 226 6
110 233 21
110 237 35
110 245 11
110 271 12
110 274 15
110 276 32
110 293 40
111 123 2
111 130 20
111 133 6
111 149 31
111 157 31
111 168 15
111 176 11
111 204 11
111 244 29
111 297 4
112 134 31
112 135 1
112 136 49
112 144 14
112 186 25
112 196 50
112 204 46
112 212 23
112 218 30
112 237 47
113 125 49
113 181 34
113 201 39
113 218 4
113 228 4
113 273 25
113 287 17
113 294 15
114 120 39
114 123 48
114 153 4
114 163 43
114 226 20
114 232 11
114 247 23
114 256 50
114 277 26
114 279 35
114 287 12
115 121 4
115 147 41
115 148 43
115 172 6
115 194 39
115 244 6
115 283 33
116 124 38
116 130 1
116 142 5
116 146 19
116 158 49
116 178 3
116 194 2
116 232 39
116 237 8
116 250 5
116 255 13
117 118 26
117 119 21
117 124 4
117 134 26
117 143 24
117 153 46
117 160 45
117 180 37
117 200 20
117 210 46
117 218 12
117 227 7
117 233 7
118 121 17
118 143 47
118 144 49
118 238 23
118 263 37
118 285 6
118 289 7
119 153 25
119 161 8
119 164 11
119 166 45
119 171 7
119 172 15
119 194 47
119 198 45
119 219 24
119 221 3
119 229 8
119 238 50
119 255 24
119 268 13
119 293 25
120 153 49
120 192 8
120 205 19
120 214 35
120 222 27
120 223 16
120 250 48
120 269 33
120 271 22
120 293 15
121 123 29
121 125 23
121 130 39
121 148 18
121 167 28
121 184 45
121 198 44
121 211 38
121 214 7
121 216 38
121 217 46
121 223 21
121 244 34
121 250 40
121 257 44
121 294 39
122 128 49
122 158 43
122 162 12
122 165 11
122 179 19
122 198 10
122 212 20
122 216 37
122 242 47
122 292 47
123 124 2
123 145 44
123 165 31
123 173 26
123 185 10
123 194 12
123 229 50
123 231 48
123 239 29
123 252 29
123 267 42
123 280 22
124 125 16
124 135 48
124 160 9
124 215 11
124 221 20
124 277 45
124 285 3
125 127 16
125 164 33
125 215 3
125 296 8
126 127 46
126 134 16
126 149 29
126 178 7
126 183 35
126 205 15
126 227 3
126 231 33
126 287 19
126 289 49
127 142 14
127 194 46
127 220 8
127 277 27
128 131 45
128 138 6
128 151 5
128 171 23
128 172 49
128 177 28
128 204 39
128 205 47
128 206 38
128 210 1
128 232 18
128 260 32
128 278 3
129 139 33
129 153 16
129 162 8
129 165 43
129 177 11
129 183 23
129 192 21
129 223 18
129 226 9
129 228 37
129 242 20
129 244 42
129 248 5
129 251 20
129 259 7
130 138 50
130 139 28
130 159 33
130 165 46
130 192 35
130 209 39
130 213 19
130 242 33
130 244 18
130 263 9
130 271 31
130 273 5
130 274 9
131 132 1
131 144 37
131 148 14
131 165 33
131 184 2
131 211 21
131 212 25
131 229 15
131 240 43
131 249 47
131 268 32
131 277 1
132 136 34
132 137 3
132 149 44
132 157 38
132 171 23
132 193 2
132 237 40
132 270 2
132 280 36
133 143 35
133 185 38
133 199 26
133 231 5
133 240 22
134 146 43
134 147 13
134 153 5
134 194 48
134 200 24
134 221 5
134 255 36
134 270 37
135 138 37
135 158 39
135 162 9
135 175 14
135 193 3
135 202 3
135 225 10
135 272 34
135 274 5
135 277 43
135 298 39
136 176 49
136 210 33
136 215 11
136 226 50
136 227 24
136 244 14
136 248 38
136 267 8
137 143 1
137 191 13
137 255 15
137 281 22
138 149 6
138 219 29
138 231 26
138 258 3
138 272 2
138 281 30
138 293 38
139 149 40
139 167 19
139 178 28
139 197 48
139 223 32
139 235 31
139 266 50
140 177 43
140 188 16
140 204 5
140 206 38
140 213 4
140 217 5
140 229 20
140 240 16
140 261 6
140 277 43
140 295 29
141 171 43
141 198 2
141 207 29
141 214 6
141 236 18
141 270 1
141 284 13
142 171 47
142 185 26
142 220 15
142 225 48
142 234 8
142 240 4
142 265 40
142 273 26
143 148 31
143 168 39
143 188 9
143 192 13
143 193 39
143 209 3
143 235 29
143 236 45
143 242 40
143 259 32
143 280 1
143 286 11
144 159 48
144 185 8
144 227 5
144 237 26
144 242 1
144 253 9
144 292 7
145 159 8
145 169 26
145 191 7
145 192 20
145 213 22
145 227 34
145 249 36
145 254 22
145 267 43
145 272 41
145 292 11
145 295 20
145 296 23
145 298 1
146 158 30
146 222 38
146 227 41
146 257 33
147 154 16
147 167 35
147 186 24
147 252 47
147 263 37
147 265 37
147 289 46
148 149 45
148 259 41
149 154 24
149 164 47
149 190 1
149 204 30
149 220 6
149 230 27
149 232 38
149 235 27
149 259 50
149 281 23
150 152 14
150 184 23
150 185 16
150 188 6
150 202 35
150 261 35
150 267 28
150 279 36
150 289 15
151 159 15
151 166 26
151 175 49
151 218 32
151 224 13
151 235 22
151 252 31
151 269 49
152 154 8
152 206 26
152 237 45
152 240 1
152 245 49
152 252 43
152 272 1
153 187 30
153 208 48
153 222 29
153 225 17
153 250 24
153 270 31
154 169 40
154 193 37
154 201 3
154 213 7
154 246 44
154 271 38
154 277 43
154 291 22
155 199 23
155 203 9
155 205 38
155 206 50
155 212 7
155 219 20
155 255 12
155 278 31
155 297 2
156 195 13
156 203 40
156 272 27
156 278 7
157 158 42
157 163 28
157 168 50
157 181 43
157 192 7
157 194 47
157 207 23
157 215 24
157 267 23
157 280 3
157 287 15
158 165 11
158 166 8
158 170 23
158 176 5
158 194 47
158 203 15
159 178 28
159 195 21
159 199 26
159 205 17
159 227 20
159 235 34
159 244 38
160 161 32
160 173 14
160 184 39
160 191 44
160 198 6
160 221 16
160 246 50
160 265 47
161 172 43
161 174 1
161 177 41
161 184 1
161 213 50
161 270 14
162 166 26
162 172 22
162 184 18
162 213 42
162 272 34
163 181 27
163 199 14
163 205 38
163 225 23
163 235 31
163 243 17
163 249 43
163 254 8
164 197 34
164 198 13
164 238 41
164 257 21
164 279 46
165 176 7
165 184 10
165 191 39
165 220 12
165 224 27
165 258 40
165 267 10
166 189 21
166 217 41
166 266 1
167 177 21
167 191 42
167 192 16
167 196 49
167 215 13
167 283 35
167 289 40
167 296 48
168 175 12
168 183 6
168 194 36
168 220 34
168 294 36
169 233 4
169 237 29
169 247 43
169 265 37
170 188 41
170 198 35
170 211 10
170 271 38
170 289 41
170 298 19
171 172 26
171 177 4
171 225 47
171 234 17
171 265 14
172 176 17
172 218 9
172 246 14
172 248 39
172 256 50
172 275 31
172 298 37
173 187 14
173 204 15
173 209 29
173 213 12
173 214 28
173 218 34
173 237 49
173 244 14
173 250 19
173 294 2
174 183 42
174 185 13
174 201 41
174 211 34
174 238 47
174 244 50
174 272 21
174 285 38
175 182 20
175 184 48
175 211 41
175 237 16
175 245 14
175 253 6
175 255 32
175 287 23
175 293 19
176 186 22
176 197 24
176 211 1
176 213 9
176 222 38
176 238 16
176 263 37
176 264 1
177 185 45
177 224 22
177 232 49
177 285 8
177 291 40
178 182 2
178 204 49
178 228 4
178 245 42
179 185 32
179 189 2
179 231 43
179 234 4
179 253 39
179 269 12
179 289 1
180 208 32
180 210 27
180 258 17
180 278 39
180 280 10
180 285 41
180 298 8
181 184 32
181 198 14
181 221 10
181 227 42
182 195 3
182 221 27
182 244 30
182 256 3
182 286 22
182 287 1
183 242 3
183 246 29
183 268 42
184 217 7
184 219 28
184 228 47
184 252 50
184 276 11
184 289 48
185 189 43
185 234 17
185 235 39
185 237 4
185 238 17
185 250 20
185 253 31
185 254 35
185 255 8
185 285 40
185 297 25
186 211 17
186 214 23
186 275 39
187 206 29
187 213 14
187 245 41
187 257 5
187 258 45
187 259 46
187 263 26
187 279 45
187 296 50
188 197 5
188 214 38
188 234 6
188 243 34
188 258 34
188 263 6
188 277 46
188 285 32
189 205 48
189 210 12
189 211 20
189 266 3
189 282 31
189 290 41
189 296 33
190 232 15
190 250 50
190 266 25
190 285 42
191 235 19
191 248 47
191 293 30
191 297 47
192 200 13
192 225 22
192 234 1
192 266 9
193 195 19
193 201 29
193 206 6
193 245 19
193 251 33
193 264 43
193 280 24
194 203 18
194 213 29
194 238 31
194 241 15
194 254 10
194 288 30
195 214 27
195 261 31
195 279 33
195 298 9
196 205 23
196 236 17
196 249 25
196 260 24
196 295 41
196 296 16
197 233 42
197 244 40
197 256 47
197 272 40
197 296 4
198 208 19
198 218 43
198 225 12
198 235 37
198 249 21
199 206 17
199 211 7
199 214 5
199 221 12
200 209 33
200 212 24
200 227 40
200 257 13
200 296 38
201 213 1
201 228 45
201 230 16
201 246 33
201 257 27
201 261 26
201 275 5
201 298 45
202 220 1
202 249 28
202 260 36
202 282 18
202 289 22
203 218 27
203 234 17
203 261 11
203 297 30
204 247 37
205 215 5
205 229 41
205 253 23
205 268 25
205 279 10
205 295 32
206 221 31
206 224 21
206 230 14
206 238 4
206 242 10
207 246 26
207 250 44
207 265 12
207 269 22
207 271 9
209 237 44
209 269 48
210 226 35
210 250 48
210 265 45
210 273 37
211 213 27
211 231 30
211 240 6
211 255 48
211 284 8
211 294 22
211 298 11
212 215 37
212 239 8
212 245 15
212 247 29
212 255 33
212 270 42
212 284 40
213 237 14
213 241 24
213 252 10
213 254 27
213 265 30
213 276 21
213 292 4
214 222 23
214 230 32
214 231 26
214 258 33
214 272 25
215 235 25
215 243 19
215 274 24
215 293 19
216 219 7
216 239 1
216 268 50
216 273 13
216 274 50
216 294 7
218 237 36
218 242 12
218 265 45
218 275 46
218 288 29
218 298 26
220 247 30
220 249 20
220 264 15
221 238 45
221 249 45
221 257 25
221 263 23
221 286 24
222 249 47
222 258 28
222 277 46
222 278 29
222 284 3
222 286 31
222 298 5
223 245 30
223 260 49
223 263 31
223 287 50
224 227 6
224 239 33
224 257 2
225 235 20
225 250 32
225 259 10
225 263 7
225 275 46
225 288 5
225 294 4
225 298 24
226 229 30
226 242 33
226 254 45
226 258 46
226 260 29
226 269 39
226 274 20
226 283 1
227 252 13
227 253 19
227 268 29
227 289 10
228 256 49
228 268 33
228 279 40
228 285 3
229 256 14
230 255 39
231 232 35
231 233 14
231 245 46
231 249 17
231 280 17
231 298 15
232 235 1
232 246 26
233 279 21
234 248 46
234 253 30
234 268 25
235 236 19
235 243 11
235 274 9
235 285 13
236 258 7
236 276 38
237 240 1
237 282 28
237 285 38
238 247 13
238 269 46
238 274 18
239 249 25
239 288 46
239 289 1
240 261 14
240 264 49
240 271 14
241 247 4
241 260 35
241 268 29
242 262 49
242 295 2
243 247 45
243 255 13
243 282 2
243 290 23
243 296 36
244 255 47
247 250 4
247 254 12
247 257 17
247 283 15
248 262 22
248 270 29
248 289 23
248 296 9
251 256 29
251 276 50
251 292 49
252 291 44
252 297 48
253 277 18
253 279 20
254 280 43
254 284 18
254 296 33
255 270 43
256 268 34
256 298 37
257 280 28
258 262 14
258 290 37
259 262 31
259 264 9
259 273 2
259 283 32
259 293 33
260 266 37
260 293 30
262 286 36
262 287 50
263 276 46
263 279 50
263 283 21
263 290 26
264 281 24
264 299 30
265 272 4
265 274 26
266 280 30
268 286 49
268 293 23
269 293 47
270 291 20
271 286 17
271 296 17
274 297 3
275 279 12
275 294 50
278 279 41
280 299 41
281 282 15
283 293 29
284 287 21
285 298 25
285 299 30
288 291 4
289 296 7
293 294 18
294 296 35
300 339 2
300 399 5
300 401 12
300 439 15
300 448 17
300 464 5
300 561 17
300 563 2
300 569 3
301 312 5
301 320 16
301 357 8
301 366 25
301 399 23
301 431 12
301 434 1
301 447 17
301 453 20
301 459 12
301 484 20
301 485 7
301 561 4
301 573 18
301 574 9
301 578 5
302 365 20
302 381 4
302 399 1
302 433 23
302 439 5
302 445 3
302 459 25
302 502 11
302 510 14
302 551 16
302 567 2
302 571 20
302 593 9
303 307 3
303 313 22
303 322 13
303 363 21
303 367 6
303 381 14
303 384 18
303 439 20
303 449 16
303 482 11
303 483 14
303 484 5
303 522 6
303 542 20
303 556 8
303 564 25
304 305 5
304 308 14
304 333 22
304 337 10
304 350 15
304 368 19
304 376 14
304 392 19
304 395 20
304 424 1
304 430 8
304 466 12
304 470 3
304 478 2
304 545 21
304 572 7
304 580 24
304 593 10
305 336 2
305 373 6
305 394 24
305 421 22
305 441 25
305 465 16
305 470 9
305 471 13
305 500 22
305 507 16
305 529 8
305 553 7
305 568 16
305 578 12
305 596 20
306 354 14
306 380 22
306 391 11
306 415 7
306 426 12
306 455 5
306 494 4
306 517 13
306 524 12
306 560 15
307 315 17
307 336 15
307 368 10
307 375 25
307 379 15
307 383 22
307 384 4
307 413 21
307 443 20
307 458 2
307 540 20
307 581 12
308 310 10
308 326 8
308 330 9
308 331 1
308 347 17
308 395 15
308 421 18
308 457 5
308 459 11
308 466 6
308 479 3
308 485 22
308 517 14
308 529 15
308 546 3
308 571 17
308 584 4
308 598 16
309 313 9
309 353 22
309 392 5
309 406 20
309 426 23
309 447 22
309 455 16
309 499 1
309 515 17
309 535 12
309 537 4
309 594 11
310 348 24
310 350 14
310 355 20
310 381 7
310 392 16
310 395 13
310 397 23
310 402 10
310 424 18
310 428 8
310 443 15
310 485 20
310 490 6
310 498 5
310 512 11
310 524 8
310 543 24
310 545 16
310 549 23
310 550 7
310 552 12
310 590 5
311 325 1
311 341 10
311 370 1
311 403 17
311 420 12
311 427 19
311 463 3
311 464 16
311 474 6
311 483 3
311 518 4
311 555 1
311 557 11
311 562 21
311 567 13
312 314 8
312 328 5
312 332 7
312 339 18
312 346 21
312 370 2
312 395 23
312 407 2
312 433 14
312 441 8
312 449 25
312 454 5
312 488 7
312 490 8
312 491 16
312 525 11
312 547 11
312 552 2
312 555 13
312 575 4
312 580 14
313 335 6
313 361 8
313 365 4
313 372 12
313 391 11
313 392 9
313 398 14
313 420 21
313 482 4
313 514 3
313 586 6
314 315 10
314 344 10
314 365 23
314 376 7
314 418 13
314 441 22
314 448 8
314 469 1
314 491 4
314 509 10
314 522 7
314 570 11
314 597 17
315 364 23
315 365 23
315 374 2
315 376 1
315 386 13
315 431 5
315 444 14
315 447 18
315 451 15
315 465 17
315 483 6
315 491 25
315 512 2
315 531 21
315 539 22
315 542 7
315 543 1
315 554 2
315 567 16
315 592 12
316 319 1
316 322 24
316 390 24
316 398 23
316 453 7
316 456 1
316 480 1
316 498 16
316 537 8
316 584 13
316 593 9
317 331 7
317 357 11
317 376 11
317 437 7
317 464 23
317 515 17
317 537 21
317 540 17
317 560 6
317 562 14
317 571 25
318 327 7
318 355 18
318 378 22
318 394 4
318 401 24
318 419 22
318 425 5
318 446 17
318 448 8
318 462 6
318 466 15
318 475 8
318 519 5
318 542 21
318 561 11
318 567 5
318 577 13
319 334 20
319 484 20
319 487 22
319 492 1
319 494 5
319 517 9
319 537 9
319 538 4
319 551 2
319 569 6
319 584 22
319 594 8
320 340 20
320 416 21
320 430 16
320 447 12
320 451 18
320 469 19
320 478 12
320 481 16
320 504 24
320 508 3
320 512 1
320 526 6
320 533 20
320 571 8
320 573 10
320 595 17
321 322 20
321 335 16
321 408 5
321 416 14
321 462 10
321 478 1
321 510 14
321 543 16
321 561 11
322 328 25
322 354 19
322 364 12
322 371 5
322 382 16
322 393 19
322 456 24
322 468 13
322 469 10
322 510 12
322 538 7
322 541 5
322 565 1
322 587 23
323 325 5
323 328 5
323 337 25
323 351 10
323 352 24
323 363 9
323 434 21
323 445 16
323 449 4
323 504 14
323 520 20
323 524 17
323 534 25
323 539 22
323 542 8
323 563 16
323 569 7
323 577 7
323 598 11
324 347 18
324 353 11
324 365 3
324 372 14
324 395 12
324 409 16
324 414 25
324 420 25
324 422 24
324 438 4
324 447 2
324 451 23
324 473 11
324 498 7
324 525 22
324 553 22
325 342 5
325 360 6
325 416 18
325 422 20
325 429 9
325 457 8
325 463 16
325 469 2
325 499 7
325 515 14
325 516 11
325 533 24
325 542 22
325 544 17
325 563 12
325 564 15
325 576 5
325 598 14
326 332 5
326 338 18
326 344 6
326 358 6
326 368 19
326 378 7
326 392 11
326 399 21
326 409 4
326 411 21
326 430 2
326 438 1
326 442 18
326 474 6
326 486 8
326 505 12
326 570 3
326 582 18
327 335 19
327 356 20
327 370 19
327 380 2
327 391 9
327 400 5
327 408 3
327 415 5
327 442 23
327 443 14
327 504 21
327 548 4
327 590 4
327 595 2
328 332 23
328 333 12
328 372 7
328 408 17
328 418 18
328 422 18
328 434 12
328 439 21
328 469 13
328 489 13
328 494 23
328 501 7
328 566 20
328 587 5
328 589 18
328 596 24
329 351 22
329 355 13
329 370 19
329 375 18
329 379 17
329 388 4
329 411 24
329 422 19
329 479 10
329 483 21
329 505 9
329 511 6
329 532 2
329 590 12
329 593 9
329 596 24
330 331 23
330 340 16
330 366 15
330 409 17
330 426 10
330 450 3
330 525 13
330 530 24
330 563 15
330 571 12
331 358 6
331 363 12
331 397 17
331 449 25
331 504 12
331 567 15
331 574 13
331 578 7
331 586 9
332 430 6
332 432 10
332 513 7
332 531 24
332 545 22
333 375 3
333 379 9
333 463 2
333 466 6
333 512 22
333 520 10
333 537 4
333 555 22
333 562 2
334 373 21
334 374 13
334 380 11
334 426 23
334 437 2
334 511 10
334 522 15
334 532 14
334 546 17
334 584 1
335 389 7
335 395 16
335 434 12
335 440 21
335 458 5
335 475 21
335 476 5
335 494 10
335 501 5
335 514 13
335 527 10
335 581 1
336 456 17
336 463 20
336 476 4
336 480 22
336 482 17
336 522 16
336 531 3
336 556 13
336 566 19
336 584 23
337 354 25
337 356 5
337 360 20
337 386 4
337 438 16
337 476 9
337 490 17
337 582 9
338 339 11
338 356 23
338 360 24
338 363 25
338 373 20
338 401 6
338 431 20
338 459 1
338 467 17
338 492 1
338 495 14
338 498 2
338 502 4
338 503 5
338 514 21
338 533 7
339 394 2
339 404 14
339 422 24
339 432 4
339 439 1
339 452 18
339 487 3
339 497 3
339 509 24
339 513 22
339 515 6
339 528 16
339 531 8
339 543 24
339 572 24
339 586 18
339 589 23
339 595 24
340 353 17
340 355 17
340 361 4
340 378 13
340 385 20
340 419 21
340 443 14
340 485 8
340 540 24
340 561 17
340 577 14
341 358 21
341 398 25
341 407 17
341 419 10
341 426 1
341 439 22
341 484 12
341 492 20
341 504 24
341 520 16
341 552 20
341 557 23
341 576 23
341 580 10
341 588 5
341 593 21
342 346 10
342 366 22
342 423 18
342 446 8
342 468 16
342 472 12
342 479 14
342 564 3
343 344 6
343 345 11
343 355 18
343 365 15
343 377 9
343 388 9
343 405 5
343 420 4
343 429 11
343 453 22
343 455 15
343 460 11
343 521 20
343 527 4
343 548 5
343 560 19
344 389 19
344 477 24
344 546 18
344 556 17
345 359 10
345 390 22
345 421 14
345 441 19
345 520 20
345 548 7
345 554 3
345 559 12
345 562 20
345 577 16
345 578 17
346 374 2
346 404 1
346 468 9
346 500 16
346 514 11
346 554 20
346 566 20
347 385 17
347 399 5
347 433 18
347 526 8
347 528 17
347 529 13
347 534 11
347 537 21
347 541 8
347 563 5
347 577 21
348 417 25
348 427 21
348 432 5
348 458 23
348 510 11
348 512 25
348 558 17
348 560 17
348 589 2
349 365 4
349 368 13
349 391 20
349 415 22
349 419 14
349 445 22
349 471 5
349 547 6
349 572 8
349 582 24
350 356 3
350 357 1
350 363 5
350 368 20
350 387 8
350 413 21
350 416 9
350 425 19
350 439 18
350 444 16
350 457 25
350 466 15
350 486 17
350 497 20
350 536 21
350 565 14
350 570 7
350 584 20
350 594 8
351 379 24
351 385 24
351 418 13
351 425 13
351 438 20
351 453 9
351 461 2
351 548 16
351 550 13
351 551 7
351 585 25
351 592 14
352 374 9
352 376 2
352 392 20
352 422 6
352 457 10
352 467 16
352 503 14
352 506 5
352 527 10
352 544 7
352 558 4
352 578 25
352 580 25
352 593 25
353 387 20
353 396 14
353 404 6
353 410 17
353 442 21
353 446 6
353 496 15
353 526 10
353 540 19
353 571 11
353 573 18
353 587 20
354 360 1
354 411 7
354 444 3
354 463 3
354 468 22
354 556 14
354 582 4
355 366 17
355 382 21
355 385 13
355 439 9
355 472 11
355 475 17
355 514 18
355 535 17
355 549 22
355 550 19
355 557 19
355 559 21
355 571 16
355 580 7
355 581 2
355 597 7
356 446 4
356 452 7
356 454 23
356 463 13
356 477 2
356 480 8
356 485 7
356 505 23
356 508 8
356 549 13
356 590 1
356 599 12
357 361 10
357 373 16
357 374 16
357 377 3
357 384 11
357 404 5
357 405 11
357 435 21
357 437 24
357 456 5
357 472 15
357 489 20
357 552 24
357 559 10
357 580 16
357 597 14
358 368 16
358 374 19
358 433 20
358 435 21
358 436 25
358 462 19
358 468 10
358 559 2
358 568 1
358 595 16
358 597 1
359 367 10
359 407 3
359 415 1
359 422 22
359 460 14
359 465 18
359 488 14
359 516 16
359 520 5
359 524 18
359 570 1
359 590 3
360 387 16
360 415 8
360 428 17
360 492 11
360 530 6
360 540 1
360 578 3
360 592 21
360 598 18
361 372 21
361 375 17
361 394 15
361 440 22
361 534 10
361 544 24
361 563 25
361 595 12
362 373 14
362 422 1
362 424 21
362 441 18
362 445 3
362 448 19
362 485 9
362 511 21
362 512 7
362 563 24
362 566 25
362 578 2
362 585 2
362 586 2
363 373 17
363 376 9
363 392 20
363 405 4
363 422 16
363 425 22
363 431 6
363 434 11
363 441 16
363 447 1
363 448 2
363 450 7
363 461 25
363 571 13
364 368 5
364 388 24
364 443 24
364 448 20
364 449 24
364 517 21
364 522 15
364 535 2
364 572 17
364 575 23
364 584 24
365 393 23
365 395 23
365 412 25
365 425 1
365 427 24
365 441 4
365 470 20
365 473 7
365 494 23
365 523 23
365 526 24
365 534 22
365 571 6
365 584 9
365 595 14
366 367 8
366 372 12
366 435 21
366 438 7
366 504 24
366 512 2
366 551 6
366 553 24
366 560 22
366 584 4
366 589 20
366 599 13
367 391 7
367 395 11
367 437 10
367 438 5
367 449 10
367 496 7
367 555 5
367 586 11
367 590 8
367 591 8
368 416 5
368 457 14
368 466 7
368 467 4
368 498 15
368 513 5
368 551 9
368 557 23
368 566 19
368 567 17
368 579 12
368 591 16
369 372 23
369 404 10
369 418 17
369 430 5
369 444 9
369 453 15
369 456 11
369 494 5
369 519 2
369 521 17
369 540 15
369 549 11
369 560 22
369 563 1
369 566 20
369 585 3
370 380 11
370 403 2
370 423 12
370 440 17
370 459 17
370 471 18
370 475 21
370 484 6
370 488 25
370 499 6
370 545 6
370 550 20
370 553 24
370 557 17
370 559 10
370 571 24
370 583 3
370 596 3
371 425 3
371 444 11
371 458 18
371 485 13
371 489 17
371 522 19
371 526 7
371 547 6
371 565 7
371 577 5
372 374 7
372 387 3
372 391 7
372 392 19
372 418 6
372 432 20
372 449 13
372 458 22
372 467 12
372 473 10
372 505 5
372 506 13
372 508 15
372 530 10
372 584 7
372 588 14
373 376 3
373 407 16
373 443 14
373 444 5
373 445 21
373 501 16
373 527 18
373 531 13
373 560 6
373 561 9
373 566 8
373 579 12
373 599 17
374 389 16
374 400 16
374 444 23
374 509 18
374 510 24
374 542 18
374 596 23
375 376 18
375 383 7
375 416 22
375 421 6
375 443 16
375 449 1
375 478 19
375 514 8
375 552 12
375 559 2
375 563 23
375 569 14
375 582 20
376 388 11
376 449 20
376 508 15
376 511 1
376 545 12
376 569 2
376 593 8
377 386 21
377 428 11
377 432 21
377 484 12
377 514 2
377 548 13
377 551 11
377 559 19
378 404 13
378 488 5
378 498 19
378 507 5
378 523 12
378 534 17
378 537 13
378 539 2
378 542 17
378 574 8
379 386 9
379 396 5
379 405 11
379 413 6
379 465 20
379 470 5
379 481 18
379 483 14
379 500 19
379 503 21
379 562 3
379 565 22
379 579 3
380 393 23
380 395 8
380 426 24
380 500 11
380 544 9
380 546 13
380 582 21
380 584 4
381 402 1
381 427 2
381 432 24
381 435 7
381 436 13
381 451 15
381 475 19
381 490 17
381 499 8
381 517 3
381 530 2
381 553 12
382 393 14
382 398 10
382 431 8
382 458 20
382 477 2
382 498 24
382 505 14
382 556 22
382 558 1
383 386 10
383 396 2
383 428 23
383 430 19
383 516 2
383 517 10
383 537 4
383 541 14
383 543 7
383 562 8
383 581 14
383 597 8
384 391 6
384 413 21
384 420 23
384 427 23
384 441 16
384 442 14
384 505 5
384 527 21
384 561 17
384 568 17
385 393 11
385 409 1
385 428 1
385 434 5
385 440 5
385 451 24
385 466 18
385 493 3
385 519 24
385 527 5
385 528 4
385 531 23
385 546 23
385 575 5
385 599 7
386 436 2
386 437 19
386 450 13
386 461 11
386 494 9
386 546 23
386 551 18
386 553 4
386 570 20
386 584 15
386 587 22
387 393 10
387 404 20
387 411 17
387 419 1
387 422 13
387 426 2
387 468 4
387 534 13
387 549 6
387 552 8
387 555 14
387 569 1
387 573 10
387 587 12
388 407 5
388 415 16
388 443 12
388 450 4
388 467 20
388 477 20
388 487 7
388 488 15
388 493 10
388 496 17
388 530 24
388 563 7
389 391 12
389 394 4
389 412 1
389 414 1
389 430 25
389 448 10
389 482 20
389 487 16
389 523 12
389 549 9
389 584 19
389 588 17
390 391 24
390 412 25
390 418 24
390 422 12
390 435 2
390 470 11
390 493 25
390 510 6
390 519 3
390 530 13
390 533 11
390 536 22
390 542 8
390 597 18
391 405 14
391 408 17
391 415 11
391 418 12
391 452 23
391 455 22
391 456 15
391 470 25
391 490 23
391 550 15
391 553 11
391 571 19
391 584 7
391 587 24
392 402 5
392 406 3
392 416 16
392 424 3
392 462 4
392 470 16
392 472 16
392 503 5
392 509 1
392 511 15
392 517 12
392 531 3
392 585 5
392 595 22
393 418 2
393 421 12
393 460 14
393 465 15
393 487 5
393 541 25
393 566 3
393 580 2
393 584 23
394 411 19
394 416 3
394 432 20
394 470 8
394 474 15
394 482 16
394 489 17
394 572 13
395 421 20
395 427 21
395 440 3
395 510 22
395 520 24
395 534 19
395 568 14
395 573 3
395 579 21
395 583 5
396 398 14
396 424 1
396 429 9
396 457 12
396 485 4
396 487 20
396 528 1
396 536 20
396 588 24
397 423 2
397 435 22
397 484 2
397 532 24
397 537 15
398 410 6
398 425 21
398 426 25
398 484 20
398 587 11
398 595 18
399 433 8
399 444 7
399 455 13
399 473 12
399 510 5
399 522 11
399 595 5
399 597 18
399 598 15
400 401 3
400 416 22
400 417 5
400 422 3
400 497 6
400 540 16
400 551 6
400 556 2
400 557 16
401 412 25
401 416 3
401 423 19
401 425 23
401 426 6
401 430 20
401 455 12
401 467 14
401 475 15
401 522 13
401 596 8
402 416 2
402 438 5
402 482 17
402 525 8
402 542 17
402 545 4
402 546 12
402 562 4
402 568 10
402 570 6
402 571 18
402 584 12
403 421 2
403 428 22
403 447 14
403 471 9
403 477 13
403 480 21
403 488 13
403 495 5
403 499 22
403 514 17
403 517 1
403 518 19
403 534 24
403 535 20
403 539 6
403 588 12
404 405 9
404 406 18
404 425 22
404 445 12
404 457 23
404 458 13
404 471 19
404 484 16
404 498 18
404 499 7
404 512 20
404 533 3
404 555 12
404 584 14
405 473 14
405 477 15
405 498 13
405 502 5
405 504 1
405 512 25
405 523 2
405 541 15
405 566 6
405 595 24
405 596 6
406 416 6
406 432 17
406 445 6
406 490 25
406 501 24
406 523 18
406 549 10
406 558 17
406 578 14
406 593 21
407 425 16
407 453 1
407 478 16
407 485 8
407 503 19
407 586 24
407 587 4
408 422 23
408 437 12
408 445 18
408 524 13
408 537 2
408 578 5
409 412 19
409 424 4
409 429 6
409 475 21
409 488 18
409 489 13
409 501 21
409 512 25
409 562 19
409 580 12
409 594 5
410 432 20
410 497 11
410 500 22
410 505 7
410 512 4
410 523 12
410 559 4
410 597 19
411 422 15
411 444 22
411 466 3
411 469 10
411 491 20
411 508 7
411 511 7
411 560 7
411 591 1
412 416 19
412 433 10
412 449 7
412 479 15
412 496 13
412 500 12
412 502 10
412 532 7
412 540 1
413 434 5
413 452 6
413 474 21
413 485 18
413 490 10
413 523 16
413 542 3
413 550 9
413 559 24
413 561 8
413 571 20
413 584 2
414 426 3
414 437 9
414 480 25
414 539 6
414 563 18
414 571 20
415 422 12
415 425 1
415 429 3
415 453 12
415 469 20
415 477 14
415 494 18
415 513 9
415 526 3
415 556 6
415 577 20
415 587 9
415 597 6
416 457 1
416 481 14
416 485 4
416 494 18
416 522 25
416 559 19
416 560 23
417 420 8
417 423 19
417 474 5
417 500 5
417 502 22
417 528 8
417 537 13
417 585 22
418 432 15
418 436 8
418 498 18
418 513 3
418 514 8
418 519 22
418 539 16
418 545 4
418 554 10
418 561 10
418 575 12
418 590 14
419 454 15
419 463 8
419 512 22
419 534 22
419 540 8
419 552 12
419 575 25
419 584 3
419 589 13
419 596 20
420 432 25
420 437 21
420 440 15
420 450 6
420 486 25
420 508 12
420 510 15
420 516 14
420 523 8
420 531 4
420 539 21
421 428 2
421 445 6
421 447 6
421 458 23
421 523 21
421 555 9
421 558 9
421 576 5
421 587 23
421 589 22
422 433 21
422 441 5
422 446 20
422 452 20
422 466 15
422 518 8
422 535 21
422 547 17
422 563 20
422 574 18
422 577 18
422 586 17
422 598 7
423 443 23
423 491 18
423 544 20
423 564 13
423 580 7
424 453 4
424 460 18
424 486 4
424 489 5
424 496 1
424 529 9
424 532 4
424 544 23
424 568 20
424 571 14
424 577 3
424 582 17
425 484 12
425 522 25
425 541 23
425 559 6
425 564 21
425 569 12
425 570 15
425 577 19
425 588 5
426 455 10
426 461 13
426 484 22
426 496 1
426 524 21
426 536 22
426 542 19
426 548 16
426 593 9
427 453 2
427 483 19
427 513 3
427 516 5
427 541 1
427 577 3
427 580 16
428 441 4
428 471 1
428 514 10
428 529 18
428 530 5
428 566 1
429 447 4
429 457 6
429 466 23
429 506 12
429 535 4
429 546 12
429 575 1
429 595 22
430 442 16
430 461 12
430 465 9
430 474 13
430 528 13
430 551 4
430 594 9
431 433 8
431 469 21
431 497 19
431 504 9
431 543 15
431 574 23
431 580 15
432 452 17
432 454 1
432 461 7
432 470 20
432 509 3
432 511 16
432 538 14
432 554 7
432 557 18
432 560 20
432 570 14
432 580 18
432 587 8
432 592 17
432 593 4
433 450 10
433 471 15
433 485 19
433 504 22
433 530 23
433 545 8
433 546 11
433 555 4
433 575 18
433 578 20
433 583 1
434 450 13
434 459 3
434 464 15
434 491 11
434 580 19
434 597 8
435 461 13
435 479 1
435 483 3
435 488 15
435 514 18
435 525 18
435 559 23
436 462 11
436 488 14
436 503 11
436 506 3
436 536 21
436 540 5
436 551 8
437 439 8
437 470 19
437 480 1
437 484 4
437 487 19
437 489 11
437 513 14
437 531 22
437 544 5
437 570 10
437 584 24
438 440 18
438 442 12
438 519 14
438 521 5
438 527 7
438 546 23
438 547 17
438 558 7
438 588 25
439 465 8
439 469 2
439 480 20
439 491 7
439 511 12
439 516 8
439 535 19
440 463 16
440 482 6
440 488 23
440 495 23
440 503 13
440 553 17
440 570 25
440 572 18
440 583 10
441 509 10
441 511 8
441 528 8
441 529 15
441 541 17
441 561 6
441 572 9
441 586 3
441 594 21
442 450 13
442 464 11
442 474 19
442 486 6
442 490 20
442 492 20
442 507 13
442 545 21
442 573 14
442 590 21
443 451 7
443 466 24
443 477 14
443 479 24
443 492 6
443 494 12
443 509 21
443 514 18
443 524 3
443 551 20
443 553 12
443 578 14
443 581 5
444 447 19
444 450 23
444 473 21
444 506 10
444 516 3
444 527 4
444 532 14
444 574 1
444 578 16
445 471 24
445 480 19
445 484 21
445 536 18
445 553 15
445 559 10
445 588 15
446 462 6
446 482 5
446 526 23
446 531 6
446 554 18
446 555 21
446 578 11
446 594 6
447 466 16
447 478 5
447 488 8
447 530 11
447 582 16
447 589 23
448 484 17
448 517 9
448 523 20
448 531 12
448 537 20
448 541 25
449 467 15
449 468 8
449 486 25
449 514 7
449 525 6
449 549 20
449 592 4
449 595 1
450 464 9
450 479 15
450 512 17
450 524 16
450 540 21
450 597 15
451 477 21
451 530 15
451 538 10
451 548 8
451 575 21
451 586 1
451 590 12
452 515 5
452 518 11
452 534 4
452 559 3
452 598 2
453 519 12
453 524 22
453 553 15
453 570 6
453 579 21
453 583 6
453 592 15
454 504 22
454 516 12
454 530 23
454 572 16
454 589 17
455 479 25
455 482 2
455 497 8
455 506 16
455 517 17
455 523 3
455 534 5
455 572 15
456 462 17
456 464 15
456 484 22
456 499 12
456 504 15
456 513 9
456 530 17
456 533 2
456 537 12
456 541 19
456 550 5
456 551 1
456 552 17
456 554 19
456 561 8
456 562 15
456 567 1
457 473 23
457 474 11
457 476 14
457 501 22
457 507 4
457 514 5
457 515 21
457 529 5
457 546 12
457 563 11
457 575 23
457 581 16
457 592 16
458 459 12
458 462 7
458 477 7
458 479 9
458 486 19
458 501 21
459 472 19
459 534 12
459 540 24
459 553 5
459 596 7
460 462 3
460 467 7
460 509 25
460 527 23
460 563 15
460 575 14
460 587 23
460 590 14
461 502 2
461 527 11
461 555 10
461 562 7
461 577 17
462 495 7
462 503 13
462 542 5
462 560 17
462 577 10
462 598 20
463 467 9
463 482 24
463 483 1
463 493 15
463 553 7
463 585 21
464 472 12
464 491 25
464 503 7
464 504 10
464 531 6
464 549 15
464 561 14
464 581 15
465 473 15
465 494 11
465 514 4
465 517 5
465 523 10
465 531 19
465 554 6
465 563 20
465 575 5
466 501 12
466 510 13
466 555 11
466 588 1
467 471 17
467 481 4
467 492 11
467 499 11
467 500 13
467 514 11
467 524 14
467 561 4
467 596 17
468 507 11
468 541 16
468 570 18
468 597 20
469 507 2
469 529 25
469 549 9
469 563 16
470 481 14
470 496 23
470 502 3
470 504 19
470 510 3
470 536 13
470 542 14
470 547 10
470 570 9
470 580 18
471 472 24
471 485 22
471 494 5
471 511 24
471 547 15
471 562 9
471 585 11
472 510 1
472 512 23
472 537 21
472 548 16
472 582 3
473 478 14
473 483 1
473 505 20
473 584 8
473 586 20
473 593 22
474 482 8
474 490 6
474 517 14
474 533 23
474 552 5
475 485 16
475 511 19
475 519 9
475 534 3
475 580 7
475 597 19
476 480 14
476 488 2
476 499 19
476 517 10
476 536 6
476 539 19
476 557 24
477 484 16
477 532 5
478 513 1
478 518 13
478 549 2
478 552 16
478 571 18
478 585 16
479 525 19
479 530 12
479 586 25
479 590 15
480 490 8
480 499 9
480 527 20
480 532 21
480 535 7
480 586 25
480 588 14
480 597 25
481 488 8
481 527 16
481 537 6
481 549 3
481 561 6
481 581 9
482 508 23
482 524 15
482 535 15
482 571 17
482 577 16
482 586 5
483 513 23
483 523 16
483 540 20
483 552 24
483 575 9
483 585 12
483 598 16
484 525 4
484 537 25
484 599 16
485 497 18
485 526 8
486 505 24
486 521 15
486 526 5
486 563 7
486 575 16
487 506 18
487 516 8
487 531 23
487 539 11
487 546 16
487 559 3
487 567 16
487 586 24
487 587 25
488 507 8
488 521 13
488 530 16
489 503 23
489 532 20
489 539 15
489 545 15
489 551 16
489 595 14
489 596 25
490 495 4
490 507 6
490 521 5
490 546 3
491 499 23
491 501 25
491 519 12
491 563 22
491 575 14
491 577 17
491 587 5
492 493 4
492 535 11
492 539 13
492 548 3
492 556 23
492 570 3
493 497 5
493 515 14
493 525 1
493 548 7
493 556 23
493 594 16
494 507 24
494 529 22
494 531 12
494 535 14
494 573 13
494 577 2
495 599 4
496 502 15
496 508 5
496 518 9
496 521 19
496 524 9
496 527 7
496 546 18
496 555 21
496 565 5
496 578 6
496 591 14
497 518 9
497 544 11
497 554 24
497 563 23
497 571 14
497 583 22
497 586 2
498 506 20
498 515 12
498 548 3
498 572 3
498 576 9
498 586 20
499 502 2
499 513 5
499 518 6
499 524 17
500 536 19
500 538 7
501 521 22
501 527 8
501 553 13
501 560 5
501 590 2
502 570 21
503 511 13
503 514 19
503 539 18
503 542 17
503 562 2
503 571 6
503 581 3
503 588 12
504 511 5
504 514 2
504 554 2
504 579 3
505 544 4
505 566 24
505 588 14
506 516 8
506 518 1
506 528 22
506 529 4
506 531 4
506 543 3
506 590 9
507 528 22
507 530 21
507 542 17
507 548 18
508 537 4
508 543 6
508 589 23
509 510 7
509 560 3
509 562 10
509 564 2
509 565 21
509 573 4
509 576 3
510 522 1
510 523 8
510 535 17
510 536 7
510 538 11
510 543 20
510 550 9
510 559 14
511 512 18
511 536 22
511 537 23
511 550 21
511 590 20
512 516 1
512 533 24
512 584 22
512 589 9
512 593 21
513 559 20
513 570 2
513 598 13
514 552 25
514 572 7
515 522 12
515 563 6
515 572 10
515 590 24
516 519 7
516 547 5
516 579 4
516 596 12
517 520 7
517 578 11
517 582 5
517 586 14
517 599 21
518 582 24
519 557 22
520 544 12
520 548 19
520 564 19
520 571 9
520 584 14
521 523 15
521 553 10
521 571 12
521 582 12
521 583 20
521 593 9
521 596 8
522 598 22
523 546 24
523 568 7
523 571 3
523 577 10
523 599 14
524 579 14
524 590 10
525 531 20
525 549 18
525 572 13
525 573 8
525 585 25
525 591 25
525 593 12
526 558 15
526 585 23
527 554 13
527 555 11
527 569 9
527 586 6
528 536 6
528 541 19
528 542 19
528 550 21
528 593 5
529 558 7
529 565 9
529 593 25
530 594 16
531 548 16
531 569 23
531 572 16
531 589 24
531 591 2
532 544 25
532 549 12
532 595 16
533 536 10
533 565 8
534 541 10
534 549 22
534 568 18
535 552 11
535 553 24
535 555 4
535 568 25
535 572 21
536 597 16
536 598 11
537 559 4
537 580 21
537 587 16
538 575 24
538 584 16
538 586 13
538 588 4
538 589 23
539 570 21
539 597 3
540 553 15
540 564 11
540 566 25
540 573 5
540 583 11
540 598 1
541 543 6
541 554 22
541 573 18
541 591 17
542 575 7
542 583 3
544 570 16
545 551 24
545 591 13
545 599 14
546 587 4
546 599 15
547 563 9
547 585 22
548 565 2
548 585 14
549 551 19
550 575 17
550 579 12
550 587 10
550 591 7
551 588 15
551 589 9
551 592 2
552 574 17
552 584 25
552 587 15
552 588 18
553 595 4
554 577 25
555 562 21
558 562 11
558 575 24
558 595 13
559 586 3
560 561 5
560 563 17
560 565 18
560 596 5
561 578 7
562 567 6
562 589 8
563 573 21
563 584 16
564 595 6
565 575 22
566 583 4
569 588 25
570 591 15
571 583 17
571 592 11
572 580 21
572 585 7
573 579 19
573 587 23
574 592 25
574 597 18
575 581 14
575 589 20
576 598 23
581 594 13
582 585 15
582 595 8
583 591 11
585 595 4
589 595 12
593 598 17
594 596 21
600 299 28
601 599 16
600 601 44
602 695 1
602 718 10
602 754 9
602 755 8
602 773 4
602 791 10
602 799 9
602 874 10
602 875 2
602 896 7
603 606 9
603 628 6
603 650 10
603 651 6
603 675 2
603 704 6
603 716 5
603 749 3
603 750 5
603 795 1
603 802 2
603 822 6
603 826 8
603 831 2
603 855 6
603 885 1
604 627 4
604 651 4
604 655 6
604 683 9
604 696 9
604 708 8
604 714 10
604 732 9
604 735 5
604 746 3
604 750 9
604 773 3
604 787 4
604 792 10
604 849 2
604 864 2
604 880 7
604 892 1
605 607 9
605 640 8
605 665 6
605 696 6
605 707 10
605 708 2
605 722 6
605 735 3
605 753 7
605 756 5
605 777 6
605 779 5
605 805 7
605 817 1
605 835 8
605 844 4
605 894 9
605 897 6
606 618 1
606 620 10
606 701 7
606 710 7
606 722 3
606 734 5
606 758 1
606 767 8
606 782 6
606 784 2
606 825 2
606 840 3
606 844 4
606 846 10
606 851 2
606 854 1
606 860 7
606 884 4
606 896 2
607 699 4
607 718 8
607 729 9
607 749 10
607 810 4
607 826 5
607 854 6
608 623 4
608 640 2
608 665 9
608 667 3
608 672 10
608 673 1
608 685 4
608 687 6
608 716 7
608 725 8
608 726 2
608 756 8
608 775 6
608 832 7
608 881 1
609 655 7
609 676 1
609 680 5
609 684 8
609 708 3
609 717 5
609 728 5
609 729 8
609 731 7
609 763 8
609 772 5
609 774 7
609 790 10
609 817 8
609 834 1
609 846 5
609 856 2
609 870 4
609 881 6
609 887 6
609 889 5
609 895 6
609 896 9
609 899 10
609 900 5
610 619 7
610 623 3
610 631 4
610 716 4
610 730 2
610 753 4
610 812 10
610 813 2
610 816 8
610 828 7
610 860 6
610 895 5
610 899 3
611 617 3
611 631 3
611 636 3
611 642 10
611 651 9
611 653 2
611 680 7
611 686 1
611 714 6
611 719 10
611 720 6
611 726 3
611 755 7
611 786 1
611 792 9
611 795 6
611 805 10
611 809 3
611 825 4
611 855 5
611 858 6
611 871 9
611 878 6
612 636 1
612 638 8
612 645 9
612 648 1
612 658 6
612 660 7
612 661 5
612 689 1
612 705 1
612 707 7
612 708 3
612 724 10
612 733 7
612 744 6
612 771 9
612 778 7
612 787 3
612 795 8
612 798 4
612 858 6
612 859 5
613 617 4
613 619 4
613 632 2
613 647 6
613 690 8
613 714 7
613 736 10
613 747 5
613 748 5
613 754 7
613 761 7
613 783 4
613 811 7
613 822 7
613 844 1
613 845 3
613 850 1
613 851 1
613 869 4
614 615 7
614 643 5
614 653 5
614 688 5
614 689 10
614 753 3
614 755 3
614 775 3
614 796 1
614 838 7
614 841 10
614 865 7
614 885 10
614 901 5
615 639 10
615 651 5
615 667 2
615 683 6
615 734 6
615 773 8
615 807 2
615 851 2
615 860 4
615 885 5
615 889 9
615 898 1
616 620 5
616 643 1
616 644 3
616 667 8
616 698 6
616 773 10
616 814 2
616 830 1
616 838 6
616 886 4
617 660 3
617 735 9
617 750 8
617 757 5
617 758 5
617 786 7
617 796 1
617 803 6
617 810 1
617 811 10
617 818 1
617 845 4
617 849 7
617 874 6
617 879 1
617 894 8
618 620 10
618 624 6
618 688 4
618 702 8
618 723 6
618 742 9
618 743 10
618 797 9
618 812 8
618 822 6
618 853 10
618 893 9
619 638 8
619 643 7
619 648 4
619 652 10
619 676 5
619 711 1
619 746 7
619 759 1
619 760 7
619 766 9
619 780 7
619 791 7
619 793 9
619 807 7
619 855 10
619 862 7
619 866 4
619 870 2
620 645 5
620 654 3
620 657 8
620 730 8
620 743 2
620 771 5
620 779 8
620 800 2
620 811 5
620 840 5
620 888 9
620 890 6
621 642 6
621 648 8
621 682 3
621 707 1
621 728 9
621 729 9
621 768 2
621 777 5
621 813 10
621 826 8
621 839 4
621 852 6
621 875 7
622 624 4
622 629 4
622 642 8
622 648 10
622 658 9
622 713 10
622 721 4
622 746 4
622 751 9
622 803 4
622 808 5
622 814 5
622 861 3
622 870 8
622 885 10
622 888 10
622 899 8
623 661 7
623 678 5
623 704 5
623 706 9
623 744 7
623 754 4
623 761 8
623 791 8
623 794 8
623 798 9
623 810 8
623 854 3
623 862 6
623 866 4
623 879 6
624 628 1
624 630 3
624 655 6
624 672 9
624 705 2
624 720 1
624 724 2
624 738 2
624 743 4
624 759 9
624 761 7
624 878 9
625 687 6
625 691 8
625 697 8
625 740 4
625 752 4
625 770 4
625 772 10
625 784 5
625 858 10
625 868 3
625 870 2
625 886 8
625 893 3
625 894 2
625 900 5
626 630 5
626 651 7
626 690 10
626 704 3
626 722 7
626 735 2
626 762 8
626 823 5
626 846 6
626 850 10
627 653 9
627 658 9
627 673 6
627 748 7
627 807 7
627 813 4
627 824 4
627 826 4
627 829 1
627 853 9
628 667 8
628 701 4
628 721 9
628 741 2
628 753 3
628 780 3
628 782 5
628 790 2
628 823 5
628 852 6
628 887 8
628 895 2
629 643 4
629 649 9
629 659 4
629 669 10
629 679 3
629 702 3
629 706 6
629 711 10
629 726 2
629 764 4
629 773 8
629 783 7
629 790 2
629 799 5
629 801 2
629 816 8
629 821 8
629 835 2
629 836 6
629 854 7
629 874 7
629 877 6
629 888 10
629 896 2
630 642 9
630 669 6
630 670 3
630 671 5
630 698 3
630 709 3
630 710 6
630 803 6
630 818 1
630 850 9
630 866 5
630 874 3
630 885 3
631 647 1
631 656 2
631 691 5
631 692 6
631 700 10
631 702 3
631 718 8
631 807 6
631 817 5
631 830 5
631 841 5
631 878 8
631 890 2
632 659 2
632 686 7
632 690 8
632 700 3
632 750 8
632 771 6
632 780 9
632 802 10
632 804 10
632 826 1
632 832 4
632 846 8
632 862 9
632 885 5
633 653 6
633 750 3
633 798 7
633 832 9
633 837 3
633 848 1
633 856 5
633 885 9
634 636 2
634 642 9
634 650 8
634 655 7
634 676 5
634 681 4
634 683 1
634 692 5
634 763 5
634 790 4
634 804 1
634 816 2
634 823 9
634 830 8
634 862 9
634 888 9
634 891 9
634 894 1
635 665 1
635 686 3
635 688 8
635 718 9
635 786 7
635 827 3
635 840 2
635 851 5
635 862 3
635 879 6
635 883 5
636 650 9
636 686 6
636 687 8
636 693 8
636 732 3
636 751 4
636 754 2
636 777 6
636 785 7
636 798 6
636 819 1
636 873 2
636 886 8
636 890 4
636 901 10
637 662 5
637 675 3
637 713 8
637 725 4
637 737 3
637 753 9
637 766 6
637 776 10
637 787 7
637 798 4
637 851 4
637 861 10
637 866 10
638 653 9
638 711 6
638 747 5
638 761 9
638 768 3
638 789 2
638 796 6
638 846 6
638 847 8
638 861 10
638 880 3
638 883 6
639 649 7
639 653 5
639 661 7
639 665 5
639 667 1
639 672 9
639 674 1
639 718 3
639 730 6
639 741 4
639 743 7
639 749 6
639 751 1
639 759 8
639 794 5
639 809 6
639 819 3
639 845 4
639 848 6
639 883 3
639 894 1
640 641 2
640 661 2
640 670 4
640 693 5
640 715 9
640 732 1
640 753 2
640 774 8
640 784 5
640 823 7
640 831 7
640 863 2
640 870 6
640 873 3
640 883 2
641 685 4
641 714 3
641 740 6
641 757 1
641 789 9
641 802 2
641 826 7
641 827 9
641 870 1
641 872 3
641 895 7
642 653 5
642 657 8
642 706 2
642 735 8
642 790 1
642 840 5
642 873 9
642 897 6
642 899 9
643 675 7
643 688 6
643 717 3
643 744 7
643 747 2
643 752 1
643 775 5
643 790 3
643 795 6
643 805 7
643 808 4
643 868 9
643 900 9
644 710 9
644 747 10
644 752 7
644 758 2
644 759 8
644 761 8
644 816 4
644 822 2
644 836 6
644 858 9
644 867 9
644 868 7
644 885 6
644 886 9
644 895 3
645 672 6
645 683 6
645 714 1
645 762 2
645 766 3
645 769 3
645 795 10
645 842 5
645 869 4
646 649 4
646 678 9
646 704 1
646 706 10
646 729 5
646 737 10
646 747 1
646 750 3
646 755 1
646 765 7
646 791 7
646 797 10
646 863 6
647 654 10
647 694 3
647 704 1
647 718 8
647 729 1
647 754 9
647 778 5
647 803 2
647 807 1
647 809 10
647 850 7
647 856 4
647 857 4
647 881 2
647 891 8
647 896 3
648 681 6
648 692 1
648 719 9
648 758 4
648 766 4
648 777 10
648 804 8
648 816 3
648 826 10
648 845 3
648 897 5
649 651 9
649 681 1
649 698 6
649 750 6
649 773 2
649 786 8
649 802 7
649 806 10
649 839 10
649 852 7
649 879 4
649 900 3
650 660 8
650 691 6
650 709 2
650 760 3
650 783 9
650 792 3
650 821 10
650 823 3
650 838 8
650 844 3
650 857 1
650 863 3
650 868 6
650 879 3
650 893 3
651 652 10
651 676 2
651 697 7
651 701 4
651 706 2
651 746 9
651 766 1
651 767 8
651 795 10
651 811 8
651 812 4
651 826 9
651 828 9
651 838 10
651 871 5
651 886 2
652 676 9
652 708 2
652 709 3
652 717 1
652 728 10
652 750 5
652 762 3
652 771 4
652 775 4
652 796 5
652 876 7
653 663 8
653 665 10
653 697 9
653 742 2
653 763 9
653 779 10
653 810 8
653 820 4
653 868 2
653 877 8
653 888 6
653 899 9
654 655 8
654 669 5
654 676 4
654 683 8
654 686 3
654 705 5
654 706 2
654 712 4
654 732 4
654 769 5
654 779 6
654 803 6
654 823 6
654 826 2
654 860 8
654 866 10
654 885 5
655 703 4
655 732 6
655 742 5
655 746 5
655 754 4
655 761 6
655 765 3
655 779 5
655 816 6
655 828 8
655 845 8
655 846 3
655 850 3
655 860 6
655 880 10
655 887 7
655 900 1
656 664 8
656 688 2
656 697 6
656 698 1
656 726 5
656 743 1
656 744 8
656 789 3
656 790 8
656 792 3
656 811 6
656 823 8
656 839 2
656 868 1
656 888 1
657 658 7
657 682 7
657 699 6
657 720 2
657 759 2
657 810 10
657 824 7
657 836 9
657 860 10
657 874 4
657 878 2
657 881 4
657 887 2
658 662 3
658 674 3
658 678 2
658 709 2
658 737 4
658 744 9
658 764 5
658 801 8
658 814 9
658 850 2
658 880 2
658 881 7
659 664 4
659 672 8
659 695 4
659 735 8
659 746 10
659 776 6
659 783 6
659 795 6
659 824 1
659 841 8
659 842 9
659 843 3
659 868 6
659 874 8
659 879 2
659 893 1
660 670 1
660 676 5
660 698 2
660 699 5
660 731 7
660 769 6
660 786 9
660 823 10
660 835 4
660 860 3
660 871 10
660 888 5
660 898 6
661 688 3
661 695 1
661 708 9
661 741 2
661 748 6
661 768 8
661 770 1
661 805 1
661 821 4
661 823 8
661 833 4
661 849 1
661 858 9
661 866 6
661 876 6
661 882 6
662 667 9
662 688 6
662 699 8
662 765 3
662 804 10
662 808 2
662 834 2
662 860 5
662 877 2
662 892 3
662 893 10
662 899 4
663 684 4
663 690 4
663 706 9
663 717 9
663 749 6
663 752 10
663 787 10
663 791 1
663 792 7
663 804 3
663 833 4
663 842 10
663 857 10
664 736 9
664 737 2
664 740 8
664 756 6
664 805 9
664 806 5
664 826 4
664 828 7
664 868 4
664 870 8
664 880 8
664 882 8
664 890 1
665 667 2
665 681 9
665 695 4
665 713 3
665 731 3
665 785 9
665 790 7
665 794 3
665 804 7
665 806 4
665 858 4
665 865 9
665 868 5
665 876 1
666 686 1
666 708 10
666 716 2
666 718 10
666 778 8
666 791 6
666 811 10
666 832 5
666 835 4
666 892 4
666 898 8
667 693 2
667 695 10
667 710 7
667 715 9
667 729 7
667 758 8
667 759 2
667 770 5
667 776 3
667 790 5
667 797 9
667 800 1
667 827 3
667 865 2
667 881 10
668 686 6
668 702 5
668 741 8
668 747 2
668 785 7
668 806 8
668 842 3
668 869 1
669 674 7
669 676 2
669 709 6
669 713 8
669 742 6
669 743 1
669 761 4
669 803 5
669 851 5
669 890 3
670 675 2
670 690 3
670 702 9
670 705 9
670 708 7
670 725 3
670 755 1
670 770 3
670 771 4
671 685 1
671 716 7
671 727 5
671 745 10
671 754 2
671 768 1
671 780 9
671 802 6
671 813 10
671 832 6
671 837 10
671 895 10
672 686 5
672 719 2
672 737 7
672 766 2
672 786 9
672 792 9
672 829 5
672 881 4
673 688 3
673 696 7
673 759 5
673 772 8
673 777 7
673 781 3
673 799 4
673 827 2
673 831 5
673 834 8
673 846 5
673 878 7
673 894 4
674 708 9
674 727 9
674 772 5
674 810 1
674 835 7
674 870 2
674 879 10
674 890 3
675 689 4
675 710 1
675 714 7
675 724 5
675 728 7
675 745 8
675 748 5
675 788 6
675 789 5
675 791 8
675 800 10
675 801 3
675 810 2
675 821 7
675 824 10
675 880 6
675 896 2
675 897 1
676 684 2
676 715 9
676 734 5
676 757 9
676 805 2
676 816 5
676 827 7
676 858 9
676 874 7
676 875 3
677 694 10
677 702 7
677 741 5
677 786 3
677 859 7
678 689 3
678 730 9
678 759 6
678 793 3
678 836 4
678 881 1
679 685 7
679 699 3
679 708 2
679 713 9
679 725 7
679 741 9
679 754 10
679 828 2
679 835 10
679 838 10
679 894 6
679 897 1
679 900 6
680 688 4
680 723 2
680 760 2
680 792 10
680 802 10
680 805 1
680 828 4
680 843 2
680 860 7
680 868 9
680 880 6
680 892 5
681 685 3
681 727 7
681 737 2
681 740 5
681 756 2
681 763 4
681 776 1
681 796 4
681 811 6
681 817 2
681 878 10
682 707 4
682 709 1
682 712 4
682 715 5
682 718 3
682 726 9
682 731 5
682 776 10
682 794 2
682 848 9
682 872 4
682 876 3
682 884 8
682 893 4
683 700 6
683 706 1
683 710 2
683 720 6
683 739 7
683 776 8
683 788 9
683 826 5
683 851 10
684 685 3
684 733 6
684 765 3
684 772 6
684 790 9
684 802 10
684 814 9
684 816 9
684 822 5
684 894 1
685 735 4
685 784 10
685 785 3
685 849 2
685 854 6
685 857 5
685 858 5
685 891 4
686 703 10
686 710 7
686 716 4
686 724 3
686 742 2
686 749 4
686 761 4
686 810 10
686 817 2
686 825 3
686 848 8
686 865 6
687 691 4
687 695 2
687 709 1
687 762 9
687 763 9
687 790 2
687 848 8
687 850 7
687 853 2
687 891 3
687 896 8
688 694 5
688 703 4
688 705 2
688 716 8
688 727 9
688 763 6
688 833 2
688 847 5
688 870 5
688 874 8
688 896 8
689 717 9
689 761 1
689 785 3
689 811 4
689 815 10
689 886 5
690 691 7
690 696 9
690 699 10
690 700 10
690 713 1
690 729 3
690 740 8
690 838 9
690 852 6
690 857 8
691 737 8
691 756 7
691 778 2
691 792 5
691 794 1
691 830 5
691 852 6
691 885 10
692 694 5
692 705 4
692 714 1
692 731 9
692 737 10
692 738 10
692 744 8
692 777 1
692 798 10
692 833 1
692 897 4
693 719 2
693 753 5
693 851 2
693 857 2
694 704 6
694 731 4
694 796 2
694 799 10
694 834 3
694 841 3
694 845 5
694 862 10
694 881 2
694 887 3
695 716 1
695 726 6
695 734 5
695 743 7
695 758 3
695 760 4
695 770 2
695 803 8
695 888 4
695 889 2
696 757 10
696 780 3
696 782 10
696 894 10
697 713 5
697 732 2
697 768 5
697 787 6
697 815 6
697 817 7
697 880 7
697 890 3
698 717 10
698 719 1
698 734 3
698 740 2
698 751 5
698 783 9
698 814 4
698 822 6
698 829 2
698 834 6
698 858 3
698 862 6
698 883 3
698 890 7
698 896 10
699 705 4
699 787 5
699 791 5
699 793 5
699 803 6
699 825 8
699 873 6
700 709 5
700 736 2
700 751 7
700 753 9
700 770 9
700 797 4
700 808 7
700 815 7
700 854 9
700 874 6
700 880 9
700 882 1
700 886 10
700 890 3
700 893 1
700 894 5
701 741 10
701 754 2
701 774 10
701 782 4
701 786 10
701 797 2
701 826 1
701 859 1
701 869 7
701 878 7
701 894 5
701 895 4
702 704 2
702 706 2
702 708 9
702 783 8
702 794 5
702 842 8
702 843 6
702 868 3
702 869 3
702 874 5
702 892 10
702 898 1
703 708 10
703 721 8
703 724 1
703 726 1
703 810 3
703 844 4
703 867 7
704 748 4
704 755 7
704 781 7
704 822 8
704 858 6
704 873 10
704 880 10
705 723 8
705 744 7
705 769 6
705 772 3
705 773 10
705 775 9
705 777 6
705 781 10
705 784 6
705 842 1
705 844 9
705 885 3
705 886 5
705 892 2
706 714 7
706 715 6
706 718 2
706 754 9
706 803 6
706 854 5
706 858 9
706 864 8
706 878 8
707 736 8
707 743 3
707 748 6
707 754 4
707 768 10
707 778 4
707 801 5
707 845 9
707 861 1
707 866 1
707 898 6
708 716 3
708 717 2
708 740 4
708 750 9
708 767 4
708 806 9
708 819 9
708 831 2
708 856 2
709 735 3
709 744 5
709 756 8
709 761 1
709 788 7
709 796 6
709 798 6
709 857 1
709 864 7
709 865 3
709 872 10
710 839 4
710 856 7
710 877 5
710 883 9
710 896 7
710 898 8
711 716 3
711 764 7
711 785 9
711 812 6
711 818 3
711 832 3
711 860 9
711 876 6
711 896 1
711 900 4
712 724 7
712 757 1
712 798 6
712 832 8
712 872 6
713 723 10
713 747 7
713 768 6
713 803 8
713 813 5
713 821 1
713 828 10
713 831 3
713 844 5
713 847 9
713 855 8
713 859 1
713 867 6
713 892 6
714 722 9
714 743 3
714 779 10
714 800 8
714 833 3
714 851 7
714 884 10
714 899 6
715 719 6
715 724 7
715 772 8
715 799 9
715 816 3
715 849 1
715 868 6
715 872 2
715 879 6
716 719 8
716 738 1
716 798 3
716 847 5
716 850 5
716 866 5
717 718 7
717 720 7
717 726 9
717 727 5
717 735 4
717 760 1
717 765 10
717 826 1
718 734 2
718 761 5
718 780 10
718 787 9
718 802 9
718 850 9
718 875 8
718 877 6
718 897 6
719 767 6
719 768 4
719 786 4
719 787 1
719 801 4
719 805 2
719 820 2
719 823 1
719 849 1
719 851 2
719 896 3
720 725 7
720 743 8
720 762 7
720 766 3
720 784 4
720 849 7
720 887 8
720 889 9
721 742 9
721 778 9
721 780 9
721 781 10
721 783 5
721 787 1
721 794 8
721 851 4
721 892 9
722 727 7
722 805 9
722 854 4
722 895 5
722 901 4
723 743 9
723 748 5
723 758 9
723 762 10
723 768 8
723 775 1
723 819 10
723 850 2
723 853 5
723 860 7
723 866 9
724 730 3
724 748 9
724 775 3
724 781 9
724 857 8
724 881 3
724 895 10
725 752 9
725 767 2
725 831 9
725 833 3
726 731 2
726 738 9
726 772 8
726 853 10
726 857 7
726 858 9
726 865 3
726 866 1
726 879 2
726 895 3
727 744 5
727 822 3
727 828 3
727 885 3
728 736 3
728 742 4
728 749 6
728 779 8
728 802 2
728 811 4
728 820 10
728 839 3
728 843 8
728 892 1
729 733 2
729 749 1
729 753 10
729 804 10
729 812 2
729 825 10
729 831 5
729 850 5
729 859 10
729 888 2
730 767 4
730 794 7
730 806 10
730 840 8
730 882 7
731 732 4
731 734 2
731 744 4
731 746 6
731 754 4
731 774 8
731 782 10
731 808 10
731 901 3
732 756 9
732 798 3
732 808 8
732 821 1
732 871 5
732 876 6
732 892 3
733 747 9
733 755 8
733 780 4
733 786 8
733 807 9
733 809 3
733 820 2
733 834 5
733 838 3
733 887 6
734 745 8
734 751 1
734 871 5
734 894 7
734 896 9
734 899 8
735 768 8
735 803 2
735 806 3
735 808 4
735 810 1
735 816 5
735 827 5
735 849 3
736 759 3
736 779 7
736 781 1
736 789 3
736 843 4
736 864 8
736 883 7
736 898 2
737 747 5
737 778 10
737 787 1
737 793 5
737 796 3
737 811 5
737 817 9
737 826 7
737 844 10
737 862 8
737 880 7
738 742 4
738 788 4
738 811 5
738 829 4
738 848 3
738 891 9
739 742 6
739 750 8
739 798 9
739 811 2
739 850 2
739 852 4
739 857 5
739 868 1
739 876 4
739 883 9
740 810 6
740 825 3
740 847 6
740 884 7
741 754 7
741 769 5
741 773 9
741 799 1
741 803 9
741 824 5
741 849 9
741 873 7
742 847 4
742 848 6
742 868 3
743 819 10
743 823 1
743 865 10
743 889 3
744 750 5
744 801 8
744 830 10
744 839 3
744 864 8
744 877 2
744 881 6
744 899 1
745 771 8
745 786 6
745 817 6
745 832 8
745 850 1
745 851 8
745 854 5
746 751 9
746 752 4
746 757 2
746 820 10
747 760 6
747 767 10
747 784 4
747 809 4
747 844 7
747 865 10
747 880 1
747 891 1
748 786 9
748 787 3
748 810 2
748 819 3
748 853 10
748 878 1
748 893 2
748 900 2
749 761 9
749 778 5
749 798 9
749 806 1
749 822 4
749 863 5
750 751 7
750 763 4
750 807 7
750 888 4
751 755 8
751 773 6
751 777 10
751 778 9
751 812 5
751 820 5
751 832 1
751 853 10
751 858 1
751 870 9
751 879 9
751 894 1
752 795 1
752 799 7
752 806 6
752 809 5
752 813 1
752 840 5
752 846 5
752 857 5
752 862 8
752 872 5
752 895 9
753 766 6
753 769 6
753 796 5
753 804 2
753 810 2
753 842 8
753 859 9
753 873 7
753 899 7
754 772 6
754 776 6
754 780 8
754 797 10
754 852 1
754 882 8
754 886 1
754 888 1
755 763 8
755 793 10
755 804 3
755 830 10
755 888 8
756 773 10
756 813 4
756 868 9
757 778 4
757 792 9
757 796 3
757 804 3
757 807 3
757 822 3
757 833 1
757 858 10
757 874 7
757 884 2
757 885 3
758 768 6
758 786 2
758 790 10
758 795 3
758 811 7
758 823 5
758 832 10
758 862 8
758 867 5
759 771 9
759 778 9
759 779 7
759 823 6
759 870 8
760 793 10
760 807 5
760 822 5
760 827 9
760 842 1
760 843 3
760 865 5
760 880 9
760 887 7
760 896 9
761 786 3
761 809 10
761 812 9
761 820 5
761 839 6
761 851 3
761 855 7
761 876 2
761 897 4
762 774 6
762 790 6
762 797 1
762 805 1
762 806 5
762 827 8
762 898 7
763 776 3
763 782 6
763 783 4
763 789 8
763 791 3
763 793 5
763 798 4
763 806 10
763 813 3
763 845 6
763 858 4
763 873 9
763 878 4
763 901 1
764 776 8
764 862 9
765 782 10
765 795 6
765 798 3
765 803 7
765 847 8
766 775 9
766 779 10
766 818 4
766 821 7
766 852 5
766 872 4
766 876 7
766 882 1
766 883 3
767 784 5
767 812 3
767 820 9
767 826 10
767 842 2
767 845 3
767 869 4
768 782 8
768 785 4
768 794 9
768 798 3
768 861 8
768 863 7
768 887 9
769 772 10
769 821 6
769 871 7
769 884 9
770 804 2
770 816 1
770 819 7
770 835 1
770 838 1
770 839 9
770 856 6
770 887 7
771 785 5
771 786 9
771 804 5
771 814 6
772 774 2
772 792 10
772 863 8
772 868 2
772 873 9
772 884 2
773 788 4
773 804 5
773 824 9
773 830 8
773 833 3
773 851 1
774 780 7
774 793 1
774 805 9
774 819 6
774 823 7
774 878 7
774 887 6
775 789 10
775 817 9
775 819 4
775 839 2
775 848 10
775 880 2
775 897 8
776 783 6
776 786 9
776 798 6
776 809 1
776 840 4
776 846 9
776 879 2
777 792 3
777 806 10
777 827 2
777 838 4
777 839 6
777 843 6
777 869 2
777 876 5
777 882 10
778 808 5
778 820 1
778 842 1
778 899 5
779 832 8
779 855 7
780 803 2
780 816 3
780 898 6
781 795 10
781 811 6
781 850 7
781 851 1
781 877 10
781 888 4
781 892 7
782 793 8
782 796 2
782 881 9
783 794 1
783 799 2
783 827 2
783 839 5
783 841 4
783 873 3
783 877 9
783 885 9
784 794 9
784 819 2
784 826 5
784 830 10
784 836 6
784 863 7
784 869 10
784 870 3
784 873 4
784 880 6
784 885 4
784 887 8
785 802 3
785 822 5
785 833 3
785 857 2
785 877 8
785 882 4
785 886 7
786 848 6
786 873 1
786 889 10
787 791 4
787 832 3
787 845 2
787 869 5
788 792 10
788 827 5
788 856 9
788 871 8
788 889 5
789 839 9
790 851 1
790 869 9
790 871 9
790 872 7
790 878 5
790 888 8
790 893 1
791 801 10
791 829 6
791 831 4
791 885 7
792 825 10
792 876 10
792 890 1
793 812 3
793 825 7
793 831 5
793 839 10
793 874 2
793 875 7
793 881 9
793 890 7
794 800 2
794 815 10
794 839 3
794 881 1
795 806 6
795 812 4
795 848 10
795 861 10
795 878 2
795 881 10
796 825 10
796 832 10
796 853 8
796 862 6
796 885 10
797 804 8
797 812 5
797 816 7
797 821 3
797 822 1
797 837 6
797 855 3
798 820 4
798 824 9
798 843 1
798 859 10
798 862 10
798 869 5
798 887 6
798 889 8
799 812 3
799 849 9
799 884 10
799 894 8
799 899 9
800 802 7
800 815 1
800 837 8
800 854 9
801 870 2
801 879 8
801 883 8
802 806 4
802 827 5
802 840 4
802 856 3
802 865 5
802 889 10
802 893 1
803 830 7
803 848 3
803 853 8
803 868 1
803 869 6
804 832 8
804 869 4
804 870 5
804 888 7
805 807 8
805 821 2
805 854 7
805 860 2
805 874 1
806 822 8
806 829 9
806 839 9
806 863 4
806 888 9
806 894 9
807 815 4
807 834 1
807 840 8
807 841 2
807 870 6
807 877 4
807 886 7
808 835 10
808 874 8
808 878 6
808 885 10
808 891 5
808 895 8
808 898 7
809 824 7
809 849 3
809 853 7
809 854 10
809 870 9
809 882 3
810 870 9
811 813 1
811 866 1
811 877 1
811 878 1
812 855 8
812 863 9
812 875 1
812 893 4
813 836 10
813 854 1
813 890 7
815 843 2
815 852 8
815 864 10
815 866 7
815 878 4
815 891 6
816 844 6
816 859 1
816 865 2
816 867 7
816 879 7
816 883 9
816 893 5
817 835 4
817 842 4
817 848 1
817 863 5
817 876 2
817 881 4
817 901 4
818 820 2
818 830 6
818 857 4
818 883 4
818 885 6
818 889 4
819 858 7
819 885 9
820 841 3
820 862 7
820 874 7
821 830 6
821 883 7
821 896 9
822 823 2
822 844 10
822 845 4
822 890 9
823 835 2
823 874 5
823 893 5
824 829 1
824 845 6
824 867 10
824 876 4
824 883 9
824 890 10
824 899 8
825 839 10
825 853 5
825 876 3
825 879 4
825 891 3
825 896 6
826 884 7
826 894 8
826 897 2
827 835 5
827 836 8
827 838 6
827 862 4
827 877 6
829 833 2
829 843 2
829 858 4
829 887 3
829 891 3
830 832 8
830 897 4
830 899 4
831 834 4
831 853 8
831 869 4
831 874 9
831 884 9
831 899 9
832 844 9
832 863 1
833 848 9
833 852 9
833 868 7
833 892 1
834 877 4
835 837 9
835 851 9
835 887 2
836 848 6
836 858 2
836 862 7
837 840 5
837 871 7
837 877 10
837 899 1
838 870 8
838 888 3
838 900 4
839 841 3
839 842 5
839 846 1
839 849 6
839 877 8
840 877 7
840 890 5
840 898 4
841 878 7
841 884 6
841 897 4
842 849 6
842 857 8
842 863 4
842 870 6
843 844 4
843 848 7
843 859 9
843 861 3
843 863 7
843 871 10
843 875 10
844 847 8
844 854 8
844 866 5
844 868 4
844 875 9
845 846 5
845 889 4
845 890 1
846 871 10
846 876 8
846 896 5
847 851 3
847 865 5
847 875 5
848 866 9
848 869 9
848 885 8
850 872 5
851 883 6
852 869 3
852 885 2
852 897 3
853 855 7
853 860 7
853 863 7
853 890 3
854 860 7
855 866 1
855 873 9
855 898 7
856 864 2
857 872 8
858 859 6
858 873 8
858 898 1
859 865 5
859 868 4
859 870 6
860 868 5
860 870 4
860 874 3
860 896 10
860 901 6
861 881 7
862 886 4
863 883 6
863 887 8
863 894 3
863 898 10
864 873 5
864 893 7
865 882 4
866 873 8
866 895 5
867 893 10
869 885 6
869 894 7
870 875 7
871 889 8
873 882 7
873 888 5
875 882 1
877 899 6
878 882 10
878 887 9
878 901 7
879 896 4
882 896 2
885 893 4
885 894 1
885 896 7
885 899 7
886 894 2
887 889 4
889 897 5
897 901 7
902 601 43
903 901 10
902 903 22
