904 6735
100 71 1 88 40 27 42 9 50 99 46 36 30 24 57 27 28 3 43 75 90 50 34 59 26 9 64 25 63 3 87 62 73 88 50 12 66 43 21 68 93 18 55 74 41 63 100 20 65 94 95 55 95 28 65 21 89 28 97 51 31 84 64 55 23 65 19 40 59 91 59 3 8 65 77 49 28 76 68 92 22 14 98 16 94 63 88 82 42 85 84 72 20 47 79 94 64 97 85 22 87 44 25 46 60 53 94 87 80 14 31 1 79 28 17 24 42 4 5 84 40 40 7 59 39 85 4 2 81 89 75 19 84 51 65 43 3 10 82 83 75 12 83 6 91 51 29 33 55 86 16 46 25 22 5 15 59 60 16 39 48 43 10 83 93 26 26 48 87 59 30 14 22 64 19 12 67 99 96 73 84 11 18 61 85 74 75 43 34 91 33 81 85 94 64 77 19 41 24 58 99 5 71 20 21 41 83 39 39 79 11 23 41 28 83 25 2 9 19 35 99 52 67 35 45 82 12 16 22 87 73 72 44 95 91 16 35 26 54 73 4 64 47 44 91 81 21 44 90 39 78 40 90 97 75 87 78 38 2 100 24 26 71 67 20 14 34 6 91 87 30 94 50 29 89 93 9 61 36 98 100 66 90 41 62 64 79 91 1 80 90 76 57 13 95 28 78 28 85 20 55 94 69 100 1 34 42 73 18 97 21 64 71 89 83 58 48 27 41 40 28 100 46 61 16 55 97 76 10 59 53 16 4 21 15 4 7 8 28 76 4 48 39 27 88 21 84 87 99 76 26 27 76 24 39 43 30 36 70 39 94 22 54 49 95 21 52 53 28 80 80 84 79 18 10 19 91 45 5 89 73 83 15 100 58 54 42 87 41 64 26 86 37 31 34 83 3 37 35 83 68 14 18 99 84 27 17 74 23 73 14 95 55 81 46 12 86 88 51 26 3 76 63 39 58 96 22 13 84 8 95 4 74 64 2 57 90 18 82 64 42 47 11 97 27 56 60 12 95 10 89 97 37 51 36 47 98 9 59 34 16 5 37 89 68 38 97 9 7 30 72 48 29 34 44 55 90 56 19 36 17 7 33 54 10 20 52 59 28 10 92 95 66 28 36 33 65 84 93 23 66 64 71 94 50 66 48 91 21 18 26 90 25 10 95 86 29 46 44 8 55 36 55 72 15 42 4 32 25 96 54 90 11 24 35 12 42 83 2 62 52 28 3 76 89 97 13 70 42 57 29 48 44 83 19 10 24 74 41 1 21 95 42 32 70 77 95 11 11 97 25 62 76 27 90 64 24 2 33 17 10 62 65 5 96 35 15 20 9 55 72 29 1 65 12 23 41 7 33 3 84 87 70 36 15 75 35 7 67 31 9 14 42 93 80 39 37 2 47 77 89 41 50 28 71 57 4 3 97 85 80 16 6 49 4 72 76 90 79 42 20 39 7 62 83 38 52 19 40 99 95 28 39 44 7 61 53 11 64 1 95 95 16 53 43 71 24 18 61 54 11 80 92 18 93 75 55 45 45 94 95 40 74 33 35 80 45 87 42 60 39 37 54 7 41 49 77 16 18 37 70 29 69 61 46 61 87 100 57 32 94 51 23 19 35 57 98 32 96 40 91 34 28 45 40 20 45 69 35 62 5 4 90 25 17 35 38 55 87 94 86 32 97 60 50 83 69 99 14 64 38 57 49 17 53 89 36 97 9 71 58 13 26 48 90 94 34 27 49 20 72 86 51 20 46 52 3 14 51 68 29 40 24 77 57 28 17 44 24 25 66 34 90 44 33 79 37 66 57 85 38 28 23 40 100 68 92 2 33 94 21 61 33 97 89 41 24 6 37 100 82 2 33 71 45 65 1 34 82 57 18 19 37 40 59 36 59 2 89 91 95 9 3 79 57 92 72 33 49 8 32 30 61 16 1 58 32 1 91 13 10 60 84 98 52 42 33 10 95 73 53 89 33 7 19 90 98 90 22 46 49 5 28 62 72 28 19 3 80 61 67 41 20 50 38 71 43 70 33 37 94 37 36 87
0 6 15
0 23 15
0 33 65
0 48 16
0 62 43
0 71 53
0 88 8
0 103 3
0 114 66
0 125 44
0 158 1
0 189 65
0 193 61
0 235 42
0 241 57
1 58 74
1 102 5
1 126 36
1 140 64
1 150 57
1 163 67
1 175 6
1 178 32
1 182 24
1 199 18
1 229 78
1 236 3
1 248 47
1 275 6
1 293 88
1 296 66
1 299 72
2 8 2
2 12 30
2 16 87
2 45 96
2 51 34
2 55 95
2 64 98
2 72 99
2 92 90
2 94 50
2 110 15
2 134 50
2 145 91
2 184 72
2 192 75
2 193 47
2 198 59
2 200 38
2 208 3
2 270 25
3 10 43
3 42 87
3 52 48
3 70 12
3 76 64
3 83 3
3 88 10
3 97 21
3 98 90
3 144 75
3 156 92
3 161 43
3 170 56
3 190 79
3 253 38
3 279 42
3 287 25
3 294 87
3 298 92
4 7 14
4 9 89
4 37 59
4 50 15
4 61 79
4 95 82
4 135 89
4 156 26
4 157 40
4 173 26
4 189 80
4 196 64
4 248 21
4 256 66
4 258 64
4 270 32
4 282 82
5 8 66
5 37 42
5 47 2
5 67 55
5 90 68
5 97 46
5 101 97
5 102 76
5 156 24
5 157 86
5 159 17
5 171 48
5 173 24
5 190 60
5 209 13
5 235 12
5 237 18
5 257 79
5 258 91
5 292 99
6 26 67
6 28 68
6 36 38
6 129 44
6 145 47
6 154 2
6 157 64
6 166 65
6 169 17
6 223 48
6 228 98
6 237 82
6 245 41
6 259 99
6 285 36
6 286 8
7 9 44
7 34 84
7 52 83
7 58 19
7 82 21
7 87 51
7 177 18
7 207 44
7 216 11
7 224 30
7 228 56
7 248 80
7 266 8
7 277 98
8 29 79
8 49 26
8 53 65
8 69 68
8 77 22
8 115 63
8 138 21
8 140 85
8 145 79
8 192 37
8 195 84
8 287 76
8 294 18
8 297 24
9 20 27
9 48 5
9 59 32
9 70 70
9 75 40
9 148 66
9 200 41
9 261 60
9 272 17
9 282 58
9 291 56
9 299 79
10 24 40
10 76 11
10 100 58
10 142 99
10 180 60
10 193 88
10 226 25
10 247 76
10 257 56
10 264 46
10 274 90
11 19 76
11 71 82
11 79 69
11 117 65
11 129 18
11 135 96
11 138 82
11 147 41
11 185 22
11 246 87
11 270 24
11 271 44
11 278 78
12 39 90
12 57 84
12 89 38
12 95 58
12 103 41
12 132 93
12 141 36
12 163 32
12 191 55
12 210 45
12 226 31
12 256 66
12 259 33
12 283 7
12 293 41
13 28 40
13 34 4
13 35 30
13 66 15
13 122 37
13 128 50
13 134 79
13 147 54
13 201 46
13 226 13
13 255 95
13 257 67
14 22 51
14 62 18
14 118 10
14 140 28
14 141 7
14 150 93
14 155 17
14 209 16
14 232 86
14 234 9
14 243 51
14 278 17
15 28 15
15 49 96
15 80 99
15 85 80
15 89 28
15 109 5
15 166 72
15 191 67
15 195 60
15 199 2
15 221 33
15 240 97
15 275 51
15 278 64
15 293 50
16 25 96
16 47 28
16 57 96
16 112 63
16 115 78
16 133 66
16 140 24
16 143 5
16 151 72
16 172 17
16 177 22
16 185 40
16 237 54
16 293 82
16 298 90
17 40 70
17 64 49
17 86 37
17 100 21
17 137 80
17 152 64
17 157 25
17 165 52
17 171 82
17 204 37
17 229 53
17 274 67
17 297 33
18 36 55
18 39 82
18 87 34
18 90 3
18 91 9
18 152 30
18 154 65
18 167 86
18 184 95
18 221 40
18 226 42
18 275 18
18 298 56
19 41 15
19 59 57
19 69 9
19 77 49
19 111 99
19 116 31
19 120 49
19 156 35
19 187 51
19 209 28
19 214 51
19 246 27
19 269 79
19 290 84
20 34 63
20 56 83
20 59 2
20 89 47
20 96 90
20 117 83
20 149 33
20 189 92
20 193 43
20 194 62
20 236 8
20 254 28
20 256 8
20 262 47
21 32 22
21 34 77
21 46 55
21 47 88
21 58 86
21 91 15
21 97 36
21 103 84
21 107 45
21 116 36
21 126 18
21 143 47
21 167 64
21 192 20
21 194 26
21 217 94
21 246 4
21 252 40
21 261 77
21 276 5
22 46 87
22 96 18
22 135 88
22 140 19
22 144 9
22 192 30
22 228 32
22 230 16
22 269 10
22 283 91
22 297 62
23 68 83
23 73 67
23 79 16
23 83 70
23 111 52
23 117 83
23 120 58
23 135 87
23 142 27
23 144 45
23 154 5
23 182 26
23 207 8
23 219 76
23 230 51
23 234 2
23 235 79
23 265 90
23 277 30
23 292 84
24 46 28
24 56 47
24 69 23
24 89 98
24 121 7
24 146 4
24 153 81
24 159 22
24 195 65
24 198 71
24 202 35
24 213 47
24 292 38
25 30 3
25 46 69
25 47 41
25 51 85
25 86 78
25 90 28
25 127 63
25 144 22
25 153 84
25 160 88
25 176 82
25 182 59
25 230 90
25 240 35
25 241 90
25 255 32
25 285 64
26 54 73
26 57 59
26 64 62
26 81 47
26 103 9
26 108 68
26 115 2
26 133 89
26 162 41
26 174 67
26 253 12
26 269 75
26 274 65
26 298 1
27 60 77
27 75 85
27 99 41
27 108 13
27 111 14
27 123 20
27 125 76
27 135 36
27 153 55
27 158 63
27 170 69
27 174 14
27 207 5
27 212 3
27 225 55
27 237 36
27 270 18
28 57 79
28 63 46
28 107 31
28 151 25
28 172 6
28 198 98
28 261 26
28 294 95
29 35 90
29 38 44
29 39 6
29 66 64
29 70 9
29 98 58
29 100 93
29 196 93
29 197 98
29 225 5
29 268 7
30 62 70
30 67 32
30 69 94
30 83 24
30 94 47
30 110 62
30 138 89
30 160 51
30 177 16
30 180 43
30 189 38
30 225 33
30 252 21
30 274 83
31 33 63
31 43 97
31 46 89
31 76 12
31 89 23
31 94 35
31 100 1
31 101 66
31 173 92
31 196 16
31 201 26
31 205 49
31 253 8
31 262 19
31 277 98
32 34 65
32 50 77
32 55 67
32 75 48
32 80 70
32 101 43
32 117 94
32 142 83
32 159 31
32 167 96
32 199 98
32 208 26
32 214 33
32 216 30
32 218 46
32 270 16
32 290 44
33 48 95
33 103 56
33 104 55
33 133 69
33 134 42
33 148 7
33 179 34
33 186 33
33 221 22
33 261 12
33 269 81
33 277 82
33 297 30
34 66 30
34 79 46
34 123 6
34 135 97
34 156 45
34 162 27
34 169 39
34 180 39
34 181 9
34 200 21
34 202 34
34 204 58
34 221 46
34 229 67
34 279 87
34 297 44
35 44 34
35 51 82
35 70 38
35 103 41
35 108 88
35 179 6
35 195 82
35 251 94
35 254 91
35 269 14
36 56 67
36 68 2
36 70 46
36 74 48
36 87 83
36 111 75
36 162 45
36 170 40
36 186 23
36 205 90
36 216 66
36 257 13
36 288 80
36 291 26
37 42 86
37 62 13
37 70 83
37 71 31
37 89 31
37 94 21
37 104 26
37 105 16
37 134 2
37 143 15
37 178 56
37 189 41
37 196 20
37 200 89
37 216 34
37 254 63
37 265 54
37 295 1
38 40 16
38 108 99
38 127 100
38 183 51
38 223 26
39 47 45
39 113 90
39 114 100
39 124 86
39 137 8
39 151 65
39 185 65
39 219 85
39 223 50
39 224 77
39 232 68
39 259 32
39 261 60
39 273 40
39 275 58
40 50 27
40 51 94
40 73 72
40 128 35
40 145 34
40 164 44
40 177 23
40 190 20
40 208 6
40 210 77
40 212 72
40 222 73
40 241 27
40 261 71
41 70 23
41 109 4
41 119 67
41 128 13
41 139 56
41 141 52
41 157 72
41 160 20
41 215 16
41 223 56
41 267 69
41 273 45
41 280 75
42 103 100
42 130 56
42 179 15
42 239 57
43 53 82
43 66 8
43 98 81
43 125 16
43 144 41
43 187 24
43 222 39
43 223 12
43 244 81
43 245 15
43 264 83
43 268 53
43 295 93
44 50 6
44 58 28
44 81 97
44 117 72
44 122 40
44 129 52
44 141 76
44 149 63
44 167 23
44 193 43
44 195 18
44 199 91
44 213 87
44 265 93
44 266 42
44 274 42
44 284 7
44 289 51
45 48 24
45 60 66
45 82 31
45 92 91
45 99 58
45 124 6
45 139 29
45 140 70
45 156 86
45 209 95
45 255 4
45 272 90
45 277 88
45 278 9
45 287 17
45 292 36
45 294 33
45 298 8
46 58 39
46 63 8
46 104 70
46 154 61
46 173 50
46 185 40
46 206 3
46 211 89
46 295 84
47 70 44
47 87 82
47 119 42
47 126 46
47 130 5
47 141 7
47 153 76
47 181 96
47 194 64
47 236 33
47 239 76
47 271 85
47 285 70
47 287 23
48 70 89
48 71 60
48 95 62
48 164 49
48 168 28
48 183 97
48 201 81
48 213 36
48 214 87
48 216 40
48 217 57
48 219 47
48 236 42
48 247 96
48 250 1
48 271 30
48 278 79
49 70 44
49 71 11
49 81 20
49 95 42
49 114 68
49 123 78
49 124 17
49 211 15
49 271 94
49 272 2
49 273 42
49 283 30
49 284 71
49 286 64
49 295 18
50 74 30
50 80 25
50 93 19
50 97 58
50 126 73
50 142 51
50 147 45
50 167 59
50 168 43
50 184 53
50 200 57
50 284 84
51 92 1
51 110 57
51 111 65
51 117 31
51 128 53
51 137 75
51 141 3
51 148 94
51 189 94
51 215 80
51 262 62
52 82 60
52 109 73
52 121 63
52 127 2
52 153 3
52 248 34
52 274 65
53 57 72
53 72 15
53 74 42
53 115 42
53 122 24
53 145 14
53 146 93
53 149 20
53 201 73
53 208 35
53 276 73
53 298 29
54 61 70
54 84 73
54 112 38
54 115 34
54 136 3
54 158 90
54 177 60
54 192 5
54 194 83
54 214 6
54 243 37
54 268 96
55 58 65
55 70 61
55 72 59
55 81 18
55 101 15
55 102 44
55 124 83
55 152 39
55 192 58
55 201 24
55 238 80
55 262 34
55 267 89
55 287 24
55 289 53
55 296 61
56 72 10
56 74 25
56 93 42
56 124 79
56 135 49
56 142 79
56 157 64
56 164 52
56 250 20
56 254 24
56 270 8
56 290 2
57 69 81
57 97 44
57 125 49
57 136 45
57 142 5
57 169 7
57 181 63
57 189 19
57 192 2
57 195 97
57 205 57
57 268 60
57 280 72
57 291 89
58 64 45
58 74 60
58 95 12
58 110 97
58 134 73
58 135 22
58 204 74
58 245 14
58 257 52
58 272 22
58 286 44
59 67 16
59 81 25
59 101 63
59 107 39
59 127 85
59 134 16
59 140 19
59 143 28
59 144 64
59 147 15
59 168 84
59 178 23
59 236 29
60 75 55
60 76 24
60 90 25
60 97 63
60 99 35
60 117 96
60 119 51
60 154 79
60 162 8
60 168 15
60 199 76
60 214 80
60 255 36
60 286 1
60 291 45
60 294 87
60 297 22
61 101 88
61 143 2
61 148 99
61 159 2
61 186 92
61 196 83
61 200 69
61 211 62
61 215 62
61 224 32
61 248 29
61 260 46
61 263 6
61 269 57
61 270 52
62 76 30
62 114 82
62 162 14
62 163 16
62 168 29
62 173 17
62 221 95
62 250 88
62 256 31
62 259 22
63 105 67
63 131 18
63 138 22
63 154 63
63 155 56
63 188 95
63 197 2
63 212 10
63 257 45
63 286 3
64 76 53
64 78 27
64 90 71
64 94 15
64 100 89
64 107 55
64 142 43
64 190 86
64 229 60
64 253 51
64 257 37
64 262 41
64 269 84
64 284 2
65 106 57
65 153 13
65 174 70
65 187 3
65 238 52
65 264 100
66 77 76
66 95 71
66 113 69
66 142 97
66 199 33
66 232 25
66 257 43
66 266 35
67 71 86
67 95 88
67 99 89
67 106 38
67 125 66
67 157 12
67 191 4
67 212 54
67 213 66
67 226 46
67 254 91
67 280 77
68 76 49
68 137 79
68 143 70
68 237 32
68 262 81
68 293 78
69 76 96
69 86 2
69 100 80
69 104 48
69 107 2
69 111 55
69 131 18
69 140 22
69 141 3
69 152 2
69 171 98
69 212 45
69 217 36
69 235 83
69 264 84
69 274 77
69 277 21
70 103 50
70 104 88
70 123 24
70 137 55
70 139 5
70 226 22
70 245 46
70 250 81
70 257 22
71 73 24
71 89 50
71 124 53
71 149 56
71 153 79
71 168 49
71 169 58
71 177 58
71 186 48
71 200 11
71 204 64
71 211 17
71 226 84
71 236 66
71 256 18
71 258 82
71 265 63
72 75 6
72 94 16
72 98 46
72 173 82
72 195 88
72 220 47
72 243 69
72 265 12
72 295 2
73 80 73
73 98 85
73 148 99
73 165 5
73 203 6
73 208 74
73 215 7
73 229 10
73 235 30
73 264 85
73 277 58
74 101 39
74 108 95
74 131 57
74 158 1
74 182 58
74 184 73
74 185 84
74 188 76
74 217 91
74 244 17
74 281 90
74 285 96
74 295 33
75 90 87
75 92 77
75 95 20
75 144 34
75 168 97
75 190 83
75 195 87
75 220 21
75 228 19
75 235 85
75 268 77
75 272 24
75 297 58
76 89 83
76 109 34
76 118 39
76 130 20
76 148 43
76 202 29
76 206 66
76 214 100
76 233 29
76 244 23
76 252 24
76 274 65
76 285 50
76 292 14
76 298 81
77 87 39
77 91 61
77 162 13
77 191 26
77 202 37
77 243 85
77 248 59
77 252 85
77 283 67
77 285 97
77 298 57
77 299 86
78 99 81
78 102 34
78 132 61
78 144 90
78 150 68
78 230 46
78 236 81
78 242 39
78 265 41
78 281 9
78 297 4
79 88 40
79 89 90
79 172 79
79 183 15
79 198 54
79 226 28
79 229 29
79 230 34
79 232 19
79 242 89
79 243 99
79 249 44
79 267 78
79 274 83
79 278 54
79 288 14
80 96 1
80 109 50
80 117 71
80 135 86
80 187 30
80 194 56
80 199 99
80 219 71
80 241 23
80 254 44
80 256 51
80 262 14
80 277 84
80 278 12
81 147 17
81 172 75
81 177 1
81 194 47
81 217 90
81 218 6
81 228 75
81 242 70
81 261 39
81 262 93
82 105 58
82 108 89
82 112 88
82 115 87
82 137 23
82 142 41
82 148 1
82 155 24
82 216 90
82 240 23
82 249 61
82 288 71
83 145 78
83 149 59
83 161 93
83 243 52
83 272 55
84 105 44
84 136 65
84 155 38
84 162 7
84 195 34
84 205 65
84 207 7
84 254 80
84 265 54
84 280 12
84 292 6
84 293 23
84 294 2
85 114 50
85 158 32
85 159 43
85 162 37
85 227 19
85 252 65
86 105 77
86 113 71
86 115 88
86 143 18
86 165 93
86 177 49
86 197 88
86 262 70
86 290 59
87 121 33
87 122 73
87 125 13
87 156 28
87 251 38
87 262 51
87 292 34
88 93 71
88 107 15
88 153 92
88 194 2
88 203 20
88 207 55
88 248 8
88 268 94
89 103 56
89 104 57
89 147 25
89 165 50
89 172 94
89 214 95
89 245 15
89 247 22
89 251 65
89 265 2
89 270 40
89 273 9
90 103 2
90 109 79
90 115 30
90 118 61
90 125 11
90 127 3
90 193 25
90 196 90
90 199 92
90 214 27
90 229 23
90 248 62
90 251 93
90 272 14
90 282 15
90 297 12
91 113 68
91 153 22
91 155 5
91 167 76
92 97 31
92 116 82
92 120 25
92 140 76
92 141 28
92 142 91
92 175 97
92 219 93
92 221 45
92 223 88
92 231 53
92 242 46
92 289 19
93 95 83
93 116 58
93 122 81
93 124 85
93 134 83
93 157 71
93 160 76
93 176 61
93 182 93
93 186 89
93 215 54
93 227 59
93 232 3
93 242 65
93 250 26
93 283 77
94 107 22
94 114 53
94 152 59
94 154 55
94 160 30
94 217 34
94 231 82
94 237 20
95 99 30
95 111 26
95 158 64
95 159 70
95 160 79
95 165 62
95 176 88
95 217 61
95 233 71
95 243 68
95 247 45
95 265 5
95 283 38
95 288 72
96 119 66
96 138 83
96 159 60
96 168 19
96 189 41
96 199 14
96 216 83
96 249 18
96 277 90
96 292 56
97 106 23
97 116 100
97 135 10
97 143 4
97 174 33
98 146 92
98 157 23
98 185 15
98 212 69
98 282 39
98 297 84
99 116 47
99 121 52
99 156 23
99 161 7
99 181 22
99 183 90
99 209 51
99 211 27
99 218 80
99 247 22
99 259 92
99 270 62
99 279 33
99 292 62
100 113 54
100 214 47
100 255 96
100 267 71
100 290 88
101 130 52
101 187 45
101 201 88
101 228 13
101 233 48
101 245 20
101 279 56
102 148 23
102 221 86
102 237 25
102 244 13
102 246 69
102 281 71
102 294 64
103 176 91
103 198 78
103 204 37
103 209 33
103 232 80
103 236 15
103 247 12
103 258 54
103 276 58
103 284 25
104 117 38
104 141 19
104 167 78
104 185 84
104 196 15
104 237 100
104 242 24
104 265 18
104 279 45
105 117 63
105 144 30
105 176 92
105 183 34
105 212 86
105 214 66
105 235 20
105 237 62
105 257 78
105 266 40
105 281 32
105 291 41
106 113 31
106 134 61
106 151 78
106 187 63
106 189 93
106 190 44
106 191 26
106 213 46
106 232 2
106 249 2
106 253 83
106 295 20
106 296 31
107 109 19
107 148 34
107 162 82
107 166 94
107 238 3
107 257 26
107 282 56
107 288 33
107 289 70
107 297 41
108 109 70
108 119 35
108 144 60
108 192 31
108 233 13
108 256 100
108 279 14
109 124 5
109 127 82
109 147 75
109 168 34
109 177 96
109 217 67
109 250 78
109 285 73
110 112 64
110 120 79
110 153 74
110 187 98
110 192 50
110 229 4
110 232 68
110 264 84
110 282 37
110 284 13
111 130 38
111 136 63
111 142 20
111 152 70
111 162 84
111 211 61
111 213 39
111 242 70
111 254 72
111 280 21
112 136 34
112 140 71
112 164 35
112 209 91
112 241 4
112 247 61
112 263 24
112 266 99
112 274 79
112 280 53
113 128 23
113 142 94
113 163 31
113 190 96
113 223 91
113 230 81
113 238 51
114 124 11
114 163 16
114 220 88
114 226 23
114 262 53
114 271 2
114 283 43
114 298 75
115 116 37
115 129 55
115 187 65
115 189 58
115 191 26
115 199 86
116 117 44
116 139 49
116 145 72
116 148 34
116 155 52
116 196 32
116 204 57
116 210 3
116 221 62
116 234 10
116 267 25
116 282 55
117 176 92
117 180 73
117 207 97
117 209 24
117 229 75
117 263 7
117 265 39
117 279 14
117 280 82
118 164 44
118 167 67
118 185 76
118 191 18
118 193 55
118 244 30
118 246 82
118 255 13
118 275 55
118 284 19
118 290 56
119 122 3
119 129 90
119 178 89
119 192 55
119 198 73
119 206 97
119 214 9
119 234 34
119 235 58
119 264 85
119 275 88
119 296 2
120 122 9
120 128 85
120 135 25
120 162 84
120 178 43
120 189 16
120 206 49
120 219 24
120 229 11
120 274 16
120 277 51
121 130 80
121 131 22
121 138 80
121 145 13
121 171 34
121 173 35
121 221 32
121 227 41
121 244 37
121 293 21
122 128 29
122 130 43
122 219 46
122 238 78
122 251 3
122 284 79
122 292 87
123 128 88
123 189 19
123 209 88
123 217 96
123 280 3
124 126 65
124 136 31
124 148 97
124 165 80
124 213 80
124 221 73
124 263 90
124 275 47
125 129 23
125 141 21
125 158 68
125 193 3
125 195 33
125 201 54
125 237 37
125 243 64
125 272 94
125 279 25
126 146 37
126 158 75
126 165 20
126 175 82
126 227 4
126 230 22
126 258 60
126 274 90
126 279 61
126 298 78
127 169 30
127 207 9
127 228 32
127 247 94
127 253 91
127 273 81
127 293 25
128 170 22
128 208 53
128 210 66
128 222 68
128 225 75
128 241 86
128 285 88
129 149 77
129 175 18
129 182 93
129 199 65
129 212 82
129 230 86
129 234 42
129 294 70
130 132 12
130 133 13
130 137 51
130 159 15
130 225 86
130 245 62
130 246 57
130 260 47
130 264 92
130 270 86
130 282 7
130 293 75
130 299 31
131 132 97
131 148 55
131 156 55
131 168 19
131 185 7
131 217 20
131 218 38
131 220 34
131 221 5
131 234 77
131 252 62
131 263 22
131 268 69
131 281 27
132 178 55
132 195 7
132 238 20
132 241 24
132 262 18
132 271 32
132 272 26
132 279 85
132 289 17
133 141 88
133 161 41
133 174 15
133 187 31
133 228 78
133 238 73
133 286 5
134 160 8
134 180 70
134 207 60
134 218 62
134 219 40
134 243 18
134 252 81
134 271 77
135 138 51
135 151 37
135 185 6
135 226 13
135 252 10
135 295 74
136 147 91
136 192 65
136 195 32
136 196 62
136 218 40
136 279 2
137 180 93
137 181 66
137 272 86
137 273 61
137 281 5
138 151 78
138 164 28
138 174 35
138 182 55
138 219 100
138 223 91
138 229 62
138 237 21
138 252 50
138 255 23
138 276 12
138 296 20
139 146 55
139 177 89
139 198 70
139 199 43
139 201 46
139 212 34
139 226 52
139 233 71
139 239 24
139 266 68
139 280 3
140 181 85
140 208 60
140 240 4
140 254 29
140 260 25
140 261 41
140 262 42
140 279 81
141 155 18
141 159 21
141 164 15
141 201 72
141 221 72
141 231 5
141 255 33
141 261 45
142 190 7
142 214 7
142 251 56
142 289 26
143 152 13
143 210 96
143 212 47
143 235 55
143 237 41
143 251 81
143 271 58
143 281 12
144 225 56
144 235 26
144 270 14
144 278 93
144 283 85
145 151 69
145 161 73
145 168 61
145 191 9
145 220 66
145 275 41
145 284 26
146 155 86
146 159 7
146 164 49
146 196 58
147 165 63
147 173 33
147 190 54
147 193 21
147 235 39
147 279 9
148 171 98
148 174 3
148 237 5
148 267 97
148 275 57
149 169 45
149 181 77
149 216 14
149 232 8
149 260 84
149 261 91
149 265 73
149 269 28
150 163 75
150 168 41
150 194 1
150 219 87
150 225 1
150 252 66
150 258 79
150 277 78
150 288 4
150 297 85
150 299 26
151 156 13
151 173 100
151 184 58
151 185 66
151 207 20
151 235 48
151 262 74
151 276 70
151 287 50
152 218 78
152 224 66
152 257 6
152 276 75
152 291 94
153 178 72
153 181 82
153 195 77
153 218 62
153 253 55
153 269 57
153 287 89
153 294 47
154 158 57
154 177 27
154 195 48
154 213 74
154 242 6
154 246 25
154 272 29
154 274 42
154 281 3
154 288 41
155 156 41
155 163 60
155 189 58
155 216 13
155 217 8
155 226 32
155 236 34
155 265 9
156 158 61
156 159 99
156 174 67
156 205 87
156 218 92
156 240 38
156 256 69
156 274 20
156 296 51
157 171 75
157 173 28
157 206 91
157 258 73
158 221 36
158 237 70
158 250 20
158 273 10
158 286 75
159 182 97
159 184 90
159 226 16
159 265 51
159 281 31
159 288 9
159 297 10
160 195 88
160 198 73
160 200 69
160 204 71
160 224 6
160 240 30
160 253 32
160 265 56
161 181 96
161 213 70
161 217 99
161 241 85
161 242 90
161 244 18
161 251 87
161 255 64
161 266 98
162 191 78
162 212 89
162 219 33
162 226 47
162 227 60
162 234 42
162 267 73
162 285 56
163 190 84
163 205 40
163 222 58
163 223 14
163 243 48
163 267 68
163 268 53
163 273 72
163 274 88
163 291 24
163 292 77
163 293 17
163 299 7
164 172 84
164 228 64
164 231 76
164 268 82
164 269 48
164 283 18
165 183 52
165 241 35
165 281 81
166 183 49
166 208 64
166 283 21
167 170 81
167 182 62
167 211 81
167 279 75
168 171 34
168 175 88
168 176 58
168 220 73
168 222 46
168 223 71
168 253 73
169 173 65
169 177 75
169 192 44
169 220 52
169 254 98
169 290 73
170 180 21
170 189 56
170 190 56
170 224 84
170 248 84
171 206 38
171 265 84
171 273 1
171 279 89
171 286 70
172 184 33
172 192 89
172 198 33
172 215 54
172 290 69
172 294 94
173 190 34
173 201 43
173 254 79
173 297 21
174 210 100
174 233 3
174 261 18
174 269 22
174 281 75
174 288 82
175 247 97
175 252 71
175 280 86
175 294 46
175 296 95
176 197 6
176 199 54
176 215 50
176 227 41
176 244 89
176 246 39
176 291 76
176 292 89
177 198 79
177 212 45
177 237 73
177 238 67
177 281 77
178 229 78
178 248 36
178 268 22
179 219 63
179 222 30
179 229 52
179 246 36
179 261 82
180 228 55
180 234 53
180 250 3
180 265 81
180 268 35
180 269 51
180 281 3
181 206 20
181 297 49
182 200 97
182 214 77
182 224 2
182 256 99
182 282 69
183 226 42
183 266 89
183 270 45
183 276 30
183 282 68
183 288 41
184 188 54
184 189 86
184 242 70
184 244 32
184 271 73
184 280 91
184 282 94
185 191 3
185 237 95
185 242 29
185 245 36
185 253 1
186 231 82
186 239 38
186 240 81
186 259 68
186 263 41
186 268 84
186 295 39
187 201 89
187 205 32
187 208 15
187 216 42
187 219 30
187 270 35
187 271 83
187 280 71
187 283 31
188 194 64
188 201 38
188 249 72
188 272 69
189 191 75
189 200 41
189 211 100
189 223 48
189 231 83
189 242 46
189 258 2
189 265 77
190 213 26
190 262 89
190 267 77
190 277 59
191 209 26
191 220 10
191 239 26
191 242 18
191 266 45
191 283 16
192 234 58
192 260 76
192 275 30
192 289 51
192 293 58
193 216 17
193 227 85
193 237 28
193 247 47
193 250 48
193 276 17
194 203 18
194 267 69
194 280 43
194 293 58
195 226 20
195 234 42
195 255 93
195 287 65
196 204 95
196 205 21
196 214 43
196 221 83
196 299 98
197 201 1
197 215 61
197 258 59
197 283 79
197 285 78
198 204 3
198 226 94
198 232 36
198 237 30
198 240 76
198 261 86
199 229 87
199 241 92
199 246 71
199 257 66
199 285 38
200 205 70
200 229 34
200 230 56
200 234 90
200 239 77
200 256 65
201 260 10
201 269 18
201 283 57
201 286 74
202 214 13
202 223 78
202 237 68
203 218 95
203 247 27
203 285 69
203 291 55
204 220 85
204 221 47
204 232 85
204 239 87
204 258 40
205 217 20
205 244 68
205 256 15
205 257 57
205 266 55
205 285 6
205 291 79
206 237 72
206 240 96
206 245 1
206 247 6
206 291 51
207 211 90
207 214 82
207 215 15
207 234 99
207 273 51
207 289 24
208 212 25
208 243 63
208 295 53
208 297 92
209 260 10
209 291 79
210 254 12
210 269 64
211 227 15
212 219 10
212 233 48
212 238 53
212 243 50
212 269 19
213 262 20
213 264 16
213 281 28
213 283 26
213 289 74
213 296 6
214 272 98
214 294 21
215 232 58
215 270 55
215 290 71
216 253 48
216 255 88
216 256 37
216 276 98
216 286 38
216 297 12
217 236 74
217 268 53
218 246 64
218 247 18
218 251 62
218 283 94
219 238 29
219 242 25
219 244 8
219 273 39
219 283 25
221 247 60
221 254 40
221 260 95
222 231 80
222 291 7
223 234 22
223 246 57
223 250 32
223 256 80
223 262 54
223 265 52
223 274 89
223 285 60
224 238 74
224 281 88
224 289 47
225 241 11
225 263 86
225 271 85
225 283 22
225 289 11
227 233 37
227 253 38
227 257 28
227 259 98
227 270 31
227 275 9
227 295 74
227 298 39
228 245 99
228 253 50
228 255 50
228 263 38
228 272 97
228 281 81
229 238 96
229 277 70
229 282 38
229 283 28
230 239 1
230 244 43
230 254 31
230 256 90
230 267 3
230 280 5
231 254 77
232 259 49
232 262 67
232 283 62
232 292 85
233 237 40
233 244 25
234 237 73
234 252 77
234 284 52
235 259 22
235 263 8
235 272 12
235 278 48
235 287 98
235 296 10
236 270 49
236 277 47
236 285 47
236 288 45
237 248 28
237 249 95
237 288 15
237 290 65
238 242 22
238 254 15
238 266 7
238 274 4
238 283 56
238 285 61
239 273 8
239 275 33
239 277 10
239 290 74
240 267 46
241 267 46
241 268 14
241 277 70
242 266 19
242 274 42
242 286 22
243 244 40
243 268 49
243 269 85
243 280 87
243 297 98
244 265 95
245 256 36
245 261 45
245 265 41
245 270 32
245 275 24
245 290 35
246 257 98
246 286 40
247 274 8
247 277 13
247 288 98
248 257 12
248 266 68
248 277 59
250 251 71
250 281 52
251 273 20
251 288 97
252 278 98
252 283 65
252 291 62
253 258 67
253 285 35
253 290 3
255 262 40
255 267 75
255 281 4
255 290 25
256 288 13
257 270 1
257 275 19
258 262 100
259 260 97
260 264 11
260 292 84
260 293 20
261 262 98
261 264 81
261 287 11
262 272 5
264 295 45
265 281 9
265 299 68
266 288 65
267 290 67
267 298 91
268 284 16
269 270 86
269 286 87
270 285 13
270 291 2
272 291 48
272 294 32
273 277 37
273 280 2
273 297 71
275 289 63
276 290 5
276 292 47
278 282 27
278 283 58
279 282 65
280 299 27
283 286 54
286 299 28
290 292 62
291 298 26
300 314 5
300 320 9
300 325 17
300 344 30
300 355 36
300 373 6
300 381 43
300 406 11
300 462 9
300 492 28
300 494 29
300 510 21
300 569 39
301 424 45
301 446 27
301 461 34
301 462 30
301 480 41
301 553 5
302 316 40
302 359 48
302 366 28
302 414 20
302 444 50
302 458 43
302 544 34
302 566 22
302 576 35
302 592 42
302 595 7
303 316 38
303 348 46
303 357 15
303 412 4
303 426 25
303 436 2
303 442 11
303 448 19
303 458 14
303 487 21
303 500 46
303 541 43
303 561 41
303 569 36
303 570 37
303 586 20
303 596 22
304 354 18
304 368 10
304 374 26
304 384 7
304 390 9
304 393 4
304 422 29
304 442 9
304 466 48
304 490 12
304 512 32
304 577 32
304 581 3
304 590 38
304 595 19
305 370 50
305 393 3
305 414 24
305 434 24
305 479 6
305 483 36
305 488 44
305 499 20
305 503 7
305 517 42
305 550 12
305 562 49
305 568 27
305 569 50
306 310 18
306 360 50
306 403 18
306 406 30
306 466 26
306 471 26
306 476 38
306 501 31
306 517 4
306 529 48
306 534 28
306 544 17
306 553 30
306 595 9
306 596 19
307 317 17
307 326 30
307 332 18
307 334 21
307 348 5
307 355 43
307 361 27
307 364 41
307 371 39
307 375 46
307 420 49
307 424 32
307 446 9
307 458 49
307 464 8
307 479 8
307 507 17
307 513 10
307 520 27
307 527 48
307 533 35
307 543 3
307 547 37
307 580 17
308 310 8
308 336 35
308 356 44
308 360 25
308 442 16
308 449 4
308 458 45
308 464 34
308 479 33
308 509 15
308 519 7
308 540 40
308 552 9
309 330 33
309 338 30
309 369 47
309 424 30
309 447 30
309 465 28
309 475 40
309 483 28
309 521 38
309 524 47
309 570 44
309 574 47
309 578 26
309 595 43
309 599 33
310 318 28
310 336 30
310 337 49
310 352 37
310 353 16
310 392 44
310 400 11
310 413 31
310 453 47
310 456 8
310 473 14
310 478 32
310 496 22
310 517 22
310 549 23
310 556 30
310 564 4
310 595 2
311 339 29
311 344 35
311 373 31
311 375 8
311 415 24
311 491 8
311 571 45
311 572 23
311 592 4
312 325 43
312 333 48
312 335 48
312 418 25
312 424 27
312 471 27
312 487 25
312 489 13
312 504 44
312 508 20
312 519 24
312 549 26
312 550 19
312 590 31
313 330 42
313 342 2
313 349 4
313 352 13
313 357 24
313 360 33
313 375 17
313 383 27
313 385 11
313 414 3
313 448 7
313 452 19
313 470 27
313 484 16
313 513 15
313 522 1
313 546 21
313 547 10
313 550 48
313 566 21
313 587 36
314 319 24
314 369 47
314 401 11
314 403 36
314 408 43
314 426 32
314 451 11
314 490 18
314 542 50
314 551 43
314 567 9
314 572 1
315 319 46
315 334 22
315 335 24
315 372 31
315 392 40
315 394 50
315 417 43
315 436 42
315 439 8
315 464 13
315 481 20
315 485 26
315 533 28
315 535 20
315 537 46
315 540 39
316 327 17
316 349 18
316 357 24
316 366 40
316 368 15
316 381 36
316 396 28
316 433 9
316 439 18
316 479 40
316 486 26
316 513 17
316 535 33
316 540 35
316 592 18
317 346 28
317 410 8
317 426 43
317 442 8
317 460 47
317 489 43
317 504 1
317 535 38
317 540 2
317 547 15
317 571 8
317 598 27
318 324 42
318 339 27
318 426 25
318 506 30
318 535 46
318 539 42
318 563 6
318 592 37
318 593 8
318 594 41
318 595 14
319 346 16
319 356 8
319 439 4
319 459 44
319 475 25
319 493 38
319 514 30
319 539 44
320 343 15
320 356 37
320 391 38
320 401 25
320 428 33
320 430 32
320 439 27
320 441 22
320 467 34
320 472 41
320 500 29
320 505 12
320 520 35
320 521 8
320 579 38
320 586 16
321 333 3
321 355 30
321 390 21
321 439 39
321 450 39
321 466 12
321 488 5
321 493 7
321 539 21
321 546 10
321 554 2
322 330 45
322 378 47
322 390 31
322 426 40
322 462 11
322 525 17
322 527 28
322 531 37
322 543 1
322 557 9
323 330 15
323 341 22
323 358 44
323 361 6
323 385 3
323 416 6
323 459 42
323 483 12
323 492 43
323 500 7
323 511 14
323 529 24
323 587 28
323 588 4
324 339 15
324 367 41
324 386 8
324 388 21
324 395 11
324 431 19
324 473 22
324 484 8
324 503 15
324 510 4
324 517 47
324 523 28
324 540 20
324 546 26
324 578 14
325 353 22
325 390 37
325 440 29
325 442 45
325 460 32
325 477 36
325 480 49
325 493 37
325 524 27
325 531 10
325 538 32
325 547 33
325 564 23
325 580 7
326 340 12
326 361 29
326 385 21
326 406 2
326 408 38
326 416 43
326 470 15
326 498 7
326 520 16
326 525 22
326 538 21
326 546 19
326 555 20
326 577 50
326 595 40
327 363 48
327 366 16
327 383 11
327 397 34
327 398 46
327 410 8
327 418 17
327 465 31
327 478 6
327 529 6
327 533 9
327 559 16
327 584 37
327 589 43
328 364 40
328 410 45
328 438 7
328 456 18
328 459 16
328 468 10
328 479 6
328 521 10
328 549 24
328 596 14
329 331 26
329 349 45
329 353 36
329 386 44
329 395 17
329 427 36
329 433 34
329 445 14
329 454 3
329 467 46
329 479 49
329 482 48
329 526 3
329 558 15
329 571 30
329 583 9
330 359 20
330 363 38
330 367 24
330 414 8
330 452 32
330 545 15
330 585 3
331 334 38
331 411 33
331 434 20
331 435 48
331 436 40
331 452 31
331 473 23
331 484 5
331 491 6
331 530 18
331 548 40
331 577 2
331 595 34
332 334 27
332 344 37
332 347 49
332 382 29
332 385 32
332 388 47
332 396 28
332 403 37
332 438 13
332 455 7
332 457 45
332 471 33
332 489 46
332 533 20
332 565 42
332 593 30
332 594 34
333 367 46
333 415 17
333 435 18
333 440 15
333 446 16
333 447 9
333 451 46
333 456 39
333 478 13
333 536 3
333 587 8
333 594 5
334 340 4
334 413 43
334 414 31
334 431 42
334 439 43
334 441 12
334 453 24
334 499 39
334 504 41
334 521 10
334 545 1
334 555 48
334 557 6
334 569 35
334 573 45
334 588 27
334 591 27
335 362 24
335 370 12
335 371 22
335 373 43
335 384 30
335 407 39
335 427 10
335 430 40
335 441 36
335 450 50
335 505 3
335 534 40
335 544 9
335 557 7
335 566 44
335 585 3
336 338 39
336 360 35
336 374 45
336 380 50
336 386 10
336 387 33
336 432 41
336 452 21
336 512 36
336 514 40
336 543 28
336 578 22
336 585 36
337 338 6
337 356 50
337 376 12
337 405 18
337 489 22
337 522 6
337 570 49
337 574 12
337 587 15
337 599 38
338 348 47
338 368 17
338 370 42
338 373 38
338 380 25
338 403 48
338 421 33
338 428 28
338 435 37
338 459 20
338 472 24
338 513 38
338 545 29
338 548 7
338 552 30
338 562 2
338 573 44
338 588 21
339 349 31
339 366 15
339 376 7
339 386 37
339 391 17
339 398 20
339 406 6
339 434 38
339 440 25
339 442 4
339 484 1
339 493 41
339 498 43
339 541 49
339 555 9
339 557 35
339 577 36
339 586 36
339 595 34
340 357 19
340 369 13
340 385 22
340 388 38
340 393 38
340 396 10
340 486 18
340 491 44
340 524 41
340 525 19
340 527 39
340 541 12
340 542 50
341 342 6
341 373 20
341 396 36
341 407 22
341 414 39
341 429 41
341 449 11
341 469 15
341 485 46
341 495 11
341 519 7
341 540 40
341 582 11
342 348 16
342 361 26
342 367 46
342 426 1
342 481 10
342 491 16
342 523 15
342 540 31
342 586 3
343 364 2
343 382 42
343 389 21
343 399 48
343 405 33
343 414 41
343 433 36
343 455 44
343 484 42
343 505 43
343 517 15
343 518 27
343 530 14
343 573 5
343 581 19
344 355 24
344 359 19
344 364 16
344 380 36
344 419 27
344 446 8
344 488 46
344 492 42
344 508 33
344 530 44
344 554 44
344 575 42
345 348 9
345 373 10
345 378 25
345 402 12
345 417 12
345 432 16
345 442 34
345 475 11
345 514 48
345 529 24
345 570 48
345 571 43
345 587 16
346 392 41
346 404 7
346 408 44
346 417 6
346 441 13
346 453 15
346 478 32
346 516 33
346 522 32
346 580 19
346 585 10
346 594 39
347 365 15
347 387 3
347 401 22
347 406 8
347 432 47
347 439 15
347 460 18
347 477 6
347 484 39
347 516 29
347 537 19
347 565 5
347 573 14
348 353 29
348 368 4
348 401 40
348 402 29
348 425 47
348 449 7
348 475 19
348 520 5
348 527 2
348 560 26
348 573 18
348 592 18
348 596 7
349 353 2
349 373 50
349 376 26
349 377 11
349 378 40
349 386 42
349 389 14
349 390 13
349 412 1
349 439 12
349 460 28
349 490 18
349 496 17
349 524 18
349 545 49
349 561 38
349 577 24
350 361 12
350 386 18
350 422 28
350 424 3
350 431 46
350 456 26
350 464 9
350 477 16
350 483 32
350 493 11
350 500 42
350 503 1
350 535 30
350 536 50
350 548 3
350 588 29
351 353 25
351 354 13
351 365 21
351 382 18
351 419 26
351 420 33
351 447 18
351 451 39
351 453 12
351 455 36
351 459 6
351 487 30
351 493 36
351 524 45
351 553 3
351 558 49
351 559 12
352 400 32
352 433 2
352 447 10
352 469 7
352 493 12
352 518 25
352 524 39
352 548 24
352 550 18
352 551 39
352 562 4
352 568 18
352 577 41
352 583 34
352 590 44
353 377 6
353 414 4
353 418 12
353 428 33
353 435 37
353 458 31
353 459 22
353 469 48
353 475 18
353 487 29
353 582 29
353 595 3
354 356 23
354 393 32
354 413 2
354 423 36
354 427 13
354 462 5
354 464 45
354 513 22
354 522 16
354 529 22
354 539 12
354 581 42
355 364 39
355 368 50
355 369 45
355 378 8
355 393 43
355 395 28
355 421 4
355 434 48
355 460 32
355 498 15
355 526 32
356 365 20
356 415 47
356 428 3
356 430 19
356 533 15
356 538 31
356 550 48
356 561 17
356 567 3
357 375 31
357 384 20
357 417 39
357 434 45
357 454 24
357 455 35
357 480 18
357 510 42
357 512 6
357 548 29
357 566 33
357 594 47
358 415 31
358 489 29
358 524 6
358 580 23
359 386 8
359 399 9
359 401 22
359 408 39
359 422 25
359 459 3
359 532 10
359 559 22
359 564 6
359 596 31
360 369 36
360 395 38
360 431 30
360 556 4
360 576 41
360 581 10
361 371 24
361 440 31
361 496 6
361 508 49
361 542 17
361 544 24
361 558 42
361 582 25
361 589 2
362 372 24
362 374 23
362 380 32
362 449 4
362 453 28
362 468 6
362 499 12
362 505 39
362 527 29
362 537 2
362 539 13
362 544 32
363 380 12
363 388 36
363 421 39
363 521 44
363 533 23
363 540 26
363 555 23
363 584 27
363 588 18
364 414 34
364 426 2
364 474 50
364 487 39
364 488 50
364 509 17
364 535 14
364 538 42
364 549 41
364 551 18
364 580 17
365 371 13
365 379 1
365 406 21
365 407 42
365 450 7
365 478 32
365 485 30
365 489 35
365 492 35
365 500 43
365 536 18
365 538 46
365 543 30
365 551 8
365 559 41
365 589 3
366 406 34
366 436 13
366 445 29
366 447 3
366 448 46
366 459 30
366 464 3
366 497 37
366 529 29
366 556 21
366 576 50
367 414 22
367 425 11
367 439 17
367 442 39
367 524 25
367 550 18
367 571 11
367 573 18
367 588 26
368 399 44
368 450 48
368 490 10
368 500 28
368 512 42
368 526 30
368 536 26
368 565 21
368 589 37
369 395 16
369 427 23
369 434 22
369 441 29
369 473 1
369 479 25
369 497 24
369 552 32
369 566 29
370 394 10
370 428 13
370 432 49
370 454 12
370 463 34
370 485 11
370 513 28
370 559 24
370 563 35
370 569 47
371 381 34
371 392 2
371 480 22
371 481 27
371 507 1
371 520 34
371 541 7
371 564 42
371 595 15
372 381 32
372 407 13
372 416 1
372 444 47
372 462 37
372 476 25
372 484 25
372 488 40
372 491 49
372 551 1
372 561 21
372 572 27
372 597 12
372 598 33
373 386 27
373 398 23
373 435 19
373 472 37
373 519 3
373 544 42
373 565 21
373 577 49
373 585 28
374 378 24
374 436 23
374 451 6
374 469 25
374 486 6
374 496 12
374 498 18
374 509 22
374 511 45
374 515 30
374 527 22
374 533 42
374 540 19
374 553 46
374 555 16
374 556 8
374 566 46
374 571 18
375 406 28
375 408 24
375 413 32
375 414 13
375 424 50
375 429 4
375 505 31
375 525 36
375 540 8
375 575 24
376 390 8
376 401 9
376 402 3
376 430 34
376 450 31
376 451 11
376 469 8
376 493 38
376 520 24
376 525 25
376 534 11
376 541 19
376 554 7
376 560 32
376 571 10
376 581 25
376 592 30
377 438 27
377 464 34
377 467 27
377 487 47
377 496 11
377 541 3
377 542 28
377 561 25
377 563 2
378 434 33
378 447 5
378 519 40
378 521 41
378 531 31
378 541 49
378 565 1
378 588 35
378 596 32
379 382 33
379 392 45
379 468 39
379 470 22
379 502 21
379 504 16
380 434 32
380 442 39
380 448 24
380 483 13
380 543 50
380 585 50
381 424 44
381 435 26
381 443 33
381 458 23
381 460 22
381 472 45
381 475 25
381 543 49
381 550 20
381 598 28
382 387 32
382 390 26
382 398 19
382 399 24
382 437 6
382 442 18
382 444 24
382 457 43
382 514 49
382 532 6
382 571 39
382 581 40
382 589 27
383 387 9
383 394 5
383 407 8
383 418 47
383 473 30
383 493 22
383 523 46
383 525 31
383 586 18
384 393 24
384 409 13
384 435 42
384 441 47
384 454 7
384 480 16
384 488 48
384 499 28
384 502 45
384 510 31
384 520 4
384 521 14
384 536 4
384 574 11
384 596 31
385 413 29
385 416 3
385 434 29
385 437 36
385 508 42
385 522 18
385 534 14
385 545 50
386 405 24
386 427 23
386 459 49
386 477 3
386 478 46
386 484 46
386 522 35
386 524 13
386 527 21
386 537 47
386 559 4
386 578 18
387 388 6
387 411 21
387 428 15
387 450 33
387 471 16
387 523 45
387 554 36
387 564 31
387 587 50
388 421 47
388 441 11
388 451 30
388 452 1
388 479 41
388 483 15
388 485 42
388 495 11
388 510 28
388 526 44
388 534 34
388 539 50
388 557 44
388 562 39
388 585 45
388 586 39
389 397 23
389 407 10
389 435 10
389 436 22
389 459 15
389 470 29
389 506 27
389 544 36
389 597 43
390 401 11
390 429 3
390 449 39
390 473 49
390 482 35
390 490 40
390 501 47
390 523 45
390 527 19
390 543 47
390 559 37
391 416 33
391 463 41
391 478 47
391 547 12
392 401 36
392 426 31
392 439 11
392 481 29
392 498 21
392 505 7
392 519 19
392 528 43
392 551 16
392 568 30
392 569 16
392 589 33
392 593 8
392 597 44
393 403 20
393 408 2
393 414 5
393 424 22
393 487 42
393 501 5
393 520 8
393 530 31
393 578 1
393 583 2
393 593 1
394 400 49
394 457 40
394 466 35
394 504 41
394 515 37
394 537 46
394 570 26
395 399 19
395 428 8
395 430 6
395 446 39
395 461 17
395 466 27
395 496 33
395 513 34
395 528 8
395 534 49
395 535 16
395 538 16
395 568 42
395 596 35
396 403 19
396 413 48
396 426 8
396 434 13
396 510 2
396 526 15
396 529 45
396 537 4
396 552 18
396 557 46
396 568 5
396 597 10
397 412 32
397 421 45
397 458 46
397 484 30
397 492 23
397 494 14
397 500 37
397 517 30
397 538 4
397 540 5
397 555 6
398 421 36
398 424 39
398 451 14
398 514 36
398 515 6
398 547 31
399 402 30
399 448 43
399 460 1
399 499 27
399 500 50
399 504 15
399 538 31
399 539 17
399 553 10
399 559 34
400 441 36
400 442 7
400 467 40
400 486 45
400 538 38
400 543 35
401 412 40
401 426 17
401 430 9
401 474 5
401 481 6
401 495 40
401 499 10
401 502 12
401 521 46
401 550 46
401 576 50
401 578 11
401 581 33
401 583 6
401 585 43
402 418 12
402 421 48
402 435 45
402 450 41
402 481 49
402 485 10
402 486 21
402 522 17
402 550 21
402 562 6
402 573 3
402 582 27
402 594 46
403 445 49
403 447 16
403 452 32
403 478 41
403 491 35
403 519 42
403 536 45
403 555 42
403 562 31
403 573 5
403 592 3
404 407 26
404 410 2
404 432 5
404 441 38
404 479 34
404 496 12
404 594 32
405 406 48
405 425 11
405 426 29
405 463 38
405 474 9
405 539 38
405 549 10
405 555 28
406 455 10
406 507 15
406 516 30
406 527 36
406 546 12
407 411 30
407 426 3
407 435 43
407 446 20
407 451 37
407 453 34
407 529 15
408 422 30
408 430 15
408 505 21
408 517 33
408 571 42
408 584 24
409 418 37
409 425 32
409 430 9
409 455 48
409 486 15
409 491 6
409 492 8
409 517 43
409 555 45
409 566 18
409 583 32
410 416 4
410 425 45
410 470 41
410 488 19
410 496 26
410 510 28
410 559 32
411 458 6
411 460 31
411 468 25
411 470 25
411 483 19
411 486 10
411 491 41
411 497 49
411 499 26
411 534 13
411 539 33
411 548 20
411 569 36
411 578 19
412 487 3
412 513 45
412 530 18
412 546 17
412 547 2
412 555 27
412 563 10
412 571 47
413 450 44
413 473 41
413 511 50
413 533 41
413 538 34
413 567 20
413 590 16
414 415 11
414 436 2
414 451 23
414 453 41
414 479 28
414 483 50
414 485 10
414 505 39
414 520 40
414 533 10
414 535 15
414 582 3
415 444 42
415 490 36
415 494 40
415 496 12
415 516 38
415 526 34
415 565 31
416 474 4
416 503 38
416 528 7
416 545 15
416 577 34
417 425 2
417 426 8
417 477 33
417 495 42
417 519 41
417 524 5
417 557 10
417 564 1
417 574 6
417 577 34
417 590 42
418 426 35
418 436 33
418 442 3
418 459 23
418 469 25
418 477 14
418 489 39
418 493 29
418 504 7
418 541 24
418 556 18
418 573 18
418 579 11
418 589 4
419 439 48
419 467 17
419 493 41
419 508 6
419 523 31
419 530 26
419 537 7
419 540 38
419 551 10
420 435 1
420 437 30
420 468 14
420 485 12
420 497 31
420 519 21
420 557 47
420 560 24
420 564 5
420 571 30
420 582 28
420 583 30
421 436 4
421 462 41
421 473 18
421 481 34
421 483 47
421 497 42
421 501 1
421 506 16
421 518 4
421 528 6
421 532 15
421 553 20
421 572 46
421 588 20
421 590 3
422 427 21
422 451 28
422 491 42
422 492 31
422 493 30
422 524 22
422 525 46
422 527 41
422 544 4
422 556 17
422 564 38
422 571 27
422 590 23
422 595 19
422 599 6
423 486 2
423 501 24
423 531 46
423 541 20
423 552 7
423 553 44
423 560 13
424 448 9
424 495 11
424 519 16
424 534 15
424 550 25
424 571 38
424 585 10
424 589 46
425 475 40
425 483 33
425 495 25
425 500 31
425 529 15
425 539 5
425 584 2
426 492 10
426 499 47
426 522 5
426 525 26
426 532 36
426 535 33
426 549 49
426 551 4
426 574 38
426 575 2
426 593 29
427 461 35
427 467 23
427 472 35
427 486 30
427 491 35
427 504 46
427 533 40
427 573 3
427 583 10
428 444 16
428 458 40
428 490 19
428 502 11
428 548 29
428 573 3
428 575 36
428 599 9
429 466 17
429 474 40
429 532 13
429 544 27
429 556 38
430 454 19
430 459 4
430 488 24
430 494 2
430 507 4
430 560 29
430 561 41
430 584 6
430 593 8
431 441 26
431 491 28
431 513 44
431 531 5
431 538 15
431 545 39
431 555 47
431 586 17
431 593 48
432 434 12
432 447 6
432 521 19
432 588 23
433 466 34
433 478 23
433 495 10
433 509 44
433 541 40
433 547 1
433 554 8
433 579 18
433 586 38
434 474 27
434 501 21
434 503 11
434 512 30
434 515 27
434 553 40
434 557 20
434 582 34
435 440 49
435 470 47
435 486 13
435 508 42
435 552 4
435 558 27
435 565 33
435 567 50
436 442 45
436 446 30
436 465 13
436 472 50
436 474 50
436 503 35
436 536 35
436 564 23
437 454 46
437 476 31
437 500 12
437 530 46
437 545 38
437 548 31
437 578 34
437 587 14
438 447 3
438 449 44
438 453 45
438 482 29
438 509 35
438 526 17
438 532 12
438 541 33
438 561 13
438 564 27
438 571 25
439 481 18
439 486 3
439 499 7
439 506 19
439 531 48
439 535 38
439 556 32
439 589 49
439 596 38
440 449 18
440 490 36
440 496 12
440 518 14
440 541 16
440 554 25
441 474 9
441 475 3
441 478 5
441 510 42
441 571 19
441 573 7
441 575 38
441 589 13
442 501 38
442 504 22
442 519 29
442 528 1
442 536 7
442 580 44
442 582 27
442 595 33
443 452 13
443 459 32
443 477 41
443 481 32
443 488 31
443 499 28
443 536 13
443 550 31
443 551 17
443 565 32
443 581 16
443 588 28
444 456 45
444 495 33
444 499 2
444 509 6
444 512 38
444 566 8
444 582 49
445 503 6
445 554 17
445 563 36
445 573 20
445 578 6
446 461 10
446 462 1
446 474 6
446 476 16
446 487 46
446 488 35
446 516 50
446 525 8
446 535 18
446 570 40
446 597 39
447 464 48
447 468 19
447 505 3
447 534 30
448 461 36
448 486 35
448 513 46
448 523 15
448 538 31
448 555 28
448 563 19
448 588 36
448 599 17
449 481 26
449 530 35
449 574 24
449 585 44
449 599 22
450 453 44
450 484 49
450 503 33
450 518 46
450 535 7
450 542 50
450 543 41
450 566 43
450 569 49
450 579 50
451 501 10
451 518 38
451 525 39
452 462 9
452 481 7
452 484 43
452 485 38
452 530 44
452 538 29
452 582 33
453 459 8
453 472 10
453 479 13
453 502 28
453 509 47
453 511 29
453 525 6
453 548 33
453 572 3
453 586 49
453 591 5
454 479 48
454 486 50
454 493 37
454 503 43
454 524 6
454 536 37
454 537 35
454 572 48
454 575 37
454 595 34
454 596 7
455 480 25
455 483 24
455 515 15
455 534 33
455 538 19
455 544 2
455 567 26
455 569 47
455 570 37
456 460 33
456 479 8
456 482 1
456 495 11
456 500 7
456 514 31
456 530 18
456 583 39
457 464 35
457 481 16
457 500 45
457 523 32
457 562 15
457 569 34
457 570 26
457 594 22
457 597 22
458 479 12
458 487 19
458 541 8
458 562 48
458 569 27
459 461 32
459 483 21
459 487 43
459 488 14
459 497 41
459 510 47
459 517 39
459 539 38
459 540 35
459 559 24
459 568 47
459 574 35
459 582 36
460 489 3
460 544 17
460 562 3
460 573 44
461 558 2
461 571 20
461 584 38
461 596 35
462 485 37
462 511 21
462 545 13
462 551 8
462 597 42
463 473 24
463 478 29
463 501 2
463 502 21
463 524 7
463 555 33
463 591 44
463 596 50
464 504 49
464 520 34
464 522 48
464 531 39
464 542 23
464 554 34
464 587 12
464 596 20
465 473 20
465 479 49
465 489 24
465 505 36
465 546 3
465 549 19
465 594 39
466 526 23
466 530 7
466 566 24
466 580 9
467 469 29
467 481 36
467 516 18
467 532 23
467 549 11
468 472 46
468 485 24
468 493 34
468 515 3
468 526 8
468 539 27
468 552 4
468 566 6
468 576 12
469 481 3
469 491 45
469 493 37
469 497 36
469 526 8
469 546 6
469 578 5
469 587 9
471 484 31
471 531 42
471 570 11
471 596 50
472 493 31
472 507 35
472 511 8
472 535 4
472 540 45
472 567 38
472 572 41
472 585 13
473 475 10
473 481 3
473 484 8
473 500 35
473 512 36
473 520 12
473 532 45
473 583 14
473 593 15
474 489 50
474 497 28
474 511 19
474 541 46
474 565 14
474 566 4
474 594 6
475 500 21
475 505 10
475 517 16
475 581 1
475 590 2
476 484 28
476 501 2
476 536 32
476 542 13
476 554 9
476 570 37
476 575 9
476 589 49
476 593 29
477 510 23
477 545 8
478 483 31
478 533 31
478 539 45
478 579 17
479 488 44
479 505 39
479 581 32
480 494 11
480 505 40
480 513 9
480 548 29
480 574 36
480 578 22
480 581 33
481 487 43
481 511 42
481 512 42
481 523 8
481 528 45
481 556 45
481 580 35
481 584 46
481 585 26
482 489 49
482 496 7
482 521 12
482 526 8
482 543 5
482 544 40
482 547 30
482 548 14
482 573 23
482 578 12
482 585 10
482 587 41
483 484 8
483 486 48
483 489 22
483 498 18
483 502 38
483 503 31
483 547 48
483 560 25
483 582 4
483 596 30
484 487 19
484 489 48
484 517 24
484 520 26
484 526 42
484 531 18
484 539 12
484 551 39
484 554 46
484 558 11
484 599 45
485 489 9
485 519 20
485 531 1
485 532 1
485 551 1
485 568 17
485 572 23
485 587 15
486 521 26
486 533 13
486 561 22
486 588 24
487 508 36
487 512 41
487 529 13
487 536 16
487 540 38
487 548 39
487 587 22
488 503 20
488 510 7
488 547 19
489 500 45
489 508 32
489 550 10
489 567 14
489 568 45
490 504 48
490 507 9
490 519 7
490 539 45
490 546 18
491 523 28
491 533 47
491 536 20
491 549 29
491 587 13
492 501 42
492 509 45
492 540 39
492 569 6
492 593 18
493 528 12
493 540 41
493 541 10
493 564 26
493 569 9
493 581 47
493 593 14
494 515 30
494 517 18
494 525 20
494 547 48
494 551 12
494 582 3
494 587 9
495 505 26
495 508 47
495 533 8
495 549 34
495 565 6
496 521 4
496 543 3
496 570 33
496 587 1
497 555 22
497 561 13
497 572 13
497 592 15
498 525 7
498 551 1
498 561 22
498 573 26
498 582 14
499 530 13
499 534 35
499 539 39
499 548 21
499 552 34
499 573 2
499 580 2
499 591 1
500 571 21
500 578 1
500 586 15
501 529 25
501 559 9
501 582 40
502 505 22
502 507 18
502 521 25
502 536 27
502 539 22
502 582 30
502 584 11
502 596 22
503 520 3
503 527 24
503 536 36
503 561 20
504 506 32
504 580 37
505 525 41
505 527 8
505 547 2
505 549 3
505 556 44
505 568 41
505 589 25
506 514 27
506 531 44
506 569 26
506 579 30
506 590 15
507 526 26
507 585 44
507 588 41
508 522 36
508 531 35
508 555 12
508 572 4
508 594 11
509 525 40
509 548 25
509 554 40
509 560 1
509 562 48
509 572 45
510 525 26
510 527 33
510 553 14
510 570 7
510 587 21
511 562 4
511 599 16
512 533 23
512 534 9
512 541 12
512 549 15
512 581 33
513 551 40
513 558 8
513 569 11
514 518 19
514 524 24
514 525 38
514 536 14
514 590 15
515 540 24
515 559 50
515 569 26
515 571 29
515 572 11
515 577 18
515 597 3
516 544 2
516 551 20
516 583 2
516 598 46
517 524 45
517 528 34
517 543 9
517 579 3
517 581 7
518 521 15
518 548 21
519 557 29
519 589 23
520 581 32
520 590 43
521 543 7
521 546 21
521 579 50
521 581 17
521 586 42
521 599 24
522 564 7
522 590 7
522 591 40
523 533 30
523 537 9
523 545 17
523 589 8
524 549 19
524 572 34
524 593 12
525 554 22
526 535 3
526 565 13
526 576 18
527 554 49
527 563 48
527 564 28
527 572 4
527 577 4
527 584 42
527 593 24
528 544 34
528 549 16
528 553 7
528 563 26
528 568 25
528 570 27
528 584 28
528 588 41
529 540 20
529 581 3
529 591 49
530 569 29
530 582 42
531 537 28
531 548 37
531 586 8
532 559 37
532 581 7
533 566 44
534 541 48
534 547 28
534 591 48
535 539 12
535 543 47
535 548 47
535 560 12
535 565 27
535 567 2
535 577 15
536 539 20
536 547 25
536 578 1
536 588 36
537 539 31
537 570 28
537 576 10
537 597 9
538 550 5
538 558 2
538 562 31
538 564 9
538 574 1
538 576 11
538 596 2
539 541 30
539 544 47
539 555 10
539 578 17
539 584 5
540 549 3
540 551 16
540 563 34
540 581 2
540 585 28
540 588 33
541 563 48
541 575 39
541 580 9
541 593 49
542 560 5
542 562 28
542 573 25
542 587 5
543 546 15
544 548 7
544 569 33
544 573 24
544 580 16
544 581 39
545 561 28
546 549 46
546 553 50
546 579 30
546 585 8
547 553 1
547 567 9
547 583 4
548 549 10
549 552 27
549 557 10
549 567 14
549 588 43
551 556 43
551 578 16
552 585 20
552 587 25
553 562 15
553 591 10
554 586 35
555 559 16
555 563 14
556 582 13
557 570 40
557 589 21
558 574 27
558 587 47
559 580 5
559 583 3
560 577 14
561 567 43
561 582 32
562 565 11
562 567 42
563 568 11
564 567 18
564 571 45
564 592 21
564 596 23
565 572 4
565 590 50
566 595 32
568 583 20
569 572 42
570 577 26
570 593 35
570 595 13
571 580 3
571 599 1
573 584 24
574 578 39
574 588 16
576 591 39
576 596 1
579 592 8
580 582 9
582 596 30
583 588 6
583 590 13
584 586 32
584 591 21
585 595 8
586 588 15
586 592 31
588 598 1
591 597 27
592 595 50
595 596 45
600 299 78
601 599 16
600 601 94
602 635 2
602 636 2
602 644 18
602 650 21
602 694 16
602 700 18
602 727 12
602 748 14
602 770 15
602 782 11
602 792 20
602 802 17
602 816 22
602 818 16
602 835 21
602 837 17
602 846 20
602 857 3
603 609 2
603 616 11
603 629 18
603 678 23
603 683 13
603 700 6
603 713 21
603 735 5
603 756 2
603 758 3
603 798 17
603 808 21
603 821 16
603 832 18
603 833 24
603 863 8
603 876 15
603 898 14
604 613 25
604 625 2
604 641 4
604 642 15
604 648 14
604 662 23
604 668 8
604 669 10
604 670 15
604 681 4
604 724 1
604 759 9
604 808 6
604 822 4
605 626 21
605 685 25
605 719 1
605 725 8
605 741 7
605 744 21
605 752 15
605 797 11
605 801 23
605 812 8
605 816 8
605 846 13
605 857 25
605 884 6
605 896 23
606 620 17
606 623 21
606 625 24
606 652 20
606 661 24
606 685 13
606 715 8
606 737 23
606 799 23
606 831 17
606 847 14
607 647 1
607 652 19
607 656 24
607 664 8
607 701 22
607 725 19
607 741 9
607 755 22
607 775 4
607 776 16
607 782 18
607 834 18
607 860 3
607 883 17
608 664 25
608 672 10
608 674 7
608 683 1
608 703 17
608 704 4
608 705 19
608 721 12
608 745 2
608 747 13
608 763 12
608 779 17
608 805 20
608 815 11
608 817 16
608 821 11
608 841 24
608 850 18
608 887 6
609 615 22
609 631 2
609 651 2
609 655 17
609 656 10
609 662 1
609 675 20
609 703 2
609 726 20
609 727 14
609 735 4
609 745 11
609 793 15
609 805 15
609 808 17
609 814 16
609 839 6
609 851 22
609 863 9
609 878 17
609 881 1
609 894 24
610 625 5
610 632 19
610 633 18
610 662 15
610 685 9
610 750 6
610 769 15
610 787 1
610 791 11
610 802 13
610 822 2
610 839 15
610 847 5
610 863 13
610 876 15
611 614 1
611 618 15
611 631 9
611 634 17
611 647 20
611 659 21
611 661 6
611 677 10
611 678 15
611 706 23
611 712 15
611 744 13
611 760 9
611 782 9
611 797 13
611 815 7
611 832 13
611 838 8
611 855 24
611 880 5
611 898 16
612 630 6
612 639 19
612 657 18
612 675 17
612 686 9
612 701 21
612 726 8
612 742 15
612 761 9
612 779 24
612 815 15
612 818 23
612 834 7
612 864 8
612 866 19
612 895 4
612 897 16
613 665 3
613 679 18
613 682 13
613 688 18
613 737 6
613 740 23
613 768 3
613 800 20
613 806 4
613 808 17
613 861 3
613 886 5
614 631 21
614 634 20
614 639 10
614 752 17
614 755 15
614 764 3
614 775 25
614 783 10
614 836 10
614 842 14
614 886 18
615 618 8
615 647 5
615 649 17
615 676 16
615 686 13
615 717 11
615 728 22
615 742 3
615 774 13
615 843 14
615 869 17
616 631 7
616 695 21
616 775 15
616 781 11
616 816 18
616 858 20
616 868 3
616 872 20
616 890 24
617 621 23
617 632 16
617 661 11
617 663 16
617 673 5
617 684 13
617 728 15
617 729 15
617 731 23
617 757 3
617 758 9
617 764 7
617 779 10
617 782 3
617 784 25
617 789 24
617 809 13
617 819 21
617 837 1
617 840 2
617 860 11
618 702 19
618 723 11
618 726 7
618 733 8
618 763 21
618 783 24
618 791 3
618 829 23
618 874 20
618 881 3
619 625 23
619 637 10
619 648 13
619 692 13
619 702 17
619 717 1
619 720 5
619 741 8
619 745 25
619 752 9
619 789 16
619 859 8
619 861 18
619 871 18
620 655 7
620 661 16
620 673 7
620 688 4
620 732 18
620 813 11
620 843 15
620 849 12
620 865 21
621 648 21
621 661 21
621 675 18
621 744 21
621 772 25
621 788 18
621 789 15
621 801 3
621 812 15
621 834 1
621 836 17
621 857 4
621 860 17
621 882 19
621 897 8
622 676 24
622 677 20
622 691 17
622 706 17
622 752 5
622 850 11
622 883 11
623 635 11
623 643 2
623 651 18
623 656 15
623 732 19
623 744 5
623 762 4
623 792 7
623 797 25
623 852 1
624 629 5
624 635 19
624 636 21
624 647 4
624 701 11
624 754 12
624 789 8
624 794 25
624 808 12
624 810 2
624 826 6
624 841 6
624 873 20
624 895 13
625 628 6
625 657 17
625 659 6
625 668 24
625 717 21
625 733 17
625 753 10
625 767 6
625 775 20
625 796 4
625 819 22
625 837 13
626 639 8
626 655 2
626 665 22
626 707 9
626 719 4
626 767 1
626 775 2
626 796 1
626 833 6
626 834 13
626 849 12
626 854 14
626 868 14
626 897 1
627 651 17
627 653 21
627 668 8
627 671 11
627 674 11
627 704 15
627 718 2
627 747 16
627 757 14
627 859 22
627 874 7
627 882 25
627 883 5
627 885 1
627 898 3
628 661 3
628 675 16
628 694 12
628 721 7
628 725 14
628 746 22
628 768 10
628 804 16
628 809 23
628 827 13
628 872 21
628 889 12
628 898 1
629 666 11
629 700 3
629 750 1
629 769 2
629 781 23
629 791 10
629 871 15
630 653 8
630 675 25
630 678 18
630 695 24
630 707 15
630 735 17
630 788 7
630 811 14
630 830 21
630 877 10
631 662 18
631 680 25
631 726 2
631 765 4
631 769 8
631 776 17
631 796 2
631 808 20
631 840 7
631 880 24
631 894 7
632 638 4
632 815 13
632 821 7
632 867 15
632 888 15
633 640 10
633 643 18
633 646 14
633 670 19
633 685 7
633 743 22
633 758 20
633 765 25
633 815 22
633 893 9
633 895 16
634 665 5
634 696 22
634 716 13
634 731 16
634 739 16
634 769 14
634 793 19
634 800 21
634 807 22
634 830 10
634 849 22
634 852 16
634 856 16
635 638 23
635 663 22
635 673 22
635 674 10
635 691 3
635 697 11
635 746 1
635 749 14
635 770 3
635 827 14
635 847 10
635 865 12
636 646 12
636 659 4
636 661 11
636 681 8
636 682 15
636 694 3
636 720 15
636 721 11
636 725 15
636 735 5
636 777 4
636 792 3
636 820 24
636 824 24
636 851 24
636 854 10
636 882 21
637 671 16
637 695 3
637 747 18
637 748 12
637 751 24
637 755 4
637 768 17
637 840 9
637 846 4
637 864 5
637 884 13
637 897 19
638 643 14
638 674 24
638 684 6
638 713 20
638 728 11
638 729 15
638 735 9
638 744 13
638 745 4
638 773 21
638 817 2
638 818 11
638 842 24
638 855 7
638 862 11
638 879 23
638 890 7
639 646 20
639 656 18
639 661 23
639 678 24
639 699 12
639 706 9
639 729 22
639 785 15
639 799 2
639 804 7
639 810 20
639 816 9
639 824 20
639 878 13
639 891 24
640 664 20
640 703 20
640 730 18
640 735 6
640 767 10
640 778 3
640 798 18
640 815 15
640 838 24
640 877 22
641 649 2
641 666 22
641 684 3
641 700 12
641 722 21
641 795 11
641 804 9
641 816 15
641 833 8
641 878 7
642 650 1
642 666 19
642 684 4
642 691 17
642 702 20
642 712 12
642 743 11
642 760 5
642 800 6
642 826 24
642 844 4
642 850 3
642 896 20
642 901 23
643 680 8
643 702 4
643 703 1
643 712 2
643 713 21
643 715 1
643 722 23
643 759 22
643 781 24
643 783 2
643 784 11
643 797 20
643 841 13
643 867 19
643 868 9
644 707 22
644 717 2
644 718 12
644 720 15
644 758 5
644 762 5
644 783 12
644 794 17
644 796 16
644 817 16
644 818 24
644 819 16
644 894 21
644 899 1
645 650 10
645 657 19
645 660 10
645 664 16
645 698 21
645 709 12
645 719 11
645 752 21
645 770 9
645 779 9
645 835 19
645 846 13
645 857 19
645 869 13
645 876 25
645 898 12
646 657 24
646 735 23
646 756 16
646 759 12
646 770 13
646 772 20
646 806 16
646 822 1
646 826 13
646 830 8
646 856 18
647 674 14
647 683 23
647 687 14
647 714 16
647 756 8
647 775 9
647 784 1
647 817 25
647 818 4
647 830 12
647 837 10
647 845 1
647 874 22
647 894 18
647 901 19
648 651 11
648 665 14
648 688 9
648 690 12
648 699 2
648 712 9
648 820 10
648 823 17
648 830 22
649 713 22
649 722 14
649 735 12
649 751 24
649 767 3
649 769 22
649 783 16
649 791 16
649 812 19
649 874 4
649 889 9
649 900 3
650 692 12
650 704 9
650 747 2
650 807 17
650 812 22
650 816 13
650 836 17
650 889 20
651 682 8
651 688 11
651 689 6
651 721 21
651 728 21
651 733 17
651 752 22
651 778 4
651 805 1
651 858 14
651 889 25
651 891 24
652 654 2
652 660 13
652 690 22
652 741 6
652 743 9
652 757 13
652 759 22
652 797 5
652 807 18
652 815 5
652 829 7
652 836 7
652 866 15
652 884 11
652 892 23
653 656 13
653 694 23
653 696 17
653 758 7
653 775 5
653 801 4
653 838 12
653 864 25
654 664 24
654 678 6
654 691 24
654 703 4
654 756 6
654 762 14
654 772 5
654 800 7
654 812 15
654 817 17
654 830 3
654 835 20
654 847 3
654 851 17
654 860 18
655 681 7
655 683 10
655 750 24
655 755 15
655 763 16
655 792 13
655 796 25
655 806 15
655 810 2
655 822 25
655 833 6
655 860 9
655 876 6
656 661 11
656 679 20
656 684 8
656 697 9
656 702 25
656 706 6
656 718 14
656 724 8
656 725 19
656 774 18
656 789 14
656 801 10
656 819 10
656 824 18
656 834 6
656 857 14
657 697 10
657 701 1
657 714 22
657 762 21
657 778 24
657 792 11
657 805 13
657 810 14
657 846 13
657 881 2
657 888 15
658 677 14
658 700 10
658 717 23
658 725 19
658 742 20
658 751 20
658 772 1
658 775 6
658 781 21
658 785 8
658 853 19
658 869 5
658 874 1
659 681 12
659 742 20
659 755 10
659 782 23
659 785 13
659 805 18
659 810 11
659 814 24
659 882 18
659 901 9
660 683 19
660 714 16
660 726 19
660 747 8
660 755 6
660 771 8
660 809 9
660 832 21
660 834 21
660 869 20
660 870 20
660 878 17
660 883 15
660 891 16
661 663 19
661 671 22
661 679 14
661 689 2
661 693 15
661 701 18
661 745 2
661 759 3
661 771 13
661 797 14
661 798 25
661 801 2
661 805 6
661 816 12
661 817 25
661 825 25
661 832 20
661 833 20
661 857 15
661 858 16
661 879 2
662 717 23
662 730 25
662 751 12
662 767 20
662 777 23
662 780 7
662 803 14
662 828 14
662 841 23
662 847 7
662 857 7
663 693 19
663 694 20
663 695 10
663 715 10
663 735 12
663 747 12
663 754 13
663 773 1
663 798 2
663 803 14
663 804 2
663 842 9
663 848 1
663 872 1
663 886 8
664 675 22
664 685 22
664 714 24
664 716 14
664 737 23
664 756 21
664 759 16
664 774 12
664 832 15
664 846 13
664 848 18
664 849 6
664 885 3
664 888 17
665 699 12
665 733 11
665 827 12
665 864 6
665 891 21
666 667 21
666 690 19
666 696 9
666 720 8
666 733 20
666 737 10
666 759 22
666 771 21
666 801 18
666 839 24
666 842 24
666 857 25
666 861 22
666 874 20
667 670 23
667 682 11
667 686 20
667 699 21
667 741 1
667 767 6
667 790 10
667 793 15
667 842 25
667 843 17
667 847 17
667 848 16
667 878 3
667 882 4
667 890 2
668 720 10
668 723 24
668 741 24
668 759 6
668 764 9
668 770 7
668 786 2
668 841 18
668 847 5
668 854 24
668 897 12
669 685 5
669 718 22
669 724 11
669 748 1
669 771 19
669 780 11
669 801 13
669 828 15
669 832 8
669 875 13
669 877 20
670 679 17
670 689 4
670 695 19
670 742 9
670 746 20
670 751 11
670 778 13
670 782 1
670 806 12
670 807 25
670 832 1
670 851 10
670 852 7
670 873 10
670 878 18
671 674 8
671 681 4
671 684 24
671 710 6
671 722 16
671 779 3
671 788 5
671 793 3
671 806 6
671 810 23
671 811 15
671 827 18
671 862 12
672 678 22
672 701 8
672 732 8
672 752 14
672 786 11
672 816 3
672 822 24
672 872 8
672 873 13
672 892 13
673 675 10
673 698 1
673 704 14
673 753 10
673 834 12
673 852 20
673 864 19
674 689 7
674 774 2
674 796 23
674 852 5
674 872 10
674 888 15
674 895 10
675 713 14
675 758 17
675 782 17
675 794 13
675 861 7
675 865 11
675 899 24
676 724 5
676 735 20
676 756 8
676 757 20
676 796 8
676 811 10
676 860 18
676 873 15
676 880 24
676 893 8
677 705 1
677 714 24
677 737 23
677 757 10
677 774 10
677 777 18
677 800 6
677 849 18
677 881 21
677 884 5
678 718 25
678 747 5
678 802 19
678 806 11
678 826 18
678 827 12
678 828 2
678 860 5
678 885 20
678 889 12
679 698 5
679 700 25
679 703 7
679 745 14
679 751 19
679 767 14
679 772 23
679 773 14
679 774 5
679 794 21
679 799 23
679 810 7
679 836 21
679 852 20
679 858 16
679 859 8
679 877 12
679 887 23
679 892 25
679 893 10
679 900 2
680 681 24
680 688 14
680 707 22
680 755 9
680 761 9
680 769 11
680 791 12
680 874 13
681 727 5
681 733 1
681 735 20
681 736 6
681 742 9
681 753 8
681 769 25
681 770 24
681 848 8
681 853 15
681 869 5
682 690 5
682 757 12
682 784 11
682 792 1
682 807 6
682 819 3
682 824 8
682 841 20
682 885 1
683 684 9
683 703 4
683 711 4
683 719 10
683 794 19
683 849 3
683 870 20
683 875 2
683 900 13
684 730 7
684 811 17
684 812 19
684 816 7
684 855 11
684 856 25
684 896 17
685 687 20
685 688 24
685 694 15
685 723 2
685 724 13
685 726 21
685 796 9
685 820 1
685 843 6
685 845 9
685 850 6
685 883 8
685 890 18
685 901 2
686 688 10
686 696 1
686 711 7
686 723 14
686 757 12
686 763 1
686 770 18
686 771 7
686 809 2
686 833 5
686 854 13
686 857 18
687 728 23
687 749 21
687 762 5
687 784 22
687 786 14
687 809 25
687 818 22
687 833 3
687 844 3
687 853 11
688 716 23
688 734 13
688 751 11
688 757 5
688 763 21
688 772 19
688 783 14
688 804 15
688 806 20
688 825 24
688 830 18
688 847 2
688 891 14
689 697 4
689 701 4
689 718 6
689 723 10
689 736 5
689 745 12
689 755 24
689 780 25
689 783 9
689 785 19
689 791 4
689 805 8
689 808 7
689 812 5
689 823 6
689 829 11
689 862 10
689 881 17
689 895 10
690 734 22
690 745 2
690 750 16
690 759 20
690 767 22
690 783 5
690 790 9
690 856 19
691 784 5
691 785 3
691 803 20
691 804 20
691 812 7
691 828 25
691 832 2
691 862 18
691 896 4
691 899 13
692 693 17
692 707 5
692 758 23
692 771 12
692 798 9
692 834 7
692 855 21
692 864 15
692 865 13
693 703 6
693 760 24
693 765 4
693 783 18
693 796 23
693 847 7
693 849 8
693 873 17
693 894 4
694 706 14
694 741 2
694 746 22
694 748 20
694 805 5
694 837 18
694 859 14
694 886 13
694 890 17
694 901 17
695 713 5
695 722 22
695 733 4
695 800 21
695 807 2
695 809 4
695 810 10
695 854 12
695 891 10
696 725 5
696 748 1
696 755 22
696 778 12
696 785 2
696 854 2
696 855 4
696 858 24
696 860 9
697 703 14
697 781 17
697 812 14
697 868 4
697 901 18
698 710 12
698 854 24
698 870 22
698 889 6
698 893 14
698 898 11
699 786 24
699 793 6
699 801 16
699 884 20
699 900 11
700 728 13
700 741 23
700 764 14
700 814 22
700 820 9
700 824 24
700 826 1
700 839 12
700 862 20
700 886 13
701 704 13
701 722 22
701 737 18
701 740 11
701 746 7
701 761 8
701 785 4
701 817 22
701 834 12
701 839 21
701 857 8
701 863 12
701 876 20
701 895 15
701 899 25
702 715 5
702 773 13
702 782 7
702 802 20
702 811 9
702 851 18
702 869 10
702 887 7
703 727 6
703 730 6
703 749 15
703 764 6
703 769 9
703 784 1
703 788 3
703 790 21
703 806 15
703 821 1
703 829 15
703 830 2
703 834 7
703 838 23
703 850 5
703 851 5
703 854 11
703 855 1
703 876 12
704 712 22
704 727 22
704 737 3
704 760 23
704 774 1
704 786 15
704 805 5
704 810 23
704 815 23
704 822 24
704 823 7
704 835 4
704 839 4
705 725 14
705 764 21
705 765 10
705 807 22
705 808 23
705 837 12
706 716 19
706 723 13
706 793 12
706 804 9
706 820 16
706 847 20
706 864 8
706 900 21
707 710 24
707 739 18
707 787 23
707 819 12
707 828 16
707 829 21
707 847 14
707 883 15
707 884 21
707 892 3
707 901 21
708 714 20
708 748 2
708 776 19
708 797 3
708 805 6
708 833 25
708 834 17
708 892 3
708 893 11
708 898 13
709 724 25
709 759 24
709 764 7
709 777 14
709 793 12
709 798 17
709 799 7
709 813 6
709 821 24
709 854 4
709 888 6
709 901 18
710 725 1
710 747 19
710 754 10
710 760 21
710 769 7
710 773 24
710 779 18
710 796 11
710 859 20
710 862 15
711 720 12
711 736 15
711 738 17
711 771 19
711 783 14
711 787 8
711 808 23
711 899 24
712 768 23
712 809 25
712 816 24
712 829 6
712 834 15
712 839 10
712 850 22
712 868 21
713 715 17
713 723 22
713 730 24
713 734 22
713 749 16
713 766 1
713 773 17
713 791 25
713 802 23
713 806 23
713 824 25
713 827 18
713 834 10
713 835 21
713 886 7
714 787 24
714 801 11
714 812 23
714 829 19
714 838 1
714 858 8
715 716 17
715 734 2
715 738 5
715 745 18
715 765 25
715 770 10
715 772 7
715 786 10
715 811 6
715 831 5
715 837 1
715 844 4
715 855 5
715 887 25
715 890 19
716 726 8
716 735 16
716 808 20
716 812 5
716 866 16
716 876 19
716 883 24
716 897 25
717 721 15
717 729 7
717 746 25
717 747 2
717 803 5
717 805 19
717 832 2
717 894 12
717 896 12
718 724 3
718 727 18
718 732 4
718 739 3
718 763 2
718 766 12
718 767 14
718 779 9
718 803 16
718 806 14
718 811 12
718 824 21
718 827 15
718 863 7
718 872 3
719 724 8
719 761 1
719 766 9
719 767 23
719 787 19
719 788 10
719 819 24
719 826 10
719 837 16
719 862 1
719 895 11
720 726 22
720 780 19
720 821 13
720 827 10
720 871 7
720 893 15
721 744 2
721 749 10
721 752 19
721 799 3
721 822 23
721 851 7
722 725 13
722 751 14
722 763 23
722 817 24
722 845 11
722 891 12
723 733 7
723 734 15
723 750 21
723 756 7
723 769 23
723 774 18
723 804 3
723 819 9
723 856 19
723 857 12
723 873 25
723 879 19
724 731 23
724 751 23
724 756 14
724 757 10
724 765 8
724 766 20
724 770 1
724 785 9
724 798 6
724 803 20
724 805 14
724 807 3
724 826 1
724 845 1
724 878 16
724 883 23
724 900 2
725 727 3
725 734 12
725 748 8
725 811 17
725 818 7
725 859 15
725 866 17
725 886 2
726 733 19
726 738 25
726 757 22
726 780 5
726 808 1
726 813 17
726 828 2
726 854 24
726 867 5
726 868 13
726 877 6
726 887 24
726 900 14
727 737 14
727 738 4
727 743 10
727 789 4
727 801 8
728 742 12
728 764 5
728 773 24
728 791 12
728 796 8
728 800 3
728 802 25
728 823 15
728 825 20
728 831 6
728 855 6
728 880 11
728 889 9
729 733 24
729 742 10
729 758 5
729 759 6
729 766 11
729 829 21
729 831 7
729 866 9
729 873 2
729 886 22
730 753 14
730 759 2
730 766 10
730 812 4
730 815 7
730 825 21
731 774 10
731 780 15
731 820 7
731 884 14
731 897 15
732 740 20
732 760 23
732 768 17
732 785 19
732 794 14
732 797 11
732 854 25
732 861 22
732 877 21
733 755 10
733 773 20
733 778 8
733 809 17
733 821 2
733 835 18
733 846 14
733 850 9
733 858 3
733 866 16
733 879 5
733 881 18
733 885 17
733 897 16
734 763 23
734 782 24
734 788 13
734 793 7
734 799 13
734 817 21
734 821 22
734 827 4
734 848 16
734 855 19
734 874 20
734 881 9
735 781 8
735 812 6
735 819 10
735 832 4
735 864 3
736 737 22
736 746 25
736 758 10
736 827 13
736 840 2
736 841 4
736 845 1
736 848 12
736 883 8
736 897 18
737 741 18
737 764 25
737 773 12
737 800 10
737 811 25
737 867 10
737 887 24
737 888 6
737 895 24
738 775 19
738 790 5
738 834 2
738 840 9
738 850 23
738 863 23
738 881 20
738 889 7
738 891 5
738 895 6
739 755 12
739 771 8
739 779 2
739 809 14
739 850 19
739 883 14
739 885 17
740 839 25
740 843 17
740 870 3
740 901 7
741 768 11
741 805 22
741 807 9
741 842 22
741 894 8
741 898 8
742 760 6
742 785 6
742 789 15
742 795 6
742 799 24
742 815 19
742 829 9
742 899 10
743 778 19
743 788 7
743 790 6
743 794 2
743 795 11
743 803 11
743 827 14
744 753 20
744 757 13
744 759 2
744 762 14
744 806 3
744 814 18
744 845 13
744 856 19
744 866 22
744 876 21
744 882 5
745 754 20
745 758 4
745 762 3
745 777 2
745 798 11
745 799 11
745 800 7
745 808 3
745 851 16
745 862 7
745 892 23
745 898 2
746 767 18
746 782 16
746 788 8
746 790 23
746 793 18
746 892 20
746 897 9
747 748 8
747 761 17
747 779 21
747 784 9
747 786 5
747 805 25
747 848 3
747 855 19
747 896 19
747 900 1
748 773 14
748 836 25
748 851 20
748 877 20
749 767 4
749 783 21
749 795 7
749 813 14
749 814 4
749 815 9
749 819 5
749 881 12
750 754 7
750 755 8
750 780 5
750 830 24
750 859 17
751 787 2
751 788 16
751 795 13
751 824 12
751 831 23
751 862 4
751 882 9
752 763 8
752 810 10
752 830 9
752 842 12
753 771 3
753 785 4
753 800 12
753 899 19
754 783 5
754 801 6
754 850 15
754 852 8
754 882 3
755 769 21
755 853 22
755 854 8
755 880 5
755 895 3
756 759 20
756 792 13
756 824 10
756 849 1
756 867 11
756 901 3
757 812 4
758 760 4
758 769 15
758 781 16
758 790 3
758 791 19
758 793 1
758 805 11
758 886 3
759 762 9
759 771 22
759 792 8
759 818 12
759 819 11
759 829 3
759 836 18
759 846 16
759 847 17
759 849 1
759 859 21
759 863 12
759 882 24
760 813 3
760 831 18
760 857 1
760 892 24
760 894 7
761 764 12
761 765 1
761 782 20
761 786 14
761 789 5
761 817 23
761 836 3
761 873 22
761 888 2
762 784 21
762 869 22
763 769 12
763 772 1
763 789 8
763 803 11
763 812 8
763 819 21
763 836 21
763 864 12
763 888 14
763 891 13
763 899 3
763 900 14
764 774 8
764 775 14
764 800 12
764 827 13
764 833 9
764 846 14
764 869 13
764 871 15
764 876 2
764 898 14
765 790 11
765 801 15
765 806 18
765 810 8
765 830 19
765 851 16
765 881 10
765 893 17
765 897 12
766 787 23
766 809 17
766 827 19
766 838 10
766 844 1
766 856 15
766 866 5
766 867 12
766 889 5
766 898 20
767 786 14
767 818 20
767 844 4
768 769 4
768 771 8
768 862 16
768 881 14
768 887 21
768 892 6
769 798 6
769 812 22
769 815 19
769 818 16
769 823 13
769 829 13
769 855 24
769 876 6
769 891 3
769 893 10
770 806 22
770 828 16
770 833 9
770 845 13
770 858 12
770 867 19
770 897 13
771 776 3
771 798 23
771 819 1
771 822 7
771 828 19
771 855 14
771 892 1
772 778 23
772 821 20
772 851 8
773 776 13
773 800 8
773 819 5
773 824 18
773 833 13
773 844 3
773 864 13
773 900 4
774 803 15
774 810 25
774 820 4
774 827 20
774 877 4
774 887 15
774 899 17
775 853 22
775 859 23
775 880 6
775 884 8
775 886 16
776 827 21
776 843 12
776 859 16
776 872 21
776 878 18
777 779 9
777 796 12
777 799 20
777 842 6
777 861 8
778 785 2
778 823 21
778 831 17
778 865 8
778 867 15
778 882 5
779 792 10
779 793 5
779 804 10
779 816 24
779 830 6
779 838 15
779 839 18
779 871 10
779 875 4
779 899 11
780 793 8
780 794 3
780 796 19
780 815 15
780 832 19
780 838 14
780 844 1
781 827 11
781 848 11
781 853 20
781 858 19
781 869 24
781 895 14
782 841 2
782 893 6
782 894 17
783 785 24
783 794 23
783 795 24
783 813 15
783 823 4
783 831 8
783 860 19
783 884 15
783 885 8
784 791 2
784 792 4
784 793 2
784 794 11
784 802 9
784 842 13
784 860 18
784 871 11
784 872 6
784 888 9
785 833 6
785 869 21
785 878 11
786 801 16
786 837 6
786 852 7
786 855 12
786 863 5
787 790 20
787 859 15
787 867 12
787 885 13
788 853 15
788 859 9
788 874 11
788 897 6
789 794 12
789 804 20
789 805 25
789 821 1
789 865 2
789 875 3
789 893 6
790 797 5
790 802 13
790 810 16
790 825 17
790 846 7
790 880 2
790 882 24
790 891 17
790 892 9
791 809 21
791 852 4
791 861 2
791 867 4
791 884 10
791 885 15
791 888 8
792 801 6
792 816 4
792 822 21
792 833 18
792 875 20
792 895 5
793 797 5
793 807 25
793 813 18
793 842 1
793 846 1
794 822 21
794 835 4
794 837 3
794 852 3
794 888 8
795 809 17
795 824 19
795 830 2
795 833 25
795 844 22
795 855 2
795 870 16
795 877 5
795 888 23
796 797 21
796 806 8
796 813 1
796 820 7
796 822 22
796 864 10
797 840 12
797 857 2
797 868 5
797 898 6
798 816 21
798 841 11
798 868 10
798 879 21
798 891 6
799 849 10
799 897 23
799 900 1
800 892 15
801 820 1
801 873 5
801 885 23
801 898 19
802 804 23
802 852 24
803 820 19
803 823 19
803 833 25
803 836 11
803 845 1
803 847 24
803 852 7
803 868 10
803 869 24
803 879 13
805 811 7
805 868 10
806 826 2
806 868 8
806 881 17
806 884 7
807 860 4
808 811 2
808 814 17
808 818 1
808 833 7
808 865 3
809 812 25
809 822 9
809 841 18
809 846 2
809 872 14
809 878 17
810 840 21
811 823 13
811 831 17
811 855 16
811 868 9
812 814 18
812 826 1
812 842 9
812 848 17
812 853 9
812 868 18
812 869 17
812 871 24
812 879 1
813 816 2
813 820 25
813 845 9
813 850 18
813 872 6
813 884 14
813 898 21
814 822 24
814 823 16
814 835 5
814 874 4
814 876 17
814 883 13
814 886 23
814 887 19
815 850 3
815 855 16
815 868 14
815 881 16
816 831 7
816 836 4
816 844 24
816 852 24
817 850 6
817 860 9
817 867 15
817 885 15
818 830 3
818 832 9
818 846 15
818 855 6
818 862 10
818 870 14
818 895 14
818 899 4
819 840 21
819 854 4
819 855 24
819 866 22
819 884 21
820 823 3
820 846 2
820 854 12
820 868 18
820 883 24
821 869 5
821 898 20
821 900 14
822 885 20
823 827 12
823 855 22
823 884 25
824 889 12
825 844 20
825 845 6
825 884 22
825 893 12
825 900 22
826 834 25
826 850 20
826 853 11
826 893 5
826 900 6
827 853 1
827 857 20
827 865 9
827 883 21
827 888 25
827 897 9
828 834 17
828 838 20
828 891 12
829 854 18
829 879 6
829 882 6
829 891 18
829 897 13
830 832 2
830 833 8
830 838 9
830 868 14
830 876 4
830 882 9
830 893 2
831 842 1
831 892 16
832 835 24
832 850 12
832 863 12
832 889 23
833 843 6
833 847 24
833 854 4
833 878 11
833 889 24
833 893 25
833 900 21
834 860 19
834 864 24
834 872 4
835 844 13
835 855 18
836 837 17
836 839 7
836 857 25
836 867 22
837 843 2
837 845 14
837 850 24
837 873 9
837 886 23
837 891 14
837 897 15
838 850 8
838 862 15
838 894 15
840 866 23
840 895 13
840 901 1
841 865 11
841 894 12
841 899 8
842 850 9
842 857 17
842 875 18
842 888 7
843 846 16
843 852 13
843 853 2
843 861 14
843 862 18
844 885 16
844 893 8
845 893 10
845 894 23
846 868 10
846 873 6
846 880 24
846 882 25
846 897 6
847 851 9
847 860 24
847 875 19
847 888 23
848 863 6
848 867 11
848 872 12
848 874 5
848 876 25
848 877 14
848 887 15
848 890 12
849 896 21
850 866 25
850 874 5
850 878 15
851 857 8
851 872 21
851 888 4
852 887 10
853 855 11
853 896 22
854 878 25
854 891 19
855 886 6
856 872 24
856 873 5
856 877 11
857 885 24
857 901 4
858 872 19
858 878 8
859 881 3
859 892 12
860 871 5
860 872 10
861 889 24
862 894 19
863 865 15
864 870 24
864 885 7
864 887 6
865 874 12
865 881 5
866 880 6
867 875 16
867 876 19
868 887 15
869 878 11
869 897 23
871 878 1
871 880 24
873 882 21
873 885 3
874 876 19
875 879 1
875 889 1
875 893 23
876 894 13
877 879 25
878 885 3
880 883 6
880 897 9
880 900 7
882 892 20
882 894 13
884 885 17
889 895 18
892 899 8
893 894 8
893 895 16
894 900 17
902 601 93
903 901 25
902 903 22
