904 6735
98 57 17 74 95 91 18 28 52 70 7 91 32 55 39 15 86 29 40 94 60 36 66 100 82 22 94 41 68 88 27 65 44 44 90 38 34 7 18 37 28 24 28 12 30 18 26 16 46 17 61 58 4 26 57 85 99 50 78 66 90 4 83 85 47 72 23 80 31 92 17 10 67 96 21 97 13 98 64 10 15 24 67 70 1 23 7 100 25 84 17 14 87 99 98 86 23 72 65 53 15 33 14 82 28 35 78 92 84 41 54 50 16 20 20 16 95 78 67 71 61 84 36 99 34 85 84 56 9 1 60 23 85 74 4 65 60 81 56 43 73 9 93 88 81 64 4 27 41 22 97 53 5 84 51 39 68 87 94 76 39 54 99 23 79 2 87 38 35 95 80 7 55 24 95 35 87 50 13 27 71 61 79 28 44 82 66 12 20 11 39 58 16 37 80 94 91 19 31 25 13 63 31 67 86 77 54 73 26 18 51 49 79 82 76 22 63 41 85 82 3 24 39 19 12 70 64 2 88 47 26 100 9 9 19 46 85 24 18 63 41 21 11 71 2 86 93 16 78 29 49 80 52 39 50 16 8 14 17 96 12 95 47 20 55 17 17 91 92 87 53 33 7 15 3 8 100 47 75 29 76 23 9 79 61 10 94 68 75 63 15 86 57 14 57 11 82 74 53 74 86 82 29 48 68 82 22 19 100 98 86 57 43 34 40 49 11 78 20 81 9 56 39 87 92 3 91 61 12 85 37 97 18 65 44 86 99 18 4 98 67 89 54 9 74 94 10 85 23 29 17 83 84 55 21 27 9 12 88 20 96 24 68 14 88 64 51 86 33 6 36 99 95 41 60 20 34 69 4 8 97 73 43 33 27 63 59 88 74 98 59 70 21 27 35 61 42 37 98 26 42 33 24 88 74 35 8 59 3 63 19 52 35 61 84 14 23 42 1 97 92 59 18 12 37 4 24 30 92 74 55 33 6 31 21 31 65 80 42 20 42 12 71 29 72 54 42 46 47 42 94 38 52 63 2 41 18 25 70 9 98 77 94 56 7 66 38 23 45 79 42 38 90 12 66 13 17 7 11 64 100 4 1 4 19 2 44 36 79 65 97 28 41 90 35 99 7 73 74 51 3 67 40 45 79 6 57 47 64 67 10 64 23 63 19 41 16 62 28 94 78 24 74 71 65 8 69 71 32 94 21 35 61 61 79 91 18 87 37 81 6 47 96 28 9 14 68 24 27 95 70 5 71 95 75 35 2 95 6 86 89 78 20 1 90 50 91 7 36 27 88 41 25 83 20 85 49 87 61 75 34 30 79 56 24 5 90 77 100 95 62 40 25 33 40 14 82 30 21 70 84 87 72 40 94 34 59 82 91 22 51 30 74 27 75 28 41 45 72 23 59 85 72 79 97 3 33 14 96 70 77 69 5 48 60 50 82 70 84 24 91 34 54 16 61 28 95 53 24 66 76 82 2 99 13 51 53 45 64 49 15 92 69 71 40 80 21 73 49 56 48 91 89 1 6 1 81 53 54 4 18 29 38 72 79 50 74 32 94 37 32 60 28 100 83 19 79 55 43 79 10 91 69 98 43 26 51 23 78 4 79 48 84 16 19 62 65 92 93 10 80 24 22 59 75 56 30 5 10 24 83 71 14 51 20 9 29 70 31 6 73 61 53 56 76 23 18 92 66 62 54 97 86 75 8 12 82 37 17 91 60 99 61 26 2 80 34 30 50 16 87 74 77 40 30 4 14 99 96 32 12 1 28 97 27 87 61 8 23 77 98 83 27 10 8 28 41 93 9 90 8 96 16 84 87 97 88 52 95 35 83 6 87 63 55 13 49 15 20 24 43 69 6 69 30 65 49 70 57 9 12 16 4 27 100 42 23 39 94 69 25 76 74 11 90 80 75 39 46 46 62 40 14 19 9 43 35 9 64 43 17 75 58 73 1 9 14 75 99 7 43 75 35 69 85 24 100 11 14 46 56 27 37 69 97 45 63 31 5 27 25 74 53 83 46 6 43 59 80 42 18 23 36 87
0 3 60
0 23 6
0 25 58
0 45 18
0 109 20
0 146 60
0 171 25
0 176 72
0 188 59
0 194 51
0 246 52
0 271 86
0 279 73
0 281 60
0 284 16
0 292 33
1 3 22
1 28 10
1 58 52
1 123 96
1 129 72
1 145 19
1 175 34
1 212 80
1 235 32
1 261 90
1 282 42
2 8 13
2 12 15
2 17 94
2 65 38
2 88 26
2 104 51
2 117 95
2 119 43
2 130 71
2 148 7
2 157 19
2 203 94
2 213 17
2 218 69
2 247 45
2 266 2
2 290 41
3 8 57
3 23 17
3 50 25
3 64 30
3 65 78
3 99 77
3 103 25
3 161 49
3 180 47
3 192 10
3 208 80
3 216 78
3 241 100
3 274 21
3 281 42
3 289 66
4 15 15
4 22 32
4 32 92
4 51 65
4 55 26
4 58 34
4 62 87
4 87 84
4 105 53
4 159 32
4 169 100
4 206 73
4 214 29
4 247 1
4 287 14
5 14 37
5 33 18
5 40 90
5 99 66
5 109 95
5 124 18
5 126 42
5 127 96
5 158 64
5 171 52
5 193 75
5 208 93
5 230 3
5 255 48
5 270 87
5 272 68
5 293 14
6 15 18
6 19 59
6 69 30
6 73 43
6 80 45
6 81 17
6 85 27
6 97 49
6 102 100
6 104 78
6 105 21
6 132 28
6 141 79
6 159 86
6 165 64
6 189 48
6 195 76
6 209 29
6 221 94
6 268 93
6 284 23
7 43 41
7 70 9
7 76 74
7 102 68
7 106 1
7 114 76
7 146 15
7 162 87
7 171 43
7 193 28
7 223 4
7 248 54
7 269 57
7 277 99
7 279 50
7 285 25
7 287 77
7 295 98
8 42 77
8 47 54
8 71 70
8 102 56
8 118 84
8 229 56
8 235 20
8 241 31
8 245 83
8 255 100
8 269 25
8 272 75
8 278 22
9 20 65
9 107 83
9 161 47
9 168 84
9 173 36
9 186 22
9 219 98
9 239 22
9 249 17
9 297 77
10 60 26
10 102 22
10 116 86
10 122 76
10 228 71
10 239 10
10 256 52
10 263 20
10 268 38
10 285 57
10 293 89
11 14 94
11 70 41
11 93 44
11 124 65
11 133 71
11 177 26
11 190 16
11 200 47
11 204 53
11 211 38
11 216 64
11 246 87
11 265 36
11 268 47
11 279 74
12 27 58
12 33 45
12 37 96
12 43 26
12 90 73
12 108 73
12 109 47
12 115 58
12 128 48
12 145 17
12 173 20
12 203 51
12 214 36
12 215 57
12 236 7
12 291 24
13 20 2
13 28 47
13 35 20
13 39 66
13 55 70
13 60 97
13 61 82
13 75 16
13 90 1
13 139 71
13 145 31
13 153 40
13 166 6
13 204 78
13 213 13
14 21 15
14 63 74
14 72 8
14 192 40
14 206 46
14 218 32
14 259 86
15 20 56
15 71 79
15 72 2
15 78 75
15 121 81
15 136 89
15 169 83
15 186 88
15 262 65
15 278 85
15 287 86
16 19 84
16 76 50
16 101 55
16 107 32
16 147 83
16 182 71
16 200 33
16 213 53
16 232 53
16 240 72
16 249 11
16 270 30
16 282 36
16 287 25
17 23 55
17 37 96
17 64 65
17 103 53
17 115 27
17 128 50
17 135 8
17 166 58
17 169 4
17 204 34
17 212 38
17 243 92
18 28 68
18 38 77
18 69 56
18 87 52
18 92 63
18 112 91
18 151 54
18 161 17
18 172 23
18 253 36
18 255 39
18 277 55
18 290 41
18 297 92
19 25 78
19 36 51
19 51 73
19 68 13
19 85 75
19 89 28
19 139 60
19 196 91
19 235 32
19 239 87
19 240 41
19 262 39
19 271 96
19 273 44
19 281 24
19 294 85
20 50 87
20 122 91
20 126 62
20 127 43
20 170 95
20 180 24
20 189 33
20 205 48
20 210 92
20 231 55
20 243 35
20 246 31
20 280 61
20 292 27
20 298 74
20 299 38
21 33 77
21 47 46
21 63 3
21 66 4
21 133 25
21 158 62
21 201 94
21 207 56
22 51 100
22 67 86
22 70 46
22 91 47
22 93 29
22 143 21
22 165 32
22 171 16
22 174 12
22 186 45
22 203 10
22 204 6
22 222 20
22 237 94
22 245 5
22 292 11
23 74 49
23 96 39
23 111 93
23 125 61
23 133 18
23 143 66
23 144 51
23 150 94
23 182 64
23 201 53
23 244 49
23 248 40
23 255 66
23 270 95
23 283 48
23 291 18
23 295 80
23 296 93
24 68 16
24 85 61
24 90 14
24 97 47
24 109 28
24 148 77
24 149 43
24 195 37
24 206 34
24 223 62
24 224 30
24 229 38
24 271 73
24 278 30
24 282 28
25 38 17
25 56 91
25 115 45
25 180 83
25 240 41
26 75 91
26 101 98
26 105 45
26 119 91
26 154 37
26 180 62
26 187 85
26 191 84
26 206 79
26 232 17
26 246 29
26 257 95
26 282 77
27 30 94
27 36 93
27 42 4
27 44 22
27 121 36
27 128 40
27 195 55
27 197 49
27 208 21
27 211 44
27 225 73
27 263 3
28 69 71
28 104 90
28 236 45
28 245 68
29 209 24
29 243 37
29 282 10
29 297 21
30 97 81
30 125 52
30 137 9
30 156 94
30 160 37
30 167 45
30 203 73
30 212 53
30 215 25
30 219 19
30 253 81
30 262 18
30 268 63
31 37 84
31 49 39
31 62 50
31 71 75
31 73 45
31 89 99
31 93 95
31 95 88
31 103 71
31 115 49
31 122 10
31 178 12
31 209 93
31 217 29
31 256 35
32 47 29
32 64 38
32 96 7
32 110 61
32 129 90
32 132 68
32 136 55
32 141 78
32 145 12
32 153 79
32 159 82
32 178 88
32 217 97
32 267 62
33 63 5
33 64 11
33 77 97
33 92 95
33 96 61
33 108 71
33 120 39
33 155 11
33 161 17
33 173 78
33 202 33
33 214 66
33 215 87
33 246 45
33 255 10
33 269 68
33 289 31
33 292 91
34 39 5
34 41 90
34 78 51
34 127 46
34 129 57
34 131 57
34 133 75
34 134 20
34 156 35
34 194 56
34 212 7
34 228 83
34 238 69
34 260 63
34 264 46
34 265 65
35 47 9
35 49 6
35 76 35
35 97 99
35 127 16
35 158 4
35 165 76
35 172 100
35 180 69
35 227 14
35 243 44
35 298 30
36 57 81
36 69 27
36 70 20
36 71 38
36 93 16
36 94 23
36 104 35
36 127 24
36 135 79
36 181 10
36 184 95
36 203 66
36 222 17
36 227 53
36 264 100
36 265 86
36 285 15
37 52 45
37 77 2
37 112 23
37 129 50
37 141 37
37 156 21
37 184 17
37 210 92
37 283 48
38 61 17
38 62 12
38 70 13
38 82 12
38 111 41
38 125 94
38 130 38
38 167 61
38 175 83
38 177 5
38 270 35
38 283 17
38 298 28
39 56 13
39 120 78
39 126 22
39 144 30
39 163 95
39 177 26
39 225 30
39 226 32
39 243 40
39 256 74
39 264 33
40 57 14
40 98 76
40 100 21
40 113 86
40 143 92
40 146 12
40 181 33
40 197 60
40 202 23
40 250 98
40 253 24
40 265 64
40 271 91
40 273 13
40 292 76
41 54 25
41 81 18
41 88 10
41 89 41
41 101 97
41 103 74
41 118 19
41 126 71
41 158 4
41 162 65
41 164 96
41 196 85
41 207 96
41 216 88
41 217 58
41 233 28
41 260 1
41 286 33
42 45 49
42 67 87
42 99 77
42 135 12
42 140 71
42 167 36
42 178 35
42 189 68
42 262 59
43 63 50
43 71 10
43 83 72
43 89 25
43 114 34
43 131 41
43 170 86
43 173 27
43 179 37
43 196 11
43 200 97
43 201 59
43 225 14
43 232 13
43 270 55
43 273 98
43 292 8
44 68 42
44 114 8
44 174 87
44 191 94
44 205 40
44 224 87
44 227 32
44 247 16
44 257 99
44 262 3
44 273 4
44 287 33
45 80 22
45 102 14
45 128 82
45 130 84
45 219 37
45 251 58
45 295 69
45 297 77
45 298 43
45 299 47
46 81 66
46 97 53
46 102 95
46 183 24
46 186 19
46 224 7
46 245 30
46 262 68
46 286 14
46 295 71
47 84 27
47 87 53
47 115 65
47 134 67
47 135 39
47 144 96
47 172 34
47 180 37
47 191 50
47 213 89
47 234 21
47 238 24
47 242 3
47 254 54
47 265 59
47 285 39
48 84 11
48 130 79
48 140 68
48 151 5
48 167 26
48 212 33
48 265 10
48 287 20
48 289 8
49 52 80
49 66 79
49 75 38
49 78 47
49 89 44
49 93 60
49 124 26
49 151 96
49 180 76
49 212 92
49 241 87
49 243 24
49 264 77
49 279 23
50 53 73
50 56 66
50 83 96
50 90 48
50 92 68
50 126 49
50 164 6
50 167 58
50 213 60
50 215 85
50 248 25
51 72 16
51 105 62
51 116 9
51 157 25
51 172 33
51 231 69
51 268 4
51 270 11
51 297 58
52 69 3
52 84 55
52 87 17
52 125 28
52 129 2
52 184 93
52 189 71
52 195 88
52 216 16
52 232 47
52 248 11
52 271 40
52 272 64
52 283 58
53 89 88
53 115 83
53 147 6
53 159 45
53 168 41
53 182 17
53 192 81
53 266 17
53 275 33
54 57 94
54 58 78
54 96 9
54 101 27
54 150 46
54 164 13
54 168 37
54 173 3
54 184 15
54 255 43
54 292 71
54 298 42
55 56 45
55 66 15
55 105 12
55 112 32
55 114 30
55 117 10
55 124 94
55 153 22
55 168 74
55 228 51
55 244 61
55 261 56
55 270 9
55 274 5
56 59 48
56 112 77
56 113 38
56 117 65
56 142 61
56 145 31
56 178 94
56 197 70
56 203 57
56 213 91
56 239 82
56 274 46
56 287 93
56 292 48
56 298 40
57 65 15
57 75 41
57 93 84
57 129 30
57 170 4
57 196 68
57 201 11
57 222 13
57 245 61
57 258 32
58 85 38
58 113 64
58 161 92
58 174 46
58 195 24
58 198 49
58 203 93
58 212 100
58 221 86
58 294 9
58 296 61
59 63 16
59 69 2
59 117 82
59 133 25
59 147 92
59 158 15
59 167 22
59 176 36
59 182 62
59 194 61
59 239 51
59 247 54
59 252 97
59 258 32
59 278 57
59 299 16
60 78 42
60 86 21
60 99 28
60 106 74
60 109 11
60 113 91
60 127 17
60 158 56
60 193 66
60 203 65
60 207 48
60 218 66
60 236 2
60 239 57
60 241 78
61 77 70
61 94 10
61 112 11
61 159 46
61 162 54
61 179 25
61 233 67
61 247 89
61 263 86
61 292 79
61 293 91
62 123 91
62 170 27
62 188 74
62 201 47
62 250 42
62 253 16
62 263 19
62 265 70
62 267 41
62 285 29
63 73 12
63 75 9
63 82 84
63 91 78
63 136 26
63 153 84
63 156 95
63 160 27
63 239 40
63 249 24
63 259 96
64 116 1
64 155 34
64 176 93
64 197 54
65 84 58
65 101 11
65 104 95
65 115 95
65 146 90
65 151 85
65 166 85
65 179 16
66 81 59
66 99 83
66 104 10
66 137 26
66 143 1
66 158 79
66 170 18
66 210 82
66 211 90
66 222 26
66 243 17
66 283 19
67 76 51
67 77 100
67 90 65
67 119 78
67 163 91
67 168 88
67 180 25
67 183 92
67 218 21
67 239 18
67 288 45
68 70 30
68 89 28
68 119 39
68 163 24
68 176 69
68 179 76
68 190 60
68 259 37
68 290 86
69 82 94
69 114 46
69 136 11
69 139 95
69 155 76
69 158 28
69 166 28
69 173 65
69 181 53
69 200 44
69 215 36
69 227 56
69 248 44
69 276 100
69 280 33
70 98 86
70 134 88
70 137 9
70 161 77
70 181 60
70 186 78
70 222 74
70 234 90
70 237 58
70 250 64
70 252 65
70 278 26
71 90 91
71 101 77
71 121 14
71 129 76
71 146 70
71 175 59
71 199 38
71 279 16
71 282 34
72 74 17
72 78 43
72 107 51
72 115 70
72 145 39
72 160 86
72 176 77
72 211 34
72 233 37
72 244 9
72 285 19
72 298 24
73 100 69
73 108 48
73 123 36
73 170 47
73 187 73
73 271 77
73 281 4
73 291 36
73 295 93
73 299 81
74 96 27
74 145 69
74 150 95
74 165 54
74 232 39
74 234 5
74 290 92
75 80 54
75 86 39
75 156 8
75 168 49
75 220 41
75 230 29
75 276 39
76 83 78
76 93 5
76 99 72
76 104 14
76 146 65
76 151 42
76 154 90
76 167 34
76 178 89
76 195 25
76 255 80
76 274 61
76 290 1
77 85 35
77 88 49
77 107 93
77 139 67
77 158 75
77 168 14
77 185 13
77 192 28
77 215 52
77 258 18
77 265 71
77 268 57
77 269 8
78 115 79
78 142 57
78 178 48
78 182 7
78 184 95
78 185 77
78 255 64
78 262 18
78 264 90
78 265 28
78 267 60
78 273 79
79 82 61
79 116 48
79 129 55
79 139 92
79 149 61
79 184 7
79 190 78
79 276 9
79 294 52
80 82 45
80 84 35
80 89 65
80 111 9
80 168 14
80 170 68
80 227 26
80 229 37
80 240 76
80 247 85
80 280 15
80 285 33
80 291 32
81 85 73
81 157 79
81 178 60
81 198 36
81 245 97
81 263 50
81 285 64
81 299 56
82 89 80
82 146 76
82 171 55
82 182 35
82 211 20
82 227 67
82 263 93
82 279 97
83 85 27
83 116 44
83 157 93
83 175 13
83 180 60
83 193 2
83 198 27
83 200 27
83 201 79
83 202 63
83 221 55
83 243 64
83 266 29
83 271 39
83 275 47
83 291 1
83 293 17
84 149 7
84 217 89
84 226 65
84 271 8
84 296 4
85 87 20
85 88 87
85 90 79
85 107 27
85 112 73
85 163 98
85 164 45
85 165 18
85 173 47
85 192 72
85 237 61
85 262 91
85 265 84
86 129 73
86 148 44
86 213 62
86 223 99
87 94 23
87 96 76
87 97 5
87 99 38
87 100 4
87 110 43
87 113 36
87 138 57
87 163 60
87 205 42
87 257 45
87 266 24
88 128 1
88 130 48
88 149 96
88 179 40
88 203 78
88 219 74
88 223 64
88 227 28
88 251 18
88 260 81
88 269 74
88 272 89
88 278 94
88 293 16
89 92 73
89 173 66
89 238 60
89 241 86
89 296 16
89 297 34
90 98 62
90 101 21
90 115 23
90 130 65
90 177 63
90 191 58
90 207 73
90 220 22
90 224 52
90 234 17
90 247 98
90 251 52
91 96 16
91 109 45
91 172 91
91 180 94
91 182 18
91 223 55
91 230 21
91 252 35
91 279 35
91 281 46
91 290 76
92 122 28
92 125 61
92 133 100
92 135 45
92 155 72
92 187 85
92 202 61
92 204 5
92 215 98
92 219 81
92 260 27
92 261 63
92 269 95
92 274 37
92 297 35
93 122 17
93 124 88
93 128 4
93 130 66
93 169 39
93 181 19
93 194 10
93 198 30
93 200 12
93 204 79
93 252 36
93 264 84
93 278 65
93 297 70
94 98 29
94 103 92
94 106 50
94 116 42
94 152 91
94 158 94
94 169 13
94 174 28
94 179 6
94 243 70
94 272 25
94 282 86
94 287 96
94 297 39
95 106 81
95 116 32
95 132 26
95 179 49
95 184 71
95 188 29
95 204 66
95 215 10
95 224 99
95 243 27
95 252 91
95 265 63
95 268 5
96 111 26
96 145 46
96 202 21
96 272 47
96 277 75
96 293 13
97 101 96
97 150 16
97 152 55
97 180 42
97 186 80
97 203 34
97 255 47
97 269 49
98 149 59
98 167 85
98 173 97
98 176 49
98 197 17
98 205 80
98 242 74
98 259 17
98 262 51
98 264 54
98 271 82
98 277 60
98 287 53
99 104 8
99 149 50
99 165 67
99 197 64
99 225 27
99 226 12
99 229 36
99 231 73
99 235 38
99 246 48
99 248 69
99 266 5
100 106 55
100 109 62
100 145 85
100 149 88
100 151 60
100 161 33
100 180 98
100 201 44
100 247 81
100 253 47
100 255 60
100 269 61
100 272 72
100 274 28
100 282 63
101 148 78
101 201 9
101 202 22
101 210 30
101 227 68
101 260 23
101 276 96
101 279 83
101 290 49
101 295 59
102 110 19
102 132 21
102 177 97
102 185 18
102 187 41
102 190 1
102 293 72
103 106 54
103 119 85
103 160 60
103 165 14
103 172 70
103 194 9
103 208 9
103 234 50
103 264 55
103 270 69
103 280 62
103 291 27
103 292 96
104 106 24
104 123 4
104 144 57
104 161 97
104 189 85
104 228 24
105 108 19
105 128 32
105 144 59
105 157 19
105 193 42
105 205 77
105 211 92
105 269 38
106 111 94
106 154 84
106 156 39
106 162 18
106 171 38
106 185 75
106 187 29
106 190 51
106 194 96
106 245 37
106 253 59
107 147 46
107 198 92
107 202 79
107 205 59
107 234 70
107 243 27
107 246 83
107 249 25
107 251 35
107 259 79
108 114 61
108 116 10
108 130 50
108 180 44
108 182 68
108 188 20
108 196 85
108 211 96
108 234 11
108 274 75
109 115 90
109 125 47
109 162 65
109 221 59
109 251 84
109 255 39
109 280 87
110 132 86
110 134 35
110 139 23
110 153 96
110 189 32
110 191 66
110 241 27
110 248 90
110 261 87
111 117 5
111 118 24
111 125 63
111 130 39
111 136 55
111 174 75
111 189 100
111 216 56
111 221 18
111 230 68
111 242 75
111 243 55
111 245 63
111 270 38
112 128 29
112 137 4
112 162 84
112 178 93
112 185 62
112 192 19
112 256 83
112 264 100
113 129 56
113 134 69
113 160 75
113 170 3
113 183 52
113 202 92
113 276 29
113 282 94
113 294 79
114 122 85
114 129 69
114 130 93
114 132 23
114 133 23
114 168 68
114 268 75
114 269 78
114 272 37
114 288 42
114 290 5
114 297 91
115 127 56
115 155 94
115 214 71
115 230 12
115 240 77
115 270 15
115 277 73
115 283 47
115 289 50
116 153 25
116 175 54
116 186 18
116 190 99
116 224 56
116 232 22
116 267 90
116 276 37
117 146 67
117 169 20
117 177 21
117 181 35
117 213 65
117 222 96
117 240 58
117 242 32
117 257 70
117 286 87
118 128 68
118 138 11
118 185 43
118 188 11
118 202 18
118 207 36
118 226 33
118 259 29
118 292 64
118 293 48
119 125 54
119 154 10
119 165 97
119 168 78
119 181 15
119 195 66
119 240 76
119 247 71
119 249 39
119 275 17
119 293 7
120 123 5
120 129 89
120 146 27
120 149 40
120 165 53
120 169 74
120 180 49
120 217 84
120 221 43
120 226 87
120 244 3
120 264 5
120 277 30
120 283 65
120 284 23
120 294 65
121 148 98
121 149 3
121 210 29
121 224 97
121 229 56
121 243 90
121 278 45
122 130 33
122 161 5
122 172 62
122 192 60
122 195 75
122 229 1
122 232 29
122 239 33
122 248 57
122 271 17
122 295 11
123 125 96
123 152 69
123 197 85
123 207 96
123 214 4
123 236 27
123 249 83
123 273 58
123 275 84
123 283 12
123 287 75
124 151 6
124 155 76
124 204 72
124 217 8
124 261 56
124 268 20
124 279 64
125 141 46
125 142 64
125 202 48
125 208 50
125 215 77
125 225 60
125 234 76
125 235 29
125 266 88
125 268 60
125 286 86
125 294 56
126 221 70
126 230 33
126 294 24
127 159 6
127 171 29
127 203 79
127 205 85
127 283 63
127 290 36
128 130 68
128 161 74
128 162 10
128 163 73
128 221 1
128 222 33
128 273 32
128 281 9
128 286 4
128 298 47
129 155 54
129 231 19
129 238 47
129 259 55
129 268 96
130 162 6
130 228 82
130 231 24
130 283 93
130 286 41
131 143 9
131 166 100
131 177 62
131 179 42
131 189 23
131 203 68
131 229 22
131 272 53
131 286 52
131 294 84
132 141 40
132 147 71
132 159 9
132 184 2
132 191 43
132 197 61
132 211 34
132 261 26
132 275 69
132 281 90
132 290 25
132 296 22
133 161 8
133 217 71
133 237 28
133 261 55
133 299 76
134 150 9
134 152 79
134 167 20
134 168 1
134 173 39
134 182 19
134 191 63
134 197 32
134 257 93
134 283 82
135 153 53
135 160 45
135 173 85
135 287 88
136 158 36
136 183 55
136 216 48
136 224 37
136 246 49
136 247 9
136 270 23
136 287 74
136 297 77
137 144 12
137 165 50
137 171 51
137 188 19
137 199 20
137 220 78
137 245 74
137 275 47
137 276 39
137 288 4
138 160 66
138 186 39
138 196 42
138 202 36
138 215 53
138 218 26
138 221 80
138 226 86
138 248 78
138 256 76
138 280 70
138 289 18
138 294 12
138 297 24
139 142 65
139 235 48
139 254 72
139 281 73
139 284 70
139 299 98
140 161 2
140 166 81
140 170 47
140 184 4
140 199 52
140 209 19
140 210 33
140 251 77
140 263 65
140 274 71
140 286 32
141 143 83
141 192 62
141 195 73
141 219 18
141 223 66
141 271 98
141 280 50
141 299 52
142 175 28
142 178 25
142 211 21
142 243 97
142 283 36
142 291 97
143 171 13
143 179 84
143 190 20
143 220 86
143 224 53
144 145 69
144 151 39
144 197 86
144 205 16
144 206 42
144 218 37
144 246 86
144 247 74
144 278 65
144 286 50
144 288 97
144 290 96
144 295 32
145 146 58
145 149 20
145 173 2
145 203 75
145 224 70
145 232 51
145 270 26
145 275 49
145 287 75
145 296 99
146 156 45
146 199 11
146 212 95
146 227 57
146 249 94
146 292 14
147 152 94
147 157 98
147 183 35
147 198 84
147 200 83
147 220 2
147 222 25
147 247 71
147 273 87
147 281 99
147 299 87
148 181 36
148 199 47
148 237 82
148 247 20
148 286 56
148 288 54
149 163 21
149 164 30
149 196 23
149 222 23
149 229 8
149 233 71
149 260 97
149 267 6
149 277 67
150 171 59
150 198 52
150 233 75
150 263 4
150 293 17
150 294 21
150 298 2
151 170 51
151 183 4
151 218 36
151 236 52
151 254 29
151 257 59
151 265 38
151 278 79
152 172 45
152 183 26
152 197 25
152 215 79
152 223 45
152 243 80
152 253 84
152 271 17
152 282 61
152 283 6
153 196 39
153 220 68
153 233 28
153 243 87
153 250 73
154 175 46
154 205 46
154 218 76
154 233 20
154 240 1
154 264 93
155 197 40
155 218 2
155 219 43
155 225 44
155 230 90
155 232 95
155 250 24
155 258 48
155 267 84
156 166 54
156 168 44
156 188 9
156 210 78
156 216 74
156 232 5
156 266 9
156 270 57
156 272 21
156 277 21
156 283 62
156 289 11
157 168 89
157 195 41
157 230 98
157 242 13
157 259 86
157 294 95
157 298 89
158 187 58
158 238 95
158 271 81
159 210 97
159 259 49
160 169 75
160 172 92
160 209 38
160 237 21
160 268 67
160 271 37
160 286 5
161 163 20
161 219 80
161 233 13
161 247 49
161 276 6
162 163 70
162 164 9
162 176 62
162 193 90
162 206 30
162 241 76
162 267 1
162 285 18
163 169 16
163 181 98
163 228 82
163 242 54
163 274 44
163 283 22
164 169 11
164 170 38
164 171 2
164 187 59
164 200 86
164 232 29
164 239 3
164 285 75
165 182 49
165 185 69
165 186 11
165 208 53
165 216 89
165 226 43
165 293 18
166 193 37
166 220 48
166 234 87
166 251 46
166 274 9
167 180 28
167 198 27
167 210 84
167 222 28
167 238 44
167 256 52
167 277 77
167 292 77
168 217 5
168 221 20
168 227 99
168 232 67
168 259 58
168 260 52
168 261 25
168 292 95
168 293 80
168 299 27
169 190 70
169 231 29
169 239 48
169 245 80
169 287 33
170 188 36
170 198 74
170 209 50
170 210 24
170 229 21
170 232 88
170 268 21
170 269 82
170 285 16
171 176 47
171 197 65
171 203 43
171 224 42
171 251 68
172 183 72
172 184 19
172 193 72
172 217 91
172 218 69
172 226 38
172 240 100
172 245 20
172 247 15
172 291 47
173 198 100
173 229 93
173 241 16
173 248 80
173 255 40
173 260 47
173 267 12
174 193 27
174 199 73
174 239 14
174 285 51
174 296 93
175 184 53
175 192 23
175 193 74
175 195 68
175 252 70
175 286 91
175 295 63
176 196 63
176 205 58
176 216 34
176 243 81
176 255 82
176 265 76
176 267 1
176 270 71
176 297 28
177 187 21
177 214 85
177 226 74
177 234 72
177 283 30
178 214 41
178 245 3
178 250 69
178 270 39
178 298 66
179 238 48
179 256 11
179 267 79
180 191 50
180 211 4
180 237 32
181 185 72
181 210 29
181 252 51
181 261 93
181 275 71
182 183 13
182 199 56
182 221 81
182 225 98
182 248 88
182 289 62
182 295 26
182 299 89
183 185 32
183 198 5
183 206 9
183 257 69
183 282 78
184 225 32
184 283 98
185 194 70
185 216 34
185 246 18
185 255 8
186 206 99
186 229 65
186 240 19
186 259 30
186 260 14
186 261 74
186 285 13
186 298 86
187 216 54
187 260 15
187 276 78
187 286 25
187 291 80
188 192 85
188 213 5
188 220 29
188 235 73
188 253 18
188 261 54
188 263 61
188 291 1
189 197 58
189 200 21
189 219 69
189 236 87
189 264 4
189 282 18
189 297 56
190 238 37
190 243 36
190 247 16
190 259 87
190 260 100
190 284 86
191 232 68
191 249 66
191 258 59
191 265 32
191 270 51
192 204 64
192 266 47
192 288 80
192 289 40
193 196 26
193 231 65
193 240 96
193 262 54
193 282 89
193 283 13
194 219 60
194 226 1
194 229 66
194 240 69
194 249 21
194 251 34
194 265 56
194 292 24
195 201 52
195 211 63
195 216 12
195 238 39
195 260 78
195 277 50
196 202 90
196 209 63
196 238 70
196 278 55
196 291 73
197 210 1
197 224 5
197 259 89
197 261 99
197 272 37
197 274 28
197 281 76
197 297 53
198 246 76
198 278 82
198 284 93
199 218 88
199 292 41
199 296 93
200 217 53
200 218 9
200 224 13
200 227 39
200 263 16
201 223 88
201 229 42
201 243 79
201 294 99
202 203 80
202 206 8
202 233 100
202 259 69
202 282 23
202 294 69
202 296 76
203 234 47
203 240 70
203 270 32
203 277 35
204 213 68
205 208 68
205 223 63
205 225 44
205 229 72
205 276 90
205 279 25
206 212 64
206 228 77
206 229 17
206 237 56
206 255 82
206 260 77
206 278 20
206 282 72
207 226 45
207 236 7
207 240 65
207 245 75
207 260 57
207 281 44
208 222 82
208 225 57
208 239 64
208 241 56
208 249 25
208 263 91
208 269 3
209 229 46
209 247 23
209 264 37
209 266 66
209 296 42
210 239 51
210 261 61
210 267 14
211 218 40
211 231 37
211 232 77
211 247 69
211 269 53
211 285 85
212 213 2
212 256 81
212 293 4
213 224 73
213 228 25
213 238 11
213 248 37
213 254 99
213 270 19
213 275 32
214 215 33
214 269 75
214 287 47
214 289 88
215 240 52
215 243 38
215 249 90
215 252 97
216 237 12
216 239 27
216 240 14
216 255 53
217 248 77
217 290 74
218 250 66
218 259 69
218 264 62
218 277 95
219 229 37
219 240 14
219 248 31
219 276 38
219 291 47
220 248 34
220 249 62
220 251 71
220 261 96
220 274 50
221 225 22
221 239 15
221 268 81
221 275 54
221 286 41
221 295 79
221 299 93
222 233 92
222 238 68
222 284 83
223 229 41
223 234 79
223 242 61
223 252 54
223 254 32
223 276 37
223 291 80
224 264 49
224 265 5
225 231 41
225 253 43
225 254 93
225 271 7
225 289 73
226 232 30
226 243 53
226 251 59
226 256 43
227 273 75
228 235 54
228 251 92
229 232 48
229 244 20
229 265 24
230 239 53
230 267 13
230 270 55
231 239 46
231 263 4
231 266 22
231 273 28
231 277 96
231 295 53
232 276 88
232 280 2
232 284 84
233 262 76
233 273 81
234 247 32
234 253 33
234 256 73
234 262 27
234 278 25
234 282 31
234 290 99
234 292 7
235 249 35
235 261 9
236 256 1
236 268 10
237 270 15
237 272 93
237 299 9
238 252 34
238 279 68
238 285 62
238 291 46
239 246 22
239 264 7
239 276 2
240 244 44
240 247 34
240 259 97
241 263 96
242 258 73
242 268 50
242 270 31
242 279 48
242 281 82
243 251 14
243 252 32
243 259 55
243 269 40
243 285 9
243 297 37
243 298 91
244 255 15
244 260 72
245 260 99
245 276 67
245 280 33
246 252 13
246 270 59
246 288 41
247 272 99
247 278 27
247 298 2
248 262 44
248 286 100
249 253 8
249 277 97
249 283 43
249 291 93
250 277 46
250 299 90
251 272 17
252 256 95
252 257 72
252 260 17
252 272 29
252 278 86
252 287 48
252 295 83
253 280 25
254 278 56
255 269 19
255 289 15
256 261 22
256 266 42
256 279 66
256 285 89
257 259 74
257 274 78
257 297 99
258 261 15
258 278 76
259 260 77
259 267 16
259 274 72
261 262 77
262 264 76
262 287 20
263 293 71
263 299 20
264 272 65
264 298 61
265 289 89
266 273 12
266 298 84
267 281 5
269 281 40
269 293 69
270 287 4
271 289 74
272 288 94
273 284 12
273 297 44
274 279 60
274 280 33
274 294 86
275 286 25
277 281 73
277 289 59
278 280 55
283 289 24
283 294 73
286 298 82
287 290 52
289 298 41
290 291 5
291 295 28
294 295 68
294 297 25
300 316 8
300 333 60
300 345 10
300 354 33
300 359 42
300 380 30
300 393 17
300 426 42
300 451 68
300 500 29
300 509 17
300 522 53
300 524 58
300 544 95
300 551 8
300 569 33
300 580 52
301 313 50
301 326 62
301 342 51
301 344 96
301 347 75
301 355 42
301 372 20
301 378 8
301 390 81
301 408 34
301 465 41
301 470 62
301 492 54
301 560 10
301 564 21
301 565 13
301 596 72
302 318 5
302 325 6
302 331 53
302 365 74
302 383 48
302 386 72
302 398 2
302 419 16
302 441 77
302 545 12
302 548 62
302 567 36
302 583 96
302 598 13
303 312 85
303 328 57
303 350 15
303 355 81
303 382 84
303 408 56
303 449 52
303 474 43
303 478 88
303 487 85
303 542 83
304 307 1
304 308 90
304 311 45
304 327 22
304 342 54
304 346 68
304 385 26
304 421 12
304 422 72
304 449 99
304 453 11
304 455 95
304 508 1
304 509 26
304 512 71
304 518 64
304 563 87
304 585 59
304 587 59
304 594 52
305 315 43
305 366 16
305 377 66
305 424 75
305 428 51
305 448 22
305 489 79
305 515 93
305 543 61
305 568 63
305 584 27
305 596 62
306 325 53
306 327 23
306 331 83
306 371 58
306 389 42
306 395 60
306 435 69
306 437 13
306 457 59
306 459 79
306 487 60
306 515 11
306 549 4
306 566 82
306 569 74
306 588 43
307 326 40
307 335 32
307 337 94
307 343 35
307 348 99
307 356 11
307 359 61
307 365 1
307 369 84
307 376 39
307 382 93
307 400 45
307 474 2
307 486 72
307 513 6
307 514 6
307 519 94
307 527 40
307 583 15
307 587 36
308 330 99
308 370 84
308 394 100
308 416 9
308 440 14
308 450 59
308 462 71
308 489 70
308 497 41
308 536 96
308 579 12
309 438 32
309 470 28
309 510 57
309 526 66
309 557 78
309 565 67
310 317 27
310 340 31
310 360 51
310 420 65
310 443 23
310 455 95
310 473 18
310 477 46
310 480 52
310 504 75
310 506 40
310 532 91
310 547 90
310 579 27
310 583 41
311 324 73
311 326 26
311 331 50
311 363 86
311 377 37
311 405 20
311 445 55
311 486 29
311 512 16
311 514 18
311 545 60
312 315 95
312 324 26
312 338 26
312 363 24
312 367 93
312 381 4
312 399 54
312 418 95
312 449 68
312 451 29
312 485 41
312 486 38
312 550 74
312 579 92
312 598 12
313 320 65
313 345 34
313 384 1
313 390 91
313 402 74
313 430 25
313 462 69
313 526 23
313 549 63
313 554 5
313 579 95
314 323 69
314 346 33
314 376 10
314 408 87
314 412 92
314 500 56
314 509 12
314 527 69
314 545 31
315 316 56
315 349 72
315 383 85
315 442 50
315 460 92
315 480 65
315 512 90
315 534 29
315 543 90
315 568 33
316 353 40
316 372 55
316 385 66
316 487 93
316 505 97
316 530 40
316 552 69
316 555 17
316 560 62
316 575 31
316 591 21
317 323 56
317 325 100
317 328 5
317 335 17
317 339 38
317 382 49
317 386 24
317 388 1
317 403 69
317 409 55
317 444 57
317 458 41
317 459 91
317 460 58
317 471 32
317 485 55
317 536 48
317 576 60
317 595 44
318 340 80
318 356 51
318 389 50
318 411 46
318 429 95
318 463 99
318 491 37
318 503 64
318 542 15
318 572 98
319 342 94
319 344 88
319 395 6
319 402 45
319 427 44
319 463 74
319 468 82
319 481 92
319 521 50
319 528 35
319 555 61
319 571 4
320 337 91
320 343 53
320 363 94
320 364 48
320 385 84
320 398 100
320 410 47
320 426 95
320 436 95
320 438 79
320 448 97
320 453 45
320 461 76
320 513 92
320 514 95
320 587 12
320 588 7
321 334 9
321 340 61
321 349 100
321 363 96
321 432 18
321 449 97
321 453 40
321 489 44
321 518 30
321 534 83
321 549 93
321 556 64
321 591 95
322 328 96
322 330 54
322 338 47
322 344 41
322 346 54
322 368 82
322 370 40
322 410 100
322 418 76
322 427 86
322 435 30
322 471 25
322 486 30
322 502 5
322 531 16
322 541 24
322 562 68
322 587 74
322 591 85
323 345 29
323 360 25
323 419 32
323 421 46
323 429 21
323 471 71
323 564 41
323 580 51
323 584 6
323 594 33
324 335 66
324 345 100
324 361 80
324 384 72
324 393 47
324 410 72
324 418 25
324 419 28
324 420 63
324 472 76
324 487 56
324 495 49
324 504 6
324 506 80
324 516 78
324 523 62
325 360 47
325 368 54
325 377 30
325 430 20
325 440 90
325 457 58
325 463 44
325 467 21
325 478 55
325 488 17
325 491 44
325 502 96
325 549 19
325 552 49
325 554 80
325 580 84
325 588 100
326 329 60
326 341 55
326 354 46
326 378 31
326 379 31
326 381 26
326 407 94
326 424 7
326 443 33
326 453 94
326 500 64
326 517 12
326 533 23
326 566 25
326 572 10
326 573 28
327 362 6
327 367 81
327 383 17
327 389 15
327 393 76
327 400 90
327 412 70
327 444 92
327 458 33
327 481 17
327 490 10
327 521 33
327 526 48
327 532 46
327 594 32
328 343 7
328 349 100
328 362 30
328 366 90
328 368 31
328 424 7
328 487 35
328 494 89
328 534 39
328 546 28
328 559 52
328 560 2
328 572 2
328 597 28
329 370 11
329 384 30
329 409 34
329 430 91
329 441 46
329 444 48
329 462 18
329 464 35
329 500 69
329 506 10
329 520 19
329 553 37
330 344 71
330 362 51
330 366 85
330 376 16
330 378 83
330 396 43
330 422 68
330 439 64
330 463 32
330 467 50
330 478 70
330 518 18
330 569 38
330 573 8
330 585 97
331 385 41
331 393 9
331 467 99
331 516 68
331 518 71
331 544 28
331 548 53
331 567 13
331 572 25
331 579 53
331 587 30
331 596 12
331 599 21
332 356 91
332 392 30
332 422 58
332 463 62
332 474 81
332 527 42
332 565 29
332 576 15
332 593 84
332 597 48
333 370 30
333 407 68
333 426 97
333 445 99
333 476 37
333 526 86
333 540 6
333 547 86
333 561 26
333 594 66
333 598 36
334 351 46
334 355 36
334 365 15
334 382 50
334 387 100
334 392 39
334 416 2
334 421 29
334 459 50
334 493 23
334 516 20
334 535 80
334 548 32
334 554 33
334 584 12
335 380 25
335 383 61
335 384 78
335 389 60
335 395 61
335 401 7
335 432 79
335 434 57
335 438 5
335 444 68
335 455 43
335 482 62
335 498 5
335 523 20
335 532 79
335 590 40
336 340 65
336 362 14
336 382 54
336 389 67
336 390 65
336 423 44
336 431 68
336 456 93
336 459 46
336 477 42
336 480 12
336 491 77
336 502 73
336 534 96
336 541 40
336 546 49
336 555 9
336 578 17
337 345 61
337 355 69
337 361 23
337 366 39
337 410 77
337 419 79
337 473 58
337 543 19
337 565 92
337 587 62
338 418 91
338 455 70
338 492 1
338 571 7
338 582 35
339 391 6
339 401 73
339 415 99
339 422 2
339 437 41
339 447 91
339 474 47
339 476 82
339 507 55
339 561 75
339 580 7
339 590 50
340 356 14
340 366 7
340 373 10
340 419 30
340 434 67
340 503 78
340 524 4
340 537 58
340 540 55
340 552 82
340 579 15
341 352 25
341 364 73
341 376 77
341 381 15
341 386 94
341 388 77
341 414 74
341 431 28
341 458 35
341 468 46
341 475 26
341 496 36
341 533 38
341 543 68
341 588 34
342 372 72
342 387 22
342 417 8
342 444 30
342 455 24
342 500 21
342 526 36
342 527 33
342 555 2
342 571 3
342 573 63
342 580 5
342 584 12
343 357 69
343 369 38
343 388 26
343 400 93
343 440 10
343 448 2
343 454 60
343 456 3
343 466 31
343 468 85
343 484 82
343 486 65
343 491 30
343 525 7
343 531 52
343 535 20
343 562 26
343 565 85
343 585 91
344 380 48
344 383 92
344 396 20
344 422 23
344 432 64
344 440 7
344 464 7
344 479 65
344 487 61
344 524 21
344 525 69
344 544 72
344 575 89
344 576 6
345 346 98
345 406 34
345 444 67
345 462 51
345 468 93
345 480 21
345 539 81
345 582 77
345 588 2
346 358 97
346 360 58
346 367 60
346 392 48
346 405 29
346 425 85
346 476 84
346 493 19
346 502 84
346 509 75
346 518 90
346 520 58
346 525 90
346 533 97
346 535 65
346 541 54
346 555 57
346 557 37
346 561 22
346 562 81
346 565 26
346 567 79
346 575 78
346 577 59
347 353 45
347 361 28
347 369 3
347 374 17
347 402 61
347 407 31
347 413 18
347 455 9
347 472 40
347 512 29
347 514 57
347 525 69
347 578 14
348 364 92
348 387 87
348 414 49
348 422 19
348 461 29
348 500 7
348 501 8
348 506 25
348 514 23
348 541 62
348 568 33
349 354 59
349 378 35
349 383 13
349 397 36
349 404 14
349 415 42
349 443 94
349 486 10
349 487 22
349 493 48
349 494 27
349 505 82
349 576 30
349 577 44
349 585 90
349 593 70
350 358 25
350 363 98
350 390 38
350 402 38
350 415 42
350 435 76
350 517 86
350 551 60
350 580 4
350 586 44
350 590 67
351 361 80
351 376 66
351 387 28
351 405 13
351 431 77
351 440 15
351 450 77
351 504 12
351 578 28
351 599 19
352 375 58
352 382 37
352 478 40
352 514 57
352 521 63
352 528 73
352 531 87
352 533 59
352 534 14
352 581 56
353 356 83
353 374 64
353 403 45
353 425 72
353 433 5
353 480 20
353 495 9
353 496 64
353 531 76
353 557 53
353 571 30
354 355 55
354 368 70
354 406 10
354 420 19
354 426 46
354 449 24
354 470 96
354 495 10
354 500 3
354 506 66
354 523 19
354 538 91
354 555 5
354 566 75
354 578 54
354 597 29
354 599 61
355 386 64
355 387 42
355 398 68
355 410 98
355 417 57
355 438 12
355 442 21
355 446 61
355 451 84
355 459 29
355 465 24
355 467 59
355 473 33
355 478 6
355 501 65
355 515 3
355 523 67
355 549 84
355 552 100
355 563 42
355 585 31
355 586 61
355 590 96
355 596 96
356 378 79
356 381 86
356 404 52
356 425 6
356 444 91
356 456 32
356 505 66
356 507 54
356 514 73
356 519 34
356 539 3
356 542 82
356 588 97
357 363 23
357 379 42
357 383 80
357 401 52
357 430 18
357 445 90
357 456 36
357 478 75
357 487 55
357 488 38
357 517 41
357 533 90
357 553 90
357 556 34
358 386 72
358 391 50
358 409 29
358 417 67
358 439 81
358 465 14
358 487 70
358 509 86
358 526 5
358 541 1
358 548 3
358 551 10
358 585 25
359 389 88
359 392 65
359 398 6
359 428 85
359 433 87
359 434 48
359 443 16
359 489 90
359 506 17
359 525 6
359 541 26
359 590 91
360 446 12
360 453 15
360 481 83
360 502 53
360 508 4
360 509 16
360 521 24
360 524 6
360 540 44
360 543 90
360 545 38
360 559 9
360 560 11
360 563 23
360 572 65
360 585 11
361 426 25
361 436 27
361 463 87
361 480 13
361 493 91
361 507 93
361 520 49
361 562 77
361 597 92
361 599 64
362 368 19
362 376 60
362 386 21
362 409 96
362 432 50
362 475 84
362 495 10
362 499 32
362 502 36
362 515 66
362 525 99
362 545 59
362 567 23
362 595 94
363 394 100
363 403 60
363 405 2
363 406 10
363 422 34
363 466 19
363 467 72
363 481 58
363 508 45
363 528 59
363 544 22
363 565 35
364 399 3
364 411 22
364 413 63
364 464 46
364 503 38
364 509 81
364 542 5
364 543 10
364 561 76
364 571 6
364 595 94
365 400 38
365 409 37
365 415 29
365 459 3
365 473 35
365 477 40
365 489 77
365 542 80
365 544 39
365 556 36
365 573 81
365 589 1
366 378 69
366 392 99
366 393 24
366 394 78
366 403 95
366 409 34
366 411 52
366 416 29
366 445 36
366 451 73
366 455 44
366 466 33
366 478 10
366 482 24
366 487 37
366 503 72
366 508 52
366 517 42
366 528 65
366 534 41
366 580 30
366 597 45
366 599 95
367 399 16
367 448 84
367 490 71
367 545 95
367 578 75
367 580 58
367 590 28
367 593 75
368 394 26
368 412 78
368 435 50
368 440 55
368 441 73
368 465 84
368 471 6
368 482 53
368 491 19
368 495 31
368 516 96
368 527 4
368 571 92
368 574 72
368 576 40
368 586 63
368 595 75
369 439 34
369 447 27
369 455 15
369 471 15
369 482 24
369 488 9
369 558 31
369 566 7
369 569 31
369 585 77
370 376 81
370 405 88
370 415 56
370 421 7
370 444 65
370 446 34
370 451 57
370 459 71
370 484 6
370 496 40
370 500 29
370 525 10
370 534 10
370 536 59
370 560 6
370 575 13
370 592 2
371 400 77
371 448 5
371 465 65
371 466 51
371 516 90
371 519 43
371 536 17
371 546 4
371 549 66
371 550 77
372 408 86
372 409 25
372 456 7
372 467 15
372 481 57
372 484 46
372 526 70
372 533 64
372 546 62
372 575 3
372 584 72
372 589 32
373 378 60
373 407 63
373 412 60
373 491 70
373 520 72
373 531 70
373 532 27
373 535 37
373 567 72
373 577 3
373 586 93
373 590 88
373 592 5
374 376 82
374 450 30
374 492 21
374 532 37
375 381 48
375 453 97
375 469 75
375 493 72
375 512 55
375 529 89
375 541 28
375 553 100
375 555 10
376 384 43
376 418 13
376 444 65
376 453 66
376 455 44
376 480 76
376 505 28
376 527 56
376 550 97
376 581 52
376 589 77
377 379 23
377 389 88
377 418 48
377 424 77
377 430 80
377 457 87
377 464 81
377 467 13
377 497 17
377 519 53
377 537 1
377 542 16
377 551 1
377 564 75
378 455 39
378 492 7
378 495 15
378 498 18
378 565 58
378 577 77
378 595 13
379 394 70
379 400 41
379 412 78
379 477 66
379 482 16
379 501 6
379 524 21
379 526 13
379 576 57
379 582 97
380 407 35
380 418 96
380 425 97
380 432 64
380 443 27
380 473 83
380 481 44
380 495 39
381 422 51
381 431 49
381 432 91
381 435 18
381 450 1
381 454 18
381 466 56
381 526 8
381 585 32
382 418 26
382 419 65
382 438 60
382 449 38
382 475 35
382 480 100
382 496 15
382 510 100
382 563 16
382 588 72
382 595 72
383 426 80
383 460 28
383 518 68
383 529 14
383 556 75
383 572 16
383 588 77
384 445 1
384 448 99
384 495 73
384 512 91
384 526 1
384 538 73
384 567 82
385 438 19
385 439 73
385 449 99
385 460 74
385 462 80
385 475 82
385 486 99
385 512 45
385 527 42
385 531 88
385 532 31
385 558 41
385 568 55
385 574 30
385 585 8
386 388 26
386 393 53
386 407 87
386 413 6
386 437 20
386 439 53
386 449 80
386 470 88
386 477 29
386 483 81
386 525 86
386 530 53
386 533 71
386 562 86
386 579 25
386 584 4
387 409 4
387 424 50
387 455 2
387 463 30
387 467 29
387 486 84
387 496 80
387 538 25
387 582 25
388 405 68
388 408 55
388 412 17
388 476 74
388 498 36
388 520 25
388 538 99
388 555 88
388 556 63
388 586 56
388 598 60
389 434 15
389 502 88
389 549 47
389 551 96
389 592 20
390 458 84
390 470 48
390 502 42
390 510 21
390 516 25
390 538 46
390 542 77
390 544 74
390 570 47
390 592 6
390 596 54
391 449 82
391 457 37
391 458 79
391 470 58
391 491 56
391 520 85
391 544 27
391 546 29
391 571 73
391 579 3
391 581 80
392 404 60
392 405 65
392 414 87
392 415 71
392 418 80
392 420 74
392 488 69
392 500 27
392 506 93
392 556 52
393 428 26
393 444 35
393 518 73
393 519 50
393 520 32
393 563 1
393 584 75
394 423 30
394 463 6
394 469 81
394 490 12
394 494 94
394 511 11
394 513 21
395 443 50
395 463 95
395 476 47
395 479 30
395 511 19
395 515 49
395 543 61
395 546 31
395 554 66
395 560 48
395 586 1
395 587 45
395 591 21
396 408 70
396 420 23
396 431 66
396 465 73
396 509 48
396 544 52
396 597 45
397 419 50
397 423 83
397 453 97
397 463 76
397 467 12
397 483 2
397 507 56
397 547 75
397 549 48
397 561 66
397 567 96
397 584 49
398 412 13
398 418 94
398 419 78
398 480 31
398 502 43
398 512 39
398 554 61
398 572 8
398 578 38
398 594 62
398 597 4
399 413 58
399 448 83
399 474 26
399 486 75
399 495 55
399 500 25
399 508 26
399 521 52
399 540 74
399 594 60
400 416 48
400 431 50
400 443 72
400 460 2
400 462 5
400 465 98
400 477 49
400 525 23
400 547 93
400 548 49
400 550 35
400 557 87
401 415 26
401 434 65
401 441 81
401 453 16
401 459 26
401 464 40
401 484 53
401 487 39
401 490 43
401 515 63
401 529 21
401 542 20
401 569 37
402 409 75
402 425 44
402 463 15
402 509 78
402 512 70
402 518 74
402 531 26
402 533 71
402 540 97
403 430 79
403 480 27
403 502 95
403 518 27
403 541 49
403 543 39
403 558 75
403 582 83
404 407 77
404 433 52
404 445 100
404 447 9
404 469 20
404 490 25
404 497 48
404 512 24
404 519 15
404 532 90
404 591 86
404 595 35
405 428 61
405 448 75
405 456 61
405 473 57
405 480 41
405 489 39
405 495 78
405 503 14
405 504 16
405 521 48
405 525 63
405 562 94
405 568 74
405 587 9
406 467 72
406 525 75
406 544 47
406 549 98
406 567 9
406 570 76
406 574 1
406 586 8
406 591 84
407 411 20
407 448 84
407 452 84
407 454 44
407 508 98
407 528 25
407 540 81
407 542 84
407 561 86
407 568 7
407 584 97
408 417 94
408 443 47
408 447 87
408 457 71
408 461 13
408 528 2
408 556 18
408 579 27
408 599 47
409 421 43
409 427 35
409 446 70
409 451 69
409 454 33
409 455 67
409 468 78
409 474 60
409 500 19
409 517 37
409 518 44
409 538 39
409 541 21
410 413 27
410 416 34
410 467 70
410 469 51
410 471 66
410 481 6
410 490 88
410 505 73
410 513 2
410 531 81
410 534 71
410 575 88
410 578 51
411 413 35
411 423 41
411 426 20
411 451 61
411 478 87
411 504 15
411 511 47
411 537 56
411 539 83
411 541 80
411 599 74
412 422 12
412 439 39
412 445 44
412 466 49
412 482 34
412 492 34
412 522 21
412 527 12
412 549 67
412 552 42
412 568 15
413 437 85
413 452 47
413 453 54
413 457 9
413 461 48
413 477 35
413 487 79
413 504 87
413 517 37
413 538 66
413 561 27
413 576 57
413 578 26
413 584 13
413 593 71
413 595 73
414 436 20
414 442 53
414 477 4
414 493 45
414 495 65
414 512 42
414 544 89
414 546 65
414 560 28
414 586 22
415 439 85
415 480 91
415 488 41
415 496 78
415 564 5
415 566 25
415 579 25
415 594 59
416 436 33
416 445 24
416 467 45
416 475 63
416 488 11
416 499 81
416 505 28
416 525 37
416 592 37
417 418 6
417 433 50
417 451 59
417 453 78
417 454 21
417 456 64
417 528 81
418 430 66
418 453 80
418 458 74
418 477 6
418 489 44
418 504 53
418 508 27
418 527 80
418 533 44
418 584 67
419 452 57
419 460 48
419 474 43
419 490 33
419 512 58
419 514 27
419 555 57
420 432 2
420 433 90
420 445 67
420 451 83
420 453 69
420 457 3
420 481 71
420 496 74
420 512 4
420 516 82
420 536 51
420 556 77
420 560 45
420 567 83
420 568 42
420 591 76
421 452 9
421 473 99
421 475 71
421 511 61
421 557 25
421 566 50
421 576 4
421 586 44
422 428 58
422 430 4
422 463 38
422 492 91
422 553 13
422 585 65
422 588 47
423 426 15
423 444 54
423 461 65
423 466 49
423 469 74
423 489 67
423 497 19
423 501 48
423 510 23
423 514 52
423 520 50
423 574 99
424 436 96
424 445 33
424 447 92
424 476 71
424 482 93
424 498 90
424 514 41
424 524 53
424 526 66
424 530 42
424 537 9
424 556 61
424 563 52
424 586 64
424 599 99
425 428 42
425 439 76
425 441 15
425 491 40
425 501 90
425 555 20
425 557 56
425 564 90
425 578 93
426 438 74
426 442 61
426 479 40
426 500 96
426 517 12
426 521 90
426 534 46
426 548 8
426 567 74
426 582 37
427 445 30
427 579 66
428 440 78
428 457 23
428 476 70
428 479 96
428 504 16
428 539 78
428 549 56
428 556 67
428 566 93
428 585 6
429 571 60
429 573 69
429 579 20
429 585 51
430 447 10
430 460 39
430 468 6
430 478 100
430 520 32
430 534 80
430 537 12
430 570 23
430 592 27
431 444 23
431 447 12
431 489 73
431 558 82
431 578 85
431 588 9
431 591 12
431 592 2
432 454 39
432 511 86
432 519 72
432 568 34
432 570 1
432 581 1
432 592 41
433 434 68
433 446 94
433 450 47
433 487 79
433 492 14
433 556 18
433 578 30
434 456 75
434 479 57
434 496 35
434 508 26
434 512 40
434 541 14
434 589 37
434 594 14
435 438 41
435 445 60
435 449 26
435 454 65
435 472 41
435 507 62
435 509 25
435 524 4
435 526 64
435 551 63
435 558 89
435 564 35
435 572 48
435 577 90
435 584 35
435 597 89
436 447 9
436 463 80
436 467 87
436 522 87
436 542 93
436 556 4
436 569 16
437 455 68
437 473 12
437 513 3
437 529 93
437 538 3
437 550 68
438 471 30
438 498 17
438 501 60
438 505 41
438 519 42
439 486 24
439 512 81
439 549 55
439 551 49
440 444 85
440 458 18
440 468 63
440 471 25
440 486 4
440 507 11
440 584 14
440 592 91
440 593 99
441 511 74
441 525 70
441 533 85
441 545 13
441 560 15
441 562 40
441 582 28
441 590 82
442 482 52
442 510 82
442 518 26
442 550 54
442 552 50
442 579 7
442 594 70
443 464 9
443 480 47
443 568 63
443 571 33
444 446 80
444 466 18
444 480 33
444 483 64
444 516 87
444 545 95
444 582 40
444 592 91
445 541 5
445 568 54
445 580 33
446 468 55
446 475 79
446 494 2
446 507 39
446 547 91
446 550 16
446 552 79
447 479 71
447 553 49
447 561 82
447 587 52
448 453 27
448 475 35
448 489 1
448 569 33
448 581 57
448 589 62
449 454 32
449 458 19
449 461 46
449 465 11
449 514 88
449 541 78
449 589 26
450 468 27
450 486 72
450 530 65
450 570 17
450 572 29
450 575 70
450 596 1
451 470 83
451 483 49
451 503 2
451 509 22
451 514 91
451 537 70
451 574 52
451 587 61
452 464 18
452 480 85
452 538 65
452 551 44
452 575 19
452 576 65
452 587 29
453 454 27
453 488 78
453 502 60
453 505 98
453 514 23
453 516 70
453 531 85
453 562 100
453 566 95
453 571 11
453 577 24
453 580 11
454 455 79
454 457 52
454 462 81
454 490 79
454 499 34
454 514 29
454 528 33
454 534 7
454 535 19
454 568 2
454 589 10
454 598 32
455 492 71
455 534 94
455 545 96
455 550 67
455 588 65
456 486 12
456 499 95
456 542 91
456 560 90
456 575 54
457 477 40
457 509 12
457 512 75
457 529 25
457 535 64
457 543 21
457 549 87
457 556 87
457 568 31
457 573 18
458 477 90
458 480 11
458 499 48
458 520 23
458 589 91
458 594 80
459 540 82
459 559 62
460 467 33
460 497 91
460 523 93
460 539 56
460 566 85
460 575 88
461 477 22
461 497 1
461 500 51
461 533 68
461 551 43
461 560 40
461 593 73
461 599 83
462 499 4
462 500 47
462 519 59
462 557 19
463 475 67
463 478 97
463 494 57
463 572 49
463 573 14
463 578 46
463 590 60
464 529 14
464 563 20
464 570 50
464 574 45
464 599 1
465 471 11
465 525 78
465 541 44
465 568 55
465 585 85
466 475 80
466 485 94
466 505 6
466 580 80
466 598 45
467 478 25
467 482 22
467 484 36
467 509 97
467 580 4
467 595 91
468 485 43
468 487 14
468 537 61
468 555 61
468 573 11
468 575 17
468 595 61
469 500 24
469 509 14
469 526 20
469 541 37
469 580 34
469 581 22
470 485 34
470 486 86
470 488 84
470 547 63
470 553 29
470 563 91
470 586 47
471 473 8
471 509 84
471 527 4
471 574 87
471 593 80
472 488 28
472 508 61
472 509 16
472 512 24
472 513 16
472 522 58
472 533 18
472 568 30
472 579 19
472 582 78
473 491 40
473 500 87
473 502 90
473 503 63
473 505 1
474 482 10
474 520 52
474 531 86
474 541 83
474 555 85
474 557 71
474 568 18
474 585 47
474 594 100
475 482 8
475 484 45
475 486 7
475 537 44
475 550 48
475 559 46
476 556 23
476 567 75
476 572 6
477 490 90
477 500 98
477 504 21
477 543 100
477 550 67
477 555 2
477 559 18
478 518 96
478 545 41
478 551 56
478 573 85
479 484 56
479 485 56
479 494 46
479 558 59
479 566 41
480 495 28
480 562 95
480 587 12
480 589 98
480 593 93
480 597 63
481 511 57
481 570 37
481 574 69
481 583 100
481 598 84
482 494 66
482 497 75
482 545 10
483 496 23
483 533 16
483 597 59
484 498 96
484 527 15
484 533 25
484 541 97
484 544 84
484 564 20
484 573 38
484 575 40
484 578 4
485 508 93
485 509 47
485 521 50
485 548 51
485 566 88
485 593 29
485 595 45
486 568 51
486 595 78
487 496 37
487 517 13
487 519 35
487 536 25
487 538 33
487 555 86
487 569 8
487 584 51
487 591 12
488 495 69
488 514 73
488 539 80
488 573 27
489 491 68
489 505 46
489 559 51
489 573 65
489 582 30
490 493 22
490 515 54
490 536 21
490 537 25
490 555 46
490 564 67
490 569 26
490 576 48
490 577 6
490 579 7
490 580 44
490 582 56
491 505 84
491 516 32
491 559 20
491 590 70
491 591 56
492 504 5
492 517 8
492 521 15
492 525 55
492 538 71
492 552 83
492 557 27
492 562 50
492 587 9
493 506 95
493 512 96
493 518 11
493 522 11
493 540 77
493 548 32
493 578 64
493 579 97
493 587 8
493 594 61
494 548 15
494 553 34
494 555 8
494 579 73
494 582 92
495 524 3
495 585 80
495 588 27
495 589 86
495 599 100
496 498 49
496 504 41
496 537 4
496 542 56
496 563 7
496 566 58
496 571 78
496 573 41
496 575 36
496 587 80
496 588 1
497 520 30
497 530 27
497 535 11
498 525 40
498 532 3
498 549 94
498 590 55
498 595 51
499 506 1
499 508 15
499 511 17
499 524 86
499 530 22
499 556 89
499 567 77
499 583 76
500 576 69
500 599 56
501 503 61
501 504 20
501 522 4
501 526 53
501 564 23
502 517 11
502 531 59
502 537 32
502 554 88
502 557 99
502 558 67
502 564 19
502 573 51
502 590 49
503 514 45
503 575 61
503 583 40
503 585 47
504 535 54
504 538 95
504 548 49
504 573 7
504 580 9
504 596 66
505 527 44
505 545 83
506 521 6
506 528 73
506 535 58
506 568 74
506 592 28
507 517 71
507 575 45
507 598 31
508 586 23
509 513 67
509 514 93
509 534 34
509 541 50
509 554 80
510 540 84
510 548 69
510 561 99
510 593 35
511 543 17
511 551 95
511 579 95
512 551 56
512 574 94
512 585 1
513 526 50
513 529 42
513 546 59
513 577 11
513 585 59
514 542 2
514 545 93
515 548 65
515 586 74
516 525 50
516 580 90
516 588 53
517 557 72
517 558 35
517 562 83
517 569 95
518 523 53
518 535 75
518 548 28
518 562 55
519 521 7
519 555 11
519 577 23
519 590 57
520 521 45
520 549 39
520 581 51
521 539 92
521 557 46
521 559 44
521 562 44
521 583 48
521 586 38
522 540 2
522 546 58
522 570 96
523 545 55
523 564 50
523 569 12
524 583 81
525 539 51
525 554 2
525 575 33
525 592 23
526 557 88
528 530 16
528 539 69
528 569 92
528 578 42
528 596 96
529 559 46
529 599 100
530 541 58
530 548 20
530 561 56
530 565 55
531 593 10
532 568 59
533 538 98
533 583 56
533 585 54
534 560 41
534 562 55
534 587 91
535 539 94
535 549 12
535 553 87
535 563 48
535 590 13
535 594 50
536 548 28
536 550 15
536 559 51
536 571 61
536 592 89
537 560 90
537 564 28
537 586 57
537 592 82
538 542 21
538 544 4
538 549 79
538 562 21
538 586 14
539 573 99
539 592 76
540 548 68
540 577 8
540 597 86
541 570 17
541 577 15
541 589 40
542 560 57
542 586 69
542 593 30
543 561 2
543 586 32
543 587 68
544 562 1
545 563 44
546 569 18
547 581 81
547 593 59
548 557 20
549 575 41
549 577 47
549 584 62
549 590 20
549 599 56
550 583 43
551 584 40
551 595 59
552 599 73
554 556 12
554 559 72
554 568 23
554 583 40
555 575 91
555 577 31
556 557 25
556 565 7
556 566 97
556 593 64
557 585 15
557 591 66
558 568 46
558 570 16
558 587 97
558 598 13
560 581 17
561 571 93
561 596 82
561 598 97
562 573 3
563 591 54
565 584 89
566 586 1
567 575 15
567 595 60
568 581 56
569 584 9
570 577 99
570 579 67
571 582 81
571 583 63
572 578 38
573 583 4
573 597 2
574 579 29
575 577 86
577 585 26
577 595 87
578 580 82
578 590 42
578 593 2
579 585 47
579 590 87
579 591 17
580 599 96
581 596 51
582 585 85
582 591 88
583 592 85
584 599 81
586 589 90
589 590 38
590 592 21
591 596 90
600 299 78
601 599 16
600 601 94
602 622 16
602 676 52
602 684 43
602 695 53
602 726 75
602 729 42
602 732 63
602 738 41
602 741 39
602 756 71
602 757 67
602 763 76
602 766 91
602 855 16
602 872 72
602 895 54
603 621 46
603 644 29
603 646 32
603 668 23
603 680 2
603 688 36
603 705 5
603 706 47
603 709 41
603 725 99
603 765 57
603 847 21
603 848 40
603 860 74
603 873 95
604 626 8
604 635 25
604 656 89
604 674 12
604 689 52
604 694 30
604 700 26
604 730 92
604 742 21
604 758 96
604 776 10
604 780 96
604 834 87
604 849 25
604 857 19
604 886 92
605 616 23
605 640 47
605 657 75
605 664 45
605 689 48
605 711 10
605 714 1
605 718 46
605 720 51
605 725 99
605 734 3
605 743 23
605 763 91
605 777 76
605 780 17
605 784 50
605 795 1
605 807 5
605 808 61
605 824 4
605 850 86
605 876 38
606 623 47
606 649 58
606 654 86
606 664 56
606 675 5
606 704 72
606 724 33
606 760 24
606 778 15
606 782 7
606 786 22
606 805 89
606 807 3
606 811 70
606 865 98
607 612 3
607 643 15
607 653 100
607 699 53
607 707 17
607 737 22
607 747 95
607 770 45
607 772 90
607 777 44
607 824 97
607 857 46
607 868 56
607 892 100
608 613 84
608 639 94
608 653 46
608 655 41
608 662 79
608 685 53
608 708 46
608 714 2
608 729 85
608 732 21
608 786 16
608 807 43
608 876 42
608 877 56
609 622 45
609 636 11
609 659 5
609 669 99
609 675 78
609 691 5
609 700 4
609 702 46
609 739 78
609 750 98
609 783 90
609 788 20
609 800 42
609 805 86
609 826 65
609 846 97
609 850 37
609 869 48
609 895 42
610 631 82
610 655 41
610 692 72
610 726 35
610 730 86
610 747 73
610 771 71
610 772 6
610 816 40
610 840 14
610 851 99
610 866 95
610 874 58
611 613 62
611 627 100
611 639 9
611 640 39
611 644 56
611 669 12
611 724 36
611 734 33
611 739 9
611 764 26
611 793 52
611 863 2
611 886 63
612 616 69
612 626 99
612 637 100
612 644 68
612 681 92
612 732 33
612 736 8
612 756 64
612 759 67
612 772 45
612 802 88
612 814 38
612 817 2
612 825 28
612 840 51
612 853 1
613 635 22
613 642 60
613 647 62
613 720 73
613 734 20
613 743 52
613 751 28
613 793 31
613 810 87
613 811 61
613 857 40
613 874 64
613 878 64
613 879 93
613 881 79
614 620 32
614 636 43
614 640 78
614 667 100
614 672 35
614 688 10
614 698 59
614 700 50
614 757 29
614 765 4
614 770 37
614 772 66
614 791 5
614 794 64
614 837 68
614 843 57
614 865 86
614 876 79
614 877 18
615 623 10
615 625 99
615 632 69
615 659 38
615 697 81
615 709 8
615 740 98
615 747 72
615 750 71
615 751 13
615 754 65
615 756 49
615 759 45
615 768 7
615 773 78
615 785 96
615 789 41
615 805 40
615 811 54
615 821 90
615 827 20
615 867 57
616 663 27
616 669 37
616 688 14
616 707 42
616 709 4
616 724 70
616 764 79
616 783 34
616 827 40
616 835 89
616 844 32
616 848 8
616 878 26
617 624 13
617 645 67
617 647 75
617 714 36
617 718 38
617 726 87
617 727 100
617 772 38
617 774 31
617 779 7
617 797 68
617 799 78
617 800 99
617 802 59
617 828 32
617 856 89
617 881 78
617 896 88
617 899 67
618 622 14
618 638 1
618 640 8
618 712 69
618 832 23
618 839 39
618 892 2
618 894 62
619 651 27
619 659 86
619 662 21
619 692 52
619 696 50
619 721 88
619 726 78
619 774 85
619 786 77
619 808 64
619 813 85
619 862 14
619 888 47
619 897 91
620 624 33
620 694 24
620 708 89
620 731 91
620 735 55
620 736 29
620 737 68
620 771 95
620 774 47
620 791 33
620 801 47
620 839 7
620 848 1
620 865 69
620 886 45
621 712 3
621 762 82
621 776 71
621 796 40
621 801 3
621 808 74
621 812 89
621 828 90
621 836 51
621 864 73
621 869 66
621 899 14
622 627 9
622 775 31
622 781 12
622 799 51
622 801 16
622 809 36
622 851 92
622 894 6
622 897 42
623 625 20
623 639 26
623 654 88
623 661 19
623 684 58
623 687 35
623 692 25
623 705 59
623 723 55
623 750 69
623 763 13
623 769 37
623 775 91
623 778 52
623 811 91
623 836 64
623 882 92
623 884 80
624 631 14
624 632 16
624 664 97
624 666 79
624 668 25
624 704 79
624 712 91
624 762 27
624 767 94
624 770 78
624 784 18
624 834 52
624 858 71
625 634 90
625 635 29
625 636 59
625 734 8
625 739 86
625 745 45
625 778 84
625 784 96
625 797 51
625 798 52
625 839 60
625 865 87
625 878 42
625 887 63
626 645 29
626 646 5
626 708 54
626 777 8
626 858 70
626 888 22
627 656 56
627 674 48
627 687 46
627 705 35
627 713 90
627 718 72
627 738 80
627 768 67
627 772 42
627 789 31
627 796 38
627 797 31
627 812 59
627 814 48
627 876 90
627 878 97
628 667 92
628 679 73
628 741 44
628 760 42
628 763 24
628 767 4
628 768 81
628 795 17
628 825 18
628 841 9
628 864 73
628 884 72
629 645 69
629 652 42
629 657 93
629 687 76
629 706 41
629 717 90
629 729 10
629 812 31
629 819 13
629 829 42
629 855 49
629 857 54
629 862 24
629 879 38
629 880 36
629 886 35
629 896 85
629 900 25
630 647 31
630 675 28
630 680 49
630 719 26
630 726 22
630 766 24
630 779 81
630 794 54
630 823 40
630 825 99
630 846 14
630 852 64
630 857 22
630 873 34
630 901 5
631 659 66
631 694 10
631 710 98
631 743 55
631 756 71
631 810 80
631 836 19
631 838 12
631 854 28
631 856 25
631 861 36
631 885 18
632 635 12
632 638 70
632 650 54
632 675 89
632 723 52
632 733 82
632 747 37
632 755 77
632 781 55
632 809 61
632 824 58
632 829 60
632 839 52
632 884 56
632 898 73
633 643 16
633 654 77
633 659 7
633 671 72
633 714 42
633 715 68
633 724 21
633 754 48
633 763 38
633 814 100
633 838 18
633 839 50
633 844 80
633 865 42
633 888 85
634 677 97
634 686 54
634 703 6
634 709 50
634 719 42
634 723 57
634 759 83
634 789 30
634 792 33
634 793 89
634 830 42
634 832 42
634 843 48
634 854 94
634 867 49
634 888 21
635 637 61
635 718 25
635 749 79
635 759 32
635 800 18
635 804 46
635 817 53
635 856 17
635 860 83
635 887 4
636 640 35
636 655 84
636 668 83
636 671 28
636 684 20
636 697 31
636 722 33
636 728 25
636 733 81
636 844 26
636 870 81
637 682 15
637 700 56
637 706 66
637 721 4
637 731 97
637 738 59
637 746 51
637 748 42
637 757 8
637 791 23
637 814 2
637 823 84
637 826 53
637 837 86
637 850 2
637 854 98
637 860 90
637 864 70
637 874 33
638 644 93
638 669 4
638 702 68
638 730 76
638 758 84
638 777 88
638 793 6
638 800 16
638 815 12
638 817 38
638 836 42
638 843 45
638 852 5
638 872 49
638 874 62
638 875 8
638 891 97
639 666 20
639 716 10
639 741 39
639 743 79
639 763 33
639 774 92
639 862 63
639 868 85
640 678 77
640 709 64
640 728 35
640 737 66
640 771 33
640 783 19
640 806 59
640 830 89
640 866 86
640 879 86
641 654 72
641 663 73
641 684 43
641 697 39
641 729 37
641 734 33
641 811 80
641 889 33
642 692 37
642 759 80
642 785 94
642 790 96
642 793 77
642 811 65
642 817 5
642 849 67
642 885 44
642 891 89
643 694 58
643 720 6
643 737 26
643 773 35
643 791 21
643 793 60
643 796 52
643 798 5
643 808 30
643 818 62
643 862 93
644 655 15
644 703 99
644 715 16
644 733 40
644 756 94
644 788 55
644 789 28
644 876 26
644 887 86
644 891 60
645 654 14
645 678 18
645 679 5
645 682 9
645 687 46
645 698 21
645 721 65
645 722 12
645 792 16
645 805 54
645 812 69
645 844 73
645 851 79
645 865 55
645 892 93
646 664 90
646 665 59
646 699 50
646 725 19
646 749 20
646 776 94
646 787 85
646 791 19
646 839 10
646 884 76
646 896 12
646 898 16
647 662 3
647 710 89
647 735 53
647 741 14
647 743 2
647 815 70
648 658 70
648 664 62
648 686 15
648 698 43
648 701 26
648 702 78
648 719 58
648 744 79
648 784 47
648 814 31
648 840 9
648 848 53
648 870 75
648 893 98
649 683 11
649 712 24
649 732 68
649 749 83
649 751 70
649 756 5
649 764 1
649 781 31
649 782 80
649 793 64
649 800 46
649 870 35
649 875 4
649 897 50
650 652 100
650 701 5
650 773 72
650 788 70
650 789 66
650 799 86
650 817 12
650 836 43
650 846 16
650 847 21
650 858 74
650 869 14
650 895 3
651 662 82
651 744 66
651 748 30
651 763 32
651 768 29
651 779 5
651 843 99
651 856 11
651 867 74
651 883 3
651 899 63
652 660 4
652 661 35
652 697 26
652 703 1
652 704 69
652 710 81
652 724 51
652 728 68
652 746 85
652 752 22
652 763 89
652 777 2
652 804 59
652 812 52
652 834 44
652 840 74
652 847 25
652 848 17
652 866 87
652 867 27
652 872 51
652 873 5
652 888 56
652 889 82
653 669 33
653 676 61
653 776 32
653 786 43
653 797 34
653 817 87
653 822 57
653 844 90
653 872 21
653 884 34
653 893 90
654 657 41
654 763 14
654 770 40
654 774 60
654 778 98
654 783 61
654 817 49
654 829 51
654 864 72
654 888 52
654 893 94
655 658 45
655 668 76
655 676 63
655 678 84
655 719 55
655 836 13
655 878 88
655 893 10
656 657 94
656 663 72
656 684 22
656 768 77
656 770 66
656 808 8
656 811 63
656 841 22
656 875 97
657 685 35
657 702 55
657 737 86
657 738 75
657 750 68
657 788 26
657 797 87
657 798 17
657 850 38
657 857 87
657 872 67
657 879 61
658 660 38
658 692 12
658 694 58
658 704 66
658 719 74
658 725 41
658 726 20
658 744 38
658 791 80
658 793 29
658 812 83
658 823 51
658 866 3
658 873 60
658 886 16
658 896 10
658 900 74
659 662 37
659 667 6
659 680 9
659 690 43
659 707 91
659 780 35
659 812 10
659 823 68
659 830 21
659 887 78
660 728 6
660 760 7
660 808 44
660 819 66
660 821 97
660 828 55
660 830 23
660 847 62
660 863 81
660 898 15
661 689 81
661 691 18
661 758 94
661 790 61
661 799 53
661 829 96
661 835 63
661 837 12
661 870 11
661 875 24
661 885 85
661 889 99
661 893 29
661 897 45
662 685 41
662 705 20
662 720 80
662 725 2
662 758 39
662 778 52
662 826 79
662 842 44
662 847 11
662 852 74
662 869 62
662 878 7
662 884 81
662 888 36
662 892 68
662 895 61
663 664 3
663 706 100
663 735 30
663 740 48
663 752 60
663 760 82
663 798 44
663 806 75
663 837 45
663 843 6
663 847 98
663 864 82
663 867 5
663 896 79
664 682 26
664 703 97
664 717 50
664 732 57
664 742 51
664 768 88
664 780 61
664 811 81
664 819 84
664 855 71
665 674 55
665 690 97
665 691 77
665 702 35
665 741 32
665 781 96
665 788 47
665 795 86
665 802 95
665 804 76
665 813 34
665 839 6
666 668 10
666 682 77
666 690 80
666 703 6
666 709 82
666 749 30
666 766 87
666 773 38
666 804 60
666 821 65
666 836 87
666 879 9
667 707 73
667 724 37
667 731 96
667 735 33
667 760 69
667 803 31
667 813 3
667 815 23
667 825 27
667 853 31
667 854 57
667 861 11
667 885 26
667 900 3
668 675 96
668 752 20
668 757 31
668 773 29
668 790 26
668 835 92
669 685 57
669 724 57
669 729 49
669 762 39
669 764 38
669 795 88
669 841 28
669 856 97
669 897 52
670 692 66
670 693 57
670 695 76
670 696 54
670 706 5
670 728 9
670 789 23
670 807 35
670 817 63
670 859 45
670 860 62
670 885 94
671 724 54
671 727 24
671 729 19
671 757 8
671 794 19
671 811 91
671 857 90
671 861 100
671 877 68
672 697 81
672 707 56
672 709 76
672 722 82
672 736 46
672 740 14
672 750 69
672 773 26
672 838 62
672 852 72
672 867 91
673 679 19
673 694 47
673 699 45
673 707 23
673 752 7
673 756 67
673 772 9
673 792 70
673 804 63
673 805 70
673 808 63
673 834 16
673 842 93
674 681 33
674 700 24
674 754 64
674 756 23
674 778 13
674 780 63
674 782 90
674 811 46
674 830 70
674 879 18
674 890 27
674 894 16
675 676 31
675 687 95
675 765 41
675 810 44
675 861 66
675 866 83
675 875 14
675 896 64
676 722 27
676 751 88
676 766 71
676 792 45
676 800 97
676 814 40
676 825 8
676 830 18
676 849 54
676 856 23
676 860 63
677 733 86
677 735 98
677 740 26
677 771 61
677 795 63
677 815 40
677 885 50
678 688 8
678 708 9
678 711 67
678 721 34
678 747 76
678 756 49
678 808 80
678 816 68
678 879 45
679 680 97
679 712 51
679 717 10
679 747 60
679 752 29
679 786 98
679 805 30
679 807 74
679 830 46
679 841 69
679 851 33
679 873 63
679 880 22
679 900 7
680 694 25
680 715 60
680 808 5
680 859 2
681 683 20
681 687 67
681 697 93
681 710 69
681 735 26
681 736 2
681 791 88
681 804 11
681 810 29
681 816 88
681 830 90
681 850 49
681 867 84
681 869 86
681 870 99
681 892 94
682 736 45
682 737 79
682 752 91
682 796 27
682 809 4
682 868 36
682 899 95
683 691 36
683 697 50
683 700 69
683 724 43
683 735 27
683 787 28
683 810 99
683 823 28
683 839 47
683 842 17
683 853 73
683 861 67
683 880 94
683 883 26
683 896 6
684 703 4
684 704 54
684 720 46
684 739 93
684 749 2
684 758 29
684 782 30
684 783 52
684 791 22
684 793 26
684 820 83
684 872 12
685 756 52
685 766 86
685 793 99
685 795 99
685 815 22
685 825 49
685 843 67
685 862 16
685 897 27
686 696 46
686 721 66
686 758 6
686 775 92
686 798 34
686 836 78
686 849 10
686 886 27
686 901 3
687 693 16
687 717 30
687 720 9
687 736 61
687 814 74
687 856 62
687 878 89
687 886 55
687 892 66
688 690 63
688 707 80
688 725 48
688 727 26
688 730 84
688 732 33
688 739 25
688 745 82
688 756 6
688 776 25
688 790 100
688 821 73
688 844 51
688 860 45
688 878 38
689 710 8
689 727 88
689 733 23
689 739 86
689 804 97
689 833 49
689 888 40
689 900 64
690 692 30
690 700 48
690 714 76
690 717 3
690 725 10
690 774 17
690 780 57
690 796 75
690 808 79
690 812 89
690 821 22
690 832 4
690 882 72
691 694 6
691 697 80
691 709 5
691 727 12
691 745 4
691 794 4
691 809 84
691 812 6
691 817 100
691 837 74
691 900 14
692 695 87
692 707 96
692 719 51
692 737 35
692 769 97
692 780 90
692 801 99
692 854 26
692 855 90
692 856 26
692 861 81
692 880 99
692 893 42
692 897 89
693 713 25
693 742 72
693 748 77
693 750 98
693 787 28
694 700 100
694 710 55
694 717 7
694 741 4
694 743 66
694 769 63
694 783 59
694 784 2
694 786 20
694 787 58
694 815 27
694 822 33
694 830 96
694 863 22
694 873 35
694 901 31
695 752 70
695 777 25
695 789 81
695 798 96
695 879 14
696 714 6
696 722 76
696 744 64
696 773 100
696 792 16
696 839 40
696 870 23
696 878 93
696 881 89
696 882 50
696 895 44
697 714 43
697 717 9
697 733 100
697 806 61
697 820 71
697 833 58
697 838 62
697 889 42
698 732 68
698 744 88
698 777 27
698 810 63
698 847 61
698 859 61
698 870 93
698 880 31
698 885 37
698 893 25
698 894 78
698 896 2
699 700 83
699 701 5
699 756 17
699 760 34
699 771 20
699 788 56
699 822 56
699 856 64
699 858 96
699 897 58
700 730 8
700 742 39
700 745 18
700 749 7
700 791 99
700 814 40
700 836 16
700 861 12
700 865 81
700 874 35
700 891 51
701 707 7
701 765 98
701 768 11
701 808 68
701 836 42
701 859 93
701 868 56
701 869 67
701 878 70
702 716 58
702 723 49
702 831 74
702 891 26
702 894 82
702 895 46
703 714 34
703 748 89
703 753 9
703 761 29
703 771 46
703 846 16
703 873 67
703 883 63
704 750 74
704 780 17
704 793 54
704 811 42
704 822 28
704 824 35
704 828 76
704 840 78
704 882 41
705 706 73
705 731 41
705 737 60
705 741 67
705 746 85
705 750 16
705 756 33
705 766 55
705 834 25
705 842 33
705 872 80
705 885 50
705 894 66
706 726 25
706 735 83
706 750 54
706 767 34
706 834 64
706 846 52
706 852 1
706 856 30
706 860 66
706 862 27
707 722 99
707 736 20
707 749 68
707 767 78
707 783 54
707 851 95
707 856 56
707 890 46
707 892 20
708 716 48
708 757 6
708 782 86
708 791 32
708 795 73
708 815 70
708 834 38
708 862 49
709 732 2
709 745 70
709 757 50
709 846 67
709 860 94
709 863 85
709 871 20
709 897 79
710 751 48
710 770 23
710 774 32
710 780 77
710 784 89
710 786 58
710 806 27
710 810 8
710 825 77
710 831 5
710 850 13
711 722 71
711 725 12
711 731 58
711 754 90
711 776 11
711 778 15
711 801 27
711 819 42
711 876 39
712 736 96
712 768 32
712 769 87
712 773 97
712 780 1
712 822 89
712 870 63
712 885 46
713 718 73
713 752 35
713 758 25
713 786 20
713 787 57
713 790 8
713 869 48
713 898 97
714 715 65
714 735 75
714 739 56
714 754 93
714 862 79
714 868 68
714 875 63
714 876 42
714 879 78
714 886 5
714 889 52
714 896 92
714 900 31
715 724 45
715 742 31
715 818 27
715 827 76
715 832 69
715 837 75
715 849 76
715 850 57
715 892 38
715 895 74
716 752 29
716 776 24
716 779 50
716 803 100
716 807 32
716 834 57
716 844 48
716 869 29
716 877 73
716 879 22
716 890 36
717 723 65
717 736 52
717 750 4
717 752 27
717 753 45
717 763 81
717 766 83
717 778 96
717 824 24
717 842 14
717 860 40
717 871 6
717 873 92
718 761 68
718 765 27
718 776 66
718 781 95
718 785 83
718 801 55
718 814 68
718 820 64
718 853 78
718 879 17
718 894 63
718 896 62
719 778 25
719 785 62
719 792 42
719 795 97
719 797 35
719 827 77
719 865 61
719 868 38
719 888 32
719 894 40
720 723 82
720 732 64
720 772 22
720 779 29
720 791 40
720 801 35
720 807 69
720 824 45
720 872 78
720 882 88
721 753 71
721 768 44
721 801 82
721 844 6
721 875 98
721 881 50
721 883 21
721 900 28
722 785 18
722 787 35
722 788 41
722 832 43
722 838 97
722 855 34
722 864 39
722 883 31
722 891 10
723 728 100
723 748 69
723 750 94
723 755 39
723 797 2
723 807 9
723 808 12
723 831 31
723 834 48
723 852 99
723 879 51
723 883 45
723 897 76
723 901 38
724 753 15
724 762 71
724 773 19
724 861 72
724 886 21
725 752 20
725 798 44
725 802 100
725 823 90
725 828 79
725 839 40
725 856 32
725 864 27
726 732 73
726 733 22
726 739 9
726 747 34
726 783 73
726 813 29
726 818 79
726 838 63
726 868 31
726 874 88
726 893 75
726 895 61
727 754 35
727 764 73
727 776 63
727 778 79
727 811 100
727 842 100
727 851 46
727 855 71
727 872 70
727 884 69
727 890 91
727 895 42
728 735 13
728 737 90
728 739 31
728 782 43
728 801 81
728 809 14
728 830 69
729 749 5
729 756 87
729 762 29
729 794 90
729 835 60
729 866 58
729 871 69
729 889 74
729 898 88
730 742 56
730 764 48
730 770 100
730 784 42
730 785 72
730 812 62
730 835 73
730 861 24
731 732 61
731 734 18
731 748 94
731 751 82
731 752 38
731 756 36
731 762 23
731 779 50
731 792 77
731 800 5
731 837 44
731 839 57
731 862 18
731 881 64
731 901 13
732 742 5
732 749 93
732 764 2
732 792 16
732 824 50
732 829 70
732 833 89
732 838 37
732 841 77
732 859 89
732 899 88
733 734 71
733 767 60
733 811 49
733 831 43
733 891 35
734 735 61
734 736 60
734 781 28
734 783 42
734 798 97
734 806 15
734 813 17
734 819 99
734 853 91
734 891 73
734 892 94
735 743 99
735 752 43
735 754 10
735 783 11
735 831 99
735 836 2
735 850 13
735 881 14
735 899 3
736 739 34
736 741 54
736 745 39
736 779 63
736 806 42
736 863 26
736 871 33
737 754 54
737 755 26
737 766 75
737 774 88
737 788 86
737 789 86
737 802 68
737 830 79
737 840 34
737 890 82
737 895 47
737 896 84
738 862 73
738 863 20
738 880 78
739 758 71
739 786 62
739 821 87
739 827 34
739 863 60
739 866 40
739 867 46
739 879 25
739 882 42
739 883 31
740 844 78
740 892 32
740 900 93
741 779 20
741 793 9
741 812 25
741 813 73
741 820 34
741 844 51
741 850 12
741 891 71
742 746 36
742 752 79
742 753 49
742 754 70
742 779 61
742 837 48
742 844 53
742 873 33
742 876 67
742 887 30
743 750 55
743 754 80
743 774 68
743 809 40
743 822 39
743 835 7
743 854 37
743 893 63
744 747 48
744 750 68
744 801 40
744 805 79
744 809 12
744 842 11
744 846 87
744 848 89
744 864 35
744 875 72
744 879 39
745 769 47
745 773 42
745 791 75
745 837 25
745 847 43
745 863 44
745 882 85
746 749 90
746 771 48
746 775 69
746 787 8
746 821 30
746 824 76
746 837 87
746 871 97
746 888 15
747 748 25
747 754 56
747 777 52
747 779 39
747 805 3
747 838 71
747 857 78
748 805 34
748 854 82
748 864 41
748 874 72
748 894 70
749 775 75
749 791 44
749 811 9
749 818 21
749 819 85
749 828 35
749 841 46
749 876 79
749 879 30
749 880 82
750 781 68
750 873 77
751 788 3
751 790 75
751 801 6
751 807 78
751 810 61
751 846 55
751 865 44
751 894 37
751 896 10
751 898 47
752 800 75
752 811 64
752 834 17
752 839 5
752 853 49
752 872 99
752 891 97
753 759 21
753 764 20
753 765 71
753 766 16
753 773 80
753 779 92
753 856 52
754 769 14
754 773 89
754 799 31
754 835 43
754 839 70
754 859 98
754 881 72
754 886 72
755 758 25
755 788 77
755 790 1
755 837 37
755 849 83
755 868 97
756 765 74
756 769 44
756 778 43
756 790 100
756 820 8
756 880 60
756 894 56
757 770 56
757 822 10
757 880 52
758 819 28
758 824 29
758 831 23
758 833 43
758 837 61
759 762 66
759 775 95
759 781 74
759 810 54
759 818 25
759 826 69
759 885 75
759 890 74
759 892 40
759 899 99
760 761 50
760 823 68
760 832 51
760 842 87
760 848 51
760 858 47
760 869 12
760 885 94
760 887 90
761 769 63
761 770 53
761 771 1
761 778 19
761 794 61
761 824 10
761 846 22
761 848 88
761 869 90
761 893 96
762 811 83
762 814 50
762 824 61
762 860 29
762 870 76
762 895 66
763 822 5
763 839 44
763 842 41
763 843 30
764 768 35
764 786 91
764 802 80
764 818 54
764 822 41
764 829 18
764 886 56
764 889 88
765 772 29
765 782 50
765 797 29
765 802 91
765 803 54
765 814 29
765 816 61
765 835 14
765 842 90
765 853 83
765 888 54
766 776 79
766 802 30
766 813 88
766 865 81
766 888 91
766 889 16
766 895 8
767 778 8
767 783 20
767 788 51
767 794 100
767 803 49
767 804 37
767 805 90
767 812 80
767 816 90
767 819 83
767 839 97
767 848 46
767 869 22
767 871 77
767 875 47
768 769 50
768 797 20
768 809 100
768 810 30
768 830 80
768 831 66
768 834 19
768 858 14
768 876 71
769 770 97
769 789 44
769 792 58
769 812 29
769 822 86
769 827 25
769 869 36
769 895 93
770 799 96
770 820 38
770 824 93
770 835 96
770 839 74
770 845 82
770 862 76
770 867 16
770 892 16
770 897 24
771 777 13
771 788 37
771 797 1
771 804 59
771 816 86
771 825 20
771 839 10
771 862 15
771 869 99
771 874 27
771 884 85
771 898 65
772 781 97
772 789 34
772 796 60
772 812 6
772 818 62
772 823 45
772 836 82
772 843 50
772 846 37
772 853 77
772 855 87
772 866 81
772 873 73
773 776 13
773 797 15
773 825 48
773 843 28
773 847 30
773 877 71
773 891 92
773 894 67
774 783 23
774 806 50
774 853 4
775 803 42
775 823 11
775 840 19
775 848 93
775 899 38
776 789 55
776 792 57
776 799 86
776 812 88
776 838 16
776 841 44
776 843 50
776 844 12
776 847 25
776 857 99
777 790 100
777 856 2
777 868 37
778 804 81
778 846 26
778 882 49
778 895 95
779 780 25
779 813 28
779 833 76
779 868 47
780 781 19
780 798 42
780 806 70
780 810 20
780 843 46
780 845 11
780 882 31
781 809 16
781 825 3
781 850 20
781 859 70
781 890 11
781 900 57
782 836 58
782 880 78
782 894 100
783 784 59
783 820 89
783 829 77
783 875 9
784 788 89
784 822 30
784 862 45
784 885 21
784 895 55
785 807 46
785 855 67
786 834 79
786 838 73
786 855 42
786 858 25
786 888 44
787 813 36
787 829 94
787 835 63
787 843 33
787 855 57
787 868 45
787 888 100
787 893 11
788 800 64
788 826 21
789 823 22
789 839 73
789 851 30
789 854 51
789 882 72
790 796 88
790 801 40
790 855 100
790 859 96
790 867 80
790 900 29
791 890 93
792 799 52
792 827 83
792 834 38
792 835 70
792 851 13
792 888 10
793 795 11
793 876 90
793 891 5
794 808 98
794 820 35
794 831 68
794 845 30
794 858 91
794 865 64
794 871 81
794 872 54
794 875 80
794 899 2
795 825 75
795 836 52
795 854 31
795 856 77
795 872 75
795 884 71
795 891 68
796 809 75
796 813 66
796 832 47
796 852 3
796 882 58
797 801 50
797 826 38
797 861 47
797 862 19
797 884 2
798 832 57
798 839 82
798 879 91
798 886 61
799 813 31
799 821 26
799 848 80
799 895 61
799 899 68
800 804 44
800 848 93
800 850 21
800 853 75
800 876 94
800 883 47
800 898 26
800 901 77
801 898 24
802 880 100
803 808 47
804 825 91
804 838 26
804 860 12
804 882 90
805 809 81
805 828 22
805 829 91
805 833 70
805 834 68
805 856 62
805 872 71
805 873 76
805 879 43
805 883 14
805 893 89
806 825 73
806 831 91
806 838 20
806 874 85
806 882 58
806 892 15
807 825 30
807 835 31
807 842 89
807 847 23
808 846 29
808 855 66
808 889 99
809 868 4
810 836 66
810 851 45
810 862 47
811 816 91
811 828 9
811 834 88
811 862 23
811 892 82
812 829 78
812 845 92
812 861 1
812 876 39
813 836 63
813 885 29
813 887 33
813 892 76
813 895 69
813 898 58
814 820 18
814 858 88
814 881 94
815 865 27
816 841 55
816 856 23
816 866 57
816 883 95
817 840 46
817 879 38
817 892 61
818 857 96
818 883 41
818 898 78
819 821 93
819 859 39
819 866 68
819 885 1
820 888 26
820 900 91
821 832 34
821 834 56
821 847 82
821 853 34
821 854 46
822 843 96
822 852 14
822 858 31
822 885 23
822 894 82
824 855 88
824 861 40
824 863 22
824 882 81
825 834 67
825 850 76
825 855 56
825 863 75
825 882 70
825 895 53
826 852 12
826 884 82
828 854 48
828 856 5
828 878 59
829 834 40
829 840 95
829 875 79
829 897 92
830 851 21
831 864 69
832 835 77
832 853 76
832 901 2
833 844 11
833 862 73
833 869 50
833 870 24
833 882 3
834 835 72
834 838 58
834 854 90
834 872 64
834 881 79
834 884 23
834 885 82
834 886 6
834 891 78
834 899 56
835 836 75
835 851 82
835 865 20
835 869 57
835 889 29
836 849 76
836 859 15
836 863 21
836 901 70
837 845 93
837 847 64
837 856 42
838 866 13
838 884 41
838 891 69
839 871 67
840 868 3
840 873 42
840 883 68
841 844 78
841 849 44
841 859 91
841 861 35
841 884 86
842 896 54
843 845 13
843 871 60
843 872 35
843 891 18
844 862 89
845 853 43
845 866 45
846 849 70
846 854 62
846 884 53
846 894 98
847 860 89
847 895 19
847 896 70
848 857 58
848 861 64
848 863 34
849 859 100
850 870 76
850 885 26
850 899 68
851 854 94
851 867 28
851 872 61
852 854 61
853 857 5
853 868 57
853 869 4
853 880 40
853 885 42
853 893 57
854 862 4
855 871 53
856 860 44
856 865 74
856 879 41
856 888 86
856 889 70
857 878 10
858 889 99
859 874 22
859 875 59
859 889 39
860 868 92
860 873 29
860 882 48
861 866 55
861 895 14
862 865 99
862 874 83
863 893 39
863 901 19
864 872 76
864 884 18
864 891 79
865 870 89
865 892 22
867 873 35
868 875 92
868 881 13
869 888 28
869 889 100
871 872 69
871 881 80
871 884 43
872 878 42
872 880 20
872 895 80
874 884 63
874 897 29
875 883 30
875 891 36
876 883 40
878 886 68
878 889 27
878 899 20
878 900 16
880 888 82
883 885 85
884 900 14
885 893 64
890 892 23
890 900 32
891 898 91
891 900 40
892 895 63
894 901 31
902 601 93
903 901 50
902 903 22
