904 6735
100 71 1 88 40 27 42 9 50 99 46 36 30 24 57 27 28 3 43 75 90 50 34 59 26 9 64 25 63 3 87 62 73 88 50 12 66 43 21 68 93 18 55 74 41 63 100 20 65 94 95 55 95 28 65 21 89 28 97 51 31 84 64 55 23 65 19 40 59 91 59 3 8 65 77 49 28 76 68 92 22 14 98 16 94 63 88 82 42 85 84 72 20 47 79 94 64 97 85 22 87 44 25 46 60 53 94 87 80 14 31 1 79 28 17 24 42 4 5 84 40 40 7 59 39 85 4 2 81 89 75 19 84 51 65 43 3 10 82 83 75 12 83 6 91 51 29 33 55 86 16 46 25 22 5 15 59 60 16 39 48 43 10 83 93 26 26 48 87 59 30 14 22 64 19 12 67 99 96 73 84 11 18 61 85 74 75 43 34 91 33 81 85 94 64 77 19 41 24 58 99 5 71 20 21 41 83 39 39 79 11 23 41 28 83 25 2 9 19 35 99 52 67 35 45 82 12 16 22 87 73 72 44 95 91 16 35 26 54 73 4 64 47 44 91 81 21 44 90 39 78 40 90 97 75 87 78 38 2 100 24 26 71 67 20 14 34 6 91 87 30 94 50 29 89 93 9 61 36 98 100 66 90 41 62 64 79 91 1 80 90 76 57 13 95 28 78 28 85 20 70 36 15 75 35 7 67 31 9 14 42 93 80 39 37 2 47 77 89 41 50 28 71 57 4 3 97 85 80 16 6 49 4 72 76 90 79 42 20 39 7 62 83 38 52 19 40 99 95 28 39 44 7 61 53 11 64 1 95 95 16 53 43 71 24 18 61 54 11 80 92 18 93 75 55 45 45 94 95 40 74 33 35 80 45 87 42 60 39 37 54 7 41 49 77 16 18 37 70 29 69 61 46 61 87 100 57 32 94 51 23 19 35 57 98 32 96 40 91 34 28 45 40 20 45 69 35 62 5 4 90 25 17 35 38 55 87 94 86 32 97 60 50 83 69 99 14 64 38 57 49 17 53 89 36 97 9 71 58 13 26 48 90 94 34 27 49 20 72 86 51 20 46 52 3 14 51 68 29 40 24 77 57 28 17 44 24 25 66 34 90 44 33 79 37 66 57 85 38 28 23 40 100 68 92 2 33 94 21 61 33 97 89 41 24 6 37 100 82 2 33 71 45 65 1 34 82 57 18 19 37 40 59 36 59 2 89 91 95 9 3 79 57 92 72 33 49 8 32 30 61 16 1 58 32 1 91 13 10 60 84 98 52 42 33 10 95 73 53 89 33 7 19 90 98 90 22 46 49 5 28 62 72 28 19 3 80 61 67 41 20 50 38 71 43 70 33 37 94 37 84 87 8 40 40 70 27 26 23 2 95 6 14 39 83 53 11 38 20 17 93 29 5 77 89 92 25 29 12 35 32 17 15 40 57 54 61 35 79 35 36 73 40 2 63 22 6 26 11 25 42 55 53 98 31 41 89 56 22 53 42 53 69 56 44 77 9 56 12 87 90 99 12 29 52 26 2 57 51 64 81 45 18 85 94 49 78 35 56 99 87 97 51 7 4 47 36 64 2 99 2 92 97 65 72 49 43 26 57 93 89 90 89 7 74 83 7 51 17 62 1 55 10 4 13 65 50 48 28 3 46 29 94 43 94 18 43 36 43 51 80 83 40 21 89 66 55 95 68 23 8 69 77 69 24 89 33 73 37 60 75 34 41 21 76 86 90 70 21 84 73 52 66 12 24 55 77 78 1 97 100 9 65 76 77 88 17 62 12 5 21 38 38 13 10 66 98 99 87 70 82 59 74 48 71 97 54 99 75 54 95 26 14 11 54 43 50 70 4 13 26 76 51 63 89 60 28 38 11 15 8 92 73 81 91 95 77 44 46 3 50 92 29 15 3 34 57 4 55 12 17 80 40 19 42 80 30 22 17 40 88 76 84 12 56 74 59 85 18 4 39 19 95 19 33 49 52 42 53 6 53 21 85 44 91 79 75 20 100 92 12 39 19 95 50 75 20 8 11 89 11 49 36 87
0 6 15
0 23 15
0 33 65
0 48 16
0 62 43
0 71 53
0 88 8
0 103 3
0 114 66
0 125 44
0 158 1
0 189 65
0 193 61
0 235 42
0 241 57
1 58 74
1 102 5
1 126 36
1 140 64
1 150 57
1 163 67
1 175 6
1 178 32
1 182 24
1 199 18
1 229 78
1 236 3
1 248 47
1 275 6
1 293 88
1 296 66
1 299 72
2 8 2
2 12 30
2 16 87
2 45 96
2 51 34
2 55 95
2 64 98
2 72 99
2 92 90
2 94 50
2 110 15
2 134 50
2 145 91
2 184 72
2 192 75
2 193 47
2 198 59
2 200 38
2 208 3
2 270 25
3 10 43
3 42 87
3 52 48
3 70 12
3 76 64
3 83 3
3 88 10
3 97 21
3 98 90
3 144 75
3 156 92
3 161 43
3 170 56
3 190 79
3 253 38
3 279 42
3 287 25
3 294 87
3 298 92
4 7 14
4 9 89
4 37 59
4 50 15
4 61 79
4 95 82
4 135 89
4 156 26
4 157 40
4 173 26
4 189 80
4 196 64
4 248 21
4 256 66
4 258 64
4 270 32
4 282 82
5 8 66
5 37 42
5 47 2
5 67 55
5 90 68
5 97 46
5 101 97
5 102 76
5 156 24
5 157 86
5 159 17
5 171 48
5 173 24
5 190 60
5 209 13
5 235 12
5 237 18
5 257 79
5 258 91
5 292 99
6 26 67
6 28 68
6 36 38
6 129 44
6 145 47
6 154 2
6 157 64
6 166 65
6 169 17
6 223 48
6 228 98
6 237 82
6 245 41
6 259 99
6 285 36
6 286 8
7 9 44
7 34 84
7 52 83
7 58 19
7 82 21
7 87 51
7 177 18
7 207 44
7 216 11
7 224 30
7 228 56
7 248 80
7 266 8
7 277 98
8 29 79
8 49 26
8 53 65
8 69 68
8 77 22
8 115 63
8 138 21
8 140 85
8 145 79
8 192 37
8 195 84
8 287 76
8 294 18
8 297 24
9 20 27
9 48 5
9 59 32
9 70 70
9 75 40
9 148 66
9 200 41
9 261 60
9 272 17
9 282 58
9 291 56
9 299 79
10 24 40
10 76 11
10 100 58
10 142 99
10 180 60
10 193 88
10 226 25
10 247 76
10 257 56
10 264 46
10 274 90
11 19 76
11 71 82
11 79 69
11 117 65
11 129 18
11 135 96
11 138 82
11 147 41
11 185 22
11 246 87
11 270 24
11 271 44
11 278 78
12 39 90
12 57 84
12 89 38
12 95 58
12 103 41
12 132 93
12 141 36
12 163 32
12 191 55
12 210 45
12 226 31
12 256 66
12 259 33
12 283 7
12 293 41
13 28 40
13 34 4
13 35 30
13 66 15
13 122 37
13 128 50
13 134 79
13 147 54
13 201 46
13 226 13
13 255 95
13 257 67
14 22 51
14 62 18
14 118 10
14 140 28
14 141 7
14 150 93
14 155 17
14 209 16
14 232 86
14 234 9
14 243 51
14 278 17
15 28 15
15 49 96
15 80 99
15 85 80
15 89 28
15 109 5
15 166 72
15 191 67
15 195 60
15 199 2
15 221 33
15 240 97
15 275 51
15 278 64
15 293 50
16 25 96
16 47 28
16 57 96
16 112 63
16 115 78
16 133 66
16 140 24
16 143 5
16 151 72
16 172 17
16 177 22
16 185 40
16 237 54
16 293 82
16 298 90
17 40 70
17 64 49
17 86 37
17 100 21
17 137 80
17 152 64
17 157 25
17 165 52
17 171 82
17 204 37
17 229 53
17 274 67
17 297 33
18 36 55
18 39 82
18 87 34
18 90 3
18 91 9
18 152 30
18 154 65
18 167 86
18 184 95
18 221 40
18 226 42
18 275 18
18 298 56
19 41 15
19 59 57
19 69 9
19 77 49
19 111 99
19 116 31
19 120 49
19 156 35
19 187 51
19 209 28
19 214 51
19 246 27
19 269 79
19 290 84
20 34 63
20 56 83
20 59 2
20 89 47
20 96 90
20 117 83
20 149 33
20 189 92
20 193 43
20 194 62
20 236 8
20 254 28
20 256 8
20 262 47
21 32 22
21 34 77
21 46 55
21 47 88
21 58 86
21 91 15
21 97 36
21 103 84
21 107 45
21 116 36
21 126 18
21 143 47
21 167 64
21 192 20
21 194 26
21 217 94
21 246 4
21 252 40
21 261 77
21 276 5
22 46 87
22 96 18
22 135 88
22 140 19
22 144 9
22 192 30
22 228 32
22 230 16
22 269 10
22 283 91
22 297 62
23 68 83
23 73 67
23 79 16
23 83 70
23 111 52
23 117 83
23 120 58
23 135 87
23 142 27
23 144 45
23 154 5
23 182 26
23 207 8
23 219 76
23 230 51
23 234 2
23 235 79
23 265 90
23 277 30
23 292 84
24 46 28
24 56 47
24 69 23
24 89 98
24 121 7
24 146 4
24 153 81
24 159 22
24 195 65
24 198 71
24 202 35
24 213 47
24 292 38
25 30 3
25 46 69
25 47 41
25 51 85
25 86 78
25 90 28
25 127 63
25 144 22
25 153 84
25 160 88
25 176 82
25 182 59
25 230 90
25 240 35
25 241 90
25 255 32
25 285 64
26 54 73
26 57 59
26 64 62
26 81 47
26 103 9
26 108 68
26 115 2
26 133 89
26 162 41
26 174 67
26 253 12
26 269 75
26 274 65
26 298 1
27 60 77
27 75 85
27 99 41
27 108 13
27 111 14
27 123 20
27 125 76
27 135 36
27 153 55
27 158 63
27 170 69
27 174 14
27 207 5
27 212 3
27 225 55
27 237 36
27 270 18
28 57 79
28 63 46
28 107 31
28 151 25
28 172 6
28 198 98
28 261 26
28 294 95
29 35 90
29 38 44
29 39 6
29 66 64
29 70 9
29 98 58
29 100 93
29 196 93
29 197 98
29 225 5
29 268 7
30 62 70
30 67 32
30 69 94
30 83 24
30 94 47
30 110 62
30 138 89
30 160 51
30 177 16
30 180 43
30 189 38
30 225 33
30 252 21
30 274 83
31 33 63
31 43 97
31 46 89
31 76 12
31 89 23
31 94 35
31 100 1
31 101 66
31 173 92
31 196 16
31 201 26
31 205 49
31 253 8
31 262 19
31 277 98
32 34 65
32 50 77
32 55 67
32 75 48
32 80 70
32 101 43
32 117 94
32 142 83
32 159 31
32 167 96
32 199 98
32 208 26
32 214 33
32 216 30
32 218 46
32 270 16
32 290 44
33 48 95
33 103 56
33 104 55
33 133 69
33 134 42
33 148 7
33 179 34
33 186 33
33 221 22
33 261 12
33 269 81
33 277 82
33 297 30
34 66 30
34 79 46
34 123 6
34 135 97
34 156 45
34 162 27
34 169 39
34 180 39
34 181 9
34 200 21
34 202 34
34 204 58
34 221 46
34 229 67
34 279 87
34 297 44
35 44 34
35 51 82
35 70 38
35 103 41
35 108 88
35 179 6
35 195 82
35 251 94
35 254 91
35 269 14
36 56 67
36 68 2
36 70 46
36 74 48
36 87 83
36 111 75
36 162 45
36 170 40
36 186 23
36 205 90
36 216 66
36 257 13
36 288 80
36 291 26
37 42 86
37 62 13
37 70 83
37 71 31
37 89 31
37 94 21
37 104 26
37 105 16
37 134 2
37 143 15
37 178 56
37 189 41
37 196 20
37 200 89
37 216 34
37 254 63
37 265 54
37 295 1
38 40 16
38 108 99
38 127 100
38 183 51
38 223 26
39 47 45
39 113 90
39 114 100
39 124 86
39 137 8
39 151 65
39 185 65
39 219 85
39 223 50
39 224 77
39 232 68
39 259 32
39 261 60
39 273 40
39 275 58
40 50 27
40 51 94
40 73 72
40 128 35
40 145 34
40 164 44
40 177 23
40 190 20
40 208 6
40 210 77
40 212 72
40 222 73
40 241 27
40 261 71
41 70 23
41 109 4
41 119 67
41 128 13
41 139 56
41 141 52
41 157 72
41 160 20
41 215 16
41 223 56
41 267 69
41 273 45
41 280 75
42 103 100
42 130 56
42 179 15
42 239 57
43 53 82
43 66 8
43 98 81
43 125 16
43 144 41
43 187 24
43 222 39
43 223 12
43 244 81
43 245 15
43 264 83
43 268 53
43 295 93
44 50 6
44 58 28
44 81 97
44 117 72
44 122 40
44 129 52
44 141 76
44 149 63
44 167 23
44 193 43
44 195 18
44 199 91
44 213 87
44 265 93
44 266 42
44 274 42
44 284 7
44 289 51
45 48 24
45 60 66
45 82 31
45 92 91
45 99 58
45 124 6
45 139 29
45 140 70
45 156 86
45 209 95
45 255 4
45 272 90
45 277 88
45 278 9
45 287 17
45 292 36
45 294 33
45 298 8
46 58 39
46 63 8
46 104 70
46 154 61
46 173 50
46 185 40
46 206 3
46 211 89
46 295 84
47 70 44
47 87 82
47 119 42
47 126 46
47 130 5
47 141 7
47 153 76
47 181 96
47 194 64
47 236 33
47 239 76
47 271 85
47 285 70
47 287 23
48 70 89
48 71 60
48 95 62
48 164 49
48 168 28
48 183 97
48 201 81
48 213 36
48 214 87
48 216 40
48 217 57
48 219 47
48 236 42
48 247 96
48 250 1
48 271 30
48 278 79
49 70 44
49 71 11
49 81 20
49 95 42
49 114 68
49 123 78
49 124 17
49 211 15
49 271 94
49 272 2
49 273 42
49 283 30
49 284 71
49 286 64
49 295 18
50 74 30
50 80 25
50 93 19
50 97 58
50 126 73
50 142 51
50 147 45
50 167 59
50 168 43
50 184 53
50 200 57
50 284 84
51 92 1
51 110 57
51 111 65
51 117 31
51 128 53
51 137 75
51 141 3
51 148 94
51 189 94
51 215 80
51 262 62
52 82 60
52 109 73
52 121 63
52 127 2
52 153 3
52 248 34
52 274 65
53 57 72
53 72 15
53 74 42
53 115 42
53 122 24
53 145 14
53 146 93
53 149 20
53 201 73
53 208 35
53 276 73
53 298 29
54 61 70
54 84 73
54 112 38
54 115 34
54 136 3
54 158 90
54 177 60
54 192 5
54 194 83
54 214 6
54 243 37
54 268 96
55 58 65
55 70 61
55 72 59
55 81 18
55 101 15
55 102 44
55 124 83
55 152 39
55 192 58
55 201 24
55 238 80
55 262 34
55 267 89
55 287 24
55 289 53
55 296 61
56 72 10
56 74 25
56 93 42
56 124 79
56 135 49
56 142 79
56 157 64
56 164 52
56 250 20
56 254 24
56 270 8
56 290 2
57 69 81
57 97 44
57 125 49
57 136 45
57 142 5
57 169 7
57 181 63
57 189 19
57 192 2
57 195 97
57 205 57
57 268 60
57 280 72
57 291 89
58 64 45
58 74 60
58 95 12
58 110 97
58 134 73
58 135 22
58 204 74
58 245 14
58 257 52
58 272 22
58 286 44
59 67 16
59 81 25
59 101 63
59 107 39
59 127 85
59 134 16
59 140 19
59 143 28
59 144 64
59 147 15
59 168 84
59 178 23
59 236 29
60 75 55
60 76 24
60 90 25
60 97 63
60 99 35
60 117 96
60 119 51
60 154 79
60 162 8
60 168 15
60 199 76
60 214 80
60 255 36
60 286 1
60 291 45
60 294 87
60 297 22
61 101 88
61 143 2
61 148 99
61 159 2
61 186 92
61 196 83
61 200 69
61 211 62
61 215 62
61 224 32
61 248 29
61 260 46
61 263 6
61 269 57
61 270 52
62 76 30
62 114 82
62 162 14
62 163 16
62 168 29
62 173 17
62 221 95
62 250 88
62 256 31
62 259 22
63 105 67
63 131 18
63 138 22
63 154 63
63 155 56
63 188 95
63 197 2
63 212 10
63 257 45
63 286 3
64 76 53
64 78 27
64 90 71
64 94 15
64 100 89
64 107 55
64 142 43
64 190 86
64 229 60
64 253 51
64 257 37
64 262 41
64 269 84
64 284 2
65 106 57
65 153 13
65 174 70
65 187 3
65 238 52
65 264 100
66 77 76
66 95 71
66 113 69
66 142 97
66 199 33
66 232 25
66 257 43
66 266 35
67 71 86
67 95 88
67 99 89
67 106 38
67 125 66
67 157 12
67 191 4
67 212 54
67 213 66
67 226 46
67 254 91
67 280 77
68 76 49
68 137 79
68 143 70
68 237 32
68 262 81
68 293 78
69 76 96
69 86 2
69 100 80
69 104 48
69 107 2
69 111 55
69 131 18
69 140 22
69 141 3
69 152 2
69 171 98
69 212 45
69 217 36
69 235 83
69 264 84
69 274 77
69 277 21
70 103 50
70 104 88
70 123 24
70 137 55
70 139 5
70 226 22
70 245 46
70 250 81
70 257 22
71 73 24
71 89 50
71 124 53
71 149 56
71 153 79
71 168 49
71 169 58
71 177 58
71 186 48
71 200 11
71 204 64
71 211 17
71 226 84
71 236 66
71 256 18
71 258 82
71 265 63
72 75 6
72 94 16
72 98 46
72 173 82
72 195 88
72 220 47
72 243 69
72 265 12
72 295 2
73 80 73
73 98 85
73 148 99
73 165 5
73 203 6
73 208 74
73 215 7
73 229 10
73 235 30
73 264 85
73 277 58
74 101 39
74 108 95
74 131 57
74 158 1
74 182 58
74 184 73
74 185 84
74 188 76
74 217 91
74 244 17
74 281 90
74 285 96
74 295 33
75 90 87
75 92 77
75 95 20
75 144 34
75 168 97
75 190 83
75 195 87
75 220 21
75 228 19
75 235 85
75 268 77
75 272 24
75 297 58
76 89 83
76 109 34
76 118 39
76 130 20
76 148 43
76 202 29
76 206 66
76 214 100
76 233 29
76 244 23
76 252 24
76 274 65
76 285 50
76 292 14
76 298 81
77 87 39
77 91 61
77 162 13
77 191 26
77 202 37
77 243 85
77 248 59
77 252 85
77 283 67
77 285 97
77 298 57
77 299 86
78 99 81
78 102 34
78 132 61
78 144 90
78 150 68
78 230 46
78 236 81
78 242 39
78 265 41
78 281 9
78 297 4
79 88 40
79 89 90
79 172 79
79 183 15
79 198 54
79 226 28
79 229 29
79 230 34
79 232 19
79 242 89
79 243 99
79 249 44
79 267 78
79 274 83
79 278 54
79 288 14
80 96 1
80 109 50
80 117 71
80 135 86
80 187 30
80 194 56
80 199 99
80 219 71
80 241 23
80 254 44
80 256 51
80 262 14
80 277 84
80 278 12
81 147 17
81 172 75
81 177 1
81 194 47
81 217 90
81 218 6
81 228 75
81 242 70
81 261 39
81 262 93
82 105 58
82 108 89
82 112 88
82 115 87
82 137 23
82 142 41
82 148 1
82 155 24
82 216 90
82 240 23
82 249 61
82 288 71
83 145 78
83 149 59
83 161 93
83 243 52
83 272 55
84 105 44
84 136 65
84 155 38
84 162 7
84 195 34
84 205 65
84 207 7
84 254 80
84 265 54
84 280 12
84 292 6
84 293 23
84 294 2
85 114 50
85 158 32
85 159 43
85 162 37
85 227 19
85 252 65
86 105 77
86 113 71
86 115 88
86 143 18
86 165 93
86 177 49
86 197 88
86 262 70
86 290 59
87 121 33
87 122 73
87 125 13
87 156 28
87 251 38
87 262 51
87 292 34
88 93 71
88 107 15
88 153 92
88 194 2
88 203 20
88 207 55
88 248 8
88 268 94
89 103 56
89 104 57
89 147 25
89 165 50
89 172 94
89 214 95
89 245 15
89 247 22
89 251 65
89 265 2
89 270 40
89 273 9
90 103 2
90 109 79
90 115 30
90 118 61
90 125 11
90 127 3
90 193 25
90 196 90
90 199 92
90 214 27
90 229 23
90 248 62
90 251 93
90 272 14
90 282 15
90 297 12
91 113 68
91 153 22
91 155 5
91 167 76
92 97 31
92 116 82
92 120 25
92 140 76
92 141 28
92 142 91
92 175 97
92 219 93
92 221 45
92 223 88
92 231 53
92 242 46
92 289 19
93 95 83
93 116 58
93 122 81
93 124 85
93 134 83
93 157 71
93 160 76
93 176 61
93 182 93
93 186 89
93 215 54
93 227 59
93 232 3
93 242 65
93 250 26
93 283 77
94 107 22
94 114 53
94 152 59
94 154 55
94 160 30
94 217 34
94 231 82
94 237 20
95 99 30
95 111 26
95 158 64
95 159 70
95 160 79
95 165 62
95 176 88
95 217 61
95 233 71
95 243 68
95 247 45
95 265 5
95 283 38
95 288 72
96 119 66
96 138 83
96 159 60
96 168 19
96 189 41
96 199 14
96 216 83
96 249 18
96 277 90
96 292 56
97 106 23
97 116 100
97 135 10
97 143 4
97 174 33
98 146 92
98 157 23
98 185 15
98 212 69
98 282 39
98 297 84
99 116 47
99 121 52
99 156 23
99 161 7
99 181 22
99 183 90
99 209 51
99 211 27
99 218 80
99 247 22
99 259 92
99 270 62
99 279 33
99 292 62
100 113 54
100 214 47
100 255 96
100 267 71
100 290 88
101 130 52
101 187 45
101 201 88
101 228 13
101 233 48
101 245 20
101 279 56
102 148 23
102 221 86
102 237 25
102 244 13
102 246 69
102 281 71
102 294 64
103 176 91
103 198 78
103 204 37
103 209 33
103 232 80
103 236 15
103 247 12
103 258 54
103 276 58
103 284 25
104 117 38
104 141 19
104 167 78
104 185 84
104 196 15
104 237 100
104 242 24
104 265 18
104 279 45
105 117 63
105 144 30
105 176 92
105 183 34
105 212 86
105 214 66
105 235 20
105 237 62
105 257 78
105 266 40
105 281 32
105 291 41
106 113 31
106 134 61
106 151 78
106 187 63
106 189 93
106 190 44
106 191 26
106 213 46
106 232 2
106 249 2
106 253 83
106 295 20
106 296 31
107 109 19
107 148 34
107 162 82
107 166 94
107 238 3
107 257 26
107 282 56
107 288 33
107 289 70
107 297 41
108 109 70
108 119 35
108 144 60
108 192 31
108 233 13
108 256 100
108 279 14
109 124 5
109 127 82
109 147 75
109 168 34
109 177 96
109 217 67
109 250 78
109 285 73
110 112 64
110 120 79
110 153 74
110 187 98
110 192 50
110 229 4
110 232 68
110 264 84
110 282 37
110 284 13
111 130 38
111 136 63
111 142 20
111 152 70
111 162 84
111 211 61
111 213 39
111 242 70
111 254 72
111 280 21
112 136 34
112 140 71
112 164 35
112 209 91
112 241 4
112 247 61
112 263 24
112 266 99
112 274 79
112 280 53
113 128 23
113 142 94
113 163 31
113 190 96
113 223 91
113 230 81
113 238 51
114 124 11
114 163 16
114 220 88
114 226 23
114 262 53
114 271 2
114 283 43
114 298 75
115 116 37
115 129 55
115 187 65
115 189 58
115 191 26
115 199 86
116 117 44
116 139 49
116 145 72
116 148 34
116 155 52
116 196 32
116 204 57
116 210 3
116 221 62
116 234 10
116 267 25
116 282 55
117 176 92
117 180 73
117 207 97
117 209 24
117 229 75
117 263 7
117 265 39
117 279 14
117 280 82
118 164 44
118 167 67
118 185 76
118 191 18
118 193 55
118 244 30
118 246 82
118 255 13
118 275 55
118 284 19
118 290 56
119 122 3
119 129 90
119 178 89
119 192 55
119 198 73
119 206 97
119 214 9
119 234 34
119 235 58
119 264 85
119 275 88
119 296 2
120 122 9
120 128 85
120 135 25
120 162 84
120 178 43
120 189 16
120 206 49
120 219 24
120 229 11
120 274 16
120 277 51
121 130 80
121 131 22
121 138 80
121 145 13
121 171 34
121 173 35
121 221 32
121 227 41
121 244 37
121 293 21
122 128 29
122 130 43
122 219 46
122 238 78
122 251 3
122 284 79
122 292 87
123 128 88
123 189 19
123 209 88
123 217 96
123 280 3
124 126 65
124 136 31
124 148 97
124 165 80
124 213 80
124 221 73
124 263 90
124 275 47
125 129 23
125 141 21
125 158 68
125 193 3
125 195 33
125 201 54
125 237 37
125 243 64
125 272 94
125 279 25
126 146 37
126 158 75
126 165 20
126 175 82
126 227 4
126 230 22
126 258 60
126 274 90
126 279 61
126 298 78
127 169 30
127 207 9
127 228 32
127 247 94
127 253 91
127 273 81
127 293 25
128 170 22
128 208 53
128 210 66
128 222 68
128 225 75
128 241 86
128 285 88
129 149 77
129 175 18
129 182 93
129 199 65
129 212 82
129 230 86
129 234 42
129 294 70
130 132 12
130 133 13
130 137 51
130 159 15
130 225 86
130 245 62
130 246 57
130 260 47
130 264 92
130 270 86
130 282 7
130 293 75
130 299 31
131 132 97
131 148 55
131 156 55
131 168 19
131 185 7
131 217 20
131 218 38
131 220 34
131 221 5
131 234 77
131 252 62
131 263 22
131 268 69
131 281 27
132 178 55
132 195 7
132 238 20
132 241 24
132 262 18
132 271 32
132 272 26
132 279 85
132 289 17
133 141 88
133 161 41
133 174 15
133 187 31
133 228 78
133 238 73
133 286 5
134 160 8
134 180 70
134 207 60
134 218 62
134 219 40
134 243 18
134 252 81
134 271 77
135 138 51
135 151 37
135 185 6
135 226 13
135 252 10
135 295 74
136 147 91
136 192 65
136 195 32
136 196 62
136 218 40
136 279 2
137 180 93
137 181 66
137 272 86
137 273 61
137 281 5
138 151 78
138 164 28
138 174 35
138 182 55
138 219 100
138 223 91
138 229 62
138 237 21
138 252 50
138 255 23
138 276 12
138 296 20
139 146 55
139 177 89
139 198 70
139 199 43
139 201 46
139 212 34
139 226 52
139 233 71
139 239 24
139 266 68
139 280 3
140 181 85
140 208 60
140 240 4
140 254 29
140 260 25
140 261 41
140 262 42
140 279 81
141 155 18
141 159 21
141 164 15
141 201 72
141 221 72
141 231 5
141 255 33
141 261 45
142 190 7
142 214 7
142 251 56
142 289 26
143 152 13
143 210 96
143 212 47
143 235 55
143 237 41
143 251 81
143 271 58
143 281 12
144 225 56
144 235 26
144 270 14
144 278 93
144 283 85
145 151 69
145 161 73
145 168 61
145 191 9
145 220 66
145 275 41
145 284 26
146 155 86
146 159 7
146 164 49
146 196 58
147 165 63
147 173 33
147 190 54
147 193 21
147 235 39
147 279 9
148 171 98
148 174 3
148 237 5
148 267 97
148 275 57
149 169 45
149 181 77
149 216 14
149 232 8
149 260 84
149 261 91
149 265 73
149 269 28
150 163 75
150 168 41
150 194 1
150 219 87
150 225 1
150 252 66
150 258 79
150 277 78
150 288 4
150 297 85
150 299 26
151 156 13
151 173 100
151 184 58
151 185 66
151 207 20
151 235 48
151 262 74
151 276 70
151 287 50
152 218 78
152 224 66
152 257 6
152 276 75
152 291 94
153 178 72
153 181 82
153 195 77
153 218 62
153 253 55
153 269 57
153 287 89
153 294 47
154 158 57
154 177 27
154 195 48
154 213 74
154 242 6
154 246 25
154 272 29
154 274 42
154 281 3
154 288 41
155 156 41
155 163 60
155 189 58
155 216 13
155 217 8
155 226 32
155 236 34
155 265 9
156 158 61
156 159 99
156 174 67
156 205 87
156 218 92
156 240 38
156 256 69
156 274 20
156 296 51
157 171 75
157 173 28
157 206 91
157 258 73
158 221 36
158 237 70
158 250 20
158 273 10
158 286 75
159 182 97
159 184 90
159 226 16
159 265 51
159 281 31
159 288 9
159 297 10
160 195 88
160 198 73
160 200 69
160 204 71
160 224 6
160 240 30
160 253 32
160 265 56
161 181 96
161 213 70
161 217 99
161 241 85
161 242 90
161 244 18
161 251 87
161 255 64
161 266 98
162 191 78
162 212 89
162 219 33
162 226 47
162 227 60
162 234 42
162 267 73
162 285 56
163 190 84
163 205 40
163 222 58
163 223 14
163 243 48
163 267 68
163 268 53
163 273 72
163 274 88
163 291 24
163 292 77
163 293 17
163 299 7
164 172 84
164 228 64
164 231 76
164 268 82
164 269 48
164 283 18
165 183 52
165 241 35
165 281 81
166 183 49
166 208 64
166 283 21
167 170 81
167 182 62
167 211 81
167 279 75
168 171 34
168 175 88
168 176 58
168 220 73
168 222 46
168 223 71
168 253 73
169 173 65
169 177 75
169 192 44
169 220 52
169 254 98
169 290 73
170 180 21
170 189 56
170 190 56
170 224 84
170 248 84
171 206 38
171 265 84
171 273 1
171 279 89
171 286 70
172 184 33
172 192 89
172 198 33
172 215 54
172 290 69
172 294 94
173 190 34
173 201 43
173 254 79
173 297 21
174 210 100
174 233 3
174 261 18
174 269 22
174 281 75
174 288 82
175 247 97
175 252 71
175 280 86
175 294 46
175 296 95
176 197 6
176 199 54
176 215 50
176 227 41
176 244 89
176 246 39
176 291 76
176 292 89
177 198 79
177 212 45
177 237 73
177 238 67
177 281 77
178 229 78
178 248 36
178 268 22
179 219 63
179 222 30
179 229 52
179 246 36
179 261 82
180 228 55
180 234 53
180 250 3
180 265 81
180 268 35
180 269 51
180 281 3
181 206 20
181 297 49
182 200 97
182 214 77
182 224 2
182 256 99
182 282 69
183 226 42
183 266 89
183 270 45
183 276 30
183 282 68
183 288 41
184 188 54
184 189 86
184 242 70
184 244 32
184 271 73
184 280 91
184 282 94
185 191 3
185 237 95
185 242 29
185 245 36
185 253 1
186 231 82
186 239 38
186 240 81
186 259 68
186 263 41
186 268 84
186 295 39
187 201 89
187 205 32
187 208 15
187 216 42
187 219 30
187 270 35
187 271 83
187 280 71
187 283 31
188 194 64
188 201 38
188 249 72
188 272 69
189 191 75
189 200 41
189 211 100
189 223 48
189 231 83
189 242 46
189 258 2
189 265 77
190 213 26
190 262 89
190 267 77
190 277 59
191 209 26
191 220 10
191 239 26
191 242 18
191 266 45
191 283 16
192 234 58
192 260 76
192 275 30
192 289 51
192 293 58
193 216 17
193 227 85
193 237 28
193 247 47
193 250 48
193 276 17
194 203 18
194 267 69
194 280 43
194 293 58
195 226 20
195 234 42
195 255 93
195 287 65
196 204 95
196 205 21
196 214 43
196 221 83
196 299 98
197 201 1
197 215 61
197 258 59
197 283 79
197 285 78
198 204 3
198 226 94
198 232 36
198 237 30
198 240 76
198 261 86
199 229 87
199 241 92
199 246 71
199 257 66
199 285 38
200 205 70
200 229 34
200 230 56
200 234 90
200 239 77
200 256 65
201 260 10
201 269 18
201 283 57
201 286 74
202 214 13
202 223 78
202 237 68
203 218 95
203 247 27
203 285 69
203 291 55
204 220 85
204 221 47
204 232 85
204 239 87
204 258 40
205 217 20
205 244 68
205 256 15
205 257 57
205 266 55
205 285 6
205 291 79
206 237 72
206 240 96
206 245 1
206 247 6
206 291 51
207 211 90
207 214 82
207 215 15
207 234 99
207 273 51
207 289 24
208 212 25
208 243 63
208 295 53
208 297 92
209 260 10
209 291 79
210 254 12
210 269 64
211 227 15
212 219 10
212 233 48
212 238 53
212 243 50
212 269 19
213 262 20
213 264 16
213 281 28
213 283 26
213 289 74
213 296 6
214 272 98
214 294 21
215 232 58
215 270 55
215 290 71
216 253 48
216 255 88
216 256 37
216 276 98
216 286 38
216 297 12
217 236 74
217 268 53
218 246 64
218 247 18
218 251 62
218 283 94
219 238 29
219 242 25
219 244 8
219 273 39
219 283 25
221 247 60
221 254 40
221 260 95
222 231 80
222 291 7
223 234 22
223 246 57
223 250 32
223 256 80
223 262 54
223 265 52
223 274 89
223 285 60
224 238 74
224 281 88
224 289 47
225 241 11
225 263 86
225 271 85
225 283 22
225 289 11
227 233 37
227 253 38
227 257 28
227 259 98
227 270 31
227 275 9
227 295 74
227 298 39
228 245 99
228 253 50
228 255 50
228 263 38
228 272 97
228 281 81
229 238 96
229 277 70
229 282 38
229 283 28
230 239 1
230 244 43
230 254 31
230 256 90
230 267 3
230 280 5
231 254 77
232 259 49
232 262 67
232 283 62
232 292 85
233 237 40
233 244 25
234 237 73
234 252 77
234 284 52
235 259 22
235 263 8
235 272 12
235 278 48
235 287 98
235 296 10
236 270 49
236 277 47
236 285 47
236 288 45
237 248 28
237 249 95
237 288 15
237 290 65
238 242 22
238 254 15
238 266 7
238 274 4
238 283 56
238 285 61
239 273 8
239 275 33
239 277 10
239 290 74
240 267 46
241 267 46
241 268 14
241 277 70
242 266 19
242 274 42
242 286 22
243 244 40
243 268 49
243 269 85
243 280 87
243 297 98
244 265 95
245 256 36
245 261 45
245 265 41
245 270 32
245 275 24
245 290 35
246 257 98
246 286 40
247 274 8
247 277 13
247 288 98
248 257 12
248 266 68
248 277 59
250 251 71
250 281 52
251 273 20
251 288 97
252 278 98
252 283 65
252 291 62
253 258 67
253 285 35
253 290 3
255 262 40
255 267 75
255 281 4
255 290 25
256 288 13
257 270 1
257 275 19
258 262 100
259 260 97
260 264 11
260 292 84
260 293 20
261 262 98
261 264 81
261 287 11
262 272 5
264 295 45
265 281 9
265 299 68
266 288 65
267 290 67
267 298 91
268 284 16
269 270 86
269 286 87
270 285 13
270 291 2
272 291 48
272 294 32
273 277 37
273 280 2
273 297 71
275 289 63
276 290 5
276 292 47
278 282 27
278 283 58
279 282 65
280 299 27
283 286 54
286 299 28
290 292 62
291 298 26
300 333 2
300 334 2
300 342 18
300 348 21
300 392 16
300 398 18
300 425 12
300 446 14
300 468 15
300 480 11
300 490 20
300 500 17
300 514 22
300 516 16
300 533 21
300 535 17
300 544 20
300 555 3
301 307 2
301 314 11
301 327 18
301 376 23
301 381 13
301 398 6
301 411 21
301 433 5
301 454 2
301 456 3
301 496 17
301 506 21
301 519 16
301 530 18
301 531 24
301 561 8
301 574 15
301 596 14
302 311 25
302 323 2
302 339 4
302 340 15
302 346 14
302 360 23
302 366 8
302 367 10
302 368 15
302 379 4
302 422 1
302 457 9
302 506 6
302 520 4
303 324 21
303 383 25
303 417 1
303 423 8
303 439 7
303 442 21
303 450 15
303 495 11
303 499 23
303 510 8
303 514 8
303 544 13
303 555 25
303 582 6
303 594 23
304 318 17
304 321 21
304 323 24
304 350 20
304 359 24
304 383 13
304 413 8
304 435 23
304 497 23
304 529 17
304 545 14
305 345 1
305 350 19
305 354 24
305 362 8
305 399 22
305 423 19
305 439 9
305 453 22
305 473 4
305 474 16
305 480 18
305 532 18
305 558 3
305 581 17
306 362 25
306 370 10
306 372 7
306 381 1
306 401 17
306 402 4
306 403 19
306 419 12
306 443 2
306 445 13
306 461 12
306 477 17
306 503 20
306 513 11
306 515 16
306 519 11
306 539 24
306 548 18
306 585 6
307 313 22
307 329 2
307 349 2
307 353 17
307 354 10
307 360 1
307 373 20
307 401 2
307 424 20
307 425 14
307 433 4
307 443 11
307 491 15
307 503 15
307 506 17
307 512 16
307 537 6
307 549 22
307 561 9
307 576 17
307 579 1
307 592 24
308 323 5
308 330 19
308 331 18
308 360 15
308 383 9
308 448 6
308 467 15
308 485 1
308 489 11
308 500 13
308 520 2
308 537 15
308 545 5
308 561 13
308 574 15
309 312 1
309 316 15
309 329 9
309 332 17
309 345 20
309 357 21
309 359 6
309 375 10
309 376 15
309 404 23
309 410 15
309 442 13
309 458 9
309 480 9
309 495 13
309 513 7
309 530 13
309 536 8
309 553 24
309 578 5
309 596 16
310 328 6
310 337 19
310 355 18
310 373 17
310 384 9
310 399 21
310 424 8
310 440 15
310 459 9
310 477 24
310 513 15
310 516 23
310 532 7
310 562 8
310 564 19
310 593 4
310 595 16
311 363 3
311 377 18
311 380 13
311 386 18
311 435 6
311 438 23
311 466 3
311 498 20
311 504 4
311 506 17
311 559 3
311 584 5
312 329 21
312 332 20
312 337 10
312 450 17
312 453 15
312 462 3
312 473 25
312 481 10
312 534 10
312 540 14
312 584 18
313 316 8
313 345 5
313 347 17
313 374 16
313 384 13
313 415 11
313 426 22
313 440 3
313 472 13
313 541 14
313 567 17
314 329 7
314 393 21
314 473 15
314 479 11
314 514 18
314 556 20
314 566 3
314 570 20
314 588 24
315 319 23
315 330 16
315 359 11
315 361 16
315 371 5
315 382 13
315 426 15
315 427 15
315 429 23
315 455 3
315 456 9
315 462 7
315 477 10
315 480 3
315 482 25
315 487 24
315 507 13
315 517 21
315 535 1
315 538 2
315 558 11
316 400 19
316 421 11
316 424 7
316 431 8
316 461 21
316 481 24
316 489 3
316 527 23
316 572 20
316 579 3
317 323 23
317 335 10
317 346 13
317 390 13
317 400 17
317 415 1
317 418 5
317 439 8
317 443 25
317 450 9
317 487 16
317 557 8
317 559 18
317 569 18
318 353 7
318 359 16
318 371 7
318 386 4
318 430 18
318 511 11
318 541 15
318 547 12
318 563 21
319 346 21
319 359 21
319 373 18
319 442 21
319 470 25
319 486 18
319 487 15
319 499 3
319 510 15
319 532 1
319 534 17
319 555 4
319 558 17
319 580 19
319 595 8
320 374 24
320 375 20
320 389 17
320 404 17
320 450 5
320 548 11
320 581 11
321 333 11
321 341 2
321 349 18
321 354 15
321 430 19
321 442 5
321 460 4
321 490 7
321 495 25
321 550 1
322 327 5
322 333 19
322 334 21
322 345 4
322 399 11
322 452 12
322 487 8
322 492 25
322 506 12
322 508 2
322 524 6
322 539 6
322 571 20
322 593 13
323 326 6
323 355 17
323 357 6
323 366 24
323 415 21
323 431 17
323 451 10
323 465 6
323 473 20
323 494 4
323 517 22
323 535 13
324 337 8
324 353 2
324 363 22
324 405 9
324 417 4
324 465 1
324 473 2
324 494 1
324 531 6
324 532 13
324 547 12
324 552 14
324 566 14
324 595 1
325 349 17
325 351 21
325 366 8
325 369 11
325 372 11
325 402 15
325 416 2
325 445 16
325 455 14
325 557 22
325 572 7
325 580 25
325 581 5
325 583 1
325 596 3
326 359 3
326 373 16
326 392 12
326 419 7
326 423 14
326 444 22
326 466 10
326 502 16
326 507 23
326 525 13
326 570 21
326 587 12
326 596 1
327 364 11
327 398 3
327 448 1
327 467 2
327 479 23
327 489 10
327 569 15
328 351 8
328 373 25
328 376 18
328 393 24
328 405 15
328 433 17
328 486 7
328 509 14
328 528 21
328 575 10
329 360 18
329 378 25
329 424 2
329 463 4
329 467 8
329 474 17
329 494 2
329 506 20
329 538 7
329 578 24
329 592 7
330 336 4
330 513 13
330 519 7
330 565 15
330 586 15
331 338 10
331 341 18
331 344 14
331 368 19
331 383 7
331 441 22
331 456 20
331 463 25
331 513 22
331 591 9
331 593 16
332 363 5
332 394 22
332 414 13
332 429 16
332 437 16
332 467 14
332 491 19
332 498 21
332 505 22
332 528 10
332 547 22
332 550 16
332 554 16
333 336 23
333 361 22
333 371 22
333 372 10
333 389 3
333 395 11
333 444 1
333 447 14
333 468 3
333 525 14
333 545 10
333 563 12
334 344 12
334 357 4
334 359 11
334 379 8
334 380 15
334 392 3
334 418 15
334 419 11
334 423 15
334 433 5
334 475 4
334 490 3
334 518 24
334 522 24
334 549 24
334 552 10
334 580 21
335 369 16
335 393 3
335 445 18
335 446 12
335 449 24
335 453 4
335 466 17
335 538 9
335 544 4
335 562 5
335 582 13
335 595 19
336 341 14
336 372 24
336 382 6
336 411 20
336 426 11
336 427 15
336 433 9
336 442 13
336 443 4
336 471 21
336 515 2
336 516 11
336 540 24
336 553 7
336 560 11
336 577 23
336 588 7
337 344 20
337 354 18
337 359 23
337 376 24
337 397 12
337 404 9
337 427 22
337 483 15
337 497 2
337 502 7
337 508 20
337 514 9
337 522 20
337 576 13
337 589 24
338 362 20
338 401 20
338 428 18
338 433 6
338 465 10
338 476 3
338 496 18
338 513 15
338 536 24
338 575 22
339 347 2
339 364 22
339 382 3
339 398 12
339 420 21
339 493 11
339 502 9
339 514 15
339 531 8
339 576 7
340 348 1
340 364 19
340 382 4
340 389 17
340 400 20
340 410 12
340 441 11
340 458 5
340 498 6
340 524 24
340 542 4
340 548 3
340 594 20
340 599 23
341 378 8
341 400 4
341 401 1
341 410 2
341 411 21
341 413 1
341 420 23
341 457 22
341 479 24
341 481 2
341 482 11
341 495 20
341 539 13
341 565 19
341 566 9
342 405 22
342 415 2
342 416 12
342 418 15
342 456 5
342 460 5
342 481 12
342 492 17
342 494 16
342 515 16
342 516 24
342 517 16
342 592 21
342 597 1
343 348 10
343 355 19
343 358 10
343 362 16
343 396 21
343 407 12
343 417 11
343 450 21
343 468 9
343 477 9
343 533 19
343 544 13
343 555 19
343 567 13
343 574 25
343 596 12
344 355 24
344 433 23
344 454 16
344 457 12
344 468 13
344 470 20
344 504 16
344 520 1
344 524 13
344 528 8
344 554 18
345 372 14
345 381 23
345 385 14
345 412 16
345 454 8
345 473 9
345 482 1
345 515 25
345 516 4
345 528 12
345 535 10
345 543 1
345 572 22
345 592 18
345 599 19
346 349 11
346 363 14
346 386 9
346 388 12
346 397 2
346 410 9
346 518 10
346 521 17
346 528 22
347 411 22
347 420 14
347 433 12
347 449 24
347 465 3
347 467 22
347 481 16
347 489 16
347 510 19
347 572 4
347 587 9
347 598 3
348 390 12
348 402 9
348 445 2
348 505 17
348 510 22
348 514 13
348 534 17
348 587 20
349 380 8
349 386 11
349 387 6
349 419 21
349 426 21
349 431 17
349 450 22
349 476 4
349 503 1
349 556 14
349 587 25
349 589 24
350 352 2
350 358 13
350 388 22
350 439 6
350 441 9
350 455 13
350 457 22
350 495 5
350 505 18
350 513 5
350 527 7
350 534 7
350 564 15
350 582 11
350 590 23
351 354 13
351 392 23
351 394 17
351 456 7
351 473 5
351 499 4
351 536 12
351 562 25
352 362 24
352 376 6
352 389 24
352 401 4
352 454 6
352 460 14
352 470 5
352 498 7
352 510 15
352 515 17
352 528 3
352 533 20
352 545 3
352 549 17
352 558 18
353 379 7
353 381 10
353 448 24
353 453 15
353 461 16
353 490 13
353 494 25
353 504 15
353 508 2
353 520 25
353 531 6
353 558 9
353 574 6
354 359 11
354 377 20
354 382 8
354 395 9
354 400 25
354 404 6
354 416 14
354 422 8
354 423 19
354 472 18
354 487 14
354 499 10
354 517 10
354 522 18
354 532 6
354 555 14
355 395 10
355 399 1
355 412 22
355 460 21
355 476 24
355 490 11
355 503 13
355 508 14
355 544 13
355 579 2
355 586 15
356 375 14
356 398 10
356 415 23
356 423 19
356 440 20
356 449 20
356 470 1
356 473 6
356 479 21
356 483 8
356 551 19
356 567 5
356 572 1
357 379 12
357 440 20
357 453 10
357 480 23
357 483 13
357 503 18
357 508 11
357 512 24
357 580 18
357 599 9
358 381 19
358 412 16
358 424 19
358 445 8
358 453 6
358 469 8
358 507 9
358 530 21
358 532 21
358 567 20
358 568 20
358 576 17
358 581 15
358 589 16
359 361 19
359 369 22
359 377 14
359 387 2
359 391 15
359 399 18
359 443 2
359 457 3
359 469 13
359 495 14
359 496 25
359 499 2
359 503 6
359 514 12
359 515 25
359 523 25
359 530 20
359 531 20
359 555 15
359 556 16
359 577 2
360 415 23
360 428 25
360 449 12
360 465 20
360 475 23
360 478 7
360 501 14
360 526 14
360 539 23
360 545 7
360 555 7
361 391 19
361 392 20
361 393 10
361 413 10
361 433 12
361 445 12
361 452 13
361 471 1
361 496 2
361 501 14
361 502 2
361 540 9
361 546 1
361 570 1
361 584 8
362 373 22
362 383 22
362 412 24
362 414 14
362 435 23
362 454 21
362 457 16
362 472 12
362 530 15
362 544 13
362 546 18
362 547 6
362 583 3
362 586 17
363 397 12
363 431 11
363 525 12
363 562 6
363 589 21
364 365 21
364 388 19
364 394 9
364 418 8
364 431 20
364 435 10
364 457 22
364 469 21
364 499 18
364 537 24
364 540 24
364 555 25
364 559 22
364 572 20
365 368 23
365 380 11
365 384 20
365 397 21
365 439 1
365 465 6
365 488 10
365 491 15
365 540 25
365 541 17
365 545 17
365 546 16
365 576 3
365 580 4
365 588 2
366 418 10
366 421 24
366 439 24
366 457 6
366 462 9
366 468 7
366 484 2
366 539 18
366 545 5
366 552 24
366 595 12
367 383 5
367 416 22
367 422 11
367 446 1
367 469 19
367 478 11
367 499 13
367 526 15
367 530 8
367 573 13
367 575 20
368 377 17
368 387 4
368 393 19
368 440 9
368 444 20
368 449 11
368 476 13
368 480 1
368 504 12
368 505 25
368 530 1
368 549 10
368 550 7
368 571 10
368 576 18
369 372 8
369 379 4
369 382 24
369 408 6
369 420 16
369 477 3
369 486 5
369 491 3
369 504 6
369 508 23
369 509 15
369 525 18
369 560 12
370 376 22
370 399 8
370 430 8
370 450 14
370 484 11
370 514 3
370 520 24
370 570 8
370 571 13
370 590 13
371 373 10
371 396 1
371 402 14
371 451 10
371 532 12
371 550 20
371 562 19
372 387 7
372 472 2
372 494 23
372 550 5
372 570 10
372 586 15
372 593 10
373 411 14
373 456 17
373 480 17
373 492 13
373 559 7
373 563 11
373 597 24
374 422 5
374 433 20
374 454 8
374 455 20
374 494 8
374 509 10
374 558 18
374 571 15
374 578 24
374 591 8
375 403 1
375 412 24
375 435 23
375 455 10
375 472 10
375 475 18
375 498 6
375 547 18
375 579 21
375 582 5
376 416 25
376 445 5
376 500 19
376 504 11
376 524 18
376 525 12
376 526 2
376 558 5
376 583 20
376 587 12
377 396 5
377 398 25
377 401 7
377 443 14
377 449 19
377 465 14
377 470 23
377 471 14
377 472 5
377 492 21
377 497 23
377 508 7
377 534 21
377 550 20
377 556 16
377 557 8
377 575 12
377 585 23
377 590 25
377 591 10
377 598 2
378 379 24
378 386 14
378 405 22
378 453 9
378 459 9
378 467 11
378 489 12
378 572 13
379 425 5
379 431 1
379 433 20
379 434 6
379 440 9
379 451 8
379 467 25
379 468 24
379 546 8
379 551 15
379 567 5
380 388 5
380 455 12
380 482 11
380 490 1
380 505 6
380 517 3
380 522 8
380 539 20
380 583 1
381 382 9
381 401 4
381 409 4
381 417 10
381 492 19
381 547 3
381 568 20
381 573 2
381 598 13
382 428 7
382 509 17
382 510 19
382 514 7
382 553 11
382 554 25
382 594 17
383 385 20
383 386 24
383 392 15
383 421 2
383 422 13
383 424 21
383 494 9
383 518 1
383 541 6
383 543 9
383 548 6
383 581 8
383 588 18
383 599 2
384 386 10
384 394 1
384 409 7
384 421 14
384 455 12
384 461 1
384 468 18
384 469 7
384 507 2
384 531 5
384 552 13
384 555 18
385 426 23
385 447 21
385 460 5
385 482 22
385 484 14
385 507 25
385 516 22
385 531 3
385 542 3
385 551 11
386 414 23
386 432 13
386 449 11
386 455 5
386 461 21
386 470 19
386 481 14
386 502 15
386 504 20
386 523 24
386 528 18
386 545 2
386 589 14
387 395 4
387 399 4
387 416 6
387 421 10
387 434 5
387 443 12
387 453 24
387 478 25
387 481 9
387 483 19
387 489 4
387 503 8
387 506 7
387 510 5
387 521 6
387 527 11
387 560 10
387 579 17
387 593 10
388 432 22
388 443 2
388 448 16
388 457 20
388 465 22
388 481 5
388 488 9
388 554 19
389 482 5
389 483 3
389 501 20
389 502 20
389 510 7
389 526 25
389 530 2
389 560 18
389 594 4
389 597 13
390 391 17
390 405 5
390 456 23
390 469 12
390 496 9
390 532 7
390 553 21
390 562 15
390 563 13
391 401 6
391 458 24
391 463 4
391 481 18
391 494 23
391 545 7
391 547 8
391 571 17
391 592 4
392 404 14
392 439 2
392 444 22
392 446 20
392 503 5
392 535 18
392 557 14
392 584 13
392 588 17
392 599 17
393 411 5
393 420 22
393 431 4
393 498 21
393 505 2
393 507 4
393 508 10
393 552 12
393 589 10
394 423 5
394 446 1
394 453 22
394 476 12
394 483 2
394 552 2
394 553 4
394 556 24
394 558 9
395 401 14
395 479 17
395 510 14
395 566 4
395 599 18
396 408 12
396 552 24
396 568 22
396 587 6
396 591 14
396 596 11
397 484 24
397 491 6
397 499 16
397 582 20
397 598 11
398 426 13
398 439 23
398 462 14
398 512 22
398 518 9
398 522 24
398 524 1
398 537 12
398 560 20
398 584 13
399 402 13
399 420 22
399 435 18
399 438 11
399 444 7
399 459 8
399 483 4
399 515 22
399 532 12
399 537 21
399 555 8
399 561 12
399 574 20
399 593 15
399 597 25
400 413 5
400 471 13
400 480 7
400 500 20
400 509 9
400 549 18
400 567 10
400 585 7
401 425 6
401 428 6
401 447 15
401 462 6
401 467 9
401 482 1
401 486 3
401 488 21
401 504 15
401 519 1
401 527 15
401 528 2
401 532 7
401 536 23
401 548 5
401 549 5
401 552 11
401 553 1
401 574 12
402 410 22
402 425 22
402 435 3
402 458 23
402 472 1
402 484 15
402 503 5
402 508 23
402 513 23
402 520 24
402 521 7
402 533 4
402 537 4
403 423 14
403 462 21
403 463 10
403 505 22
403 506 23
403 535 12
404 414 19
404 421 13
404 491 12
404 502 9
404 518 16
404 545 20
404 562 8
404 598 21
405 408 24
405 437 18
405 485 23
405 517 12
405 526 16
405 527 21
405 545 14
405 581 15
405 582 21
405 590 3
405 599 21
406 412 20
406 446 2
406 474 19
406 495 3
406 503 6
406 531 25
406 532 17
406 590 3
406 591 11
406 596 13
407 422 25
407 457 24
407 462 7
407 475 14
407 491 12
407 496 17
407 497 7
407 511 6
407 519 24
407 552 4
407 586 6
407 599 18
408 423 1
408 445 19
408 452 10
408 458 21
408 467 7
408 471 24
408 477 18
408 494 11
408 557 20
408 560 15
409 418 12
409 434 15
409 436 17
409 469 19
409 481 14
409 485 8
409 506 23
409 597 24
410 466 23
410 507 25
410 514 24
410 527 6
410 532 15
410 537 10
410 548 22
410 566 21
411 413 17
411 421 22
411 428 24
411 432 22
411 447 16
411 464 1
411 471 17
411 489 25
411 500 23
411 504 23
411 522 25
411 525 18
411 532 10
411 533 21
411 584 7
412 485 24
412 499 11
412 510 23
412 527 19
412 536 1
412 556 8
413 414 17
413 432 2
413 436 5
413 443 18
413 463 25
413 468 10
413 470 7
413 484 10
413 509 6
413 529 5
413 535 1
413 542 4
413 553 5
413 585 25
413 588 19
414 424 8
414 433 16
414 506 20
414 510 5
414 564 16
414 574 19
414 581 24
414 595 25
415 419 15
415 427 7
415 444 25
415 445 2
415 501 5
415 503 19
415 530 2
415 592 12
415 594 12
416 422 3
416 425 18
416 430 4
416 437 3
416 461 2
416 464 12
416 465 14
416 477 9
416 501 16
416 504 14
416 509 12
416 522 21
416 525 15
416 561 7
416 570 3
417 422 8
417 459 1
417 464 9
417 465 23
417 485 19
417 486 10
417 517 24
417 524 10
417 535 16
417 560 1
417 593 11
418 424 22
418 478 19
418 519 13
418 525 10
418 569 7
418 591 15
419 442 2
419 447 10
419 450 19
419 497 3
419 520 23
419 549 7
420 423 13
420 449 14
420 461 23
420 515 24
420 543 11
420 589 12
421 431 7
421 432 15
421 448 21
421 454 7
421 467 23
421 472 18
421 502 3
421 517 9
421 554 19
421 555 12
421 571 25
421 577 19
422 429 23
422 449 23
422 454 14
422 455 10
422 463 8
422 464 20
422 468 1
422 483 9
422 496 6
422 501 20
422 503 14
422 505 3
422 524 1
422 543 1
422 576 16
422 581 23
422 598 2
423 425 3
423 432 12
423 446 8
423 509 17
423 516 7
423 557 15
423 564 17
423 584 2
424 431 19
424 436 25
424 455 22
424 478 5
424 506 1
424 511 17
424 526 2
424 552 24
424 565 5
424 566 13
424 575 6
424 585 24
424 598 14
425 435 14
425 436 4
425 441 10
425 487 4
425 499 8
426 440 12
426 462 5
426 471 24
426 489 12
426 494 8
426 498 3
426 500 25
426 521 15
426 523 20
426 529 6
426 553 6
426 578 11
426 587 9
427 431 24
427 440 10
427 456 5
427 457 6
427 464 11
427 527 21
427 529 7
427 564 9
427 571 2
427 584 22
428 451 14
428 457 2
428 464 10
428 510 4
428 513 7
428 523 21
429 472 10
429 478 15
429 518 7
429 582 14
429 595 15
430 438 20
430 458 23
430 466 17
430 483 19
430 492 14
430 495 11
430 552 25
430 559 22
430 575 21
431 453 10
431 471 20
431 476 8
431 507 17
431 519 2
431 533 18
431 544 14
431 548 9
431 556 3
431 564 16
431 577 5
431 579 18
431 583 17
431 595 16
432 461 23
432 480 24
432 486 13
432 491 7
432 497 13
432 515 21
432 519 22
432 525 4
432 546 16
432 553 19
432 572 20
432 579 9
433 479 8
433 510 6
433 517 10
433 530 4
433 562 3
434 435 22
434 444 25
434 456 10
434 525 13
434 538 2
434 539 4
434 543 1
434 546 12
434 581 8
434 595 18
435 439 18
435 462 25
435 471 12
435 498 10
435 509 25
435 565 10
435 585 24
435 586 6
435 593 24
436 473 19
436 488 5
436 532 2
436 538 9
436 548 23
436 561 23
436 579 20
436 587 7
436 589 5
436 593 6
437 453 12
437 469 8
437 477 2
437 507 14
437 548 19
437 581 14
437 583 17
438 537 25
438 541 17
438 568 3
438 599 7
439 466 11
439 503 22
439 505 9
439 540 22
439 592 8
439 596 8
440 458 6
440 483 6
440 487 15
440 493 6
440 497 24
440 513 19
440 527 9
440 597 10
441 476 19
441 486 7
441 488 6
441 492 2
441 493 11
441 501 11
441 525 14
442 451 20
442 455 13
442 457 2
442 460 14
442 504 3
442 512 18
442 543 13
442 554 19
442 564 22
442 574 21
442 580 5
443 452 20
443 456 4
443 460 3
443 475 2
443 496 11
443 497 11
443 498 7
443 506 3
443 549 16
443 560 7
443 590 23
443 596 2
444 465 18
444 480 16
444 486 8
444 488 23
444 491 18
444 590 20
444 595 9
445 446 8
445 459 17
445 477 21
445 482 9
445 484 5
445 503 25
445 546 3
445 553 19
445 594 19
445 598 1
446 471 14
446 534 25
446 549 20
446 575 20
447 465 4
447 481 21
447 493 7
447 511 14
447 512 4
447 513 9
447 517 5
447 579 12
448 452 7
448 453 8
448 478 5
448 528 24
448 557 17
449 485 2
449 486 16
449 493 13
449 522 12
449 529 23
449 560 4
449 580 9
450 461 8
450 508 10
450 528 9
450 540 12
451 469 3
451 483 4
451 498 12
451 597 19
452 481 5
452 499 6
452 548 15
452 550 8
452 580 3
453 467 21
453 551 22
453 552 8
453 578 5
453 593 3
454 457 20
454 490 13
454 522 10
454 547 1
454 565 11
454 599 3
455 510 4
456 458 4
456 467 15
456 479 16
456 488 3
456 489 19
456 491 1
456 503 11
456 584 3
457 460 9
457 469 22
457 490 8
457 516 12
457 517 11
457 527 3
457 534 18
457 544 16
457 545 17
457 547 1
457 557 21
457 561 12
457 580 24
458 511 3
458 529 18
458 555 1
458 590 24
458 592 7
459 462 12
459 463 1
459 480 20
459 484 14
459 487 5
459 515 23
459 534 3
459 571 22
459 586 2
460 482 21
460 567 22
461 467 12
461 470 1
461 487 8
461 501 11
461 510 8
461 517 21
461 534 21
461 562 12
461 586 14
461 589 13
461 597 3
461 598 14
462 472 8
462 473 14
462 498 12
462 525 13
462 531 9
462 544 14
462 567 13
462 569 15
462 574 2
462 596 14
463 488 11
463 499 15
463 504 18
463 508 8
463 528 19
463 549 16
463 579 10
463 591 17
463 595 12
464 485 23
464 507 17
464 525 19
464 536 10
464 542 1
464 554 15
464 564 5
464 565 12
464 587 5
464 596 20
465 484 14
465 516 20
465 542 4
466 467 4
466 469 8
466 560 16
466 579 14
466 585 21
466 590 6
467 496 6
467 510 22
467 513 19
467 516 16
467 521 13
467 527 13
467 553 24
467 574 6
467 589 3
467 591 10
468 504 22
468 526 16
468 531 9
468 543 13
468 556 12
468 565 19
468 595 13
469 474 3
469 496 23
469 517 1
469 520 7
469 526 19
469 553 14
469 590 1
470 476 23
470 519 20
470 549 8
471 474 13
471 498 8
471 517 5
471 522 18
471 531 13
471 542 3
471 562 13
471 598 4
472 501 15
472 508 25
472 518 4
472 525 20
472 575 4
472 585 15
472 597 17
473 551 22
473 557 23
473 578 6
473 582 8
473 584 16
474 525 21
474 541 12
474 557 16
474 570 21
474 576 18
475 477 9
475 494 12
475 497 20
475 540 6
475 559 8
476 483 2
476 521 21
476 529 17
476 563 8
476 565 15
476 580 5
477 490 10
477 491 5
477 502 10
477 514 24
477 528 6
477 536 15
477 537 18
477 569 10
477 573 4
477 597 11
478 491 8
478 492 3
478 494 19
478 513 15
478 530 19
478 536 14
478 542 1
479 525 11
479 546 11
479 551 20
479 556 19
479 567 24
479 593 14
480 539 2
480 591 6
480 592 17
481 483 24
481 492 23
481 493 24
481 511 15
481 521 4
481 529 8
481 558 19
481 582 15
481 583 8
482 489 2
482 490 4
482 491 2
482 492 11
482 500 9
482 540 13
482 558 18
482 569 11
482 570 6
482 586 9
483 531 6
483 567 21
483 576 11
484 499 16
484 535 6
484 550 7
484 553 12
484 561 5
485 488 20
485 557 15
485 565 12
485 583 13
486 551 15
486 557 9
486 572 11
486 595 6
487 492 12
487 502 20
487 503 25
487 519 1
487 563 2
487 573 3
487 591 6
488 495 5
488 500 13
488 508 16
488 523 17
488 544 7
488 578 2
488 580 24
488 589 17
488 590 9
489 507 21
489 550 4
489 559 2
489 565 4
489 582 10
489 583 15
489 586 8
490 499 6
490 514 4
490 520 21
490 531 18
490 573 20
490 593 5
491 495 5
491 505 25
491 511 18
491 540 1
491 544 1
492 520 21
492 533 4
492 535 3
492 550 3
492 586 8
493 507 17
493 522 19
493 528 2
493 531 25
493 542 22
493 553 2
493 568 16
493 575 5
493 586 23
494 495 21
494 504 8
494 511 1
494 518 7
494 520 22
494 562 10
495 538 12
495 555 2
495 566 5
495 596 6
496 514 21
496 539 11
496 566 10
496 577 21
496 589 6
497 547 10
497 595 23
497 598 1
498 590 15
499 518 1
499 571 5
499 583 23
499 596 19
500 502 23
500 550 24
501 518 19
501 521 19
501 531 25
501 534 11
501 543 1
501 545 24
501 550 7
501 566 10
501 567 24
501 577 13
503 509 7
503 566 10
504 524 2
504 566 8
504 579 17
504 582 7
505 558 4
506 509 2
506 512 17
506 516 1
506 531 7
506 563 3
507 510 25
507 520 9
507 539 18
507 544 2
507 570 14
507 576 17
508 538 21
509 521 13
509 529 17
509 553 16
509 566 9
510 512 18
510 524 1
510 540 9
510 546 17
510 551 9
510 566 18
510 567 17
510 569 24
510 577 1
511 514 2
511 518 25
511 543 9
511 548 18
511 570 6
511 582 14
511 596 21
512 520 24
512 521 16
512 533 5
512 572 4
512 574 17
512 581 13
512 584 23
512 585 19
513 548 3
513 553 16
513 566 14
513 579 16
514 529 7
514 534 4
514 542 24
514 550 24
515 548 6
515 558 9
515 565 15
515 583 15
516 528 3
516 530 9
516 544 15
516 553 6
516 560 10
516 568 14
516 593 14
516 597 4
517 538 21
517 552 4
517 553 24
517 564 22
517 582 21
518 521 3
518 544 2
518 552 12
518 566 18
518 581 24
519 567 5
519 596 20
519 598 14
520 583 20
521 525 12
521 553 22
521 582 25
522 587 12
523 542 20
523 543 6
523 582 22
523 591 12
523 598 22
524 532 25
524 548 20
524 551 11
524 591 5
524 598 6
525 551 1
525 555 20
525 563 9
525 581 21
525 586 25
525 595 9
526 532 17
526 536 20
526 589 12
527 552 18
527 577 6
527 580 6
527 589 18
527 595 13
528 530 2
528 531 8
528 536 9
528 566 14
528 574 4
528 580 9
528 591 2
529 540 1
529 590 16
530 533 24
530 548 12
530 561 12
530 587 23
531 541 6
531 545 24
531 552 4
531 576 11
531 587 24
531 591 25
531 598 21
532 558 19
532 562 24
532 570 4
533 542 13
533 553 18
534 535 17
534 537 7
534 555 25
534 565 22
535 541 2
535 543 14
535 548 24
535 571 9
535 584 23
535 589 14
535 595 15
536 548 8
536 560 15
536 592 15
538 564 23
538 593 13
538 599 1
539 563 11
539 592 12
539 597 8
540 548 9
540 555 17
540 573 18
540 586 7
541 544 16
541 550 13
541 551 2
541 559 14
541 560 18
542 583 16
542 591 8
543 591 10
543 592 23
544 566 10
544 571 6
544 578 24
544 580 25
544 595 6
545 549 9
545 558 24
545 573 19
545 586 23
546 561 6
546 565 11
546 570 12
546 572 5
546 574 25
546 575 14
546 585 15
546 588 12
547 594 21
548 564 25
548 572 5
548 576 15
549 555 8
549 570 21
549 586 4
550 585 10
551 553 11
551 594 22
552 576 25
552 589 19
553 584 6
554 570 24
554 571 5
554 575 11
555 583 24
555 599 4
556 570 19
556 576 8
557 579 3
557 590 12
558 569 5
558 570 10
559 587 24
560 592 19
561 563 15
562 568 24
562 583 7
562 585 6
563 572 12
563 579 5
564 578 6
565 573 16
565 574 19
566 585 15
567 576 11
567 595 23
569 576 1
569 578 24
571 580 21
571 583 3
572 574 19
573 577 1
573 587 1
573 591 23
574 592 13
575 577 25
576 583 3
578 581 6
578 595 9
578 598 7
580 590 20
580 592 13
582 583 17
587 593 18
590 597 8
591 592 8
591 593 16
592 598 17
600 299 78
601 599 16
600 601 94
602 609 7
602 629 8
602 634 18
602 647 15
602 668 6
602 699 19
602 725 6
602 726 10
602 757 2
602 796 10
602 806 5
602 882 11
602 895 6
603 604 22
603 618 16
603 638 5
603 704 17
603 705 15
603 723 23
603 731 5
603 757 5
603 783 17
603 850 1
603 857 5
603 892 18
604 639 20
604 649 14
604 662 3
604 666 9
604 693 2
604 707 3
604 771 17
604 807 9
604 811 20
604 853 8
604 855 16
604 862 16
604 895 15
604 897 1
605 612 17
605 652 2
605 669 7
605 671 4
605 674 7
605 675 4
605 684 20
605 690 13
605 699 22
605 725 11
605 736 11
605 737 1
605 746 16
605 748 4
605 749 3
605 751 22
605 776 21
605 779 22
605 793 10
605 811 23
605 846 7
605 857 13
605 896 2
605 897 1
606 607 23
606 617 22
606 632 8
606 641 14
606 697 14
606 727 23
606 755 16
606 787 5
606 795 24
606 796 22
606 835 10
606 836 5
606 876 2
606 878 4
606 892 17
607 622 23
607 643 17
607 698 4
607 701 25
607 704 9
607 733 7
607 739 2
607 755 5
607 787 2
607 789 1
607 813 16
607 833 1
607 843 9
607 850 6
607 871 3
608 618 9
608 635 3
608 641 1
608 661 17
608 667 16
608 677 14
608 700 14
608 711 6
608 718 20
608 751 14
608 771 5
608 774 4
608 805 20
608 823 6
608 838 10
608 875 13
608 878 6
608 889 1
608 891 17
609 639 7
609 693 11
609 698 25
609 709 11
609 724 17
609 733 2
609 753 11
609 773 7
609 783 4
609 837 19
609 841 14
609 873 8
610 629 5
610 656 17
610 668 8
610 673 21
610 677 9
610 688 23
610 711 11
610 720 17
610 746 17
610 762 24
610 766 21
610 773 21
610 783 20
610 786 3
610 808 7
610 841 7
610 847 8
610 900 7
611 618 23
611 620 17
611 636 19
611 657 23
611 717 2
611 753 10
611 833 1
611 840 14
611 864 18
611 876 6
611 880 9
611 887 7
612 633 14
612 653 13
612 660 23
612 671 23
612 707 8
612 718 8
612 756 21
612 779 20
612 782 24
612 811 12
612 822 20
612 860 19
612 887 9
612 893 14
612 900 22
613 623 15
613 681 21
613 696 6
613 699 23
613 704 20
613 708 22
613 741 16
613 764 17
613 831 25
613 832 25
613 851 19
613 854 13
613 863 18
613 866 25
613 878 22
613 886 24
613 890 15
614 620 9
614 660 23
614 666 12
614 674 19
614 679 5
614 725 7
614 733 13
614 788 4
614 805 19
614 812 8
615 653 24
615 719 2
615 720 21
615 752 20
615 753 19
615 763 18
615 809 3
615 865 16
615 879 13
615 901 1
616 619 7
616 623 6
616 655 1
616 669 8
616 682 25
616 689 13
616 694 25
616 778 1
616 797 9
616 823 25
616 827 15
616 847 20
616 897 24
617 635 1
617 672 13
617 707 4
617 737 8
617 758 2
617 834 9
617 848 3
617 849 9
617 859 7
617 861 6
618 625 7
618 643 4
618 681 24
618 684 24
618 690 8
618 703 15
618 712 11
618 727 8
618 735 23
618 743 19
618 746 8
618 758 7
618 772 18
618 887 21
618 894 7
618 898 20
619 622 6
619 626 8
619 632 9
619 654 2
619 752 7
619 781 11
619 790 14
619 796 12
619 798 18
619 807 18
619 846 22
619 850 20
619 851 3
619 864 3
620 625 3
620 628 9
620 638 8
620 658 1
620 679 10
620 689 15
620 691 17
620 708 22
620 765 23
620 806 16
620 820 15
620 827 7
620 890 23
621 624 9
621 634 4
621 662 6
621 664 3
621 671 12
621 673 13
621 685 13
621 721 13
621 741 21
621 745 24
621 757 4
621 804 9
621 820 16
621 843 21
621 845 5
621 879 13
622 624 23
622 646 10
622 659 15
622 661 9
622 691 17
622 708 17
622 788 18
622 814 9
622 836 9
622 877 16
622 887 8
622 896 1
623 636 6
623 711 14
623 761 23
623 764 16
623 769 18
623 836 3
623 847 19
623 858 4
624 663 18
624 672 6
624 693 18
624 699 15
624 706 4
624 707 21
624 709 24
624 766 22
624 799 18
624 803 3
624 865 11
624 871 16
625 640 14
625 657 2
625 666 1
625 684 8
625 715 18
625 721 20
625 746 16
625 749 3
625 754 10
625 761 23
625 772 4
625 776 17
625 791 13
625 794 3
625 811 8
625 813 7
625 820 8
625 841 1
625 869 12
626 630 2
626 655 8
626 670 5
626 671 16
626 726 14
626 736 2
626 844 16
626 869 12
626 872 20
626 893 19
627 640 22
627 646 12
627 667 9
627 669 25
627 692 12
627 707 16
627 720 17
627 722 6
627 726 6
627 752 22
627 757 15
627 771 5
627 811 2
627 819 9
627 827 20
627 836 4
627 843 16
627 887 1
628 634 13
628 641 18
628 671 13
628 673 14
628 686 25
628 712 19
628 781 5
628 839 15
628 862 20
628 872 20
628 878 1
629 668 16
629 679 15
629 705 24
629 720 2
629 747 24
629 759 23
629 765 15
629 805 14
629 843 17
629 850 20
629 869 22
629 874 13
630 635 12
630 677 3
630 734 14
630 760 20
630 771 22
630 796 19
630 806 12
630 815 23
630 816 7
630 819 4
630 835 12
630 836 20
630 840 3
630 867 5
630 886 1
630 894 20
631 637 1
631 653 23
631 670 20
631 694 17
631 724 14
631 727 19
631 756 20
631 757 14
631 769 18
631 836 10
631 839 3
631 868 9
631 878 6
631 886 1
631 900 21
632 660 19
632 720 3
632 724 11
632 729 15
632 745 25
632 773 5
632 778 1
632 779 24
632 806 11
632 807 4
632 823 10
632 847 7
632 853 9
632 856 16
632 882 8
633 639 3
633 652 18
633 661 7
633 673 24
633 683 9
633 712 20
633 739 19
633 768 6
633 772 9
633 777 12
633 802 15
633 803 13
633 824 20
633 850 22
634 662 15
634 680 18
634 695 16
634 716 17
634 739 3
634 743 7
634 748 18
634 758 7
634 768 8
634 771 16
634 792 19
634 856 13
634 878 2
634 885 1
634 889 21
635 648 17
635 691 10
635 699 25
635 726 10
635 782 16
635 821 24
635 824 20
635 825 12
635 828 17
635 838 25
635 859 20
635 863 5
635 870 16
635 886 9
636 644 2
636 649 15
636 672 23
636 681 19
636 703 7
636 710 17
636 738 23
636 743 13
636 753 9
636 798 7
636 799 20
636 861 25
636 862 25
636 865 8
636 870 1
637 711 2
637 757 5
637 786 20
637 792 11
637 798 5
637 808 6
637 818 3
637 821 5
637 884 25
637 896 15
637 900 21
638 675 2
638 719 11
638 732 3
638 746 19
638 752 22
638 765 4
638 794 8
638 798 19
638 855 22
638 871 14
638 874 10
638 885 21
638 889 2
639 641 19
639 669 2
639 705 23
639 739 20
639 776 4
639 789 7
639 817 22
639 852 5
639 853 14
639 872 18
640 658 18
640 675 18
640 715 23
640 737 22
640 739 22
640 807 23
640 815 11
640 821 19
640 827 1
640 829 24
640 847 21
640 868 19
640 880 20
640 886 1
640 896 4
640 897 15
640 898 22
641 656 17
641 670 25
641 688 18
641 704 20
641 712 20
641 728 21
641 767 20
641 785 16
641 787 24
641 789 1
641 883 12
641 898 4
642 643 14
642 660 5
642 672 23
642 682 8
642 707 4
642 729 19
642 776 6
642 802 1
642 853 7
642 858 2
642 877 1
642 899 5
643 656 24
643 662 22
643 665 1
643 710 25
643 732 25
643 742 15
643 745 23
643 756 18
643 764 16
643 769 15
643 785 13
643 832 12
643 835 13
643 883 9
643 887 2
644 649 11
644 686 9
644 701 16
644 720 16
644 725 25
644 746 22
644 773 13
644 804 9
644 839 25
644 850 7
644 865 15
644 875 3
644 896 13
644 899 18
645 660 5
645 695 17
645 697 16
645 715 1
645 725 19
645 736 15
645 753 2
645 755 8
645 756 13
645 789 20
645 812 1
645 818 4
645 830 9
645 838 12
645 880 16
645 888 17
645 901 14
646 656 2
646 660 25
646 662 6
646 694 17
646 696 1
646 707 2
646 717 7
646 744 10
646 754 3
646 759 13
646 767 1
646 774 5
646 783 25
646 795 18
646 836 12
646 841 18
646 861 8
646 867 12
646 886 11
646 896 25
647 675 14
647 685 20
647 723 12
647 734 10
647 751 20
647 771 17
647 785 18
647 801 9
647 806 8
647 816 9
647 828 24
647 829 11
647 831 10
647 837 4
647 842 4
647 845 11
647 858 7
647 860 10
647 869 22
647 894 11
648 668 24
648 682 22
648 711 18
648 748 25
648 762 16
648 812 4
648 833 17
648 834 23
648 859 17
648 860 4
648 872 24
649 650 7
649 662 1
649 665 10
649 696 16
649 706 22
649 762 2
649 792 8
649 795 5
649 796 11
649 797 18
649 815 3
649 817 23
649 844 3
649 873 8
649 879 3
649 895 15
650 678 16
650 740 15
650 750 11
650 758 2
650 764 13
650 784 9
650 842 19
650 859 13
650 898 1
651 654 22
651 656 6
651 661 25
651 684 13
651 701 10
651 702 24
651 719 20
651 775 12
651 782 8
651 791 10
651 812 8
651 839 11
651 879 20
651 894 15
651 900 23
652 668 12
652 675 17
652 701 22
652 705 16
652 727 2
652 760 25
652 785 5
652 798 17
652 803 14
652 821 17
652 848 18
652 860 3
653 660 2
653 668 13
653 675 15
653 679 2
653 685 9
653 687 21
653 707 2
653 758 24
653 789 7
653 822 25
653 826 18
653 897 18
654 660 9
654 678 4
654 739 2
654 748 22
654 807 25
654 826 16
654 835 21
654 856 12
654 896 10
655 712 18
655 756 2
655 812 11
655 817 19
655 830 7
656 717 2
656 727 7
656 740 25
656 768 22
656 771 9
656 801 2
656 839 9
657 667 1
657 704 3
657 711 20
657 739 23
657 765 6
657 779 18
657 780 6
657 794 5
657 811 12
657 834 23
657 858 16
657 859 17
657 879 1
657 889 12
658 668 17
658 678 17
658 681 9
658 710 3
658 713 1
658 716 1
658 749 6
658 754 11
658 769 19
658 774 14
658 786 14
658 821 2
658 825 14
658 837 12
658 839 13
658 844 17
658 851 21
658 863 13
658 870 19
658 893 17
658 901 12
659 694 2
659 700 11
659 717 17
659 738 8
659 749 22
659 759 16
659 775 23
659 780 13
659 812 16
659 851 11
659 882 4
659 890 7
660 680 20
660 744 8
660 756 7
660 788 22
660 809 14
660 814 19
660 823 18
660 846 2
660 849 8
660 850 19
660 855 17
660 862 21
660 881 6
660 892 8
661 670 16
661 676 20
661 689 4
661 695 9
661 729 8
661 742 5
661 753 19
661 766 24
661 785 12
661 812 15
661 816 14
661 823 12
661 840 5
661 888 7
662 670 24
662 679 8
662 702 13
662 728 20
662 729 16
662 735 22
662 740 17
662 750 6
662 858 15
662 878 9
662 890 7
663 695 24
663 734 4
663 737 24
663 766 20
663 777 12
663 807 8
663 817 12
663 895 8
663 900 11
664 673 21
664 692 16
664 695 15
664 742 16
664 749 16
664 750 4
664 757 6
664 828 7
664 901 15
665 690 12
665 701 13
665 704 15
665 710 19
665 725 25
665 734 10
665 743 11
665 769 21
665 785 1
665 813 18
665 833 13
665 843 11
665 857 25
665 863 11
665 886 14
666 688 25
666 714 5
666 804 2
666 819 7
666 861 19
666 876 10
667 675 20
667 686 14
667 704 2
667 733 9
667 745 4
667 751 17
667 752 14
667 796 11
667 806 23
667 809 5
667 814 24
667 829 10
667 843 20
667 876 20
668 675 12
668 678 4
668 684 5
668 687 7
668 691 4
668 709 23
668 754 21
668 780 16
668 800 24
668 809 7
668 856 6
668 858 25
669 705 13
669 723 8
669 771 8
669 780 6
669 783 17
669 814 2
669 822 21
669 832 20
669 843 11
669 865 2
669 866 11
669 878 1
670 676 14
670 696 9
670 719 6
670 779 13
670 793 20
670 803 25
670 810 7
670 817 6
670 828 5
670 835 11
670 839 15
670 844 10
670 901 10
671 685 10
671 692 25
671 701 10
671 703 16
671 719 5
671 730 9
671 734 6
671 739 12
671 747 17
671 819 11
671 823 5
671 826 18
671 833 9
671 856 24
671 891 5
671 897 10
672 675 10
672 688 8
672 717 23
672 721 20
672 760 13
672 806 10
672 807 14
672 832 14
672 865 16
672 892 22
673 677 18
673 728 4
673 738 11
673 752 2
673 767 15
673 770 20
673 812 3
673 827 25
673 838 13
673 850 7
673 854 10
673 856 18
673 865 21
674 689 3
674 709 5
674 718 25
674 747 23
674 755 13
674 826 1
674 827 2
675 691 22
675 706 12
675 710 9
675 755 22
675 795 8
675 850 23
675 891 6
676 699 23
676 714 13
676 763 24
676 775 19
676 796 5
676 804 4
676 806 4
676 863 8
676 874 20
676 877 1
677 685 10
677 702 21
677 760 13
677 784 19
677 812 6
677 818 5
677 835 14
677 837 10
677 850 11
678 684 15
678 724 7
678 759 24
678 770 17
678 773 11
678 785 22
678 792 3
678 807 19
678 837 18
678 852 12
679 687 19
679 705 1
679 718 10
679 719 6
679 746 1
679 796 3
679 797 13
679 809 4
679 860 9
679 886 22
680 702 25
680 715 9
680 736 9
680 744 21
680 762 21
680 776 4
680 805 3
680 830 2
680 845 17
680 846 12
680 858 12
680 863 8
680 864 19
680 877 12
681 687 25
681 699 4
681 748 9
681 750 4
681 757 24
681 771 1
681 779 16
681 780 19
681 783 3
681 786 25
681 803 2
681 853 3
682 729 4
682 759 14
682 765 8
682 788 12
682 831 12
682 879 8
683 704 22
683 794 22
683 803 3
683 831 17
683 837 25
683 839 7
683 868 20
683 869 16
683 877 18
684 690 7
684 700 1
684 735 13
684 811 20
684 833 2
684 857 16
684 874 3
685 700 5
685 818 17
685 829 6
685 839 22
685 875 10
686 828 8
686 887 23
687 695 11
687 713 13
687 736 4
687 747 1
687 770 20
687 773 15
687 828 13
687 869 4
687 891 14
688 724 9
688 728 6
688 729 5
688 742 11
688 762 14
688 770 25
688 791 1
688 816 7
688 824 8
688 831 3
688 861 19
688 877 2
688 894 4
689 732 12
689 735 7
689 747 11
689 767 5
689 771 12
689 772 9
689 778 14
689 842 21
690 691 9
690 709 2
690 722 8
690 734 12
690 747 2
690 775 5
690 837 3
690 841 16
690 842 8
690 874 16
690 881 2
690 883 16
690 895 23
691 692 12
691 700 4
691 731 24
691 757 14
691 761 12
691 771 6
691 773 17
691 810 8
691 813 9
691 816 22
691 851 19
691 862 17
691 871 9
691 872 23
691 888 3
692 710 20
692 712 13
692 718 1
692 731 3
692 785 14
692 814 8
692 849 14
692 851 18
692 857 14
692 875 16
692 877 10
692 887 22
692 891 9
692 900 11
693 695 12
693 717 6
693 726 24
693 755 17
693 782 4
693 797 13
693 798 4
693 802 11
693 845 6
693 880 11
693 881 21
694 707 4
694 712 6
694 715 13
694 722 13
694 724 5
694 791 17
694 796 7
694 804 17
694 813 17
694 821 11
694 829 8
694 860 2
694 875 24
694 878 2
694 879 15
694 881 16
694 898 11
695 696 13
695 700 24
695 735 22
695 750 1
695 776 4
695 789 20
695 790 18
695 800 9
695 813 9
695 840 23
695 866 19
695 899 16
696 750 8
696 816 15
696 840 20
696 858 15
696 901 4
697 709 9
697 712 19
697 714 20
697 729 17
697 735 12
697 744 12
697 751 2
697 784 19
697 791 15
697 815 25
697 841 22
697 864 4
697 900 17
698 702 8
698 749 19
698 759 18
698 765 4
698 800 19
698 809 23
698 877 25
698 890 11
698 891 7
699 705 11
699 715 8
699 754 2
699 771 1
699 799 17
699 802 16
699 807 20
699 816 6
699 827 19
699 832 3
699 836 1
699 869 16
699 878 21
699 898 13
700 703 4
700 714 22
700 756 8
700 762 18
700 788 23
700 822 5
700 824 23
700 831 15
700 852 12
700 858 16
700 860 9
701 707 17
701 712 10
701 716 6
701 738 18
701 744 22
701 824 12
701 839 3
701 843 7
701 856 14
702 707 4
702 708 23
702 718 6
702 727 25
702 729 6
702 762 2
702 769 5
702 777 6
702 821 17
702 842 25
702 851 20
702 874 20
702 882 24
702 888 5
703 704 12
703 744 21
703 773 9
703 785 11
703 794 12
703 796 22
703 831 2
703 858 20
703 872 15
703 882 13
703 885 1
703 889 7
703 890 9
704 705 14
704 706 12
704 739 17
704 740 2
704 746 17
704 767 15
704 788 10
704 809 16
704 815 22
704 830 11
704 839 20
704 857 4
704 865 4
704 872 22
704 877 24
704 886 23
704 895 20
705 713 3
705 717 11
705 723 17
705 736 13
705 739 23
705 745 6
705 762 9
705 783 24
705 816 25
705 824 25
705 887 13
706 726 2
706 746 6
706 748 24
706 768 16
706 778 19
706 785 15
706 840 19
706 852 10
706 858 6
707 709 5
707 720 3
707 722 2
707 748 15
707 759 22
707 874 8
708 712 18
708 726 20
708 728 6
708 738 17
708 745 14
708 795 10
708 815 4
708 818 8
708 825 24
708 834 2
708 842 13
708 876 7
708 877 2
709 763 14
709 806 8
709 811 15
709 839 16
709 845 15
709 848 13
709 873 8
709 882 9
709 892 2
710 715 3
710 744 18
710 746 10
710 754 8
710 761 20
710 770 11
710 777 24
710 779 19
710 809 20
710 836 19
710 840 13
710 858 25
710 862 12
710 866 4
710 895 11
711 723 16
711 731 13
711 741 9
711 763 19
711 767 25
711 782 17
711 794 20
711 806 13
711 809 24
711 900 11
712 713 5
712 772 14
712 773 25
712 776 14
712 808 22
712 835 4
712 859 17
712 864 16
712 878 13
712 887 1
712 891 13
713 731 25
713 799 1
713 807 6
713 812 20
713 819 19
713 829 20
713 875 21
713 877 6
713 888 25
713 893 7
714 733 23
714 774 12
714 779 17
714 798 16
714 834 13
714 847 11
714 852 10
714 886 3
715 747 9
715 772 23
715 814 7
715 826 24
715 861 22
715 892 21
716 752 22
716 755 25
716 767 14
716 788 15
716 806 12
716 843 16
716 848 2
716 880 12
717 739 16
717 763 9
717 799 8
717 802 12
717 813 5
717 818 3
717 826 17
717 847 5
717 857 11
717 869 14
718 723 18
718 724 3
718 806 4
718 821 8
718 845 13
718 846 15
718 854 10
718 869 23
718 901 14
719 725 16
719 747 22
719 796 11
719 797 13
719 811 20
719 813 10
719 821 3
719 841 9
719 872 24
720 793 20
720 838 10
720 865 12
720 872 13
720 886 20
720 892 19
721 747 24
721 748 25
721 793 21
721 794 15
721 813 6
721 823 7
721 845 5
721 867 23
722 763 11
722 769 10
722 783 5
722 831 23
722 836 1
722 873 16
722 879 20
722 892 15
722 897 9
723 725 18
723 739 25
723 749 23
723 755 15
723 771 11
723 836 1
723 838 23
723 893 9
724 734 22
724 735 10
724 753 20
724 777 9
724 778 4
724 783 15
724 836 9
724 866 5
725 729 11
725 734 23
725 746 10
725 764 19
725 773 4
725 787 8
725 826 4
725 831 13
725 845 14
725 846 1
725 862 16
725 882 5
726 728 22
726 749 5
726 756 15
726 769 17
726 772 6
726 840 12
726 869 6
726 875 16
727 793 12
727 815 5
727 854 2
727 858 11
727 868 14
727 881 23
727 893 21
728 756 20
728 763 13
728 792 5
728 807 24
728 812 23
728 832 4
728 839 9
728 842 16
728 855 8
728 857 18
728 892 19
729 750 22
729 765 8
729 767 21
729 774 12
729 798 14
729 844 17
729 845 16
729 871 3
729 897 10
730 804 21
730 824 15
731 779 15
731 785 14
731 787 3
731 789 22
731 808 15
731 814 13
731 816 12
731 821 12
731 831 9
731 888 6
732 778 24
732 788 15
732 789 7
732 805 23
732 860 18
732 868 15
732 893 13
732 895 25
733 735 9
733 745 8
733 752 24
733 766 18
733 773 3
733 782 10
733 788 7
733 789 22
733 813 3
733 832 11
733 870 8
734 739 25
734 787 25
734 790 25
734 809 13
734 825 5
734 839 21
734 900 4
735 748 19
735 800 7
735 804 16
735 828 4
735 849 13
735 850 16
735 867 18
735 873 21
735 874 14
735 884 11
735 888 12
736 749 3
736 778 10
736 825 20
736 836 13
736 866 10
736 887 12
736 896 17
737 750 20
737 758 20
737 759 13
737 774 24
737 785 6
737 786 23
737 800 23
737 809 5
737 824 22
737 900 11
738 760 9
738 766 17
738 793 14
738 834 5
738 853 25
738 861 6
738 875 8
738 881 12
738 886 24
739 754 1
739 761 9
739 767 12
739 785 11
739 812 20
739 830 16
739 839 22
739 862 14
739 871 3
739 885 7
739 893 3
740 773 20
740 776 3
740 780 22
740 820 9
740 844 1
740 864 4
740 894 6
741 773 23
741 779 11
741 783 4
741 785 10
741 786 21
741 795 20
741 823 1
741 825 25
741 828 20
741 833 6
741 887 8
741 898 8
742 759 4
742 775 8
742 794 17
742 803 17
742 829 18
742 833 13
742 840 8
742 843 16
742 874 4
742 879 12
742 884 22
743 747 6
743 753 8
743 759 1
743 769 4
743 770 17
743 796 1
743 798 8
743 865 24
743 872 24
743 895 20
744 759 3
744 771 10
744 774 15
744 775 24
744 807 10
744 830 15
744 840 20
744 866 18
745 759 22
745 846 5
745 851 23
745 855 6
745 865 23
745 866 15
745 899 25
746 774 10
746 794 24
746 814 15
746 832 13
746 868 12
747 748 14
747 758 20
747 781 20
747 799 14
747 845 1
747 863 13
747 890 15
748 777 10
748 783 13
748 790 15
748 819 4
748 826 17
748 828 24
749 755 18
749 789 16
749 795 11
749 804 9
749 811 12
749 812 3
749 847 5
749 875 18
749 884 25
750 755 10
750 758 15
750 790 16
750 806 11
750 819 2
750 830 16
750 831 1
750 852 16
750 855 5
750 857 14
750 858 11
750 877 24
750 887 4
750 898 11
750 899 13
751 755 18
751 775 22
751 785 25
751 797 9
751 798 25
751 836 17
751 850 8
751 854 19
751 863 9
751 890 18
752 766 3
752 799 22
752 824 22
752 874 7
753 765 15
753 775 23
753 801 19
753 813 4
753 825 16
753 847 4
753 854 7
753 858 6
753 864 6
753 883 23
753 885 10
754 762 21
754 783 8
754 817 10
754 838 25
754 874 20
755 780 22
755 784 19
755 787 16
755 849 24
755 857 3
755 862 17
755 873 17
755 877 12
756 763 10
756 816 25
756 870 6
757 799 12
757 808 21
757 811 2
757 829 21
757 830 10
757 885 24
757 894 16
758 766 16
758 793 14
758 802 21
758 819 22
758 821 22
758 832 2
758 834 19
758 873 8
758 876 22
759 848 3
759 879 20
760 810 23
760 832 24
760 851 18
760 884 17
761 764 16
761 778 16
761 812 19
761 814 7
761 842 7
761 872 7
762 805 17
762 835 8
762 861 12
762 862 5
762 864 4
762 891 13
763 766 25
763 782 15
763 783 13
763 791 17
763 794 5
763 833 4
763 848 13
763 868 4
763 892 2
763 900 16
764 803 24
764 824 11
764 825 14
764 830 4
764 880 5
765 777 12
765 778 2
765 802 23
765 806 3
765 812 18
765 827 15
765 834 23
765 866 1
766 773 24
766 791 4
766 814 17
766 887 6
766 900 15
767 783 24
767 801 11
767 810 4
767 874 23
767 889 3
768 778 18
768 798 15
768 806 9
768 826 23
768 832 4
768 898 12
769 771 24
769 773 19
769 790 13
769 794 10
769 796 7
769 823 16
769 860 14
769 861 18
769 873 17
770 779 13
770 784 22
770 785 11
770 827 5
770 842 19
770 878 12
771 858 3
771 862 24
771 873 5
772 783 10
772 790 15
772 794 3
772 844 21
772 854 20
772 877 3
772 898 23
773 785 13
773 794 19
773 824 6
773 830 10
773 856 22
773 870 20
773 901 11
774 796 15
774 805 7
774 837 20
774 849 21
774 872 22
774 898 10
775 792 16
775 793 15
775 794 25
775 819 12
775 826 3
776 851 4
776 875 8
776 889 14
776 893 8
776 896 8
777 780 20
777 783 17
777 809 23
777 824 25
777 878 14
777 887 17
777 895 4
777 898 11
778 782 6
778 808 22
778 870 19
778 884 16
778 893 18
779 788 15
779 879 3
779 882 9
779 891 21
779 892 22
780 826 6
780 830 19
780 847 8
780 853 23
780 858 8
781 783 9
781 806 10
781 827 10
781 856 12
781 862 19
781 889 25
782 792 19
782 804 3
782 842 22
782 846 13
782 865 2
782 866 21
782 885 1
782 891 19
782 892 24
783 785 14
783 793 1
783 818 22
783 822 7
783 875 18
783 877 16
784 787 23
784 794 20
784 812 24
784 852 18
784 854 18
785 801 4
785 831 13
785 881 1
785 895 2
786 809 22
786 821 9
786 822 13
786 835 7
786 838 23
786 841 8
786 879 8
786 896 18
787 827 12
787 835 4
787 836 5
787 841 14
787 842 1
787 881 6
787 886 9
787 899 1
788 813 19
788 824 9
788 826 22
788 835 2
788 859 2
788 899 12
789 828 24
789 847 21
789 875 12
789 876 18
789 886 14
789 897 18
789 899 5
790 806 16
790 834 21
790 838 1
790 855 1
791 794 10
791 796 9
791 855 23
791 856 19
791 860 19
791 873 18
791 883 5
792 795 24
792 799 22
792 844 20
792 847 25
792 848 4
792 866 3
792 897 2
793 817 24
793 828 12
793 859 24
793 895 2
794 808 15
794 809 12
794 814 2
794 832 12
794 878 1
794 896 21
795 820 2
795 825 18
795 834 25
795 843 17
795 865 15
795 881 3
795 893 20
796 812 24
796 827 13
796 850 19
796 876 17
796 888 6
797 811 11
797 855 23
797 856 5
797 879 10
797 884 18
797 898 6
798 810 15
798 836 20
798 852 7
798 879 14
799 812 8
799 817 7
799 882 17
799 887 24
799 891 21
800 806 19
800 828 13
800 848 21
800 858 14
800 884 14
800 894 15
801 804 16
801 823 8
801 865 4
801 869 20
801 883 2
801 891 4
802 814 7
802 819 20
802 820 22
802 865 15
802 874 6
802 893 19
803 809 19
803 894 15
804 816 13
804 846 24
804 866 4
804 872 10
804 894 7
805 870 19
805 877 19
805 895 14
805 896 13
806 810 18
806 863 9
806 900 6
807 811 5
807 829 6
807 849 21
807 867 20
807 882 22
807 901 11
808 822 2
808 824 2
808 844 7
808 845 3
808 878 5
808 898 14
808 900 25
809 819 3
809 823 3
809 831 5
809 832 21
809 854 23
809 860 21
809 887 11
810 832 23
810 854 1
810 858 20
810 861 4
811 821 22
811 833 15
811 885 17
812 822 9
812 828 7
812 856 2
813 860 16
813 890 13
814 822 9
814 827 11
814 838 10
815 844 5
815 855 24
815 858 11
815 879 6
815 881 5
816 877 16
817 837 12
817 839 20
817 847 15
817 856 14
817 876 24
817 882 21
817 888 12
818 819 21
818 820 18
818 868 22
819 863 18
819 892 20
819 896 18
820 845 22
820 846 16
821 850 7
821 869 15
821 878 1
822 827 16
824 836 19
824 838 16
824 845 5
824 858 2
824 876 4
825 839 14
825 854 9
825 863 4
825 888 2
826 880 16
827 860 10
827 867 17
827 884 5
827 895 5
828 898 8
828 901 18
829 854 3
829 870 3
829 879 6
830 835 24
830 836 20
830 854 4
830 861 18
830 879 16
830 887 21
830 897 14
831 835 7
831 836 5
831 856 6
831 888 7
831 891 22
832 851 24
832 855 25
832 882 3
832 897 2
832 900 3
833 881 17
834 854 12
834 856 6
835 841 20
835 843 3
835 848 15
835 853 11
836 837 9
836 839 21
836 849 20
836 850 1
836 887 24
836 896 22
837 842 9
837 849 24
837 859 18
837 861 12
837 863 16
838 847 8
838 849 10
838 891 7
838 893 16
839 858 14
839 864 12
839 875 25
839 896 12
840 873 12
840 880 24
840 896 14
840 898 13
841 853 3
841 880 7
841 882 25
842 847 10
842 856 1
842 877 4
843 871 1
844 854 13
844 861 12
844 870 22
844 874 7
845 856 14
846 857 22
846 879 5
846 881 22
847 852 22
847 857 24
847 882 9
848 886 14
849 858 9
849 881 20
850 851 22
850 858 1
850 868 8
850 876 8
851 856 25
851 879 21
851 890 19
851 896 25
852 859 9
852 866 9
852 886 4
853 858 18
853 874 8
853 880 13
854 867 18
854 890 13
854 894 16
856 885 8
856 892 24
856 899 12
857 888 16
857 893 12
858 867 10
859 901 23
861 864 11
861 870 8
861 875 23
862 868 21
862 892 21
862 898 6
864 876 15
866 873 20
866 884 9
866 888 24
867 883 2
867 901 8
868 887 19
868 892 23
868 893 10
868 897 4
868 899 6
871 874 13
871 882 21
871 894 15
873 879 1
873 886 16
875 879 2
875 882 16
876 886 23
878 886 2
879 887 4
879 888 15
880 884 13
881 896 15
884 899 12
887 892 25
887 896 24
887 898 10
889 899 20
890 893 21
894 895 17
902 601 93
903 901 25
902 903 22
