904 6735
100 71 1 88 40 27 42 9 50 99 46 36 30 24 57 27 28 3 43 75 90 50 34 59 26 9 64 25 63 3 87 62 73 88 50 12 66 43 21 68 93 18 55 74 41 63 100 20 65 94 95 55 95 28 65 21 89 28 97 51 31 84 64 55 23 65 19 40 59 91 59 3 8 65 77 49 28 76 68 92 22 14 98 16 94 63 88 82 42 85 84 72 20 47 79 94 64 97 85 22 87 44 25 46 60 53 94 87 80 14 31 1 79 28 17 24 42 4 5 84 40 40 7 59 39 85 4 2 81 89 75 19 84 51 65 43 3 10 82 83 75 12 83 6 91 51 29 33 55 86 16 46 25 22 5 15 59 60 16 39 48 43 10 83 93 26 26 48 87 59 30 14 22 64 19 12 67 99 96 73 84 11 18 61 85 74 75 43 34 91 33 81 85 94 64 77 19 41 24 58 99 5 71 20 21 41 83 39 39 79 11 23 41 28 83 25 2 9 19 35 99 52 67 35 45 82 12 16 22 87 73 72 44 95 91 16 35 26 54 73 4 64 47 44 91 81 21 44 90 39 78 40 90 97 75 87 78 38 2 100 24 26 71 67 20 14 34 6 91 87 30 94 50 29 89 93 9 61 36 98 100 66 90 41 62 64 79 91 1 80 90 76 57 13 95 28 78 28 85 20 11 99 8 92 99 74 11 45 83 26 50 60 75 24 50 38 51 6 93 43 94 71 66 74 78 53 82 3 22 55 97 84 53 4 75 4 29 37 48 11 15 50 22 89 25 23 78 28 28 70 22 74 93 88 47 70 92 80 72 13 34 21 48 39 24 75 42 53 11 41 15 77 42 37 66 67 59 95 94 39 65 67 12 9 54 10 78 46 90 1 10 75 21 58 13 45 84 54 49 94 47 63 71 88 51 88 54 62 82 99 100 98 66 63 6 71 24 35 68 13 36 30 88 8 39 100 4 22 6 52 15 52 67 37 91 17 24 45 78 58 95 29 55 12 91 13 35 15 47 2 79 82 31 18 42 69 70 45 90 75 97 57 78 63 93 68 31 69 64 9 26 11 89 32 22 80 44 8 46 91 10 76 24 92 94 65 61 15 10 2 89 58 58 18 72 3 85 2 71 49 62 48 11 51 79 84 82 23 92 27 13 1 54 88 44 99 53 4 13 14 58 53 71 67 70 94 69 7 95 91 7 57 38 17 7 69 100 88 91 43 66 55 43 71 94 87 70 46 42 34 11 51 39 81 18 8 74 38 66 21 29 72 77 18 40 35 86 40 74 28 82 91 34 77 61 28 15 82 25 8 68 36 59 6 68 76 65 94 13 31 14 93 2 42 63 42 76 100 33 1 84 87 4 95 52 5 75 77 43 35 68 32 40 85 77 5 64 28 44 39 3 36 89 28 96 80 57 73 8 70 15 72 27 18 19 30 74 93 59 17 80 26 100 19 62 76 75 25 55 71 15 57 6 4 85 1 35 93 26 42 15 40 66 93 9 84 22 83 28 32 51 7 58 2 78 71 30 4 96 84 74 62 93 80 17 29 32 52 73 57 45 87 96 10 31 57 45 5 39 25 36 41 31 45 42 60 16 71 64 11 7 37 24 99 68 41 79 100 92 51 8 36 90 56 98 20 12 42 76 2 66 12 42 49 56 35 60 71 58 23 33 64 12 57 14 79 97 44 30 40 46 90 27 35 45 24 7 56 18 82 9 35 93 50 83 1 36 95 71 93 17 56 8 80 12 73 11 60 16 92 51 62 81 77 48 77 1 6 32 18 88 92 4 32 93 39 84 29 33 55 73 1 62 33 81 73 57 43 84 25 34 34 38 67 62 85 43 62 43 27 31 82 18 35 13 11 73 49 39 57 3 63 57 16 95 89 88 4 31 23 28 17 8 65 83 69 49 25 31 43 51 13 24 69 99 37 79 23 37 69 79 39 83 88 54 30 76 93 33 7 67 60 23 74 24 57 42 24 81 24 67 32 89 90 52 87 78 82 62 14 50 40 4 32 79 9 13 55 53 45 13 19 36 87
0 6 15
0 23 15
0 33 65
0 48 16
0 62 43
0 71 53
0 88 8
0 103 3
0 114 66
0 125 44
0 158 1
0 189 65
0 193 61
0 235 42
0 241 57
1 58 74
1 102 5
1 126 36
1 140 64
1 150 57
1 163 67
1 175 6
1 178 32
1 182 24
1 199 18
1 229 78
1 236 3
1 248 47
1 275 6
1 293 88
1 296 66
1 299 72
2 8 2
2 12 30
2 16 87
2 45 96
2 51 34
2 55 95
2 64 98
2 72 99
2 92 90
2 94 50
2 110 15
2 134 50
2 145 91
2 184 72
2 192 75
2 193 47
2 198 59
2 200 38
2 208 3
2 270 25
3 10 43
3 42 87
3 52 48
3 70 12
3 76 64
3 83 3
3 88 10
3 97 21
3 98 90
3 144 75
3 156 92
3 161 43
3 170 56
3 190 79
3 253 38
3 279 42
3 287 25
3 294 87
3 298 92
4 7 14
4 9 89
4 37 59
4 50 15
4 61 79
4 95 82
4 135 89
4 156 26
4 157 40
4 173 26
4 189 80
4 196 64
4 248 21
4 256 66
4 258 64
4 270 32
4 282 82
5 8 66
5 37 42
5 47 2
5 67 55
5 90 68
5 97 46
5 101 97
5 102 76
5 156 24
5 157 86
5 159 17
5 171 48
5 173 24
5 190 60
5 209 13
5 235 12
5 237 18
5 257 79
5 258 91
5 292 99
6 26 67
6 28 68
6 36 38
6 129 44
6 145 47
6 154 2
6 157 64
6 166 65
6 169 17
6 223 48
6 228 98
6 237 82
6 245 41
6 259 99
6 285 36
6 286 8
7 9 44
7 34 84
7 52 83
7 58 19
7 82 21
7 87 51
7 177 18
7 207 44
7 216 11
7 224 30
7 228 56
7 248 80
7 266 8
7 277 98
8 29 79
8 49 26
8 53 65
8 69 68
8 77 22
8 115 63
8 138 21
8 140 85
8 145 79
8 192 37
8 195 84
8 287 76
8 294 18
8 297 24
9 20 27
9 48 5
9 59 32
9 70 70
9 75 40
9 148 66
9 200 41
9 261 60
9 272 17
9 282 58
9 291 56
9 299 79
10 24 40
10 76 11
10 100 58
10 142 99
10 180 60
10 193 88
10 226 25
10 247 76
10 257 56
10 264 46
10 274 90
11 19 76
11 71 82
11 79 69
11 117 65
11 129 18
11 135 96
11 138 82
11 147 41
11 185 22
11 246 87
11 270 24
11 271 44
11 278 78
12 39 90
12 57 84
12 89 38
12 95 58
12 103 41
12 132 93
12 141 36
12 163 32
12 191 55
12 210 45
12 226 31
12 256 66
12 259 33
12 283 7
12 293 41
13 28 40
13 34 4
13 35 30
13 66 15
13 122 37
13 128 50
13 134 79
13 147 54
13 201 46
13 226 13
13 255 95
13 257 67
14 22 51
14 62 18
14 118 10
14 140 28
14 141 7
14 150 93
14 155 17
14 209 16
14 232 86
14 234 9
14 243 51
14 278 17
15 28 15
15 49 96
15 80 99
15 85 80
15 89 28
15 109 5
15 166 72
15 191 67
15 195 60
15 199 2
15 221 33
15 240 97
15 275 51
15 278 64
15 293 50
16 25 96
16 47 28
16 57 96
16 112 63
16 115 78
16 133 66
16 140 24
16 143 5
16 151 72
16 172 17
16 177 22
16 185 40
16 237 54
16 293 82
16 298 90
17 40 70
17 64 49
17 86 37
17 100 21
17 137 80
17 152 64
17 157 25
17 165 52
17 171 82
17 204 37
17 229 53
17 274 67
17 297 33
18 36 55
18 39 82
18 87 34
18 90 3
18 91 9
18 152 30
18 154 65
18 167 86
18 184 95
18 221 40
18 226 42
18 275 18
18 298 56
19 41 15
19 59 57
19 69 9
19 77 49
19 111 99
19 116 31
19 120 49
19 156 35
19 187 51
19 209 28
19 214 51
19 246 27
19 269 79
19 290 84
20 34 63
20 56 83
20 59 2
20 89 47
20 96 90
20 117 83
20 149 33
20 189 92
20 193 43
20 194 62
20 236 8
20 254 28
20 256 8
20 262 47
21 32 22
21 34 77
21 46 55
21 47 88
21 58 86
21 91 15
21 97 36
21 103 84
21 107 45
21 116 36
21 126 18
21 143 47
21 167 64
21 192 20
21 194 26
21 217 94
21 246 4
21 252 40
21 261 77
21 276 5
22 46 87
22 96 18
22 135 88
22 140 19
22 144 9
22 192 30
22 228 32
22 230 16
22 269 10
22 283 91
22 297 62
23 68 83
23 73 67
23 79 16
23 83 70
23 111 52
23 117 83
23 120 58
23 135 87
23 142 27
23 144 45
23 154 5
23 182 26
23 207 8
23 219 76
23 230 51
23 234 2
23 235 79
23 265 90
23 277 30
23 292 84
24 46 28
24 56 47
24 69 23
24 89 98
24 121 7
24 146 4
24 153 81
24 159 22
24 195 65
24 198 71
24 202 35
24 213 47
24 292 38
25 30 3
25 46 69
25 47 41
25 51 85
25 86 78
25 90 28
25 127 63
25 144 22
25 153 84
25 160 88
25 176 82
25 182 59
25 230 90
25 240 35
25 241 90
25 255 32
25 285 64
26 54 73
26 57 59
26 64 62
26 81 47
26 103 9
26 108 68
26 115 2
26 133 89
26 162 41
26 174 67
26 253 12
26 269 75
26 274 65
26 298 1
27 60 77
27 75 85
27 99 41
27 108 13
27 111 14
27 123 20
27 125 76
27 135 36
27 153 55
27 158 63
27 170 69
27 174 14
27 207 5
27 212 3
27 225 55
27 237 36
27 270 18
28 57 79
28 63 46
28 107 31
28 151 25
28 172 6
28 198 98
28 261 26
28 294 95
29 35 90
29 38 44
29 39 6
29 66 64
29 70 9
29 98 58
29 100 93
29 196 93
29 197 98
29 225 5
29 268 7
30 62 70
30 67 32
30 69 94
30 83 24
30 94 47
30 110 62
30 138 89
30 160 51
30 177 16
30 180 43
30 189 38
30 225 33
30 252 21
30 274 83
31 33 63
31 43 97
31 46 89
31 76 12
31 89 23
31 94 35
31 100 1
31 101 66
31 173 92
31 196 16
31 201 26
31 205 49
31 253 8
31 262 19
31 277 98
32 34 65
32 50 77
32 55 67
32 75 48
32 80 70
32 101 43
32 117 94
32 142 83
32 159 31
32 167 96
32 199 98
32 208 26
32 214 33
32 216 30
32 218 46
32 270 16
32 290 44
33 48 95
33 103 56
33 104 55
33 133 69
33 134 42
33 148 7
33 179 34
33 186 33
33 221 22
33 261 12
33 269 81
33 277 82
33 297 30
34 66 30
34 79 46
34 123 6
34 135 97
34 156 45
34 162 27
34 169 39
34 180 39
34 181 9
34 200 21
34 202 34
34 204 58
34 221 46
34 229 67
34 279 87
34 297 44
35 44 34
35 51 82
35 70 38
35 103 41
35 108 88
35 179 6
35 195 82
35 251 94
35 254 91
35 269 14
36 56 67
36 68 2
36 70 46
36 74 48
36 87 83
36 111 75
36 162 45
36 170 40
36 186 23
36 205 90
36 216 66
36 257 13
36 288 80
36 291 26
37 42 86
37 62 13
37 70 83
37 71 31
37 89 31
37 94 21
37 104 26
37 105 16
37 134 2
37 143 15
37 178 56
37 189 41
37 196 20
37 200 89
37 216 34
37 254 63
37 265 54
37 295 1
38 40 16
38 108 99
38 127 100
38 183 51
38 223 26
39 47 45
39 113 90
39 114 100
39 124 86
39 137 8
39 151 65
39 185 65
39 219 85
39 223 50
39 224 77
39 232 68
39 259 32
39 261 60
39 273 40
39 275 58
40 50 27
40 51 94
40 73 72
40 128 35
40 145 34
40 164 44
40 177 23
40 190 20
40 208 6
40 210 77
40 212 72
40 222 73
40 241 27
40 261 71
41 70 23
41 109 4
41 119 67
41 128 13
41 139 56
41 141 52
41 157 72
41 160 20
41 215 16
41 223 56
41 267 69
41 273 45
41 280 75
42 103 100
42 130 56
42 179 15
42 239 57
43 53 82
43 66 8
43 98 81
43 125 16
43 144 41
43 187 24
43 222 39
43 223 12
43 244 81
43 245 15
43 264 83
43 268 53
43 295 93
44 50 6
44 58 28
44 81 97
44 117 72
44 122 40
44 129 52
44 141 76
44 149 63
44 167 23
44 193 43
44 195 18
44 199 91
44 213 87
44 265 93
44 266 42
44 274 42
44 284 7
44 289 51
45 48 24
45 60 66
45 82 31
45 92 91
45 99 58
45 124 6
45 139 29
45 140 70
45 156 86
45 209 95
45 255 4
45 272 90
45 277 88
45 278 9
45 287 17
45 292 36
45 294 33
45 298 8
46 58 39
46 63 8
46 104 70
46 154 61
46 173 50
46 185 40
46 206 3
46 211 89
46 295 84
47 70 44
47 87 82
47 119 42
47 126 46
47 130 5
47 141 7
47 153 76
47 181 96
47 194 64
47 236 33
47 239 76
47 271 85
47 285 70
47 287 23
48 70 89
48 71 60
48 95 62
48 164 49
48 168 28
48 183 97
48 201 81
48 213 36
48 214 87
48 216 40
48 217 57
48 219 47
48 236 42
48 247 96
48 250 1
48 271 30
48 278 79
49 70 44
49 71 11
49 81 20
49 95 42
49 114 68
49 123 78
49 124 17
49 211 15
49 271 94
49 272 2
49 273 42
49 283 30
49 284 71
49 286 64
49 295 18
50 74 30
50 80 25
50 93 19
50 97 58
50 126 73
50 142 51
50 147 45
50 167 59
50 168 43
50 184 53
50 200 57
50 284 84
51 92 1
51 110 57
51 111 65
51 117 31
51 128 53
51 137 75
51 141 3
51 148 94
51 189 94
51 215 80
51 262 62
52 82 60
52 109 73
52 121 63
52 127 2
52 153 3
52 248 34
52 274 65
53 57 72
53 72 15
53 74 42
53 115 42
53 122 24
53 145 14
53 146 93
53 149 20
53 201 73
53 208 35
53 276 73
53 298 29
54 61 70
54 84 73
54 112 38
54 115 34
54 136 3
54 158 90
54 177 60
54 192 5
54 194 83
54 214 6
54 243 37
54 268 96
55 58 65
55 70 61
55 72 59
55 81 18
55 101 15
55 102 44
55 124 83
55 152 39
55 192 58
55 201 24
55 238 80
55 262 34
55 267 89
55 287 24
55 289 53
55 296 61
56 72 10
56 74 25
56 93 42
56 124 79
56 135 49
56 142 79
56 157 64
56 164 52
56 250 20
56 254 24
56 270 8
56 290 2
57 69 81
57 97 44
57 125 49
57 136 45
57 142 5
57 169 7
57 181 63
57 189 19
57 192 2
57 195 97
57 205 57
57 268 60
57 280 72
57 291 89
58 64 45
58 74 60
58 95 12
58 110 97
58 134 73
58 135 22
58 204 74
58 245 14
58 257 52
58 272 22
58 286 44
59 67 16
59 81 25
59 101 63
59 107 39
59 127 85
59 134 16
59 140 19
59 143 28
59 144 64
59 147 15
59 168 84
59 178 23
59 236 29
60 75 55
60 76 24
60 90 25
60 97 63
60 99 35
60 117 96
60 119 51
60 154 79
60 162 8
60 168 15
60 199 76
60 214 80
60 255 36
60 286 1
60 291 45
60 294 87
60 297 22
61 101 88
61 143 2
61 148 99
61 159 2
61 186 92
61 196 83
61 200 69
61 211 62
61 215 62
61 224 32
61 248 29
61 260 46
61 263 6
61 269 57
61 270 52
62 76 30
62 114 82
62 162 14
62 163 16
62 168 29
62 173 17
62 221 95
62 250 88
62 256 31
62 259 22
63 105 67
63 131 18
63 138 22
63 154 63
63 155 56
63 188 95
63 197 2
63 212 10
63 257 45
63 286 3
64 76 53
64 78 27
64 90 71
64 94 15
64 100 89
64 107 55
64 142 43
64 190 86
64 229 60
64 253 51
64 257 37
64 262 41
64 269 84
64 284 2
65 106 57
65 153 13
65 174 70
65 187 3
65 238 52
65 264 100
66 77 76
66 95 71
66 113 69
66 142 97
66 199 33
66 232 25
66 257 43
66 266 35
67 71 86
67 95 88
67 99 89
67 106 38
67 125 66
67 157 12
67 191 4
67 212 54
67 213 66
67 226 46
67 254 91
67 280 77
68 76 49
68 137 79
68 143 70
68 237 32
68 262 81
68 293 78
69 76 96
69 86 2
69 100 80
69 104 48
69 107 2
69 111 55
69 131 18
69 140 22
69 141 3
69 152 2
69 171 98
69 212 45
69 217 36
69 235 83
69 264 84
69 274 77
69 277 21
70 103 50
70 104 88
70 123 24
70 137 55
70 139 5
70 226 22
70 245 46
70 250 81
70 257 22
71 73 24
71 89 50
71 124 53
71 149 56
71 153 79
71 168 49
71 169 58
71 177 58
71 186 48
71 200 11
71 204 64
71 211 17
71 226 84
71 236 66
71 256 18
71 258 82
71 265 63
72 75 6
72 94 16
72 98 46
72 173 82
72 195 88
72 220 47
72 243 69
72 265 12
72 295 2
73 80 73
73 98 85
73 148 99
73 165 5
73 203 6
73 208 74
73 215 7
73 229 10
73 235 30
73 264 85
73 277 58
74 101 39
74 108 95
74 131 57
74 158 1
74 182 58
74 184 73
74 185 84
74 188 76
74 217 91
74 244 17
74 281 90
74 285 96
74 295 33
75 90 87
75 92 77
75 95 20
75 144 34
75 168 97
75 190 83
75 195 87
75 220 21
75 228 19
75 235 85
75 268 77
75 272 24
75 297 58
76 89 83
76 109 34
76 118 39
76 130 20
76 148 43
76 202 29
76 206 66
76 214 100
76 233 29
76 244 23
76 252 24
76 274 65
76 285 50
76 292 14
76 298 81
77 87 39
77 91 61
77 162 13
77 191 26
77 202 37
77 243 85
77 248 59
77 252 85
77 283 67
77 285 97
77 298 57
77 299 86
78 99 81
78 102 34
78 132 61
78 144 90
78 150 68
78 230 46
78 236 81
78 242 39
78 265 41
78 281 9
78 297 4
79 88 40
79 89 90
79 172 79
79 183 15
79 198 54
79 226 28
79 229 29
79 230 34
79 232 19
79 242 89
79 243 99
79 249 44
79 267 78
79 274 83
79 278 54
79 288 14
80 96 1
80 109 50
80 117 71
80 135 86
80 187 30
80 194 56
80 199 99
80 219 71
80 241 23
80 254 44
80 256 51
80 262 14
80 277 84
80 278 12
81 147 17
81 172 75
81 177 1
81 194 47
81 217 90
81 218 6
81 228 75
81 242 70
81 261 39
81 262 93
82 105 58
82 108 89
82 112 88
82 115 87
82 137 23
82 142 41
82 148 1
82 155 24
82 216 90
82 240 23
82 249 61
82 288 71
83 145 78
83 149 59
83 161 93
83 243 52
83 272 55
84 105 44
84 136 65
84 155 38
84 162 7
84 195 34
84 205 65
84 207 7
84 254 80
84 265 54
84 280 12
84 292 6
84 293 23
84 294 2
85 114 50
85 158 32
85 159 43
85 162 37
85 227 19
85 252 65
86 105 77
86 113 71
86 115 88
86 143 18
86 165 93
86 177 49
86 197 88
86 262 70
86 290 59
87 121 33
87 122 73
87 125 13
87 156 28
87 251 38
87 262 51
87 292 34
88 93 71
88 107 15
88 153 92
88 194 2
88 203 20
88 207 55
88 248 8
88 268 94
89 103 56
89 104 57
89 147 25
89 165 50
89 172 94
89 214 95
89 245 15
89 247 22
89 251 65
89 265 2
89 270 40
89 273 9
90 103 2
90 109 79
90 115 30
90 118 61
90 125 11
90 127 3
90 193 25
90 196 90
90 199 92
90 214 27
90 229 23
90 248 62
90 251 93
90 272 14
90 282 15
90 297 12
91 113 68
91 153 22
91 155 5
91 167 76
92 97 31
92 116 82
92 120 25
92 140 76
92 141 28
92 142 91
92 175 97
92 219 93
92 221 45
92 223 88
92 231 53
92 242 46
92 289 19
93 95 83
93 116 58
93 122 81
93 124 85
93 134 83
93 157 71
93 160 76
93 176 61
93 182 93
93 186 89
93 215 54
93 227 59
93 232 3
93 242 65
93 250 26
93 283 77
94 107 22
94 114 53
94 152 59
94 154 55
94 160 30
94 217 34
94 231 82
94 237 20
95 99 30
95 111 26
95 158 64
95 159 70
95 160 79
95 165 62
95 176 88
95 217 61
95 233 71
95 243 68
95 247 45
95 265 5
95 283 38
95 288 72
96 119 66
96 138 83
96 159 60
96 168 19
96 189 41
96 199 14
96 216 83
96 249 18
96 277 90
96 292 56
97 106 23
97 116 100
97 135 10
97 143 4
97 174 33
98 146 92
98 157 23
98 185 15
98 212 69
98 282 39
98 297 84
99 116 47
99 121 52
99 156 23
99 161 7
99 181 22
99 183 90
99 209 51
99 211 27
99 218 80
99 247 22
99 259 92
99 270 62
99 279 33
99 292 62
100 113 54
100 214 47
100 255 96
100 267 71
100 290 88
101 130 52
101 187 45
101 201 88
101 228 13
101 233 48
101 245 20
101 279 56
102 148 23
102 221 86
102 237 25
102 244 13
102 246 69
102 281 71
102 294 64
103 176 91
103 198 78
103 204 37
103 209 33
103 232 80
103 236 15
103 247 12
103 258 54
103 276 58
103 284 25
104 117 38
104 141 19
104 167 78
104 185 84
104 196 15
104 237 100
104 242 24
104 265 18
104 279 45
105 117 63
105 144 30
105 176 92
105 183 34
105 212 86
105 214 66
105 235 20
105 237 62
105 257 78
105 266 40
105 281 32
105 291 41
106 113 31
106 134 61
106 151 78
106 187 63
106 189 93
106 190 44
106 191 26
106 213 46
106 232 2
106 249 2
106 253 83
106 295 20
106 296 31
107 109 19
107 148 34
107 162 82
107 166 94
107 238 3
107 257 26
107 282 56
107 288 33
107 289 70
107 297 41
108 109 70
108 119 35
108 144 60
108 192 31
108 233 13
108 256 100
108 279 14
109 124 5
109 127 82
109 147 75
109 168 34
109 177 96
109 217 67
109 250 78
109 285 73
110 112 64
110 120 79
110 153 74
110 187 98
110 192 50
110 229 4
110 232 68
110 264 84
110 282 37
110 284 13
111 130 38
111 136 63
111 142 20
111 152 70
111 162 84
111 211 61
111 213 39
111 242 70
111 254 72
111 280 21
112 136 34
112 140 71
112 164 35
112 209 91
112 241 4
112 247 61
112 263 24
112 266 99
112 274 79
112 280 53
113 128 23
113 142 94
113 163 31
113 190 96
113 223 91
113 230 81
113 238 51
114 124 11
114 163 16
114 220 88
114 226 23
114 262 53
114 271 2
114 283 43
114 298 75
115 116 37
115 129 55
115 187 65
115 189 58
115 191 26
115 199 86
116 117 44
116 139 49
116 145 72
116 148 34
116 155 52
116 196 32
116 204 57
116 210 3
116 221 62
116 234 10
116 267 25
116 282 55
117 176 92
117 180 73
117 207 97
117 209 24
117 229 75
117 263 7
117 265 39
117 279 14
117 280 82
118 164 44
118 167 67
118 185 76
118 191 18
118 193 55
118 244 30
118 246 82
118 255 13
118 275 55
118 284 19
118 290 56
119 122 3
119 129 90
119 178 89
119 192 55
119 198 73
119 206 97
119 214 9
119 234 34
119 235 58
119 264 85
119 275 88
119 296 2
120 122 9
120 128 85
120 135 25
120 162 84
120 178 43
120 189 16
120 206 49
120 219 24
120 229 11
120 274 16
120 277 51
121 130 80
121 131 22
121 138 80
121 145 13
121 171 34
121 173 35
121 221 32
121 227 41
121 244 37
121 293 21
122 128 29
122 130 43
122 219 46
122 238 78
122 251 3
122 284 79
122 292 87
123 128 88
123 189 19
123 209 88
123 217 96
123 280 3
124 126 65
124 136 31
124 148 97
124 165 80
124 213 80
124 221 73
124 263 90
124 275 47
125 129 23
125 141 21
125 158 68
125 193 3
125 195 33
125 201 54
125 237 37
125 243 64
125 272 94
125 279 25
126 146 37
126 158 75
126 165 20
126 175 82
126 227 4
126 230 22
126 258 60
126 274 90
126 279 61
126 298 78
127 169 30
127 207 9
127 228 32
127 247 94
127 253 91
127 273 81
127 293 25
128 170 22
128 208 53
128 210 66
128 222 68
128 225 75
128 241 86
128 285 88
129 149 77
129 175 18
129 182 93
129 199 65
129 212 82
129 230 86
129 234 42
129 294 70
130 132 12
130 133 13
130 137 51
130 159 15
130 225 86
130 245 62
130 246 57
130 260 47
130 264 92
130 270 86
130 282 7
130 293 75
130 299 31
131 132 97
131 148 55
131 156 55
131 168 19
131 185 7
131 217 20
131 218 38
131 220 34
131 221 5
131 234 77
131 252 62
131 263 22
131 268 69
131 281 27
132 178 55
132 195 7
132 238 20
132 241 24
132 262 18
132 271 32
132 272 26
132 279 85
132 289 17
133 141 88
133 161 41
133 174 15
133 187 31
133 228 78
133 238 73
133 286 5
134 160 8
134 180 70
134 207 60
134 218 62
134 219 40
134 243 18
134 252 81
134 271 77
135 138 51
135 151 37
135 185 6
135 226 13
135 252 10
135 295 74
136 147 91
136 192 65
136 195 32
136 196 62
136 218 40
136 279 2
137 180 93
137 181 66
137 272 86
137 273 61
137 281 5
138 151 78
138 164 28
138 174 35
138 182 55
138 219 100
138 223 91
138 229 62
138 237 21
138 252 50
138 255 23
138 276 12
138 296 20
139 146 55
139 177 89
139 198 70
139 199 43
139 201 46
139 212 34
139 226 52
139 233 71
139 239 24
139 266 68
139 280 3
140 181 85
140 208 60
140 240 4
140 254 29
140 260 25
140 261 41
140 262 42
140 279 81
141 155 18
141 159 21
141 164 15
141 201 72
141 221 72
141 231 5
141 255 33
141 261 45
142 190 7
142 214 7
142 251 56
142 289 26
143 152 13
143 210 96
143 212 47
143 235 55
143 237 41
143 251 81
143 271 58
143 281 12
144 225 56
144 235 26
144 270 14
144 278 93
144 283 85
145 151 69
145 161 73
145 168 61
145 191 9
145 220 66
145 275 41
145 284 26
146 155 86
146 159 7
146 164 49
146 196 58
147 165 63
147 173 33
147 190 54
147 193 21
147 235 39
147 279 9
148 171 98
148 174 3
148 237 5
148 267 97
148 275 57
149 169 45
149 181 77
149 216 14
149 232 8
149 260 84
149 261 91
149 265 73
149 269 28
150 163 75
150 168 41
150 194 1
150 219 87
150 225 1
150 252 66
150 258 79
150 277 78
150 288 4
150 297 85
150 299 26
151 156 13
151 173 100
151 184 58
151 185 66
151 207 20
151 235 48
151 262 74
151 276 70
151 287 50
152 218 78
152 224 66
152 257 6
152 276 75
152 291 94
153 178 72
153 181 82
153 195 77
153 218 62
153 253 55
153 269 57
153 287 89
153 294 47
154 158 57
154 177 27
154 195 48
154 213 74
154 242 6
154 246 25
154 272 29
154 274 42
154 281 3
154 288 41
155 156 41
155 163 60
155 189 58
155 216 13
155 217 8
155 226 32
155 236 34
155 265 9
156 158 61
156 159 99
156 174 67
156 205 87
156 218 92
156 240 38
156 256 69
156 274 20
156 296 51
157 171 75
157 173 28
157 206 91
157 258 73
158 221 36
158 237 70
158 250 20
158 273 10
158 286 75
159 182 97
159 184 90
159 226 16
159 265 51
159 281 31
159 288 9
159 297 10
160 195 88
160 198 73
160 200 69
160 204 71
160 224 6
160 240 30
160 253 32
160 265 56
161 181 96
161 213 70
161 217 99
161 241 85
161 242 90
161 244 18
161 251 87
161 255 64
161 266 98
162 191 78
162 212 89
162 219 33
162 226 47
162 227 60
162 234 42
162 267 73
162 285 56
163 190 84
163 205 40
163 222 58
163 223 14
163 243 48
163 267 68
163 268 53
163 273 72
163 274 88
163 291 24
163 292 77
163 293 17
163 299 7
164 172 84
164 228 64
164 231 76
164 268 82
164 269 48
164 283 18
165 183 52
165 241 35
165 281 81
166 183 49
166 208 64
166 283 21
167 170 81
167 182 62
167 211 81
167 279 75
168 171 34
168 175 88
168 176 58
168 220 73
168 222 46
168 223 71
168 253 73
169 173 65
169 177 75
169 192 44
169 220 52
169 254 98
169 290 73
170 180 21
170 189 56
170 190 56
170 224 84
170 248 84
171 206 38
171 265 84
171 273 1
171 279 89
171 286 70
172 184 33
172 192 89
172 198 33
172 215 54
172 290 69
172 294 94
173 190 34
173 201 43
173 254 79
173 297 21
174 210 100
174 233 3
174 261 18
174 269 22
174 281 75
174 288 82
175 247 97
175 252 71
175 280 86
175 294 46
175 296 95
176 197 6
176 199 54
176 215 50
176 227 41
176 244 89
176 246 39
176 291 76
176 292 89
177 198 79
177 212 45
177 237 73
177 238 67
177 281 77
178 229 78
178 248 36
178 268 22
179 219 63
179 222 30
179 229 52
179 246 36
179 261 82
180 228 55
180 234 53
180 250 3
180 265 81
180 268 35
180 269 51
180 281 3
181 206 20
181 297 49
182 200 97
182 214 77
182 224 2
182 256 99
182 282 69
183 226 42
183 266 89
183 270 45
183 276 30
183 282 68
183 288 41
184 188 54
184 189 86
184 242 70
184 244 32
184 271 73
184 280 91
184 282 94
185 191 3
185 237 95
185 242 29
185 245 36
185 253 1
186 231 82
186 239 38
186 240 81
186 259 68
186 263 41
186 268 84
186 295 39
187 201 89
187 205 32
187 208 15
187 216 42
187 219 30
187 270 35
187 271 83
187 280 71
187 283 31
188 194 64
188 201 38
188 249 72
188 272 69
189 191 75
189 200 41
189 211 100
189 223 48
189 231 83
189 242 46
189 258 2
189 265 77
190 213 26
190 262 89
190 267 77
190 277 59
191 209 26
191 220 10
191 239 26
191 242 18
191 266 45
191 283 16
192 234 58
192 260 76
192 275 30
192 289 51
192 293 58
193 216 17
193 227 85
193 237 28
193 247 47
193 250 48
193 276 17
194 203 18
194 267 69
194 280 43
194 293 58
195 226 20
195 234 42
195 255 93
195 287 65
196 204 95
196 205 21
196 214 43
196 221 83
196 299 98
197 201 1
197 215 61
197 258 59
197 283 79
197 285 78
198 204 3
198 226 94
198 232 36
198 237 30
198 240 76
198 261 86
199 229 87
199 241 92
199 246 71
199 257 66
199 285 38
200 205 70
200 229 34
200 230 56
200 234 90
200 239 77
200 256 65
201 260 10
201 269 18
201 283 57
201 286 74
202 214 13
202 223 78
202 237 68
203 218 95
203 247 27
203 285 69
203 291 55
204 220 85
204 221 47
204 232 85
204 239 87
204 258 40
205 217 20
205 244 68
205 256 15
205 257 57
205 266 55
205 285 6
205 291 79
206 237 72
206 240 96
206 245 1
206 247 6
206 291 51
207 211 90
207 214 82
207 215 15
207 234 99
207 273 51
207 289 24
208 212 25
208 243 63
208 295 53
208 297 92
209 260 10
209 291 79
210 254 12
210 269 64
211 227 15
212 219 10
212 233 48
212 238 53
212 243 50
212 269 19
213 262 20
213 264 16
213 281 28
213 283 26
213 289 74
213 296 6
214 272 98
214 294 21
215 232 58
215 270 55
215 290 71
216 253 48
216 255 88
216 256 37
216 276 98
216 286 38
216 297 12
217 236 74
217 268 53
218 246 64
218 247 18
218 251 62
218 283 94
219 238 29
219 242 25
219 244 8
219 273 39
219 283 25
221 247 60
221 254 40
221 260 95
222 231 80
222 291 7
223 234 22
223 246 57
223 250 32
223 256 80
223 262 54
223 265 52
223 274 89
223 285 60
224 238 74
224 281 88
224 289 47
225 241 11
225 263 86
225 271 85
225 283 22
225 289 11
227 233 37
227 253 38
227 257 28
227 259 98
227 270 31
227 275 9
227 295 74
227 298 39
228 245 99
228 253 50
228 255 50
228 263 38
228 272 97
228 281 81
229 238 96
229 277 70
229 282 38
229 283 28
230 239 1
230 244 43
230 254 31
230 256 90
230 267 3
230 280 5
231 254 77
232 259 49
232 262 67
232 283 62
232 292 85
233 237 40
233 244 25
234 237 73
234 252 77
234 284 52
235 259 22
235 263 8
235 272 12
235 278 48
235 287 98
235 296 10
236 270 49
236 277 47
236 285 47
236 288 45
237 248 28
237 249 95
237 288 15
237 290 65
238 242 22
238 254 15
238 266 7
238 274 4
238 283 56
238 285 61
239 273 8
239 275 33
239 277 10
239 290 74
240 267 46
241 267 46
241 268 14
241 277 70
242 266 19
242 274 42
242 286 22
243 244 40
243 268 49
243 269 85
243 280 87
243 297 98
244 265 95
245 256 36
245 261 45
245 265 41
245 270 32
245 275 24
245 290 35
246 257 98
246 286 40
247 274 8
247 277 13
247 288 98
248 257 12
248 266 68
248 277 59
250 251 71
250 281 52
251 273 20
251 288 97
252 278 98
252 283 65
252 291 62
253 258 67
253 285 35
253 290 3
255 262 40
255 267 75
255 281 4
255 290 25
256 288 13
257 270 1
257 275 19
258 262 100
259 260 97
260 264 11
260 292 84
260 293 20
261 262 98
261 264 81
261 287 11
262 272 5
264 295 45
265 281 9
265 299 68
266 288 65
267 290 67
267 298 91
268 284 16
269 270 86
269 286 87
270 285 13
270 291 2
272 291 48
272 294 32
273 277 37
273 280 2
273 297 71
275 289 63
276 290 5
276 292 47
278 282 27
278 283 58
279 282 65
280 299 27
283 286 54
286 299 28
290 292 62
291 298 26
300 319 28
300 332 16
300 346 41
300 347 13
300 353 44
300 368 3
300 380 40
300 421 8
300 453 35
300 488 17
300 504 18
300 515 2
300 539 2
300 567 26
300 587 7
300 592 19
301 321 3
301 334 21
301 367 12
301 371 17
301 372 3
301 403 25
301 415 10
301 450 5
301 452 18
301 467 22
301 485 48
301 527 45
301 535 23
301 571 32
302 330 45
302 333 50
302 378 47
302 386 37
302 395 15
302 403 41
302 417 40
302 461 6
302 469 50
302 482 24
302 486 22
302 488 19
302 494 27
302 538 23
302 564 44
302 572 33
302 580 44
302 599 48
303 306 5
303 308 5
303 322 15
303 347 8
303 364 32
303 377 26
303 418 14
303 427 49
303 445 49
303 513 13
303 527 44
303 541 21
303 558 44
303 572 40
303 584 23
304 306 42
304 333 27
304 357 37
304 362 34
304 369 16
304 372 42
304 379 36
304 390 41
304 393 14
304 406 4
304 418 17
304 437 38
304 459 50
304 463 49
304 475 31
304 499 47
304 515 5
304 545 38
304 555 13
305 306 14
305 315 19
305 327 40
305 377 27
305 410 19
305 435 40
305 437 39
305 480 14
305 498 11
305 530 34
305 541 4
305 569 35
306 335 26
306 388 32
306 407 23
306 418 11
306 426 47
306 443 16
306 457 46
306 505 37
306 514 31
306 527 50
306 571 5
306 588 19
307 316 49
307 369 5
307 377 1
307 392 45
307 405 9
307 412 38
307 424 10
307 429 23
307 456 8
307 473 49
307 533 1
307 554 29
307 557 39
307 599 42
308 312 42
308 346 1
308 357 25
308 416 47
308 421 35
308 488 2
308 489 28
308 508 9
308 551 13
308 559 26
308 568 24
308 592 8
309 347 14
309 351 5
309 406 7
309 408 18
309 463 23
309 464 7
309 481 22
309 502 25
309 504 4
309 524 33
309 528 13
309 559 13
309 567 7
309 577 22
309 583 11
309 589 7
310 314 50
310 329 1
310 336 48
310 370 42
310 375 1
310 394 25
310 414 40
310 417 37
310 489 28
310 510 18
310 511 45
310 516 40
310 519 45
310 530 21
310 536 50
310 586 9
310 592 25
311 317 6
311 384 26
311 431 49
311 450 15
311 455 50
311 457 23
311 465 18
311 467 32
311 485 35
311 491 30
311 529 38
311 551 9
311 567 42
311 580 46
312 372 8
312 394 43
312 411 46
312 418 49
312 429 45
312 432 22
312 449 41
312 456 32
312 460 49
312 525 8
312 552 28
313 329 39
313 384 2
313 389 48
313 395 38
313 410 12
313 471 24
313 474 45
313 487 40
313 491 22
313 496 11
313 509 39
313 511 45
313 513 28
313 534 22
313 553 31
313 565 7
313 567 11
313 578 39
313 590 49
314 315 6
314 459 49
314 489 43
314 491 3
314 500 49
314 502 37
314 528 24
314 531 39
314 540 20
314 546 23
314 590 46
315 345 50
315 371 13
315 373 50
315 376 49
315 419 2
315 447 13
315 453 23
315 460 48
315 509 2
315 532 46
315 536 9
315 550 42
315 561 40
315 565 36
316 339 15
316 356 23
316 360 45
316 365 25
316 367 13
316 388 43
316 396 33
316 415 11
316 432 37
316 496 35
316 541 10
316 573 25
317 326 9
317 356 50
317 429 45
317 438 31
317 466 48
317 482 46
317 492 43
317 527 47
317 541 44
317 542 46
317 552 9
317 568 18
318 322 43
318 336 13
318 356 14
318 360 1
318 368 4
318 373 5
318 378 37
318 399 21
318 413 29
318 507 31
318 510 45
318 517 42
318 523 25
318 533 27
318 581 4
318 598 11
319 322 14
319 324 15
319 331 37
319 378 22
319 379 15
319 383 31
319 384 4
319 395 12
319 429 26
319 441 48
319 455 10
319 473 22
319 483 43
319 518 20
319 520 39
319 553 35
320 340 32
320 347 4
320 363 36
320 365 38
320 391 9
320 397 24
320 419 8
320 433 37
320 439 6
320 445 4
320 479 30
320 506 30
320 537 33
320 547 34
320 570 42
321 368 46
321 377 50
321 408 28
321 412 19
321 440 16
321 458 11
321 466 24
321 479 27
321 481 38
321 486 21
321 491 38
321 509 9
321 557 15
322 338 8
322 375 50
322 379 1
322 414 41
322 438 5
322 449 38
322 551 30
322 587 13
323 339 11
323 355 39
323 420 2
323 433 16
323 502 43
323 514 33
323 530 47
323 533 27
323 565 18
323 582 38
323 595 22
324 363 18
324 373 18
324 384 42
324 472 33
324 483 30
324 490 15
324 495 12
324 506 17
324 509 37
324 511 49
324 527 28
324 533 1
324 554 8
324 571 29
324 576 3
325 364 49
325 398 33
325 475 41
325 510 28
325 511 48
325 517 3
325 558 19
325 568 1
326 372 19
326 395 11
326 399 33
326 401 17
326 407 37
326 412 1
326 452 7
326 467 10
326 471 18
326 491 24
326 534 3
326 542 2
326 546 3
326 570 17
327 335 13
327 355 21
327 374 5
327 388 14
327 418 48
327 463 5
327 500 21
327 506 26
327 517 9
327 531 19
327 566 11
327 589 49
328 350 49
328 414 8
328 421 2
328 471 17
328 478 8
328 506 22
328 521 29
328 552 42
328 579 38
328 583 17
329 334 42
329 338 46
329 347 26
329 353 11
329 362 19
329 369 30
329 382 13
329 440 23
329 446 46
329 462 27
329 497 44
329 534 50
329 548 40
329 557 43
329 563 6
329 571 11
329 588 21
329 591 14
330 337 31
330 352 31
330 406 15
330 415 31
330 443 40
330 452 18
330 462 47
330 498 49
330 516 39
330 521 25
330 553 40
330 560 28
330 580 41
330 586 32
331 357 24
331 370 18
331 384 44
331 390 44
331 412 47
331 532 6
331 539 19
331 566 44
331 567 35
331 575 14
331 590 45
332 344 26
332 365 6
332 417 50
332 421 36
332 444 28
332 456 16
332 458 19
332 499 10
332 502 30
332 506 49
332 511 49
332 527 47
332 534 48
332 536 47
332 588 37
332 589 22
333 356 39
333 361 16
333 366 15
333 426 20
333 434 39
333 445 34
333 462 13
333 485 35
333 534 33
333 555 21
333 560 3
333 588 28
334 335 7
334 342 16
334 352 23
334 358 32
334 410 23
334 413 24
334 422 20
334 423 1
334 439 39
334 452 38
334 467 12
334 498 20
334 501 38
334 526 11
334 563 18
335 343 35
335 437 9
335 438 6
335 454 9
335 485 47
335 508 22
335 540 25
335 559 18
336 362 12
336 366 8
336 398 33
336 406 46
336 590 42
336 593 5
337 378 50
337 428 20
337 492 11
337 503 17
337 505 42
337 512 42
337 547 40
337 551 17
337 553 11
337 559 42
337 562 8
338 380 50
338 382 3
338 385 29
338 441 38
338 597 15
339 354 47
339 355 22
339 385 24
339 458 4
339 488 32
339 520 22
339 526 25
339 527 6
339 587 40
339 589 39
340 439 14
340 451 24
340 458 34
340 491 7
340 505 28
340 509 36
340 517 26
340 530 38
340 580 2
340 590 19
341 352 31
341 371 41
341 388 38
341 409 42
341 424 34
341 456 45
341 464 41
341 481 39
341 495 23
341 509 30
341 512 3
341 520 21
341 555 2
341 564 28
342 356 25
342 361 35
342 362 50
342 385 1
342 396 41
342 403 41
342 415 39
342 454 6
342 473 16
342 483 25
342 529 12
342 546 43
342 549 10
342 550 40
342 562 32
342 592 11
343 372 10
343 431 12
343 438 4
343 449 47
343 454 5
343 457 39
343 472 41
343 531 46
343 534 27
343 537 16
343 538 25
343 546 30
343 569 36
343 572 28
344 368 7
344 377 12
344 456 15
344 479 8
344 492 15
344 512 5
344 538 50
344 565 3
344 573 10
344 594 15
345 370 29
345 383 23
345 399 7
345 406 38
345 417 12
345 424 38
345 447 1
345 451 22
345 474 2
345 486 4
345 491 18
345 497 6
345 509 42
345 514 11
345 542 3
345 566 21
345 595 28
346 364 30
346 456 50
346 480 13
346 494 9
346 495 8
346 533 27
346 554 23
346 555 16
346 560 41
346 589 27
346 590 15
346 593 45
347 382 36
347 393 32
347 426 24
347 473 11
347 499 38
347 516 13
347 524 22
347 525 28
347 539 13
347 562 45
347 569 29
348 363 18
348 370 15
348 385 36
348 388 10
348 391 25
348 403 39
348 412 30
348 436 2
348 455 18
348 458 31
348 481 16
348 489 26
348 549 40
348 554 44
348 558 49
348 562 5
348 564 34
348 583 27
348 592 22
349 371 31
349 395 13
349 405 3
349 440 4
349 453 23
349 472 42
349 480 16
349 503 46
349 514 21
349 533 29
349 537 41
349 546 49
349 555 48
349 573 5
350 370 37
350 373 9
350 383 31
350 389 25
350 395 40
350 415 34
350 439 44
350 468 20
350 482 49
350 526 19
351 372 10
351 419 43
351 444 19
351 465 16
351 479 28
351 491 46
351 498 39
351 532 8
351 553 10
351 576 43
351 583 13
352 354 34
352 362 35
352 403 29
352 428 29
352 438 5
352 484 9
352 510 21
352 517 6
352 528 6
352 534 27
352 550 44
352 558 15
352 565 7
352 582 18
352 588 4
352 591 40
353 359 13
353 401 26
353 423 41
353 434 31
353 442 37
353 449 33
353 457 2
353 460 2
353 463 12
353 491 47
353 503 43
353 507 22
353 559 8
353 577 35
353 594 34
354 406 41
354 412 21
354 422 14
354 429 21
354 439 28
354 440 22
354 441 44
354 463 33
354 491 30
354 562 20
354 584 26
355 356 46
355 359 27
355 361 45
355 382 1
355 385 18
355 393 7
355 460 28
355 493 8
355 497 39
355 514 14
355 557 42
355 578 42
355 585 18
355 595 4
356 374 38
356 377 10
356 379 25
356 391 47
356 396 46
356 409 8
356 420 39
356 445 17
356 503 22
356 509 10
356 517 44
356 541 45
356 549 5
356 584 28
356 585 26
356 587 24
356 592 3
357 365 21
357 368 2
357 380 49
357 398 22
357 414 20
357 419 7
357 424 1
357 433 27
357 440 45
357 476 15
357 509 19
357 542 37
357 567 32
357 570 22
358 360 26
358 365 43
358 382 48
358 387 25
358 409 38
358 427 7
358 455 13
358 462 4
358 489 28
358 491 24
358 492 49
358 496 25
358 526 28
358 532 26
358 565 50
358 574 2
358 577 30
358 588 23
359 385 5
359 389 28
359 447 46
359 483 24
359 513 34
359 523 46
359 564 1
359 579 31
359 582 10
360 372 21
360 408 19
360 442 43
360 473 44
360 497 46
360 506 35
360 517 41
360 524 20
360 532 23
360 566 47
360 582 33
360 585 28
360 595 27
361 387 6
361 392 29
361 430 3
361 474 36
361 478 4
361 479 2
361 480 39
361 484 34
361 486 24
361 513 43
361 524 13
361 544 19
361 582 17
361 591 49
362 374 15
362 377 19
362 390 31
362 402 26
362 416 41
362 474 49
362 492 19
362 501 34
362 517 44
362 523 5
362 527 26
362 563 16
363 379 29
363 381 22
363 412 48
363 447 7
363 470 50
363 488 5
363 542 35
363 544 2
363 557 40
363 558 40
363 562 6
363 577 30
364 428 23
364 453 29
364 523 23
364 524 38
364 551 50
364 557 41
364 559 36
364 591 16
364 595 11
364 597 16
365 366 43
365 370 1
365 373 16
365 452 11
365 549 36
366 396 11
366 426 16
366 461 11
366 463 26
366 479 44
366 481 32
366 488 25
366 489 2
366 546 34
366 578 32
367 382 38
367 464 37
367 469 23
367 485 28
367 510 42
367 526 3
367 527 2
367 542 23
367 559 25
367 577 41
367 585 24
367 586 17
367 592 26
367 596 39
368 369 27
368 409 43
368 435 31
368 466 29
368 502 10
368 534 44
368 540 14
368 553 23
368 590 11
369 447 24
369 460 48
369 539 4
369 558 7
369 571 25
369 586 8
369 595 42
369 599 6
370 385 47
370 407 29
370 416 30
370 418 24
370 423 20
370 428 32
370 444 28
370 449 44
370 472 8
370 489 18
370 510 17
370 514 24
370 523 46
370 524 7
370 537 2
370 539 40
370 545 40
370 548 32
370 561 2
370 563 33
370 577 45
370 593 24
371 390 43
371 393 20
371 424 23
371 432 48
371 437 29
371 453 47
371 486 7
371 488 22
371 493 4
371 496 4
371 501 50
371 530 34
371 534 29
371 543 22
371 558 17
371 562 8
371 567 15
371 594 25
371 597 28
372 419 34
372 427 50
372 461 23
372 483 40
372 534 4
372 558 14
372 573 29
372 588 35
372 593 15
372 596 13
373 400 32
373 433 40
373 441 7
373 465 3
373 473 13
373 506 5
373 513 31
373 555 11
373 581 13
374 379 3
374 383 15
374 436 16
374 450 4
374 459 50
374 484 47
374 508 25
374 581 18
375 380 4
375 415 42
375 416 42
375 444 31
375 487 25
375 491 44
375 510 5
375 527 16
375 539 47
375 564 21
375 570 47
375 583 33
375 585 35
376 384 9
376 407 14
376 430 25
376 432 16
376 434 17
376 455 39
376 472 22
376 494 49
376 509 49
376 551 34
376 564 3
376 565 13
377 397 2
377 399 7
377 422 14
377 437 48
377 479 33
377 495 32
377 586 1
377 588 26
378 384 25
378 401 34
378 425 2
378 440 20
378 451 38
378 454 18
378 461 16
378 481 8
378 496 16
378 512 1
378 541 45
378 547 24
378 559 14
378 563 21
378 586 41
378 597 32
379 393 9
379 404 12
379 413 33
379 476 7
379 524 48
379 581 35
379 583 22
380 381 49
380 432 43
380 433 37
380 437 46
380 467 26
380 500 18
380 508 48
380 555 3
380 582 45
381 383 31
381 385 5
381 390 14
381 400 21
381 411 24
381 429 32
381 445 30
381 468 39
381 478 32
381 490 26
381 508 14
381 522 47
381 524 46
381 564 5
381 565 31
381 592 6
382 419 18
382 441 13
382 447 13
382 453 15
382 457 47
382 472 36
382 482 13
382 494 40
382 497 22
382 508 10
382 514 17
382 516 42
382 519 8
382 522 19
382 529 38
382 536 38
382 542 25
382 546 1
382 547 10
382 576 48
383 393 34
383 453 40
383 497 36
383 498 15
383 520 15
383 526 50
383 527 14
383 550 13
383 556 6
383 586 44
384 421 18
384 441 23
384 456 6
384 469 32
384 471 38
384 523 4
384 528 19
384 537 50
384 550 45
384 556 43
384 557 10
384 577 11
384 586 34
385 390 19
385 472 32
385 492 21
385 515 8
385 538 6
385 549 23
385 569 18
385 577 6
385 590 7
386 465 9
386 470 41
386 485 23
386 488 25
386 498 42
386 514 36
386 567 39
387 406 47
387 407 31
387 453 9
387 490 20
387 525 38
387 529 40
388 417 9
388 461 42
388 464 11
388 473 10
388 483 36
388 494 3
388 558 21
388 578 49
389 417 38
389 436 39
389 462 32
389 492 8
389 578 47
389 580 39
390 405 32
390 423 16
390 436 44
390 447 38
390 454 26
390 462 37
390 465 13
390 503 50
390 568 28
390 584 50
391 401 39
391 415 25
391 420 31
391 464 47
391 468 46
391 485 18
391 591 38
391 593 4
392 414 11
392 431 48
392 488 15
392 491 49
392 522 2
392 550 36
392 576 49
392 598 39
393 407 24
393 424 30
393 504 48
393 543 22
393 583 18
393 594 30
394 420 37
394 433 14
394 448 19
394 465 12
394 473 50
394 475 31
394 495 14
394 501 27
394 581 31
394 587 4
395 417 3
395 438 11
395 449 2
395 467 50
395 492 30
395 515 39
395 531 3
395 571 43
396 419 39
396 457 18
396 474 41
396 484 42
396 486 5
396 494 41
396 506 31
396 512 28
396 532 20
397 400 28
397 427 2
397 434 39
397 457 9
397 476 40
397 490 2
397 494 28
397 495 2
397 497 1
397 498 8
397 506 17
397 526 30
397 542 38
397 549 20
397 564 32
397 575 50
398 399 21
398 412 32
398 457 32
398 466 11
398 505 36
398 507 24
398 510 1
399 462 5
399 486 16
399 487 43
399 521 9
399 557 6
399 558 23
399 562 39
399 563 27
400 481 2
400 502 40
400 503 15
400 518 11
400 522 29
400 529 19
400 546 38
400 548 32
400 552 19
400 566 45
400 572 48
401 404 48
401 467 35
401 500 19
401 517 32
401 538 34
401 539 41
401 581 13
401 584 15
401 592 4
401 593 50
401 595 40
401 599 4
402 531 5
402 556 5
402 561 46
402 567 13
402 572 12
402 589 20
403 405 3
403 412 38
403 427 24
403 435 42
403 473 5
403 477 34
403 521 23
403 522 23
403 545 23
403 548 4
403 553 43
403 557 19
403 578 4
404 405 43
404 444 3
404 463 24
404 482 24
404 491 39
404 509 15
404 522 38
404 535 3
404 556 18
404 563 37
404 568 45
404 585 21
404 586 41
405 421 49
405 472 19
405 485 6
405 490 13
405 524 40
405 527 8
405 534 50
405 554 13
406 412 2
406 416 6
406 471 48
406 486 24
406 487 30
406 517 20
406 537 27
406 542 23
406 596 39
407 437 32
407 448 17
407 460 43
407 462 6
407 475 40
407 482 31
407 535 20
407 538 29
407 539 36
407 584 39
407 587 15
407 592 30
408 505 9
408 512 8
408 520 30
408 523 29
408 541 15
408 577 42
408 582 19
408 584 22
409 419 44
409 432 33
409 451 23
409 525 49
409 531 31
409 550 46
409 566 31
409 569 2
409 576 25
409 577 3
410 465 42
410 526 6
410 533 21
410 537 35
410 545 11
410 571 12
410 574 15
410 576 32
410 593 40
411 423 2
411 430 20
411 433 6
411 449 31
411 457 31
411 468 15
411 476 11
411 504 11
411 544 29
411 597 4
412 434 31
412 435 1
412 436 49
412 444 14
412 486 25
412 496 50
412 504 46
412 512 23
412 518 30
412 537 47
413 425 49
413 481 34
413 501 39
413 518 4
413 528 4
413 573 25
413 587 17
413 594 15
414 420 39
414 423 48
414 453 4
414 463 43
414 526 20
414 532 11
414 547 23
414 556 50
414 577 26
414 579 35
414 587 12
415 421 4
415 447 41
415 448 43
415 472 6
415 494 39
415 544 6
415 583 33
416 424 38
416 430 1
416 442 5
416 446 19
416 458 49
416 478 3
416 494 2
416 532 39
416 537 8
416 550 5
416 555 13
417 418 26
417 419 21
417 424 4
417 434 26
417 443 24
417 453 46
417 460 45
417 480 37
417 500 20
417 510 46
417 518 12
417 527 7
417 533 7
418 421 17
418 443 47
418 444 49
418 538 23
418 563 37
418 585 6
418 589 7
419 453 25
419 461 8
419 464 11
419 466 45
419 471 7
419 472 15
419 494 47
419 498 45
419 519 24
419 521 3
419 529 8
419 538 50
419 555 24
419 568 13
419 593 25
420 453 49
420 492 8
420 505 19
420 514 35
420 522 27
420 523 16
420 550 48
420 569 33
420 571 22
420 593 15
421 423 29
421 425 23
421 430 39
421 448 18
421 467 28
421 484 45
421 498 44
421 511 38
421 514 7
421 516 38
421 517 46
421 523 21
421 544 34
421 550 40
421 557 44
421 594 39
422 428 49
422 458 43
422 462 12
422 465 11
422 479 19
422 498 10
422 512 20
422 516 37
422 542 47
422 592 47
423 424 2
423 445 44
423 465 31
423 473 26
423 485 10
423 494 12
423 529 50
423 531 48
423 539 29
423 552 29
423 567 42
423 580 22
424 425 16
424 435 48
424 460 9
424 515 11
424 521 20
424 577 45
424 585 3
425 427 16
425 464 33
425 515 3
425 596 8
426 427 46
426 434 16
426 449 29
426 478 7
426 483 35
426 505 15
426 527 3
426 531 33
426 587 19
426 589 49
427 442 14
427 494 46
427 520 8
427 577 27
428 431 45
428 438 6
428 451 5
428 471 23
428 472 49
428 477 28
428 504 39
428 505 47
428 506 38
428 510 1
428 532 18
428 560 32
428 578 3
429 439 33
429 453 16
429 462 8
429 465 43
429 477 11
429 483 23
429 492 21
429 523 18
429 526 9
429 528 37
429 542 20
429 544 42
429 548 5
429 551 20
429 559 7
430 438 50
430 439 28
430 459 33
430 465 46
430 492 35
430 509 39
430 513 19
430 542 33
430 544 18
430 563 9
430 571 31
430 573 5
430 574 9
431 432 1
431 444 37
431 448 14
431 465 33
431 484 2
431 511 21
431 512 25
431 529 15
431 540 43
431 549 47
431 568 32
431 577 1
432 436 34
432 437 3
432 449 44
432 457 38
432 471 23
432 493 2
432 537 40
432 570 2
432 580 36
433 443 35
433 485 38
433 499 26
433 531 5
433 540 22
434 446 43
434 447 13
434 453 5
434 494 48
434 500 24
434 521 5
434 555 36
434 570 37
435 438 37
435 458 39
435 462 9
435 475 14
435 493 3
435 502 3
435 525 10
435 572 34
435 574 5
435 577 43
435 598 39
436 476 49
436 510 33
436 515 11
436 526 50
436 527 24
436 544 14
436 548 38
436 567 8
437 443 1
437 491 13
437 555 15
437 581 22
438 449 6
438 519 29
438 531 26
438 558 3
438 572 2
438 581 30
438 593 38
439 449 40
439 467 19
439 478 28
439 497 48
439 523 32
439 535 31
439 566 50
440 477 43
440 488 16
440 504 5
440 506 38
440 513 4
440 517 5
440 529 20
440 540 16
440 561 6
440 577 43
440 595 29
441 471 43
441 498 2
441 507 29
441 514 6
441 536 18
441 570 1
441 584 13
442 471 47
442 485 26
442 520 15
442 525 48
442 534 8
442 540 4
442 565 40
442 573 26
443 448 31
443 468 39
443 488 9
443 492 13
443 493 39
443 509 3
443 535 29
443 536 45
443 542 40
443 559 32
443 580 1
443 586 11
444 459 48
444 485 8
444 527 5
444 537 26
444 542 1
444 553 9
444 592 7
445 459 8
445 469 26
445 491 7
445 492 20
445 513 22
445 527 34
445 549 36
445 554 22
445 567 43
445 572 41
445 592 11
445 595 20
445 596 23
445 598 1
446 458 30
446 522 38
446 527 41
446 557 33
447 454 16
447 467 35
447 486 24
447 552 47
447 563 37
447 565 37
447 589 46
448 449 45
448 559 41
449 454 24
449 464 47
449 490 1
449 504 30
449 520 6
449 530 27
449 532 38
449 535 27
449 559 50
449 581 23
450 452 14
450 484 23
450 485 16
450 488 6
450 502 35
450 561 35
450 567 28
450 579 36
450 589 15
451 459 15
451 466 26
451 475 49
451 518 32
451 524 13
451 535 22
451 552 31
451 569 49
452 454 8
452 506 26
452 537 45
452 540 1
452 545 49
452 552 43
452 572 1
453 487 30
453 508 48
453 522 29
453 525 17
453 550 24
453 570 31
454 469 40
454 493 37
454 501 3
454 513 7
454 546 44
454 571 38
454 577 43
454 591 22
455 499 23
455 503 9
455 505 38
455 506 50
455 512 7
455 519 20
455 555 12
455 578 31
455 597 2
456 495 13
456 503 40
456 572 27
456 578 7
457 458 42
457 463 28
457 468 50
457 481 43
457 492 7
457 494 47
457 507 23
457 515 24
457 567 23
457 580 3
457 587 15
458 465 11
458 466 8
458 470 23
458 476 5
458 494 47
458 503 15
459 478 28
459 495 21
459 499 26
459 505 17
459 527 20
459 535 34
459 544 38
460 461 32
460 473 14
460 484 39
460 491 44
460 498 6
460 521 16
460 546 50
460 565 47
461 472 43
461 474 1
461 477 41
461 484 1
461 513 50
461 570 14
462 466 26
462 472 22
462 484 18
462 513 42
462 572 34
463 481 27
463 499 14
463 505 38
463 525 23
463 535 31
463 543 17
463 549 43
463 554 8
464 497 34
464 498 13
464 538 41
464 557 21
464 579 46
465 476 7
465 484 10
465 491 39
465 520 12
465 524 27
465 558 40
465 567 10
466 489 21
466 517 41
466 566 1
467 477 21
467 491 42
467 492 16
467 496 49
467 515 13
467 583 35
467 589 40
467 596 48
468 475 12
468 483 6
468 494 36
468 520 34
468 594 36
469 533 4
469 537 29
469 547 43
469 565 37
470 488 41
470 498 35
470 511 10
470 571 38
470 589 41
470 598 19
471 472 26
471 477 4
471 525 47
471 534 17
471 565 14
472 476 17
472 518 9
472 546 14
472 548 39
472 556 50
472 575 31
472 598 37
473 487 14
473 504 15
473 509 29
473 513 12
473 514 28
473 518 34
473 537 49
473 544 14
473 550 19
473 594 2
474 483 42
474 485 13
474 501 41
474 511 34
474 538 47
474 544 50
474 572 21
474 585 38
475 482 20
475 484 48
475 511 41
475 537 16
475 545 14
475 553 6
475 555 32
475 587 23
475 593 19
476 486 22
476 497 24
476 511 1
476 513 9
476 522 38
476 538 16
476 563 37
476 564 1
477 485 45
477 524 22
477 532 49
477 585 8
477 591 40
478 482 2
478 504 49
478 528 4
478 545 42
479 485 32
479 489 2
479 531 43
479 534 4
479 553 39
479 569 12
479 589 1
480 508 32
480 510 27
480 558 17
480 578 39
480 580 10
480 585 41
480 598 8
481 484 32
481 498 14
481 521 10
481 527 42
482 495 3
482 521 27
482 544 30
482 556 3
482 586 22
482 587 1
483 542 3
483 546 29
483 568 42
484 517 7
484 519 28
484 528 47
484 552 50
484 576 11
484 589 48
485 489 43
485 534 17
485 535 39
485 537 4
485 538 17
485 550 20
485 553 31
485 554 35
485 555 8
485 585 40
485 597 25
486 511 17
486 514 23
486 575 39
487 506 29
487 513 14
487 545 41
487 557 5
487 558 45
487 559 46
487 563 26
487 579 45
487 596 50
488 497 5
488 514 38
488 534 6
488 543 34
488 558 34
488 563 6
488 577 46
488 585 32
489 505 48
489 510 12
489 511 20
489 566 3
489 582 31
489 590 41
489 596 33
490 532 15
490 550 50
490 566 25
490 585 42
491 535 19
491 548 47
491 593 30
491 597 47
492 500 13
492 525 22
492 534 1
492 566 9
493 495 19
493 501 29
493 506 6
493 545 19
493 551 33
493 564 43
493 580 24
494 503 18
494 513 29
494 538 31
494 541 15
494 554 10
494 588 30
495 514 27
495 561 31
495 579 33
495 598 9
496 505 23
496 536 17
496 549 25
496 560 24
496 595 41
496 596 16
497 533 42
497 544 40
497 556 47
497 572 40
497 596 4
498 508 19
498 518 43
498 525 12
498 535 37
498 549 21
499 506 17
499 511 7
499 514 5
499 521 12
500 509 33
500 512 24
500 527 40
500 557 13
500 596 38
501 513 1
501 528 45
501 530 16
501 546 33
501 557 27
501 561 26
501 575 5
501 598 45
502 520 1
502 549 28
502 560 36
502 582 18
502 589 22
503 518 27
503 534 17
503 561 11
503 597 30
504 547 37
505 515 5
505 529 41
505 553 23
505 568 25
505 579 10
505 595 32
506 521 31
506 524 21
506 530 14
506 538 4
506 542 10
507 546 26
507 550 44
507 565 12
507 569 22
507 571 9
509 537 44
509 569 48
510 526 35
510 550 48
510 565 45
510 573 37
511 513 27
511 531 30
511 540 6
511 555 48
511 584 8
511 594 22
511 598 11
512 515 37
512 539 8
512 545 15
512 547 29
512 555 33
512 570 42
512 584 40
513 537 14
513 541 24
513 552 10
513 554 27
513 565 30
513 576 21
513 592 4
514 522 23
514 530 32
514 531 26
514 558 33
514 572 25
515 535 25
515 543 19
515 574 24
515 593 19
516 519 7
516 539 1
516 568 50
516 573 13
516 574 50
516 594 7
518 537 36
518 542 12
518 565 45
518 575 46
518 588 29
518 598 26
520 547 30
520 549 20
520 564 15
521 538 45
521 549 45
521 557 25
521 563 23
521 586 24
522 549 47
522 558 28
522 577 46
522 578 29
522 584 3
522 586 31
522 598 5
523 545 30
523 560 49
523 563 31
523 587 50
524 527 6
524 539 33
524 557 2
525 535 20
525 550 32
525 559 10
525 563 7
525 575 46
525 588 5
525 594 4
525 598 24
526 529 30
526 542 33
526 554 45
526 558 46
526 560 29
526 569 39
526 574 20
526 583 1
527 552 13
527 553 19
527 568 29
527 589 10
528 556 49
528 568 33
528 579 40
528 585 3
529 556 14
530 555 39
531 532 35
531 533 14
531 545 46
531 549 17
531 580 17
531 598 15
532 535 1
532 546 26
533 579 21
534 548 46
534 553 30
534 568 25
535 536 19
535 543 11
535 574 9
535 585 13
536 558 7
536 576 38
537 540 1
537 582 28
537 585 38
538 547 13
538 569 46
538 574 18
539 549 25
539 588 46
539 589 1
540 561 14
540 564 49
540 571 14
541 547 4
541 560 35
541 568 29
542 562 49
542 595 2
543 547 45
543 555 13
543 582 2
543 590 23
543 596 36
544 555 47
547 550 4
547 554 12
547 557 17
547 583 15
548 562 22
548 570 29
548 589 23
548 596 9
551 556 29
551 576 50
551 592 49
552 591 44
552 597 48
553 577 18
553 579 20
554 580 43
554 584 18
554 596 33
555 570 43
556 568 34
556 598 37
557 580 28
558 562 14
558 590 37
559 562 31
559 564 9
559 573 2
559 583 32
559 593 33
560 566 37
560 593 30
562 586 36
562 587 50
563 576 46
563 579 50
563 583 21
563 590 26
564 581 24
564 599 30
565 572 4
565 574 26
566 580 30
568 586 49
568 593 23
569 593 47
570 591 20
571 586 17
571 596 17
574 597 3
575 579 12
575 594 50
578 579 41
580 599 41
581 582 15
583 593 29
584 587 21
585 598 25
585 599 30
588 591 4
589 596 7
593 594 18
594 596 35
600 299 78
601 599 16
600 601 94
602 618 4
602 625 37
602 658 44
602 660 29
602 667 43
602 669 38
602 682 3
602 700 23
602 736 11
602 807 21
602 816 6
602 835 1
602 876 12
602 884 7
603 680 40
603 683 40
603 722 38
603 747 1
603 765 5
603 815 39
603 833 42
603 840 9
603 844 23
603 845 21
603 846 19
603 862 35
603 864 25
603 877 24
603 885 30
604 622 37
604 629 42
604 634 35
604 654 23
604 661 38
604 680 14
604 720 17
604 757 25
604 776 18
604 780 39
604 787 37
604 819 40
604 834 47
604 856 38
604 875 1
604 898 3
605 626 27
605 635 42
605 705 43
605 708 29
605 714 47
605 725 31
605 738 20
605 749 7
605 757 5
605 803 42
605 813 25
605 833 40
605 838 18
605 845 48
606 607 21
606 611 4
606 641 42
606 655 7
606 671 28
606 681 31
606 705 22
606 712 46
606 723 5
606 729 39
606 750 35
606 765 41
606 776 30
606 779 31
606 781 30
606 786 31
606 787 35
606 856 8
606 858 22
606 883 27
606 900 38
607 617 20
607 621 10
607 630 8
607 634 26
607 655 14
607 712 1
607 731 3
607 748 5
607 776 19
607 781 2
607 787 25
607 791 24
607 796 45
607 803 32
607 822 4
607 823 25
607 824 3
607 866 49
607 872 31
607 896 44
608 647 35
608 695 22
608 735 25
608 741 17
608 762 3
608 773 7
608 804 2
608 836 13
608 842 31
608 850 30
608 897 50
608 899 50
609 632 41
609 671 9
609 691 28
609 718 5
609 728 10
609 745 32
609 755 9
609 773 28
609 796 33
609 800 36
609 836 3
609 853 30
609 856 19
609 872 6
610 614 4
610 661 23
610 663 5
610 736 35
610 741 18
610 815 41
610 849 8
610 863 43
610 871 8
610 881 12
610 901 49
611 640 11
611 695 24
611 698 29
611 703 40
611 704 24
611 710 29
611 725 31
611 732 32
611 748 8
611 769 37
611 782 41
611 788 39
611 801 47
611 823 20
611 824 21
611 838 34
612 631 23
612 650 2
612 655 2
612 661 30
612 678 6
612 706 25
612 731 34
612 776 42
612 789 42
612 804 27
612 810 1
612 820 36
612 857 34
612 885 12
612 892 35
612 894 44
613 636 36
613 637 13
613 638 35
613 639 9
613 650 43
613 676 17
613 693 42
613 711 50
613 774 3
613 783 35
613 788 38
613 811 2
613 819 4
613 824 11
613 846 35
613 879 28
614 641 12
614 648 39
614 665 8
614 681 19
614 712 13
614 715 43
614 766 10
614 803 6
614 829 19
614 899 10
615 683 42
615 690 2
615 702 22
615 719 28
615 727 47
615 738 9
615 780 40
615 807 32
615 833 19
615 868 35
615 876 48
615 891 10
615 897 34
616 643 3
616 648 44
616 707 24
616 767 4
616 769 50
616 785 36
616 795 40
616 812 27
616 826 47
616 837 28
616 850 36
616 861 18
616 869 40
616 873 29
616 879 27
616 886 48
616 896 49
617 650 39
617 658 41
617 680 1
617 698 12
617 721 18
617 747 49
617 749 20
617 759 7
617 765 30
617 812 40
617 824 43
617 836 30
617 837 49
617 845 29
617 858 32
617 868 45
617 876 2
617 900 35
618 631 46
618 641 39
618 663 24
618 682 24
618 717 37
618 725 2
618 742 10
618 761 4
618 810 43
618 816 40
618 840 33
618 886 42
618 897 38
619 623 21
619 645 32
619 654 40
619 672 34
619 688 49
619 692 41
619 708 5
619 713 8
619 773 20
619 784 44
619 793 50
619 804 49
619 807 44
619 826 28
619 843 30
619 848 40
619 890 31
620 634 16
620 692 35
620 749 19
620 766 42
620 780 9
620 781 8
620 786 45
620 845 20
620 850 11
620 887 39
620 892 11
620 895 43
621 722 31
621 737 50
621 754 15
621 758 12
621 773 40
621 794 48
621 814 11
621 841 30
621 851 2
621 869 18
621 887 1
621 901 45
622 625 19
622 632 2
622 663 41
622 680 47
622 692 33
622 740 30
622 744 29
622 750 49
622 751 15
622 771 50
622 823 42
622 867 25
622 889 7
623 647 36
623 676 46
623 692 17
623 780 24
623 802 6
623 812 12
623 827 4
623 829 5
623 841 26
623 849 18
623 876 46
623 894 24
623 900 28
624 663 27
624 685 27
624 716 47
624 720 28
624 732 24
624 757 15
624 763 31
624 771 14
624 807 13
624 847 13
625 645 45
625 649 42
625 673 11
625 679 11
625 688 43
625 727 4
625 750 35
625 758 49
625 776 39
625 782 32
625 793 17
625 804 15
625 811 37
625 816 28
625 822 20
625 850 44
625 856 4
625 880 37
625 895 39
626 667 29
626 668 16
626 679 16
626 698 7
626 703 14
626 727 45
626 734 32
626 735 29
626 745 25
626 765 45
626 786 43
626 808 37
626 818 42
626 841 36
626 853 50
626 878 2
626 881 28
626 890 5
626 900 37
627 629 26
627 662 46
627 666 18
627 678 43
627 681 10
627 684 7
627 693 22
627 706 31
627 708 50
627 713 27
627 714 20
627 788 40
627 805 7
627 817 37
627 857 7
627 866 14
627 888 1
627 890 3
628 649 45
628 672 31
628 685 27
628 698 42
628 715 23
628 724 16
628 748 33
628 829 9
628 843 17
628 854 34
628 878 36
629 630 23
629 640 22
629 676 14
629 678 18
629 717 42
629 722 8
629 759 29
629 800 48
629 877 29
630 635 10
630 659 49
630 711 6
630 803 31
630 825 38
630 826 12
630 830 17
630 837 45
630 853 27
630 894 17
631 687 47
631 710 22
631 719 47
631 727 26
631 754 15
631 780 22
631 795 43
631 800 47
631 803 32
631 827 11
631 835 32
631 838 17
631 869 33
631 882 4
632 634 32
632 680 1
632 699 45
632 715 39
632 718 29
632 722 42
632 727 20
632 735 40
632 772 40
632 807 27
632 808 20
632 856 29
632 876 40
632 901 37
633 646 23
633 665 17
633 746 5
633 764 22
633 801 40
633 820 4
633 821 47
633 839 4
633 860 25
633 896 39
634 636 50
634 648 6
634 671 49
634 683 33
634 688 24
634 732 31
634 743 36
634 801 8
634 810 33
634 845 30
634 857 46
635 677 14
635 704 23
635 722 17
635 733 3
635 738 14
635 755 43
635 756 23
635 757 43
635 776 33
635 780 11
635 801 17
635 803 1
635 834 15
635 858 38
635 866 40
635 867 20
635 877 34
636 641 43
636 652 44
636 689 24
636 693 44
636 707 1
636 728 24
636 736 26
636 756 27
636 761 7
636 778 14
636 783 34
636 797 39
636 814 43
636 823 31
636 857 2
636 869 18
636 871 48
637 647 5
637 662 33
637 706 42
637 733 29
637 736 25
637 742 26
637 762 41
637 820 42
637 825 26
637 837 7
637 843 31
637 846 17
637 864 27
637 869 15
637 875 9
637 887 22
637 900 40
638 662 4
638 673 25
638 713 14
638 751 32
638 791 1
638 815 20
638 819 45
638 833 34
638 846 10
638 847 39
638 852 14
638 854 12
639 674 8
639 714 13
639 718 18
639 783 41
639 784 5
639 870 48
639 878 17
639 890 30
639 896 38
640 646 8
640 652 8
640 672 46
640 689 41
640 722 24
640 730 22
640 737 7
640 738 35
640 774 46
640 783 46
640 791 40
640 822 20
640 826 9
640 836 21
640 866 20
640 879 30
640 885 17
640 900 3
641 712 40
641 749 8
641 769 18
641 780 3
641 805 17
641 833 31
641 856 22
641 877 7
642 690 37
642 711 21
642 722 24
642 732 18
642 737 10
642 760 33
642 790 25
642 852 5
642 880 23
642 886 49
643 645 29
643 683 29
643 728 35
643 738 24
643 745 25
643 758 24
643 775 45
643 776 35
643 779 47
643 793 14
643 814 17
643 815 15
643 818 18
643 826 8
643 835 24
643 864 37
643 872 12
643 898 41
644 655 19
644 676 35
644 677 47
644 685 5
644 688 5
644 722 22
644 753 23
644 762 14
644 831 5
644 882 49
645 677 20
645 683 29
645 704 49
645 739 48
645 751 8
645 815 33
645 828 23
645 830 34
645 845 7
645 846 19
646 663 20
646 692 5
646 712 34
646 735 38
646 821 19
646 828 1
646 830 45
646 831 43
646 853 40
646 873 8
646 887 33
646 898 8
647 661 42
647 700 31
647 716 13
647 734 48
647 756 3
647 757 37
647 761 11
647 838 9
647 851 37
647 866 33
647 879 37
648 667 36
648 676 32
648 684 46
648 703 18
648 724 7
648 729 29
648 761 26
648 764 25
648 765 1
648 797 30
648 800 9
648 818 38
648 825 1
648 891 11
648 898 35
649 669 45
649 686 50
649 708 44
649 716 29
649 731 8
649 735 36
649 754 9
649 761 22
649 796 33
649 812 13
649 815 10
649 862 46
649 876 21
649 880 46
649 898 28
650 673 8
650 690 31
650 716 11
650 760 3
650 792 1
650 816 17
650 831 34
650 840 26
650 866 42
650 872 34
651 661 8
651 669 50
651 699 23
651 785 10
651 788 12
651 793 9
651 797 4
651 866 12
651 889 3
652 664 32
652 686 21
652 707 40
652 717 42
652 723 42
652 727 24
652 748 5
652 759 3
652 762 19
652 811 25
652 828 48
652 831 48
652 850 32
652 856 31
652 859 9
652 901 37
653 689 31
653 691 25
653 734 20
653 740 8
653 742 18
653 788 5
653 795 17
653 829 19
653 832 29
653 854 26
653 867 31
653 897 38
654 688 31
654 742 44
654 748 42
654 780 12
654 805 14
654 860 31
654 871 4
655 677 7
655 684 4
655 698 10
655 761 9
655 765 25
655 772 34
655 781 8
655 793 22
655 795 18
655 802 38
655 830 32
655 839 4
655 872 18
656 660 9
656 676 25
656 697 28
656 701 28
656 731 31
656 746 44
656 770 47
656 819 9
656 820 20
656 829 29
656 869 46
656 873 50
656 884 22
657 680 39
657 697 14
657 760 37
657 765 19
657 810 19
657 871 43
657 874 25
658 681 28
658 700 1
658 739 49
658 749 11
658 750 10
658 766 22
658 794 30
658 799 48
658 805 4
658 855 33
658 869 17
659 676 12
659 689 9
659 736 44
659 790 41
659 869 39
660 667 38
660 715 37
660 749 48
660 766 9
660 776 17
660 809 45
660 811 8
660 825 38
660 827 36
660 835 23
660 856 24
660 892 4
661 662 41
661 663 18
661 675 28
661 709 20
661 716 20
661 730 28
661 742 33
661 771 30
661 796 50
661 798 12
661 807 27
661 810 3
661 847 47
661 851 45
661 859 16
661 889 5
662 717 39
662 724 6
662 727 46
662 767 28
662 778 45
662 794 43
662 800 36
662 826 11
662 827 39
662 832 45
662 853 1
662 887 24
662 901 18
663 682 24
663 716 30
663 736 10
663 739 44
663 745 9
663 761 30
663 765 13
663 820 37
663 821 12
663 831 42
663 834 36
663 899 23
664 691 20
664 719 38
664 722 19
664 745 15
664 753 5
664 780 26
664 788 5
664 797 12
664 864 21
665 696 34
665 703 6
665 706 15
665 724 19
665 732 17
665 735 5
665 737 13
665 757 17
665 760 29
665 781 32
665 783 42
665 839 10
665 852 42
665 864 35
665 886 18
665 887 23
666 667 50
666 671 4
666 730 34
666 746 41
666 753 39
666 759 8
666 768 13
666 800 28
666 840 29
666 842 29
666 843 34
666 881 4
667 752 33
667 754 46
667 775 26
667 803 16
667 826 1
667 855 40
667 859 36
667 873 19
667 889 44
668 678 50
668 703 37
668 704 24
668 710 34
668 712 31
668 716 33
668 761 27
668 763 15
668 768 3
668 801 49
668 806 14
668 829 6
668 884 34
668 896 7
669 684 47
669 699 43
669 765 19
669 804 26
669 832 21
669 875 49
669 884 12
670 678 24
670 712 31
670 718 7
670 725 1
670 731 48
670 762 9
670 772 40
670 796 35
670 863 28
671 698 34
671 701 36
671 702 16
671 713 7
671 754 19
671 784 46
671 802 42
671 860 45
671 861 13
671 863 44
671 885 45
672 679 28
672 681 1
672 704 28
672 756 36
672 788 49
672 797 21
672 828 4
672 849 25
672 863 41
672 876 4
672 879 36
672 895 17
673 717 34
673 720 44
673 762 17
673 790 33
673 808 2
673 821 9
673 866 19
673 877 31
673 892 42
673 899 5
674 677 47
674 694 50
674 726 23
674 739 44
674 754 43
674 784 18
674 806 8
674 808 36
674 831 14
674 834 36
674 844 37
674 854 42
674 860 21
674 873 35
674 876 12
674 894 27
675 679 11
675 694 4
675 701 30
675 743 48
675 746 22
675 753 16
675 755 41
675 772 41
675 776 50
675 801 45
675 810 49
675 811 19
675 812 25
675 814 42
675 872 25
676 689 23
676 696 43
676 700 47
676 711 17
676 715 36
676 723 16
676 752 26
676 760 21
676 764 30
676 795 11
676 799 9
676 826 23
676 842 34
676 859 46
676 864 36
676 879 10
676 900 8
677 693 41
677 718 41
677 727 6
677 742 13
677 743 8
677 820 48
677 845 5
677 888 8
677 894 42
678 695 3
678 701 28
678 707 17
678 762 46
678 795 2
678 809 41
678 897 38
678 901 50
679 717 9
679 766 23
679 773 18
679 787 35
679 792 46
679 798 47
679 859 45
679 895 4
679 898 21
680 750 28
680 752 1
680 754 6
680 786 39
680 800 9
680 802 46
680 834 30
680 848 14
680 865 10
681 684 37
681 703 11
681 740 14
681 753 46
681 788 3
681 834 18
681 859 23
681 868 21
682 688 13
682 689 26
682 699 11
682 710 1
682 722 26
682 728 20
682 803 25
682 841 43
682 844 6
682 855 20
683 708 41
683 712 50
683 726 26
683 751 11
683 770 30
683 778 26
683 805 16
683 815 18
683 837 34
683 846 13
683 852 49
683 870 49
683 888 23
683 894 38
684 713 12
684 734 36
684 742 35
684 780 16
684 791 4
684 801 10
684 850 36
684 861 18
684 890 35
684 897 48
684 901 20
685 771 12
685 776 19
685 778 45
685 779 6
685 789 24
685 794 14
685 796 46
685 801 26
685 837 41
685 854 8
685 867 5
685 891 17
685 895 25
686 712 24
686 714 2
686 786 38
686 787 25
686 821 1
686 839 10
686 842 14
686 859 14
686 881 47
686 887 48
687 693 29
687 701 2
687 752 9
687 784 16
687 789 20
687 797 44
687 810 15
687 837 41
687 846 7
687 854 34
687 864 35
687 897 13
688 702 9
688 707 1
688 713 10
688 733 34
688 735 41
688 740 20
688 743 38
688 808 9
688 819 44
688 822 14
688 859 11
688 863 33
688 876 38
688 879 13
689 747 44
689 749 3
689 763 26
689 764 41
689 771 50
689 793 6
689 803 44
689 820 9
689 877 23
689 889 15
689 896 4
690 709 37
690 716 6
690 717 10
690 728 22
690 762 42
690 783 24
690 785 31
690 807 42
690 820 36
690 844 14
690 852 35
690 886 5
691 702 4
691 707 43
691 795 48
691 812 17
691 897 5
692 710 31
692 712 6
692 715 19
692 746 24
692 756 8
692 768 46
692 780 16
692 781 9
692 786 1
692 799 10
692 838 19
692 898 23
693 746 26
693 835 22
693 852 12
693 859 31
693 862 34
694 730 33
694 757 23
694 759 9
694 784 13
694 793 16
694 840 44
694 842 27
694 845 2
694 899 48
695 702 32
695 703 45
695 714 46
695 719 48
695 788 1
695 809 28
695 810 5
695 814 20
695 817 3
695 834 14
695 864 15
695 875 19
696 706 22
696 728 18
696 756 30
696 757 41
696 778 42
696 800 5
696 808 14
696 829 3
696 841 36
696 875 49
696 879 36
696 886 10
697 704 8
697 706 50
697 707 27
697 721 3
697 758 28
697 759 29
697 777 1
697 782 9
697 785 25
697 809 48
697 815 8
697 828 25
697 842 25
697 860 12
697 863 46
697 883 27
697 888 25
698 717 11
698 726 47
698 767 49
698 781 30
698 797 26
698 798 41
698 831 21
698 888 31
699 700 6
699 708 26
699 751 18
699 754 5
699 756 11
699 760 29
699 795 14
699 820 12
699 865 5
699 866 16
699 882 40
700 706 33
700 762 16
700 788 48
700 792 7
700 809 15
700 837 6
700 846 34
700 896 39
701 703 19
701 705 29
701 724 18
701 747 46
701 759 41
701 772 14
701 790 44
701 817 22
701 861 42
701 865 36
701 882 43
701 893 22
702 706 41
702 713 20
702 737 41
702 751 47
702 759 32
702 766 19
702 770 10
702 771 43
702 772 23
702 801 28
702 841 32
702 899 8
703 730 43
703 743 30
703 766 16
703 780 10
703 794 37
703 802 49
703 825 48
703 832 5
703 847 30
703 900 17
704 735 50
704 753 22
704 778 33
704 805 45
704 843 44
704 848 24
704 862 30
705 739 38
705 754 47
705 777 21
705 783 7
705 784 37
705 814 19
705 837 38
705 856 5
705 865 29
705 868 30
705 876 29
706 730 6
706 755 12
706 757 36
706 773 50
706 828 43
706 830 2
706 837 9
706 874 29
707 729 2
707 741 9
707 746 35
707 772 33
707 783 27
707 803 35
707 804 5
707 818 9
707 858 31
707 869 50
707 871 32
707 886 11
708 709 37
708 717 28
708 733 33
708 761 45
708 762 16
708 818 1
708 859 32
709 719 20
709 733 31
709 742 13
709 764 1
709 768 38
709 831 26
709 848 38
709 864 40
709 880 18
709 883 41
710 712 50
710 720 48
710 738 43
710 807 10
710 821 35
710 876 25
710 885 37
711 757 19
711 759 31
711 765 45
711 795 1
711 804 30
711 807 29
711 845 13
711 891 18
712 732 8
712 737 45
712 741 12
712 749 24
712 786 48
712 816 43
712 825 45
712 839 30
712 845 8
712 847 45
712 860 20
712 879 33
713 729 33
713 731 9
713 748 3
713 757 23
713 759 10
713 838 2
713 846 17
713 892 20
714 726 36
714 737 44
714 751 6
714 756 6
714 767 24
714 781 2
714 807 7
714 816 6
714 821 32
714 835 19
714 837 23
714 842 40
714 844 16
714 894 35
714 901 13
715 716 15
715 761 29
715 765 7
715 775 44
715 779 36
715 797 4
715 805 15
715 825 21
715 848 36
715 858 23
715 866 23
715 875 10
716 727 35
716 731 26
716 732 29
716 774 4
716 779 12
716 781 22
716 797 11
716 813 17
716 821 47
716 824 14
716 897 25
717 723 2
717 742 46
717 776 46
717 786 25
717 792 37
717 801 11
717 802 11
717 834 1
717 857 27
717 867 39
717 885 7
718 775 22
718 793 27
718 795 12
718 845 37
718 846 47
718 876 47
718 887 11
718 888 19
718 889 9
718 900 45
719 805 44
719 826 37
719 835 50
719 852 7
719 856 8
719 861 10
719 866 26
719 891 6
720 729 26
720 747 2
720 777 8
720 801 23
720 803 47
720 839 34
720 853 9
720 863 9
720 864 46
721 756 9
721 759 35
721 761 34
721 781 17
721 832 7
721 849 12
721 863 29
721 867 45
721 892 8
722 738 25
722 755 5
722 777 28
722 784 35
722 790 2
722 796 22
722 800 21
722 829 1
722 871 30
722 877 30
722 886 13
722 896 5
723 729 38
723 737 38
723 769 7
723 788 47
723 795 10
723 850 5
723 878 30
723 891 20
724 730 14
724 732 27
724 762 28
724 764 50
724 775 12
724 791 44
724 797 8
724 801 24
724 806 22
724 811 2
724 816 31
724 839 49
724 881 9
725 731 9
725 749 35
725 750 12
725 777 32
725 801 8
725 806 12
725 808 11
725 838 37
725 858 26
725 862 18
725 868 26
725 873 15
725 890 26
726 730 22
726 750 26
726 753 30
726 769 3
726 770 45
726 778 45
726 789 29
726 823 24
726 850 45
726 882 41
726 889 18
727 804 2
727 846 14
727 874 41
727 878 6
727 884 46
728 746 41
728 795 14
728 807 4
728 896 26
729 739 25
729 742 37
729 749 35
729 753 38
729 772 50
729 790 23
729 797 16
729 808 17
729 812 49
729 822 30
730 742 44
730 750 20
730 765 6
730 770 25
730 830 23
730 831 2
730 857 20
731 741 1
731 793 26
731 805 16
731 815 43
731 847 45
731 855 17
731 861 6
731 888 35
732 744 22
732 830 2
732 863 28
732 868 37
733 749 7
733 754 5
733 784 13
733 826 44
733 836 39
733 867 1
733 874 43
733 875 11
734 737 16
734 738 11
734 754 9
734 809 47
734 814 6
734 820 31
734 829 4
734 830 30
734 836 3
734 844 6
734 849 1
734 855 5
734 865 31
734 879 16
734 881 48
734 896 27
735 743 33
735 776 3
735 791 11
735 808 6
735 847 6
735 867 40
736 771 43
736 779 15
736 793 44
736 801 5
736 834 10
736 853 34
736 858 7
736 895 2
737 769 47
737 830 24
737 843 14
737 870 7
737 895 23
738 813 19
738 830 37
738 838 26
738 841 50
738 847 39
738 874 31
738 881 1
739 757 44
739 761 13
739 766 16
739 803 41
739 815 39
739 831 50
739 867 45
739 871 2
739 884 6
740 784 3
740 787 43
740 790 50
740 793 17
740 811 39
740 870 6
740 872 28
741 743 22
741 751 15
741 807 29
741 849 18
741 859 38
741 863 44
741 870 25
741 882 10
741 893 14
742 767 13
742 776 38
742 807 13
742 823 2
742 846 20
742 853 13
742 866 47
742 900 35
743 751 29
743 754 39
743 755 23
743 803 30
743 804 35
743 808 26
743 817 35
743 836 37
743 838 19
743 844 36
743 852 5
743 862 7
743 884 44
743 898 32
744 750 30
744 758 8
744 787 12
744 791 50
744 827 47
744 843 7
744 857 24
744 866 9
744 870 20
744 872 38
745 763 46
745 784 33
745 785 39
745 791 15
745 806 47
745 815 37
745 856 49
745 879 27
745 884 25
746 755 24
746 763 7
746 790 12
746 839 1
746 855 43
746 870 50
747 795 19
747 803 29
747 807 7
747 819 27
747 853 22
747 876 38
747 883 7
747 898 31
748 767 2
748 780 6
748 787 27
748 791 10
748 833 31
748 884 35
748 891 30
748 898 18
748 901 30
749 769 14
749 784 9
749 786 47
749 889 10
750 768 47
750 781 45
750 840 37
750 866 24
750 882 20
751 766 45
751 795 35
751 802 21
751 803 37
751 807 34
751 810 39
751 824 15
751 844 40
752 799 18
752 829 38
752 836 30
752 844 26
752 873 18
752 886 33
753 757 33
753 760 45
753 762 42
753 773 15
753 775 29
753 789 23
753 816 34
753 879 11
754 773 36
754 782 42
754 803 7
754 812 48
754 830 41
755 833 3
755 846 36
755 847 14
755 874 23
755 880 30
756 785 48
756 820 43
756 834 16
756 884 31
756 888 33
756 898 33
757 765 23
757 796 50
757 806 22
757 809 2
757 817 27
757 821 42
757 901 36
758 810 9
758 823 38
758 849 27
758 871 23
758 894 18
758 897 50
758 900 7
759 764 28
759 770 37
759 825 50
759 846 36
759 850 36
759 852 40
759 863 39
759 866 21
759 873 3
759 882 11
759 886 2
759 901 2
760 783 3
760 865 20
760 877 35
760 901 37
761 775 4
761 806 7
761 814 39
761 817 27
761 826 10
761 847 15
761 875 18
761 880 45
761 883 24
762 787 5
762 862 23
762 875 48
762 878 23
762 885 24
762 899 4
763 788 2
763 847 11
763 861 6
763 876 38
763 883 48
763 891 45
764 773 26
764 775 21
764 785 50
764 800 38
764 881 22
764 884 1
765 770 42
765 782 43
765 814 37
765 820 28
765 852 46
765 854 43
766 768 16
766 853 23
766 883 2
766 888 33
767 812 42
767 833 48
767 844 8
767 845 49
767 883 21
767 890 5
768 798 21
768 805 44
768 837 11
768 851 24
768 858 6
768 867 16
768 869 11
769 773 4
769 788 12
769 790 38
769 842 24
769 871 13
769 874 25
769 880 47
769 881 16
769 892 16
770 788 40
770 793 2
770 881 46
771 777 37
771 810 47
771 845 13
772 773 11
772 779 50
772 831 45
772 852 5
772 884 48
773 825 2
773 831 3
773 884 20
773 885 7
774 810 25
774 814 13
774 837 19
774 841 48
774 846 21
774 893 36
774 896 11
774 900 24
775 780 47
775 791 48
775 867 49
775 874 12
776 785 25
776 799 47
776 816 27
776 830 42
776 844 36
776 850 30
776 852 37
776 881 25
776 883 26
776 888 50
777 852 37
778 786 26
778 817 46
778 820 41
778 838 23
778 839 48
778 861 43
778 868 42
778 896 6
779 790 19
779 823 6
779 825 24
779 827 17
779 839 26
779 841 9
779 859 29
779 862 1
779 863 7
779 866 26
779 870 49
779 885 18
779 900 2
780 788 46
780 797 46
780 820 44
780 875 33
780 896 26
781 845 30
781 854 9
781 889 3
781 898 31
782 798 46
782 824 28
782 830 27
782 841 38
782 844 2
782 867 26
783 841 33
783 868 45
783 893 31
784 796 1
784 805 3
784 813 6
784 826 19
784 829 28
784 884 16
784 885 47
784 888 29
785 790 22
785 801 23
785 823 29
785 841 42
785 846 26
785 872 26
785 880 39
785 882 19
785 895 11
785 899 14
786 800 1
786 803 19
786 820 19
786 834 33
786 837 16
786 857 46
786 882 11
786 900 4
787 792 50
787 795 36
787 796 36
787 822 46
787 824 18
787 838 38
787 841 48
787 881 25
787 892 7
787 896 26
787 899 40
788 821 3
788 837 6
788 884 14
789 791 27
789 802 36
789 806 5
789 824 3
789 842 12
789 845 43
789 888 23
790 811 24
790 851 9
790 866 23
790 890 42
790 901 27
791 800 6
791 820 8
791 822 24
791 837 16
791 850 13
792 862 23
792 864 4
792 889 48
793 812 21
793 821 23
793 851 37
793 868 18
793 895 48
794 822 43
794 829 45
794 835 37
794 848 48
795 816 2
795 821 50
795 888 26
795 892 38
796 818 6
796 861 28
796 890 1
796 891 1
796 900 3
797 829 24
798 802 9
798 808 25
798 819 17
798 831 37
798 845 32
798 855 24
798 899 12
799 814 50
799 824 36
799 835 37
799 842 3
799 860 35
799 861 7
799 874 25
800 842 22
800 862 24
800 880 22
801 814 16
801 818 19
801 882 11
801 893 13
801 900 20
802 822 12
802 825 39
802 867 9
802 880 18
802 887 18
802 893 11
803 804 20
803 810 20
803 853 36
803 856 28
803 862 47
803 871 3
803 873 16
803 896 28
804 849 28
804 857 27
804 872 29
804 881 16
805 828 13
806 890 31
807 858 2
807 876 19
807 878 8
807 884 25
807 897 43
809 811 31
809 853 41
809 858 13
809 861 41
809 879 5
809 899 34
810 832 5
810 840 45
810 845 43
810 850 22
810 874 13
810 878 5
810 889 43
811 813 34
811 834 41
811 838 20
811 886 32
812 842 45
812 868 37
812 894 10
813 857 22
813 883 13
814 816 40
814 844 39
814 868 26
814 874 21
814 891 41
815 820 46
815 843 30
815 881 15
816 839 38
816 844 10
816 862 7
816 865 2
816 873 3
816 899 12
817 824 36
817 843 7
817 872 6
818 828 30
818 839 30
818 848 20
818 851 34
818 869 22
818 891 6
818 901 26
819 821 43
819 837 37
819 840 20
819 844 29
819 847 48
819 868 44
819 890 41
820 835 38
820 851 32
820 877 18
820 878 10
820 886 22
821 851 14
821 853 39
821 867 39
821 876 3
822 832 48
822 863 45
822 866 5
822 871 2
822 892 8
823 824 40
823 829 8
823 832 16
823 855 19
823 863 37
823 884 35
824 832 4
824 836 8
824 840 42
824 841 30
824 863 2
824 867 29
824 883 49
824 901 30
825 847 26
825 856 42
825 865 21
825 882 15
826 835 26
826 849 40
826 871 24
826 882 49
826 897 3
827 864 12
827 866 37
827 873 6
827 897 12
828 881 34
829 837 10
829 860 13
829 863 41
829 892 1
830 836 23
830 877 6
830 888 19
831 875 9
831 885 43
831 886 24
832 833 19
832 840 34
832 868 3
832 872 20
833 836 12
833 866 2
833 875 2
833 877 40
833 881 45
834 851 24
834 864 6
834 867 20
834 882 13
834 892 30
834 894 21
835 865 18
835 879 43
836 868 7
837 878 23
838 872 6
838 887 40
838 901 34
839 865 21
840 846 33
840 855 36
841 855 43
841 885 38
841 893 4
842 850 3
842 852 32
842 899 29
843 858 21
843 875 16
843 886 32
844 849 43
844 856 29
844 860 35
844 882 46
844 896 20
844 897 29
845 855 19
845 876 26
845 881 1
845 887 31
846 848 5
847 863 21
847 881 50
847 886 49
847 888 29
847 891 22
847 896 5
847 897 21
848 864 7
848 870 25
849 852 3
849 864 42
849 876 17
849 881 42
849 890 47
849 891 19
849 893 26
850 853 26
850 872 42
850 878 41
850 897 9
850 900 36
851 878 21
851 881 43
851 883 31
851 885 43
851 894 23
852 863 49
855 871 18
855 880 25
856 898 31
857 879 24
857 890 47
858 871 31
858 896 24
858 897 26
859 866 4
859 876 28
859 896 48
860 866 13
860 880 4
861 874 50
862 877 6
862 888 22
862 889 43
863 896 3
864 868 43
865 871 18
865 877 30
865 894 34
866 890 10
867 870 38
867 871 21
867 896 33
870 882 30
870 889 1
873 895 25
874 890 4
874 899 1
875 900 44
876 881 29
876 886 33
877 882 17
877 889 25
877 896 15
879 881 40
880 894 2
880 900 19
880 901 20
883 887 49
883 892 33
885 887 25
885 890 50
885 899 38
886 894 47
887 896 43
888 889 42
888 896 39
889 892 12
891 896 23
891 899 24
893 901 24
898 900 10
902 601 93
903 901 50
902 903 22
