904 6735
86 82 29 48 68 82 22 19 100 98 86 57 43 34 40 49 11 78 20 81 9 56 39 87 92 3 91 61 12 85 37 97 18 65 44 86 99 18 4 98 67 89 54 9 74 94 10 85 23 29 17 83 84 55 21 27 9 12 88 20 96 24 68 14 88 64 51 86 33 6 36 99 95 41 60 20 34 69 4 8 97 73 43 33 27 63 59 88 74 98 59 70 21 27 35 61 42 37 98 26 42 33 24 88 74 35 8 59 3 63 19 52 35 61 84 14 23 42 1 97 92 59 18 12 37 4 24 30 92 74 55 33 6 31 21 31 65 80 42 20 42 12 71 29 72 54 42 46 47 42 94 38 52 63 2 41 18 25 70 9 98 77 94 56 7 66 38 23 45 79 42 38 90 12 66 13 17 7 11 64 100 4 1 4 19 2 44 36 79 65 97 28 41 90 35 99 7 73 74 51 3 67 40 45 79 6 57 47 64 67 10 64 23 63 19 41 16 62 28 94 78 24 74 71 65 8 69 71 32 94 21 35 61 61 79 91 18 87 37 81 6 47 96 28 9 14 68 24 27 95 70 5 71 95 75 35 2 95 6 86 89 78 20 1 90 50 91 7 36 27 88 41 25 83 20 85 49 87 61 75 34 30 79 56 24 5 90 77 100 95 62 40 25 33 40 14 82 30 21 70 11 99 8 92 99 74 11 45 83 26 50 60 75 24 50 38 51 6 93 43 94 71 66 74 78 53 82 3 22 55 97 84 53 4 75 4 29 37 48 11 15 50 22 89 25 23 78 28 28 70 22 74 93 88 47 70 92 80 72 13 34 21 48 39 24 75 42 53 11 41 15 77 42 37 66 67 59 95 94 39 65 67 12 9 54 10 78 46 90 1 10 75 21 58 13 45 84 54 49 94 47 63 71 88 51 88 54 62 82 99 100 98 66 63 6 71 24 35 68 13 36 30 88 8 39 100 4 22 6 52 15 52 67 37 91 17 24 45 78 58 95 29 55 12 91 13 35 15 47 2 79 82 31 18 42 69 70 45 90 75 97 57 78 63 93 68 31 69 64 9 26 11 89 32 22 80 44 8 46 91 10 76 24 92 94 65 61 15 10 2 89 58 58 18 72 3 85 2 71 49 62 48 11 51 79 84 82 23 92 27 13 1 54 88 44 99 53 4 13 14 58 53 71 67 70 94 69 7 95 91 7 57 38 17 7 69 100 88 91 43 66 55 43 71 94 87 70 46 42 34 11 51 39 81 18 8 74 38 66 21 29 72 77 18 40 35 86 40 74 28 82 91 34 77 61 28 15 82 25 8 68 36 59 6 68 76 65 94 13 31 14 93 2 42 63 42 76 100 33 1 84 87 7 5 54 58 62 51 52 69 46 78 56 81 76 37 96 38 76 94 73 38 93 63 20 15 88 3 64 72 71 39 93 29 43 46 86 4 48 89 25 46 66 80 26 42 68 21 79 95 14 3 33 58 66 4 73 5 6 88 29 76 27 21 57 69 18 42 25 18 31 49 63 96 80 88 89 100 8 67 94 73 22 78 30 39 81 54 95 38 42 23 66 20 95 22 40 65 63 16 82 45 16 44 41 96 83 29 47 90 48 92 62 69 22 43 7 2 97 1 92 38 76 57 9 22 78 48 38 92 64 19 37 31 14 29 78 96 57 24 37 56 68 50 76 89 93 34 42 89 87 33 78 62 89 86 35 18 85 73 10 100 43 98 31 57 26 8 4 34 32 93 90 51 42 17 39 34 51 80 22 37 13 51 50 53 36 84 23 73 8 84 72 51 81 2 59 6 62 62 91 45 6 80 95 48 49 33 81 99 12 55 35 76 57 36 81 93 19 3 17 27 86 88 77 18 42 87 23 55 100 13 99 6 45 93 53 45 77 85 43 40 39 29 68 96 64 48 40 34 50 56 60 87 95 88 4 88 74 78 42 74 42 40 79 38 84 83 82 12 67 24 52 58 4 19 5 67 18 44 1 67 51 12 5 97 100 8 85 25 37 26 50 78 18 28 16 53 62 97 65 29 36 87
0 16 8
0 33 60
0 45 10
0 54 33
0 59 42
0 80 30
0 93 17
0 126 42
0 151 68
0 200 29
0 209 17
0 222 53
0 224 58
0 244 95
0 251 8
0 269 33
0 280 52
1 13 50
1 26 62
1 42 51
1 44 96
1 47 75
1 55 42
1 72 20
1 78 8
1 90 81
1 108 34
1 165 41
1 170 62
1 192 54
1 260 10
1 264 21
1 265 13
1 296 72
2 18 5
2 25 6
2 31 53
2 65 74
2 83 48
2 86 72
2 98 2
2 119 16
2 141 77
2 245 12
2 248 62
2 267 36
2 283 96
2 298 13
3 12 85
3 28 57
3 50 15
3 55 81
3 82 84
3 108 56
3 149 52
3 174 43
3 178 88
3 187 85
3 242 83
4 7 1
4 8 90
4 11 45
4 27 22
4 42 54
4 46 68
4 85 26
4 121 12
4 122 72
4 149 99
4 153 11
4 155 95
4 208 1
4 209 26
4 212 71
4 218 64
4 263 87
4 285 59
4 287 59
4 294 52
5 15 43
5 66 16
5 77 66
5 124 75
5 128 51
5 148 22
5 189 79
5 215 93
5 243 61
5 268 63
5 284 27
5 296 62
6 25 53
6 27 23
6 31 83
6 71 58
6 89 42
6 95 60
6 135 69
6 137 13
6 157 59
6 159 79
6 187 60
6 215 11
6 249 4
6 266 82
6 269 74
6 288 43
7 26 40
7 35 32
7 37 94
7 43 35
7 48 99
7 56 11
7 59 61
7 65 1
7 69 84
7 76 39
7 82 93
7 100 45
7 174 2
7 186 72
7 213 6
7 214 6
7 219 94
7 227 40
7 283 15
7 287 36
8 30 99
8 70 84
8 94 100
8 116 9
8 140 14
8 150 59
8 162 71
8 189 70
8 197 41
8 236 96
8 279 12
9 138 32
9 170 28
9 210 57
9 226 66
9 257 78
9 265 67
10 17 27
10 40 31
10 60 51
10 120 65
10 143 23
10 155 95
10 173 18
10 177 46
10 180 52
10 204 75
10 206 40
10 232 91
10 247 90
10 279 27
10 283 41
11 24 73
11 26 26
11 31 50
11 63 86
11 77 37
11 105 20
11 145 55
11 186 29
11 212 16
11 214 18
11 245 60
12 15 95
12 24 26
12 38 26
12 63 24
12 67 93
12 81 4
12 99 54
12 118 95
12 149 68
12 151 29
12 185 41
12 186 38
12 250 74
12 279 92
12 298 12
13 20 65
13 45 34
13 84 1
13 90 91
13 102 74
13 130 25
13 162 69
13 226 23
13 249 63
13 254 5
13 279 95
14 23 69
14 46 33
14 76 10
14 108 87
14 112 92
14 200 56
14 209 12
14 227 69
14 245 31
15 16 56
15 49 72
15 83 85
15 142 50
15 160 92
15 180 65
15 212 90
15 234 29
15 243 90
15 268 33
16 53 40
16 72 55
16 85 66
16 187 93
16 205 97
16 230 40
16 252 69
16 255 17
16 260 62
16 275 31
16 291 21
17 23 56
17 25 100
17 28 5
17 35 17
17 39 38
17 82 49
17 86 24
17 88 1
17 103 69
17 109 55
17 144 57
17 158 41
17 159 91
17 160 58
17 171 32
17 185 55
17 236 48
17 276 60
17 295 44
18 40 80
18 56 51
18 89 50
18 111 46
18 129 95
18 163 99
18 191 37
18 203 64
18 242 15
18 272 98
19 42 94
19 44 88
19 95 6
19 102 45
19 127 44
19 163 74
19 168 82
19 181 92
19 221 50
19 228 35
19 255 61
19 271 4
20 37 91
20 43 53
20 63 94
20 64 48
20 85 84
20 98 100
20 110 47
20 126 95
20 136 95
20 138 79
20 148 97
20 153 45
20 161 76
20 213 92
20 214 95
20 287 12
20 288 7
21 34 9
21 40 61
21 49 100
21 63 96
21 132 18
21 149 97
21 153 40
21 189 44
21 218 30
21 234 83
21 249 93
21 256 64
21 291 95
22 28 96
22 30 54
22 38 47
22 44 41
22 46 54
22 68 82
22 70 40
22 110 100
22 118 76
22 127 86
22 135 30
22 171 25
22 186 30
22 202 5
22 231 16
22 241 24
22 262 68
22 287 74
22 291 85
23 45 29
23 60 25
23 119 32
23 121 46
23 129 21
23 171 71
23 264 41
23 280 51
23 284 6
23 294 33
24 35 66
24 45 100
24 61 80
24 84 72
24 93 47
24 110 72
24 118 25
24 119 28
24 120 63
24 172 76
24 187 56
24 195 49
24 204 6
24 206 80
24 216 78
24 223 62
25 60 47
25 68 54
25 77 30
25 130 20
25 140 90
25 157 58
25 163 44
25 167 21
25 178 55
25 188 17
25 191 44
25 202 96
25 249 19
25 252 49
25 254 80
25 280 84
25 288 100
26 29 60
26 41 55
26 54 46
26 78 31
26 79 31
26 81 26
26 107 94
26 124 7
26 143 33
26 153 94
26 200 64
26 217 12
26 233 23
26 266 25
26 272 10
26 273 28
27 62 6
27 67 81
27 83 17
27 89 15
27 93 76
27 100 90
27 112 70
27 144 92
27 158 33
27 181 17
27 190 10
27 221 33
27 226 48
27 232 46
27 294 32
28 43 7
28 49 100
28 62 30
28 66 90
28 68 31
28 124 7
28 187 35
28 194 89
28 234 39
28 246 28
28 259 52
28 260 2
28 272 2
28 297 28
29 70 11
29 84 30
29 109 34
29 130 91
29 141 46
29 144 48
29 162 18
29 164 35
29 200 69
29 206 10
29 220 19
29 253 37
30 44 71
30 62 51
30 66 85
30 76 16
30 78 83
30 96 43
30 122 68
30 139 64
30 163 32
30 167 50
30 178 70
30 218 18
30 269 38
30 273 8
30 285 97
31 85 41
31 93 9
31 167 99
31 216 68
31 218 71
31 244 28
31 248 53
31 267 13
31 272 25
31 279 53
31 287 30
31 296 12
31 299 21
32 56 91
32 92 30
32 122 58
32 163 62
32 174 81
32 227 42
32 265 29
32 276 15
32 293 84
32 297 48
33 70 30
33 107 68
33 126 97
33 145 99
33 176 37
33 226 86
33 240 6
33 247 86
33 261 26
33 294 66
33 298 36
34 51 46
34 55 36
34 65 15
34 82 50
34 87 100
34 92 39
34 116 2
34 121 29
34 159 50
34 193 23
34 216 20
34 235 80
34 248 32
34 254 33
34 284 12
35 80 25
35 83 61
35 84 78
35 89 60
35 95 61
35 101 7
35 132 79
35 134 57
35 138 5
35 144 68
35 155 43
35 182 62
35 198 5
35 223 20
35 232 79
35 290 40
36 40 65
36 62 14
36 82 54
36 89 67
36 90 65
36 123 44
36 131 68
36 156 93
36 159 46
36 177 42
36 180 12
36 191 77
36 202 73
36 234 96
36 241 40
36 246 49
36 255 9
36 278 17
37 45 61
37 55 69
37 61 23
37 66 39
37 110 77
37 119 79
37 173 58
37 243 19
37 265 92
37 287 62
38 118 91
38 155 70
38 192 1
38 271 7
38 282 35
39 91 6
39 101 73
39 115 99
39 122 2
39 137 41
39 147 91
39 174 47
39 176 82
39 207 55
39 261 75
39 280 7
39 290 50
40 56 14
40 66 7
40 73 10
40 119 30
40 134 67
40 203 78
40 224 4
40 237 58
40 240 55
40 252 82
40 279 15
41 52 25
41 64 73
41 76 77
41 81 15
41 86 94
41 88 77
41 114 74
41 131 28
41 158 35
41 168 46
41 175 26
41 196 36
41 233 38
41 243 68
41 288 34
42 72 72
42 87 22
42 117 8
42 144 30
42 155 24
42 200 21
42 226 36
42 227 33
42 255 2
42 271 3
42 273 63
42 280 5
42 284 12
43 57 69
43 69 38
43 88 26
43 100 93
43 140 10
43 148 2
43 154 60
43 156 3
43 166 31
43 168 85
43 184 82
43 186 65
43 191 30
43 225 7
43 231 52
43 235 20
43 262 26
43 265 85
43 285 91
44 80 48
44 83 92
44 96 20
44 122 23
44 132 64
44 140 7
44 164 7
44 179 65
44 187 61
44 224 21
44 225 69
44 244 72
44 275 89
44 276 6
45 46 98
45 106 34
45 144 67
45 162 51
45 168 93
45 180 21
45 239 81
45 282 77
45 288 2
46 58 97
46 60 58
46 67 60
46 92 48
46 105 29
46 125 85
46 176 84
46 193 19
46 202 84
46 209 75
46 218 90
46 220 58
46 225 90
46 233 97
46 235 65
46 241 54
46 255 57
46 257 37
46 261 22
46 262 81
46 265 26
46 267 79
46 275 78
46 277 59
47 53 45
47 61 28
47 69 3
47 74 17
47 102 61
47 107 31
47 113 18
47 155 9
47 172 40
47 212 29
47 214 57
47 225 69
47 278 14
48 64 92
48 87 87
48 114 49
48 122 19
48 161 29
48 200 7
48 201 8
48 206 25
48 214 23
48 241 62
48 268 33
49 54 59
49 78 35
49 83 13
49 97 36
49 104 14
49 115 42
49 143 94
49 186 10
49 187 22
49 193 48
49 194 27
49 205 82
49 276 30
49 277 44
49 285 90
49 293 70
50 58 25
50 63 98
50 90 38
50 102 38
50 115 42
50 135 76
50 217 86
50 251 60
50 280 4
50 286 44
50 290 67
51 61 80
51 76 66
51 87 28
51 105 13
51 131 77
51 140 15
51 150 77
51 204 12
51 278 28
51 299 19
52 75 58
52 82 37
52 178 40
52 214 57
52 221 63
52 228 73
52 231 87
52 233 59
52 234 14
52 281 56
53 56 83
53 74 64
53 103 45
53 125 72
53 133 5
53 180 20
53 195 9
53 196 64
53 231 76
53 257 53
53 271 30
54 55 55
54 68 70
54 106 10
54 120 19
54 126 46
54 149 24
54 170 96
54 195 10
54 200 3
54 206 66
54 223 19
54 238 91
54 255 5
54 266 75
54 278 54
54 297 29
54 299 61
55 86 64
55 87 42
55 98 68
55 110 98
55 117 57
55 138 12
55 142 21
55 146 61
55 151 84
55 159 29
55 165 24
55 167 59
55 173 33
55 178 6
55 201 65
55 215 3
55 223 67
55 249 84
55 252 100
55 263 42
55 285 31
55 286 61
55 290 96
55 296 96
56 78 79
56 81 86
56 104 52
56 125 6
56 144 91
56 156 32
56 205 66
56 207 54
56 214 73
56 219 34
56 239 3
56 242 82
56 288 97
57 63 23
57 79 42
57 83 80
57 101 52
57 130 18
57 145 90
57 156 36
57 178 75
57 187 55
57 188 38
57 217 41
57 233 90
57 253 90
57 256 34
58 86 72
58 91 50
58 109 29
58 117 67
58 139 81
58 165 14
58 187 70
58 209 86
58 226 5
58 241 1
58 248 3
58 251 10
58 285 25
59 89 88
59 92 65
59 98 6
59 128 85
59 133 87
59 134 48
59 143 16
59 189 90
59 206 17
59 225 6
59 241 26
59 290 91
60 146 12
60 153 15
60 181 83
60 202 53
60 208 4
60 209 16
60 221 24
60 224 6
60 240 44
60 243 90
60 245 38
60 259 9
60 260 11
60 263 23
60 272 65
60 285 11
61 126 25
61 136 27
61 163 87
61 180 13
61 193 91
61 207 93
61 220 49
61 262 77
61 297 92
61 299 64
62 68 19
62 76 60
62 86 21
62 109 96
62 132 50
62 175 84
62 195 10
62 199 32
62 202 36
62 215 66
62 225 99
62 245 59
62 267 23
62 295 94
63 94 100
63 103 60
63 105 2
63 106 10
63 122 34
63 166 19
63 167 72
63 181 58
63 208 45
63 228 59
63 244 22
63 265 35
64 99 3
64 111 22
64 113 63
64 164 46
64 203 38
64 209 81
64 242 5
64 243 10
64 261 76
64 271 6
64 295 94
65 100 38
65 109 37
65 115 29
65 159 3
65 173 35
65 177 40
65 189 77
65 242 80
65 244 39
65 256 36
65 273 81
65 289 1
66 78 69
66 92 99
66 93 24
66 94 78
66 103 95
66 109 34
66 111 52
66 116 29
66 145 36
66 151 73
66 155 44
66 166 33
66 178 10
66 182 24
66 187 37
66 203 72
66 208 52
66 217 42
66 228 65
66 234 41
66 280 30
66 297 45
66 299 95
67 99 16
67 148 84
67 190 71
67 245 95
67 278 75
67 280 58
67 290 28
67 293 75
68 94 26
68 112 78
68 135 50
68 140 55
68 141 73
68 165 84
68 171 6
68 182 53
68 191 19
68 195 31
68 216 96
68 227 4
68 271 92
68 274 72
68 276 40
68 286 63
68 295 75
69 139 34
69 147 27
69 155 15
69 171 15
69 182 24
69 188 9
69 258 31
69 266 7
69 269 31
69 285 77
70 76 81
70 105 88
70 115 56
70 121 7
70 144 65
70 146 34
70 151 57
70 159 71
70 184 6
70 196 40
70 200 29
70 225 10
70 234 10
70 236 59
70 260 6
70 275 13
70 292 2
71 100 77
71 148 5
71 165 65
71 166 51
71 216 90
71 219 43
71 236 17
71 246 4
71 249 66
71 250 77
72 108 86
72 109 25
72 156 7
72 167 15
72 181 57
72 184 46
72 226 70
72 233 64
72 246 62
72 275 3
72 284 72
72 289 32
73 78 60
73 107 63
73 112 60
73 191 70
73 220 72
73 231 70
73 232 27
73 235 37
73 267 72
73 277 3
73 286 93
73 290 88
73 292 5
74 76 82
74 150 30
74 192 21
74 232 37
75 81 48
75 153 97
75 169 75
75 193 72
75 212 55
75 229 89
75 241 28
75 253 100
75 255 10
76 84 43
76 118 13
76 144 65
76 153 66
76 155 44
76 180 76
76 205 28
76 227 56
76 250 97
76 281 52
76 289 77
77 79 23
77 89 88
77 118 48
77 124 77
77 130 80
77 157 87
77 164 81
77 167 13
77 197 17
77 219 53
77 237 1
77 242 16
77 251 1
77 264 75
78 155 39
78 192 7
78 195 15
78 198 18
78 265 58
78 277 77
78 295 13
79 94 70
79 100 41
79 112 78
79 177 66
79 182 16
79 201 6
79 224 21
79 226 13
79 276 57
79 282 97
80 107 35
80 118 96
80 125 97
80 132 64
80 143 27
80 173 83
80 181 44
80 195 39
81 122 51
81 131 49
81 132 91
81 135 18
81 150 1
81 154 18
81 166 56
81 226 8
81 285 32
82 118 26
82 119 65
82 138 60
82 149 38
82 175 35
82 180 100
82 196 15
82 210 100
82 263 16
82 288 72
82 295 72
83 126 80
83 160 28
83 218 68
83 229 14
83 256 75
83 272 16
83 288 77
84 145 1
84 148 99
84 195 73
84 212 91
84 226 1
84 238 73
84 267 82
85 138 19
85 139 73
85 149 99
85 160 74
85 162 80
85 175 82
85 186 99
85 212 45
85 227 42
85 231 88
85 232 31
85 258 41
85 268 55
85 274 30
85 285 8
86 88 26
86 93 53
86 107 87
86 113 6
86 137 20
86 139 53
86 149 80
86 170 88
86 177 29
86 183 81
86 225 86
86 230 53
86 233 71
86 262 86
86 279 25
86 284 4
87 109 4
87 124 50
87 155 2
87 163 30
87 167 29
87 186 84
87 196 80
87 238 25
87 282 25
88 105 68
88 108 55
88 112 17
88 176 74
88 198 36
88 220 25
88 238 99
88 255 88
88 256 63
88 286 56
88 298 60
89 134 15
89 202 88
89 249 47
89 251 96
89 292 20
90 158 84
90 170 48
90 202 42
90 210 21
90 216 25
90 238 46
90 242 77
90 244 74
90 270 47
90 292 6
90 296 54
91 149 82
91 157 37
91 158 79
91 170 58
91 191 56
91 220 85
91 244 27
91 246 29
91 271 73
91 279 3
91 281 80
92 104 60
92 105 65
92 114 87
92 115 71
92 118 80
92 120 74
92 188 69
92 200 27
92 206 93
92 256 52
93 128 26
93 144 35
93 218 73
93 219 50
93 220 32
93 263 1
93 284 75
94 123 30
94 163 6
94 169 81
94 190 12
94 194 94
94 211 11
94 213 21
95 143 50
95 163 95
95 176 47
95 179 30
95 211 19
95 215 49
95 243 61
95 246 31
95 254 66
95 260 48
95 286 1
95 287 45
95 291 21
96 108 70
96 120 23
96 131 66
96 165 73
96 209 48
96 244 52
96 297 45
97 119 50
97 123 83
97 153 97
97 163 76
97 167 12
97 183 2
97 207 56
97 247 75
97 249 48
97 261 66
97 267 96
97 284 49
98 112 13
98 118 94
98 119 78
98 180 31
98 202 43
98 212 39
98 254 61
98 272 8
98 278 38
98 294 62
98 297 4
99 113 58
99 148 83
99 174 26
99 186 75
99 195 55
99 200 25
99 208 26
99 221 52
99 240 74
99 294 60
100 116 48
100 131 50
100 143 72
100 160 2
100 162 5
100 165 98
100 177 49
100 225 23
100 247 93
100 248 49
100 250 35
100 257 87
101 115 26
101 134 65
101 141 81
101 153 16
101 159 26
101 164 40
101 184 53
101 187 39
101 190 43
101 215 63
101 229 21
101 242 20
101 269 37
102 109 75
102 125 44
102 163 15
102 209 78
102 212 70
102 218 74
102 231 26
102 233 71
102 240 97
103 130 79
103 180 27
103 202 95
103 218 27
103 241 49
103 243 39
103 258 75
103 282 83
104 107 77
104 133 52
104 145 100
104 147 9
104 169 20
104 190 25
104 197 48
104 212 24
104 219 15
104 232 90
104 291 86
104 295 35
105 128 61
105 148 75
105 156 61
105 173 57
105 180 41
105 189 39
105 195 78
105 203 14
105 204 16
105 221 48
105 225 63
105 262 94
105 268 74
105 287 9
106 167 72
106 225 75
106 244 47
106 249 98
106 267 9
106 270 76
106 274 1
106 286 8
106 291 84
107 111 20
107 148 84
107 152 84
107 154 44
107 208 98
107 228 25
107 240 81
107 242 84
107 261 86
107 268 7
107 284 97
108 117 94
108 143 47
108 147 87
108 157 71
108 161 13
108 228 2
108 256 18
108 279 27
108 299 47
109 121 43
109 127 35
109 146 70
109 151 69
109 154 33
109 155 67
109 168 78
109 174 60
109 200 19
109 217 37
109 218 44
109 238 39
109 241 21
110 113 27
110 116 34
110 167 70
110 169 51
110 171 66
110 181 6
110 190 88
110 205 73
110 213 2
110 231 81
110 234 71
110 275 88
110 278 51
111 113 35
111 123 41
111 126 20
111 151 61
111 178 87
111 204 15
111 211 47
111 237 56
111 239 83
111 241 80
111 299 74
112 122 12
112 139 39
112 145 44
112 166 49
112 182 34
112 192 34
112 222 21
112 227 12
112 249 67
112 252 42
112 268 15
113 137 85
113 152 47
113 153 54
113 157 9
113 161 48
113 177 35
113 187 79
113 204 87
113 217 37
113 238 66
113 261 27
113 276 57
113 278 26
113 284 13
113 293 71
113 295 73
114 136 20
114 142 53
114 177 4
114 193 45
114 195 65
114 212 42
114 244 89
114 246 65
114 260 28
114 286 22
115 139 85
115 180 91
115 188 41
115 196 78
115 264 5
115 266 25
115 279 25
115 294 59
116 136 33
116 145 24
116 167 45
116 175 63
116 188 11
116 199 81
116 205 28
116 225 37
116 292 37
117 118 6
117 133 50
117 151 59
117 153 78
117 154 21
117 156 64
117 228 81
118 130 66
118 153 80
118 158 74
118 177 6
118 189 44
118 204 53
118 208 27
118 227 80
118 233 44
118 284 67
119 152 57
119 160 48
119 174 43
119 190 33
119 212 58
119 214 27
119 255 57
120 132 2
120 133 90
120 145 67
120 151 83
120 153 69
120 157 3
120 181 71
120 196 74
120 212 4
120 216 82
120 236 51
120 256 77
120 260 45
120 267 83
120 268 42
120 291 76
121 152 9
121 173 99
121 175 71
121 211 61
121 257 25
121 266 50
121 276 4
121 286 44
122 128 58
122 130 4
122 163 38
122 192 91
122 253 13
122 285 65
122 288 47
123 126 15
123 144 54
123 161 65
123 166 49
123 169 74
123 189 67
123 197 19
123 201 48
123 210 23
123 214 52
123 220 50
123 274 99
124 136 96
124 145 33
124 147 92
124 176 71
124 182 93
124 198 90
124 214 41
124 224 53
124 226 66
124 230 42
124 237 9
124 256 61
124 263 52
124 286 64
124 299 99
125 128 42
125 139 76
125 141 15
125 191 40
125 201 90
125 255 20
125 257 56
125 264 90
125 278 93
126 138 74
126 142 61
126 179 40
126 200 96
126 217 12
126 221 90
126 234 46
126 248 8
126 267 74
126 282 37
127 145 30
127 279 66
128 140 78
128 157 23
128 176 70
128 179 96
128 204 16
128 239 78
128 249 56
128 256 67
128 266 93
128 285 6
129 271 60
129 273 69
129 279 20
129 285 51
130 147 10
130 160 39
130 168 6
130 178 100
130 220 32
130 234 80
130 237 12
130 270 23
130 292 27
131 144 23
131 147 12
131 189 73
131 258 82
131 278 85
131 288 9
131 291 12
131 292 2
132 154 39
132 211 86
132 219 72
132 268 34
132 270 1
132 281 1
132 292 41
133 134 68
133 146 94
133 150 47
133 187 79
133 192 14
133 256 18
133 278 30
134 156 75
134 179 57
134 196 35
134 208 26
134 212 40
134 241 14
134 289 37
134 294 14
135 138 41
135 145 60
135 149 26
135 154 65
135 172 41
135 207 62
135 209 25
135 224 4
135 226 64
135 251 63
135 258 89
135 264 35
135 272 48
135 277 90
135 284 35
135 297 89
136 147 9
136 163 80
136 167 87
136 222 87
136 242 93
136 256 4
136 269 16
137 155 68
137 173 12
137 213 3
137 229 93
137 238 3
137 250 68
138 171 30
138 198 17
138 201 60
138 205 41
138 219 42
139 186 24
139 212 81
139 249 55
139 251 49
140 144 85
140 158 18
140 168 63
140 171 25
140 186 4
140 207 11
140 284 14
140 292 91
140 293 99
141 211 74
141 225 70
141 233 85
141 245 13
141 260 15
141 262 40
141 282 28
141 290 82
142 182 52
142 210 82
142 218 26
142 250 54
142 252 50
142 279 7
142 294 70
143 164 9
143 180 47
143 268 63
143 271 33
144 146 80
144 166 18
144 180 33
144 183 64
144 216 87
144 245 95
144 282 40
144 292 91
145 241 5
145 268 54
145 280 33
146 168 55
146 175 79
146 194 2
146 207 39
146 247 91
146 250 16
146 252 79
147 179 71
147 253 49
147 261 82
147 287 52
148 153 27
148 175 35
148 189 1
148 269 33
148 281 57
148 289 62
149 154 32
149 158 19
149 161 46
149 165 11
149 214 88
149 241 78
149 289 26
150 168 27
150 186 72
150 230 65
150 270 17
150 272 29
150 275 70
150 296 1
151 170 83
151 183 49
151 203 2
151 209 22
151 214 91
151 237 70
151 274 52
151 287 61
152 164 18
152 180 85
152 238 65
152 251 44
152 275 19
152 276 65
152 287 29
153 154 27
153 188 78
153 202 60
153 205 98
153 214 23
153 216 70
153 231 85
153 262 100
153 266 95
153 271 11
153 277 24
153 280 11
154 155 79
154 157 52
154 162 81
154 190 79
154 199 34
154 214 29
154 228 33
154 234 7
154 235 19
154 268 2
154 289 10
154 298 32
155 192 71
155 234 94
155 245 96
155 250 67
155 288 65
156 186 12
156 199 95
156 242 91
156 260 90
156 275 54
157 177 40
157 209 12
157 212 75
157 229 25
157 235 64
157 243 21
157 249 87
157 256 87
157 268 31
157 273 18
158 177 90
158 180 11
158 199 48
158 220 23
158 289 91
158 294 80
159 240 82
159 259 62
160 167 33
160 197 91
160 223 93
160 239 56
160 266 85
160 275 88
161 177 22
161 197 1
161 200 51
161 233 68
161 251 43
161 260 40
161 293 73
161 299 83
162 199 4
162 200 47
162 219 59
162 257 19
163 175 67
163 178 97
163 194 57
163 272 49
163 273 14
163 278 46
163 290 60
164 229 14
164 263 20
164 270 50
164 274 45
164 299 1
165 171 11
165 225 78
165 241 44
165 268 55
165 285 85
166 175 80
166 185 94
166 205 6
166 280 80
166 298 45
167 178 25
167 182 22
167 184 36
167 209 97
167 280 4
167 295 91
168 185 43
168 187 14
168 237 61
168 255 61
168 273 11
168 275 17
168 295 61
169 200 24
169 209 14
169 226 20
169 241 37
169 280 34
169 281 22
170 185 34
170 186 86
170 188 84
170 247 63
170 253 29
170 263 91
170 286 47
171 173 8
171 209 84
171 227 4
171 274 87
171 293 80
172 188 28
172 208 61
172 209 16
172 212 24
172 213 16
172 222 58
172 233 18
172 268 30
172 279 19
172 282 78
173 191 40
173 200 87
173 202 90
173 203 63
173 205 1
174 182 10
174 220 52
174 231 86
174 241 83
174 255 85
174 257 71
174 268 18
174 285 47
174 294 100
175 182 8
175 184 45
175 186 7
175 237 44
175 250 48
175 259 46
176 256 23
176 267 75
176 272 6
177 190 90
177 200 98
177 204 21
177 243 100
177 250 67
177 255 2
177 259 18
178 218 96
178 245 41
178 251 56
178 273 85
179 184 56
179 185 56
179 194 46
179 258 59
179 266 41
180 195 28
180 262 95
180 287 12
180 289 98
180 293 93
180 297 63
181 211 57
181 270 37
181 274 69
181 283 100
181 298 84
182 194 66
182 197 75
182 245 10
183 196 23
183 233 16
183 297 59
184 198 96
184 227 15
184 233 25
184 241 97
184 244 84
184 264 20
184 273 38
184 275 40
184 278 4
185 208 93
185 209 47
185 221 50
185 248 51
185 266 88
185 293 29
185 295 45
186 268 51
186 295 78
187 196 37
187 217 13
187 219 35
187 236 25
187 238 33
187 255 86
187 269 8
187 284 51
187 291 12
188 195 69
188 214 73
188 239 80
188 273 27
189 191 68
189 205 46
189 259 51
189 273 65
189 282 30
190 193 22
190 215 54
190 236 21
190 237 25
190 255 46
190 264 67
190 269 26
190 276 48
190 277 6
190 279 7
190 280 44
190 282 56
191 205 84
191 216 32
191 259 20
191 290 70
191 291 56
192 204 5
192 217 8
192 221 15
192 225 55
192 238 71
192 252 83
192 257 27
192 262 50
192 287 9
193 206 95
193 212 96
193 218 11
193 222 11
193 240 77
193 248 32
193 278 64
193 279 97
193 287 8
193 294 61
194 248 15
194 253 34
194 255 8
194 279 73
194 282 92
195 224 3
195 285 80
195 288 27
195 289 86
195 299 100
196 198 49
196 204 41
196 237 4
196 242 56
196 263 7
196 266 58
196 271 78
196 273 41
196 275 36
196 287 80
196 288 1
197 220 30
197 230 27
197 235 11
198 225 40
198 232 3
198 249 94
198 290 55
198 295 51
199 206 1
199 208 15
199 211 17
199 224 86
199 230 22
199 256 89
199 267 77
199 283 76
200 276 69
200 299 56
201 203 61
201 204 20
201 222 4
201 226 53
201 264 23
202 217 11
202 231 59
202 237 32
202 254 88
202 257 99
202 258 67
202 264 19
202 273 51
202 290 49
203 214 45
203 275 61
203 283 40
203 285 47
204 235 54
204 238 95
204 248 49
204 273 7
204 280 9
204 296 66
205 227 44
205 245 83
206 221 6
206 228 73
206 235 58
206 268 74
206 292 28
207 217 71
207 275 45
207 298 31
208 286 23
209 213 67
209 214 93
209 234 34
209 241 50
209 254 80
210 240 84
210 248 69
210 261 99
210 293 35
211 243 17
211 251 95
211 279 95
212 251 56
212 274 94
212 285 1
213 226 50
213 229 42
213 246 59
213 277 11
213 285 59
214 242 2
214 245 93
215 248 65
215 286 74
216 225 50
216 280 90
216 288 53
217 257 72
217 258 35
217 262 83
217 269 95
218 223 53
218 235 75
218 248 28
218 262 55
219 221 7
219 255 11
219 277 23
219 290 57
220 221 45
220 249 39
220 281 51
221 239 92
221 257 46
221 259 44
221 262 44
221 283 48
221 286 38
222 240 2
222 246 58
222 270 96
223 245 55
223 264 50
223 269 12
224 283 81
225 239 51
225 254 2
225 275 33
225 292 23
226 257 88
228 230 16
228 239 69
228 269 92
228 278 42
228 296 96
229 259 46
229 299 100
230 241 58
230 248 20
230 261 56
230 265 55
231 293 10
232 268 59
233 238 98
233 283 56
233 285 54
234 260 41
234 262 55
234 287 91
235 239 94
235 249 12
235 253 87
235 263 48
235 290 13
235 294 50
236 248 28
236 250 15
236 259 51
236 271 61
236 292 89
237 260 90
237 264 28
237 286 57
237 292 82
238 242 21
238 244 4
238 249 79
238 262 21
238 286 14
239 273 99
239 292 76
240 248 68
240 277 8
240 297 86
241 270 17
241 277 15
241 289 40
242 260 57
242 286 69
242 293 30
243 261 2
243 286 32
243 287 68
244 262 1
245 263 44
246 269 18
247 281 81
247 293 59
248 257 20
249 275 41
249 277 47
249 284 62
249 290 20
249 299 56
250 283 43
251 284 40
251 295 59
252 299 73
254 256 12
254 259 72
254 268 23
254 283 40
255 275 91
255 277 31
256 257 25
256 265 7
256 266 97
256 293 64
257 285 15
257 291 66
258 268 46
258 270 16
258 287 97
258 298 13
260 281 17
261 271 93
261 296 82
261 298 97
262 273 3
263 291 54
265 284 89
266 286 1
267 275 15
267 295 60
268 281 56
269 284 9
270 277 99
270 279 67
271 282 81
271 283 63
272 278 38
273 283 4
273 297 2
274 279 29
275 277 86
277 285 26
277 295 87
278 280 82
278 290 42
278 293 2
279 285 47
279 290 87
279 291 17
280 299 96
281 296 51
282 285 85
282 291 88
283 292 85
284 299 81
286 289 90
289 290 38
290 292 21
291 296 90
300 319 28
300 332 16
300 346 41
300 347 13
300 353 44
300 368 3
300 380 40
300 421 8
300 453 35
300 488 17
300 504 18
300 515 2
300 539 2
300 567 26
300 587 7
300 592 19
301 321 3
301 334 21
301 367 12
301 371 17
301 372 3
301 403 25
301 415 10
301 450 5
301 452 18
301 467 22
301 485 48
301 527 45
301 535 23
301 571 32
302 330 45
302 333 50
302 378 47
302 386 37
302 395 15
302 403 41
302 417 40
302 461 6
302 469 50
302 482 24
302 486 22
302 488 19
302 494 27
302 538 23
302 564 44
302 572 33
302 580 44
302 599 48
303 306 5
303 308 5
303 322 15
303 347 8
303 364 32
303 377 26
303 418 14
303 427 49
303 445 49
303 513 13
303 527 44
303 541 21
303 558 44
303 572 40
303 584 23
304 306 42
304 333 27
304 357 37
304 362 34
304 369 16
304 372 42
304 379 36
304 390 41
304 393 14
304 406 4
304 418 17
304 437 38
304 459 50
304 463 49
304 475 31
304 499 47
304 515 5
304 545 38
304 555 13
305 306 14
305 315 19
305 327 40
305 377 27
305 410 19
305 435 40
305 437 39
305 480 14
305 498 11
305 530 34
305 541 4
305 569 35
306 335 26
306 388 32
306 407 23
306 418 11
306 426 47
306 443 16
306 457 46
306 505 37
306 514 31
306 527 50
306 571 5
306 588 19
307 316 49
307 369 5
307 377 1
307 392 45
307 405 9
307 412 38
307 424 10
307 429 23
307 456 8
307 473 49
307 533 1
307 554 29
307 557 39
307 599 42
308 312 42
308 346 1
308 357 25
308 416 47
308 421 35
308 488 2
308 489 28
308 508 9
308 551 13
308 559 26
308 568 24
308 592 8
309 347 14
309 351 5
309 406 7
309 408 18
309 463 23
309 464 7
309 481 22
309 502 25
309 504 4
309 524 33
309 528 13
309 559 13
309 567 7
309 577 22
309 583 11
309 589 7
310 314 50
310 329 1
310 336 48
310 370 42
310 375 1
310 394 25
310 414 40
310 417 37
310 489 28
310 510 18
310 511 45
310 516 40
310 519 45
310 530 21
310 536 50
310 586 9
310 592 25
311 317 6
311 384 26
311 431 49
311 450 15
311 455 50
311 457 23
311 465 18
311 467 32
311 485 35
311 491 30
311 529 38
311 551 9
311 567 42
311 580 46
312 372 8
312 394 43
312 411 46
312 418 49
312 429 45
312 432 22
312 449 41
312 456 32
312 460 49
312 525 8
312 552 28
313 329 39
313 384 2
313 389 48
313 395 38
313 410 12
313 471 24
313 474 45
313 487 40
313 491 22
313 496 11
313 509 39
313 511 45
313 513 28
313 534 22
313 553 31
313 565 7
313 567 11
313 578 39
313 590 49
314 315 6
314 459 49
314 489 43
314 491 3
314 500 49
314 502 37
314 528 24
314 531 39
314 540 20
314 546 23
314 590 46
315 345 50
315 371 13
315 373 50
315 376 49
315 419 2
315 447 13
315 453 23
315 460 48
315 509 2
315 532 46
315 536 9
315 550 42
315 561 40
315 565 36
316 339 15
316 356 23
316 360 45
316 365 25
316 367 13
316 388 43
316 396 33
316 415 11
316 432 37
316 496 35
316 541 10
316 573 25
317 326 9
317 356 50
317 429 45
317 438 31
317 466 48
317 482 46
317 492 43
317 527 47
317 541 44
317 542 46
317 552 9
317 568 18
318 322 43
318 336 13
318 356 14
318 360 1
318 368 4
318 373 5
318 378 37
318 399 21
318 413 29
318 507 31
318 510 45
318 517 42
318 523 25
318 533 27
318 581 4
318 598 11
319 322 14
319 324 15
319 331 37
319 378 22
319 379 15
319 383 31
319 384 4
319 395 12
319 429 26
319 441 48
319 455 10
319 473 22
319 483 43
319 518 20
319 520 39
319 553 35
320 340 32
320 347 4
320 363 36
320 365 38
320 391 9
320 397 24
320 419 8
320 433 37
320 439 6
320 445 4
320 479 30
320 506 30
320 537 33
320 547 34
320 570 42
321 368 46
321 377 50
321 408 28
321 412 19
321 440 16
321 458 11
321 466 24
321 479 27
321 481 38
321 486 21
321 491 38
321 509 9
321 557 15
322 338 8
322 375 50
322 379 1
322 414 41
322 438 5
322 449 38
322 551 30
322 587 13
323 339 11
323 355 39
323 420 2
323 433 16
323 502 43
323 514 33
323 530 47
323 533 27
323 565 18
323 582 38
323 595 22
324 363 18
324 373 18
324 384 42
324 472 33
324 483 30
324 490 15
324 495 12
324 506 17
324 509 37
324 511 49
324 527 28
324 533 1
324 554 8
324 571 29
324 576 3
325 364 49
325 398 33
325 475 41
325 510 28
325 511 48
325 517 3
325 558 19
325 568 1
326 372 19
326 395 11
326 399 33
326 401 17
326 407 37
326 412 1
326 452 7
326 467 10
326 471 18
326 491 24
326 534 3
326 542 2
326 546 3
326 570 17
327 335 13
327 355 21
327 374 5
327 388 14
327 418 48
327 463 5
327 500 21
327 506 26
327 517 9
327 531 19
327 566 11
327 589 49
328 350 49
328 414 8
328 421 2
328 471 17
328 478 8
328 506 22
328 521 29
328 552 42
328 579 38
328 583 17
329 334 42
329 338 46
329 347 26
329 353 11
329 362 19
329 369 30
329 382 13
329 440 23
329 446 46
329 462 27
329 497 44
329 534 50
329 548 40
329 557 43
329 563 6
329 571 11
329 588 21
329 591 14
330 337 31
330 352 31
330 406 15
330 415 31
330 443 40
330 452 18
330 462 47
330 498 49
330 516 39
330 521 25
330 553 40
330 560 28
330 580 41
330 586 32
331 357 24
331 370 18
331 384 44
331 390 44
331 412 47
331 532 6
331 539 19
331 566 44
331 567 35
331 575 14
331 590 45
332 344 26
332 365 6
332 417 50
332 421 36
332 444 28
332 456 16
332 458 19
332 499 10
332 502 30
332 506 49
332 511 49
332 527 47
332 534 48
332 536 47
332 588 37
332 589 22
333 356 39
333 361 16
333 366 15
333 426 20
333 434 39
333 445 34
333 462 13
333 485 35
333 534 33
333 555 21
333 560 3
333 588 28
334 335 7
334 342 16
334 352 23
334 358 32
334 410 23
334 413 24
334 422 20
334 423 1
334 439 39
334 452 38
334 467 12
334 498 20
334 501 38
334 526 11
334 563 18
335 343 35
335 437 9
335 438 6
335 454 9
335 485 47
335 508 22
335 540 25
335 559 18
336 362 12
336 366 8
336 398 33
336 406 46
336 590 42
336 593 5
337 378 50
337 428 20
337 492 11
337 503 17
337 505 42
337 512 42
337 547 40
337 551 17
337 553 11
337 559 42
337 562 8
338 380 50
338 382 3
338 385 29
338 441 38
338 597 15
339 354 47
339 355 22
339 385 24
339 458 4
339 488 32
339 520 22
339 526 25
339 527 6
339 587 40
339 589 39
340 439 14
340 451 24
340 458 34
340 491 7
340 505 28
340 509 36
340 517 26
340 530 38
340 580 2
340 590 19
341 352 31
341 371 41
341 388 38
341 409 42
341 424 34
341 456 45
341 464 41
341 481 39
341 495 23
341 509 30
341 512 3
341 520 21
341 555 2
341 564 28
342 356 25
342 361 35
342 362 50
342 385 1
342 396 41
342 403 41
342 415 39
342 454 6
342 473 16
342 483 25
342 529 12
342 546 43
342 549 10
342 550 40
342 562 32
342 592 11
343 372 10
343 431 12
343 438 4
343 449 47
343 454 5
343 457 39
343 472 41
343 531 46
343 534 27
343 537 16
343 538 25
343 546 30
343 569 36
343 572 28
344 368 7
344 377 12
344 456 15
344 479 8
344 492 15
344 512 5
344 538 50
344 565 3
344 573 10
344 594 15
345 370 29
345 383 23
345 399 7
345 406 38
345 417 12
345 424 38
345 447 1
345 451 22
345 474 2
345 486 4
345 491 18
345 497 6
345 509 42
345 514 11
345 542 3
345 566 21
345 595 28
346 364 30
346 456 50
346 480 13
346 494 9
346 495 8
346 533 27
346 554 23
346 555 16
346 560 41
346 589 27
346 590 15
346 593 45
347 382 36
347 393 32
347 426 24
347 473 11
347 499 38
347 516 13
347 524 22
347 525 28
347 539 13
347 562 45
347 569 29
348 363 18
348 370 15
348 385 36
348 388 10
348 391 25
348 403 39
348 412 30
348 436 2
348 455 18
348 458 31
348 481 16
348 489 26
348 549 40
348 554 44
348 558 49
348 562 5
348 564 34
348 583 27
348 592 22
349 371 31
349 395 13
349 405 3
349 440 4
349 453 23
349 472 42
349 480 16
349 503 46
349 514 21
349 533 29
349 537 41
349 546 49
349 555 48
349 573 5
350 370 37
350 373 9
350 383 31
350 389 25
350 395 40
350 415 34
350 439 44
350 468 20
350 482 49
350 526 19
351 372 10
351 419 43
351 444 19
351 465 16
351 479 28
351 491 46
351 498 39
351 532 8
351 553 10
351 576 43
351 583 13
352 354 34
352 362 35
352 403 29
352 428 29
352 438 5
352 484 9
352 510 21
352 517 6
352 528 6
352 534 27
352 550 44
352 558 15
352 565 7
352 582 18
352 588 4
352 591 40
353 359 13
353 401 26
353 423 41
353 434 31
353 442 37
353 449 33
353 457 2
353 460 2
353 463 12
353 491 47
353 503 43
353 507 22
353 559 8
353 577 35
353 594 34
354 406 41
354 412 21
354 422 14
354 429 21
354 439 28
354 440 22
354 441 44
354 463 33
354 491 30
354 562 20
354 584 26
355 356 46
355 359 27
355 361 45
355 382 1
355 385 18
355 393 7
355 460 28
355 493 8
355 497 39
355 514 14
355 557 42
355 578 42
355 585 18
355 595 4
356 374 38
356 377 10
356 379 25
356 391 47
356 396 46
356 409 8
356 420 39
356 445 17
356 503 22
356 509 10
356 517 44
356 541 45
356 549 5
356 584 28
356 585 26
356 587 24
356 592 3
357 365 21
357 368 2
357 380 49
357 398 22
357 414 20
357 419 7
357 424 1
357 433 27
357 440 45
357 476 15
357 509 19
357 542 37
357 567 32
357 570 22
358 360 26
358 365 43
358 382 48
358 387 25
358 409 38
358 427 7
358 455 13
358 462 4
358 489 28
358 491 24
358 492 49
358 496 25
358 526 28
358 532 26
358 565 50
358 574 2
358 577 30
358 588 23
359 385 5
359 389 28
359 447 46
359 483 24
359 513 34
359 523 46
359 564 1
359 579 31
359 582 10
360 372 21
360 408 19
360 442 43
360 473 44
360 497 46
360 506 35
360 517 41
360 524 20
360 532 23
360 566 47
360 582 33
360 585 28
360 595 27
361 387 6
361 392 29
361 430 3
361 474 36
361 478 4
361 479 2
361 480 39
361 484 34
361 486 24
361 513 43
361 524 13
361 544 19
361 582 17
361 591 49
362 374 15
362 377 19
362 390 31
362 402 26
362 416 41
362 474 49
362 492 19
362 501 34
362 517 44
362 523 5
362 527 26
362 563 16
363 379 29
363 381 22
363 412 48
363 447 7
363 470 50
363 488 5
363 542 35
363 544 2
363 557 40
363 558 40
363 562 6
363 577 30
364 428 23
364 453 29
364 523 23
364 524 38
364 551 50
364 557 41
364 559 36
364 591 16
364 595 11
364 597 16
365 366 43
365 370 1
365 373 16
365 452 11
365 549 36
366 396 11
366 426 16
366 461 11
366 463 26
366 479 44
366 481 32
366 488 25
366 489 2
366 546 34
366 578 32
367 382 38
367 464 37
367 469 23
367 485 28
367 510 42
367 526 3
367 527 2
367 542 23
367 559 25
367 577 41
367 585 24
367 586 17
367 592 26
367 596 39
368 369 27
368 409 43
368 435 31
368 466 29
368 502 10
368 534 44
368 540 14
368 553 23
368 590 11
369 447 24
369 460 48
369 539 4
369 558 7
369 571 25
369 586 8
369 595 42
369 599 6
370 385 47
370 407 29
370 416 30
370 418 24
370 423 20
370 428 32
370 444 28
370 449 44
370 472 8
370 489 18
370 510 17
370 514 24
370 523 46
370 524 7
370 537 2
370 539 40
370 545 40
370 548 32
370 561 2
370 563 33
370 577 45
370 593 24
371 390 43
371 393 20
371 424 23
371 432 48
371 437 29
371 453 47
371 486 7
371 488 22
371 493 4
371 496 4
371 501 50
371 530 34
371 534 29
371 543 22
371 558 17
371 562 8
371 567 15
371 594 25
371 597 28
372 419 34
372 427 50
372 461 23
372 483 40
372 534 4
372 558 14
372 573 29
372 588 35
372 593 15
372 596 13
373 400 32
373 433 40
373 441 7
373 465 3
373 473 13
373 506 5
373 513 31
373 555 11
373 581 13
374 379 3
374 383 15
374 436 16
374 450 4
374 459 50
374 484 47
374 508 25
374 581 18
375 380 4
375 415 42
375 416 42
375 444 31
375 487 25
375 491 44
375 510 5
375 527 16
375 539 47
375 564 21
375 570 47
375 583 33
375 585 35
376 384 9
376 407 14
376 430 25
376 432 16
376 434 17
376 455 39
376 472 22
376 494 49
376 509 49
376 551 34
376 564 3
376 565 13
377 397 2
377 399 7
377 422 14
377 437 48
377 479 33
377 495 32
377 586 1
377 588 26
378 384 25
378 401 34
378 425 2
378 440 20
378 451 38
378 454 18
378 461 16
378 481 8
378 496 16
378 512 1
378 541 45
378 547 24
378 559 14
378 563 21
378 586 41
378 597 32
379 393 9
379 404 12
379 413 33
379 476 7
379 524 48
379 581 35
379 583 22
380 381 49
380 432 43
380 433 37
380 437 46
380 467 26
380 500 18
380 508 48
380 555 3
380 582 45
381 383 31
381 385 5
381 390 14
381 400 21
381 411 24
381 429 32
381 445 30
381 468 39
381 478 32
381 490 26
381 508 14
381 522 47
381 524 46
381 564 5
381 565 31
381 592 6
382 419 18
382 441 13
382 447 13
382 453 15
382 457 47
382 472 36
382 482 13
382 494 40
382 497 22
382 508 10
382 514 17
382 516 42
382 519 8
382 522 19
382 529 38
382 536 38
382 542 25
382 546 1
382 547 10
382 576 48
383 393 34
383 453 40
383 497 36
383 498 15
383 520 15
383 526 50
383 527 14
383 550 13
383 556 6
383 586 44
384 421 18
384 441 23
384 456 6
384 469 32
384 471 38
384 523 4
384 528 19
384 537 50
384 550 45
384 556 43
384 557 10
384 577 11
384 586 34
385 390 19
385 472 32
385 492 21
385 515 8
385 538 6
385 549 23
385 569 18
385 577 6
385 590 7
386 465 9
386 470 41
386 485 23
386 488 25
386 498 42
386 514 36
386 567 39
387 406 47
387 407 31
387 453 9
387 490 20
387 525 38
387 529 40
388 417 9
388 461 42
388 464 11
388 473 10
388 483 36
388 494 3
388 558 21
388 578 49
389 417 38
389 436 39
389 462 32
389 492 8
389 578 47
389 580 39
390 405 32
390 423 16
390 436 44
390 447 38
390 454 26
390 462 37
390 465 13
390 503 50
390 568 28
390 584 50
391 401 39
391 415 25
391 420 31
391 464 47
391 468 46
391 485 18
391 591 38
391 593 4
392 414 11
392 431 48
392 488 15
392 491 49
392 522 2
392 550 36
392 576 49
392 598 39
393 407 24
393 424 30
393 504 48
393 543 22
393 583 18
393 594 30
394 420 37
394 433 14
394 448 19
394 465 12
394 473 50
394 475 31
394 495 14
394 501 27
394 581 31
394 587 4
395 417 3
395 438 11
395 449 2
395 467 50
395 492 30
395 515 39
395 531 3
395 571 43
396 419 39
396 457 18
396 474 41
396 484 42
396 486 5
396 494 41
396 506 31
396 512 28
396 532 20
397 400 28
397 427 2
397 434 39
397 457 9
397 476 40
397 490 2
397 494 28
397 495 2
397 497 1
397 498 8
397 506 17
397 526 30
397 542 38
397 549 20
397 564 32
397 575 50
398 399 21
398 412 32
398 457 32
398 466 11
398 505 36
398 507 24
398 510 1
399 462 5
399 486 16
399 487 43
399 521 9
399 557 6
399 558 23
399 562 39
399 563 27
400 481 2
400 502 40
400 503 15
400 518 11
400 522 29
400 529 19
400 546 38
400 548 32
400 552 19
400 566 45
400 572 48
401 404 48
401 467 35
401 500 19
401 517 32
401 538 34
401 539 41
401 581 13
401 584 15
401 592 4
401 593 50
401 595 40
401 599 4
402 531 5
402 556 5
402 561 46
402 567 13
402 572 12
402 589 20
403 405 3
403 412 38
403 427 24
403 435 42
403 473 5
403 477 34
403 521 23
403 522 23
403 545 23
403 548 4
403 553 43
403 557 19
403 578 4
404 405 43
404 444 3
404 463 24
404 482 24
404 491 39
404 509 15
404 522 38
404 535 3
404 556 18
404 563 37
404 568 45
404 585 21
404 586 41
405 421 49
405 472 19
405 485 6
405 490 13
405 524 40
405 527 8
405 534 50
405 554 13
406 412 2
406 416 6
406 471 48
406 486 24
406 487 30
406 517 20
406 537 27
406 542 23
406 596 39
407 437 32
407 448 17
407 460 43
407 462 6
407 475 40
407 482 31
407 535 20
407 538 29
407 539 36
407 584 39
407 587 15
407 592 30
408 505 9
408 512 8
408 520 30
408 523 29
408 541 15
408 577 42
408 582 19
408 584 22
409 419 44
409 432 33
409 451 23
409 525 49
409 531 31
409 550 46
409 566 31
409 569 2
409 576 25
409 577 3
410 465 42
410 526 6
410 533 21
410 537 35
410 545 11
410 571 12
410 574 15
410 576 32
410 593 40
411 423 2
411 430 20
411 433 6
411 449 31
411 457 31
411 468 15
411 476 11
411 504 11
411 544 29
411 597 4
412 434 31
412 435 1
412 436 49
412 444 14
412 486 25
412 496 50
412 504 46
412 512 23
412 518 30
412 537 47
413 425 49
413 481 34
413 501 39
413 518 4
413 528 4
413 573 25
413 587 17
413 594 15
414 420 39
414 423 48
414 453 4
414 463 43
414 526 20
414 532 11
414 547 23
414 556 50
414 577 26
414 579 35
414 587 12
415 421 4
415 447 41
415 448 43
415 472 6
415 494 39
415 544 6
415 583 33
416 424 38
416 430 1
416 442 5
416 446 19
416 458 49
416 478 3
416 494 2
416 532 39
416 537 8
416 550 5
416 555 13
417 418 26
417 419 21
417 424 4
417 434 26
417 443 24
417 453 46
417 460 45
417 480 37
417 500 20
417 510 46
417 518 12
417 527 7
417 533 7
418 421 17
418 443 47
418 444 49
418 538 23
418 563 37
418 585 6
418 589 7
419 453 25
419 461 8
419 464 11
419 466 45
419 471 7
419 472 15
419 494 47
419 498 45
419 519 24
419 521 3
419 529 8
419 538 50
419 555 24
419 568 13
419 593 25
420 453 49
420 492 8
420 505 19
420 514 35
420 522 27
420 523 16
420 550 48
420 569 33
420 571 22
420 593 15
421 423 29
421 425 23
421 430 39
421 448 18
421 467 28
421 484 45
421 498 44
421 511 38
421 514 7
421 516 38
421 517 46
421 523 21
421 544 34
421 550 40
421 557 44
421 594 39
422 428 49
422 458 43
422 462 12
422 465 11
422 479 19
422 498 10
422 512 20
422 516 37
422 542 47
422 592 47
423 424 2
423 445 44
423 465 31
423 473 26
423 485 10
423 494 12
423 529 50
423 531 48
423 539 29
423 552 29
423 567 42
423 580 22
424 425 16
424 435 48
424 460 9
424 515 11
424 521 20
424 577 45
424 585 3
425 427 16
425 464 33
425 515 3
425 596 8
426 427 46
426 434 16
426 449 29
426 478 7
426 483 35
426 505 15
426 527 3
426 531 33
426 587 19
426 589 49
427 442 14
427 494 46
427 520 8
427 577 27
428 431 45
428 438 6
428 451 5
428 471 23
428 472 49
428 477 28
428 504 39
428 505 47
428 506 38
428 510 1
428 532 18
428 560 32
428 578 3
429 439 33
429 453 16
429 462 8
429 465 43
429 477 11
429 483 23
429 492 21
429 523 18
429 526 9
429 528 37
429 542 20
429 544 42
429 548 5
429 551 20
429 559 7
430 438 50
430 439 28
430 459 33
430 465 46
430 492 35
430 509 39
430 513 19
430 542 33
430 544 18
430 563 9
430 571 31
430 573 5
430 574 9
431 432 1
431 444 37
431 448 14
431 465 33
431 484 2
431 511 21
431 512 25
431 529 15
431 540 43
431 549 47
431 568 32
431 577 1
432 436 34
432 437 3
432 449 44
432 457 38
432 471 23
432 493 2
432 537 40
432 570 2
432 580 36
433 443 35
433 485 38
433 499 26
433 531 5
433 540 22
434 446 43
434 447 13
434 453 5
434 494 48
434 500 24
434 521 5
434 555 36
434 570 37
435 438 37
435 458 39
435 462 9
435 475 14
435 493 3
435 502 3
435 525 10
435 572 34
435 574 5
435 577 43
435 598 39
436 476 49
436 510 33
436 515 11
436 526 50
436 527 24
436 544 14
436 548 38
436 567 8
437 443 1
437 491 13
437 555 15
437 581 22
438 449 6
438 519 29
438 531 26
438 558 3
438 572 2
438 581 30
438 593 38
439 449 40
439 467 19
439 478 28
439 497 48
439 523 32
439 535 31
439 566 50
440 477 43
440 488 16
440 504 5
440 506 38
440 513 4
440 517 5
440 529 20
440 540 16
440 561 6
440 577 43
440 595 29
441 471 43
441 498 2
441 507 29
441 514 6
441 536 18
441 570 1
441 584 13
442 471 47
442 485 26
442 520 15
442 525 48
442 534 8
442 540 4
442 565 40
442 573 26
443 448 31
443 468 39
443 488 9
443 492 13
443 493 39
443 509 3
443 535 29
443 536 45
443 542 40
443 559 32
443 580 1
443 586 11
444 459 48
444 485 8
444 527 5
444 537 26
444 542 1
444 553 9
444 592 7
445 459 8
445 469 26
445 491 7
445 492 20
445 513 22
445 527 34
445 549 36
445 554 22
445 567 43
445 572 41
445 592 11
445 595 20
445 596 23
445 598 1
446 458 30
446 522 38
446 527 41
446 557 33
447 454 16
447 467 35
447 486 24
447 552 47
447 563 37
447 565 37
447 589 46
448 449 45
448 559 41
449 454 24
449 464 47
449 490 1
449 504 30
449 520 6
449 530 27
449 532 38
449 535 27
449 559 50
449 581 23
450 452 14
450 484 23
450 485 16
450 488 6
450 502 35
450 561 35
450 567 28
450 579 36
450 589 15
451 459 15
451 466 26
451 475 49
451 518 32
451 524 13
451 535 22
451 552 31
451 569 49
452 454 8
452 506 26
452 537 45
452 540 1
452 545 49
452 552 43
452 572 1
453 487 30
453 508 48
453 522 29
453 525 17
453 550 24
453 570 31
454 469 40
454 493 37
454 501 3
454 513 7
454 546 44
454 571 38
454 577 43
454 591 22
455 499 23
455 503 9
455 505 38
455 506 50
455 512 7
455 519 20
455 555 12
455 578 31
455 597 2
456 495 13
456 503 40
456 572 27
456 578 7
457 458 42
457 463 28
457 468 50
457 481 43
457 492 7
457 494 47
457 507 23
457 515 24
457 567 23
457 580 3
457 587 15
458 465 11
458 466 8
458 470 23
458 476 5
458 494 47
458 503 15
459 478 28
459 495 21
459 499 26
459 505 17
459 527 20
459 535 34
459 544 38
460 461 32
460 473 14
460 484 39
460 491 44
460 498 6
460 521 16
460 546 50
460 565 47
461 472 43
461 474 1
461 477 41
461 484 1
461 513 50
461 570 14
462 466 26
462 472 22
462 484 18
462 513 42
462 572 34
463 481 27
463 499 14
463 505 38
463 525 23
463 535 31
463 543 17
463 549 43
463 554 8
464 497 34
464 498 13
464 538 41
464 557 21
464 579 46
465 476 7
465 484 10
465 491 39
465 520 12
465 524 27
465 558 40
465 567 10
466 489 21
466 517 41
466 566 1
467 477 21
467 491 42
467 492 16
467 496 49
467 515 13
467 583 35
467 589 40
467 596 48
468 475 12
468 483 6
468 494 36
468 520 34
468 594 36
469 533 4
469 537 29
469 547 43
469 565 37
470 488 41
470 498 35
470 511 10
470 571 38
470 589 41
470 598 19
471 472 26
471 477 4
471 525 47
471 534 17
471 565 14
472 476 17
472 518 9
472 546 14
472 548 39
472 556 50
472 575 31
472 598 37
473 487 14
473 504 15
473 509 29
473 513 12
473 514 28
473 518 34
473 537 49
473 544 14
473 550 19
473 594 2
474 483 42
474 485 13
474 501 41
474 511 34
474 538 47
474 544 50
474 572 21
474 585 38
475 482 20
475 484 48
475 511 41
475 537 16
475 545 14
475 553 6
475 555 32
475 587 23
475 593 19
476 486 22
476 497 24
476 511 1
476 513 9
476 522 38
476 538 16
476 563 37
476 564 1
477 485 45
477 524 22
477 532 49
477 585 8
477 591 40
478 482 2
478 504 49
478 528 4
478 545 42
479 485 32
479 489 2
479 531 43
479 534 4
479 553 39
479 569 12
479 589 1
480 508 32
480 510 27
480 558 17
480 578 39
480 580 10
480 585 41
480 598 8
481 484 32
481 498 14
481 521 10
481 527 42
482 495 3
482 521 27
482 544 30
482 556 3
482 586 22
482 587 1
483 542 3
483 546 29
483 568 42
484 517 7
484 519 28
484 528 47
484 552 50
484 576 11
484 589 48
485 489 43
485 534 17
485 535 39
485 537 4
485 538 17
485 550 20
485 553 31
485 554 35
485 555 8
485 585 40
485 597 25
486 511 17
486 514 23
486 575 39
487 506 29
487 513 14
487 545 41
487 557 5
487 558 45
487 559 46
487 563 26
487 579 45
487 596 50
488 497 5
488 514 38
488 534 6
488 543 34
488 558 34
488 563 6
488 577 46
488 585 32
489 505 48
489 510 12
489 511 20
489 566 3
489 582 31
489 590 41
489 596 33
490 532 15
490 550 50
490 566 25
490 585 42
491 535 19
491 548 47
491 593 30
491 597 47
492 500 13
492 525 22
492 534 1
492 566 9
493 495 19
493 501 29
493 506 6
493 545 19
493 551 33
493 564 43
493 580 24
494 503 18
494 513 29
494 538 31
494 541 15
494 554 10
494 588 30
495 514 27
495 561 31
495 579 33
495 598 9
496 505 23
496 536 17
496 549 25
496 560 24
496 595 41
496 596 16
497 533 42
497 544 40
497 556 47
497 572 40
497 596 4
498 508 19
498 518 43
498 525 12
498 535 37
498 549 21
499 506 17
499 511 7
499 514 5
499 521 12
500 509 33
500 512 24
500 527 40
500 557 13
500 596 38
501 513 1
501 528 45
501 530 16
501 546 33
501 557 27
501 561 26
501 575 5
501 598 45
502 520 1
502 549 28
502 560 36
502 582 18
502 589 22
503 518 27
503 534 17
503 561 11
503 597 30
504 547 37
505 515 5
505 529 41
505 553 23
505 568 25
505 579 10
505 595 32
506 521 31
506 524 21
506 530 14
506 538 4
506 542 10
507 546 26
507 550 44
507 565 12
507 569 22
507 571 9
509 537 44
509 569 48
510 526 35
510 550 48
510 565 45
510 573 37
511 513 27
511 531 30
511 540 6
511 555 48
511 584 8
511 594 22
511 598 11
512 515 37
512 539 8
512 545 15
512 547 29
512 555 33
512 570 42
512 584 40
513 537 14
513 541 24
513 552 10
513 554 27
513 565 30
513 576 21
513 592 4
514 522 23
514 530 32
514 531 26
514 558 33
514 572 25
515 535 25
515 543 19
515 574 24
515 593 19
516 519 7
516 539 1
516 568 50
516 573 13
516 574 50
516 594 7
518 537 36
518 542 12
518 565 45
518 575 46
518 588 29
518 598 26
520 547 30
520 549 20
520 564 15
521 538 45
521 549 45
521 557 25
521 563 23
521 586 24
522 549 47
522 558 28
522 577 46
522 578 29
522 584 3
522 586 31
522 598 5
523 545 30
523 560 49
523 563 31
523 587 50
524 527 6
524 539 33
524 557 2
525 535 20
525 550 32
525 559 10
525 563 7
525 575 46
525 588 5
525 594 4
525 598 24
526 529 30
526 542 33
526 554 45
526 558 46
526 560 29
526 569 39
526 574 20
526 583 1
527 552 13
527 553 19
527 568 29
527 589 10
528 556 49
528 568 33
528 579 40
528 585 3
529 556 14
530 555 39
531 532 35
531 533 14
531 545 46
531 549 17
531 580 17
531 598 15
532 535 1
532 546 26
533 579 21
534 548 46
534 553 30
534 568 25
535 536 19
535 543 11
535 574 9
535 585 13
536 558 7
536 576 38
537 540 1
537 582 28
537 585 38
538 547 13
538 569 46
538 574 18
539 549 25
539 588 46
539 589 1
540 561 14
540 564 49
540 571 14
541 547 4
541 560 35
541 568 29
542 562 49
542 595 2
543 547 45
543 555 13
543 582 2
543 590 23
543 596 36
544 555 47
547 550 4
547 554 12
547 557 17
547 583 15
548 562 22
548 570 29
548 589 23
548 596 9
551 556 29
551 576 50
551 592 49
552 591 44
552 597 48
553 577 18
553 579 20
554 580 43
554 584 18
554 596 33
555 570 43
556 568 34
556 598 37
557 580 28
558 562 14
558 590 37
559 562 31
559 564 9
559 573 2
559 583 32
559 593 33
560 566 37
560 593 30
562 586 36
562 587 50
563 576 46
563 579 50
563 583 21
563 590 26
564 581 24
564 599 30
565 572 4
565 574 26
566 580 30
568 586 49
568 593 23
569 593 47
570 591 20
571 586 17
571 596 17
574 597 3
575 579 12
575 594 50
578 579 41
580 599 41
581 582 15
583 593 29
584 587 21
585 598 25
585 599 30
588 591 4
589 596 7
593 594 18
594 596 35
600 299 78
601 599 16
600 601 94
602 655 23
602 675 18
602 681 11
602 700 1
602 712 11
602 715 15
602 735 20
602 746 3
602 753 10
602 772 20
602 779 21
602 796 10
602 797 6
602 844 2
602 885 8
603 656 7
603 676 9
603 684 17
603 687 7
603 691 22
603 752 20
603 758 6
603 785 24
603 787 14
603 806 11
603 830 16
603 833 18
603 835 22
603 838 15
603 901 7
604 651 25
604 661 12
604 665 24
604 737 10
604 739 14
604 740 11
604 758 1
604 781 8
604 788 13
604 789 10
604 807 4
604 821 10
604 836 21
604 838 10
604 853 11
604 875 4
605 633 16
605 651 21
605 656 22
605 662 24
605 674 17
605 690 18
605 741 5
605 753 16
605 774 8
605 795 15
605 804 8
605 813 1
605 833 13
605 836 22
605 860 7
606 610 13
606 616 10
606 668 8
606 686 24
606 715 24
606 772 18
606 788 25
606 851 8
606 879 8
606 880 11
607 631 12
607 638 17
607 655 7
607 660 21
607 697 5
607 710 12
607 712 13
607 756 25
607 811 10
607 815 12
607 841 19
607 853 3
608 642 18
608 677 11
608 702 12
608 725 7
608 731 18
608 734 12
608 813 19
608 820 15
608 824 21
608 838 8
608 849 24
608 860 3
609 651 9
609 675 24
609 698 22
609 706 8
609 729 7
609 737 4
609 835 20
609 848 18
609 861 23
609 872 3
609 893 15
609 894 4
610 636 14
610 657 4
610 705 5
610 731 1
610 751 17
610 776 23
610 796 5
610 801 9
610 806 8
610 812 16
610 837 17
610 840 3
610 877 3
610 881 13
610 884 17
610 894 25
611 647 20
611 670 17
611 680 2
611 694 3
611 707 16
611 732 23
611 738 12
611 780 24
611 781 4
611 801 9
611 838 18
611 880 1
612 613 11
612 623 9
612 650 4
612 675 2
612 679 12
612 751 8
612 784 2
612 787 6
612 808 8
612 816 6
612 817 14
612 826 15
612 853 21
612 860 6
612 862 19
612 866 25
612 870 20
612 873 10
613 630 24
613 654 14
613 656 4
613 664 2
613 676 19
613 711 21
613 726 25
613 765 7
613 769 19
613 774 5
613 792 15
613 793 11
613 863 5
613 892 1
614 619 19
614 686 10
614 699 2
614 702 7
614 720 19
614 748 5
614 754 12
614 759 1
614 762 10
614 788 3
614 802 18
614 839 7
614 859 10
614 876 11
614 891 7
614 900 4
615 637 23
615 667 7
615 674 19
615 689 1
615 693 9
615 720 12
615 728 21
615 752 10
615 783 21
615 786 16
615 791 14
615 799 10
615 802 1
615 803 20
615 823 12
615 845 21
615 886 6
616 665 15
616 668 2
616 685 24
616 727 19
616 733 16
616 734 25
616 736 5
616 741 18
616 768 19
616 812 12
616 829 2
616 839 4
616 864 20
616 865 5
616 869 3
616 894 3
617 619 23
617 635 3
617 665 11
617 680 12
617 714 25
617 716 22
617 740 9
617 753 17
617 767 12
617 773 18
617 786 17
617 787 8
617 791 7
617 811 14
617 812 13
617 830 21
617 840 18
617 855 12
617 857 17
617 883 8
617 887 13
617 896 21
618 624 2
618 668 6
618 686 9
618 690 5
618 712 11
618 724 3
618 728 11
618 732 14
618 768 6
618 770 10
618 793 18
618 828 18
618 844 21
618 851 20
618 900 15
619 628 4
619 644 11
619 658 3
619 664 24
619 699 5
619 731 11
619 749 7
619 752 18
619 771 25
619 823 4
619 826 12
619 833 13
619 844 22
620 628 21
620 670 2
620 676 18
620 719 22
620 816 9
620 825 1
620 840 3
621 637 20
621 639 6
621 644 13
621 645 10
621 648 11
621 669 23
621 712 2
621 719 3
621 735 20
621 794 23
621 812 19
621 832 1
621 846 11
621 847 24
621 852 1
622 655 15
622 659 11
622 660 9
622 674 9
622 681 10
622 691 12
622 713 21
622 715 25
622 744 9
622 758 18
622 764 1
622 772 3
622 773 17
622 802 10
622 816 5
622 843 19
622 897 6
623 633 10
623 661 9
623 663 15
623 729 20
623 732 8
623 740 18
623 751 25
623 759 4
623 767 16
623 782 18
623 786 4
623 787 1
623 790 16
623 887 6
624 629 17
624 640 3
624 654 16
624 668 2
624 683 13
624 686 3
624 745 22
624 771 14
624 806 13
624 809 17
624 811 14
624 829 17
624 840 8
624 851 25
624 889 21
625 636 1
625 666 5
625 707 6
625 713 11
625 779 21
625 821 25
625 842 18
625 859 14
625 862 24
625 878 22
625 883 6
626 636 19
626 644 2
626 681 8
626 684 11
626 715 8
626 723 1
626 734 14
626 741 23
626 753 2
626 793 3
626 805 2
626 806 1
626 841 16
626 846 16
626 881 17
626 883 6
626 888 7
627 670 1
627 674 6
627 679 3
627 684 1
627 702 12
627 724 8
627 728 12
627 797 8
627 814 9
627 815 4
627 833 23
627 851 10
627 857 2
627 878 5
627 900 3
628 697 4
628 722 14
628 725 15
628 739 13
628 833 16
628 848 3
628 850 10
628 867 17
628 894 7
629 632 14
629 677 19
629 688 24
629 708 4
629 709 12
629 710 5
629 718 13
629 727 12
629 736 10
629 750 15
629 760 13
629 765 23
629 773 24
629 783 1
629 810 7
629 814 7
629 815 6
629 820 4
629 831 16
629 834 8
629 839 10
629 843 20
629 846 13
629 893 23
630 644 10
630 663 25
630 669 15
630 682 14
630 708 11
630 736 7
630 741 23
630 783 24
630 788 2
630 815 21
630 828 5
630 861 14
630 899 25
631 647 19
631 662 25
631 683 11
631 709 8
631 737 14
631 746 11
631 775 8
631 794 16
631 804 17
631 810 16
631 841 22
631 884 21
631 898 9
632 636 6
632 642 7
632 651 3
632 653 18
632 673 7
632 674 14
632 717 19
632 778 21
632 780 5
632 850 4
632 852 4
632 856 2
632 868 5
632 879 6
632 886 22
632 897 9
633 640 19
633 648 24
633 651 4
633 658 20
633 660 11
633 688 11
633 711 9
633 720 21
633 734 20
633 768 24
633 792 13
633 851 10
633 852 22
633 858 10
633 887 18
634 664 4
634 668 16
634 695 23
634 698 21
634 703 22
634 718 11
634 741 14
634 751 18
634 808 17
634 812 20
634 842 21
634 859 18
634 889 24
634 897 3
634 898 17
635 639 9
635 641 21
635 671 17
635 689 12
635 698 18
635 699 2
635 724 24
635 730 1
635 796 23
635 838 18
635 840 1
635 846 12
635 860 2
635 861 25
635 879 21
635 880 22
635 893 3
636 644 13
636 648 19
636 661 1
636 680 10
636 688 6
636 719 14
636 776 4
636 808 23
636 817 10
636 821 1
636 829 17
636 850 8
636 853 4
636 868 8
636 883 16
636 900 1
637 673 24
637 836 2
637 838 18
638 642 3
638 663 25
638 664 20
638 668 2
638 676 19
638 692 23
638 712 13
638 716 23
638 742 22
638 752 10
638 754 19
638 763 24
638 792 22
638 831 14
638 832 24
638 863 6
638 865 21
638 887 15
638 901 11
639 670 18
639 713 24
639 734 12
639 738 10
639 805 7
639 807 17
639 814 19
639 820 24
639 824 19
639 873 20
639 898 3
640 655 14
640 660 22
640 663 4
640 683 10
640 698 25
640 727 23
640 736 7
640 752 12
640 759 22
640 819 3
640 859 21
640 870 15
641 658 4
641 685 17
641 695 5
641 712 2
641 715 25
641 730 25
641 732 18
641 749 10
641 763 20
641 778 17
641 788 23
641 790 6
641 804 25
641 855 16
641 874 24
641 900 25
642 687 12
642 713 20
642 717 2
642 736 2
642 741 18
642 783 6
642 802 11
642 855 17
642 856 5
642 869 18
642 890 3
642 891 1
642 896 22
643 677 25
643 698 17
643 699 25
643 712 19
643 717 21
643 736 4
643 747 20
643 773 22
643 778 21
643 780 4
643 817 16
643 838 12
643 839 4
643 850 21
643 864 13
643 877 21
644 646 20
644 647 13
644 652 9
644 656 16
644 704 16
644 736 10
644 745 9
644 749 21
644 761 21
644 781 25
644 806 2
644 807 15
644 851 5
644 884 2
644 885 11
644 893 6
645 657 20
645 665 13
645 668 24
645 688 15
645 699 16
645 705 18
645 716 12
645 741 11
645 747 24
645 794 4
645 797 25
645 808 4
645 817 25
645 871 14
645 878 1
646 656 21
646 731 1
646 740 10
646 758 11
646 785 17
646 812 19
646 823 21
646 863 14
646 885 16
647 660 21
647 663 18
647 689 5
647 691 2
647 700 21
647 726 16
647 728 9
647 744 16
647 749 5
647 758 10
647 778 7
647 860 20
647 881 4
647 900 20
648 679 7
648 711 2
648 716 24
648 737 8
648 760 7
648 769 23
648 783 22
648 784 8
648 793 20
648 820 24
648 884 19
648 888 5
648 895 17
649 680 12
649 693 1
649 717 6
649 734 3
649 744 23
649 752 25
649 761 9
649 778 1
649 801 20
649 832 1
649 838 9
649 880 10
649 884 5
649 887 18
650 654 17
650 679 1
650 687 22
650 719 11
650 758 8
650 764 25
650 766 9
650 806 15
650 837 9
650 864 8
650 868 11
650 875 18
650 884 2
650 891 10
651 679 11
651 680 9
651 710 3
651 727 24
651 733 11
651 766 10
651 773 3
651 778 10
651 816 9
651 836 12
651 839 12
651 849 4
651 865 14
651 877 20
651 887 13
651 889 19
651 898 15
652 676 6
652 732 19
652 736 13
652 765 17
652 771 3
652 785 14
652 814 2
652 834 18
652 844 22
652 850 12
652 866 5
652 870 16
652 872 13
653 679 16
653 682 1
653 689 23
653 710 19
653 711 2
653 741 8
653 798 3
653 816 6
654 659 19
654 671 14
654 698 19
654 712 5
654 723 17
654 734 8
654 767 25
654 770 6
654 805 3
654 817 16
654 834 12
654 873 21
654 880 5
654 882 5
654 886 1
655 656 18
655 675 6
655 681 20
655 713 17
655 772 17
655 774 24
655 777 9
655 782 7
655 810 17
655 824 12
655 848 6
655 857 12
655 875 13
655 887 14
655 892 16
656 660 20
656 672 7
656 679 4
656 696 14
656 722 14
656 735 20
656 748 23
656 761 15
656 814 1
656 823 25
656 843 5
656 853 14
656 887 22
657 664 11
657 666 18
657 680 22
657 693 5
657 703 25
657 708 16
657 717 23
657 730 19
657 801 17
657 802 7
657 836 25
657 837 8
657 864 18
657 881 5
658 708 21
658 718 7
658 743 20
658 794 11
658 820 1
658 834 4
658 846 15
658 888 16
659 667 17
659 679 9
659 716 13
659 720 6
659 726 11
659 739 12
659 752 12
659 754 24
659 760 11
659 767 22
659 793 16
659 802 7
659 807 3
659 816 16
659 823 25
659 839 1
659 848 9
659 883 18
659 895 7
660 663 10
660 664 25
660 674 24
660 677 16
660 701 22
660 707 7
660 737 13
660 745 7
660 748 7
660 750 18
660 787 21
660 846 23
660 855 9
660 863 7
660 871 12
660 890 16
661 664 17
661 678 24
661 683 4
661 686 16
661 690 11
661 691 2
661 744 8
661 747 19
661 764 4
661 776 25
661 786 18
661 793 4
661 809 10
661 817 10
661 856 10
662 665 21
662 671 11
662 686 10
662 690 14
662 701 7
662 707 16
662 721 1
662 734 14
662 743 25
662 759 18
662 773 11
662 776 24
662 792 3
663 698 17
663 714 10
663 728 20
663 741 9
663 830 10
664 681 23
664 689 1
664 798 20
664 837 24
664 857 8
664 863 14
664 882 2
665 710 10
665 713 8
665 724 8
665 734 21
665 865 18
665 877 19
665 885 17
665 892 5
665 898 4
666 674 5
666 686 12
666 702 21
666 708 7
666 711 2
666 724 20
666 767 24
666 773 12
666 795 20
666 832 3
666 833 4
666 864 5
666 866 22
666 870 14
666 898 14
667 685 21
667 704 14
667 708 11
667 727 21
667 740 23
667 765 24
667 790 24
667 792 7
667 797 8
667 831 6
667 841 3
667 848 25
667 850 25
667 871 21
667 886 7
667 893 3
668 672 25
668 686 20
668 697 25
668 703 6
668 721 21
668 791 22
668 871 6
668 891 9
669 696 16
669 720 10
669 730 12
669 731 20
669 740 8
669 766 25
669 789 11
669 818 3
669 823 15
669 892 21
669 897 23
670 678 13
670 679 21
670 715 21
670 716 19
670 724 3
670 727 4
670 733 23
670 743 5
670 769 3
670 771 18
670 805 11
670 808 7
670 829 19
670 841 5
670 871 6
670 885 24
671 697 2
671 770 4
671 844 6
671 868 10
671 892 20
671 901 15
672 680 24
672 737 16
672 741 22
672 749 25
672 764 1
672 779 1
672 789 15
672 799 23
672 807 25
672 825 2
672 849 18
672 861 21
672 873 22
672 885 23
673 710 24
673 771 20
673 804 2
673 823 3
673 824 14
673 855 14
673 873 9
673 874 8
674 677 20
674 681 16
674 686 8
674 762 21
674 779 20
674 790 16
674 853 7
674 858 14
675 685 5
675 711 5
675 712 4
675 748 4
675 801 5
675 817 7
675 845 4
675 858 19
675 890 4
675 896 4
676 699 20
676 705 24
676 735 1
676 744 18
676 783 21
676 800 1
676 834 14
676 852 24
677 695 3
677 708 3
677 721 14
677 723 13
677 724 12
677 729 8
677 731 5
677 752 19
677 766 5
677 767 24
677 783 9
677 853 11
677 854 14
678 686 16
678 696 18
678 699 20
678 707 21
678 713 22
678 733 1
678 765 24
678 781 17
678 819 6
678 831 4
678 890 13
678 894 4
679 701 6
679 715 5
679 729 1
679 730 6
679 846 19
679 856 1
679 863 10
679 872 23
679 878 14
679 879 24
680 687 9
680 696 23
680 730 4
680 748 4
680 751 4
680 850 2
680 852 15
680 879 17
681 737 18
681 738 5
681 771 9
681 799 12
682 694 25
682 722 7
682 808 12
682 814 25
682 815 25
682 877 19
682 901 6
683 687 12
683 693 23
683 696 13
683 701 18
683 710 25
683 759 21
683 775 13
683 776 1
683 830 5
683 863 10
683 888 16
684 687 6
684 719 18
684 777 16
684 853 9
684 880 22
684 900 19
685 698 12
685 717 11
685 720 12
685 734 4
685 739 17
685 745 22
685 754 17
685 814 18
685 858 3
685 879 5
686 696 19
686 699 2
686 700 24
686 703 1
686 709 15
686 714 23
686 738 14
686 742 8
686 768 22
686 775 9
686 794 20
686 809 24
686 839 15
686 901 7
687 713 15
687 727 20
687 731 24
687 784 7
687 825 5
687 868 22
687 879 2
688 706 19
688 733 9
688 756 14
688 771 22
688 773 2
688 780 10
688 790 16
689 738 21
689 743 15
689 807 20
689 838 15
689 856 16
689 893 18
690 736 15
690 741 8
690 754 15
690 765 3
690 767 15
690 852 12
690 859 11
690 863 11
690 866 12
690 875 3
690 890 17
690 898 1
691 706 22
691 707 18
691 739 7
691 744 2
691 761 16
691 793 9
691 861 20
691 867 2
691 880 24
691 886 18
691 888 5
692 697 8
692 724 8
692 731 1
692 746 22
692 767 5
692 792 15
692 799 15
692 802 22
692 812 6
692 823 22
692 859 14
692 864 9
692 873 13
692 896 2
693 729 21
693 741 25
693 757 13
693 759 25
693 771 19
693 788 14
693 805 22
693 838 11
693 849 22
693 862 25
693 886 3
694 702 7
694 705 21
694 708 6
694 710 5
694 718 15
694 720 11
694 730 15
694 738 25
694 749 11
694 758 13
694 804 4
694 814 25
694 830 2
694 841 2
694 875 7
694 876 25
694 883 15
694 898 15
695 722 14
695 734 16
695 743 13
695 790 14
695 809 4
695 828 12
695 857 7
695 893 19
696 722 10
696 768 19
696 771 17
696 777 11
696 786 21
696 842 24
696 846 6
696 858 2
696 871 5
696 874 23
697 700 14
697 743 21
697 747 22
697 758 24
697 805 9
697 813 2
697 817 25
697 851 12
697 865 3
697 867 6
697 880 12
697 898 18
698 734 23
698 742 25
698 750 10
698 768 12
698 797 15
698 800 15
698 831 23
698 832 21
698 846 8
698 848 10
698 882 16
698 891 25
699 722 20
699 724 12
699 759 25
699 799 3
699 819 15
699 841 4
699 851 25
699 858 3
699 875 25
699 901 23
700 708 3
700 727 10
700 733 24
700 756 2
700 764 21
700 767 3
700 801 7
700 840 9
701 766 22
701 769 6
701 770 11
701 771 7
701 791 17
701 796 25
701 818 21
701 826 17
701 886 23
701 888 4
701 890 1
701 901 13
702 703 5
702 709 22
702 736 1
702 747 4
702 753 24
702 780 17
702 807 9
702 839 25
702 860 19
702 873 10
702 888 22
703 721 21
703 726 19
703 733 22
703 745 24
703 767 17
703 784 25
703 817 8
703 828 25
703 831 21
703 840 13
703 858 10
704 708 4
704 721 7
704 722 12
704 727 25
704 743 23
704 751 9
704 783 5
704 842 25
704 897 23
705 717 11
705 762 23
705 780 24
705 792 14
705 812 24
705 813 15
705 814 24
705 816 23
705 819 11
705 839 9
705 855 22
706 734 8
706 744 4
706 749 20
706 792 9
706 818 20
706 822 21
706 843 16
706 874 20
706 880 17
707 717 5
707 733 6
707 751 22
707 759 11
707 762 17
707 769 21
707 775 8
707 776 2
707 814 2
707 842 9
707 845 25
707 869 12
707 884 7
707 889 25
708 713 2
708 723 5
708 732 16
708 739 1
708 748 4
708 753 1
708 755 11
708 768 2
708 812 11
708 822 14
708 837 22
708 846 19
708 854 11
708 858 17
708 898 9
709 712 5
709 727 10
709 779 13
709 814 12
709 823 7
709 834 24
709 894 4
709 899 4
710 713 8
710 717 7
710 755 6
710 777 19
710 787 6
710 828 19
710 859 2
710 889 7
710 898 21
710 899 6
711 750 23
711 793 23
711 799 11
711 800 23
711 846 10
711 859 13
711 865 8
711 871 25
712 716 11
712 723 1
712 799 10
712 844 2
712 848 11
712 901 16
713 734 14
713 754 1
713 767 3
713 804 20
713 817 1
713 868 8
714 751 23
714 753 10
714 763 14
714 791 5
714 800 3
714 812 22
714 832 24
714 835 4
714 853 3
714 868 21
715 717 11
715 782 25
715 809 20
715 817 22
715 821 25
715 837 4
715 872 11
715 886 7
716 731 5
716 809 21
716 839 10
716 856 15
716 857 24
716 860 22
717 718 7
717 728 12
717 731 22
717 735 11
717 736 8
717 768 22
717 785 18
717 800 6
717 811 7
717 819 9
717 840 10
717 842 9
717 871 5
717 886 10
717 887 15
718 731 7
718 813 5
718 814 25
718 834 9
718 855 24
718 872 23
718 887 8
718 892 4
719 867 8
719 873 16
719 889 9
719 893 5
720 738 25
720 774 25
720 776 4
720 788 22
720 828 8
720 873 17
720 878 20
720 882 19
721 723 25
721 782 17
721 812 13
721 817 5
721 820 23
721 842 21
721 870 16
722 749 8
722 773 2
722 787 3
722 791 22
722 838 11
722 849 7
722 856 24
722 858 19
723 731 8
723 732 21
723 757 3
723 759 13
723 766 6
723 781 18
723 810 23
723 847 10
723 859 20
723 875 22
723 879 15
724 760 18
724 780 7
724 795 7
724 799 12
724 813 2
724 831 8
724 880 3
725 746 14
725 762 14
725 806 2
725 822 12
725 826 4
725 827 12
725 837 15
725 839 6
725 864 8
725 870 25
725 886 15
725 890 8
726 732 20
726 736 22
726 741 6
726 763 22
726 770 11
726 773 11
726 811 15
726 815 9
726 846 22
726 876 11
726 879 7
726 897 14
726 898 3
727 746 13
727 776 20
727 856 14
727 866 14
727 869 4
727 895 19
727 897 5
728 748 17
728 768 22
728 784 16
728 804 22
728 809 8
728 826 7
728 843 5
728 900 18
729 755 7
729 759 19
729 789 25
729 807 3
729 855 17
729 871 5
729 878 25
730 769 2
730 798 17
730 803 16
730 809 10
730 852 14
730 853 1
730 892 17
731 736 2
731 792 5
731 807 6
731 830 23
731 844 20
731 857 22
731 859 1
731 871 13
731 886 1
731 890 19
732 744 12
732 772 18
732 796 15
732 832 19
732 844 24
732 900 19
733 767 11
733 770 7
733 808 14
733 838 13
733 839 10
733 891 5
734 737 17
734 740 9
734 745 9
734 746 9
734 784 1
734 786 20
734 814 24
734 846 1
734 889 13
734 900 25
735 751 7
735 754 19
735 786 24
735 794 1
735 798 15
735 805 1
735 810 14
735 830 17
735 847 19
735 877 25
735 897 9
735 898 8
736 795 20
736 817 7
736 828 2
736 837 8
736 840 14
736 851 15
736 893 20
737 781 23
737 801 22
737 820 13
737 823 8
737 859 5
737 861 23
737 870 8
737 874 1
737 881 21
737 897 10
738 740 14
738 811 22
738 826 16
738 864 7
738 883 22
738 896 16
738 897 23
739 745 22
739 755 6
739 765 14
739 821 15
739 826 7
739 833 22
739 839 23
739 856 4
739 863 5
740 756 1
740 779 11
740 780 20
740 808 17
740 809 5
740 819 19
740 824 15
740 834 19
740 862 1
740 897 19
740 899 17
741 790 10
741 802 20
741 807 12
741 870 21
741 886 10
742 794 11
742 798 11
742 839 16
742 853 7
742 870 4
743 754 15
743 769 4
743 821 11
743 880 3
744 774 20
744 784 20
744 812 1
744 816 19
744 817 23
744 820 7
744 836 19
744 846 8
744 847 4
744 856 13
744 865 14
744 883 22
744 893 2
745 748 7
745 750 25
745 769 23
745 772 23
745 786 9
745 830 19
746 762 12
746 805 5
746 807 3
746 808 22
746 849 17
746 856 20
746 898 5
747 753 22
747 765 9
747 775 10
747 776 8
747 829 13
747 835 5
747 855 2
747 877 15
747 900 23
748 763 1
748 776 23
748 806 19
748 827 8
748 861 1
748 869 6
748 885 21
749 773 23
749 775 9
749 799 2
749 803 22
749 826 6
749 830 2
749 842 7
749 844 24
749 875 13
749 896 13
749 899 3
750 758 11
750 770 7
750 794 24
750 806 15
750 818 3
750 852 7
750 873 2
751 792 12
751 799 21
751 815 6
751 843 15
751 865 12
751 877 5
751 888 15
751 899 10
752 786 25
752 816 24
752 834 10
752 838 5
752 860 19
752 873 7
752 879 16
752 896 23
753 756 5
753 760 21
753 764 24
753 767 14
753 772 22
753 791 13
753 823 3
753 826 1
753 866 23
754 777 9
754 800 25
754 812 14
754 814 14
754 847 8
754 868 15
754 883 2
755 763 4
755 767 22
755 816 19
755 846 17
755 849 4
755 900 8
756 759 1
756 775 3
756 779 9
756 811 13
756 852 10
756 857 2
756 859 21
756 869 25
757 783 1
757 808 1
757 838 20
757 864 24
758 763 16
758 776 18
758 809 11
758 821 18
758 823 19
758 824 10
758 867 4
758 885 18
758 896 24
758 897 19
758 899 25
759 766 15
759 767 20
759 806 5
759 819 14
759 825 15
759 859 24
759 866 17
759 898 23
759 901 24
760 790 19
760 814 6
760 832 13
760 837 3
760 873 9
760 884 9
761 787 2
761 800 12
761 815 11
761 817 24
761 829 10
761 849 1
761 858 16
761 878 23
762 766 20
762 802 11
762 804 9
762 831 25
763 766 5
763 824 7
763 856 18
763 862 7
763 879 24
764 794 15
764 804 13
764 808 12
764 828 6
764 851 11
764 862 3
765 774 3
765 786 12
765 834 23
765 858 10
765 861 24
765 875 1
765 885 21
765 892 7
765 894 4
766 773 7
766 775 19
766 792 4
766 825 18
766 829 19
766 854 22
766 876 17
767 804 16
767 810 7
767 830 1
767 835 17
767 843 12
767 845 9
767 852 12
767 869 18
767 898 7
768 790 3
768 798 5
768 800 20
768 804 8
768 805 18
768 820 22
768 860 13
768 865 4
768 867 20
769 774 24
769 822 2
769 839 22
769 871 19
769 886 11
769 900 2
770 775 2
770 823 4
770 830 8
770 831 22
770 836 25
770 838 4
770 862 13
771 782 17
771 875 10
771 882 15
771 889 8
771 895 23
771 897 24
771 899 19
772 791 17
772 798 7
772 801 21
772 817 24
772 818 2
772 846 6
772 866 16
772 871 25
773 790 18
773 821 21
774 777 21
774 843 16
774 853 24
774 854 19
774 892 12
775 790 9
775 809 21
775 846 13
775 858 15
775 880 3
776 790 9
776 832 16
776 872 8
776 889 24
777 782 7
777 793 19
777 795 13
777 806 16
777 846 17
777 851 13
778 847 12
778 881 10
779 791 20
779 836 9
779 846 8
779 851 21
779 880 14
780 789 25
780 801 20
780 811 6
780 822 20
780 828 16
780 837 24
780 850 19
780 868 11
780 880 10
781 800 4
781 804 6
781 815 24
782 832 18
782 847 10
782 849 10
782 869 10
782 879 19
782 894 8
783 785 16
783 806 13
783 816 22
783 833 9
783 835 6
783 848 10
783 863 20
783 871 15
783 880 6
784 801 3
784 817 25
784 833 1
784 845 19
784 853 24
784 899 22
785 813 24
785 815 19
785 819 14
785 830 24
785 834 12
785 862 25
786 791 10
786 803 17
786 815 7
786 846 9
786 848 10
786 859 19
786 872 20
786 882 19
787 810 12
787 813 4
787 820 12
787 826 24
787 831 25
787 833 22
787 880 4
788 801 11
788 806 18
788 814 21
788 821 16
788 831 20
788 897 20
789 810 18
789 822 15
789 825 18
790 798 17
790 843 14
791 792 13
791 794 5
791 876 14
791 886 1
791 887 6
791 889 24
792 793 18
792 819 15
792 825 7
792 827 2
792 880 8
792 882 3
792 890 22
792 892 21
793 802 6
793 822 10
793 829 20
793 838 7
793 854 8
793 859 25
794 855 18
794 863 25
794 873 22
794 877 8
794 888 22
794 893 16
795 806 3
795 834 11
795 837 11
795 877 19
795 888 1
796 824 23
796 840 25
796 890 15
797 799 24
797 833 6
797 862 13
797 873 16
797 882 20
797 884 21
798 811 19
798 843 4
798 862 23
798 870 17
798 875 24
798 883 5
799 837 2
799 844 20
800 810 11
800 812 11
800 828 22
800 842 3
800 848 11
800 875 18
800 879 13
801 888 7
801 890 11
801 893 17
802 817 17
802 819 21
802 831 10
802 834 18
802 852 18
802 872 9
802 881 9
803 804 16
803 815 16
803 842 21
803 853 8
804 807 10
804 813 18
804 821 1
804 866 15
805 824 15
805 841 18
805 848 14
805 881 21
805 882 21
805 892 8
806 831 6
806 836 6
807 832 6
807 836 11
807 856 18
807 863 24
807 865 25
807 874 24
808 883 9
808 884 16
808 896 18
809 823 6
809 854 25
809 855 12
809 887 23
809 894 10
810 817 20
810 866 16
811 833 1
811 834 15
811 876 25
812 897 10
813 821 9
813 830 1
813 844 2
813 869 23
814 826 20
814 863 15
814 867 18
814 869 15
814 871 24
814 894 25
815 818 22
815 833 5
815 861 10
815 868 15
815 897 3
816 843 9
817 822 15
817 855 13
817 859 24
817 861 7
817 884 18
817 889 25
817 890 20
817 891 17
818 828 10
818 829 14
818 854 7
818 868 10
818 877 5
818 884 7
819 829 21
819 831 13
819 846 9
819 896 22
820 849 12
820 853 3
820 859 13
820 872 6
820 882 19
821 828 12
821 853 6
821 858 17
821 870 16
821 879 17
821 883 6
821 885 20
821 894 1
822 897 23
823 846 9
823 852 1
824 828 4
824 836 1
824 857 3
824 879 1
824 889 17
824 894 12
824 896 14
825 829 1
825 883 23
825 894 19
826 835 9
826 894 20
826 895 8
826 899 17
826 901 19
827 840 20
827 845 21
827 867 6
827 879 2
827 880 14
828 843 17
828 858 7
828 880 5
828 892 9
829 831 1
829 841 13
829 845 5
829 861 1
829 866 10
829 880 13
830 842 3
830 863 15
831 862 13
831 884 5
831 891 15
831 899 7
832 833 18
832 840 6
832 847 7
832 862 15
833 857 1
834 853 15
834 874 12
835 838 8
835 846 8
835 850 5
835 862 4
835 881 3
835 886 10
835 890 6
836 844 18
836 854 4
836 860 14
836 869 24
836 884 14
837 851 14
837 872 13
837 873 19
837 881 16
837 890 24
838 852 6
839 853 19
839 869 14
840 879 21
841 842 25
841 889 5
842 864 2
842 886 18
842 896 10
843 877 10
843 880 9
844 876 10
844 880 1
844 891 20
845 847 20
845 849 8
845 858 24
845 890 23
845 897 12
846 851 11
847 855 3
847 864 6
847 866 16
848 878 17
849 882 6
849 893 4
849 899 7
850 856 19
850 873 24
850 880 23
850 886 17
850 896 5
851 884 16
851 899 7
852 873 25
852 876 15
852 881 12
852 883 3
852 888 9
853 872 23
854 874 12
855 867 18
855 871 10
855 875 12
855 899 12
856 860 4
856 888 21
857 877 13
857 897 3
857 901 9
858 883 25
859 876 8
860 887 14
861 864 15
861 876 1
863 896 21
865 876 20
865 893 7
865 896 14
865 898 19
866 874 4
866 891 6
867 901 25
868 870 21
868 871 14
868 899 1
868 900 11
869 874 25
869 878 3
869 899 21
870 880 25
870 899 16
871 878 13
873 878 9
873 890 2
874 881 2
875 891 14
876 888 24
877 892 14
878 880 16
880 893 7
880 900 13
881 901 23
882 900 22
883 885 4
886 900 23
888 892 17
889 893 23
891 897 5
894 899 8
898 900 18
902 601 93
903 901 25
902 903 22
