904 6735
98 57 17 74 95 91 18 28 52 70 7 91 32 55 39 15 86 29 40 94 60 36 66 100 82 22 94 41 68 88 27 65 44 44 90 38 34 7 18 37 28 24 28 12 30 18 26 16 46 17 61 58 4 26 57 85 99 50 78 66 90 4 83 85 47 72 23 80 31 92 17 10 67 96 21 97 13 98 64 10 15 24 67 70 1 23 7 100 25 84 17 14 87 99 98 86 23 72 65 53 15 33 14 82 28 35 78 92 84 41 54 50 16 20 20 16 95 78 67 71 61 84 36 99 34 85 84 56 9 1 60 23 85 74 4 65 60 81 56 43 73 9 93 88 81 64 4 27 41 22 97 53 5 84 51 39 68 87 94 76 39 54 99 23 79 2 87 38 35 95 80 7 55 24 95 35 87 50 13 27 71 61 79 28 44 82 66 12 20 11 39 58 16 37 80 94 91 19 31 25 13 63 31 67 86 77 54 73 26 18 51 49 79 82 76 22 63 41 85 82 3 24 39 19 12 70 64 2 88 47 26 100 9 9 19 46 85 24 18 63 41 21 11 71 2 86 93 16 78 29 49 80 52 39 50 16 8 14 17 96 12 95 47 20 55 17 17 91 92 87 53 33 7 15 3 8 100 47 75 29 76 23 9 79 61 10 94 68 75 63 15 86 57 14 57 11 82 74 53 74 59 10 54 47 92 48 75 56 45 18 66 92 56 1 74 98 17 82 46 3 41 33 89 45 84 12 18 3 26 43 28 36 4 81 83 96 80 9 3 24 27 68 68 82 21 41 31 89 74 28 91 66 13 79 10 96 42 28 50 19 22 77 55 25 9 89 72 41 97 26 64 75 94 31 8 66 23 90 54 96 70 96 62 82 26 23 77 67 2 79 38 75 55 44 100 16 84 23 56 32 49 71 7 94 54 66 59 76 8 64 24 77 59 37 58 84 59 86 2 13 64 91 87 71 34 38 38 69 13 93 1 13 15 59 6 68 24 16 44 31 31 19 7 89 55 16 72 65 54 25 29 69 16 16 39 1 5 28 70 17 72 70 81 87 28 38 54 3 53 49 86 35 67 44 23 73 60 46 38 65 71 66 33 86 33 24 38 90 51 7 58 23 28 39 9 7 76 62 62 81 11 47 15 29 90 38 2 1 35 91 65 5 8 98 42 93 73 80 82 23 38 39 45 18 77 5 24 5 19 85 85 81 31 99 9 73 88 62 73 75 52 90 31 60 87 73 52 11 4 85 33 93 23 30 10 52 86 34 56 4 70 92 84 53 90 45 25 30 6 49 56 10 38 86 69 76 10 72 86 13 56 71 58 30 100 67 81 37 52 36 41 74 27 76 26 69 20 2 50 78 84 87 8 40 40 70 27 26 23 2 95 6 14 39 83 53 11 38 20 17 93 29 5 77 89 92 25 29 12 35 32 17 15 40 57 54 61 35 79 35 36 73 40 2 63 22 6 26 11 25 42 55 53 98 31 41 89 56 22 53 42 53 69 56 44 77 9 56 12 87 90 99 12 29 52 26 2 57 51 64 81 45 18 85 94 49 78 35 56 99 87 97 51 7 4 47 36 64 2 99 2 92 97 65 72 49 43 26 57 93 89 90 89 7 74 83 7 51 17 62 1 55 10 4 13 65 50 48 28 3 46 29 94 43 94 18 43 36 43 51 80 83 40 21 89 66 55 95 68 23 8 69 77 69 24 89 33 73 37 60 75 34 41 21 76 86 90 70 21 84 73 52 66 12 24 55 77 78 1 97 100 9 65 76 77 88 17 62 12 5 21 38 38 13 10 66 98 99 87 70 82 59 74 48 71 97 54 99 75 54 95 26 14 11 54 43 50 70 4 13 26 76 51 63 89 60 28 38 11 15 8 92 73 81 91 95 77 44 46 3 50 92 29 15 3 34 57 4 55 12 17 80 40 19 42 80 30 22 17 40 88 76 84 12 56 74 59 85 18 4 39 19 95 19 33 49 52 42 53 6 53 21 85 44 91 79 75 20 100 92 12 39 19 95 50 75 20 8 11 89 11 49 36 87
0 3 60
0 23 6
0 25 58
0 45 18
0 109 20
0 146 60
0 171 25
0 176 72
0 188 59
0 194 51
0 246 52
0 271 86
0 279 73
0 281 60
0 284 16
0 292 33
1 3 22
1 28 10
1 58 52
1 123 96
1 129 72
1 145 19
1 175 34
1 212 80
1 235 32
1 261 90
1 282 42
2 8 13
2 12 15
2 17 94
2 65 38
2 88 26
2 104 51
2 117 95
2 119 43
2 130 71
2 148 7
2 157 19
2 203 94
2 213 17
2 218 69
2 247 45
2 266 2
2 290 41
3 8 57
3 23 17
3 50 25
3 64 30
3 65 78
3 99 77
3 103 25
3 161 49
3 180 47
3 192 10
3 208 80
3 216 78
3 241 100
3 274 21
3 281 42
3 289 66
4 15 15
4 22 32
4 32 92
4 51 65
4 55 26
4 58 34
4 62 87
4 87 84
4 105 53
4 159 32
4 169 100
4 206 73
4 214 29
4 247 1
4 287 14
5 14 37
5 33 18
5 40 90
5 99 66
5 109 95
5 124 18
5 126 42
5 127 96
5 158 64
5 171 52
5 193 75
5 208 93
5 230 3
5 255 48
5 270 87
5 272 68
5 293 14
6 15 18
6 19 59
6 69 30
6 73 43
6 80 45
6 81 17
6 85 27
6 97 49
6 102 100
6 104 78
6 105 21
6 132 28
6 141 79
6 159 86
6 165 64
6 189 48
6 195 76
6 209 29
6 221 94
6 268 93
6 284 23
7 43 41
7 70 9
7 76 74
7 102 68
7 106 1
7 114 76
7 146 15
7 162 87
7 171 43
7 193 28
7 223 4
7 248 54
7 269 57
7 277 99
7 279 50
7 285 25
7 287 77
7 295 98
8 42 77
8 47 54
8 71 70
8 102 56
8 118 84
8 229 56
8 235 20
8 241 31
8 245 83
8 255 100
8 269 25
8 272 75
8 278 22
9 20 65
9 107 83
9 161 47
9 168 84
9 173 36
9 186 22
9 219 98
9 239 22
9 249 17
9 297 77
10 60 26
10 102 22
10 116 86
10 122 76
10 228 71
10 239 10
10 256 52
10 263 20
10 268 38
10 285 57
10 293 89
11 14 94
11 70 41
11 93 44
11 124 65
11 133 71
11 177 26
11 190 16
11 200 47
11 204 53
11 211 38
11 216 64
11 246 87
11 265 36
11 268 47
11 279 74
12 27 58
12 33 45
12 37 96
12 43 26
12 90 73
12 108 73
12 109 47
12 115 58
12 128 48
12 145 17
12 173 20
12 203 51
12 214 36
12 215 57
12 236 7
12 291 24
13 20 2
13 28 47
13 35 20
13 39 66
13 55 70
13 60 97
13 61 82
13 75 16
13 90 1
13 139 71
13 145 31
13 153 40
13 166 6
13 204 78
13 213 13
14 21 15
14 63 74
14 72 8
14 192 40
14 206 46
14 218 32
14 259 86
15 20 56
15 71 79
15 72 2
15 78 75
15 121 81
15 136 89
15 169 83
15 186 88
15 262 65
15 278 85
15 287 86
16 19 84
16 76 50
16 101 55
16 107 32
16 147 83
16 182 71
16 200 33
16 213 53
16 232 53
16 240 72
16 249 11
16 270 30
16 282 36
16 287 25
17 23 55
17 37 96
17 64 65
17 103 53
17 115 27
17 128 50
17 135 8
17 166 58
17 169 4
17 204 34
17 212 38
17 243 92
18 28 68
18 38 77
18 69 56
18 87 52
18 92 63
18 112 91
18 151 54
18 161 17
18 172 23
18 253 36
18 255 39
18 277 55
18 290 41
18 297 92
19 25 78
19 36 51
19 51 73
19 68 13
19 85 75
19 89 28
19 139 60
19 196 91
19 235 32
19 239 87
19 240 41
19 262 39
19 271 96
19 273 44
19 281 24
19 294 85
20 50 87
20 122 91
20 126 62
20 127 43
20 170 95
20 180 24
20 189 33
20 205 48
20 210 92
20 231 55
20 243 35
20 246 31
20 280 61
20 292 27
20 298 74
20 299 38
21 33 77
21 47 46
21 63 3
21 66 4
21 133 25
21 158 62
21 201 94
21 207 56
22 51 100
22 67 86
22 70 46
22 91 47
22 93 29
22 143 21
22 165 32
22 171 16
22 174 12
22 186 45
22 203 10
22 204 6
22 222 20
22 237 94
22 245 5
22 292 11
23 74 49
23 96 39
23 111 93
23 125 61
23 133 18
23 143 66
23 144 51
23 150 94
23 182 64
23 201 53
23 244 49
23 248 40
23 255 66
23 270 95
23 283 48
23 291 18
23 295 80
23 296 93
24 68 16
24 85 61
24 90 14
24 97 47
24 109 28
24 148 77
24 149 43
24 195 37
24 206 34
24 223 62
24 224 30
24 229 38
24 271 73
24 278 30
24 282 28
25 38 17
25 56 91
25 115 45
25 180 83
25 240 41
26 75 91
26 101 98
26 105 45
26 119 91
26 154 37
26 180 62
26 187 85
26 191 84
26 206 79
26 232 17
26 246 29
26 257 95
26 282 77
27 30 94
27 36 93
27 42 4
27 44 22
27 121 36
27 128 40
27 195 55
27 197 49
27 208 21
27 211 44
27 225 73
27 263 3
28 69 71
28 104 90
28 236 45
28 245 68
29 209 24
29 243 37
29 282 10
29 297 21
30 97 81
30 125 52
30 137 9
30 156 94
30 160 37
30 167 45
30 203 73
30 212 53
30 215 25
30 219 19
30 253 81
30 262 18
30 268 63
31 37 84
31 49 39
31 62 50
31 71 75
31 73 45
31 89 99
31 93 95
31 95 88
31 103 71
31 115 49
31 122 10
31 178 12
31 209 93
31 217 29
31 256 35
32 47 29
32 64 38
32 96 7
32 110 61
32 129 90
32 132 68
32 136 55
32 141 78
32 145 12
32 153 79
32 159 82
32 178 88
32 217 97
32 267 62
33 63 5
33 64 11
33 77 97
33 92 95
33 96 61
33 108 71
33 120 39
33 155 11
33 161 17
33 173 78
33 202 33
33 214 66
33 215 87
33 246 45
33 255 10
33 269 68
33 289 31
33 292 91
34 39 5
34 41 90
34 78 51
34 127 46
34 129 57
34 131 57
34 133 75
34 134 20
34 156 35
34 194 56
34 212 7
34 228 83
34 238 69
34 260 63
34 264 46
34 265 65
35 47 9
35 49 6
35 76 35
35 97 99
35 127 16
35 158 4
35 165 76
35 172 100
35 180 69
35 227 14
35 243 44
35 298 30
36 57 81
36 69 27
36 70 20
36 71 38
36 93 16
36 94 23
36 104 35
36 127 24
36 135 79
36 181 10
36 184 95
36 203 66
36 222 17
36 227 53
36 264 100
36 265 86
36 285 15
37 52 45
37 77 2
37 112 23
37 129 50
37 141 37
37 156 21
37 184 17
37 210 92
37 283 48
38 61 17
38 62 12
38 70 13
38 82 12
38 111 41
38 125 94
38 130 38
38 167 61
38 175 83
38 177 5
38 270 35
38 283 17
38 298 28
39 56 13
39 120 78
39 126 22
39 144 30
39 163 95
39 177 26
39 225 30
39 226 32
39 243 40
39 256 74
39 264 33
40 57 14
40 98 76
40 100 21
40 113 86
40 143 92
40 146 12
40 181 33
40 197 60
40 202 23
40 250 98
40 253 24
40 265 64
40 271 91
40 273 13
40 292 76
41 54 25
41 81 18
41 88 10
41 89 41
41 101 97
41 103 74
41 118 19
41 126 71
41 158 4
41 162 65
41 164 96
41 196 85
41 207 96
41 216 88
41 217 58
41 233 28
41 260 1
41 286 33
42 45 49
42 67 87
42 99 77
42 135 12
42 140 71
42 167 36
42 178 35
42 189 68
42 262 59
43 63 50
43 71 10
43 83 72
43 89 25
43 114 34
43 131 41
43 170 86
43 173 27
43 179 37
43 196 11
43 200 97
43 201 59
43 225 14
43 232 13
43 270 55
43 273 98
43 292 8
44 68 42
44 114 8
44 174 87
44 191 94
44 205 40
44 224 87
44 227 32
44 247 16
44 257 99
44 262 3
44 273 4
44 287 33
45 80 22
45 102 14
45 128 82
45 130 84
45 219 37
45 251 58
45 295 69
45 297 77
45 298 43
45 299 47
46 81 66
46 97 53
46 102 95
46 183 24
46 186 19
46 224 7
46 245 30
46 262 68
46 286 14
46 295 71
47 84 27
47 87 53
47 115 65
47 134 67
47 135 39
47 144 96
47 172 34
47 180 37
47 191 50
47 213 89
47 234 21
47 238 24
47 242 3
47 254 54
47 265 59
47 285 39
48 84 11
48 130 79
48 140 68
48 151 5
48 167 26
48 212 33
48 265 10
48 287 20
48 289 8
49 52 80
49 66 79
49 75 38
49 78 47
49 89 44
49 93 60
49 124 26
49 151 96
49 180 76
49 212 92
49 241 87
49 243 24
49 264 77
49 279 23
50 53 73
50 56 66
50 83 96
50 90 48
50 92 68
50 126 49
50 164 6
50 167 58
50 213 60
50 215 85
50 248 25
51 72 16
51 105 62
51 116 9
51 157 25
51 172 33
51 231 69
51 268 4
51 270 11
51 297 58
52 69 3
52 84 55
52 87 17
52 125 28
52 129 2
52 184 93
52 189 71
52 195 88
52 216 16
52 232 47
52 248 11
52 271 40
52 272 64
52 283 58
53 89 88
53 115 83
53 147 6
53 159 45
53 168 41
53 182 17
53 192 81
53 266 17
53 275 33
54 57 94
54 58 78
54 96 9
54 101 27
54 150 46
54 164 13
54 168 37
54 173 3
54 184 15
54 255 43
54 292 71
54 298 42
55 56 45
55 66 15
55 105 12
55 112 32
55 114 30
55 117 10
55 124 94
55 153 22
55 168 74
55 228 51
55 244 61
55 261 56
55 270 9
55 274 5
56 59 48
56 112 77
56 113 38
56 117 65
56 142 61
56 145 31
56 178 94
56 197 70
56 203 57
56 213 91
56 239 82
56 274 46
56 287 93
56 292 48
56 298 40
57 65 15
57 75 41
57 93 84
57 129 30
57 170 4
57 196 68
57 201 11
57 222 13
57 245 61
57 258 32
58 85 38
58 113 64
58 161 92
58 174 46
58 195 24
58 198 49
58 203 93
58 212 100
58 221 86
58 294 9
58 296 61
59 63 16
59 69 2
59 117 82
59 133 25
59 147 92
59 158 15
59 167 22
59 176 36
59 182 62
59 194 61
59 239 51
59 247 54
59 252 97
59 258 32
59 278 57
59 299 16
60 78 42
60 86 21
60 99 28
60 106 74
60 109 11
60 113 91
60 127 17
60 158 56
60 193 66
60 203 65
60 207 48
60 218 66
60 236 2
60 239 57
60 241 78
61 77 70
61 94 10
61 112 11
61 159 46
61 162 54
61 179 25
61 233 67
61 247 89
61 263 86
61 292 79
61 293 91
62 123 91
62 170 27
62 188 74
62 201 47
62 250 42
62 253 16
62 263 19
62 265 70
62 267 41
62 285 29
63 73 12
63 75 9
63 82 84
63 91 78
63 136 26
63 153 84
63 156 95
63 160 27
63 239 40
63 249 24
63 259 96
64 116 1
64 155 34
64 176 93
64 197 54
65 84 58
65 101 11
65 104 95
65 115 95
65 146 90
65 151 85
65 166 85
65 179 16
66 81 59
66 99 83
66 104 10
66 137 26
66 143 1
66 158 79
66 170 18
66 210 82
66 211 90
66 222 26
66 243 17
66 283 19
67 76 51
67 77 100
67 90 65
67 119 78
67 163 91
67 168 88
67 180 25
67 183 92
67 218 21
67 239 18
67 288 45
68 70 30
68 89 28
68 119 39
68 163 24
68 176 69
68 179 76
68 190 60
68 259 37
68 290 86
69 82 94
69 114 46
69 136 11
69 139 95
69 155 76
69 158 28
69 166 28
69 173 65
69 181 53
69 200 44
69 215 36
69 227 56
69 248 44
69 276 100
69 280 33
70 98 86
70 134 88
70 137 9
70 161 77
70 181 60
70 186 78
70 222 74
70 234 90
70 237 58
70 250 64
70 252 65
70 278 26
71 90 91
71 101 77
71 121 14
71 129 76
71 146 70
71 175 59
71 199 38
71 279 16
71 282 34
72 74 17
72 78 43
72 107 51
72 115 70
72 145 39
72 160 86
72 176 77
72 211 34
72 233 37
72 244 9
72 285 19
72 298 24
73 100 69
73 108 48
73 123 36
73 170 47
73 187 73
73 271 77
73 281 4
73 291 36
73 295 93
73 299 81
74 96 27
74 145 69
74 150 95
74 165 54
74 232 39
74 234 5
74 290 92
75 80 54
75 86 39
75 156 8
75 168 49
75 220 41
75 230 29
75 276 39
76 83 78
76 93 5
76 99 72
76 104 14
76 146 65
76 151 42
76 154 90
76 167 34
76 178 89
76 195 25
76 255 80
76 274 61
76 290 1
77 85 35
77 88 49
77 107 93
77 139 67
77 158 75
77 168 14
77 185 13
77 192 28
77 215 52
77 258 18
77 265 71
77 268 57
77 269 8
78 115 79
78 142 57
78 178 48
78 182 7
78 184 95
78 185 77
78 255 64
78 262 18
78 264 90
78 265 28
78 267 60
78 273 79
79 82 61
79 116 48
79 129 55
79 139 92
79 149 61
79 184 7
79 190 78
79 276 9
79 294 52
80 82 45
80 84 35
80 89 65
80 111 9
80 168 14
80 170 68
80 227 26
80 229 37
80 240 76
80 247 85
80 280 15
80 285 33
80 291 32
81 85 73
81 157 79
81 178 60
81 198 36
81 245 97
81 263 50
81 285 64
81 299 56
82 89 80
82 146 76
82 171 55
82 182 35
82 211 20
82 227 67
82 263 93
82 279 97
83 85 27
83 116 44
83 157 93
83 175 13
83 180 60
83 193 2
83 198 27
83 200 27
83 201 79
83 202 63
83 221 55
83 243 64
83 266 29
83 271 39
83 275 47
83 291 1
83 293 17
84 149 7
84 217 89
84 226 65
84 271 8
84 296 4
85 87 20
85 88 87
85 90 79
85 107 27
85 112 73
85 163 98
85 164 45
85 165 18
85 173 47
85 192 72
85 237 61
85 262 91
85 265 84
86 129 73
86 148 44
86 213 62
86 223 99
87 94 23
87 96 76
87 97 5
87 99 38
87 100 4
87 110 43
87 113 36
87 138 57
87 163 60
87 205 42
87 257 45
87 266 24
88 128 1
88 130 48
88 149 96
88 179 40
88 203 78
88 219 74
88 223 64
88 227 28
88 251 18
88 260 81
88 269 74
88 272 89
88 278 94
88 293 16
89 92 73
89 173 66
89 238 60
89 241 86
89 296 16
89 297 34
90 98 62
90 101 21
90 115 23
90 130 65
90 177 63
90 191 58
90 207 73
90 220 22
90 224 52
90 234 17
90 247 98
90 251 52
91 96 16
91 109 45
91 172 91
91 180 94
91 182 18
91 223 55
91 230 21
91 252 35
91 279 35
91 281 46
91 290 76
92 122 28
92 125 61
92 133 100
92 135 45
92 155 72
92 187 85
92 202 61
92 204 5
92 215 98
92 219 81
92 260 27
92 261 63
92 269 95
92 274 37
92 297 35
93 122 17
93 124 88
93 128 4
93 130 66
93 169 39
93 181 19
93 194 10
93 198 30
93 200 12
93 204 79
93 252 36
93 264 84
93 278 65
93 297 70
94 98 29
94 103 92
94 106 50
94 116 42
94 152 91
94 158 94
94 169 13
94 174 28
94 179 6
94 243 70
94 272 25
94 282 86
94 287 96
94 297 39
95 106 81
95 116 32
95 132 26
95 179 49
95 184 71
95 188 29
95 204 66
95 215 10
95 224 99
95 243 27
95 252 91
95 265 63
95 268 5
96 111 26
96 145 46
96 202 21
96 272 47
96 277 75
96 293 13
97 101 96
97 150 16
97 152 55
97 180 42
97 186 80
97 203 34
97 255 47
97 269 49
98 149 59
98 167 85
98 173 97
98 176 49
98 197 17
98 205 80
98 242 74
98 259 17
98 262 51
98 264 54
98 271 82
98 277 60
98 287 53
99 104 8
99 149 50
99 165 67
99 197 64
99 225 27
99 226 12
99 229 36
99 231 73
99 235 38
99 246 48
99 248 69
99 266 5
100 106 55
100 109 62
100 145 85
100 149 88
100 151 60
100 161 33
100 180 98
100 201 44
100 247 81
100 253 47
100 255 60
100 269 61
100 272 72
100 274 28
100 282 63
101 148 78
101 201 9
101 202 22
101 210 30
101 227 68
101 260 23
101 276 96
101 279 83
101 290 49
101 295 59
102 110 19
102 132 21
102 177 97
102 185 18
102 187 41
102 190 1
102 293 72
103 106 54
103 119 85
103 160 60
103 165 14
103 172 70
103 194 9
103 208 9
103 234 50
103 264 55
103 270 69
103 280 62
103 291 27
103 292 96
104 106 24
104 123 4
104 144 57
104 161 97
104 189 85
104 228 24
105 108 19
105 128 32
105 144 59
105 157 19
105 193 42
105 205 77
105 211 92
105 269 38
106 111 94
106 154 84
106 156 39
106 162 18
106 171 38
106 185 75
106 187 29
106 190 51
106 194 96
106 245 37
106 253 59
107 147 46
107 198 92
107 202 79
107 205 59
107 234 70
107 243 27
107 246 83
107 249 25
107 251 35
107 259 79
108 114 61
108 116 10
108 130 50
108 180 44
108 182 68
108 188 20
108 196 85
108 211 96
108 234 11
108 274 75
109 115 90
109 125 47
109 162 65
109 221 59
109 251 84
109 255 39
109 280 87
110 132 86
110 134 35
110 139 23
110 153 96
110 189 32
110 191 66
110 241 27
110 248 90
110 261 87
111 117 5
111 118 24
111 125 63
111 130 39
111 136 55
111 174 75
111 189 100
111 216 56
111 221 18
111 230 68
111 242 75
111 243 55
111 245 63
111 270 38
112 128 29
112 137 4
112 162 84
112 178 93
112 185 62
112 192 19
112 256 83
112 264 100
113 129 56
113 134 69
113 160 75
113 170 3
113 183 52
113 202 92
113 276 29
113 282 94
113 294 79
114 122 85
114 129 69
114 130 93
114 132 23
114 133 23
114 168 68
114 268 75
114 269 78
114 272 37
114 288 42
114 290 5
114 297 91
115 127 56
115 155 94
115 214 71
115 230 12
115 240 77
115 270 15
115 277 73
115 283 47
115 289 50
116 153 25
116 175 54
116 186 18
116 190 99
116 224 56
116 232 22
116 267 90
116 276 37
117 146 67
117 169 20
117 177 21
117 181 35
117 213 65
117 222 96
117 240 58
117 242 32
117 257 70
117 286 87
118 128 68
118 138 11
118 185 43
118 188 11
118 202 18
118 207 36
118 226 33
118 259 29
118 292 64
118 293 48
119 125 54
119 154 10
119 165 97
119 168 78
119 181 15
119 195 66
119 240 76
119 247 71
119 249 39
119 275 17
119 293 7
120 123 5
120 129 89
120 146 27
120 149 40
120 165 53
120 169 74
120 180 49
120 217 84
120 221 43
120 226 87
120 244 3
120 264 5
120 277 30
120 283 65
120 284 23
120 294 65
121 148 98
121 149 3
121 210 29
121 224 97
121 229 56
121 243 90
121 278 45
122 130 33
122 161 5
122 172 62
122 192 60
122 195 75
122 229 1
122 232 29
122 239 33
122 248 57
122 271 17
122 295 11
123 125 96
123 152 69
123 197 85
123 207 96
123 214 4
123 236 27
123 249 83
123 273 58
123 275 84
123 283 12
123 287 75
124 151 6
124 155 76
124 204 72
124 217 8
124 261 56
124 268 20
124 279 64
125 141 46
125 142 64
125 202 48
125 208 50
125 215 77
125 225 60
125 234 76
125 235 29
125 266 88
125 268 60
125 286 86
125 294 56
126 221 70
126 230 33
126 294 24
127 159 6
127 171 29
127 203 79
127 205 85
127 283 63
127 290 36
128 130 68
128 161 74
128 162 10
128 163 73
128 221 1
128 222 33
128 273 32
128 281 9
128 286 4
128 298 47
129 155 54
129 231 19
129 238 47
129 259 55
129 268 96
130 162 6
130 228 82
130 231 24
130 283 93
130 286 41
131 143 9
131 166 100
131 177 62
131 179 42
131 189 23
131 203 68
131 229 22
131 272 53
131 286 52
131 294 84
132 141 40
132 147 71
132 159 9
132 184 2
132 191 43
132 197 61
132 211 34
132 261 26
132 275 69
132 281 90
132 290 25
132 296 22
133 161 8
133 217 71
133 237 28
133 261 55
133 299 76
134 150 9
134 152 79
134 167 20
134 168 1
134 173 39
134 182 19
134 191 63
134 197 32
134 257 93
134 283 82
135 153 53
135 160 45
135 173 85
135 287 88
136 158 36
136 183 55
136 216 48
136 224 37
136 246 49
136 247 9
136 270 23
136 287 74
136 297 77
137 144 12
137 165 50
137 171 51
137 188 19
137 199 20
137 220 78
137 245 74
137 275 47
137 276 39
137 288 4
138 160 66
138 186 39
138 196 42
138 202 36
138 215 53
138 218 26
138 221 80
138 226 86
138 248 78
138 256 76
138 280 70
138 289 18
138 294 12
138 297 24
139 142 65
139 235 48
139 254 72
139 281 73
139 284 70
139 299 98
140 161 2
140 166 81
140 170 47
140 184 4
140 199 52
140 209 19
140 210 33
140 251 77
140 263 65
140 274 71
140 286 32
141 143 83
141 192 62
141 195 73
141 219 18
141 223 66
141 271 98
141 280 50
141 299 52
142 175 28
142 178 25
142 211 21
142 243 97
142 283 36
142 291 97
143 171 13
143 179 84
143 190 20
143 220 86
143 224 53
144 145 69
144 151 39
144 197 86
144 205 16
144 206 42
144 218 37
144 246 86
144 247 74
144 278 65
144 286 50
144 288 97
144 290 96
144 295 32
145 146 58
145 149 20
145 173 2
145 203 75
145 224 70
145 232 51
145 270 26
145 275 49
145 287 75
145 296 99
146 156 45
146 199 11
146 212 95
146 227 57
146 249 94
146 292 14
147 152 94
147 157 98
147 183 35
147 198 84
147 200 83
147 220 2
147 222 25
147 247 71
147 273 87
147 281 99
147 299 87
148 181 36
148 199 47
148 237 82
148 247 20
148 286 56
148 288 54
149 163 21
149 164 30
149 196 23
149 222 23
149 229 8
149 233 71
149 260 97
149 267 6
149 277 67
150 171 59
150 198 52
150 233 75
150 263 4
150 293 17
150 294 21
150 298 2
151 170 51
151 183 4
151 218 36
151 236 52
151 254 29
151 257 59
151 265 38
151 278 79
152 172 45
152 183 26
152 197 25
152 215 79
152 223 45
152 243 80
152 253 84
152 271 17
152 282 61
152 283 6
153 196 39
153 220 68
153 233 28
153 243 87
153 250 73
154 175 46
154 205 46
154 218 76
154 233 20
154 240 1
154 264 93
155 197 40
155 218 2
155 219 43
155 225 44
155 230 90
155 232 95
155 250 24
155 258 48
155 267 84
156 166 54
156 168 44
156 188 9
156 210 78
156 216 74
156 232 5
156 266 9
156 270 57
156 272 21
156 277 21
156 283 62
156 289 11
157 168 89
157 195 41
157 230 98
157 242 13
157 259 86
157 294 95
157 298 89
158 187 58
158 238 95
158 271 81
159 210 97
159 259 49
160 169 75
160 172 92
160 209 38
160 237 21
160 268 67
160 271 37
160 286 5
161 163 20
161 219 80
161 233 13
161 247 49
161 276 6
162 163 70
162 164 9
162 176 62
162 193 90
162 206 30
162 241 76
162 267 1
162 285 18
163 169 16
163 181 98
163 228 82
163 242 54
163 274 44
163 283 22
164 169 11
164 170 38
164 171 2
164 187 59
164 200 86
164 232 29
164 239 3
164 285 75
165 182 49
165 185 69
165 186 11
165 208 53
165 216 89
165 226 43
165 293 18
166 193 37
166 220 48
166 234 87
166 251 46
166 274 9
167 180 28
167 198 27
167 210 84
167 222 28
167 238 44
167 256 52
167 277 77
167 292 77
168 217 5
168 221 20
168 227 99
168 232 67
168 259 58
168 260 52
168 261 25
168 292 95
168 293 80
168 299 27
169 190 70
169 231 29
169 239 48
169 245 80
169 287 33
170 188 36
170 198 74
170 209 50
170 210 24
170 229 21
170 232 88
170 268 21
170 269 82
170 285 16
171 176 47
171 197 65
171 203 43
171 224 42
171 251 68
172 183 72
172 184 19
172 193 72
172 217 91
172 218 69
172 226 38
172 240 100
172 245 20
172 247 15
172 291 47
173 198 100
173 229 93
173 241 16
173 248 80
173 255 40
173 260 47
173 267 12
174 193 27
174 199 73
174 239 14
174 285 51
174 296 93
175 184 53
175 192 23
175 193 74
175 195 68
175 252 70
175 286 91
175 295 63
176 196 63
176 205 58
176 216 34
176 243 81
176 255 82
176 265 76
176 267 1
176 270 71
176 297 28
177 187 21
177 214 85
177 226 74
177 234 72
177 283 30
178 214 41
178 245 3
178 250 69
178 270 39
178 298 66
179 238 48
179 256 11
179 267 79
180 191 50
180 211 4
180 237 32
181 185 72
181 210 29
181 252 51
181 261 93
181 275 71
182 183 13
182 199 56
182 221 81
182 225 98
182 248 88
182 289 62
182 295 26
182 299 89
183 185 32
183 198 5
183 206 9
183 257 69
183 282 78
184 225 32
184 283 98
185 194 70
185 216 34
185 246 18
185 255 8
186 206 99
186 229 65
186 240 19
186 259 30
186 260 14
186 261 74
186 285 13
186 298 86
187 216 54
187 260 15
187 276 78
187 286 25
187 291 80
188 192 85
188 213 5
188 220 29
188 235 73
188 253 18
188 261 54
188 263 61
188 291 1
189 197 58
189 200 21
189 219 69
189 236 87
189 264 4
189 282 18
189 297 56
190 238 37
190 243 36
190 247 16
190 259 87
190 260 100
190 284 86
191 232 68
191 249 66
191 258 59
191 265 32
191 270 51
192 204 64
192 266 47
192 288 80
192 289 40
193 196 26
193 231 65
193 240 96
193 262 54
193 282 89
193 283 13
194 219 60
194 226 1
194 229 66
194 240 69
194 249 21
194 251 34
194 265 56
194 292 24
195 201 52
195 211 63
195 216 12
195 238 39
195 260 78
195 277 50
196 202 90
196 209 63
196 238 70
196 278 55
196 291 73
197 210 1
197 224 5
197 259 89
197 261 99
197 272 37
197 274 28
197 281 76
197 297 53
198 246 76
198 278 82
198 284 93
199 218 88
199 292 41
199 296 93
200 217 53
200 218 9
200 224 13
200 227 39
200 263 16
201 223 88
201 229 42
201 243 79
201 294 99
202 203 80
202 206 8
202 233 100
202 259 69
202 282 23
202 294 69
202 296 76
203 234 47
203 240 70
203 270 32
203 277 35
204 213 68
205 208 68
205 223 63
205 225 44
205 229 72
205 276 90
205 279 25
206 212 64
206 228 77
206 229 17
206 237 56
206 255 82
206 260 77
206 278 20
206 282 72
207 226 45
207 236 7
207 240 65
207 245 75
207 260 57
207 281 44
208 222 82
208 225 57
208 239 64
208 241 56
208 249 25
208 263 91
208 269 3
209 229 46
209 247 23
209 264 37
209 266 66
209 296 42
210 239 51
210 261 61
210 267 14
211 218 40
211 231 37
211 232 77
211 247 69
211 269 53
211 285 85
212 213 2
212 256 81
212 293 4
213 224 73
213 228 25
213 238 11
213 248 37
213 254 99
213 270 19
213 275 32
214 215 33
214 269 75
214 287 47
214 289 88
215 240 52
215 243 38
215 249 90
215 252 97
216 237 12
216 239 27
216 240 14
216 255 53
217 248 77
217 290 74
218 250 66
218 259 69
218 264 62
218 277 95
219 229 37
219 240 14
219 248 31
219 276 38
219 291 47
220 248 34
220 249 62
220 251 71
220 261 96
220 274 50
221 225 22
221 239 15
221 268 81
221 275 54
221 286 41
221 295 79
221 299 93
222 233 92
222 238 68
222 284 83
223 229 41
223 234 79
223 242 61
223 252 54
223 254 32
223 276 37
223 291 80
224 264 49
224 265 5
225 231 41
225 253 43
225 254 93
225 271 7
225 289 73
226 232 30
226 243 53
226 251 59
226 256 43
227 273 75
228 235 54
228 251 92
229 232 48
229 244 20
229 265 24
230 239 53
230 267 13
230 270 55
231 239 46
231 263 4
231 266 22
231 273 28
231 277 96
231 295 53
232 276 88
232 280 2
232 284 84
233 262 76
233 273 81
234 247 32
234 253 33
234 256 73
234 262 27
234 278 25
234 282 31
234 290 99
234 292 7
235 249 35
235 261 9
236 256 1
236 268 10
237 270 15
237 272 93
237 299 9
238 252 34
238 279 68
238 285 62
238 291 46
239 246 22
239 264 7
239 276 2
240 244 44
240 247 34
240 259 97
241 263 96
242 258 73
242 268 50
242 270 31
242 279 48
242 281 82
243 251 14
243 252 32
243 259 55
243 269 40
243 285 9
243 297 37
243 298 91
244 255 15
244 260 72
245 260 99
245 276 67
245 280 33
246 252 13
246 270 59
246 288 41
247 272 99
247 278 27
247 298 2
248 262 44
248 286 100
249 253 8
249 277 97
249 283 43
249 291 93
250 277 46
250 299 90
251 272 17
252 256 95
252 257 72
252 260 17
252 272 29
252 278 86
252 287 48
252 295 83
253 280 25
254 278 56
255 269 19
255 289 15
256 261 22
256 266 42
256 279 66
256 285 89
257 259 74
257 274 78
257 297 99
258 261 15
258 278 76
259 260 77
259 267 16
259 274 72
261 262 77
262 264 76
262 287 20
263 293 71
263 299 20
264 272 65
264 298 61
265 289 89
266 273 12
266 298 84
267 281 5
269 281 40
269 293 69
270 287 4
271 289 74
272 288 94
273 284 12
273 297 44
274 279 60
274 280 33
274 294 86
275 286 25
277 281 73
277 289 59
278 280 55
283 289 24
283 294 73
286 298 82
287 290 52
289 298 41
290 291 5
291 295 28
294 295 68
294 297 25
300 339 2
300 399 5
300 401 12
300 439 15
300 448 17
300 464 5
300 561 17
300 563 2
300 569 3
301 312 5
301 320 16
301 357 8
301 366 25
301 399 23
301 431 12
301 434 1
301 447 17
301 453 20
301 459 12
301 484 20
301 485 7
301 561 4
301 573 18
301 574 9
301 578 5
302 365 20
302 381 4
302 399 1
302 433 23
302 439 5
302 445 3
302 459 25
302 502 11
302 510 14
302 551 16
302 567 2
302 571 20
302 593 9
303 307 3
303 313 22
303 322 13
303 363 21
303 367 6
303 381 14
303 384 18
303 439 20
303 449 16
303 482 11
303 483 14
303 484 5
303 522 6
303 542 20
303 556 8
303 564 25
304 305 5
304 308 14
304 333 22
304 337 10
304 350 15
304 368 19
304 376 14
304 392 19
304 395 20
304 424 1
304 430 8
304 466 12
304 470 3
304 478 2
304 545 21
304 572 7
304 580 24
304 593 10
305 336 2
305 373 6
305 394 24
305 421 22
305 441 25
305 465 16
305 470 9
305 471 13
305 500 22
305 507 16
305 529 8
305 553 7
305 568 16
305 578 12
305 596 20
306 354 14
306 380 22
306 391 11
306 415 7
306 426 12
306 455 5
306 494 4
306 517 13
306 524 12
306 560 15
307 315 17
307 336 15
307 368 10
307 375 25
307 379 15
307 383 22
307 384 4
307 413 21
307 443 20
307 458 2
307 540 20
307 581 12
308 310 10
308 326 8
308 330 9
308 331 1
308 347 17
308 395 15
308 421 18
308 457 5
308 459 11
308 466 6
308 479 3
308 485 22
308 517 14
308 529 15
308 546 3
308 571 17
308 584 4
308 598 16
309 313 9
309 353 22
309 392 5
309 406 20
309 426 23
309 447 22
309 455 16
309 499 1
309 515 17
309 535 12
309 537 4
309 594 11
310 348 24
310 350 14
310 355 20
310 381 7
310 392 16
310 395 13
310 397 23
310 402 10
310 424 18
310 428 8
310 443 15
310 485 20
310 490 6
310 498 5
310 512 11
310 524 8
310 543 24
310 545 16
310 549 23
310 550 7
310 552 12
310 590 5
311 325 1
311 341 10
311 370 1
311 403 17
311 420 12
311 427 19
311 463 3
311 464 16
311 474 6
311 483 3
311 518 4
311 555 1
311 557 11
311 562 21
311 567 13
312 314 8
312 328 5
312 332 7
312 339 18
312 346 21
312 370 2
312 395 23
312 407 2
312 433 14
312 441 8
312 449 25
312 454 5
312 488 7
312 490 8
312 491 16
312 525 11
312 547 11
312 552 2
312 555 13
312 575 4
312 580 14
313 335 6
313 361 8
313 365 4
313 372 12
313 391 11
313 392 9
313 398 14
313 420 21
313 482 4
313 514 3
313 586 6
314 315 10
314 344 10
314 365 23
314 376 7
314 418 13
314 441 22
314 448 8
314 469 1
314 491 4
314 509 10
314 522 7
314 570 11
314 597 17
315 364 23
315 365 23
315 374 2
315 376 1
315 386 13
315 431 5
315 444 14
315 447 18
315 451 15
315 465 17
315 483 6
315 491 25
315 512 2
315 531 21
315 539 22
315 542 7
315 543 1
315 554 2
315 567 16
315 592 12
316 319 1
316 322 24
316 390 24
316 398 23
316 453 7
316 456 1
316 480 1
316 498 16
316 537 8
316 584 13
316 593 9
317 331 7
317 357 11
317 376 11
317 437 7
317 464 23
317 515 17
317 537 21
317 540 17
317 560 6
317 562 14
317 571 25
318 327 7
318 355 18
318 378 22
318 394 4
318 401 24
318 419 22
318 425 5
318 446 17
318 448 8
318 462 6
318 466 15
318 475 8
318 519 5
318 542 21
318 561 11
318 567 5
318 577 13
319 334 20
319 484 20
319 487 22
319 492 1
319 494 5
319 517 9
319 537 9
319 538 4
319 551 2
319 569 6
319 584 22
319 594 8
320 340 20
320 416 21
320 430 16
320 447 12
320 451 18
320 469 19
320 478 12
320 481 16
320 504 24
320 508 3
320 512 1
320 526 6
320 533 20
320 571 8
320 573 10
320 595 17
321 322 20
321 335 16
321 408 5
321 416 14
321 462 10
321 478 1
321 510 14
321 543 16
321 561 11
322 328 25
322 354 19
322 364 12
322 371 5
322 382 16
322 393 19
322 456 24
322 468 13
322 469 10
322 510 12
322 538 7
322 541 5
322 565 1
322 587 23
323 325 5
323 328 5
323 337 25
323 351 10
323 352 24
323 363 9
323 434 21
323 445 16
323 449 4
323 504 14
323 520 20
323 524 17
323 534 25
323 539 22
323 542 8
323 563 16
323 569 7
323 577 7
323 598 11
324 347 18
324 353 11
324 365 3
324 372 14
324 395 12
324 409 16
324 414 25
324 420 25
324 422 24
324 438 4
324 447 2
324 451 23
324 473 11
324 498 7
324 525 22
324 553 22
325 342 5
325 360 6
325 416 18
325 422 20
325 429 9
325 457 8
325 463 16
325 469 2
325 499 7
325 515 14
325 516 11
325 533 24
325 542 22
325 544 17
325 563 12
325 564 15
325 576 5
325 598 14
326 332 5
326 338 18
326 344 6
326 358 6
326 368 19
326 378 7
326 392 11
326 399 21
326 409 4
326 411 21
326 430 2
326 438 1
326 442 18
326 474 6
326 486 8
326 505 12
326 570 3
326 582 18
327 335 19
327 356 20
327 370 19
327 380 2
327 391 9
327 400 5
327 408 3
327 415 5
327 442 23
327 443 14
327 504 21
327 548 4
327 590 4
327 595 2
328 332 23
328 333 12
328 372 7
328 408 17
328 418 18
328 422 18
328 434 12
328 439 21
328 469 13
328 489 13
328 494 23
328 501 7
328 566 20
328 587 5
328 589 18
328 596 24
329 351 22
329 355 13
329 370 19
329 375 18
329 379 17
329 388 4
329 411 24
329 422 19
329 479 10
329 483 21
329 505 9
329 511 6
329 532 2
329 590 12
329 593 9
329 596 24
330 331 23
330 340 16
330 366 15
330 409 17
330 426 10
330 450 3
330 525 13
330 530 24
330 563 15
330 571 12
331 358 6
331 363 12
331 397 17
331 449 25
331 504 12
331 567 15
331 574 13
331 578 7
331 586 9
332 430 6
332 432 10
332 513 7
332 531 24
332 545 22
333 375 3
333 379 9
333 463 2
333 466 6
333 512 22
333 520 10
333 537 4
333 555 22
333 562 2
334 373 21
334 374 13
334 380 11
334 426 23
334 437 2
334 511 10
334 522 15
334 532 14
334 546 17
334 584 1
335 389 7
335 395 16
335 434 12
335 440 21
335 458 5
335 475 21
335 476 5
335 494 10
335 501 5
335 514 13
335 527 10
335 581 1
336 456 17
336 463 20
336 476 4
336 480 22
336 482 17
336 522 16
336 531 3
336 556 13
336 566 19
336 584 23
337 354 25
337 356 5
337 360 20
337 386 4
337 438 16
337 476 9
337 490 17
337 582 9
338 339 11
338 356 23
338 360 24
338 363 25
338 373 20
338 401 6
338 431 20
338 459 1
338 467 17
338 492 1
338 495 14
338 498 2
338 502 4
338 503 5
338 514 21
338 533 7
339 394 2
339 404 14
339 422 24
339 432 4
339 439 1
339 452 18
339 487 3
339 497 3
339 509 24
339 513 22
339 515 6
339 528 16
339 531 8
339 543 24
339 572 24
339 586 18
339 589 23
339 595 24
340 353 17
340 355 17
340 361 4
340 378 13
340 385 20
340 419 21
340 443 14
340 485 8
340 540 24
340 561 17
340 577 14
341 358 21
341 398 25
341 407 17
341 419 10
341 426 1
341 439 22
341 484 12
341 492 20
341 504 24
341 520 16
341 552 20
341 557 23
341 576 23
341 580 10
341 588 5
341 593 21
342 346 10
342 366 22
342 423 18
342 446 8
342 468 16
342 472 12
342 479 14
342 564 3
343 344 6
343 345 11
343 355 18
343 365 15
343 377 9
343 388 9
343 405 5
343 420 4
343 429 11
343 453 22
343 455 15
343 460 11
343 521 20
343 527 4
343 548 5
343 560 19
344 389 19
344 477 24
344 546 18
344 556 17
345 359 10
345 390 22
345 421 14
345 441 19
345 520 20
345 548 7
345 554 3
345 559 12
345 562 20
345 577 16
345 578 17
346 374 2
346 404 1
346 468 9
346 500 16
346 514 11
346 554 20
346 566 20
347 385 17
347 399 5
347 433 18
347 526 8
347 528 17
347 529 13
347 534 11
347 537 21
347 541 8
347 563 5
347 577 21
348 417 25
348 427 21
348 432 5
348 458 23
348 510 11
348 512 25
348 558 17
348 560 17
348 589 2
349 365 4
349 368 13
349 391 20
349 415 22
349 419 14
349 445 22
349 471 5
349 547 6
349 572 8
349 582 24
350 356 3
350 357 1
350 363 5
350 368 20
350 387 8
350 413 21
350 416 9
350 425 19
350 439 18
350 444 16
350 457 25
350 466 15
350 486 17
350 497 20
350 536 21
350 565 14
350 570 7
350 584 20
350 594 8
351 379 24
351 385 24
351 418 13
351 425 13
351 438 20
351 453 9
351 461 2
351 548 16
351 550 13
351 551 7
351 585 25
351 592 14
352 374 9
352 376 2
352 392 20
352 422 6
352 457 10
352 467 16
352 503 14
352 506 5
352 527 10
352 544 7
352 558 4
352 578 25
352 580 25
352 593 25
353 387 20
353 396 14
353 404 6
353 410 17
353 442 21
353 446 6
353 496 15
353 526 10
353 540 19
353 571 11
353 573 18
353 587 20
354 360 1
354 411 7
354 444 3
354 463 3
354 468 22
354 556 14
354 582 4
355 366 17
355 382 21
355 385 13
355 439 9
355 472 11
355 475 17
355 514 18
355 535 17
355 549 22
355 550 19
355 557 19
355 559 21
355 571 16
355 580 7
355 581 2
355 597 7
356 446 4
356 452 7
356 454 23
356 463 13
356 477 2
356 480 8
356 485 7
356 505 23
356 508 8
356 549 13
356 590 1
356 599 12
357 361 10
357 373 16
357 374 16
357 377 3
357 384 11
357 404 5
357 405 11
357 435 21
357 437 24
357 456 5
357 472 15
357 489 20
357 552 24
357 559 10
357 580 16
357 597 14
358 368 16
358 374 19
358 433 20
358 435 21
358 436 25
358 462 19
358 468 10
358 559 2
358 568 1
358 595 16
358 597 1
359 367 10
359 407 3
359 415 1
359 422 22
359 460 14
359 465 18
359 488 14
359 516 16
359 520 5
359 524 18
359 570 1
359 590 3
360 387 16
360 415 8
360 428 17
360 492 11
360 530 6
360 540 1
360 578 3
360 592 21
360 598 18
361 372 21
361 375 17
361 394 15
361 440 22
361 534 10
361 544 24
361 563 25
361 595 12
362 373 14
362 422 1
362 424 21
362 441 18
362 445 3
362 448 19
362 485 9
362 511 21
362 512 7
362 563 24
362 566 25
362 578 2
362 585 2
362 586 2
363 373 17
363 376 9
363 392 20
363 405 4
363 422 16
363 425 22
363 431 6
363 434 11
363 441 16
363 447 1
363 448 2
363 450 7
363 461 25
363 571 13
364 368 5
364 388 24
364 443 24
364 448 20
364 449 24
364 517 21
364 522 15
364 535 2
364 572 17
364 575 23
364 584 24
365 393 23
365 395 23
365 412 25
365 425 1
365 427 24
365 441 4
365 470 20
365 473 7
365 494 23
365 523 23
365 526 24
365 534 22
365 571 6
365 584 9
365 595 14
366 367 8
366 372 12
366 435 21
366 438 7
366 504 24
366 512 2
366 551 6
366 553 24
366 560 22
366 584 4
366 589 20
366 599 13
367 391 7
367 395 11
367 437 10
367 438 5
367 449 10
367 496 7
367 555 5
367 586 11
367 590 8
367 591 8
368 416 5
368 457 14
368 466 7
368 467 4
368 498 15
368 513 5
368 551 9
368 557 23
368 566 19
368 567 17
368 579 12
368 591 16
369 372 23
369 404 10
369 418 17
369 430 5
369 444 9
369 453 15
369 456 11
369 494 5
369 519 2
369 521 17
369 540 15
369 549 11
369 560 22
369 563 1
369 566 20
369 585 3
370 380 11
370 403 2
370 423 12
370 440 17
370 459 17
370 471 18
370 475 21
370 484 6
370 488 25
370 499 6
370 545 6
370 550 20
370 553 24
370 557 17
370 559 10
370 571 24
370 583 3
370 596 3
371 425 3
371 444 11
371 458 18
371 485 13
371 489 17
371 522 19
371 526 7
371 547 6
371 565 7
371 577 5
372 374 7
372 387 3
372 391 7
372 392 19
372 418 6
372 432 20
372 449 13
372 458 22
372 467 12
372 473 10
372 505 5
372 506 13
372 508 15
372 530 10
372 584 7
372 588 14
373 376 3
373 407 16
373 443 14
373 444 5
373 445 21
373 501 16
373 527 18
373 531 13
373 560 6
373 561 9
373 566 8
373 579 12
373 599 17
374 389 16
374 400 16
374 444 23
374 509 18
374 510 24
374 542 18
374 596 23
375 376 18
375 383 7
375 416 22
375 421 6
375 443 16
375 449 1
375 478 19
375 514 8
375 552 12
375 559 2
375 563 23
375 569 14
375 582 20
376 388 11
376 449 20
376 508 15
376 511 1
376 545 12
376 569 2
376 593 8
377 386 21
377 428 11
377 432 21
377 484 12
377 514 2
377 548 13
377 551 11
377 559 19
378 404 13
378 488 5
378 498 19
378 507 5
378 523 12
378 534 17
378 537 13
378 539 2
378 542 17
378 574 8
379 386 9
379 396 5
379 405 11
379 413 6
379 465 20
379 470 5
379 481 18
379 483 14
379 500 19
379 503 21
379 562 3
379 565 22
379 579 3
380 393 23
380 395 8
380 426 24
380 500 11
380 544 9
380 546 13
380 582 21
380 584 4
381 402 1
381 427 2
381 432 24
381 435 7
381 436 13
381 451 15
381 475 19
381 490 17
381 499 8
381 517 3
381 530 2
381 553 12
382 393 14
382 398 10
382 431 8
382 458 20
382 477 2
382 498 24
382 505 14
382 556 22
382 558 1
383 386 10
383 396 2
383 428 23
383 430 19
383 516 2
383 517 10
383 537 4
383 541 14
383 543 7
383 562 8
383 581 14
383 597 8
384 391 6
384 413 21
384 420 23
384 427 23
384 441 16
384 442 14
384 505 5
384 527 21
384 561 17
384 568 17
385 393 11
385 409 1
385 428 1
385 434 5
385 440 5
385 451 24
385 466 18
385 493 3
385 519 24
385 527 5
385 528 4
385 531 23
385 546 23
385 575 5
385 599 7
386 436 2
386 437 19
386 450 13
386 461 11
386 494 9
386 546 23
386 551 18
386 553 4
386 570 20
386 584 15
386 587 22
387 393 10
387 404 20
387 411 17
387 419 1
387 422 13
387 426 2
387 468 4
387 534 13
387 549 6
387 552 8
387 555 14
387 569 1
387 573 10
387 587 12
388 407 5
388 415 16
388 443 12
388 450 4
388 467 20
388 477 20
388 487 7
388 488 15
388 493 10
388 496 17
388 530 24
388 563 7
389 391 12
389 394 4
389 412 1
389 414 1
389 430 25
389 448 10
389 482 20
389 487 16
389 523 12
389 549 9
389 584 19
389 588 17
390 391 24
390 412 25
390 418 24
390 422 12
390 435 2
390 470 11
390 493 25
390 510 6
390 519 3
390 530 13
390 533 11
390 536 22
390 542 8
390 597 18
391 405 14
391 408 17
391 415 11
391 418 12
391 452 23
391 455 22
391 456 15
391 470 25
391 490 23
391 550 15
391 553 11
391 571 19
391 584 7
391 587 24
392 402 5
392 406 3
392 416 16
392 424 3
392 462 4
392 470 16
392 472 16
392 503 5
392 509 1
392 511 15
392 517 12
392 531 3
392 585 5
392 595 22
393 418 2
393 421 12
393 460 14
393 465 15
393 487 5
393 541 25
393 566 3
393 580 2
393 584 23
394 411 19
394 416 3
394 432 20
394 470 8
394 474 15
394 482 16
394 489 17
394 572 13
395 421 20
395 427 21
395 440 3
395 510 22
395 520 24
395 534 19
395 568 14
395 573 3
395 579 21
395 583 5
396 398 14
396 424 1
396 429 9
396 457 12
396 485 4
396 487 20
396 528 1
396 536 20
396 588 24
397 423 2
397 435 22
397 484 2
397 532 24
397 537 15
398 410 6
398 425 21
398 426 25
398 484 20
398 587 11
398 595 18
399 433 8
399 444 7
399 455 13
399 473 12
399 510 5
399 522 11
399 595 5
399 597 18
399 598 15
400 401 3
400 416 22
400 417 5
400 422 3
400 497 6
400 540 16
400 551 6
400 556 2
400 557 16
401 412 25
401 416 3
401 423 19
401 425 23
401 426 6
401 430 20
401 455 12
401 467 14
401 475 15
401 522 13
401 596 8
402 416 2
402 438 5
402 482 17
402 525 8
402 542 17
402 545 4
402 546 12
402 562 4
402 568 10
402 570 6
402 571 18
402 584 12
403 421 2
403 428 22
403 447 14
403 471 9
403 477 13
403 480 21
403 488 13
403 495 5
403 499 22
403 514 17
403 517 1
403 518 19
403 534 24
403 535 20
403 539 6
403 588 12
404 405 9
404 406 18
404 425 22
404 445 12
404 457 23
404 458 13
404 471 19
404 484 16
404 498 18
404 499 7
404 512 20
404 533 3
404 555 12
404 584 14
405 473 14
405 477 15
405 498 13
405 502 5
405 504 1
405 512 25
405 523 2
405 541 15
405 566 6
405 595 24
405 596 6
406 416 6
406 432 17
406 445 6
406 490 25
406 501 24
406 523 18
406 549 10
406 558 17
406 578 14
406 593 21
407 425 16
407 453 1
407 478 16
407 485 8
407 503 19
407 586 24
407 587 4
408 422 23
408 437 12
408 445 18
408 524 13
408 537 2
408 578 5
409 412 19
409 424 4
409 429 6
409 475 21
409 488 18
409 489 13
409 501 21
409 512 25
409 562 19
409 580 12
409 594 5
410 432 20
410 497 11
410 500 22
410 505 7
410 512 4
410 523 12
410 559 4
410 597 19
411 422 15
411 444 22
411 466 3
411 469 10
411 491 20
411 508 7
411 511 7
411 560 7
411 591 1
412 416 19
412 433 10
412 449 7
412 479 15
412 496 13
412 500 12
412 502 10
412 532 7
412 540 1
413 434 5
413 452 6
413 474 21
413 485 18
413 490 10
413 523 16
413 542 3
413 550 9
413 559 24
413 561 8
413 571 20
413 584 2
414 426 3
414 437 9
414 480 25
414 539 6
414 563 18
414 571 20
415 422 12
415 425 1
415 429 3
415 453 12
415 469 20
415 477 14
415 494 18
415 513 9
415 526 3
415 556 6
415 577 20
415 587 9
415 597 6
416 457 1
416 481 14
416 485 4
416 494 18
416 522 25
416 559 19
416 560 23
417 420 8
417 423 19
417 474 5
417 500 5
417 502 22
417 528 8
417 537 13
417 585 22
418 432 15
418 436 8
418 498 18
418 513 3
418 514 8
418 519 22
418 539 16
418 545 4
418 554 10
418 561 10
418 575 12
418 590 14
419 454 15
419 463 8
419 512 22
419 534 22
419 540 8
419 552 12
419 575 25
419 584 3
419 589 13
419 596 20
420 432 25
420 437 21
420 440 15
420 450 6
420 486 25
420 508 12
420 510 15
420 516 14
420 523 8
420 531 4
420 539 21
421 428 2
421 445 6
421 447 6
421 458 23
421 523 21
421 555 9
421 558 9
421 576 5
421 587 23
421 589 22
422 433 21
422 441 5
422 446 20
422 452 20
422 466 15
422 518 8
422 535 21
422 547 17
422 563 20
422 574 18
422 577 18
422 586 17
422 598 7
423 443 23
423 491 18
423 544 20
423 564 13
423 580 7
424 453 4
424 460 18
424 486 4
424 489 5
424 496 1
424 529 9
424 532 4
424 544 23
424 568 20
424 571 14
424 577 3
424 582 17
425 484 12
425 522 25
425 541 23
425 559 6
425 564 21
425 569 12
425 570 15
425 577 19
425 588 5
426 455 10
426 461 13
426 484 22
426 496 1
426 524 21
426 536 22
426 542 19
426 548 16
426 593 9
427 453 2
427 483 19
427 513 3
427 516 5
427 541 1
427 577 3
427 580 16
428 441 4
428 471 1
428 514 10
428 529 18
428 530 5
428 566 1
429 447 4
429 457 6
429 466 23
429 506 12
429 535 4
429 546 12
429 575 1
429 595 22
430 442 16
430 461 12
430 465 9
430 474 13
430 528 13
430 551 4
430 594 9
431 433 8
431 469 21
431 497 19
431 504 9
431 543 15
431 574 23
431 580 15
432 452 17
432 454 1
432 461 7
432 470 20
432 509 3
432 511 16
432 538 14
432 554 7
432 557 18
432 560 20
432 570 14
432 580 18
432 587 8
432 592 17
432 593 4
433 450 10
433 471 15
433 485 19
433 504 22
433 530 23
433 545 8
433 546 11
433 555 4
433 575 18
433 578 20
433 583 1
434 450 13
434 459 3
434 464 15
434 491 11
434 580 19
434 597 8
435 461 13
435 479 1
435 483 3
435 488 15
435 514 18
435 525 18
435 559 23
436 462 11
436 488 14
436 503 11
436 506 3
436 536 21
436 540 5
436 551 8
437 439 8
437 470 19
437 480 1
437 484 4
437 487 19
437 489 11
437 513 14
437 531 22
437 544 5
437 570 10
437 584 24
438 440 18
438 442 12
438 519 14
438 521 5
438 527 7
438 546 23
438 547 17
438 558 7
438 588 25
439 465 8
439 469 2
439 480 20
439 491 7
439 511 12
439 516 8
439 535 19
440 463 16
440 482 6
440 488 23
440 495 23
440 503 13
440 553 17
440 570 25
440 572 18
440 583 10
441 509 10
441 511 8
441 528 8
441 529 15
441 541 17
441 561 6
441 572 9
441 586 3
441 594 21
442 450 13
442 464 11
442 474 19
442 486 6
442 490 20
442 492 20
442 507 13
442 545 21
442 573 14
442 590 21
443 451 7
443 466 24
443 477 14
443 479 24
443 492 6
443 494 12
443 509 21
443 514 18
443 524 3
443 551 20
443 553 12
443 578 14
443 581 5
444 447 19
444 450 23
444 473 21
444 506 10
444 516 3
444 527 4
444 532 14
444 574 1
444 578 16
445 471 24
445 480 19
445 484 21
445 536 18
445 553 15
445 559 10
445 588 15
446 462 6
446 482 5
446 526 23
446 531 6
446 554 18
446 555 21
446 578 11
446 594 6
447 466 16
447 478 5
447 488 8
447 530 11
447 582 16
447 589 23
448 484 17
448 517 9
448 523 20
448 531 12
448 537 20
448 541 25
449 467 15
449 468 8
449 486 25
449 514 7
449 525 6
449 549 20
449 592 4
449 595 1
450 464 9
450 479 15
450 512 17
450 524 16
450 540 21
450 597 15
451 477 21
451 530 15
451 538 10
451 548 8
451 575 21
451 586 1
451 590 12
452 515 5
452 518 11
452 534 4
452 559 3
452 598 2
453 519 12
453 524 22
453 553 15
453 570 6
453 579 21
453 583 6
453 592 15
454 504 22
454 516 12
454 530 23
454 572 16
454 589 17
455 479 25
455 482 2
455 497 8
455 506 16
455 517 17
455 523 3
455 534 5
455 572 15
456 462 17
456 464 15
456 484 22
456 499 12
456 504 15
456 513 9
456 530 17
456 533 2
456 537 12
456 541 19
456 550 5
456 551 1
456 552 17
456 554 19
456 561 8
456 562 15
456 567 1
457 473 23
457 474 11
457 476 14
457 501 22
457 507 4
457 514 5
457 515 21
457 529 5
457 546 12
457 563 11
457 575 23
457 581 16
457 592 16
458 459 12
458 462 7
458 477 7
458 479 9
458 486 19
458 501 21
459 472 19
459 534 12
459 540 24
459 553 5
459 596 7
460 462 3
460 467 7
460 509 25
460 527 23
460 563 15
460 575 14
460 587 23
460 590 14
461 502 2
461 527 11
461 555 10
461 562 7
461 577 17
462 495 7
462 503 13
462 542 5
462 560 17
462 577 10
462 598 20
463 467 9
463 482 24
463 483 1
463 493 15
463 553 7
463 585 21
464 472 12
464 491 25
464 503 7
464 504 10
464 531 6
464 549 15
464 561 14
464 581 15
465 473 15
465 494 11
465 514 4
465 517 5
465 523 10
465 531 19
465 554 6
465 563 20
465 575 5
466 501 12
466 510 13
466 555 11
466 588 1
467 471 17
467 481 4
467 492 11
467 499 11
467 500 13
467 514 11
467 524 14
467 561 4
467 596 17
468 507 11
468 541 16
468 570 18
468 597 20
469 507 2
469 529 25
469 549 9
469 563 16
470 481 14
470 496 23
470 502 3
470 504 19
470 510 3
470 536 13
470 542 14
470 547 10
470 570 9
470 580 18
471 472 24
471 485 22
471 494 5
471 511 24
471 547 15
471 562 9
471 585 11
472 510 1
472 512 23
472 537 21
472 548 16
472 582 3
473 478 14
473 483 1
473 505 20
473 584 8
473 586 20
473 593 22
474 482 8
474 490 6
474 517 14
474 533 23
474 552 5
475 485 16
475 511 19
475 519 9
475 534 3
475 580 7
475 597 19
476 480 14
476 488 2
476 499 19
476 517 10
476 536 6
476 539 19
476 557 24
477 484 16
477 532 5
478 513 1
478 518 13
478 549 2
478 552 16
478 571 18
478 585 16
479 525 19
479 530 12
479 586 25
479 590 15
480 490 8
480 499 9
480 527 20
480 532 21
480 535 7
480 586 25
480 588 14
480 597 25
481 488 8
481 527 16
481 537 6
481 549 3
481 561 6
481 581 9
482 508 23
482 524 15
482 535 15
482 571 17
482 577 16
482 586 5
483 513 23
483 523 16
483 540 20
483 552 24
483 575 9
483 585 12
483 598 16
484 525 4
484 537 25
484 599 16
485 497 18
485 526 8
486 505 24
486 521 15
486 526 5
486 563 7
486 575 16
487 506 18
487 516 8
487 531 23
487 539 11
487 546 16
487 559 3
487 567 16
487 586 24
487 587 25
488 507 8
488 521 13
488 530 16
489 503 23
489 532 20
489 539 15
489 545 15
489 551 16
489 595 14
489 596 25
490 495 4
490 507 6
490 521 5
490 546 3
491 499 23
491 501 25
491 519 12
491 563 22
491 575 14
491 577 17
491 587 5
492 493 4
492 535 11
492 539 13
492 548 3
492 556 23
492 570 3
493 497 5
493 515 14
493 525 1
493 548 7
493 556 23
493 594 16
494 507 24
494 529 22
494 531 12
494 535 14
494 573 13
494 577 2
495 599 4
496 502 15
496 508 5
496 518 9
496 521 19
496 524 9
496 527 7
496 546 18
496 555 21
496 565 5
496 578 6
496 591 14
497 518 9
497 544 11
497 554 24
497 563 23
497 571 14
497 583 22
497 586 2
498 506 20
498 515 12
498 548 3
498 572 3
498 576 9
498 586 20
499 502 2
499 513 5
499 518 6
499 524 17
500 536 19
500 538 7
501 521 22
501 527 8
501 553 13
501 560 5
501 590 2
502 570 21
503 511 13
503 514 19
503 539 18
503 542 17
503 562 2
503 571 6
503 581 3
503 588 12
504 511 5
504 514 2
504 554 2
504 579 3
505 544 4
505 566 24
505 588 14
506 516 8
506 518 1
506 528 22
506 529 4
506 531 4
506 543 3
506 590 9
507 528 22
507 530 21
507 542 17
507 548 18
508 537 4
508 543 6
508 589 23
509 510 7
509 560 3
509 562 10
509 564 2
509 565 21
509 573 4
509 576 3
510 522 1
510 523 8
510 535 17
510 536 7
510 538 11
510 543 20
510 550 9
510 559 14
511 512 18
511 536 22
511 537 23
511 550 21
511 590 20
512 516 1
512 533 24
512 584 22
512 589 9
512 593 21
513 559 20
513 570 2
513 598 13
514 552 25
514 572 7
515 522 12
515 563 6
515 572 10
515 590 24
516 519 7
516 547 5
516 579 4
516 596 12
517 520 7
517 578 11
517 582 5
517 586 14
517 599 21
518 582 24
519 557 22
520 544 12
520 548 19
520 564 19
520 571 9
520 584 14
521 523 15
521 553 10
521 571 12
521 582 12
521 583 20
521 593 9
521 596 8
522 598 22
523 546 24
523 568 7
523 571 3
523 577 10
523 599 14
524 579 14
524 590 10
525 531 20
525 549 18
525 572 13
525 573 8
525 585 25
525 591 25
525 593 12
526 558 15
526 585 23
527 554 13
527 555 11
527 569 9
527 586 6
528 536 6
528 541 19
528 542 19
528 550 21
528 593 5
529 558 7
529 565 9
529 593 25
530 594 16
531 548 16
531 569 23
531 572 16
531 589 24
531 591 2
532 544 25
532 549 12
532 595 16
533 536 10
533 565 8
534 541 10
534 549 22
534 568 18
535 552 11
535 553 24
535 555 4
535 568 25
535 572 21
536 597 16
536 598 11
537 559 4
537 580 21
537 587 16
538 575 24
538 584 16
538 586 13
538 588 4
538 589 23
539 570 21
539 597 3
540 553 15
540 564 11
540 566 25
540 573 5
540 583 11
540 598 1
541 543 6
541 554 22
541 573 18
541 591 17
542 575 7
542 583 3
544 570 16
545 551 24
545 591 13
545 599 14
546 587 4
546 599 15
547 563 9
547 585 22
548 565 2
548 585 14
549 551 19
550 575 17
550 579 12
550 587 10
550 591 7
551 588 15
551 589 9
551 592 2
552 574 17
552 584 25
552 587 15
552 588 18
553 595 4
554 577 25
555 562 21
558 562 11
558 575 24
558 595 13
559 586 3
560 561 5
560 563 17
560 565 18
560 596 5
561 578 7
562 567 6
562 589 8
563 573 21
563 584 16
564 595 6
565 575 22
566 583 4
569 588 25
570 591 15
571 583 17
571 592 11
572 580 21
572 585 7
573 579 19
573 587 23
574 592 25
574 597 18
575 581 14
575 589 20
576 598 23
581 594 13
582 585 15
582 595 8
583 591 11
585 595 4
589 595 12
593 598 17
594 596 21
600 299 78
601 599 16
600 601 94
602 609 7
602 629 8
602 634 18
602 647 15
602 668 6
602 699 19
602 725 6
602 726 10
602 757 2
602 796 10
602 806 5
602 882 11
602 895 6
603 604 22
603 618 16
603 638 5
603 704 17
603 705 15
603 723 23
603 731 5
603 757 5
603 783 17
603 850 1
603 857 5
603 892 18
604 639 20
604 649 14
604 662 3
604 666 9
604 693 2
604 707 3
604 771 17
604 807 9
604 811 20
604 853 8
604 855 16
604 862 16
604 895 15
604 897 1
605 612 17
605 652 2
605 669 7
605 671 4
605 674 7
605 675 4
605 684 20
605 690 13
605 699 22
605 725 11
605 736 11
605 737 1
605 746 16
605 748 4
605 749 3
605 751 22
605 776 21
605 779 22
605 793 10
605 811 23
605 846 7
605 857 13
605 896 2
605 897 1
606 607 23
606 617 22
606 632 8
606 641 14
606 697 14
606 727 23
606 755 16
606 787 5
606 795 24
606 796 22
606 835 10
606 836 5
606 876 2
606 878 4
606 892 17
607 622 23
607 643 17
607 698 4
607 701 25
607 704 9
607 733 7
607 739 2
607 755 5
607 787 2
607 789 1
607 813 16
607 833 1
607 843 9
607 850 6
607 871 3
608 618 9
608 635 3
608 641 1
608 661 17
608 667 16
608 677 14
608 700 14
608 711 6
608 718 20
608 751 14
608 771 5
608 774 4
608 805 20
608 823 6
608 838 10
608 875 13
608 878 6
608 889 1
608 891 17
609 639 7
609 693 11
609 698 25
609 709 11
609 724 17
609 733 2
609 753 11
609 773 7
609 783 4
609 837 19
609 841 14
609 873 8
610 629 5
610 656 17
610 668 8
610 673 21
610 677 9
610 688 23
610 711 11
610 720 17
610 746 17
610 762 24
610 766 21
610 773 21
610 783 20
610 786 3
610 808 7
610 841 7
610 847 8
610 900 7
611 618 23
611 620 17
611 636 19
611 657 23
611 717 2
611 753 10
611 833 1
611 840 14
611 864 18
611 876 6
611 880 9
611 887 7
612 633 14
612 653 13
612 660 23
612 671 23
612 707 8
612 718 8
612 756 21
612 779 20
612 782 24
612 811 12
612 822 20
612 860 19
612 887 9
612 893 14
612 900 22
613 623 15
613 681 21
613 696 6
613 699 23
613 704 20
613 708 22
613 741 16
613 764 17
613 831 25
613 832 25
613 851 19
613 854 13
613 863 18
613 866 25
613 878 22
613 886 24
613 890 15
614 620 9
614 660 23
614 666 12
614 674 19
614 679 5
614 725 7
614 733 13
614 788 4
614 805 19
614 812 8
615 653 24
615 719 2
615 720 21
615 752 20
615 753 19
615 763 18
615 809 3
615 865 16
615 879 13
615 901 1
616 619 7
616 623 6
616 655 1
616 669 8
616 682 25
616 689 13
616 694 25
616 778 1
616 797 9
616 823 25
616 827 15
616 847 20
616 897 24
617 635 1
617 672 13
617 707 4
617 737 8
617 758 2
617 834 9
617 848 3
617 849 9
617 859 7
617 861 6
618 625 7
618 643 4
618 681 24
618 684 24
618 690 8
618 703 15
618 712 11
618 727 8
618 735 23
618 743 19
618 746 8
618 758 7
618 772 18
618 887 21
618 894 7
618 898 20
619 622 6
619 626 8
619 632 9
619 654 2
619 752 7
619 781 11
619 790 14
619 796 12
619 798 18
619 807 18
619 846 22
619 850 20
619 851 3
619 864 3
620 625 3
620 628 9
620 638 8
620 658 1
620 679 10
620 689 15
620 691 17
620 708 22
620 765 23
620 806 16
620 820 15
620 827 7
620 890 23
621 624 9
621 634 4
621 662 6
621 664 3
621 671 12
621 673 13
621 685 13
621 721 13
621 741 21
621 745 24
621 757 4
621 804 9
621 820 16
621 843 21
621 845 5
621 879 13
622 624 23
622 646 10
622 659 15
622 661 9
622 691 17
622 708 17
622 788 18
622 814 9
622 836 9
622 877 16
622 887 8
622 896 1
623 636 6
623 711 14
623 761 23
623 764 16
623 769 18
623 836 3
623 847 19
623 858 4
624 663 18
624 672 6
624 693 18
624 699 15
624 706 4
624 707 21
624 709 24
624 766 22
624 799 18
624 803 3
624 865 11
624 871 16
625 640 14
625 657 2
625 666 1
625 684 8
625 715 18
625 721 20
625 746 16
625 749 3
625 754 10
625 761 23
625 772 4
625 776 17
625 791 13
625 794 3
625 811 8
625 813 7
625 820 8
625 841 1
625 869 12
626 630 2
626 655 8
626 670 5
626 671 16
626 726 14
626 736 2
626 844 16
626 869 12
626 872 20
626 893 19
627 640 22
627 646 12
627 667 9
627 669 25
627 692 12
627 707 16
627 720 17
627 722 6
627 726 6
627 752 22
627 757 15
627 771 5
627 811 2
627 819 9
627 827 20
627 836 4
627 843 16
627 887 1
628 634 13
628 641 18
628 671 13
628 673 14
628 686 25
628 712 19
628 781 5
628 839 15
628 862 20
628 872 20
628 878 1
629 668 16
629 679 15
629 705 24
629 720 2
629 747 24
629 759 23
629 765 15
629 805 14
629 843 17
629 850 20
629 869 22
629 874 13
630 635 12
630 677 3
630 734 14
630 760 20
630 771 22
630 796 19
630 806 12
630 815 23
630 816 7
630 819 4
630 835 12
630 836 20
630 840 3
630 867 5
630 886 1
630 894 20
631 637 1
631 653 23
631 670 20
631 694 17
631 724 14
631 727 19
631 756 20
631 757 14
631 769 18
631 836 10
631 839 3
631 868 9
631 878 6
631 886 1
631 900 21
632 660 19
632 720 3
632 724 11
632 729 15
632 745 25
632 773 5
632 778 1
632 779 24
632 806 11
632 807 4
632 823 10
632 847 7
632 853 9
632 856 16
632 882 8
633 639 3
633 652 18
633 661 7
633 673 24
633 683 9
633 712 20
633 739 19
633 768 6
633 772 9
633 777 12
633 802 15
633 803 13
633 824 20
633 850 22
634 662 15
634 680 18
634 695 16
634 716 17
634 739 3
634 743 7
634 748 18
634 758 7
634 768 8
634 771 16
634 792 19
634 856 13
634 878 2
634 885 1
634 889 21
635 648 17
635 691 10
635 699 25
635 726 10
635 782 16
635 821 24
635 824 20
635 825 12
635 828 17
635 838 25
635 859 20
635 863 5
635 870 16
635 886 9
636 644 2
636 649 15
636 672 23
636 681 19
636 703 7
636 710 17
636 738 23
636 743 13
636 753 9
636 798 7
636 799 20
636 861 25
636 862 25
636 865 8
636 870 1
637 711 2
637 757 5
637 786 20
637 792 11
637 798 5
637 808 6
637 818 3
637 821 5
637 884 25
637 896 15
637 900 21
638 675 2
638 719 11
638 732 3
638 746 19
638 752 22
638 765 4
638 794 8
638 798 19
638 855 22
638 871 14
638 874 10
638 885 21
638 889 2
639 641 19
639 669 2
639 705 23
639 739 20
639 776 4
639 789 7
639 817 22
639 852 5
639 853 14
639 872 18
640 658 18
640 675 18
640 715 23
640 737 22
640 739 22
640 807 23
640 815 11
640 821 19
640 827 1
640 829 24
640 847 21
640 868 19
640 880 20
640 886 1
640 896 4
640 897 15
640 898 22
641 656 17
641 670 25
641 688 18
641 704 20
641 712 20
641 728 21
641 767 20
641 785 16
641 787 24
641 789 1
641 883 12
641 898 4
642 643 14
642 660 5
642 672 23
642 682 8
642 707 4
642 729 19
642 776 6
642 802 1
642 853 7
642 858 2
642 877 1
642 899 5
643 656 24
643 662 22
643 665 1
643 710 25
643 732 25
643 742 15
643 745 23
643 756 18
643 764 16
643 769 15
643 785 13
643 832 12
643 835 13
643 883 9
643 887 2
644 649 11
644 686 9
644 701 16
644 720 16
644 725 25
644 746 22
644 773 13
644 804 9
644 839 25
644 850 7
644 865 15
644 875 3
644 896 13
644 899 18
645 660 5
645 695 17
645 697 16
645 715 1
645 725 19
645 736 15
645 753 2
645 755 8
645 756 13
645 789 20
645 812 1
645 818 4
645 830 9
645 838 12
645 880 16
645 888 17
645 901 14
646 656 2
646 660 25
646 662 6
646 694 17
646 696 1
646 707 2
646 717 7
646 744 10
646 754 3
646 759 13
646 767 1
646 774 5
646 783 25
646 795 18
646 836 12
646 841 18
646 861 8
646 867 12
646 886 11
646 896 25
647 675 14
647 685 20
647 723 12
647 734 10
647 751 20
647 771 17
647 785 18
647 801 9
647 806 8
647 816 9
647 828 24
647 829 11
647 831 10
647 837 4
647 842 4
647 845 11
647 858 7
647 860 10
647 869 22
647 894 11
648 668 24
648 682 22
648 711 18
648 748 25
648 762 16
648 812 4
648 833 17
648 834 23
648 859 17
648 860 4
648 872 24
649 650 7
649 662 1
649 665 10
649 696 16
649 706 22
649 762 2
649 792 8
649 795 5
649 796 11
649 797 18
649 815 3
649 817 23
649 844 3
649 873 8
649 879 3
649 895 15
650 678 16
650 740 15
650 750 11
650 758 2
650 764 13
650 784 9
650 842 19
650 859 13
650 898 1
651 654 22
651 656 6
651 661 25
651 684 13
651 701 10
651 702 24
651 719 20
651 775 12
651 782 8
651 791 10
651 812 8
651 839 11
651 879 20
651 894 15
651 900 23
652 668 12
652 675 17
652 701 22
652 705 16
652 727 2
652 760 25
652 785 5
652 798 17
652 803 14
652 821 17
652 848 18
652 860 3
653 660 2
653 668 13
653 675 15
653 679 2
653 685 9
653 687 21
653 707 2
653 758 24
653 789 7
653 822 25
653 826 18
653 897 18
654 660 9
654 678 4
654 739 2
654 748 22
654 807 25
654 826 16
654 835 21
654 856 12
654 896 10
655 712 18
655 756 2
655 812 11
655 817 19
655 830 7
656 717 2
656 727 7
656 740 25
656 768 22
656 771 9
656 801 2
656 839 9
657 667 1
657 704 3
657 711 20
657 739 23
657 765 6
657 779 18
657 780 6
657 794 5
657 811 12
657 834 23
657 858 16
657 859 17
657 879 1
657 889 12
658 668 17
658 678 17
658 681 9
658 710 3
658 713 1
658 716 1
658 749 6
658 754 11
658 769 19
658 774 14
658 786 14
658 821 2
658 825 14
658 837 12
658 839 13
658 844 17
658 851 21
658 863 13
658 870 19
658 893 17
658 901 12
659 694 2
659 700 11
659 717 17
659 738 8
659 749 22
659 759 16
659 775 23
659 780 13
659 812 16
659 851 11
659 882 4
659 890 7
660 680 20
660 744 8
660 756 7
660 788 22
660 809 14
660 814 19
660 823 18
660 846 2
660 849 8
660 850 19
660 855 17
660 862 21
660 881 6
660 892 8
661 670 16
661 676 20
661 689 4
661 695 9
661 729 8
661 742 5
661 753 19
661 766 24
661 785 12
661 812 15
661 816 14
661 823 12
661 840 5
661 888 7
662 670 24
662 679 8
662 702 13
662 728 20
662 729 16
662 735 22
662 740 17
662 750 6
662 858 15
662 878 9
662 890 7
663 695 24
663 734 4
663 737 24
663 766 20
663 777 12
663 807 8
663 817 12
663 895 8
663 900 11
664 673 21
664 692 16
664 695 15
664 742 16
664 749 16
664 750 4
664 757 6
664 828 7
664 901 15
665 690 12
665 701 13
665 704 15
665 710 19
665 725 25
665 734 10
665 743 11
665 769 21
665 785 1
665 813 18
665 833 13
665 843 11
665 857 25
665 863 11
665 886 14
666 688 25
666 714 5
666 804 2
666 819 7
666 861 19
666 876 10
667 675 20
667 686 14
667 704 2
667 733 9
667 745 4
667 751 17
667 752 14
667 796 11
667 806 23
667 809 5
667 814 24
667 829 10
667 843 20
667 876 20
668 675 12
668 678 4
668 684 5
668 687 7
668 691 4
668 709 23
668 754 21
668 780 16
668 800 24
668 809 7
668 856 6
668 858 25
669 705 13
669 723 8
669 771 8
669 780 6
669 783 17
669 814 2
669 822 21
669 832 20
669 843 11
669 865 2
669 866 11
669 878 1
670 676 14
670 696 9
670 719 6
670 779 13
670 793 20
670 803 25
670 810 7
670 817 6
670 828 5
670 835 11
670 839 15
670 844 10
670 901 10
671 685 10
671 692 25
671 701 10
671 703 16
671 719 5
671 730 9
671 734 6
671 739 12
671 747 17
671 819 11
671 823 5
671 826 18
671 833 9
671 856 24
671 891 5
671 897 10
672 675 10
672 688 8
672 717 23
672 721 20
672 760 13
672 806 10
672 807 14
672 832 14
672 865 16
672 892 22
673 677 18
673 728 4
673 738 11
673 752 2
673 767 15
673 770 20
673 812 3
673 827 25
673 838 13
673 850 7
673 854 10
673 856 18
673 865 21
674 689 3
674 709 5
674 718 25
674 747 23
674 755 13
674 826 1
674 827 2
675 691 22
675 706 12
675 710 9
675 755 22
675 795 8
675 850 23
675 891 6
676 699 23
676 714 13
676 763 24
676 775 19
676 796 5
676 804 4
676 806 4
676 863 8
676 874 20
676 877 1
677 685 10
677 702 21
677 760 13
677 784 19
677 812 6
677 818 5
677 835 14
677 837 10
677 850 11
678 684 15
678 724 7
678 759 24
678 770 17
678 773 11
678 785 22
678 792 3
678 807 19
678 837 18
678 852 12
679 687 19
679 705 1
679 718 10
679 719 6
679 746 1
679 796 3
679 797 13
679 809 4
679 860 9
679 886 22
680 702 25
680 715 9
680 736 9
680 744 21
680 762 21
680 776 4
680 805 3
680 830 2
680 845 17
680 846 12
680 858 12
680 863 8
680 864 19
680 877 12
681 687 25
681 699 4
681 748 9
681 750 4
681 757 24
681 771 1
681 779 16
681 780 19
681 783 3
681 786 25
681 803 2
681 853 3
682 729 4
682 759 14
682 765 8
682 788 12
682 831 12
682 879 8
683 704 22
683 794 22
683 803 3
683 831 17
683 837 25
683 839 7
683 868 20
683 869 16
683 877 18
684 690 7
684 700 1
684 735 13
684 811 20
684 833 2
684 857 16
684 874 3
685 700 5
685 818 17
685 829 6
685 839 22
685 875 10
686 828 8
686 887 23
687 695 11
687 713 13
687 736 4
687 747 1
687 770 20
687 773 15
687 828 13
687 869 4
687 891 14
688 724 9
688 728 6
688 729 5
688 742 11
688 762 14
688 770 25
688 791 1
688 816 7
688 824 8
688 831 3
688 861 19
688 877 2
688 894 4
689 732 12
689 735 7
689 747 11
689 767 5
689 771 12
689 772 9
689 778 14
689 842 21
690 691 9
690 709 2
690 722 8
690 734 12
690 747 2
690 775 5
690 837 3
690 841 16
690 842 8
690 874 16
690 881 2
690 883 16
690 895 23
691 692 12
691 700 4
691 731 24
691 757 14
691 761 12
691 771 6
691 773 17
691 810 8
691 813 9
691 816 22
691 851 19
691 862 17
691 871 9
691 872 23
691 888 3
692 710 20
692 712 13
692 718 1
692 731 3
692 785 14
692 814 8
692 849 14
692 851 18
692 857 14
692 875 16
692 877 10
692 887 22
692 891 9
692 900 11
693 695 12
693 717 6
693 726 24
693 755 17
693 782 4
693 797 13
693 798 4
693 802 11
693 845 6
693 880 11
693 881 21
694 707 4
694 712 6
694 715 13
694 722 13
694 724 5
694 791 17
694 796 7
694 804 17
694 813 17
694 821 11
694 829 8
694 860 2
694 875 24
694 878 2
694 879 15
694 881 16
694 898 11
695 696 13
695 700 24
695 735 22
695 750 1
695 776 4
695 789 20
695 790 18
695 800 9
695 813 9
695 840 23
695 866 19
695 899 16
696 750 8
696 816 15
696 840 20
696 858 15
696 901 4
697 709 9
697 712 19
697 714 20
697 729 17
697 735 12
697 744 12
697 751 2
697 784 19
697 791 15
697 815 25
697 841 22
697 864 4
697 900 17
698 702 8
698 749 19
698 759 18
698 765 4
698 800 19
698 809 23
698 877 25
698 890 11
698 891 7
699 705 11
699 715 8
699 754 2
699 771 1
699 799 17
699 802 16
699 807 20
699 816 6
699 827 19
699 832 3
699 836 1
699 869 16
699 878 21
699 898 13
700 703 4
700 714 22
700 756 8
700 762 18
700 788 23
700 822 5
700 824 23
700 831 15
700 852 12
700 858 16
700 860 9
701 707 17
701 712 10
701 716 6
701 738 18
701 744 22
701 824 12
701 839 3
701 843 7
701 856 14
702 707 4
702 708 23
702 718 6
702 727 25
702 729 6
702 762 2
702 769 5
702 777 6
702 821 17
702 842 25
702 851 20
702 874 20
702 882 24
702 888 5
703 704 12
703 744 21
703 773 9
703 785 11
703 794 12
703 796 22
703 831 2
703 858 20
703 872 15
703 882 13
703 885 1
703 889 7
703 890 9
704 705 14
704 706 12
704 739 17
704 740 2
704 746 17
704 767 15
704 788 10
704 809 16
704 815 22
704 830 11
704 839 20
704 857 4
704 865 4
704 872 22
704 877 24
704 886 23
704 895 20
705 713 3
705 717 11
705 723 17
705 736 13
705 739 23
705 745 6
705 762 9
705 783 24
705 816 25
705 824 25
705 887 13
706 726 2
706 746 6
706 748 24
706 768 16
706 778 19
706 785 15
706 840 19
706 852 10
706 858 6
707 709 5
707 720 3
707 722 2
707 748 15
707 759 22
707 874 8
708 712 18
708 726 20
708 728 6
708 738 17
708 745 14
708 795 10
708 815 4
708 818 8
708 825 24
708 834 2
708 842 13
708 876 7
708 877 2
709 763 14
709 806 8
709 811 15
709 839 16
709 845 15
709 848 13
709 873 8
709 882 9
709 892 2
710 715 3
710 744 18
710 746 10
710 754 8
710 761 20
710 770 11
710 777 24
710 779 19
710 809 20
710 836 19
710 840 13
710 858 25
710 862 12
710 866 4
710 895 11
711 723 16
711 731 13
711 741 9
711 763 19
711 767 25
711 782 17
711 794 20
711 806 13
711 809 24
711 900 11
712 713 5
712 772 14
712 773 25
712 776 14
712 808 22
712 835 4
712 859 17
712 864 16
712 878 13
712 887 1
712 891 13
713 731 25
713 799 1
713 807 6
713 812 20
713 819 19
713 829 20
713 875 21
713 877 6
713 888 25
713 893 7
714 733 23
714 774 12
714 779 17
714 798 16
714 834 13
714 847 11
714 852 10
714 886 3
715 747 9
715 772 23
715 814 7
715 826 24
715 861 22
715 892 21
716 752 22
716 755 25
716 767 14
716 788 15
716 806 12
716 843 16
716 848 2
716 880 12
717 739 16
717 763 9
717 799 8
717 802 12
717 813 5
717 818 3
717 826 17
717 847 5
717 857 11
717 869 14
718 723 18
718 724 3
718 806 4
718 821 8
718 845 13
718 846 15
718 854 10
718 869 23
718 901 14
719 725 16
719 747 22
719 796 11
719 797 13
719 811 20
719 813 10
719 821 3
719 841 9
719 872 24
720 793 20
720 838 10
720 865 12
720 872 13
720 886 20
720 892 19
721 747 24
721 748 25
721 793 21
721 794 15
721 813 6
721 823 7
721 845 5
721 867 23
722 763 11
722 769 10
722 783 5
722 831 23
722 836 1
722 873 16
722 879 20
722 892 15
722 897 9
723 725 18
723 739 25
723 749 23
723 755 15
723 771 11
723 836 1
723 838 23
723 893 9
724 734 22
724 735 10
724 753 20
724 777 9
724 778 4
724 783 15
724 836 9
724 866 5
725 729 11
725 734 23
725 746 10
725 764 19
725 773 4
725 787 8
725 826 4
725 831 13
725 845 14
725 846 1
725 862 16
725 882 5
726 728 22
726 749 5
726 756 15
726 769 17
726 772 6
726 840 12
726 869 6
726 875 16
727 793 12
727 815 5
727 854 2
727 858 11
727 868 14
727 881 23
727 893 21
728 756 20
728 763 13
728 792 5
728 807 24
728 812 23
728 832 4
728 839 9
728 842 16
728 855 8
728 857 18
728 892 19
729 750 22
729 765 8
729 767 21
729 774 12
729 798 14
729 844 17
729 845 16
729 871 3
729 897 10
730 804 21
730 824 15
731 779 15
731 785 14
731 787 3
731 789 22
731 808 15
731 814 13
731 816 12
731 821 12
731 831 9
731 888 6
732 778 24
732 788 15
732 789 7
732 805 23
732 860 18
732 868 15
732 893 13
732 895 25
733 735 9
733 745 8
733 752 24
733 766 18
733 773 3
733 782 10
733 788 7
733 789 22
733 813 3
733 832 11
733 870 8
734 739 25
734 787 25
734 790 25
734 809 13
734 825 5
734 839 21
734 900 4
735 748 19
735 800 7
735 804 16
735 828 4
735 849 13
735 850 16
735 867 18
735 873 21
735 874 14
735 884 11
735 888 12
736 749 3
736 778 10
736 825 20
736 836 13
736 866 10
736 887 12
736 896 17
737 750 20
737 758 20
737 759 13
737 774 24
737 785 6
737 786 23
737 800 23
737 809 5
737 824 22
737 900 11
738 760 9
738 766 17
738 793 14
738 834 5
738 853 25
738 861 6
738 875 8
738 881 12
738 886 24
739 754 1
739 761 9
739 767 12
739 785 11
739 812 20
739 830 16
739 839 22
739 862 14
739 871 3
739 885 7
739 893 3
740 773 20
740 776 3
740 780 22
740 820 9
740 844 1
740 864 4
740 894 6
741 773 23
741 779 11
741 783 4
741 785 10
741 786 21
741 795 20
741 823 1
741 825 25
741 828 20
741 833 6
741 887 8
741 898 8
742 759 4
742 775 8
742 794 17
742 803 17
742 829 18
742 833 13
742 840 8
742 843 16
742 874 4
742 879 12
742 884 22
743 747 6
743 753 8
743 759 1
743 769 4
743 770 17
743 796 1
743 798 8
743 865 24
743 872 24
743 895 20
744 759 3
744 771 10
744 774 15
744 775 24
744 807 10
744 830 15
744 840 20
744 866 18
745 759 22
745 846 5
745 851 23
745 855 6
745 865 23
745 866 15
745 899 25
746 774 10
746 794 24
746 814 15
746 832 13
746 868 12
747 748 14
747 758 20
747 781 20
747 799 14
747 845 1
747 863 13
747 890 15
748 777 10
748 783 13
748 790 15
748 819 4
748 826 17
748 828 24
749 755 18
749 789 16
749 795 11
749 804 9
749 811 12
749 812 3
749 847 5
749 875 18
749 884 25
750 755 10
750 758 15
750 790 16
750 806 11
750 819 2
750 830 16
750 831 1
750 852 16
750 855 5
750 857 14
750 858 11
750 877 24
750 887 4
750 898 11
750 899 13
751 755 18
751 775 22
751 785 25
751 797 9
751 798 25
751 836 17
751 850 8
751 854 19
751 863 9
751 890 18
752 766 3
752 799 22
752 824 22
752 874 7
753 765 15
753 775 23
753 801 19
753 813 4
753 825 16
753 847 4
753 854 7
753 858 6
753 864 6
753 883 23
753 885 10
754 762 21
754 783 8
754 817 10
754 838 25
754 874 20
755 780 22
755 784 19
755 787 16
755 849 24
755 857 3
755 862 17
755 873 17
755 877 12
756 763 10
756 816 25
756 870 6
757 799 12
757 808 21
757 811 2
757 829 21
757 830 10
757 885 24
757 894 16
758 766 16
758 793 14
758 802 21
758 819 22
758 821 22
758 832 2
758 834 19
758 873 8
758 876 22
759 848 3
759 879 20
760 810 23
760 832 24
760 851 18
760 884 17
761 764 16
761 778 16
761 812 19
761 814 7
761 842 7
761 872 7
762 805 17
762 835 8
762 861 12
762 862 5
762 864 4
762 891 13
763 766 25
763 782 15
763 783 13
763 791 17
763 794 5
763 833 4
763 848 13
763 868 4
763 892 2
763 900 16
764 803 24
764 824 11
764 825 14
764 830 4
764 880 5
765 777 12
765 778 2
765 802 23
765 806 3
765 812 18
765 827 15
765 834 23
765 866 1
766 773 24
766 791 4
766 814 17
766 887 6
766 900 15
767 783 24
767 801 11
767 810 4
767 874 23
767 889 3
768 778 18
768 798 15
768 806 9
768 826 23
768 832 4
768 898 12
769 771 24
769 773 19
769 790 13
769 794 10
769 796 7
769 823 16
769 860 14
769 861 18
769 873 17
770 779 13
770 784 22
770 785 11
770 827 5
770 842 19
770 878 12
771 858 3
771 862 24
771 873 5
772 783 10
772 790 15
772 794 3
772 844 21
772 854 20
772 877 3
772 898 23
773 785 13
773 794 19
773 824 6
773 830 10
773 856 22
773 870 20
773 901 11
774 796 15
774 805 7
774 837 20
774 849 21
774 872 22
774 898 10
775 792 16
775 793 15
775 794 25
775 819 12
775 826 3
776 851 4
776 875 8
776 889 14
776 893 8
776 896 8
777 780 20
777 783 17
777 809 23
777 824 25
777 878 14
777 887 17
777 895 4
777 898 11
778 782 6
778 808 22
778 870 19
778 884 16
778 893 18
779 788 15
779 879 3
779 882 9
779 891 21
779 892 22
780 826 6
780 830 19
780 847 8
780 853 23
780 858 8
781 783 9
781 806 10
781 827 10
781 856 12
781 862 19
781 889 25
782 792 19
782 804 3
782 842 22
782 846 13
782 865 2
782 866 21
782 885 1
782 891 19
782 892 24
783 785 14
783 793 1
783 818 22
783 822 7
783 875 18
783 877 16
784 787 23
784 794 20
784 812 24
784 852 18
784 854 18
785 801 4
785 831 13
785 881 1
785 895 2
786 809 22
786 821 9
786 822 13
786 835 7
786 838 23
786 841 8
786 879 8
786 896 18
787 827 12
787 835 4
787 836 5
787 841 14
787 842 1
787 881 6
787 886 9
787 899 1
788 813 19
788 824 9
788 826 22
788 835 2
788 859 2
788 899 12
789 828 24
789 847 21
789 875 12
789 876 18
789 886 14
789 897 18
789 899 5
790 806 16
790 834 21
790 838 1
790 855 1
791 794 10
791 796 9
791 855 23
791 856 19
791 860 19
791 873 18
791 883 5
792 795 24
792 799 22
792 844 20
792 847 25
792 848 4
792 866 3
792 897 2
793 817 24
793 828 12
793 859 24
793 895 2
794 808 15
794 809 12
794 814 2
794 832 12
794 878 1
794 896 21
795 820 2
795 825 18
795 834 25
795 843 17
795 865 15
795 881 3
795 893 20
796 812 24
796 827 13
796 850 19
796 876 17
796 888 6
797 811 11
797 855 23
797 856 5
797 879 10
797 884 18
797 898 6
798 810 15
798 836 20
798 852 7
798 879 14
799 812 8
799 817 7
799 882 17
799 887 24
799 891 21
800 806 19
800 828 13
800 848 21
800 858 14
800 884 14
800 894 15
801 804 16
801 823 8
801 865 4
801 869 20
801 883 2
801 891 4
802 814 7
802 819 20
802 820 22
802 865 15
802 874 6
802 893 19
803 809 19
803 894 15
804 816 13
804 846 24
804 866 4
804 872 10
804 894 7
805 870 19
805 877 19
805 895 14
805 896 13
806 810 18
806 863 9
806 900 6
807 811 5
807 829 6
807 849 21
807 867 20
807 882 22
807 901 11
808 822 2
808 824 2
808 844 7
808 845 3
808 878 5
808 898 14
808 900 25
809 819 3
809 823 3
809 831 5
809 832 21
809 854 23
809 860 21
809 887 11
810 832 23
810 854 1
810 858 20
810 861 4
811 821 22
811 833 15
811 885 17
812 822 9
812 828 7
812 856 2
813 860 16
813 890 13
814 822 9
814 827 11
814 838 10
815 844 5
815 855 24
815 858 11
815 879 6
815 881 5
816 877 16
817 837 12
817 839 20
817 847 15
817 856 14
817 876 24
817 882 21
817 888 12
818 819 21
818 820 18
818 868 22
819 863 18
819 892 20
819 896 18
820 845 22
820 846 16
821 850 7
821 869 15
821 878 1
822 827 16
824 836 19
824 838 16
824 845 5
824 858 2
824 876 4
825 839 14
825 854 9
825 863 4
825 888 2
826 880 16
827 860 10
827 867 17
827 884 5
827 895 5
828 898 8
828 901 18
829 854 3
829 870 3
829 879 6
830 835 24
830 836 20
830 854 4
830 861 18
830 879 16
830 887 21
830 897 14
831 835 7
831 836 5
831 856 6
831 888 7
831 891 22
832 851 24
832 855 25
832 882 3
832 897 2
832 900 3
833 881 17
834 854 12
834 856 6
835 841 20
835 843 3
835 848 15
835 853 11
836 837 9
836 839 21
836 849 20
836 850 1
836 887 24
836 896 22
837 842 9
837 849 24
837 859 18
837 861 12
837 863 16
838 847 8
838 849 10
838 891 7
838 893 16
839 858 14
839 864 12
839 875 25
839 896 12
840 873 12
840 880 24
840 896 14
840 898 13
841 853 3
841 880 7
841 882 25
842 847 10
842 856 1
842 877 4
843 871 1
844 854 13
844 861 12
844 870 22
844 874 7
845 856 14
846 857 22
846 879 5
846 881 22
847 852 22
847 857 24
847 882 9
848 886 14
849 858 9
849 881 20
850 851 22
850 858 1
850 868 8
850 876 8
851 856 25
851 879 21
851 890 19
851 896 25
852 859 9
852 866 9
852 886 4
853 858 18
853 874 8
853 880 13
854 867 18
854 890 13
854 894 16
856 885 8
856 892 24
856 899 12
857 888 16
857 893 12
858 867 10
859 901 23
861 864 11
861 870 8
861 875 23
862 868 21
862 892 21
862 898 6
864 876 15
866 873 20
866 884 9
866 888 24
867 883 2
867 901 8
868 887 19
868 892 23
868 893 10
868 897 4
868 899 6
871 874 13
871 882 21
871 894 15
873 879 1
873 886 16
875 879 2
875 882 16
876 886 23
878 886 2
879 887 4
879 888 15
880 884 13
881 896 15
884 899 12
887 892 25
887 896 24
887 898 10
889 899 20
890 893 21
894 895 17
902 601 93
903 901 25
902 903 22
