904 6735
86 82 29 48 68 82 22 19 100 98 86 57 43 34 40 49 11 78 20 81 9 56 39 87 92 3 91 61 12 85 37 97 18 65 44 86 99 18 4 98 67 89 54 9 74 94 10 85 23 29 17 83 84 55 21 27 9 12 88 20 96 24 68 14 88 64 51 86 33 6 36 99 95 41 60 20 34 69 4 8 97 73 43 33 27 63 59 88 74 98 59 70 21 27 35 61 42 37 98 26 42 33 24 88 74 35 8 59 3 63 19 52 35 61 84 14 23 42 1 97 92 59 18 12 37 4 24 30 92 74 55 33 6 31 21 31 65 80 42 20 42 12 71 29 72 54 42 46 47 42 94 38 52 63 2 41 18 25 70 9 98 77 94 56 7 66 38 23 45 79 42 38 90 12 66 13 17 7 11 64 100 4 1 4 19 2 44 36 79 65 97 28 41 90 35 99 7 73 74 51 3 67 40 45 79 6 57 47 64 67 10 64 23 63 19 41 16 62 28 94 78 24 74 71 65 8 69 71 32 94 21 35 61 61 79 91 18 87 37 81 6 47 96 28 9 14 68 24 27 95 70 5 71 95 75 35 2 95 6 86 89 78 20 1 90 50 91 7 36 27 88 41 25 83 20 85 49 87 61 75 34 30 79 56 24 5 90 77 100 95 62 40 25 33 40 14 82 30 21 70 11 14 82 35 80 66 37 89 51 8 47 54 7 88 45 48 96 38 91 66 61 27 14 9 98 60 12 9 77 3 12 87 68 45 74 48 62 10 36 64 69 82 18 27 22 14 74 17 51 64 83 11 43 48 71 40 59 82 100 36 36 12 74 3 8 47 50 70 8 37 33 29 19 50 55 40 15 81 8 65 96 90 27 38 89 97 29 48 30 29 35 65 92 8 68 51 7 69 20 66 6 5 94 76 6 1 15 21 33 74 37 28 64 64 18 4 60 46 51 90 26 85 6 69 45 25 20 3 94 91 68 99 47 14 74 5 14 40 25 46 13 61 25 28 76 42 32 88 88 34 29 65 71 34 86 67 59 57 69 4 99 88 2 46 1 27 50 66 18 26 63 30 38 88 10 14 29 93 1 68 78 29 33 48 62 70 66 72 26 34 75 24 74 28 21 74 54 70 92 71 47 54 53 85 41 14 98 70 6 98 37 83 78 21 83 39 90 48 63 15 34 37 91 7 65 11 32 70 33 23 41 31 77 45 15 17 58 64 38 15 61 75 49 38 47 31 29 37 79 91 3 64 79 45 70 43 8 1 13 92 76 5 22 52 1 37 20 58 100 10 24 13 84 72 2 30 3 82 18 33 72 73 96 3 17 17 45 24 69 9 15 44 65 37 47 65 25 19 74 76 84 87 56 83 90 100 85 62 46 99 7 97 88 90 18 48 28 52 88 82 2 76 51 83 100 94 31 2 41 100 35 55 84 91 89 25 42 73 87 87 23 93 35 11 34 52 58 62 56 97 43 9 72 45 91 71 39 73 25 31 72 11 37 7 1 26 32 42 98 70 81 73 62 15 83 47 19 92 8 26 41 2 34 12 47 76 35 37 48 11 67 71 21 55 77 22 80 60 15 30 29 47 2 42 62 36 89 80 27 96 57 19 50 90 31 96 17 17 32 64 27 50 34 47 4 62 20 84 22 87 65 2 33 18 44 46 53 32 77 31 79 33 50 28 74 32 75 90 48 58 53 26 7 38 24 11 52 44 46 73 82 62 26 14 79 69 12 31 52 88 13 31 21 62 10 94 45 37 84 44 94 88 69 1 78 93 63 81 88 60 5 69 21 30 34 99 99 97 81 2 85 45 84 57 59 94 50 3 30 85 47 23 25 15 75 54 59 37 34 46 48 90 66 68 19 52 18 69 48 50 71 84 95 54 40 53 99 42 55 80 78 53 55 54 68 29 7 78 18 92 76 65 81 93 33 100 44 2 20 44 52 90 27 98 44 19 2 42 60 8 22 37 61 76 91 80 56 49 57 73 41 32 90 73 25 74 24 20 75 44 15 78 33 42 75 28 60 28 22 71 36 95 36 87
0 16 8
0 33 60
0 45 10
0 54 33
0 59 42
0 80 30
0 93 17
0 126 42
0 151 68
0 200 29
0 209 17
0 222 53
0 224 58
0 244 95
0 251 8
0 269 33
0 280 52
1 13 50
1 26 62
1 42 51
1 44 96
1 47 75
1 55 42
1 72 20
1 78 8
1 90 81
1 108 34
1 165 41
1 170 62
1 192 54
1 260 10
1 264 21
1 265 13
1 296 72
2 18 5
2 25 6
2 31 53
2 65 74
2 83 48
2 86 72
2 98 2
2 119 16
2 141 77
2 245 12
2 248 62
2 267 36
2 283 96
2 298 13
3 12 85
3 28 57
3 50 15
3 55 81
3 82 84
3 108 56
3 149 52
3 174 43
3 178 88
3 187 85
3 242 83
4 7 1
4 8 90
4 11 45
4 27 22
4 42 54
4 46 68
4 85 26
4 121 12
4 122 72
4 149 99
4 153 11
4 155 95
4 208 1
4 209 26
4 212 71
4 218 64
4 263 87
4 285 59
4 287 59
4 294 52
5 15 43
5 66 16
5 77 66
5 124 75
5 128 51
5 148 22
5 189 79
5 215 93
5 243 61
5 268 63
5 284 27
5 296 62
6 25 53
6 27 23
6 31 83
6 71 58
6 89 42
6 95 60
6 135 69
6 137 13
6 157 59
6 159 79
6 187 60
6 215 11
6 249 4
6 266 82
6 269 74
6 288 43
7 26 40
7 35 32
7 37 94
7 43 35
7 48 99
7 56 11
7 59 61
7 65 1
7 69 84
7 76 39
7 82 93
7 100 45
7 174 2
7 186 72
7 213 6
7 214 6
7 219 94
7 227 40
7 283 15
7 287 36
8 30 99
8 70 84
8 94 100
8 116 9
8 140 14
8 150 59
8 162 71
8 189 70
8 197 41
8 236 96
8 279 12
9 138 32
9 170 28
9 210 57
9 226 66
9 257 78
9 265 67
10 17 27
10 40 31
10 60 51
10 120 65
10 143 23
10 155 95
10 173 18
10 177 46
10 180 52
10 204 75
10 206 40
10 232 91
10 247 90
10 279 27
10 283 41
11 24 73
11 26 26
11 31 50
11 63 86
11 77 37
11 105 20
11 145 55
11 186 29
11 212 16
11 214 18
11 245 60
12 15 95
12 24 26
12 38 26
12 63 24
12 67 93
12 81 4
12 99 54
12 118 95
12 149 68
12 151 29
12 185 41
12 186 38
12 250 74
12 279 92
12 298 12
13 20 65
13 45 34
13 84 1
13 90 91
13 102 74
13 130 25
13 162 69
13 226 23
13 249 63
13 254 5
13 279 95
14 23 69
14 46 33
14 76 10
14 108 87
14 112 92
14 200 56
14 209 12
14 227 69
14 245 31
15 16 56
15 49 72
15 83 85
15 142 50
15 160 92
15 180 65
15 212 90
15 234 29
15 243 90
15 268 33
16 53 40
16 72 55
16 85 66
16 187 93
16 205 97
16 230 40
16 252 69
16 255 17
16 260 62
16 275 31
16 291 21
17 23 56
17 25 100
17 28 5
17 35 17
17 39 38
17 82 49
17 86 24
17 88 1
17 103 69
17 109 55
17 144 57
17 158 41
17 159 91
17 160 58
17 171 32
17 185 55
17 236 48
17 276 60
17 295 44
18 40 80
18 56 51
18 89 50
18 111 46
18 129 95
18 163 99
18 191 37
18 203 64
18 242 15
18 272 98
19 42 94
19 44 88
19 95 6
19 102 45
19 127 44
19 163 74
19 168 82
19 181 92
19 221 50
19 228 35
19 255 61
19 271 4
20 37 91
20 43 53
20 63 94
20 64 48
20 85 84
20 98 100
20 110 47
20 126 95
20 136 95
20 138 79
20 148 97
20 153 45
20 161 76
20 213 92
20 214 95
20 287 12
20 288 7
21 34 9
21 40 61
21 49 100
21 63 96
21 132 18
21 149 97
21 153 40
21 189 44
21 218 30
21 234 83
21 249 93
21 256 64
21 291 95
22 28 96
22 30 54
22 38 47
22 44 41
22 46 54
22 68 82
22 70 40
22 110 100
22 118 76
22 127 86
22 135 30
22 171 25
22 186 30
22 202 5
22 231 16
22 241 24
22 262 68
22 287 74
22 291 85
23 45 29
23 60 25
23 119 32
23 121 46
23 129 21
23 171 71
23 264 41
23 280 51
23 284 6
23 294 33
24 35 66
24 45 100
24 61 80
24 84 72
24 93 47
24 110 72
24 118 25
24 119 28
24 120 63
24 172 76
24 187 56
24 195 49
24 204 6
24 206 80
24 216 78
24 223 62
25 60 47
25 68 54
25 77 30
25 130 20
25 140 90
25 157 58
25 163 44
25 167 21
25 178 55
25 188 17
25 191 44
25 202 96
25 249 19
25 252 49
25 254 80
25 280 84
25 288 100
26 29 60
26 41 55
26 54 46
26 78 31
26 79 31
26 81 26
26 107 94
26 124 7
26 143 33
26 153 94
26 200 64
26 217 12
26 233 23
26 266 25
26 272 10
26 273 28
27 62 6
27 67 81
27 83 17
27 89 15
27 93 76
27 100 90
27 112 70
27 144 92
27 158 33
27 181 17
27 190 10
27 221 33
27 226 48
27 232 46
27 294 32
28 43 7
28 49 100
28 62 30
28 66 90
28 68 31
28 124 7
28 187 35
28 194 89
28 234 39
28 246 28
28 259 52
28 260 2
28 272 2
28 297 28
29 70 11
29 84 30
29 109 34
29 130 91
29 141 46
29 144 48
29 162 18
29 164 35
29 200 69
29 206 10
29 220 19
29 253 37
30 44 71
30 62 51
30 66 85
30 76 16
30 78 83
30 96 43
30 122 68
30 139 64
30 163 32
30 167 50
30 178 70
30 218 18
30 269 38
30 273 8
30 285 97
31 85 41
31 93 9
31 167 99
31 216 68
31 218 71
31 244 28
31 248 53
31 267 13
31 272 25
31 279 53
31 287 30
31 296 12
31 299 21
32 56 91
32 92 30
32 122 58
32 163 62
32 174 81
32 227 42
32 265 29
32 276 15
32 293 84
32 297 48
33 70 30
33 107 68
33 126 97
33 145 99
33 176 37
33 226 86
33 240 6
33 247 86
33 261 26
33 294 66
33 298 36
34 51 46
34 55 36
34 65 15
34 82 50
34 87 100
34 92 39
34 116 2
34 121 29
34 159 50
34 193 23
34 216 20
34 235 80
34 248 32
34 254 33
34 284 12
35 80 25
35 83 61
35 84 78
35 89 60
35 95 61
35 101 7
35 132 79
35 134 57
35 138 5
35 144 68
35 155 43
35 182 62
35 198 5
35 223 20
35 232 79
35 290 40
36 40 65
36 62 14
36 82 54
36 89 67
36 90 65
36 123 44
36 131 68
36 156 93
36 159 46
36 177 42
36 180 12
36 191 77
36 202 73
36 234 96
36 241 40
36 246 49
36 255 9
36 278 17
37 45 61
37 55 69
37 61 23
37 66 39
37 110 77
37 119 79
37 173 58
37 243 19
37 265 92
37 287 62
38 118 91
38 155 70
38 192 1
38 271 7
38 282 35
39 91 6
39 101 73
39 115 99
39 122 2
39 137 41
39 147 91
39 174 47
39 176 82
39 207 55
39 261 75
39 280 7
39 290 50
40 56 14
40 66 7
40 73 10
40 119 30
40 134 67
40 203 78
40 224 4
40 237 58
40 240 55
40 252 82
40 279 15
41 52 25
41 64 73
41 76 77
41 81 15
41 86 94
41 88 77
41 114 74
41 131 28
41 158 35
41 168 46
41 175 26
41 196 36
41 233 38
41 243 68
41 288 34
42 72 72
42 87 22
42 117 8
42 144 30
42 155 24
42 200 21
42 226 36
42 227 33
42 255 2
42 271 3
42 273 63
42 280 5
42 284 12
43 57 69
43 69 38
43 88 26
43 100 93
43 140 10
43 148 2
43 154 60
43 156 3
43 166 31
43 168 85
43 184 82
43 186 65
43 191 30
43 225 7
43 231 52
43 235 20
43 262 26
43 265 85
43 285 91
44 80 48
44 83 92
44 96 20
44 122 23
44 132 64
44 140 7
44 164 7
44 179 65
44 187 61
44 224 21
44 225 69
44 244 72
44 275 89
44 276 6
45 46 98
45 106 34
45 144 67
45 162 51
45 168 93
45 180 21
45 239 81
45 282 77
45 288 2
46 58 97
46 60 58
46 67 60
46 92 48
46 105 29
46 125 85
46 176 84
46 193 19
46 202 84
46 209 75
46 218 90
46 220 58
46 225 90
46 233 97
46 235 65
46 241 54
46 255 57
46 257 37
46 261 22
46 262 81
46 265 26
46 267 79
46 275 78
46 277 59
47 53 45
47 61 28
47 69 3
47 74 17
47 102 61
47 107 31
47 113 18
47 155 9
47 172 40
47 212 29
47 214 57
47 225 69
47 278 14
48 64 92
48 87 87
48 114 49
48 122 19
48 161 29
48 200 7
48 201 8
48 206 25
48 214 23
48 241 62
48 268 33
49 54 59
49 78 35
49 83 13
49 97 36
49 104 14
49 115 42
49 143 94
49 186 10
49 187 22
49 193 48
49 194 27
49 205 82
49 276 30
49 277 44
49 285 90
49 293 70
50 58 25
50 63 98
50 90 38
50 102 38
50 115 42
50 135 76
50 217 86
50 251 60
50 280 4
50 286 44
50 290 67
51 61 80
51 76 66
51 87 28
51 105 13
51 131 77
51 140 15
51 150 77
51 204 12
51 278 28
51 299 19
52 75 58
52 82 37
52 178 40
52 214 57
52 221 63
52 228 73
52 231 87
52 233 59
52 234 14
52 281 56
53 56 83
53 74 64
53 103 45
53 125 72
53 133 5
53 180 20
53 195 9
53 196 64
53 231 76
53 257 53
53 271 30
54 55 55
54 68 70
54 106 10
54 120 19
54 126 46
54 149 24
54 170 96
54 195 10
54 200 3
54 206 66
54 223 19
54 238 91
54 255 5
54 266 75
54 278 54
54 297 29
54 299 61
55 86 64
55 87 42
55 98 68
55 110 98
55 117 57
55 138 12
55 142 21
55 146 61
55 151 84
55 159 29
55 165 24
55 167 59
55 173 33
55 178 6
55 201 65
55 215 3
55 223 67
55 249 84
55 252 100
55 263 42
55 285 31
55 286 61
55 290 96
55 296 96
56 78 79
56 81 86
56 104 52
56 125 6
56 144 91
56 156 32
56 205 66
56 207 54
56 214 73
56 219 34
56 239 3
56 242 82
56 288 97
57 63 23
57 79 42
57 83 80
57 101 52
57 130 18
57 145 90
57 156 36
57 178 75
57 187 55
57 188 38
57 217 41
57 233 90
57 253 90
57 256 34
58 86 72
58 91 50
58 109 29
58 117 67
58 139 81
58 165 14
58 187 70
58 209 86
58 226 5
58 241 1
58 248 3
58 251 10
58 285 25
59 89 88
59 92 65
59 98 6
59 128 85
59 133 87
59 134 48
59 143 16
59 189 90
59 206 17
59 225 6
59 241 26
59 290 91
60 146 12
60 153 15
60 181 83
60 202 53
60 208 4
60 209 16
60 221 24
60 224 6
60 240 44
60 243 90
60 245 38
60 259 9
60 260 11
60 263 23
60 272 65
60 285 11
61 126 25
61 136 27
61 163 87
61 180 13
61 193 91
61 207 93
61 220 49
61 262 77
61 297 92
61 299 64
62 68 19
62 76 60
62 86 21
62 109 96
62 132 50
62 175 84
62 195 10
62 199 32
62 202 36
62 215 66
62 225 99
62 245 59
62 267 23
62 295 94
63 94 100
63 103 60
63 105 2
63 106 10
63 122 34
63 166 19
63 167 72
63 181 58
63 208 45
63 228 59
63 244 22
63 265 35
64 99 3
64 111 22
64 113 63
64 164 46
64 203 38
64 209 81
64 242 5
64 243 10
64 261 76
64 271 6
64 295 94
65 100 38
65 109 37
65 115 29
65 159 3
65 173 35
65 177 40
65 189 77
65 242 80
65 244 39
65 256 36
65 273 81
65 289 1
66 78 69
66 92 99
66 93 24
66 94 78
66 103 95
66 109 34
66 111 52
66 116 29
66 145 36
66 151 73
66 155 44
66 166 33
66 178 10
66 182 24
66 187 37
66 203 72
66 208 52
66 217 42
66 228 65
66 234 41
66 280 30
66 297 45
66 299 95
67 99 16
67 148 84
67 190 71
67 245 95
67 278 75
67 280 58
67 290 28
67 293 75
68 94 26
68 112 78
68 135 50
68 140 55
68 141 73
68 165 84
68 171 6
68 182 53
68 191 19
68 195 31
68 216 96
68 227 4
68 271 92
68 274 72
68 276 40
68 286 63
68 295 75
69 139 34
69 147 27
69 155 15
69 171 15
69 182 24
69 188 9
69 258 31
69 266 7
69 269 31
69 285 77
70 76 81
70 105 88
70 115 56
70 121 7
70 144 65
70 146 34
70 151 57
70 159 71
70 184 6
70 196 40
70 200 29
70 225 10
70 234 10
70 236 59
70 260 6
70 275 13
70 292 2
71 100 77
71 148 5
71 165 65
71 166 51
71 216 90
71 219 43
71 236 17
71 246 4
71 249 66
71 250 77
72 108 86
72 109 25
72 156 7
72 167 15
72 181 57
72 184 46
72 226 70
72 233 64
72 246 62
72 275 3
72 284 72
72 289 32
73 78 60
73 107 63
73 112 60
73 191 70
73 220 72
73 231 70
73 232 27
73 235 37
73 267 72
73 277 3
73 286 93
73 290 88
73 292 5
74 76 82
74 150 30
74 192 21
74 232 37
75 81 48
75 153 97
75 169 75
75 193 72
75 212 55
75 229 89
75 241 28
75 253 100
75 255 10
76 84 43
76 118 13
76 144 65
76 153 66
76 155 44
76 180 76
76 205 28
76 227 56
76 250 97
76 281 52
76 289 77
77 79 23
77 89 88
77 118 48
77 124 77
77 130 80
77 157 87
77 164 81
77 167 13
77 197 17
77 219 53
77 237 1
77 242 16
77 251 1
77 264 75
78 155 39
78 192 7
78 195 15
78 198 18
78 265 58
78 277 77
78 295 13
79 94 70
79 100 41
79 112 78
79 177 66
79 182 16
79 201 6
79 224 21
79 226 13
79 276 57
79 282 97
80 107 35
80 118 96
80 125 97
80 132 64
80 143 27
80 173 83
80 181 44
80 195 39
81 122 51
81 131 49
81 132 91
81 135 18
81 150 1
81 154 18
81 166 56
81 226 8
81 285 32
82 118 26
82 119 65
82 138 60
82 149 38
82 175 35
82 180 100
82 196 15
82 210 100
82 263 16
82 288 72
82 295 72
83 126 80
83 160 28
83 218 68
83 229 14
83 256 75
83 272 16
83 288 77
84 145 1
84 148 99
84 195 73
84 212 91
84 226 1
84 238 73
84 267 82
85 138 19
85 139 73
85 149 99
85 160 74
85 162 80
85 175 82
85 186 99
85 212 45
85 227 42
85 231 88
85 232 31
85 258 41
85 268 55
85 274 30
85 285 8
86 88 26
86 93 53
86 107 87
86 113 6
86 137 20
86 139 53
86 149 80
86 170 88
86 177 29
86 183 81
86 225 86
86 230 53
86 233 71
86 262 86
86 279 25
86 284 4
87 109 4
87 124 50
87 155 2
87 163 30
87 167 29
87 186 84
87 196 80
87 238 25
87 282 25
88 105 68
88 108 55
88 112 17
88 176 74
88 198 36
88 220 25
88 238 99
88 255 88
88 256 63
88 286 56
88 298 60
89 134 15
89 202 88
89 249 47
89 251 96
89 292 20
90 158 84
90 170 48
90 202 42
90 210 21
90 216 25
90 238 46
90 242 77
90 244 74
90 270 47
90 292 6
90 296 54
91 149 82
91 157 37
91 158 79
91 170 58
91 191 56
91 220 85
91 244 27
91 246 29
91 271 73
91 279 3
91 281 80
92 104 60
92 105 65
92 114 87
92 115 71
92 118 80
92 120 74
92 188 69
92 200 27
92 206 93
92 256 52
93 128 26
93 144 35
93 218 73
93 219 50
93 220 32
93 263 1
93 284 75
94 123 30
94 163 6
94 169 81
94 190 12
94 194 94
94 211 11
94 213 21
95 143 50
95 163 95
95 176 47
95 179 30
95 211 19
95 215 49
95 243 61
95 246 31
95 254 66
95 260 48
95 286 1
95 287 45
95 291 21
96 108 70
96 120 23
96 131 66
96 165 73
96 209 48
96 244 52
96 297 45
97 119 50
97 123 83
97 153 97
97 163 76
97 167 12
97 183 2
97 207 56
97 247 75
97 249 48
97 261 66
97 267 96
97 284 49
98 112 13
98 118 94
98 119 78
98 180 31
98 202 43
98 212 39
98 254 61
98 272 8
98 278 38
98 294 62
98 297 4
99 113 58
99 148 83
99 174 26
99 186 75
99 195 55
99 200 25
99 208 26
99 221 52
99 240 74
99 294 60
100 116 48
100 131 50
100 143 72
100 160 2
100 162 5
100 165 98
100 177 49
100 225 23
100 247 93
100 248 49
100 250 35
100 257 87
101 115 26
101 134 65
101 141 81
101 153 16
101 159 26
101 164 40
101 184 53
101 187 39
101 190 43
101 215 63
101 229 21
101 242 20
101 269 37
102 109 75
102 125 44
102 163 15
102 209 78
102 212 70
102 218 74
102 231 26
102 233 71
102 240 97
103 130 79
103 180 27
103 202 95
103 218 27
103 241 49
103 243 39
103 258 75
103 282 83
104 107 77
104 133 52
104 145 100
104 147 9
104 169 20
104 190 25
104 197 48
104 212 24
104 219 15
104 232 90
104 291 86
104 295 35
105 128 61
105 148 75
105 156 61
105 173 57
105 180 41
105 189 39
105 195 78
105 203 14
105 204 16
105 221 48
105 225 63
105 262 94
105 268 74
105 287 9
106 167 72
106 225 75
106 244 47
106 249 98
106 267 9
106 270 76
106 274 1
106 286 8
106 291 84
107 111 20
107 148 84
107 152 84
107 154 44
107 208 98
107 228 25
107 240 81
107 242 84
107 261 86
107 268 7
107 284 97
108 117 94
108 143 47
108 147 87
108 157 71
108 161 13
108 228 2
108 256 18
108 279 27
108 299 47
109 121 43
109 127 35
109 146 70
109 151 69
109 154 33
109 155 67
109 168 78
109 174 60
109 200 19
109 217 37
109 218 44
109 238 39
109 241 21
110 113 27
110 116 34
110 167 70
110 169 51
110 171 66
110 181 6
110 190 88
110 205 73
110 213 2
110 231 81
110 234 71
110 275 88
110 278 51
111 113 35
111 123 41
111 126 20
111 151 61
111 178 87
111 204 15
111 211 47
111 237 56
111 239 83
111 241 80
111 299 74
112 122 12
112 139 39
112 145 44
112 166 49
112 182 34
112 192 34
112 222 21
112 227 12
112 249 67
112 252 42
112 268 15
113 137 85
113 152 47
113 153 54
113 157 9
113 161 48
113 177 35
113 187 79
113 204 87
113 217 37
113 238 66
113 261 27
113 276 57
113 278 26
113 284 13
113 293 71
113 295 73
114 136 20
114 142 53
114 177 4
114 193 45
114 195 65
114 212 42
114 244 89
114 246 65
114 260 28
114 286 22
115 139 85
115 180 91
115 188 41
115 196 78
115 264 5
115 266 25
115 279 25
115 294 59
116 136 33
116 145 24
116 167 45
116 175 63
116 188 11
116 199 81
116 205 28
116 225 37
116 292 37
117 118 6
117 133 50
117 151 59
117 153 78
117 154 21
117 156 64
117 228 81
118 130 66
118 153 80
118 158 74
118 177 6
118 189 44
118 204 53
118 208 27
118 227 80
118 233 44
118 284 67
119 152 57
119 160 48
119 174 43
119 190 33
119 212 58
119 214 27
119 255 57
120 132 2
120 133 90
120 145 67
120 151 83
120 153 69
120 157 3
120 181 71
120 196 74
120 212 4
120 216 82
120 236 51
120 256 77
120 260 45
120 267 83
120 268 42
120 291 76
121 152 9
121 173 99
121 175 71
121 211 61
121 257 25
121 266 50
121 276 4
121 286 44
122 128 58
122 130 4
122 163 38
122 192 91
122 253 13
122 285 65
122 288 47
123 126 15
123 144 54
123 161 65
123 166 49
123 169 74
123 189 67
123 197 19
123 201 48
123 210 23
123 214 52
123 220 50
123 274 99
124 136 96
124 145 33
124 147 92
124 176 71
124 182 93
124 198 90
124 214 41
124 224 53
124 226 66
124 230 42
124 237 9
124 256 61
124 263 52
124 286 64
124 299 99
125 128 42
125 139 76
125 141 15
125 191 40
125 201 90
125 255 20
125 257 56
125 264 90
125 278 93
126 138 74
126 142 61
126 179 40
126 200 96
126 217 12
126 221 90
126 234 46
126 248 8
126 267 74
126 282 37
127 145 30
127 279 66
128 140 78
128 157 23
128 176 70
128 179 96
128 204 16
128 239 78
128 249 56
128 256 67
128 266 93
128 285 6
129 271 60
129 273 69
129 279 20
129 285 51
130 147 10
130 160 39
130 168 6
130 178 100
130 220 32
130 234 80
130 237 12
130 270 23
130 292 27
131 144 23
131 147 12
131 189 73
131 258 82
131 278 85
131 288 9
131 291 12
131 292 2
132 154 39
132 211 86
132 219 72
132 268 34
132 270 1
132 281 1
132 292 41
133 134 68
133 146 94
133 150 47
133 187 79
133 192 14
133 256 18
133 278 30
134 156 75
134 179 57
134 196 35
134 208 26
134 212 40
134 241 14
134 289 37
134 294 14
135 138 41
135 145 60
135 149 26
135 154 65
135 172 41
135 207 62
135 209 25
135 224 4
135 226 64
135 251 63
135 258 89
135 264 35
135 272 48
135 277 90
135 284 35
135 297 89
136 147 9
136 163 80
136 167 87
136 222 87
136 242 93
136 256 4
136 269 16
137 155 68
137 173 12
137 213 3
137 229 93
137 238 3
137 250 68
138 171 30
138 198 17
138 201 60
138 205 41
138 219 42
139 186 24
139 212 81
139 249 55
139 251 49
140 144 85
140 158 18
140 168 63
140 171 25
140 186 4
140 207 11
140 284 14
140 292 91
140 293 99
141 211 74
141 225 70
141 233 85
141 245 13
141 260 15
141 262 40
141 282 28
141 290 82
142 182 52
142 210 82
142 218 26
142 250 54
142 252 50
142 279 7
142 294 70
143 164 9
143 180 47
143 268 63
143 271 33
144 146 80
144 166 18
144 180 33
144 183 64
144 216 87
144 245 95
144 282 40
144 292 91
145 241 5
145 268 54
145 280 33
146 168 55
146 175 79
146 194 2
146 207 39
146 247 91
146 250 16
146 252 79
147 179 71
147 253 49
147 261 82
147 287 52
148 153 27
148 175 35
148 189 1
148 269 33
148 281 57
148 289 62
149 154 32
149 158 19
149 161 46
149 165 11
149 214 88
149 241 78
149 289 26
150 168 27
150 186 72
150 230 65
150 270 17
150 272 29
150 275 70
150 296 1
151 170 83
151 183 49
151 203 2
151 209 22
151 214 91
151 237 70
151 274 52
151 287 61
152 164 18
152 180 85
152 238 65
152 251 44
152 275 19
152 276 65
152 287 29
153 154 27
153 188 78
153 202 60
153 205 98
153 214 23
153 216 70
153 231 85
153 262 100
153 266 95
153 271 11
153 277 24
153 280 11
154 155 79
154 157 52
154 162 81
154 190 79
154 199 34
154 214 29
154 228 33
154 234 7
154 235 19
154 268 2
154 289 10
154 298 32
155 192 71
155 234 94
155 245 96
155 250 67
155 288 65
156 186 12
156 199 95
156 242 91
156 260 90
156 275 54
157 177 40
157 209 12
157 212 75
157 229 25
157 235 64
157 243 21
157 249 87
157 256 87
157 268 31
157 273 18
158 177 90
158 180 11
158 199 48
158 220 23
158 289 91
158 294 80
159 240 82
159 259 62
160 167 33
160 197 91
160 223 93
160 239 56
160 266 85
160 275 88
161 177 22
161 197 1
161 200 51
161 233 68
161 251 43
161 260 40
161 293 73
161 299 83
162 199 4
162 200 47
162 219 59
162 257 19
163 175 67
163 178 97
163 194 57
163 272 49
163 273 14
163 278 46
163 290 60
164 229 14
164 263 20
164 270 50
164 274 45
164 299 1
165 171 11
165 225 78
165 241 44
165 268 55
165 285 85
166 175 80
166 185 94
166 205 6
166 280 80
166 298 45
167 178 25
167 182 22
167 184 36
167 209 97
167 280 4
167 295 91
168 185 43
168 187 14
168 237 61
168 255 61
168 273 11
168 275 17
168 295 61
169 200 24
169 209 14
169 226 20
169 241 37
169 280 34
169 281 22
170 185 34
170 186 86
170 188 84
170 247 63
170 253 29
170 263 91
170 286 47
171 173 8
171 209 84
171 227 4
171 274 87
171 293 80
172 188 28
172 208 61
172 209 16
172 212 24
172 213 16
172 222 58
172 233 18
172 268 30
172 279 19
172 282 78
173 191 40
173 200 87
173 202 90
173 203 63
173 205 1
174 182 10
174 220 52
174 231 86
174 241 83
174 255 85
174 257 71
174 268 18
174 285 47
174 294 100
175 182 8
175 184 45
175 186 7
175 237 44
175 250 48
175 259 46
176 256 23
176 267 75
176 272 6
177 190 90
177 200 98
177 204 21
177 243 100
177 250 67
177 255 2
177 259 18
178 218 96
178 245 41
178 251 56
178 273 85
179 184 56
179 185 56
179 194 46
179 258 59
179 266 41
180 195 28
180 262 95
180 287 12
180 289 98
180 293 93
180 297 63
181 211 57
181 270 37
181 274 69
181 283 100
181 298 84
182 194 66
182 197 75
182 245 10
183 196 23
183 233 16
183 297 59
184 198 96
184 227 15
184 233 25
184 241 97
184 244 84
184 264 20
184 273 38
184 275 40
184 278 4
185 208 93
185 209 47
185 221 50
185 248 51
185 266 88
185 293 29
185 295 45
186 268 51
186 295 78
187 196 37
187 217 13
187 219 35
187 236 25
187 238 33
187 255 86
187 269 8
187 284 51
187 291 12
188 195 69
188 214 73
188 239 80
188 273 27
189 191 68
189 205 46
189 259 51
189 273 65
189 282 30
190 193 22
190 215 54
190 236 21
190 237 25
190 255 46
190 264 67
190 269 26
190 276 48
190 277 6
190 279 7
190 280 44
190 282 56
191 205 84
191 216 32
191 259 20
191 290 70
191 291 56
192 204 5
192 217 8
192 221 15
192 225 55
192 238 71
192 252 83
192 257 27
192 262 50
192 287 9
193 206 95
193 212 96
193 218 11
193 222 11
193 240 77
193 248 32
193 278 64
193 279 97
193 287 8
193 294 61
194 248 15
194 253 34
194 255 8
194 279 73
194 282 92
195 224 3
195 285 80
195 288 27
195 289 86
195 299 100
196 198 49
196 204 41
196 237 4
196 242 56
196 263 7
196 266 58
196 271 78
196 273 41
196 275 36
196 287 80
196 288 1
197 220 30
197 230 27
197 235 11
198 225 40
198 232 3
198 249 94
198 290 55
198 295 51
199 206 1
199 208 15
199 211 17
199 224 86
199 230 22
199 256 89
199 267 77
199 283 76
200 276 69
200 299 56
201 203 61
201 204 20
201 222 4
201 226 53
201 264 23
202 217 11
202 231 59
202 237 32
202 254 88
202 257 99
202 258 67
202 264 19
202 273 51
202 290 49
203 214 45
203 275 61
203 283 40
203 285 47
204 235 54
204 238 95
204 248 49
204 273 7
204 280 9
204 296 66
205 227 44
205 245 83
206 221 6
206 228 73
206 235 58
206 268 74
206 292 28
207 217 71
207 275 45
207 298 31
208 286 23
209 213 67
209 214 93
209 234 34
209 241 50
209 254 80
210 240 84
210 248 69
210 261 99
210 293 35
211 243 17
211 251 95
211 279 95
212 251 56
212 274 94
212 285 1
213 226 50
213 229 42
213 246 59
213 277 11
213 285 59
214 242 2
214 245 93
215 248 65
215 286 74
216 225 50
216 280 90
216 288 53
217 257 72
217 258 35
217 262 83
217 269 95
218 223 53
218 235 75
218 248 28
218 262 55
219 221 7
219 255 11
219 277 23
219 290 57
220 221 45
220 249 39
220 281 51
221 239 92
221 257 46
221 259 44
221 262 44
221 283 48
221 286 38
222 240 2
222 246 58
222 270 96
223 245 55
223 264 50
223 269 12
224 283 81
225 239 51
225 254 2
225 275 33
225 292 23
226 257 88
228 230 16
228 239 69
228 269 92
228 278 42
228 296 96
229 259 46
229 299 100
230 241 58
230 248 20
230 261 56
230 265 55
231 293 10
232 268 59
233 238 98
233 283 56
233 285 54
234 260 41
234 262 55
234 287 91
235 239 94
235 249 12
235 253 87
235 263 48
235 290 13
235 294 50
236 248 28
236 250 15
236 259 51
236 271 61
236 292 89
237 260 90
237 264 28
237 286 57
237 292 82
238 242 21
238 244 4
238 249 79
238 262 21
238 286 14
239 273 99
239 292 76
240 248 68
240 277 8
240 297 86
241 270 17
241 277 15
241 289 40
242 260 57
242 286 69
242 293 30
243 261 2
243 286 32
243 287 68
244 262 1
245 263 44
246 269 18
247 281 81
247 293 59
248 257 20
249 275 41
249 277 47
249 284 62
249 290 20
249 299 56
250 283 43
251 284 40
251 295 59
252 299 73
254 256 12
254 259 72
254 268 23
254 283 40
255 275 91
255 277 31
256 257 25
256 265 7
256 266 97
256 293 64
257 285 15
257 291 66
258 268 46
258 270 16
258 287 97
258 298 13
260 281 17
261 271 93
261 296 82
261 298 97
262 273 3
263 291 54
265 284 89
266 286 1
267 275 15
267 295 60
268 281 56
269 284 9
270 277 99
270 279 67
271 282 81
271 283 63
272 278 38
273 283 4
273 297 2
274 279 29
275 277 86
277 285 26
277 295 87
278 280 82
278 290 42
278 293 2
279 285 47
279 290 87
279 291 17
280 299 96
281 296 51
282 285 85
282 291 88
283 292 85
284 299 81
286 289 90
289 290 38
290 292 21
291 296 90
300 356 28
300 362 47
300 386 40
300 402 13
300 404 19
300 414 42
300 432 44
300 436 23
300 440 25
300 442 14
300 515 7
300 529 47
300 554 36
301 310 4
301 322 49
301 364 2
301 393 20
301 405 45
301 408 28
301 420 40
301 462 6
301 518 44
301 534 36
301 580 20
301 590 32
302 330 34
302 331 35
302 361 6
302 381 2
302 394 8
302 397 32
302 430 31
302 434 7
302 439 23
302 454 43
302 482 27
302 509 14
302 515 39
302 528 1
302 579 39
302 588 2
302 592 7
302 593 37
302 594 37
303 315 10
303 333 37
303 339 40
303 360 31
303 367 33
303 397 19
303 417 22
303 458 38
303 462 13
303 472 7
303 527 8
303 540 44
304 349 41
304 388 44
304 394 2
304 418 44
304 427 3
304 431 35
304 446 27
304 474 9
304 553 7
304 570 21
304 590 35
304 599 23
305 306 9
305 374 35
305 397 13
305 458 10
305 509 43
305 511 1
305 517 48
305 555 2
305 575 39
305 583 40
306 308 34
306 313 21
306 343 8
306 345 8
306 357 11
306 378 20
306 396 14
306 426 20
306 430 16
306 460 6
306 467 13
306 483 17
306 492 2
306 510 15
306 532 1
306 549 28
306 574 24
306 587 7
306 591 48
306 598 10
306 599 29
307 324 7
307 325 45
307 333 43
307 365 18
307 392 37
307 398 43
307 399 16
307 439 41
307 461 31
307 465 7
307 467 26
307 541 2
307 586 14
308 327 33
308 335 12
308 336 36
308 403 49
308 428 33
308 457 1
308 482 4
308 485 45
308 497 19
308 507 7
308 521 9
308 527 21
308 543 34
308 551 34
308 561 27
308 567 32
308 576 44
308 598 8
309 310 40
309 329 40
309 332 50
309 337 7
309 345 28
309 349 45
309 403 24
309 419 20
309 420 25
309 451 30
309 485 48
309 523 26
309 530 46
309 552 30
309 570 39
309 584 31
310 315 30
310 334 21
310 362 33
310 381 36
310 408 17
310 455 3
310 536 42
310 564 26
310 569 23
310 598 26
311 334 11
311 341 1
311 353 9
311 402 6
311 420 10
311 444 50
311 456 47
311 471 12
311 505 8
311 529 25
311 537 6
311 578 32
311 584 46
311 586 30
312 365 13
312 426 43
312 443 8
312 465 10
312 493 25
312 542 48
312 553 40
312 591 4
312 594 19
312 599 24
313 336 41
313 353 37
313 356 26
313 390 33
313 393 14
313 418 50
313 429 8
313 450 25
313 455 1
313 459 18
313 464 30
313 500 10
313 515 17
313 524 29
313 543 21
313 556 24
313 581 5
313 596 26
313 599 7
314 320 50
314 377 8
314 405 22
314 414 45
314 421 15
314 482 31
314 484 21
314 505 12
314 509 21
314 550 26
314 558 32
314 572 46
315 376 17
315 415 19
315 422 24
315 423 49
315 428 32
315 452 23
315 461 8
315 490 8
315 493 23
315 521 25
316 376 40
316 382 35
316 408 43
316 412 18
316 447 7
316 466 18
316 467 22
316 519 35
316 598 25
317 343 23
317 421 42
317 542 46
317 553 17
317 565 8
317 592 26
318 319 37
318 337 19
318 348 48
318 356 13
318 372 3
318 378 46
318 408 29
318 421 21
318 439 19
318 444 29
318 450 4
318 461 43
318 501 36
318 520 12
318 534 18
318 539 12
318 544 1
318 565 2
318 597 6
319 322 20
319 327 10
319 394 23
319 418 41
319 435 44
319 437 49
319 440 13
319 453 35
319 505 46
319 520 30
319 553 42
320 340 22
320 351 18
320 370 13
320 372 21
320 389 32
320 435 17
320 451 18
320 457 12
320 458 39
320 483 38
320 494 40
320 495 42
320 516 31
320 538 27
320 540 5
320 551 48
320 557 38
320 561 5
320 566 1
320 579 45
320 584 24
320 595 10
321 366 18
321 373 16
321 413 4
321 414 16
321 442 29
321 485 40
321 495 12
321 509 10
321 548 34
321 569 35
322 337 29
322 394 48
322 397 7
322 444 11
322 452 14
322 476 25
322 553 22
322 571 2
323 365 12
323 401 12
323 409 45
323 430 44
323 435 40
323 454 50
323 468 43
323 520 28
323 521 6
323 551 43
323 587 22
324 408 32
324 422 5
324 426 41
324 438 47
324 486 8
324 527 9
324 558 27
324 577 49
325 358 22
325 389 36
325 394 32
325 417 8
325 420 17
325 459 31
325 477 14
325 496 27
325 523 44
325 547 40
325 549 50
325 569 47
325 575 4
325 581 13
325 583 42
326 328 49
326 359 3
326 376 41
326 378 42
326 380 32
326 396 48
326 401 34
326 431 5
326 472 29
326 493 38
326 524 46
326 531 26
326 552 47
326 561 6
326 572 2
326 581 48
326 596 27
327 329 40
327 350 29
327 375 36
327 389 8
327 390 10
327 408 49
327 430 36
327 455 5
327 482 41
327 503 35
327 519 2
327 537 46
327 542 50
327 546 45
327 556 44
327 566 2
327 569 37
327 577 35
327 583 35
327 586 34
328 354 21
328 384 39
328 470 13
328 471 10
328 481 36
328 489 40
328 493 9
328 511 41
328 515 43
328 523 6
328 532 19
328 574 34
328 575 36
328 578 4
328 591 41
329 368 47
329 374 5
329 377 26
329 378 2
329 420 47
329 429 13
329 431 5
329 440 42
329 487 12
329 505 49
329 525 37
329 531 15
329 543 35
329 555 22
329 565 49
329 584 20
330 345 44
330 369 39
330 371 32
330 388 3
330 398 25
330 428 21
330 436 13
330 447 17
330 477 14
330 486 18
330 502 38
330 542 47
330 563 4
330 578 41
330 580 40
330 584 2
330 591 47
330 592 15
330 593 3
330 594 43
331 347 29
331 356 9
331 358 36
331 364 40
331 373 9
331 497 23
331 521 6
331 530 45
331 567 46
331 587 6
331 596 15
331 597 39
332 340 45
332 351 46
332 395 43
332 452 21
332 455 19
332 463 6
332 468 37
332 486 32
332 496 25
332 501 24
332 545 30
332 562 28
332 570 17
332 581 21
333 350 30
333 369 15
333 378 38
333 389 34
333 406 8
333 422 16
333 445 45
333 476 45
333 481 8
333 497 3
333 499 17
333 501 13
333 552 50
333 557 12
333 561 19
333 589 14
333 595 2
334 339 15
334 379 11
334 419 45
334 443 35
334 458 29
334 463 2
334 467 21
334 484 12
334 491 26
334 517 47
334 524 44
334 566 6
334 567 15
334 573 14
334 598 37
335 339 29
335 378 1
335 389 22
335 400 38
335 408 17
335 426 16
335 459 35
335 481 26
335 483 21
335 511 1
335 542 38
335 543 20
336 372 15
336 387 8
336 401 35
336 421 18
336 428 22
336 432 45
336 433 14
336 448 6
336 451 24
336 461 15
336 477 29
336 483 35
336 494 43
336 515 27
336 542 28
336 583 50
336 584 41
337 344 44
337 368 36
337 385 21
337 397 44
337 406 7
337 502 11
337 520 12
337 536 25
337 544 45
337 562 37
337 597 47
337 599 47
338 339 27
338 355 18
338 378 13
338 382 34
338 391 2
338 410 31
338 420 8
338 425 46
338 435 46
338 441 13
338 443 21
339 374 13
339 375 43
339 378 8
339 381 5
339 389 19
339 438 35
339 466 4
339 473 11
339 481 30
339 499 41
339 501 34
339 510 24
339 524 49
339 546 46
339 555 37
339 590 25
339 594 42
339 599 24
340 372 21
340 379 38
340 380 2
340 400 40
340 405 3
340 414 37
340 415 41
340 438 35
340 509 44
340 510 39
340 518 30
340 529 9
340 555 11
340 557 42
340 595 1
341 373 18
341 382 48
341 386 22
341 423 5
341 443 3
341 469 32
341 470 34
341 477 45
341 480 17
341 490 7
341 503 44
341 541 12
341 576 46
342 374 18
342 396 3
342 454 21
342 457 41
342 463 43
342 478 22
342 491 32
342 508 45
342 525 8
342 537 25
342 548 29
342 554 2
342 560 13
343 381 10
343 388 10
343 393 23
343 410 4
343 426 12
343 429 41
343 468 3
343 477 33
343 497 45
343 533 6
343 545 15
343 596 30
344 369 50
344 389 31
344 395 37
344 396 45
344 406 45
344 411 34
344 413 15
344 447 47
344 453 4
344 460 5
344 465 39
344 466 25
344 469 36
344 496 35
344 498 32
344 511 10
344 520 15
344 523 35
344 545 24
345 356 27
345 379 46
345 386 49
345 399 30
345 411 8
345 427 41
345 432 32
345 438 40
345 449 37
345 465 39
345 492 6
345 493 16
345 503 39
345 507 39
345 525 4
345 548 35
345 599 33
346 365 37
346 401 49
346 415 29
346 425 40
346 474 3
346 487 20
346 500 14
346 524 41
346 535 6
346 577 48
346 599 2
347 385 21
347 387 32
347 434 28
347 439 47
347 444 28
347 463 26
347 505 28
347 510 35
347 512 18
347 517 9
347 545 26
347 575 4
348 368 50
348 381 32
348 439 19
348 453 38
348 463 20
348 481 23
348 490 24
348 493 2
348 542 9
348 598 23
349 365 32
349 367 1
349 375 27
349 385 3
349 406 16
349 423 19
349 449 9
349 474 13
349 488 21
349 539 31
349 540 47
349 552 50
349 554 29
349 567 26
349 586 27
349 599 8
350 353 12
350 363 44
350 364 18
350 365 37
350 366 47
350 371 17
350 435 18
350 439 15
350 443 6
350 444 39
350 460 39
350 467 30
350 486 40
350 487 50
350 490 2
350 495 24
350 502 50
350 507 28
350 530 26
350 535 15
350 552 49
350 559 36
350 567 30
350 593 19
350 594 18
351 357 26
351 365 20
351 368 48
351 398 3
351 402 46
351 403 5
351 473 14
351 509 39
351 511 23
351 532 50
351 550 35
351 588 41
351 594 20
352 387 1
352 411 47
352 433 8
352 435 42
352 439 26
352 453 50
352 527 41
352 547 29
352 548 23
352 578 42
352 580 8
353 424 50
353 425 8
353 462 6
353 503 38
353 517 39
353 543 26
353 557 5
353 564 16
353 591 45
354 358 5
354 435 18
354 465 40
354 494 11
354 497 31
354 566 28
354 569 33
354 596 33
355 371 14
355 388 26
355 421 4
355 440 15
355 447 22
355 451 11
355 468 8
355 469 49
355 511 12
355 529 50
355 548 29
355 580 36
355 582 41
355 590 36
356 368 36
356 387 50
356 502 44
356 509 23
356 510 39
356 576 19
356 589 29
357 375 4
357 402 16
357 411 33
357 416 22
357 428 5
357 461 46
357 501 4
357 506 35
357 549 30
357 554 38
357 556 48
357 578 5
357 579 41
358 377 14
358 379 28
358 391 4
358 401 21
358 437 26
358 442 15
358 448 22
358 499 6
358 536 1
358 539 12
358 551 42
358 555 38
358 569 14
358 570 37
359 414 12
359 435 2
359 436 7
359 449 40
359 475 7
359 478 22
359 488 25
359 493 30
359 494 29
359 509 22
359 533 34
359 538 13
359 554 1
359 557 21
359 583 12
360 373 6
360 388 14
360 438 28
360 454 33
360 465 17
360 471 48
360 501 11
360 510 31
361 379 20
361 381 16
361 387 33
361 390 33
361 517 7
361 540 22
361 544 48
361 554 45
361 565 33
361 578 49
362 382 2
362 433 25
362 474 8
362 490 23
362 491 1
362 502 37
362 529 1
362 532 22
362 534 22
362 544 15
362 547 22
362 556 45
362 558 27
362 562 27
362 576 8
362 592 4
362 593 12
363 419 24
363 447 3
363 482 22
363 490 6
363 504 24
363 510 37
363 564 41
364 377 9
364 411 46
364 455 12
364 463 6
364 496 40
364 509 45
364 516 7
364 524 41
364 544 21
364 565 14
364 594 16
365 389 21
365 399 2
365 416 18
365 502 44
365 559 24
365 568 33
365 572 15
365 578 18
365 592 11
365 599 44
366 367 27
366 401 16
366 412 5
366 421 2
366 435 18
366 448 26
366 467 7
366 540 44
366 541 12
366 545 49
366 556 4
366 589 9
367 383 11
367 387 9
367 395 49
367 397 7
367 405 17
367 428 41
367 445 27
367 486 30
367 577 6
368 370 49
368 383 34
368 386 24
368 398 42
368 416 7
368 420 8
368 422 8
368 425 26
368 445 18
368 477 1
368 483 4
368 484 35
368 519 5
368 522 5
368 532 4
368 549 32
368 556 11
368 559 47
368 563 46
368 568 10
368 595 50
369 374 4
369 394 22
369 400 11
369 406 2
369 443 28
369 447 27
369 462 45
369 494 6
369 505 9
369 518 50
369 531 6
369 590 42
370 393 25
370 412 49
370 438 50
370 498 34
370 518 6
370 546 27
370 561 3
370 570 7
370 588 30
371 402 37
371 418 13
371 421 34
371 438 41
371 444 45
371 475 46
371 494 39
371 530 40
371 556 5
371 560 41
371 570 43
371 592 28
372 376 3
372 390 47
372 398 7
372 491 31
372 509 41
372 577 14
372 590 39
373 388 42
373 421 19
373 436 32
373 439 19
373 440 19
373 451 33
373 464 4
373 517 25
373 558 9
373 570 7
373 581 33
373 584 40
373 585 45
374 379 45
374 392 23
374 410 35
374 418 41
374 436 19
374 454 26
374 473 30
374 481 25
374 510 16
374 536 25
374 542 5
374 554 18
375 382 23
375 391 11
375 430 48
375 482 15
375 511 25
375 515 39
375 543 8
375 544 45
375 549 22
375 551 28
376 379 14
376 413 5
376 460 32
376 463 40
376 504 15
376 512 38
376 516 22
376 521 5
376 532 32
376 549 16
376 553 27
376 567 19
376 593 7
376 599 47
377 378 44
377 399 38
377 436 24
377 460 11
377 461 14
377 467 28
377 477 30
377 526 38
377 543 38
377 560 27
378 402 4
378 407 14
378 430 17
378 433 12
378 453 9
378 485 39
378 493 39
378 516 24
378 537 45
378 538 20
378 545 13
378 565 9
378 574 9
378 598 34
379 386 13
379 402 43
379 406 1
379 409 42
379 448 11
379 493 9
379 505 40
379 513 6
379 531 49
379 535 13
379 547 16
379 589 14
380 399 40
380 493 47
380 520 4
380 522 30
380 523 25
380 529 7
380 563 43
380 568 42
380 579 20
381 386 3
381 406 32
381 410 9
381 424 28
381 454 26
381 519 30
381 549 40
381 552 36
381 570 41
381 576 25
382 388 1
382 422 33
382 426 28
382 437 42
382 477 45
382 502 36
382 509 33
382 569 2
382 599 36
383 397 46
383 406 19
383 412 50
383 422 37
383 442 15
383 511 3
383 517 16
383 533 39
383 557 9
383 566 11
383 587 30
383 593 31
383 595 15
384 425 13
384 435 39
384 440 43
384 456 38
384 473 20
384 476 32
384 502 26
384 516 10
384 521 9
384 533 26
384 554 44
384 566 36
384 583 19
384 589 38
385 386 23
385 392 1
385 437 39
385 470 9
385 484 48
385 508 7
385 515 8
385 524 35
385 529 21
385 580 12
385 582 2
385 585 12
385 594 22
386 410 12
386 470 41
386 542 2
386 570 27
386 582 4
386 583 42
386 591 19
387 425 43
387 448 12
387 499 2
387 546 18
387 550 23
387 570 10
388 402 45
388 418 17
388 424 47
388 427 13
388 438 6
388 454 20
388 491 16
388 545 47
388 566 28
389 394 13
389 411 3
389 426 37
389 444 47
389 445 26
389 458 48
389 478 49
389 540 37
389 546 19
389 573 10
389 577 29
390 421 23
390 432 38
390 440 34
390 471 14
390 482 6
390 506 29
390 563 25
390 567 10
390 579 48
390 597 50
391 400 19
391 403 43
391 432 16
391 438 18
391 442 7
391 455 23
391 493 37
391 514 22
391 519 19
391 520 14
391 562 35
391 589 22
392 419 50
392 440 33
392 443 49
392 463 49
392 467 31
392 486 37
392 564 19
392 573 43
392 582 17
392 588 41
393 412 32
393 423 1
393 424 5
393 487 38
393 514 31
393 515 31
393 520 49
393 546 28
393 550 30
393 554 19
393 588 22
393 589 47
394 399 36
394 432 29
394 439 20
394 452 22
394 499 2
394 514 38
394 550 37
394 560 38
395 428 11
395 435 38
395 457 21
395 463 9
395 485 36
395 487 3
395 499 47
395 501 5
395 505 47
395 543 14
395 583 45
396 429 29
396 438 14
396 465 1
396 480 18
396 507 46
396 520 32
396 522 16
396 531 23
396 551 11
396 556 34
396 558 45
396 575 8
396 587 22
397 405 25
397 419 27
397 429 43
397 438 26
397 456 16
397 460 32
397 485 14
397 510 27
397 566 19
398 400 36
398 404 37
398 415 7
398 450 38
398 471 34
398 478 13
398 537 37
398 553 47
398 557 9
398 561 15
399 410 12
399 427 10
399 431 32
399 449 7
399 463 41
399 482 49
399 484 31
399 494 3
399 515 34
399 516 25
399 527 12
399 570 5
399 574 1
400 402 38
400 417 50
400 462 29
400 470 6
400 477 31
400 548 44
400 564 32
401 421 1
401 428 29
401 435 18
401 437 9
401 478 18
401 530 1
401 554 21
401 556 4
401 570 49
401 597 32
402 427 20
402 442 12
402 449 41
402 462 3
402 542 18
402 546 33
402 556 3
402 573 1
402 579 37
402 598 37
403 426 25
403 430 49
403 445 41
403 465 28
403 467 38
403 468 42
403 508 6
403 514 43
403 537 22
403 553 49
403 566 24
403 567 25
403 587 29
404 433 44
404 444 35
404 449 46
404 503 44
404 543 8
404 545 2
404 547 45
404 557 39
404 567 21
405 430 6
405 434 31
405 449 26
405 459 26
405 512 13
405 548 28
405 570 26
405 591 49
406 409 14
406 483 2
406 512 49
406 522 7
406 523 29
406 524 37
406 529 48
406 550 36
406 559 29
406 590 22
406 592 34
407 455 3
407 484 48
407 506 12
407 512 46
407 574 32
408 436 10
408 446 41
408 474 39
408 498 11
408 556 37
409 410 27
409 414 33
409 424 45
409 445 9
409 485 10
409 503 22
409 520 21
409 529 38
409 532 47
409 533 22
409 535 3
409 549 50
409 557 20
410 447 11
410 506 31
410 534 6
410 545 9
410 559 16
410 563 37
410 573 32
410 582 50
411 445 39
411 461 29
411 488 13
411 499 36
411 519 12
411 521 22
411 559 28
411 562 1
411 585 34
412 419 17
412 455 29
412 469 19
412 474 11
412 530 38
412 538 28
412 555 32
412 578 10
412 581 17
413 432 30
413 457 33
413 473 20
413 496 29
413 511 3
413 551 30
413 566 9
413 588 10
413 589 40
414 423 27
414 440 46
414 441 21
414 455 26
414 479 36
414 531 1
414 537 40
414 565 23
414 592 15
414 598 14
415 422 1
415 424 17
415 425 47
415 480 17
415 497 47
415 498 15
415 505 29
415 566 34
415 569 45
415 580 10
415 582 46
415 584 11
415 596 39
415 597 28
416 447 30
416 448 19
416 451 32
416 460 12
416 462 28
416 480 44
416 517 1
416 524 4
416 548 39
416 565 24
416 568 31
416 577 27
416 579 26
416 583 22
417 423 49
417 433 40
417 447 35
417 505 1
417 525 8
417 546 34
417 570 19
417 575 5
417 597 50
418 426 47
418 482 38
418 506 44
418 552 6
419 451 35
419 454 5
419 467 46
419 471 13
419 485 36
419 506 15
419 526 46
419 531 49
419 546 44
419 557 39
419 581 50
419 596 49
420 503 30
420 510 25
420 561 31
420 584 6
420 594 50
421 430 2
421 432 6
421 446 42
421 505 39
421 516 7
421 526 49
421 561 22
421 563 25
421 594 3
421 597 23
422 426 22
422 452 43
422 466 17
422 518 29
422 581 27
422 591 23
423 424 25
423 427 41
423 459 10
423 465 41
423 470 39
423 472 9
423 473 34
423 486 27
423 492 10
423 526 34
423 533 8
423 547 34
423 555 14
423 560 15
423 567 35
424 453 17
424 514 21
424 520 28
424 530 5
424 535 29
424 552 29
424 566 28
424 572 3
424 576 33
424 590 1
425 434 26
425 442 25
425 447 17
425 465 7
425 530 4
425 543 41
425 551 33
425 569 46
425 577 50
426 452 23
426 470 34
426 474 10
426 479 8
426 548 13
426 561 19
426 577 41
426 586 22
426 587 4
426 593 6
426 597 37
427 435 39
427 444 22
427 470 7
427 488 18
427 503 29
427 536 37
427 555 46
427 575 6
428 445 39
428 446 29
428 467 6
428 510 17
428 531 5
428 549 24
428 567 23
428 588 8
429 462 16
429 477 5
429 485 6
429 494 16
429 520 29
429 527 39
429 529 25
429 548 38
429 560 3
429 561 46
429 581 28
429 590 25
429 597 49
430 435 35
430 438 11
430 486 37
430 495 6
430 505 19
430 514 7
430 516 34
430 519 5
430 528 2
430 545 40
430 548 45
430 551 30
430 586 47
431 438 13
431 448 35
431 460 23
431 501 35
431 595 44
432 447 38
432 448 41
432 472 49
432 494 3
432 495 21
432 506 40
432 516 30
432 520 8
432 541 42
432 544 27
432 547 37
432 585 18
432 592 25
433 491 21
433 519 30
433 544 14
433 548 27
433 577 50
433 583 20
433 587 10
434 449 6
434 464 21
434 468 1
434 482 1
434 486 3
434 508 50
434 543 15
434 547 39
434 557 22
434 582 50
435 489 34
435 490 9
435 509 42
435 575 33
435 577 14
436 440 13
436 447 24
436 463 45
436 532 22
436 541 15
436 565 21
436 569 9
436 587 35
437 445 47
437 475 29
437 487 14
437 546 10
437 551 5
437 562 14
437 589 31
437 598 17
438 456 19
438 460 4
438 461 19
438 520 21
438 531 6
438 567 18
438 573 36
438 576 46
438 578 41
438 581 37
438 590 29
439 469 50
439 477 30
439 489 13
439 494 15
439 514 44
439 535 36
439 575 9
439 580 16
440 468 3
440 496 31
440 504 24
440 525 37
440 559 27
440 562 2
441 464 50
441 470 37
441 519 9
441 532 15
441 537 19
441 582 27
441 584 36
441 590 22
441 598 47
442 443 6
442 498 27
442 516 17
442 529 43
442 545 24
442 561 7
442 577 29
442 586 3
443 456 8
443 474 9
443 480 15
443 521 22
443 523 4
443 524 3
443 526 32
443 533 19
443 549 5
443 584 12
443 599 44
444 459 41
444 479 41
444 525 48
444 549 42
444 551 29
444 558 6
444 574 7
444 575 47
445 446 34
445 456 42
445 482 19
445 501 30
445 533 49
445 543 47
445 560 46
445 572 42
445 592 21
446 480 3
446 523 22
446 538 25
446 565 12
446 570 30
446 578 41
446 591 34
447 487 34
447 495 43
447 547 17
447 582 4
448 455 47
448 456 29
448 477 48
448 507 39
448 513 19
448 518 45
448 548 31
448 552 47
448 565 2
448 577 39
448 578 43
448 586 35
448 599 32
449 525 13
449 559 16
450 455 32
450 457 10
450 481 12
450 532 23
450 570 30
450 590 16
450 598 45
451 464 4
451 497 27
451 552 26
451 561 44
451 565 12
451 576 11
451 578 39
452 464 29
452 466 15
452 477 35
452 481 7
452 500 14
452 510 24
452 514 27
452 536 8
452 573 6
453 457 25
453 468 11
453 519 46
453 542 19
453 555 45
453 574 29
454 470 32
454 483 10
454 491 10
454 508 41
454 514 23
454 580 35
454 597 22
455 457 38
455 498 29
455 502 25
455 561 17
455 584 6
455 588 20
456 483 28
456 506 17
456 538 8
456 581 6
456 598 33
457 460 45
457 475 14
457 486 46
457 488 20
457 490 40
457 567 5
457 570 27
458 469 14
458 483 15
458 594 22
459 471 35
459 474 11
459 496 2
459 507 16
459 542 22
459 579 11
459 587 6
459 588 45
460 482 45
460 492 27
460 506 34
460 523 25
461 468 3
461 475 50
461 494 31
461 514 24
461 527 28
461 546 47
461 548 34
462 496 33
462 536 29
462 598 28
463 514 49
463 525 26
463 542 47
463 545 38
463 547 30
463 550 23
463 551 4
463 559 44
464 489 46
464 494 38
464 512 4
464 516 47
464 527 3
464 546 27
464 553 9
465 468 10
465 536 21
465 586 6
465 590 38
466 477 5
466 485 30
466 545 42
466 563 6
466 566 10
467 468 15
467 472 33
467 505 8
467 508 48
467 520 18
467 529 38
467 547 25
467 572 16
467 578 13
468 545 23
468 576 5
468 580 44
468 585 47
468 597 8
468 598 39
469 472 44
469 500 47
469 509 42
469 530 42
469 559 49
469 569 21
469 578 3
469 579 10
470 474 41
470 482 8
470 496 47
470 503 47
470 508 37
470 516 38
470 548 3
470 564 49
470 589 5
470 596 37
471 500 8
471 526 4
471 529 4
471 535 46
471 536 31
472 489 21
472 499 10
472 515 3
472 565 26
472 567 4
472 575 2
473 530 35
473 536 42
473 587 45
474 591 32
475 497 36
475 499 39
475 518 32
475 530 6
475 544 41
475 569 42
475 581 48
476 481 48
476 505 40
476 549 45
476 558 36
476 563 30
477 486 49
477 534 34
477 581 36
477 585 35
477 590 44
478 483 39
478 484 41
478 498 39
478 515 19
478 526 13
478 556 50
478 560 22
478 569 38
478 598 5
479 493 25
479 522 25
479 539 49
479 540 19
479 551 8
479 559 34
479 567 9
479 593 39
480 489 41
480 521 49
480 551 32
480 569 40
481 551 46
481 562 24
482 484 34
482 494 32
482 525 3
482 544 32
482 545 17
482 554 38
482 561 19
482 572 12
482 592 26
483 487 9
483 497 2
483 538 47
483 545 21
483 548 2
483 550 18
483 557 11
483 569 6
483 574 44
483 581 37
483 597 4
484 495 14
484 534 44
484 541 39
484 568 23
484 576 32
485 491 31
486 529 21
486 566 16
486 568 21
486 579 19
486 597 39
487 528 6
487 554 2
487 571 41
487 578 40
487 581 20
487 593 30
488 513 8
488 517 32
488 531 7
489 493 18
489 498 33
489 514 3
489 536 40
489 548 34
489 579 22
490 494 50
490 497 42
490 509 15
490 547 38
490 578 47
490 594 29
491 525 31
491 534 38
491 560 1
491 563 15
491 564 18
491 570 21
491 574 30
492 531 40
492 556 41
492 559 18
492 585 46
492 591 42
493 512 10
493 526 35
493 554 12
493 555 39
493 565 42
493 579 43
494 507 47
494 542 11
494 551 25
494 560 50
494 569 50
494 574 11
495 497 21
495 512 2
495 514 4
495 515 38
495 521 39
495 552 2
495 573 16
495 579 20
495 584 39
495 590 18
496 513 34
496 556 9
496 559 40
497 524 13
497 527 48
497 534 31
497 539 32
497 540 45
497 577 22
498 500 41
498 516 29
498 529 33
498 549 29
498 573 22
498 593 27
499 509 25
499 511 32
499 536 4
499 539 26
499 561 34
499 580 14
499 587 49
499 596 35
500 506 19
500 554 36
501 525 23
501 566 20
501 594 1
502 549 44
503 507 11
503 541 18
503 547 27
503 580 19
503 599 7
504 543 41
504 547 18
504 556 37
504 566 22
504 595 13
505 536 11
505 539 12
505 542 43
505 544 45
505 557 42
505 563 15
505 575 22
506 535 19
506 554 48
506 581 25
506 588 44
507 516 31
507 558 40
507 574 42
507 591 17
508 509 8
508 546 27
508 550 40
509 550 29
509 563 29
509 568 33
509 576 39
510 523 48
510 525 12
510 549 7
510 555 5
510 577 2
510 588 27
511 526 43
511 537 24
511 542 39
511 549 5
511 563 37
511 581 31
512 517 50
512 547 29
512 557 47
512 560 23
512 588 47
512 592 47
513 545 47
513 565 42
513 591 29
514 528 38
514 575 36
514 577 46
515 551 47
515 553 12
515 559 37
515 577 25
515 598 43
516 520 21
516 545 14
516 592 40
517 530 32
517 592 20
517 596 46
518 539 36
518 575 46
518 577 41
518 585 11
518 586 36
518 587 47
519 562 47
520 525 19
520 536 46
520 540 25
520 561 17
520 568 18
520 570 23
520 577 13
520 596 16
521 527 17
521 561 44
521 579 5
521 589 2
522 530 39
522 546 1
522 549 15
523 535 27
523 542 26
523 544 7
523 557 47
523 567 39
523 574 49
523 576 31
523 580 10
523 588 44
524 539 18
524 578 6
525 593 36
526 539 28
526 560 43
526 562 33
526 565 24
526 576 11
526 589 30
526 595 1
527 543 28
527 545 50
527 568 23
528 530 42
528 539 15
528 545 39
528 551 35
529 562 22
529 567 42
529 592 25
530 584 22
530 587 7
531 559 1
531 563 47
531 578 13
531 580 50
532 563 35
532 578 11
532 589 32
532 597 47
532 599 7
533 589 49
533 591 4
534 549 44
534 552 26
534 561 46
534 591 26
534 597 1
535 538 7
535 556 8
535 595 1
536 537 36
536 553 7
536 592 26
537 562 27
537 576 23
537 581 16
537 582 12
538 546 44
538 547 8
538 558 38
539 589 16
539 599 14
540 575 39
540 577 14
541 570 26
541 583 38
542 569 1
542 571 39
542 595 21
543 545 47
543 547 47
543 552 19
543 584 50
544 551 40
544 593 46
545 556 45
545 575 18
545 589 46
546 551 3
547 554 25
547 561 47
547 578 38
547 593 31
548 552 22
548 565 17
548 566 5
549 557 37
549 580 30
550 567 49
550 587 46
550 595 17
551 570 14
551 579 9
551 596 7
553 569 27
554 574 37
554 596 46
555 575 27
555 587 27
555 588 16
555 589 25
556 560 23
558 570 34
558 589 24
558 595 14
559 598 29
560 581 19
560 584 33
561 570 25
561 592 23
563 585 9
563 595 23
565 599 13
566 582 39
566 583 44
567 594 31
568 577 44
568 584 32
568 585 10
568 591 44
569 586 30
569 591 28
570 571 7
572 597 38
573 575 35
577 592 35
577 597 24
578 591 30
578 595 14
579 587 2
579 593 48
586 592 38
586 596 24
587 594 31
587 595 14
590 594 40
594 595 12
600 299 78
601 599 16
600 601 94
602 608 7
602 609 6
602 621 2
602 624 9
602 655 5
602 687 7
602 740 10
602 754 3
602 775 2
602 777 2
602 782 7
602 801 1
602 815 4
602 825 3
602 828 6
602 866 10
602 867 2
602 868 10
602 870 3
602 876 7
603 649 10
603 672 7
603 682 10
603 695 6
603 700 7
603 705 1
603 724 4
603 741 8
603 749 1
603 773 9
603 805 4
603 844 7
604 612 6
604 628 5
604 637 8
604 654 2
604 688 3
604 703 7
604 740 4
604 745 6
604 751 8
604 797 10
604 802 8
604 806 3
604 819 2
604 865 3
604 877 2
605 629 6
605 637 3
605 644 6
605 664 4
605 677 4
605 684 3
605 686 3
605 698 9
605 703 1
605 716 3
605 758 2
605 759 10
605 807 3
605 843 2
605 847 3
605 857 1
605 894 7
606 613 9
606 629 10
606 640 8
606 648 3
606 653 6
606 659 2
606 701 9
606 728 5
606 761 3
606 779 6
606 781 8
606 859 7
606 870 9
606 897 9
607 633 2
607 662 3
607 695 5
607 722 5
607 760 6
607 780 9
607 788 7
607 826 4
607 846 1
607 850 1
607 870 8
607 874 10
608 637 3
608 652 9
608 663 4
608 673 5
608 703 6
608 713 4
608 727 5
608 736 3
608 756 6
608 765 2
608 781 6
608 793 4
608 803 7
608 810 9
608 826 10
608 828 6
608 855 7
608 877 10
608 883 4
609 620 8
609 625 2
609 654 10
609 670 2
609 702 9
609 709 10
609 740 10
609 762 4
609 769 10
609 793 2
609 800 1
609 810 1
609 824 6
609 865 10
609 872 6
609 877 10
610 611 7
610 673 9
610 686 6
610 695 1
610 728 5
610 756 8
610 761 9
610 799 8
610 809 6
610 815 9
610 849 9
610 853 1
610 872 5
610 887 8
610 898 6
611 708 2
611 733 1
611 796 6
611 799 5
611 816 9
611 827 7
611 842 6
611 846 3
611 863 9
611 867 7
611 873 5
611 881 9
611 882 2
611 899 6
612 616 5
612 646 3
612 665 2
612 689 5
612 712 9
612 730 5
612 742 9
612 760 6
612 800 3
612 849 9
612 894 1
613 614 3
613 629 9
613 642 3
613 696 7
613 786 9
613 793 8
613 832 10
613 849 9
613 862 5
613 863 4
613 877 10
613 888 2
614 619 1
614 687 2
614 706 10
614 707 7
614 726 6
614 773 10
614 778 10
614 797 4
614 827 6
614 836 2
614 865 5
614 884 1
614 890 10
614 892 1
614 896 1
615 637 7
615 649 5
615 704 9
615 707 9
615 710 7
615 712 10
615 716 1
615 788 3
615 791 8
615 835 9
615 880 4
615 883 6
615 893 5
616 634 7
616 658 5
616 672 6
616 681 9
616 684 8
616 689 7
616 714 7
616 716 6
616 719 7
616 737 6
616 759 9
616 794 4
616 824 8
616 830 5
616 876 4
617 626 9
617 655 6
617 685 7
617 686 6
617 690 2
617 723 7
617 742 6
617 766 9
617 792 6
617 795 9
617 815 3
617 832 3
617 867 7
617 871 7
618 697 1
618 746 1
618 778 5
618 794 7
618 812 9
618 813 4
618 843 7
618 859 5
618 868 10
618 877 2
618 879 3
618 897 8
619 641 2
619 657 7
619 669 7
619 688 6
619 699 2
619 722 5
619 788 3
619 800 8
619 805 2
619 835 7
619 856 5
619 889 10
619 891 5
620 658 2
620 690 8
620 705 7
620 730 5
620 734 6
620 755 5
620 774 7
620 811 8
620 835 2
620 840 3
620 842 6
620 858 5
620 871 9
620 886 3
620 891 6
621 637 2
621 664 5
621 681 5
621 695 5
621 704 3
621 737 1
621 784 3
621 792 5
621 817 8
621 818 5
621 855 4
621 861 9
621 885 1
621 888 10
622 688 8
622 705 7
622 729 2
622 744 7
622 770 6
622 788 8
622 790 2
622 856 10
622 878 4
622 887 10
623 631 3
623 668 8
623 680 5
623 686 7
623 696 9
623 717 9
623 753 5
623 838 10
623 858 4
623 883 9
624 657 5
624 711 6
624 736 2
624 744 7
624 754 2
624 755 9
624 763 3
624 776 8
624 780 9
624 802 6
624 811 7
624 812 9
624 819 2
624 830 10
624 839 5
624 856 9
624 900 9
625 632 7
625 649 1
625 705 2
625 778 6
625 798 3
625 825 2
625 829 2
625 853 2
626 644 10
626 657 1
626 702 8
626 747 1
626 752 4
626 771 8
626 786 7
626 787 1
626 812 9
626 861 3
627 645 5
627 646 7
627 652 8
627 666 2
627 716 6
627 750 5
627 759 10
627 768 4
627 814 8
627 816 10
627 844 8
627 877 7
627 879 8
627 894 6
628 634 7
628 635 2
628 638 1
628 640 1
628 670 5
628 703 3
628 717 2
628 726 4
628 741 3
628 773 9
628 775 6
628 800 8
628 815 7
628 865 3
629 663 10
629 678 5
629 683 5
629 698 4
629 711 4
629 719 4
629 735 7
629 740 1
629 744 8
629 796 7
629 801 6
629 815 6
629 822 8
629 851 5
629 858 2
630 655 5
630 663 1
630 682 10
630 693 8
630 720 1
630 783 10
630 792 4
630 805 5
630 830 4
630 888 7
631 678 9
631 704 4
631 735 3
631 754 8
631 764 10
631 773 7
631 775 8
631 776 7
631 777 3
631 795 3
631 806 2
631 813 7
631 833 10
631 837 2
631 878 6
631 882 6
631 885 9
631 887 1
632 641 3
632 661 3
632 669 4
632 672 9
632 681 5
632 692 5
632 695 9
632 703 6
632 707 7
632 762 2
632 777 2
632 785 10
632 848 1
633 649 1
633 655 3
633 666 5
633 698 10
633 703 5
633 707 1
633 710 7
633 713 3
633 726 3
633 739 10
633 740 4
633 748 9
633 759 1
633 785 7
633 809 7
633 810 6
633 818 5
633 879 7
634 652 10
634 681 9
634 712 3
634 740 10
634 766 4
634 780 7
634 810 10
634 832 1
634 864 3
634 870 2
634 899 2
635 641 2
635 648 4
635 693 4
635 762 7
635 781 8
635 793 4
635 851 1
635 868 8
636 657 2
636 670 3
636 678 2
636 679 3
636 684 8
636 693 3
636 694 3
636 709 4
636 730 9
636 743 10
636 796 10
636 799 5
636 818 1
636 819 8
636 838 7
636 847 1
636 869 1
636 884 6
637 642 10
637 651 1
637 669 8
637 677 3
637 680 5
637 743 2
637 761 6
637 765 8
637 767 8
637 816 3
637 828 3
637 838 10
637 875 2
638 648 5
638 684 4
638 692 4
638 712 7
638 723 1
638 735 6
638 738 10
638 744 6
638 759 6
638 789 1
638 798 5
638 808 10
638 812 2
638 820 4
638 844 9
638 851 2
638 853 5
638 860 6
639 646 3
639 647 7
639 675 3
639 703 6
639 707 3
639 709 6
639 747 3
639 752 3
639 753 5
639 756 6
639 784 5
639 794 4
639 801 9
639 833 9
639 848 9
639 853 4
639 863 8
639 884 1
640 642 1
640 662 9
640 668 6
640 677 6
640 768 9
640 780 2
640 791 8
640 812 10
640 846 6
641 659 6
641 673 3
641 689 2
641 700 3
641 729 6
641 731 8
641 737 5
641 738 3
641 742 1
641 747 1
641 755 5
641 761 3
641 800 5
641 808 2
641 813 9
641 829 1
641 836 1
641 877 10
641 889 1
641 894 6
642 650 7
642 652 2
642 669 7
642 677 7
642 745 9
642 747 2
642 754 7
642 766 1
642 796 9
642 802 7
642 804 6
642 810 6
642 839 1
642 858 7
642 861 8
643 656 8
643 695 6
643 704 5
643 724 2
643 741 8
643 751 7
643 769 7
643 792 2
643 840 1
643 867 10
643 870 1
643 879 3
643 880 2
643 884 10
643 885 4
644 666 8
644 675 8
644 710 7
644 717 4
644 719 6
644 743 5
644 745 5
644 775 2
644 798 7
644 823 6
644 867 10
644 870 2
644 884 3
645 646 1
645 681 10
645 696 1
645 704 10
645 735 8
645 767 5
645 776 2
645 777 5
645 783 1
645 818 10
645 828 9
645 850 3
645 851 9
645 859 9
645 879 8
645 882 1
646 674 10
646 698 3
646 726 10
646 731 9
646 756 9
646 769 3
646 790 4
646 810 5
646 819 9
646 858 7
646 887 2
647 651 6
647 688 7
647 691 5
647 696 9
647 709 9
647 733 7
647 763 9
647 786 8
647 797 4
647 826 5
647 832 9
647 867 10
647 880 7
648 658 10
648 665 8
648 672 1
648 711 9
648 728 8
648 741 10
648 753 1
648 763 9
648 775 2
648 818 10
648 822 9
648 827 2
648 841 4
648 853 4
648 856 9
648 897 2
649 665 1
649 688 10
649 706 10
649 732 7
649 743 4
649 768 8
649 772 5
649 775 10
649 785 8
649 833 4
649 835 5
649 846 2
649 860 5
650 662 5
650 672 10
650 675 4
650 686 4
650 693 10
650 702 2
650 730 4
650 735 2
650 744 4
650 750 4
650 763 3
650 813 3
650 831 3
650 842 7
650 897 6
651 674 6
651 690 5
651 726 10
651 739 8
651 775 6
651 776 9
651 808 4
651 817 1
651 858 8
651 860 10
651 872 3
651 878 5
652 680 6
652 683 7
652 725 8
652 747 10
652 779 3
652 797 7
652 824 3
652 892 9
653 704 8
653 713 7
653 722 2
653 723 9
653 748 10
653 772 5
653 780 4
653 789 3
653 806 7
653 854 2
653 861 10
653 869 5
653 875 8
653 877 1
653 878 2
654 667 3
654 711 1
654 719 8
654 772 3
654 805 8
654 861 9
654 869 7
654 874 2
654 887 4
655 657 4
655 693 9
655 705 3
655 712 8
655 741 7
655 791 8
655 801 6
655 804 5
655 822 4
655 861 7
655 869 5
655 888 3
655 890 4
656 689 10
656 691 7
656 698 2
656 700 1
656 722 9
656 728 6
656 800 8
656 817 1
656 851 10
656 855 2
657 661 2
657 663 7
657 693 5
657 748 9
657 763 5
657 773 3
657 796 3
657 804 1
657 816 6
657 819 3
657 823 3
657 861 6
657 862 2
657 872 2
657 888 1
657 894 6
658 684 5
658 689 10
658 707 2
658 762 10
658 773 3
658 806 2
658 814 8
658 823 6
658 826 4
658 833 8
658 841 4
658 891 2
658 895 9
658 898 3
659 665 3
659 675 10
659 692 1
659 698 9
659 716 10
659 818 7
659 860 2
659 866 4
659 874 7
660 733 9
660 782 9
660 785 2
660 802 4
660 804 10
660 806 3
660 812 5
660 823 7
660 833 10
660 848 6
661 734 8
661 772 1
661 830 10
661 839 1
661 850 8
661 852 5
661 866 5
661 883 8
661 889 8
661 893 8
662 665 6
662 718 2
662 720 10
662 725 7
662 751 2
662 848 1
662 852 8
662 881 1
662 887 4
662 895 4
663 673 9
663 698 2
663 721 2
663 734 10
663 739 8
663 751 3
663 758 5
663 862 4
663 897 9
663 898 6
664 673 9
664 674 8
664 675 6
664 703 8
664 736 9
664 737 5
664 770 4
665 670 5
665 700 2
665 716 2
665 731 2
665 734 7
665 741 3
665 751 3
665 815 5
665 819 7
665 842 3
665 846 3
665 858 9
665 869 8
665 878 8
665 900 7
666 718 2
666 720 9
666 758 9
666 782 9
666 789 1
666 834 3
666 850 4
666 856 1
666 892 8
667 678 2
667 747 8
667 749 5
667 761 1
667 771 8
667 781 9
667 787 4
667 794 2
667 798 1
667 799 7
667 804 5
667 819 7
667 824 2
667 856 8
667 859 4
667 873 10
667 884 2
668 685 6
668 702 8
668 743 10
668 744 3
668 745 4
668 747 1
668 801 3
668 807 2
668 853 1
669 709 5
669 717 6
669 721 4
669 768 5
669 787 3
669 788 5
669 789 4
669 792 7
669 793 7
669 802 2
669 840 8
669 892 2
670 713 5
670 732 8
670 791 1
670 854 10
670 866 6
670 899 2
671 695 7
671 719 9
671 721 1
671 729 8
671 738 6
671 745 8
671 773 9
671 811 10
671 826 3
671 841 1
671 879 2
671 886 5
672 688 1
672 710 8
672 736 10
672 760 4
672 764 4
672 767 5
672 798 10
672 827 8
672 837 3
672 840 8
672 865 1
672 890 10
673 695 10
673 780 5
673 784 7
673 797 10
673 849 4
673 853 5
673 854 3
673 855 2
673 861 3
673 897 3
673 899 2
674 684 9
674 691 2
674 695 10
674 723 10
674 737 6
674 750 1
674 779 4
674 812 10
674 813 1
674 820 1
674 825 2
674 862 7
674 875 5
674 886 8
675 699 6
675 735 2
675 740 10
675 758 4
675 792 2
675 795 2
675 827 5
675 847 8
675 863 8
676 694 4
676 721 4
676 741 4
676 831 8
676 857 5
676 865 7
677 748 2
677 769 6
677 776 7
677 822 3
677 886 8
677 900 6
678 681 10
678 682 10
678 691 9
678 698 10
678 725 10
678 764 2
678 773 3
678 783 8
678 790 6
678 817 10
678 853 4
679 681 9
679 742 1
679 744 9
679 749 2
679 753 2
679 789 3
679 859 9
679 874 10
679 885 8
679 888 2
679 899 3
680 696 5
680 714 9
680 719 1
680 769 6
680 811 6
680 812 7
680 843 10
680 851 3
680 852 5
681 700 9
681 708 2
681 711 5
681 726 10
681 756 4
681 778 6
681 788 4
681 818 3
681 819 1
681 832 3
681 866 6
681 892 9
682 701 4
682 710 6
682 727 2
682 747 5
682 758 10
682 804 1
682 808 6
682 817 9
682 841 4
682 867 1
682 897 3
683 699 4
683 709 1
683 740 10
683 741 10
683 769 10
683 772 1
683 789 2
683 793 6
683 796 10
683 804 6
683 807 10
683 860 1
684 692 1
684 710 6
684 736 5
684 741 3
684 769 8
684 770 9
684 834 1
684 863 9
684 870 4
684 872 6
684 874 10
685 688 9
685 713 8
685 762 2
685 772 6
685 779 6
685 788 8
685 797 8
685 822 9
685 844 1
685 847 1
686 688 10
686 713 10
686 715 10
686 721 1
686 725 4
686 748 7
686 751 2
686 765 1
686 885 6
686 886 2
687 714 1
687 718 3
687 731 8
687 791 5
687 800 1
687 810 9
687 825 5
687 864 1
687 878 2
687 896 3
688 691 10
688 700 2
688 762 10
688 785 4
688 801 8
688 806 7
688 842 1
688 845 7
688 852 7
688 859 3
688 862 7
688 867 7
688 878 5
688 885 8
689 704 9
689 733 8
689 762 4
689 781 10
689 789 10
689 795 2
689 802 3
689 812 2
689 889 4
690 691 3
690 732 6
690 733 6
690 775 1
690 797 3
690 820 8
690 822 4
690 832 7
690 857 10
690 861 6
690 864 8
690 865 3
690 866 5
690 870 4
690 872 5
690 895 1
691 700 1
691 728 7
691 731 8
691 751 9
691 760 1
691 764 5
691 793 7
691 831 10
691 843 9
691 854 8
691 861 1
691 868 2
691 877 2
691 898 2
692 711 7
692 811 4
692 829 10
692 831 5
692 860 6
692 894 2
693 696 2
693 737 10
693 746 10
693 750 1
693 762 5
693 769 7
693 784 5
693 787 9
693 797 2
693 830 9
693 848 1
693 859 4
693 879 8
693 882 8
694 705 2
694 730 10
694 732 3
694 768 10
694 772 10
694 790 3
694 829 7
694 846 2
694 848 6
694 855 9
694 858 4
694 867 2
694 868 4
694 874 3
695 715 6
695 737 10
695 753 6
695 755 8
695 799 9
695 804 7
695 841 10
695 861 5
695 877 3
695 891 5
696 705 5
696 755 6
696 765 5
696 766 5
696 773 10
696 780 2
696 815 3
696 821 1
696 866 2
696 891 7
696 899 3
697 719 3
697 735 1
697 752 1
697 821 4
697 834 6
697 851 9
697 878 9
697 879 7
697 886 5
697 891 3
698 700 5
698 702 6
698 705 8
698 711 4
698 720 4
698 723 6
698 778 3
698 782 10
698 820 8
698 834 9
698 867 4
699 711 4
699 715 4
699 740 8
699 758 3
699 780 7
699 786 2
699 838 5
699 844 10
699 863 10
699 885 7
699 898 2
700 713 10
700 718 8
700 719 8
700 726 7
700 736 8
700 770 6
700 861 4
700 866 4
700 886 9
701 712 8
701 723 9
701 729 8
701 735 3
701 737 4
701 744 4
701 760 5
701 769 3
701 780 3
701 818 6
701 820 8
701 826 8
701 829 1
701 850 6
701 865 2
701 894 7
701 899 9
702 758 9
702 768 7
702 795 9
702 804 5
702 810 10
702 836 10
702 859 4
702 880 9
702 891 7
702 895 4
703 704 7
703 711 2
703 721 7
703 725 5
703 739 1
703 787 6
703 793 4
703 796 3
703 802 1
703 812 9
703 837 7
703 839 4
703 863 4
703 883 4
703 888 1
704 729 1
704 775 4
704 776 8
704 780 5
704 794 1
704 796 7
704 828 3
704 840 9
704 875 7
704 879 7
705 715 10
705 734 6
705 751 3
705 755 9
705 764 4
705 771 6
705 783 5
705 791 5
705 821 4
705 854 1
705 870 5
705 882 1
706 784 6
706 788 7
706 810 2
706 816 5
706 867 6
706 898 5
707 729 10
707 733 9
707 737 7
707 746 2
707 789 3
707 792 5
707 817 6
707 868 5
707 876 3
707 893 8
708 725 3
708 751 1
708 787 7
708 831 2
708 853 8
708 872 9
709 739 2
709 751 2
709 811 6
709 831 6
709 835 6
709 858 9
709 893 6
709 897 1
710 712 10
710 759 4
710 792 9
710 796 1
710 830 8
710 840 4
710 872 7
710 888 9
711 730 5
711 731 5
711 764 10
711 769 7
711 771 9
711 794 6
711 829 1
711 841 3
711 850 3
711 862 5
711 880 5
711 893 9
712 720 8
712 721 3
712 730 9
712 732 10
712 736 6
712 766 6
712 775 5
712 826 1
712 876 7
713 717 3
713 726 3
713 754 6
713 786 6
713 787 2
713 794 8
713 835 5
713 839 7
713 843 6
713 857 3
713 901 1
714 739 10
714 806 2
714 846 9
714 865 1
714 867 7
714 873 9
714 901 5
715 727 2
715 759 5
715 767 10
715 790 2
715 811 3
715 818 4
715 824 3
715 860 2
715 868 9
715 884 8
715 896 6
716 722 1
716 762 4
716 763 10
716 780 4
716 795 1
716 854 5
716 860 7
716 864 10
716 869 9
717 722 5
717 764 5
717 772 3
717 778 6
717 801 7
717 811 5
717 832 4
717 869 7
717 873 3
717 889 5
717 894 3
718 760 4
718 761 9
718 765 4
718 769 6
718 772 3
718 794 7
718 803 10
718 805 4
718 814 7
718 815 7
718 826 2
718 830 8
718 837 3
718 848 1
718 883 3
719 741 5
719 827 8
719 830 1
719 842 5
719 843 8
720 722 5
720 759 1
720 767 1
720 776 2
720 778 9
720 784 5
720 808 6
720 812 5
720 818 7
720 823 2
720 832 10
720 860 3
720 884 2
721 726 3
721 730 10
721 731 5
721 737 10
721 738 9
721 753 10
721 760 8
721 795 7
721 811 1
721 821 5
721 835 9
721 839 4
721 855 9
721 858 4
722 737 1
722 740 9
722 742 10
722 756 8
722 770 6
722 776 10
722 781 8
722 820 7
722 824 9
722 842 4
722 858 2
722 891 5
723 741 3
723 812 5
723 835 4
723 874 5
723 885 7
724 727 9
724 741 6
724 761 3
724 781 10
724 791 4
724 803 2
724 813 7
724 818 2
724 823 5
724 872 4
724 882 1
724 887 8
725 763 2
725 778 6
725 781 10
725 785 3
725 802 5
725 803 9
725 815 8
725 866 6
725 870 9
726 729 4
726 735 4
726 746 4
726 761 8
726 796 1
726 813 6
726 824 2
726 831 6
726 855 2
726 870 10
726 880 4
726 887 7
727 730 2
727 737 3
727 769 2
727 791 6
727 792 2
727 818 4
727 819 10
727 835 5
727 844 6
727 846 9
727 861 8
727 888 1
728 741 10
728 816 10
728 832 7
728 867 8
729 750 7
729 763 2
729 776 8
729 817 1
729 818 8
729 831 2
729 837 10
729 874 10
730 754 9
730 778 1
730 877 5
730 896 1
730 899 3
731 732 1
731 752 9
731 773 4
731 818 5
731 854 1
731 874 1
731 891 6
732 753 6
732 761 10
732 765 2
732 780 1
732 791 10
732 802 10
732 804 1
732 810 9
732 817 9
733 745 9
733 750 9
733 767 6
733 779 10
733 780 6
733 782 8
733 807 7
733 826 9
733 833 7
733 900 6
734 747 8
734 774 9
734 776 3
734 790 8
734 791 1
734 811 3
734 821 6
734 841 7
734 856 9
735 744 8
735 769 7
735 772 7
735 777 3
735 846 9
735 853 8
735 855 3
735 861 8
735 876 7
735 881 5
735 892 7
736 759 8
736 784 3
736 833 5
736 864 3
736 876 5
736 879 2
736 888 2
736 901 3
737 755 1
737 757 10
737 762 1
737 774 8
737 797 8
737 798 3
737 808 5
737 820 9
737 826 7
737 843 2
737 845 7
737 867 7
737 881 2
737 896 3
737 897 3
738 767 4
738 771 1
738 777 1
738 787 9
738 821 9
738 835 9
738 839 5
738 845 7
738 869 6
739 777 10
739 823 3
739 829 10
739 839 4
739 880 4
740 754 1
740 761 6
740 789 4
740 798 2
740 822 6
740 835 1
740 846 10
740 862 10
740 869 7
740 883 10
740 892 8
741 797 1
741 849 6
741 867 5
741 889 2
742 755 10
742 758 7
742 759 5
742 775 3
742 815 7
742 874 5
742 893 3
743 773 8
743 798 10
743 843 9
743 848 3
743 884 9
744 769 1
744 844 3
744 867 4
744 897 6
745 747 5
745 774 1
745 800 10
745 805 7
745 819 7
745 821 2
745 831 8
745 848 8
745 849 1
745 861 7
746 756 6
746 761 1
746 771 4
746 803 10
746 817 4
746 850 5
746 892 8
746 894 10
747 748 7
747 780 7
747 790 5
747 835 9
747 879 4
747 894 6
748 797 9
748 800 6
748 810 6
748 815 9
748 843 10
748 847 9
748 865 7
748 871 7
748 879 9
748 893 8
748 895 5
749 768 7
749 772 9
749 806 2
749 849 5
749 878 1
750 754 10
750 772 2
750 802 3
750 805 5
750 808 3
750 817 6
750 824 9
750 895 2
751 757 6
751 781 6
751 839 8
751 849 2
752 755 6
752 786 1
752 794 7
752 829 5
752 830 9
752 842 4
752 859 5
752 865 10
752 876 2
752 880 1
753 766 8
753 787 2
753 793 8
753 800 2
753 837 9
753 845 9
753 852 5
754 765 5
754 767 9
754 800 4
754 818 8
754 819 2
754 851 8
754 859 10
754 866 9
754 891 9
755 766 3
755 773 4
755 799 4
755 822 1
755 852 7
755 859 9
755 860 3
755 889 5
756 757 5
756 761 3
756 762 8
756 770 10
756 771 3
756 777 1
756 825 2
756 836 10
756 850 3
756 863 10
756 866 4
756 867 3
756 894 8
756 896 8
756 900 9
757 764 8
757 765 2
757 772 6
757 779 9
757 861 1
757 885 7
757 895 8
758 789 9
758 830 9
758 839 3
758 878 4
758 881 9
758 882 2
759 784 5
759 788 4
759 807 6
759 811 9
759 825 6
759 844 4
759 847 10
759 861 8
759 885 6
760 764 2
760 806 10
760 815 8
760 830 1
760 835 3
760 837 2
760 841 10
760 865 10
760 880 10
760 894 9
761 836 3
761 865 5
761 897 10
762 776 6
762 777 3
762 788 7
762 806 6
762 812 2
762 841 1
762 893 10
763 771 2
763 869 2
763 871 6
764 777 7
764 779 10
764 780 6
764 812 3
764 845 3
764 848 6
764 867 10
764 879 10
764 882 9
765 780 1
765 783 8
765 806 1
765 859 3
765 876 1
765 880 10
765 885 5
765 899 1
766 768 10
766 773 9
766 801 7
766 819 9
766 844 4
766 850 2
767 779 7
767 793 10
767 814 5
767 818 8
767 872 1
767 873 6
767 885 1
767 889 6
768 783 3
768 809 10
768 817 3
768 826 7
769 776 4
769 802 8
769 805 8
769 827 4
769 866 6
769 867 9
769 868 3
769 879 8
769 895 3
770 801 3
770 831 7
770 845 9
770 849 5
770 853 7
770 867 8
771 785 4
771 798 7
771 804 3
771 806 5
771 850 4
771 868 2
771 877 9
771 886 1
772 776 4
772 777 6
772 783 3
772 786 1
772 787 10
772 792 3
772 806 4
772 813 6
772 816 8
772 862 3
772 871 4
772 873 3
772 886 1
772 896 4
773 791 5
773 806 8
773 810 6
773 813 10
773 840 7
773 859 5
773 866 6
773 879 5
773 881 4
773 888 9
773 889 1
773 894 6
773 897 5
774 780 4
774 801 10
774 825 3
774 881 4
774 882 5
774 892 1
774 893 9
774 894 6
775 809 10
775 836 1
775 857 9
775 861 8
776 790 10
776 819 1
776 853 1
777 798 3
777 832 1
777 844 4
777 864 9
777 871 9
778 780 1
778 869 10
778 896 5
778 900 7
779 837 6
779 854 9
779 868 10
779 892 6
780 781 9
780 785 8
780 799 1
780 804 3
780 838 7
780 873 5
781 784 8
781 792 1
781 803 5
781 812 6
781 826 6
781 839 7
781 845 8
782 821 6
782 858 4
782 869 10
782 877 9
782 882 4
782 884 2
782 890 9
783 790 9
783 793 10
783 838 9
783 839 9
783 846 2
783 888 5
784 788 6
784 792 9
784 818 5
784 834 7
784 859 4
784 874 4
784 892 4
785 821 6
785 833 8
785 853 2
785 857 3
785 868 7
785 873 3
786 789 9
786 816 5
786 822 10
786 894 5
788 792 4
789 795 8
789 854 8
789 868 3
790 863 6
790 869 3
790 876 4
790 877 6
791 807 1
791 847 6
791 855 7
791 858 2
792 801 7
792 828 1
792 836 9
792 850 5
792 858 6
792 892 5
793 813 10
793 819 1
793 840 1
793 855 8
793 862 10
794 805 2
794 816 10
794 818 6
794 832 6
794 842 8
794 885 2
794 901 8
795 831 3
795 858 6
795 892 5
795 897 2
796 803 8
796 808 2
796 852 5
796 854 4
796 869 7
796 899 7
797 804 9
797 813 3
797 815 10
797 825 7
797 833 6
797 852 8
797 858 1
797 869 3
798 801 5
798 813 2
798 818 3
798 835 7
799 814 9
799 819 4
799 859 8
799 869 10
799 872 1
799 877 4
799 889 8
800 807 3
800 833 1
800 850 2
800 859 8
800 860 7
800 869 5
800 870 7
800 880 8
800 891 1
800 893 10
801 821 4
801 838 8
801 853 8
801 879 9
801 900 9
802 842 6
802 856 4
802 862 7
803 804 8
803 812 6
803 839 3
803 844 10
803 855 10
803 879 9
803 896 10
804 830 3
804 848 8
804 861 10
804 863 3
804 870 3
805 814 9
805 844 5
805 857 5
805 863 2
806 813 4
806 818 1
806 822 6
806 838 1
806 842 8
806 862 7
806 863 2
806 870 4
806 895 6
807 838 2
807 849 2
807 872 4
808 814 7
808 832 7
808 836 2
808 877 5
808 892 4
808 900 6
809 828 6
809 879 5
809 894 6
810 861 5
810 876 7
811 816 4
811 825 6
811 847 1
811 855 6
811 883 4
812 827 8
812 828 3
812 865 5
812 877 1
812 900 3
813 831 3
813 841 3
813 885 3
814 816 9
814 817 7
814 842 6
814 848 6
814 853 8
814 868 9
814 874 9
814 880 4
814 881 7
814 894 1
815 819 10
815 872 2
815 893 8
816 839 5
817 829 6
817 836 4
817 854 2
817 866 2
817 881 7
817 884 7
818 868 2
818 880 4
818 889 3
818 893 9
819 834 8
819 839 7
819 876 2
819 897 1
819 898 9
820 837 6
820 850 5
820 885 9
821 830 2
821 832 10
821 865 6
821 897 1
822 825 10
822 857 5
822 859 5
822 894 6
823 841 7
823 844 6
823 859 7
823 864 4
823 884 3
823 885 2
824 837 9
824 860 4
824 870 5
825 859 7
825 891 2
826 833 8
826 838 3
826 846 4
826 847 7
826 866 10
826 885 3
827 838 10
827 858 2
827 878 3
827 881 5
827 889 6
828 845 4
828 851 9
829 863 5
831 850 9
831 859 9
831 882 6
831 888 3
832 838 5
833 859 3
833 880 1
834 848 3
834 856 1
834 898 7
835 846 5
835 853 4
835 876 5
835 894 10
836 896 8
837 890 2
838 862 3
839 843 6
839 851 4
839 852 7
839 854 4
840 897 5
841 854 1
841 896 5
842 885 7
843 844 3
843 855 1
843 864 2
843 872 6
843 890 9
843 891 9
844 862 7
844 867 10
844 894 4
845 860 1
845 867 4
846 872 7
846 879 2
847 853 6
847 863 9
847 882 10
848 880 2
848 891 3
849 855 4
849 865 1
849 869 2
850 867 7
850 873 6
852 879 7
852 901 2
854 864 2
854 869 2
854 870 7
854 871 4
855 891 8
855 897 3
855 899 6
856 859 9
856 872 6
856 892 4
856 901 9
857 901 4
858 861 2
858 880 8
859 865 10
859 878 2
859 879 4
859 884 8
860 874 5
860 889 9
860 890 6
861 870 4
862 867 3
862 881 8
862 886 10
862 889 5
863 897 10
864 901 8
865 866 10
867 885 8
867 889 10
868 888 3
869 874 2
869 877 8
870 873 6
872 899 9
874 875 2
875 881 4
875 890 7
875 899 7
876 889 7
879 892 6
880 882 3
881 884 8
881 886 5
885 888 2
887 897 1
887 898 8
889 901 9
890 893 6
896 898 7
902 601 93
903 901 10
902 903 22
