904 6735
11 14 82 35 80 66 37 89 51 8 47 54 7 88 45 48 96 38 91 66 61 27 14 9 98 60 12 9 77 3 12 87 68 45 74 48 62 10 36 64 69 82 18 27 22 14 74 17 51 64 83 11 43 48 71 40 59 82 100 36 36 12 74 3 8 47 50 70 8 37 33 29 19 50 55 40 15 81 8 65 96 90 27 38 89 97 29 48 30 29 35 65 92 8 68 51 7 69 20 66 6 5 94 76 6 1 15 21 33 74 37 28 64 64 18 4 60 46 51 90 26 85 6 69 45 25 20 3 94 91 68 99 47 14 74 5 14 40 25 46 13 61 25 28 76 42 32 88 88 34 29 65 71 34 86 67 59 57 69 4 99 88 2 46 1 27 50 66 18 26 63 30 38 88 10 14 29 93 1 68 78 29 33 48 62 70 66 72 26 34 75 24 74 28 21 74 54 70 92 71 47 54 53 85 41 14 98 70 6 98 37 83 78 21 83 39 90 48 63 15 34 37 91 7 65 11 32 70 33 23 41 31 77 45 15 17 58 64 38 15 61 75 49 38 47 31 29 37 79 91 3 64 79 45 70 43 8 1 13 92 76 5 22 52 1 37 20 58 100 10 24 13 84 72 2 30 3 82 18 33 72 73 96 3 17 17 45 24 69 9 15 44 65 37 47 65 25 19 74 76 37 59 15 99 43 35 9 31 29 60 22 11 88 39 80 73 51 41 99 79 89 17 38 2 86 5 95 69 37 47 33 25 57 47 23 99 33 83 30 61 42 3 23 30 93 55 54 43 95 52 73 84 20 11 85 5 15 31 73 3 29 5 27 85 3 2 36 35 84 65 47 78 19 70 7 11 24 12 6 70 15 78 5 34 40 89 39 7 72 63 9 52 20 88 37 74 41 72 61 24 88 7 1 6 28 59 68 3 70 25 73 36 3 29 70 94 70 60 100 41 74 61 92 93 100 80 67 40 3 27 15 90 85 16 47 65 26 67 67 48 91 91 83 45 20 4 39 41 15 90 81 89 50 24 33 49 56 99 88 58 77 55 100 14 22 98 78 47 64 96 46 7 39 81 3 10 84 41 50 99 31 82 87 32 5 19 81 60 70 20 70 98 74 69 63 95 18 40 94 82 88 39 40 26 19 42 87 55 35 36 53 17 17 91 48 73 61 80 85 82 52 6 32 77 74 94 24 91 86 17 24 73 7 15 50 78 9 88 32 43 23 36 59 91 78 58 15 90 38 51 24 41 56 55 17 81 48 40 24 85 8 99 9 15 14 10 44 74 97 75 16 71 62 26 13 91 35 28 80 24 30 3 64 86 9 81 18 57 72 41 93 80 40 2 94 5 63 37 78 60 84 87 56 83 90 100 85 62 46 99 7 97 88 90 18 48 28 52 88 82 2 76 51 83 100 94 31 2 41 100 35 55 84 91 89 25 42 73 87 87 23 93 35 11 34 52 58 62 56 97 43 9 72 45 91 71 39 73 25 31 72 11 37 7 1 26 32 42 98 70 81 73 62 15 83 47 19 92 8 26 41 2 34 12 47 76 35 37 48 11 67 71 21 55 77 22 80 60 15 30 29 47 2 42 62 36 89 80 27 96 57 19 50 90 31 96 17 17 32 64 27 50 34 47 4 62 20 84 22 87 65 2 33 18 44 46 53 32 77 31 79 33 50 28 74 32 75 90 48 58 53 26 7 38 24 11 52 44 46 73 82 62 26 14 79 69 12 31 52 88 13 31 21 62 10 94 45 37 84 44 94 88 69 1 78 93 63 81 88 60 5 69 21 30 34 99 99 97 81 2 85 45 84 57 59 94 50 3 30 85 47 23 25 15 75 54 59 37 34 46 48 90 66 68 19 52 18 69 48 50 71 84 95 54 40 53 99 42 55 80 78 53 55 54 68 29 7 78 18 92 76 65 81 93 33 100 44 2 20 44 52 90 27 98 44 19 2 42 60 8 22 37 61 76 91 80 56 49 57 73 41 32 90 73 25 74 24 20 75 44 15 78 33 42 75 28 60 28 22 71 36 95 36 87
0 56 28
0 62 47
0 86 40
0 102 13
0 104 19
0 114 42
0 132 44
0 136 23
0 140 25
0 142 14
0 215 7
0 229 47
0 254 36
1 10 4
1 22 49
1 64 2
1 93 20
1 105 45
1 108 28
1 120 40
1 162 6
1 218 44
1 234 36
1 280 20
1 290 32
2 30 34
2 31 35
2 61 6
2 81 2
2 94 8
2 97 32
2 130 31
2 134 7
2 139 23
2 154 43
2 182 27
2 209 14
2 215 39
2 228 1
2 279 39
2 288 2
2 292 7
2 293 37
2 294 37
3 15 10
3 33 37
3 39 40
3 60 31
3 67 33
3 97 19
3 117 22
3 158 38
3 162 13
3 172 7
3 227 8
3 240 44
4 49 41
4 88 44
4 94 2
4 118 44
4 127 3
4 131 35
4 146 27
4 174 9
4 253 7
4 270 21
4 290 35
4 299 23
5 6 9
5 74 35
5 97 13
5 158 10
5 209 43
5 211 1
5 217 48
5 255 2
5 275 39
5 283 40
6 8 34
6 13 21
6 43 8
6 45 8
6 57 11
6 78 20
6 96 14
6 126 20
6 130 16
6 160 6
6 167 13
6 183 17
6 192 2
6 210 15
6 232 1
6 249 28
6 274 24
6 287 7
6 291 48
6 298 10
6 299 29
7 24 7
7 25 45
7 33 43
7 65 18
7 92 37
7 98 43
7 99 16
7 139 41
7 161 31
7 165 7
7 167 26
7 241 2
7 286 14
8 27 33
8 35 12
8 36 36
8 103 49
8 128 33
8 157 1
8 182 4
8 185 45
8 197 19
8 207 7
8 221 9
8 227 21
8 243 34
8 251 34
8 261 27
8 267 32
8 276 44
8 298 8
9 10 40
9 29 40
9 32 50
9 37 7
9 45 28
9 49 45
9 103 24
9 119 20
9 120 25
9 151 30
9 185 48
9 223 26
9 230 46
9 252 30
9 270 39
9 284 31
10 15 30
10 34 21
10 62 33
10 81 36
10 108 17
10 155 3
10 236 42
10 264 26
10 269 23
10 298 26
11 34 11
11 41 1
11 53 9
11 102 6
11 120 10
11 144 50
11 156 47
11 171 12
11 205 8
11 229 25
11 237 6
11 278 32
11 284 46
11 286 30
12 65 13
12 126 43
12 143 8
12 165 10
12 193 25
12 242 48
12 253 40
12 291 4
12 294 19
12 299 24
13 36 41
13 53 37
13 56 26
13 90 33
13 93 14
13 118 50
13 129 8
13 150 25
13 155 1
13 159 18
13 164 30
13 200 10
13 215 17
13 224 29
13 243 21
13 256 24
13 281 5
13 296 26
13 299 7
14 20 50
14 77 8
14 105 22
14 114 45
14 121 15
14 182 31
14 184 21
14 205 12
14 209 21
14 250 26
14 258 32
14 272 46
15 76 17
15 115 19
15 122 24
15 123 49
15 128 32
15 152 23
15 161 8
15 190 8
15 193 23
15 221 25
16 76 40
16 82 35
16 108 43
16 112 18
16 147 7
16 166 18
16 167 22
16 219 35
16 298 25
17 43 23
17 121 42
17 242 46
17 253 17
17 265 8
17 292 26
18 19 37
18 37 19
18 48 48
18 56 13
18 72 3
18 78 46
18 108 29
18 121 21
18 139 19
18 144 29
18 150 4
18 161 43
18 201 36
18 220 12
18 234 18
18 239 12
18 244 1
18 265 2
18 297 6
19 22 20
19 27 10
19 94 23
19 118 41
19 135 44
19 137 49
19 140 13
19 153 35
19 205 46
19 220 30
19 253 42
20 40 22
20 51 18
20 70 13
20 72 21
20 89 32
20 135 17
20 151 18
20 157 12
20 158 39
20 183 38
20 194 40
20 195 42
20 216 31
20 238 27
20 240 5
20 251 48
20 257 38
20 261 5
20 266 1
20 279 45
20 284 24
20 295 10
21 66 18
21 73 16
21 113 4
21 114 16
21 142 29
21 185 40
21 195 12
21 209 10
21 248 34
21 269 35
22 37 29
22 94 48
22 97 7
22 144 11
22 152 14
22 176 25
22 253 22
22 271 2
23 65 12
23 101 12
23 109 45
23 130 44
23 135 40
23 154 50
23 168 43
23 220 28
23 221 6
23 251 43
23 287 22
24 108 32
24 122 5
24 126 41
24 138 47
24 186 8
24 227 9
24 258 27
24 277 49
25 58 22
25 89 36
25 94 32
25 117 8
25 120 17
25 159 31
25 177 14
25 196 27
25 223 44
25 247 40
25 249 50
25 269 47
25 275 4
25 281 13
25 283 42
26 28 49
26 59 3
26 76 41
26 78 42
26 80 32
26 96 48
26 101 34
26 131 5
26 172 29
26 193 38
26 224 46
26 231 26
26 252 47
26 261 6
26 272 2
26 281 48
26 296 27
27 29 40
27 50 29
27 75 36
27 89 8
27 90 10
27 108 49
27 130 36
27 155 5
27 182 41
27 203 35
27 219 2
27 237 46
27 242 50
27 246 45
27 256 44
27 266 2
27 269 37
27 277 35
27 283 35
27 286 34
28 54 21
28 84 39
28 170 13
28 171 10
28 181 36
28 189 40
28 193 9
28 211 41
28 215 43
28 223 6
28 232 19
28 274 34
28 275 36
28 278 4
28 291 41
29 68 47
29 74 5
29 77 26
29 78 2
29 120 47
29 129 13
29 131 5
29 140 42
29 187 12
29 205 49
29 225 37
29 231 15
29 243 35
29 255 22
29 265 49
29 284 20
30 45 44
30 69 39
30 71 32
30 88 3
30 98 25
30 128 21
30 136 13
30 147 17
30 177 14
30 186 18
30 202 38
30 242 47
30 263 4
30 278 41
30 280 40
30 284 2
30 291 47
30 292 15
30 293 3
30 294 43
31 47 29
31 56 9
31 58 36
31 64 40
31 73 9
31 197 23
31 221 6
31 230 45
31 267 46
31 287 6
31 296 15
31 297 39
32 40 45
32 51 46
32 95 43
32 152 21
32 155 19
32 163 6
32 168 37
32 186 32
32 196 25
32 201 24
32 245 30
32 262 28
32 270 17
32 281 21
33 50 30
33 69 15
33 78 38
33 89 34
33 106 8
33 122 16
33 145 45
33 176 45
33 181 8
33 197 3
33 199 17
33 201 13
33 252 50
33 257 12
33 261 19
33 289 14
33 295 2
34 39 15
34 79 11
34 119 45
34 143 35
34 158 29
34 163 2
34 167 21
34 184 12
34 191 26
34 217 47
34 224 44
34 266 6
34 267 15
34 273 14
34 298 37
35 39 29
35 78 1
35 89 22
35 100 38
35 108 17
35 126 16
35 159 35
35 181 26
35 183 21
35 211 1
35 242 38
35 243 20
36 72 15
36 87 8
36 101 35
36 121 18
36 128 22
36 132 45
36 133 14
36 148 6
36 151 24
36 161 15
36 177 29
36 183 35
36 194 43
36 215 27
36 242 28
36 283 50
36 284 41
37 44 44
37 68 36
37 85 21
37 97 44
37 106 7
37 202 11
37 220 12
37 236 25
37 244 45
37 262 37
37 297 47
37 299 47
38 39 27
38 55 18
38 78 13
38 82 34
38 91 2
38 110 31
38 120 8
38 125 46
38 135 46
38 141 13
38 143 21
39 74 13
39 75 43
39 78 8
39 81 5
39 89 19
39 138 35
39 166 4
39 173 11
39 181 30
39 199 41
39 201 34
39 210 24
39 224 49
39 246 46
39 255 37
39 290 25
39 294 42
39 299 24
40 72 21
40 79 38
40 80 2
40 100 40
40 105 3
40 114 37
40 115 41
40 138 35
40 209 44
40 210 39
40 218 30
40 229 9
40 255 11
40 257 42
40 295 1
41 73 18
41 82 48
41 86 22
41 123 5
41 143 3
41 169 32
41 170 34
41 177 45
41 180 17
41 190 7
41 203 44
41 241 12
41 276 46
42 74 18
42 96 3
42 154 21
42 157 41
42 163 43
42 178 22
42 191 32
42 208 45
42 225 8
42 237 25
42 248 29
42 254 2
42 260 13
43 81 10
43 88 10
43 93 23
43 110 4
43 126 12
43 129 41
43 168 3
43 177 33
43 197 45
43 233 6
43 245 15
43 296 30
44 69 50
44 89 31
44 95 37
44 96 45
44 106 45
44 111 34
44 113 15
44 147 47
44 153 4
44 160 5
44 165 39
44 166 25
44 169 36
44 196 35
44 198 32
44 211 10
44 220 15
44 223 35
44 245 24
45 56 27
45 79 46
45 86 49
45 99 30
45 111 8
45 127 41
45 132 32
45 138 40
45 149 37
45 165 39
45 192 6
45 193 16
45 203 39
45 207 39
45 225 4
45 248 35
45 299 33
46 65 37
46 101 49
46 115 29
46 125 40
46 174 3
46 187 20
46 200 14
46 224 41
46 235 6
46 277 48
46 299 2
47 85 21
47 87 32
47 134 28
47 139 47
47 144 28
47 163 26
47 205 28
47 210 35
47 212 18
47 217 9
47 245 26
47 275 4
48 68 50
48 81 32
48 139 19
48 153 38
48 163 20
48 181 23
48 190 24
48 193 2
48 242 9
48 298 23
49 65 32
49 67 1
49 75 27
49 85 3
49 106 16
49 123 19
49 149 9
49 174 13
49 188 21
49 239 31
49 240 47
49 252 50
49 254 29
49 267 26
49 286 27
49 299 8
50 53 12
50 63 44
50 64 18
50 65 37
50 66 47
50 71 17
50 135 18
50 139 15
50 143 6
50 144 39
50 160 39
50 167 30
50 186 40
50 187 50
50 190 2
50 195 24
50 202 50
50 207 28
50 230 26
50 235 15
50 252 49
50 259 36
50 267 30
50 293 19
50 294 18
51 57 26
51 65 20
51 68 48
51 98 3
51 102 46
51 103 5
51 173 14
51 209 39
51 211 23
51 232 50
51 250 35
51 288 41
51 294 20
52 87 1
52 111 47
52 133 8
52 135 42
52 139 26
52 153 50
52 227 41
52 247 29
52 248 23
52 278 42
52 280 8
53 124 50
53 125 8
53 162 6
53 203 38
53 217 39
53 243 26
53 257 5
53 264 16
53 291 45
54 58 5
54 135 18
54 165 40
54 194 11
54 197 31
54 266 28
54 269 33
54 296 33
55 71 14
55 88 26
55 121 4
55 140 15
55 147 22
55 151 11
55 168 8
55 169 49
55 211 12
55 229 50
55 248 29
55 280 36
55 282 41
55 290 36
56 68 36
56 87 50
56 202 44
56 209 23
56 210 39
56 276 19
56 289 29
57 75 4
57 102 16
57 111 33
57 116 22
57 128 5
57 161 46
57 201 4
57 206 35
57 249 30
57 254 38
57 256 48
57 278 5
57 279 41
58 77 14
58 79 28
58 91 4
58 101 21
58 137 26
58 142 15
58 148 22
58 199 6
58 236 1
58 239 12
58 251 42
58 255 38
58 269 14
58 270 37
59 114 12
59 135 2
59 136 7
59 149 40
59 175 7
59 178 22
59 188 25
59 193 30
59 194 29
59 209 22
59 233 34
59 238 13
59 254 1
59 257 21
59 283 12
60 73 6
60 88 14
60 138 28
60 154 33
60 165 17
60 171 48
60 201 11
60 210 31
61 79 20
61 81 16
61 87 33
61 90 33
61 217 7
61 240 22
61 244 48
61 254 45
61 265 33
61 278 49
62 82 2
62 133 25
62 174 8
62 190 23
62 191 1
62 202 37
62 229 1
62 232 22
62 234 22
62 244 15
62 247 22
62 256 45
62 258 27
62 262 27
62 276 8
62 292 4
62 293 12
63 119 24
63 147 3
63 182 22
63 190 6
63 204 24
63 210 37
63 264 41
64 77 9
64 111 46
64 155 12
64 163 6
64 196 40
64 209 45
64 216 7
64 224 41
64 244 21
64 265 14
64 294 16
65 89 21
65 99 2
65 116 18
65 202 44
65 259 24
65 268 33
65 272 15
65 278 18
65 292 11
65 299 44
66 67 27
66 101 16
66 112 5
66 121 2
66 135 18
66 148 26
66 167 7
66 240 44
66 241 12
66 245 49
66 256 4
66 289 9
67 83 11
67 87 9
67 95 49
67 97 7
67 105 17
67 128 41
67 145 27
67 186 30
67 277 6
68 70 49
68 83 34
68 86 24
68 98 42
68 116 7
68 120 8
68 122 8
68 125 26
68 145 18
68 177 1
68 183 4
68 184 35
68 219 5
68 222 5
68 232 4
68 249 32
68 256 11
68 259 47
68 263 46
68 268 10
68 295 50
69 74 4
69 94 22
69 100 11
69 106 2
69 143 28
69 147 27
69 162 45
69 194 6
69 205 9
69 218 50
69 231 6
69 290 42
70 93 25
70 112 49
70 138 50
70 198 34
70 218 6
70 246 27
70 261 3
70 270 7
70 288 30
71 102 37
71 118 13
71 121 34
71 138 41
71 144 45
71 175 46
71 194 39
71 230 40
71 256 5
71 260 41
71 270 43
71 292 28
72 76 3
72 90 47
72 98 7
72 191 31
72 209 41
72 277 14
72 290 39
73 88 42
73 121 19
73 136 32
73 139 19
73 140 19
73 151 33
73 164 4
73 217 25
73 258 9
73 270 7
73 281 33
73 284 40
73 285 45
74 79 45
74 92 23
74 110 35
74 118 41
74 136 19
74 154 26
74 173 30
74 181 25
74 210 16
74 236 25
74 242 5
74 254 18
75 82 23
75 91 11
75 130 48
75 182 15
75 211 25
75 215 39
75 243 8
75 244 45
75 249 22
75 251 28
76 79 14
76 113 5
76 160 32
76 163 40
76 204 15
76 212 38
76 216 22
76 221 5
76 232 32
76 249 16
76 253 27
76 267 19
76 293 7
76 299 47
77 78 44
77 99 38
77 136 24
77 160 11
77 161 14
77 167 28
77 177 30
77 226 38
77 243 38
77 260 27
78 102 4
78 107 14
78 130 17
78 133 12
78 153 9
78 185 39
78 193 39
78 216 24
78 237 45
78 238 20
78 245 13
78 265 9
78 274 9
78 298 34
79 86 13
79 102 43
79 106 1
79 109 42
79 148 11
79 193 9
79 205 40
79 213 6
79 231 49
79 235 13
79 247 16
79 289 14
80 99 40
80 193 47
80 220 4
80 222 30
80 223 25
80 229 7
80 263 43
80 268 42
80 279 20
81 86 3
81 106 32
81 110 9
81 124 28
81 154 26
81 219 30
81 249 40
81 252 36
81 270 41
81 276 25
82 88 1
82 122 33
82 126 28
82 137 42
82 177 45
82 202 36
82 209 33
82 269 2
82 299 36
83 97 46
83 106 19
83 112 50
83 122 37
83 142 15
83 211 3
83 217 16
83 233 39
83 257 9
83 266 11
83 287 30
83 293 31
83 295 15
84 125 13
84 135 39
84 140 43
84 156 38
84 173 20
84 176 32
84 202 26
84 216 10
84 221 9
84 233 26
84 254 44
84 266 36
84 283 19
84 289 38
85 86 23
85 92 1
85 137 39
85 170 9
85 184 48
85 208 7
85 215 8
85 224 35
85 229 21
85 280 12
85 282 2
85 285 12
85 294 22
86 110 12
86 170 41
86 242 2
86 270 27
86 282 4
86 283 42
86 291 19
87 125 43
87 148 12
87 199 2
87 246 18
87 250 23
87 270 10
88 102 45
88 118 17
88 124 47
88 127 13
88 138 6
88 154 20
88 191 16
88 245 47
88 266 28
89 94 13
89 111 3
89 126 37
89 144 47
89 145 26
89 158 48
89 178 49
89 240 37
89 246 19
89 273 10
89 277 29
90 121 23
90 132 38
90 140 34
90 171 14
90 182 6
90 206 29
90 263 25
90 267 10
90 279 48
90 297 50
91 100 19
91 103 43
91 132 16
91 138 18
91 142 7
91 155 23
91 193 37
91 214 22
91 219 19
91 220 14
91 262 35
91 289 22
92 119 50
92 140 33
92 143 49
92 163 49
92 167 31
92 186 37
92 264 19
92 273 43
92 282 17
92 288 41
93 112 32
93 123 1
93 124 5
93 187 38
93 214 31
93 215 31
93 220 49
93 246 28
93 250 30
93 254 19
93 288 22
93 289 47
94 99 36
94 132 29
94 139 20
94 152 22
94 199 2
94 214 38
94 250 37
94 260 38
95 128 11
95 135 38
95 157 21
95 163 9
95 185 36
95 187 3
95 199 47
95 201 5
95 205 47
95 243 14
95 283 45
96 129 29
96 138 14
96 165 1
96 180 18
96 207 46
96 220 32
96 222 16
96 231 23
96 251 11
96 256 34
96 258 45
96 275 8
96 287 22
97 105 25
97 119 27
97 129 43
97 138 26
97 156 16
97 160 32
97 185 14
97 210 27
97 266 19
98 100 36
98 104 37
98 115 7
98 150 38
98 171 34
98 178 13
98 237 37
98 253 47
98 257 9
98 261 15
99 110 12
99 127 10
99 131 32
99 149 7
99 163 41
99 182 49
99 184 31
99 194 3
99 215 34
99 216 25
99 227 12
99 270 5
99 274 1
100 102 38
100 117 50
100 162 29
100 170 6
100 177 31
100 248 44
100 264 32
101 121 1
101 128 29
101 135 18
101 137 9
101 178 18
101 230 1
101 254 21
101 256 4
101 270 49
101 297 32
102 127 20
102 142 12
102 149 41
102 162 3
102 242 18
102 246 33
102 256 3
102 273 1
102 279 37
102 298 37
103 126 25
103 130 49
103 145 41
103 165 28
103 167 38
103 168 42
103 208 6
103 214 43
103 237 22
103 253 49
103 266 24
103 267 25
103 287 29
104 133 44
104 144 35
104 149 46
104 203 44
104 243 8
104 245 2
104 247 45
104 257 39
104 267 21
105 130 6
105 134 31
105 149 26
105 159 26
105 212 13
105 248 28
105 270 26
105 291 49
106 109 14
106 183 2
106 212 49
106 222 7
106 223 29
106 224 37
106 229 48
106 250 36
106 259 29
106 290 22
106 292 34
107 155 3
107 184 48
107 206 12
107 212 46
107 274 32
108 136 10
108 146 41
108 174 39
108 198 11
108 256 37
109 110 27
109 114 33
109 124 45
109 145 9
109 185 10
109 203 22
109 220 21
109 229 38
109 232 47
109 233 22
109 235 3
109 249 50
109 257 20
110 147 11
110 206 31
110 234 6
110 245 9
110 259 16
110 263 37
110 273 32
110 282 50
111 145 39
111 161 29
111 188 13
111 199 36
111 219 12
111 221 22
111 259 28
111 262 1
111 285 34
112 119 17
112 155 29
112 169 19
112 174 11
112 230 38
112 238 28
112 255 32
112 278 10
112 281 17
113 132 30
113 157 33
113 173 20
113 196 29
113 211 3
113 251 30
113 266 9
113 288 10
113 289 40
114 123 27
114 140 46
114 141 21
114 155 26
114 179 36
114 231 1
114 237 40
114 265 23
114 292 15
114 298 14
115 122 1
115 124 17
115 125 47
115 180 17
115 197 47
115 198 15
115 205 29
115 266 34
115 269 45
115 280 10
115 282 46
115 284 11
115 296 39
115 297 28
116 147 30
116 148 19
116 151 32
116 160 12
116 162 28
116 180 44
116 217 1
116 224 4
116 248 39
116 265 24
116 268 31
116 277 27
116 279 26
116 283 22
117 123 49
117 133 40
117 147 35
117 205 1
117 225 8
117 246 34
117 270 19
117 275 5
117 297 50
118 126 47
118 182 38
118 206 44
118 252 6
119 151 35
119 154 5
119 167 46
119 171 13
119 185 36
119 206 15
119 226 46
119 231 49
119 246 44
119 257 39
119 281 50
119 296 49
120 203 30
120 210 25
120 261 31
120 284 6
120 294 50
121 130 2
121 132 6
121 146 42
121 205 39
121 216 7
121 226 49
121 261 22
121 263 25
121 294 3
121 297 23
122 126 22
122 152 43
122 166 17
122 218 29
122 281 27
122 291 23
123 124 25
123 127 41
123 159 10
123 165 41
123 170 39
123 172 9
123 173 34
123 186 27
123 192 10
123 226 34
123 233 8
123 247 34
123 255 14
123 260 15
123 267 35
124 153 17
124 214 21
124 220 28
124 230 5
124 235 29
124 252 29
124 266 28
124 272 3
124 276 33
124 290 1
125 134 26
125 142 25
125 147 17
125 165 7
125 230 4
125 243 41
125 251 33
125 269 46
125 277 50
126 152 23
126 170 34
126 174 10
126 179 8
126 248 13
126 261 19
126 277 41
126 286 22
126 287 4
126 293 6
126 297 37
127 135 39
127 144 22
127 170 7
127 188 18
127 203 29
127 236 37
127 255 46
127 275 6
128 145 39
128 146 29
128 167 6
128 210 17
128 231 5
128 249 24
128 267 23
128 288 8
129 162 16
129 177 5
129 185 6
129 194 16
129 220 29
129 227 39
129 229 25
129 248 38
129 260 3
129 261 46
129 281 28
129 290 25
129 297 49
130 135 35
130 138 11
130 186 37
130 195 6
130 205 19
130 214 7
130 216 34
130 219 5
130 228 2
130 245 40
130 248 45
130 251 30
130 286 47
131 138 13
131 148 35
131 160 23
131 201 35
131 295 44
132 147 38
132 148 41
132 172 49
132 194 3
132 195 21
132 206 40
132 216 30
132 220 8
132 241 42
132 244 27
132 247 37
132 285 18
132 292 25
133 191 21
133 219 30
133 244 14
133 248 27
133 277 50
133 283 20
133 287 10
134 149 6
134 164 21
134 168 1
134 182 1
134 186 3
134 208 50
134 243 15
134 247 39
134 257 22
134 282 50
135 189 34
135 190 9
135 209 42
135 275 33
135 277 14
136 140 13
136 147 24
136 163 45
136 232 22
136 241 15
136 265 21
136 269 9
136 287 35
137 145 47
137 175 29
137 187 14
137 246 10
137 251 5
137 262 14
137 289 31
137 298 17
138 156 19
138 160 4
138 161 19
138 220 21
138 231 6
138 267 18
138 273 36
138 276 46
138 278 41
138 281 37
138 290 29
139 169 50
139 177 30
139 189 13
139 194 15
139 214 44
139 235 36
139 275 9
139 280 16
140 168 3
140 196 31
140 204 24
140 225 37
140 259 27
140 262 2
141 164 50
141 170 37
141 219 9
141 232 15
141 237 19
141 282 27
141 284 36
141 290 22
141 298 47
142 143 6
142 198 27
142 216 17
142 229 43
142 245 24
142 261 7
142 277 29
142 286 3
143 156 8
143 174 9
143 180 15
143 221 22
143 223 4
143 224 3
143 226 32
143 233 19
143 249 5
143 284 12
143 299 44
144 159 41
144 179 41
144 225 48
144 249 42
144 251 29
144 258 6
144 274 7
144 275 47
145 146 34
145 156 42
145 182 19
145 201 30
145 233 49
145 243 47
145 260 46
145 272 42
145 292 21
146 180 3
146 223 22
146 238 25
146 265 12
146 270 30
146 278 41
146 291 34
147 187 34
147 195 43
147 247 17
147 282 4
148 155 47
148 156 29
148 177 48
148 207 39
148 213 19
148 218 45
148 248 31
148 252 47
148 265 2
148 277 39
148 278 43
148 286 35
148 299 32
149 225 13
149 259 16
150 155 32
150 157 10
150 181 12
150 232 23
150 270 30
150 290 16
150 298 45
151 164 4
151 197 27
151 252 26
151 261 44
151 265 12
151 276 11
151 278 39
152 164 29
152 166 15
152 177 35
152 181 7
152 200 14
152 210 24
152 214 27
152 236 8
152 273 6
153 157 25
153 168 11
153 219 46
153 242 19
153 255 45
153 274 29
154 170 32
154 183 10
154 191 10
154 208 41
154 214 23
154 280 35
154 297 22
155 157 38
155 198 29
155 202 25
155 261 17
155 284 6
155 288 20
156 183 28
156 206 17
156 238 8
156 281 6
156 298 33
157 160 45
157 175 14
157 186 46
157 188 20
157 190 40
157 267 5
157 270 27
158 169 14
158 183 15
158 294 22
159 171 35
159 174 11
159 196 2
159 207 16
159 242 22
159 279 11
159 287 6
159 288 45
160 182 45
160 192 27
160 206 34
160 223 25
161 168 3
161 175 50
161 194 31
161 214 24
161 227 28
161 246 47
161 248 34
162 196 33
162 236 29
162 298 28
163 214 49
163 225 26
163 242 47
163 245 38
163 247 30
163 250 23
163 251 4
163 259 44
164 189 46
164 194 38
164 212 4
164 216 47
164 227 3
164 246 27
164 253 9
165 168 10
165 236 21
165 286 6
165 290 38
166 177 5
166 185 30
166 245 42
166 263 6
166 266 10
167 168 15
167 172 33
167 205 8
167 208 48
167 220 18
167 229 38
167 247 25
167 272 16
167 278 13
168 245 23
168 276 5
168 280 44
168 285 47
168 297 8
168 298 39
169 172 44
169 200 47
169 209 42
169 230 42
169 259 49
169 269 21
169 278 3
169 279 10
170 174 41
170 182 8
170 196 47
170 203 47
170 208 37
170 216 38
170 248 3
170 264 49
170 289 5
170 296 37
171 200 8
171 226 4
171 229 4
171 235 46
171 236 31
172 189 21
172 199 10
172 215 3
172 265 26
172 267 4
172 275 2
173 230 35
173 236 42
173 287 45
174 291 32
175 197 36
175 199 39
175 218 32
175 230 6
175 244 41
175 269 42
175 281 48
176 181 48
176 205 40
176 249 45
176 258 36
176 263 30
177 186 49
177 234 34
177 281 36
177 285 35
177 290 44
178 183 39
178 184 41
178 198 39
178 215 19
178 226 13
178 256 50
178 260 22
178 269 38
178 298 5
179 193 25
179 222 25
179 239 49
179 240 19
179 251 8
179 259 34
179 267 9
179 293 39
180 189 41
180 221 49
180 251 32
180 269 40
181 251 46
181 262 24
182 184 34
182 194 32
182 225 3
182 244 32
182 245 17
182 254 38
182 261 19
182 272 12
182 292 26
183 187 9
183 197 2
183 238 47
183 245 21
183 248 2
183 250 18
183 257 11
183 269 6
183 274 44
183 281 37
183 297 4
184 195 14
184 234 44
184 241 39
184 268 23
184 276 32
185 191 31
186 229 21
186 266 16
186 268 21
186 279 19
186 297 39
187 228 6
187 254 2
187 271 41
187 278 40
187 281 20
187 293 30
188 213 8
188 217 32
188 231 7
189 193 18
189 198 33
189 214 3
189 236 40
189 248 34
189 279 22
190 194 50
190 197 42
190 209 15
190 247 38
190 278 47
190 294 29
191 225 31
191 234 38
191 260 1
191 263 15
191 264 18
191 270 21
191 274 30
192 231 40
192 256 41
192 259 18
192 285 46
192 291 42
193 212 10
193 226 35
193 254 12
193 255 39
193 265 42
193 279 43
194 207 47
194 242 11
194 251 25
194 260 50
194 269 50
194 274 11
195 197 21
195 212 2
195 214 4
195 215 38
195 221 39
195 252 2
195 273 16
195 279 20
195 284 39
195 290 18
196 213 34
196 256 9
196 259 40
197 224 13
197 227 48
197 234 31
197 239 32
197 240 45
197 277 22
198 200 41
198 216 29
198 229 33
198 249 29
198 273 22
198 293 27
199 209 25
199 211 32
199 236 4
199 239 26
199 261 34
199 280 14
199 287 49
199 296 35
200 206 19
200 254 36
201 225 23
201 266 20
201 294 1
202 249 44
203 207 11
203 241 18
203 247 27
203 280 19
203 299 7
204 243 41
204 247 18
204 256 37
204 266 22
204 295 13
205 236 11
205 239 12
205 242 43
205 244 45
205 257 42
205 263 15
205 275 22
206 235 19
206 254 48
206 281 25
206 288 44
207 216 31
207 258 40
207 274 42
207 291 17
208 209 8
208 246 27
208 250 40
209 250 29
209 263 29
209 268 33
209 276 39
210 223 48
210 225 12
210 249 7
210 255 5
210 277 2
210 288 27
211 226 43
211 237 24
211 242 39
211 249 5
211 263 37
211 281 31
212 217 50
212 247 29
212 257 47
212 260 23
212 288 47
212 292 47
213 245 47
213 265 42
213 291 29
214 228 38
214 275 36
214 277 46
215 251 47
215 253 12
215 259 37
215 277 25
215 298 43
216 220 21
216 245 14
216 292 40
217 230 32
217 292 20
217 296 46
218 239 36
218 275 46
218 277 41
218 285 11
218 286 36
218 287 47
219 262 47
220 225 19
220 236 46
220 240 25
220 261 17
220 268 18
220 270 23
220 277 13
220 296 16
221 227 17
221 261 44
221 279 5
221 289 2
222 230 39
222 246 1
222 249 15
223 235 27
223 242 26
223 244 7
223 257 47
223 267 39
223 274 49
223 276 31
223 280 10
223 288 44
224 239 18
224 278 6
225 293 36
226 239 28
226 260 43
226 262 33
226 265 24
226 276 11
226 289 30
226 295 1
227 243 28
227 245 50
227 268 23
228 230 42
228 239 15
228 245 39
228 251 35
229 262 22
229 267 42
229 292 25
230 284 22
230 287 7
231 259 1
231 263 47
231 278 13
231 280 50
232 263 35
232 278 11
232 289 32
232 297 47
232 299 7
233 289 49
233 291 4
234 249 44
234 252 26
234 261 46
234 291 26
234 297 1
235 238 7
235 256 8
235 295 1
236 237 36
236 253 7
236 292 26
237 262 27
237 276 23
237 281 16
237 282 12
238 246 44
238 247 8
238 258 38
239 289 16
239 299 14
240 275 39
240 277 14
241 270 26
241 283 38
242 269 1
242 271 39
242 295 21
243 245 47
243 247 47
243 252 19
243 284 50
244 251 40
244 293 46
245 256 45
245 275 18
245 289 46
246 251 3
247 254 25
247 261 47
247 278 38
247 293 31
248 252 22
248 265 17
248 266 5
249 257 37
249 280 30
250 267 49
250 287 46
250 295 17
251 270 14
251 279 9
251 296 7
253 269 27
254 274 37
254 296 46
255 275 27
255 287 27
255 288 16
255 289 25
256 260 23
258 270 34
258 289 24
258 295 14
259 298 29
260 281 19
260 284 33
261 270 25
261 292 23
263 285 9
263 295 23
265 299 13
266 282 39
266 283 44
267 294 31
268 277 44
268 284 32
268 285 10
268 291 44
269 286 30
269 291 28
270 271 7
272 297 38
273 275 35
277 292 35
277 297 24
278 291 30
278 295 14
279 287 2
279 293 48
286 292 38
286 296 24
287 294 31
287 295 14
290 294 40
294 295 12
300 317 3
300 332 5
300 377 10
300 394 6
300 422 2
300 440 5
300 450 6
300 460 6
300 469 2
300 491 7
300 512 10
300 577 3
300 587 10
301 326 5
301 342 8
301 343 8
301 356 5
301 359 6
301 371 6
301 387 7
301 401 8
301 405 1
301 412 6
301 457 9
301 461 2
301 487 1
301 511 5
301 522 4
301 523 9
302 309 4
302 329 5
302 344 3
302 365 8
302 366 7
302 429 8
302 433 1
302 438 1
302 470 5
302 489 7
302 491 4
302 537 1
302 543 8
302 564 6
302 575 10
302 591 2
303 312 6
303 326 10
303 340 9
303 348 3
303 359 7
303 368 7
303 383 2
303 433 7
303 468 4
303 478 1
303 496 10
303 531 4
303 559 7
304 317 6
304 347 4
304 360 1
304 440 10
304 446 6
304 459 10
304 514 8
304 551 5
304 567 1
305 324 8
305 336 9
305 358 9
305 450 3
305 469 9
305 493 6
305 494 1
305 500 1
305 508 9
305 527 8
305 559 2
305 565 9
305 570 10
305 571 8
305 581 5
305 586 1
305 593 7
306 307 8
306 323 3
306 393 6
306 399 3
306 493 10
306 506 1
306 540 6
306 541 10
306 543 3
306 549 3
306 558 9
306 564 10
306 569 7
306 572 1
306 588 10
307 341 7
307 354 9
307 365 4
307 376 8
307 386 6
307 422 4
307 435 10
307 465 5
307 486 1
307 489 1
307 491 3
307 493 2
307 503 10
307 507 10
307 525 5
307 575 6
307 581 7
307 583 7
308 322 4
308 349 2
308 392 8
308 408 4
308 418 9
308 422 9
308 437 8
308 440 2
308 454 8
308 477 8
309 341 10
309 359 10
309 365 9
309 375 9
309 385 9
309 459 2
309 461 6
309 474 4
309 478 6
309 555 5
309 598 10
310 377 8
310 419 5
310 432 5
310 450 10
310 462 6
310 476 4
310 484 4
310 493 2
310 504 2
310 522 2
310 529 7
310 565 3
311 328 10
311 330 10
311 343 4
311 401 8
311 422 10
311 428 5
311 444 7
311 453 7
311 497 6
311 500 7
311 507 7
311 509 4
311 538 7
311 544 8
312 347 9
312 358 2
312 361 5
312 362 5
312 412 2
312 420 3
312 458 1
312 499 8
312 509 4
312 560 7
312 572 3
313 339 7
313 357 10
313 360 6
313 362 10
313 384 6
313 399 9
313 423 9
313 424 7
313 463 2
313 472 9
313 491 6
313 528 8
313 561 7
313 585 4
314 339 5
314 341 5
314 343 10
314 365 9
314 385 1
314 414 10
314 419 9
314 445 3
314 450 4
314 451 4
314 472 6
314 531 8
314 536 6
314 537 5
314 543 1
314 558 4
315 329 7
315 346 7
315 391 3
315 407 2
315 422 9
315 450 10
315 453 2
315 491 7
315 525 7
315 529 5
315 599 7
316 325 4
316 334 4
316 358 4
316 364 8
316 377 9
316 380 8
316 385 9
316 409 7
316 428 1
316 460 8
316 482 7
316 485 5
316 501 4
316 519 2
316 579 10
316 582 1
316 599 8
317 320 6
317 327 2
317 337 1
317 361 2
317 366 10
317 384 6
317 392 5
317 403 8
317 407 5
317 419 9
317 458 7
317 474 3
317 517 3
317 548 5
317 556 7
317 591 7
317 596 8
318 351 6
318 383 7
318 394 8
318 401 6
318 426 5
318 429 8
318 448 6
318 463 1
318 467 2
318 477 9
318 489 5
318 498 3
318 505 1
318 525 2
318 531 8
318 552 2
318 556 4
318 574 1
318 583 4
318 591 1
319 323 5
319 324 1
319 365 6
319 370 3
319 382 9
319 426 10
319 429 8
319 464 4
319 466 6
319 482 6
319 514 3
319 533 3
319 554 2
319 588 10
319 593 1
320 370 6
320 375 9
320 407 6
320 459 8
320 493 2
320 507 6
320 511 2
320 552 6
320 579 6
321 363 5
321 366 3
321 380 10
321 385 1
321 441 5
321 461 3
321 502 1
321 522 2
321 524 5
321 530 8
321 552 6
321 560 6
321 566 8
321 574 3
321 580 9
321 591 5
321 598 10
322 340 3
322 344 10
322 347 3
322 373 5
322 379 10
322 421 10
322 442 3
322 471 7
322 476 8
322 513 7
322 544 2
322 556 1
322 580 2
323 338 9
323 362 8
323 388 7
323 416 8
323 435 8
323 443 1
323 482 2
323 483 10
323 489 2
323 511 7
323 522 10
323 543 10
323 574 2
323 579 7
323 583 4
323 596 2
324 328 3
324 343 4
324 366 4
324 374 2
324 388 6
324 392 8
324 418 3
324 441 6
324 445 3
324 466 9
324 483 5
324 554 9
324 579 2
324 582 7
325 334 10
325 367 3
325 388 4
325 398 6
325 424 10
325 428 3
325 520 9
325 531 2
325 568 3
325 597 2
326 351 10
326 364 2
326 375 1
326 409 1
326 429 10
326 476 5
326 498 4
326 502 2
326 506 10
326 545 7
326 561 6
326 562 5
326 565 7
327 335 8
327 361 2
327 378 9
327 394 9
327 398 8
327 442 7
327 460 2
327 461 5
327 477 8
327 482 4
327 516 8
327 520 6
327 525 6
327 529 1
327 563 4
327 579 9
328 451 5
328 452 5
328 467 8
328 488 8
328 508 8
328 532 10
328 550 7
329 343 2
329 349 3
329 352 8
329 356 3
329 358 1
329 386 5
329 412 9
329 435 7
329 443 5
329 504 1
329 529 7
329 540 5
329 549 10
329 589 3
329 592 6
330 393 4
330 395 3
330 451 2
330 466 2
330 489 8
330 528 9
330 537 4
330 542 1
330 567 7
330 577 8
330 581 7
330 586 6
330 598 5
331 354 4
331 369 5
331 396 3
331 408 7
331 438 9
331 443 2
331 444 9
331 457 1
331 462 7
331 478 10
331 480 10
331 517 1
331 523 10
331 586 6
331 590 5
331 595 9
332 352 1
332 374 2
332 424 5
332 428 3
332 432 5
332 553 8
332 567 2
332 578 3
332 590 1
333 336 2
333 351 9
333 354 10
333 360 10
333 399 4
333 401 6
333 406 6
333 408 10
333 433 8
333 446 4
333 468 10
333 469 9
333 470 5
333 545 1
333 577 7
333 594 4
334 355 10
334 363 9
334 385 5
334 388 7
334 446 5
334 484 3
334 493 7
334 504 7
334 506 9
334 549 9
334 599 1
335 360 6
335 374 10
335 387 6
335 439 6
335 491 3
335 497 4
335 506 7
335 520 5
335 528 10
335 551 2
335 572 10
335 579 1
335 593 9
335 597 3
336 362 1
336 378 10
336 417 9
336 479 3
336 485 6
336 495 2
336 500 4
336 537 5
336 568 6
336 569 10
336 570 9
336 587 1
336 597 7
337 352 7
337 384 9
337 392 7
337 405 10
337 429 5
337 493 9
337 500 5
337 512 2
337 522 3
337 566 10
337 571 9
337 573 7
337 588 9
338 339 10
338 340 8
338 364 2
338 415 1
338 417 3
338 463 4
338 488 2
338 599 1
339 377 6
339 383 9
339 401 3
339 413 1
339 429 5
339 448 10
339 454 10
339 464 4
339 506 10
339 507 8
339 519 2
339 537 9
339 543 7
339 545 1
339 550 5
339 551 5
339 561 7
340 361 6
340 366 9
340 380 7
340 403 6
340 433 8
340 444 7
340 457 6
340 509 5
340 514 8
340 523 8
340 524 9
340 543 1
340 577 9
341 357 10
341 360 8
341 378 9
341 390 4
341 404 8
341 440 4
341 445 3
341 466 10
341 490 9
341 508 5
341 525 7
341 532 10
341 558 5
341 588 5
342 393 3
342 399 9
342 433 1
342 438 1
342 448 6
342 466 10
342 475 7
342 487 2
342 502 7
342 513 6
342 519 9
342 520 3
342 527 5
342 537 6
342 556 2
342 559 6
342 564 6
342 586 3
343 356 5
343 371 4
343 376 6
343 392 3
343 394 7
343 404 10
343 458 2
343 501 5
343 502 4
343 503 10
343 558 7
344 362 10
344 390 5
344 401 1
344 409 8
344 443 7
344 481 1
344 485 6
344 513 6
344 572 10
344 592 7
345 365 4
345 374 5
345 399 5
345 411 7
345 420 9
345 428 2
345 441 8
345 447 6
345 456 7
345 458 10
345 464 1
345 468 2
345 472 7
345 494 5
345 495 1
345 515 8
345 538 8
345 540 7
345 552 4
345 557 7
345 597 3
346 356 3
346 413 3
346 414 3
346 431 3
346 451 10
346 456 4
346 466 8
346 476 7
346 496 3
346 499 4
346 511 1
346 522 9
346 555 10
346 570 7
346 571 7
346 572 1
347 432 6
347 441 3
347 447 9
347 469 7
347 474 5
347 493 2
347 510 5
347 524 9
348 382 2
348 389 2
348 396 6
348 408 9
348 413 7
348 425 4
348 441 1
348 472 10
348 479 7
348 490 6
348 497 4
348 507 8
348 523 1
348 527 1
348 560 6
348 568 5
348 569 6
348 595 6
349 381 3
349 440 5
349 449 4
349 461 9
349 483 7
349 492 1
349 497 3
349 502 7
349 511 9
349 543 7
349 549 8
349 555 3
349 567 7
350 352 10
350 360 7
350 367 2
350 382 8
350 396 3
350 397 8
350 439 10
350 528 4
350 582 6
351 352 5
351 378 7
351 392 3
351 455 7
351 456 7
351 483 8
351 498 1
351 513 4
351 536 6
351 540 3
351 549 8
351 567 1
351 583 4
352 417 6
352 435 2
352 444 6
352 490 2
352 517 10
352 524 5
352 527 10
352 580 5
352 588 3
353 418 9
353 431 1
353 432 5
353 465 8
353 486 3
353 523 2
353 545 9
353 576 9
353 577 9
353 595 6
354 362 5
354 377 1
354 403 2
354 458 4
354 462 10
354 478 3
354 482 7
354 515 7
354 519 5
354 572 7
354 579 8
355 418 8
355 424 2
355 438 1
355 449 6
355 474 6
355 481 10
355 499 2
355 516 5
355 552 4
355 576 4
355 587 5
355 589 6
356 360 10
356 402 4
356 406 1
356 419 3
356 428 2
356 429 9
356 443 1
356 460 7
356 540 3
356 549 3
356 586 9
357 360 6
357 384 5
357 394 3
357 405 5
357 434 1
357 451 7
357 453 1
357 467 10
357 475 7
357 479 4
357 506 10
357 509 4
357 534 9
358 429 2
358 450 7
358 490 5
358 501 7
358 523 2
358 544 1
358 593 3
358 597 4
359 365 4
359 369 5
359 372 6
359 410 8
359 434 3
359 451 9
359 471 6
359 507 7
359 509 3
359 540 6
359 548 5
359 560 9
359 566 8
359 582 9
359 594 10
360 369 7
360 401 9
360 420 1
360 471 5
360 474 2
360 505 3
360 512 8
360 553 3
360 590 4
360 597 4
361 364 7
361 381 2
361 432 7
361 454 8
361 483 6
361 489 10
361 490 3
361 545 10
361 546 8
361 562 2
361 564 4
362 367 6
362 393 8
362 397 1
362 445 10
362 458 3
362 483 5
362 499 9
362 515 1
362 527 3
362 528 10
362 542 9
362 555 3
362 573 10
362 580 3
363 375 4
363 398 4
363 406 10
363 408 8
363 411 9
363 414 5
363 426 5
363 492 1
363 493 1
363 514 4
363 518 6
364 371 1
364 376 6
364 391 8
364 407 8
364 430 8
364 431 1
364 486 5
364 489 7
364 490 1
364 500 6
364 507 9
364 555 5
364 570 4
364 573 1
365 371 9
365 380 5
365 383 9
365 428 1
365 448 7
365 458 1
365 490 7
365 495 10
365 497 2
365 507 4
365 537 9
365 546 8
365 552 8
365 555 9
365 556 9
365 595 3
366 397 6
366 438 1
366 547 1
366 549 3
366 567 10
366 578 10
366 597 4
367 409 6
367 410 6
367 454 6
367 517 1
367 546 4
367 563 1
367 575 7
367 580 7
367 587 1
367 590 1
368 372 5
368 416 2
368 431 7
368 433 8
368 514 10
368 524 9
368 533 1
368 548 3
368 556 7
368 558 9
368 572 3
368 582 7
369 370 9
369 375 5
369 413 4
369 420 9
369 433 7
369 447 7
369 454 10
369 455 6
369 464 2
369 502 5
369 504 1
369 506 7
369 558 7
369 578 7
370 391 9
370 394 5
370 413 5
370 427 10
370 439 6
370 442 9
370 459 3
370 464 4
370 465 8
370 476 2
370 483 4
370 506 9
370 509 6
370 513 10
370 550 7
370 568 10
371 419 8
371 428 5
371 465 5
371 480 2
371 488 5
371 494 3
371 516 10
371 531 6
371 548 9
371 565 1
371 568 2
372 410 1
372 423 9
372 427 8
372 491 7
372 498 8
372 545 3
372 572 1
372 590 9
373 377 10
373 423 2
373 433 3
373 454 5
373 474 1
373 476 6
373 489 9
373 511 9
373 520 1
373 539 8
373 555 7
373 564 3
373 570 8
374 405 3
374 408 9
374 409 1
374 411 7
374 429 1
374 434 10
374 435 4
374 468 9
374 471 2
374 488 5
374 491 10
374 502 10
374 527 3
374 550 8
374 553 9
374 599 7
375 386 9
375 439 9
375 454 6
375 504 2
375 598 1
376 417 10
376 426 2
376 484 8
376 513 10
376 519 3
376 563 9
376 596 10
377 406 9
377 427 3
377 488 7
377 496 4
377 506 1
377 513 7
377 530 2
377 531 1
377 543 6
378 399 6
378 427 10
378 485 7
378 501 10
378 504 1
378 519 8
378 542 4
378 548 8
378 568 7
379 441 10
379 461 8
379 473 5
379 514 7
379 536 9
379 548 8
379 550 9
379 551 3
379 596 5
380 408 8
380 414 7
380 420 5
380 459 7
380 501 7
380 534 7
380 550 5
380 563 10
381 394 7
381 402 1
381 454 2
381 456 8
381 459 8
381 465 9
381 471 7
381 529 6
381 533 8
381 543 9
381 573 4
381 574 4
381 588 6
382 388 2
382 428 3
382 437 4
382 452 6
382 468 2
382 469 4
382 472 3
382 509 2
382 523 8
382 534 8
382 561 1
382 591 4
383 410 2
383 441 10
383 452 1
383 463 9
383 502 4
383 511 2
383 522 7
383 549 7
383 559 5
384 398 4
384 448 6
384 480 3
384 511 2
384 531 2
384 549 1
384 566 10
385 388 7
385 420 4
385 432 8
385 442 8
385 444 8
385 460 3
385 473 5
385 495 1
385 514 6
385 520 8
385 523 4
386 420 6
386 484 7
386 491 5
386 500 1
386 523 10
386 540 4
386 546 3
386 554 10
386 558 9
386 560 5
387 390 7
387 449 5
387 458 9
387 466 10
387 470 1
387 473 2
387 482 4
387 490 4
387 515 4
387 522 5
387 578 10
388 402 9
388 414 2
388 430 7
388 448 8
388 450 4
388 458 3
388 516 1
388 519 2
388 525 10
388 573 4
389 402 7
389 414 8
389 415 8
389 416 7
389 421 8
389 428 3
389 482 10
389 524 9
389 539 2
389 556 4
389 595 5
390 412 6
390 423 4
390 444 7
390 477 8
390 482 7
390 489 2
390 516 1
390 525 2
390 547 6
390 548 10
390 557 10
391 396 8
391 404 8
391 420 10
391 458 1
391 492 1
391 507 10
391 516 4
391 531 2
391 540 5
391 550 10
392 419 2
392 473 3
392 510 7
392 514 9
392 516 5
392 568 8
392 591 9
392 593 8
393 396 3
393 407 4
393 414 4
393 415 6
393 427 2
393 434 3
393 442 5
393 552 3
393 562 4
394 396 6
394 427 10
394 442 5
394 463 8
394 485 7
394 487 5
394 514 9
394 534 10
394 536 5
394 571 10
394 584 3
395 404 8
395 423 4
395 438 5
395 442 9
395 449 6
395 457 3
395 526 9
395 539 3
395 566 10
395 587 8
396 402 10
396 408 2
396 415 3
396 430 5
396 432 9
396 446 4
396 491 8
396 494 5
396 524 8
396 539 3
396 545 1
396 548 7
396 564 7
396 587 10
397 408 6
397 463 1
397 472 8
397 484 7
397 492 7
397 501 9
397 511 9
397 518 7
397 524 2
397 533 3
397 557 5
397 585 10
397 592 5
398 413 6
398 423 4
398 447 6
398 480 3
398 508 3
398 556 9
398 563 7
398 572 10
398 584 10
398 594 2
398 598 9
399 437 4
399 451 9
399 457 1
399 527 6
399 539 7
399 551 9
399 555 5
399 557 4
399 560 10
399 570 4
399 590 10
400 402 8
400 416 2
400 440 1
400 460 4
400 487 6
400 493 3
400 502 1
400 527 5
400 567 10
400 583 6
401 421 8
401 498 7
401 524 10
401 559 2
401 583 6
402 479 6
402 485 3
402 491 5
402 495 9
402 508 1
402 570 8
402 586 9
403 426 1
403 434 6
403 450 5
403 459 10
403 467 10
403 468 1
403 485 1
403 489 6
403 494 10
403 503 10
403 511 9
403 533 10
403 534 4
403 539 4
403 545 5
404 419 6
404 431 10
404 455 6
404 465 1
404 487 7
404 501 2
404 522 2
404 547 9
404 596 7
405 433 9
405 440 1
405 502 3
405 598 7
406 450 4
406 457 1
406 465 5
406 484 6
406 494 6
406 512 1
406 530 7
406 571 7
406 580 1
406 587 7
406 595 4
407 412 1
407 419 7
407 426 5
407 455 2
407 480 2
407 486 8
407 520 6
407 569 7
408 417 8
408 418 1
408 420 9
408 430 6
408 474 5
408 544 10
408 557 4
408 582 3
409 426 8
409 431 7
409 458 6
409 470 6
409 517 2
409 539 8
409 562 10
409 599 7
410 432 5
410 472 10
410 475 4
410 487 1
410 502 3
410 523 2
410 557 7
410 591 3
410 592 10
411 436 1
411 441 6
411 447 1
411 452 10
411 461 2
411 485 9
411 493 7
411 560 4
411 566 7
411 567 3
411 575 10
412 416 8
412 417 8
412 437 3
412 468 7
412 471 6
412 478 8
412 517 2
412 537 7
412 552 5
412 553 3
412 557 6
413 425 9
413 432 5
413 457 9
413 506 1
413 515 7
413 516 2
413 584 7
413 590 1
414 417 2
414 420 9
414 452 6
414 472 4
414 486 9
414 489 9
414 514 3
414 518 7
414 546 5
414 559 1
414 576 1
414 598 4
415 474 9
415 487 9
415 489 6
415 524 5
415 547 6
415 563 3
415 585 9
416 425 5
416 427 9
416 431 1
416 440 10
416 495 7
416 512 5
416 551 10
416 576 10
417 437 1
417 446 1
417 454 8
417 470 3
417 477 4
417 498 7
417 530 9
417 540 8
417 541 7
417 559 9
417 569 10
417 570 3
417 576 3
417 599 10
418 458 4
418 476 7
418 519 10
418 531 4
418 541 2
418 560 5
418 573 1
418 578 7
419 420 3
419 422 5
419 423 5
419 428 5
419 443 6
419 486 4
419 500 10
419 501 7
419 528 5
419 534 2
419 540 8
419 561 2
419 566 5
419 586 3
419 593 10
420 424 5
420 429 10
420 435 6
420 452 5
420 468 1
420 502 1
420 564 8
420 580 1
420 593 4
420 594 6
420 595 10
421 433 9
421 436 9
421 437 6
421 469 9
421 484 5
421 519 10
421 591 6
422 426 2
422 427 5
422 433 1
422 445 7
422 449 6
422 493 8
422 513 1
422 522 7
422 542 7
422 550 4
422 561 3
422 581 9
423 430 6
423 436 9
423 440 1
423 492 1
423 496 4
423 497 1
423 520 3
423 587 3
424 445 3
424 469 8
424 484 8
424 494 5
424 495 6
424 550 6
424 564 10
424 566 5
424 587 3
425 452 2
425 470 10
425 487 6
425 496 6
425 509 2
425 511 4
425 526 1
425 544 9
425 547 6
425 566 9
426 471 7
426 472 9
426 477 4
426 511 8
426 515 6
426 584 2
427 468 8
427 508 9
427 515 7
427 527 10
427 541 1
427 554 9
427 561 3
428 456 9
428 469 6
428 471 7
428 506 4
428 541 4
428 553 6
428 592 10
429 434 8
429 439 7
429 452 9
429 468 3
429 505 4
429 514 1
429 528 6
429 529 6
429 592 1
430 444 1
430 456 5
430 469 10
430 483 1
430 498 10
430 503 9
430 513 7
430 565 1
430 588 6
431 445 7
431 478 8
431 502 5
432 457 7
432 503 8
432 529 9
432 538 5
432 563 4
432 599 5
433 444 1
433 467 9
433 484 3
433 487 10
433 493 6
433 497 1
433 563 1
433 581 8
434 469 5
434 478 3
434 486 5
434 567 2
435 439 3
435 487 7
435 518 8
435 530 4
435 535 9
435 578 7
435 589 2
436 438 7
436 443 8
436 485 9
436 554 3
436 560 7
436 574 6
436 575 10
436 585 6
436 589 4
437 466 6
437 479 9
437 506 9
437 507 8
437 516 9
437 518 3
437 526 8
437 542 4
437 549 3
437 554 8
437 565 3
437 573 9
437 575 10
437 585 9
437 592 1
438 440 4
438 466 5
438 468 8
438 486 10
438 489 6
438 500 5
438 518 1
438 536 2
438 553 4
438 560 10
439 455 7
439 531 2
439 559 7
439 579 8
440 442 7
440 446 10
440 480 3
440 487 8
440 502 10
440 546 1
440 553 6
440 557 2
440 583 10
440 585 2
441 481 7
441 484 9
441 506 4
441 510 5
441 519 10
441 545 3
441 547 5
441 562 3
441 565 9
441 591 5
441 593 4
441 597 4
442 473 1
442 477 5
442 488 8
442 490 6
442 501 6
442 531 4
442 534 9
442 544 2
442 558 1
442 582 7
442 595 3
443 449 5
443 453 4
443 487 5
443 495 7
443 514 2
443 531 6
443 545 6
443 548 5
443 576 2
444 445 4
444 457 10
444 470 9
444 479 5
444 484 4
444 501 5
444 523 8
444 575 3
444 577 9
444 591 3
444 597 8
445 458 1
445 462 7
445 465 7
445 468 6
445 473 4
445 505 10
445 512 4
445 515 7
445 537 2
445 583 1
446 470 2
446 482 9
446 498 6
446 500 6
446 503 5
446 504 9
446 505 3
446 546 3
446 563 3
446 579 7
447 465 8
447 486 5
447 495 5
447 512 3
447 518 8
447 543 9
447 562 2
447 566 10
447 569 10
447 587 4
448 466 10
448 468 10
448 503 3
448 544 6
448 552 8
448 561 6
448 588 8
448 594 3
448 598 5
449 455 9
449 484 3
449 508 6
449 510 9
449 521 1
449 522 3
449 547 4
450 474 1
450 478 5
450 511 6
450 518 4
450 525 3
450 534 3
450 548 8
450 550 7
450 554 5
450 555 7
450 568 8
450 584 6
451 459 7
451 475 9
451 532 2
451 544 8
451 548 8
451 558 4
452 463 5
452 466 7
452 475 9
452 478 2
452 505 10
452 512 3
452 540 3
452 561 4
453 471 10
453 472 1
453 479 4
453 487 2
453 492 6
453 522 5
453 530 9
453 552 1
453 553 10
453 592 1
454 470 6
454 477 9
454 479 10
454 489 2
454 527 5
454 529 7
454 551 10
454 554 3
454 574 7
454 579 1
455 467 2
455 477 6
455 510 4
455 563 7
455 572 3
456 468 4
456 478 8
456 505 2
456 511 9
456 516 2
456 525 5
456 548 8
456 568 3
456 572 1
456 593 2
457 469 8
457 498 7
457 518 10
457 541 1
457 568 8
457 581 2
457 582 6
457 591 8
458 465 1
458 482 9
458 507 4
458 538 9
459 492 8
459 507 7
459 550 5
459 582 8
459 583 10
459 586 1
460 485 3
460 509 6
460 528 3
460 566 7
460 585 6
461 464 6
461 478 5
461 480 7
461 491 2
461 518 4
461 529 1
461 532 2
461 588 5
462 477 1
462 507 10
462 522 6
462 561 1
462 565 9
462 581 8
462 592 8
462 598 6
463 467 8
463 474 6
463 480 10
463 495 7
463 518 6
463 543 8
463 556 1
463 557 5
463 564 9
463 586 1
464 476 8
464 520 5
464 522 5
464 543 4
464 551 10
464 587 10
465 484 10
465 495 8
465 501 4
465 503 3
465 569 9
465 578 7
465 579 8
465 586 9
466 470 7
466 481 3
466 519 1
466 536 7
466 547 2
466 551 8
466 552 3
466 560 10
466 572 5
467 484 4
467 491 8
467 584 2
467 594 3
468 499 8
468 502 7
468 509 1
468 515 1
468 531 4
468 554 7
468 555 7
468 556 9
468 566 8
468 573 9
468 588 10
469 474 6
469 490 2
469 529 2
469 559 6
469 569 8
469 593 1
470 505 6
470 515 6
470 542 4
470 553 8
470 564 3
471 486 5
471 495 7
471 504 5
471 513 6
471 565 1
471 585 10
471 594 3
472 548 5
472 569 4
472 596 3
473 491 1
473 502 6
473 503 5
473 534 6
473 564 3
473 566 1
473 578 6
473 583 10
473 595 9
474 488 5
474 529 7
474 543 10
474 545 6
474 548 4
474 572 10
474 585 7
475 486 1
475 499 5
475 539 2
476 496 8
476 498 7
476 553 8
476 559 4
476 563 3
476 572 4
476 594 7
477 527 4
477 557 8
477 594 1
478 482 7
478 484 10
478 507 3
478 509 3
478 524 4
478 525 8
478 533 5
478 536 7
478 545 3
478 591 6
479 525 7
479 535 9
479 580 5
480 491 9
480 492 6
480 547 8
480 566 8
480 583 4
481 483 9
481 552 2
481 568 5
482 490 8
482 494 9
482 519 5
482 527 2
482 542 3
482 545 10
482 557 10
483 488 7
483 497 7
483 501 10
483 521 3
483 524 9
483 570 2
483 594 7
484 497 2
484 498 1
484 522 1
484 543 10
484 576 5
484 578 9
484 594 7
485 487 3
485 499 3
485 513 5
485 516 8
485 517 2
485 578 2
486 503 2
486 514 2
486 515 5
486 517 8
486 557 10
486 565 3
486 575 2
487 523 1
487 525 8
487 540 1
487 592 2
488 491 4
488 501 10
488 529 1
488 552 8
489 510 8
489 560 4
489 562 5
490 510 1
490 520 4
490 530 7
491 493 1
491 499 8
491 502 5
491 517 7
491 541 2
491 555 9
491 586 1
491 592 1
492 514 1
492 523 4
492 546 4
492 566 4
493 495 8
493 543 4
493 565 3
493 575 3
493 590 5
494 524 5
494 541 10
494 551 8
494 554 6
494 591 5
495 536 9
495 548 8
495 551 2
495 585 6
496 502 1
496 506 8
496 524 6
496 573 4
496 595 5
497 520 8
497 533 3
497 537 1
497 561 6
497 566 6
497 569 2
497 578 8
498 514 7
498 521 2
498 532 1
498 543 2
498 552 5
498 560 1
498 566 5
499 505 10
499 516 3
499 541 2
499 562 4
499 598 4
500 525 1
500 569 2
500 575 8
500 587 9
501 532 9
501 535 1
501 597 4
501 598 10
501 599 9
502 518 1
502 519 5
502 523 5
502 541 1
502 584 10
502 585 7
502 590 6
503 505 5
503 522 8
503 590 4
504 583 3
505 506 9
505 513 6
505 551 5
505 571 6
506 516 6
506 531 1
506 566 7
506 587 10
506 594 2
507 509 10
507 514 3
507 516 4
507 526 1
507 541 2
507 545 2
508 522 10
508 541 5
508 569 7
508 571 1
509 519 5
509 522 10
509 546 5
509 591 9
510 512 10
510 523 4
510 577 5
510 585 7
511 514 1
511 520 3
511 529 10
511 531 3
511 550 3
511 555 6
511 568 9
511 584 10
512 528 3
512 561 10
512 563 6
512 599 3
513 521 3
513 526 8
513 572 5
513 573 9
513 574 10
513 575 9
513 591 10
514 529 1
514 557 3
514 594 9
515 516 1
515 556 7
515 557 8
516 528 8
516 546 7
516 565 9
516 572 1
516 597 3
517 529 5
517 544 3
517 549 5
517 553 7
517 598 6
518 530 10
518 571 4
518 577 6
518 583 1
518 589 6
519 524 7
519 533 9
519 536 8
519 539 2
519 591 6
520 522 5
520 541 10
520 544 7
520 551 3
520 564 1
520 572 8
521 522 5
521 525 9
521 526 10
521 535 3
521 540 8
521 548 7
521 570 9
521 575 8
523 541 10
523 573 1
523 574 3
523 595 2
524 536 8
524 551 1
524 553 9
524 567 9
525 536 4
525 538 5
525 545 9
525 548 9
525 555 1
525 585 7
525 588 7
525 589 2
525 598 4
526 528 1
526 550 3
526 554 3
526 568 5
526 585 4
526 588 2
527 542 1
527 558 4
527 566 1
527 587 3
527 595 2
528 535 10
528 570 3
528 582 1
529 531 9
529 543 5
529 596 5
530 537 2
530 549 4
530 583 5
531 543 3
531 556 2
531 566 8
531 577 7
532 539 3
532 544 7
532 557 9
532 572 1
532 595 5
532 599 3
533 547 5
533 562 7
533 564 5
534 536 9
534 554 1
534 582 10
534 591 10
535 539 1
535 542 4
535 551 10
535 553 5
535 557 7
535 569 9
535 598 7
536 572 7
536 596 9
537 538 3
537 541 2
537 582 3
537 599 7
538 553 6
538 567 5
538 573 8
539 594 6
540 585 3
541 575 10
541 589 2
542 578 1
542 599 1
543 552 8
543 570 5
543 588 7
543 596 4
544 590 10
544 597 5
545 552 6
545 569 1
545 575 4
545 586 8
546 551 4
546 569 3
546 586 2
548 561 10
548 573 4
548 574 10
549 556 9
549 590 4
550 558 2
550 598 10
551 552 6
553 563 8
553 570 7
554 567 2
555 584 6
556 565 2
556 584 4
556 591 7
557 575 5
557 578 5
558 566 7
558 587 2
559 566 9
559 584 5
559 593 7
560 576 10
560 589 9
561 587 4
561 595 1
562 572 2
562 590 1
562 593 6
562 597 7
563 570 2
564 574 6
564 588 2
565 588 1
567 579 6
567 599 7
568 569 3
568 585 5
568 591 3
571 583 2
571 592 3
572 589 4
573 594 7
574 595 5
575 578 10
575 587 4
577 585 1
582 583 4
584 587 2
585 595 3
590 598 4
592 593 7
592 594 1
600 299 28
601 599 6
600 601 44
602 608 7
602 609 6
602 621 2
602 624 9
602 655 5
602 687 7
602 740 10
602 754 3
602 775 2
602 777 2
602 782 7
602 801 1
602 815 4
602 825 3
602 828 6
602 866 10
602 867 2
602 868 10
602 870 3
602 876 7
603 649 10
603 672 7
603 682 10
603 695 6
603 700 7
603 705 1
603 724 4
603 741 8
603 749 1
603 773 9
603 805 4
603 844 7
604 612 6
604 628 5
604 637 8
604 654 2
604 688 3
604 703 7
604 740 4
604 745 6
604 751 8
604 797 10
604 802 8
604 806 3
604 819 2
604 865 3
604 877 2
605 629 6
605 637 3
605 644 6
605 664 4
605 677 4
605 684 3
605 686 3
605 698 9
605 703 1
605 716 3
605 758 2
605 759 10
605 807 3
605 843 2
605 847 3
605 857 1
605 894 7
606 613 9
606 629 10
606 640 8
606 648 3
606 653 6
606 659 2
606 701 9
606 728 5
606 761 3
606 779 6
606 781 8
606 859 7
606 870 9
606 897 9
607 633 2
607 662 3
607 695 5
607 722 5
607 760 6
607 780 9
607 788 7
607 826 4
607 846 1
607 850 1
607 870 8
607 874 10
608 637 3
608 652 9
608 663 4
608 673 5
608 703 6
608 713 4
608 727 5
608 736 3
608 756 6
608 765 2
608 781 6
608 793 4
608 803 7
608 810 9
608 826 10
608 828 6
608 855 7
608 877 10
608 883 4
609 620 8
609 625 2
609 654 10
609 670 2
609 702 9
609 709 10
609 740 10
609 762 4
609 769 10
609 793 2
609 800 1
609 810 1
609 824 6
609 865 10
609 872 6
609 877 10
610 611 7
610 673 9
610 686 6
610 695 1
610 728 5
610 756 8
610 761 9
610 799 8
610 809 6
610 815 9
610 849 9
610 853 1
610 872 5
610 887 8
610 898 6
611 708 2
611 733 1
611 796 6
611 799 5
611 816 9
611 827 7
611 842 6
611 846 3
611 863 9
611 867 7
611 873 5
611 881 9
611 882 2
611 899 6
612 616 5
612 646 3
612 665 2
612 689 5
612 712 9
612 730 5
612 742 9
612 760 6
612 800 3
612 849 9
612 894 1
613 614 3
613 629 9
613 642 3
613 696 7
613 786 9
613 793 8
613 832 10
613 849 9
613 862 5
613 863 4
613 877 10
613 888 2
614 619 1
614 687 2
614 706 10
614 707 7
614 726 6
614 773 10
614 778 10
614 797 4
614 827 6
614 836 2
614 865 5
614 884 1
614 890 10
614 892 1
614 896 1
615 637 7
615 649 5
615 704 9
615 707 9
615 710 7
615 712 10
615 716 1
615 788 3
615 791 8
615 835 9
615 880 4
615 883 6
615 893 5
616 634 7
616 658 5
616 672 6
616 681 9
616 684 8
616 689 7
616 714 7
616 716 6
616 719 7
616 737 6
616 759 9
616 794 4
616 824 8
616 830 5
616 876 4
617 626 9
617 655 6
617 685 7
617 686 6
617 690 2
617 723 7
617 742 6
617 766 9
617 792 6
617 795 9
617 815 3
617 832 3
617 867 7
617 871 7
618 697 1
618 746 1
618 778 5
618 794 7
618 812 9
618 813 4
618 843 7
618 859 5
618 868 10
618 877 2
618 879 3
618 897 8
619 641 2
619 657 7
619 669 7
619 688 6
619 699 2
619 722 5
619 788 3
619 800 8
619 805 2
619 835 7
619 856 5
619 889 10
619 891 5
620 658 2
620 690 8
620 705 7
620 730 5
620 734 6
620 755 5
620 774 7
620 811 8
620 835 2
620 840 3
620 842 6
620 858 5
620 871 9
620 886 3
620 891 6
621 637 2
621 664 5
621 681 5
621 695 5
621 704 3
621 737 1
621 784 3
621 792 5
621 817 8
621 818 5
621 855 4
621 861 9
621 885 1
621 888 10
622 688 8
622 705 7
622 729 2
622 744 7
622 770 6
622 788 8
622 790 2
622 856 10
622 878 4
622 887 10
623 631 3
623 668 8
623 680 5
623 686 7
623 696 9
623 717 9
623 753 5
623 838 10
623 858 4
623 883 9
624 657 5
624 711 6
624 736 2
624 744 7
624 754 2
624 755 9
624 763 3
624 776 8
624 780 9
624 802 6
624 811 7
624 812 9
624 819 2
624 830 10
624 839 5
624 856 9
624 900 9
625 632 7
625 649 1
625 705 2
625 778 6
625 798 3
625 825 2
625 829 2
625 853 2
626 644 10
626 657 1
626 702 8
626 747 1
626 752 4
626 771 8
626 786 7
626 787 1
626 812 9
626 861 3
627 645 5
627 646 7
627 652 8
627 666 2
627 716 6
627 750 5
627 759 10
627 768 4
627 814 8
627 816 10
627 844 8
627 877 7
627 879 8
627 894 6
628 634 7
628 635 2
628 638 1
628 640 1
628 670 5
628 703 3
628 717 2
628 726 4
628 741 3
628 773 9
628 775 6
628 800 8
628 815 7
628 865 3
629 663 10
629 678 5
629 683 5
629 698 4
629 711 4
629 719 4
629 735 7
629 740 1
629 744 8
629 796 7
629 801 6
629 815 6
629 822 8
629 851 5
629 858 2
630 655 5
630 663 1
630 682 10
630 693 8
630 720 1
630 783 10
630 792 4
630 805 5
630 830 4
630 888 7
631 678 9
631 704 4
631 735 3
631 754 8
631 764 10
631 773 7
631 775 8
631 776 7
631 777 3
631 795 3
631 806 2
631 813 7
631 833 10
631 837 2
631 878 6
631 882 6
631 885 9
631 887 1
632 641 3
632 661 3
632 669 4
632 672 9
632 681 5
632 692 5
632 695 9
632 703 6
632 707 7
632 762 2
632 777 2
632 785 10
632 848 1
633 649 1
633 655 3
633 666 5
633 698 10
633 703 5
633 707 1
633 710 7
633 713 3
633 726 3
633 739 10
633 740 4
633 748 9
633 759 1
633 785 7
633 809 7
633 810 6
633 818 5
633 879 7
634 652 10
634 681 9
634 712 3
634 740 10
634 766 4
634 780 7
634 810 10
634 832 1
634 864 3
634 870 2
634 899 2
635 641 2
635 648 4
635 693 4
635 762 7
635 781 8
635 793 4
635 851 1
635 868 8
636 657 2
636 670 3
636 678 2
636 679 3
636 684 8
636 693 3
636 694 3
636 709 4
636 730 9
636 743 10
636 796 10
636 799 5
636 818 1
636 819 8
636 838 7
636 847 1
636 869 1
636 884 6
637 642 10
637 651 1
637 669 8
637 677 3
637 680 5
637 743 2
637 761 6
637 765 8
637 767 8
637 816 3
637 828 3
637 838 10
637 875 2
638 648 5
638 684 4
638 692 4
638 712 7
638 723 1
638 735 6
638 738 10
638 744 6
638 759 6
638 789 1
638 798 5
638 808 10
638 812 2
638 820 4
638 844 9
638 851 2
638 853 5
638 860 6
639 646 3
639 647 7
639 675 3
639 703 6
639 707 3
639 709 6
639 747 3
639 752 3
639 753 5
639 756 6
639 784 5
639 794 4
639 801 9
639 833 9
639 848 9
639 853 4
639 863 8
639 884 1
640 642 1
640 662 9
640 668 6
640 677 6
640 768 9
640 780 2
640 791 8
640 812 10
640 846 6
641 659 6
641 673 3
641 689 2
641 700 3
641 729 6
641 731 8
641 737 5
641 738 3
641 742 1
641 747 1
641 755 5
641 761 3
641 800 5
641 808 2
641 813 9
641 829 1
641 836 1
641 877 10
641 889 1
641 894 6
642 650 7
642 652 2
642 669 7
642 677 7
642 745 9
642 747 2
642 754 7
642 766 1
642 796 9
642 802 7
642 804 6
642 810 6
642 839 1
642 858 7
642 861 8
643 656 8
643 695 6
643 704 5
643 724 2
643 741 8
643 751 7
643 769 7
643 792 2
643 840 1
643 867 10
643 870 1
643 879 3
643 880 2
643 884 10
643 885 4
644 666 8
644 675 8
644 710 7
644 717 4
644 719 6
644 743 5
644 745 5
644 775 2
644 798 7
644 823 6
644 867 10
644 870 2
644 884 3
645 646 1
645 681 10
645 696 1
645 704 10
645 735 8
645 767 5
645 776 2
645 777 5
645 783 1
645 818 10
645 828 9
645 850 3
645 851 9
645 859 9
645 879 8
645 882 1
646 674 10
646 698 3
646 726 10
646 731 9
646 756 9
646 769 3
646 790 4
646 810 5
646 819 9
646 858 7
646 887 2
647 651 6
647 688 7
647 691 5
647 696 9
647 709 9
647 733 7
647 763 9
647 786 8
647 797 4
647 826 5
647 832 9
647 867 10
647 880 7
648 658 10
648 665 8
648 672 1
648 711 9
648 728 8
648 741 10
648 753 1
648 763 9
648 775 2
648 818 10
648 822 9
648 827 2
648 841 4
648 853 4
648 856 9
648 897 2
649 665 1
649 688 10
649 706 10
649 732 7
649 743 4
649 768 8
649 772 5
649 775 10
649 785 8
649 833 4
649 835 5
649 846 2
649 860 5
650 662 5
650 672 10
650 675 4
650 686 4
650 693 10
650 702 2
650 730 4
650 735 2
650 744 4
650 750 4
650 763 3
650 813 3
650 831 3
650 842 7
650 897 6
651 674 6
651 690 5
651 726 10
651 739 8
651 775 6
651 776 9
651 808 4
651 817 1
651 858 8
651 860 10
651 872 3
651 878 5
652 680 6
652 683 7
652 725 8
652 747 10
652 779 3
652 797 7
652 824 3
652 892 9
653 704 8
653 713 7
653 722 2
653 723 9
653 748 10
653 772 5
653 780 4
653 789 3
653 806 7
653 854 2
653 861 10
653 869 5
653 875 8
653 877 1
653 878 2
654 667 3
654 711 1
654 719 8
654 772 3
654 805 8
654 861 9
654 869 7
654 874 2
654 887 4
655 657 4
655 693 9
655 705 3
655 712 8
655 741 7
655 791 8
655 801 6
655 804 5
655 822 4
655 861 7
655 869 5
655 888 3
655 890 4
656 689 10
656 691 7
656 698 2
656 700 1
656 722 9
656 728 6
656 800 8
656 817 1
656 851 10
656 855 2
657 661 2
657 663 7
657 693 5
657 748 9
657 763 5
657 773 3
657 796 3
657 804 1
657 816 6
657 819 3
657 823 3
657 861 6
657 862 2
657 872 2
657 888 1
657 894 6
658 684 5
658 689 10
658 707 2
658 762 10
658 773 3
658 806 2
658 814 8
658 823 6
658 826 4
658 833 8
658 841 4
658 891 2
658 895 9
658 898 3
659 665 3
659 675 10
659 692 1
659 698 9
659 716 10
659 818 7
659 860 2
659 866 4
659 874 7
660 733 9
660 782 9
660 785 2
660 802 4
660 804 10
660 806 3
660 812 5
660 823 7
660 833 10
660 848 6
661 734 8
661 772 1
661 830 10
661 839 1
661 850 8
661 852 5
661 866 5
661 883 8
661 889 8
661 893 8
662 665 6
662 718 2
662 720 10
662 725 7
662 751 2
662 848 1
662 852 8
662 881 1
662 887 4
662 895 4
663 673 9
663 698 2
663 721 2
663 734 10
663 739 8
663 751 3
663 758 5
663 862 4
663 897 9
663 898 6
664 673 9
664 674 8
664 675 6
664 703 8
664 736 9
664 737 5
664 770 4
665 670 5
665 700 2
665 716 2
665 731 2
665 734 7
665 741 3
665 751 3
665 815 5
665 819 7
665 842 3
665 846 3
665 858 9
665 869 8
665 878 8
665 900 7
666 718 2
666 720 9
666 758 9
666 782 9
666 789 1
666 834 3
666 850 4
666 856 1
666 892 8
667 678 2
667 747 8
667 749 5
667 761 1
667 771 8
667 781 9
667 787 4
667 794 2
667 798 1
667 799 7
667 804 5
667 819 7
667 824 2
667 856 8
667 859 4
667 873 10
667 884 2
668 685 6
668 702 8
668 743 10
668 744 3
668 745 4
668 747 1
668 801 3
668 807 2
668 853 1
669 709 5
669 717 6
669 721 4
669 768 5
669 787 3
669 788 5
669 789 4
669 792 7
669 793 7
669 802 2
669 840 8
669 892 2
670 713 5
670 732 8
670 791 1
670 854 10
670 866 6
670 899 2
671 695 7
671 719 9
671 721 1
671 729 8
671 738 6
671 745 8
671 773 9
671 811 10
671 826 3
671 841 1
671 879 2
671 886 5
672 688 1
672 710 8
672 736 10
672 760 4
672 764 4
672 767 5
672 798 10
672 827 8
672 837 3
672 840 8
672 865 1
672 890 10
673 695 10
673 780 5
673 784 7
673 797 10
673 849 4
673 853 5
673 854 3
673 855 2
673 861 3
673 897 3
673 899 2
674 684 9
674 691 2
674 695 10
674 723 10
674 737 6
674 750 1
674 779 4
674 812 10
674 813 1
674 820 1
674 825 2
674 862 7
674 875 5
674 886 8
675 699 6
675 735 2
675 740 10
675 758 4
675 792 2
675 795 2
675 827 5
675 847 8
675 863 8
676 694 4
676 721 4
676 741 4
676 831 8
676 857 5
676 865 7
677 748 2
677 769 6
677 776 7
677 822 3
677 886 8
677 900 6
678 681 10
678 682 10
678 691 9
678 698 10
678 725 10
678 764 2
678 773 3
678 783 8
678 790 6
678 817 10
678 853 4
679 681 9
679 742 1
679 744 9
679 749 2
679 753 2
679 789 3
679 859 9
679 874 10
679 885 8
679 888 2
679 899 3
680 696 5
680 714 9
680 719 1
680 769 6
680 811 6
680 812 7
680 843 10
680 851 3
680 852 5
681 700 9
681 708 2
681 711 5
681 726 10
681 756 4
681 778 6
681 788 4
681 818 3
681 819 1
681 832 3
681 866 6
681 892 9
682 701 4
682 710 6
682 727 2
682 747 5
682 758 10
682 804 1
682 808 6
682 817 9
682 841 4
682 867 1
682 897 3
683 699 4
683 709 1
683 740 10
683 741 10
683 769 10
683 772 1
683 789 2
683 793 6
683 796 10
683 804 6
683 807 10
683 860 1
684 692 1
684 710 6
684 736 5
684 741 3
684 769 8
684 770 9
684 834 1
684 863 9
684 870 4
684 872 6
684 874 10
685 688 9
685 713 8
685 762 2
685 772 6
685 779 6
685 788 8
685 797 8
685 822 9
685 844 1
685 847 1
686 688 10
686 713 10
686 715 10
686 721 1
686 725 4
686 748 7
686 751 2
686 765 1
686 885 6
686 886 2
687 714 1
687 718 3
687 731 8
687 791 5
687 800 1
687 810 9
687 825 5
687 864 1
687 878 2
687 896 3
688 691 10
688 700 2
688 762 10
688 785 4
688 801 8
688 806 7
688 842 1
688 845 7
688 852 7
688 859 3
688 862 7
688 867 7
688 878 5
688 885 8
689 704 9
689 733 8
689 762 4
689 781 10
689 789 10
689 795 2
689 802 3
689 812 2
689 889 4
690 691 3
690 732 6
690 733 6
690 775 1
690 797 3
690 820 8
690 822 4
690 832 7
690 857 10
690 861 6
690 864 8
690 865 3
690 866 5
690 870 4
690 872 5
690 895 1
691 700 1
691 728 7
691 731 8
691 751 9
691 760 1
691 764 5
691 793 7
691 831 10
691 843 9
691 854 8
691 861 1
691 868 2
691 877 2
691 898 2
692 711 7
692 811 4
692 829 10
692 831 5
692 860 6
692 894 2
693 696 2
693 737 10
693 746 10
693 750 1
693 762 5
693 769 7
693 784 5
693 787 9
693 797 2
693 830 9
693 848 1
693 859 4
693 879 8
693 882 8
694 705 2
694 730 10
694 732 3
694 768 10
694 772 10
694 790 3
694 829 7
694 846 2
694 848 6
694 855 9
694 858 4
694 867 2
694 868 4
694 874 3
695 715 6
695 737 10
695 753 6
695 755 8
695 799 9
695 804 7
695 841 10
695 861 5
695 877 3
695 891 5
696 705 5
696 755 6
696 765 5
696 766 5
696 773 10
696 780 2
696 815 3
696 821 1
696 866 2
696 891 7
696 899 3
697 719 3
697 735 1
697 752 1
697 821 4
697 834 6
697 851 9
697 878 9
697 879 7
697 886 5
697 891 3
698 700 5
698 702 6
698 705 8
698 711 4
698 720 4
698 723 6
698 778 3
698 782 10
698 820 8
698 834 9
698 867 4
699 711 4
699 715 4
699 740 8
699 758 3
699 780 7
699 786 2
699 838 5
699 844 10
699 863 10
699 885 7
699 898 2
700 713 10
700 718 8
700 719 8
700 726 7
700 736 8
700 770 6
700 861 4
700 866 4
700 886 9
701 712 8
701 723 9
701 729 8
701 735 3
701 737 4
701 744 4
701 760 5
701 769 3
701 780 3
701 818 6
701 820 8
701 826 8
701 829 1
701 850 6
701 865 2
701 894 7
701 899 9
702 758 9
702 768 7
702 795 9
702 804 5
702 810 10
702 836 10
702 859 4
702 880 9
702 891 7
702 895 4
703 704 7
703 711 2
703 721 7
703 725 5
703 739 1
703 787 6
703 793 4
703 796 3
703 802 1
703 812 9
703 837 7
703 839 4
703 863 4
703 883 4
703 888 1
704 729 1
704 775 4
704 776 8
704 780 5
704 794 1
704 796 7
704 828 3
704 840 9
704 875 7
704 879 7
705 715 10
705 734 6
705 751 3
705 755 9
705 764 4
705 771 6
705 783 5
705 791 5
705 821 4
705 854 1
705 870 5
705 882 1
706 784 6
706 788 7
706 810 2
706 816 5
706 867 6
706 898 5
707 729 10
707 733 9
707 737 7
707 746 2
707 789 3
707 792 5
707 817 6
707 868 5
707 876 3
707 893 8
708 725 3
708 751 1
708 787 7
708 831 2
708 853 8
708 872 9
709 739 2
709 751 2
709 811 6
709 831 6
709 835 6
709 858 9
709 893 6
709 897 1
710 712 10
710 759 4
710 792 9
710 796 1
710 830 8
710 840 4
710 872 7
710 888 9
711 730 5
711 731 5
711 764 10
711 769 7
711 771 9
711 794 6
711 829 1
711 841 3
711 850 3
711 862 5
711 880 5
711 893 9
712 720 8
712 721 3
712 730 9
712 732 10
712 736 6
712 766 6
712 775 5
712 826 1
712 876 7
713 717 3
713 726 3
713 754 6
713 786 6
713 787 2
713 794 8
713 835 5
713 839 7
713 843 6
713 857 3
713 901 1
714 739 10
714 806 2
714 846 9
714 865 1
714 867 7
714 873 9
714 901 5
715 727 2
715 759 5
715 767 10
715 790 2
715 811 3
715 818 4
715 824 3
715 860 2
715 868 9
715 884 8
715 896 6
716 722 1
716 762 4
716 763 10
716 780 4
716 795 1
716 854 5
716 860 7
716 864 10
716 869 9
717 722 5
717 764 5
717 772 3
717 778 6
717 801 7
717 811 5
717 832 4
717 869 7
717 873 3
717 889 5
717 894 3
718 760 4
718 761 9
718 765 4
718 769 6
718 772 3
718 794 7
718 803 10
718 805 4
718 814 7
718 815 7
718 826 2
718 830 8
718 837 3
718 848 1
718 883 3
719 741 5
719 827 8
719 830 1
719 842 5
719 843 8
720 722 5
720 759 1
720 767 1
720 776 2
720 778 9
720 784 5
720 808 6
720 812 5
720 818 7
720 823 2
720 832 10
720 860 3
720 884 2
721 726 3
721 730 10
721 731 5
721 737 10
721 738 9
721 753 10
721 760 8
721 795 7
721 811 1
721 821 5
721 835 9
721 839 4
721 855 9
721 858 4
722 737 1
722 740 9
722 742 10
722 756 8
722 770 6
722 776 10
722 781 8
722 820 7
722 824 9
722 842 4
722 858 2
722 891 5
723 741 3
723 812 5
723 835 4
723 874 5
723 885 7
724 727 9
724 741 6
724 761 3
724 781 10
724 791 4
724 803 2
724 813 7
724 818 2
724 823 5
724 872 4
724 882 1
724 887 8
725 763 2
725 778 6
725 781 10
725 785 3
725 802 5
725 803 9
725 815 8
725 866 6
725 870 9
726 729 4
726 735 4
726 746 4
726 761 8
726 796 1
726 813 6
726 824 2
726 831 6
726 855 2
726 870 10
726 880 4
726 887 7
727 730 2
727 737 3
727 769 2
727 791 6
727 792 2
727 818 4
727 819 10
727 835 5
727 844 6
727 846 9
727 861 8
727 888 1
728 741 10
728 816 10
728 832 7
728 867 8
729 750 7
729 763 2
729 776 8
729 817 1
729 818 8
729 831 2
729 837 10
729 874 10
730 754 9
730 778 1
730 877 5
730 896 1
730 899 3
731 732 1
731 752 9
731 773 4
731 818 5
731 854 1
731 874 1
731 891 6
732 753 6
732 761 10
732 765 2
732 780 1
732 791 10
732 802 10
732 804 1
732 810 9
732 817 9
733 745 9
733 750 9
733 767 6
733 779 10
733 780 6
733 782 8
733 807 7
733 826 9
733 833 7
733 900 6
734 747 8
734 774 9
734 776 3
734 790 8
734 791 1
734 811 3
734 821 6
734 841 7
734 856 9
735 744 8
735 769 7
735 772 7
735 777 3
735 846 9
735 853 8
735 855 3
735 861 8
735 876 7
735 881 5
735 892 7
736 759 8
736 784 3
736 833 5
736 864 3
736 876 5
736 879 2
736 888 2
736 901 3
737 755 1
737 757 10
737 762 1
737 774 8
737 797 8
737 798 3
737 808 5
737 820 9
737 826 7
737 843 2
737 845 7
737 867 7
737 881 2
737 896 3
737 897 3
738 767 4
738 771 1
738 777 1
738 787 9
738 821 9
738 835 9
738 839 5
738 845 7
738 869 6
739 777 10
739 823 3
739 829 10
739 839 4
739 880 4
740 754 1
740 761 6
740 789 4
740 798 2
740 822 6
740 835 1
740 846 10
740 862 10
740 869 7
740 883 10
740 892 8
741 797 1
741 849 6
741 867 5
741 889 2
742 755 10
742 758 7
742 759 5
742 775 3
742 815 7
742 874 5
742 893 3
743 773 8
743 798 10
743 843 9
743 848 3
743 884 9
744 769 1
744 844 3
744 867 4
744 897 6
745 747 5
745 774 1
745 800 10
745 805 7
745 819 7
745 821 2
745 831 8
745 848 8
745 849 1
745 861 7
746 756 6
746 761 1
746 771 4
746 803 10
746 817 4
746 850 5
746 892 8
746 894 10
747 748 7
747 780 7
747 790 5
747 835 9
747 879 4
747 894 6
748 797 9
748 800 6
748 810 6
748 815 9
748 843 10
748 847 9
748 865 7
748 871 7
748 879 9
748 893 8
748 895 5
749 768 7
749 772 9
749 806 2
749 849 5
749 878 1
750 754 10
750 772 2
750 802 3
750 805 5
750 808 3
750 817 6
750 824 9
750 895 2
751 757 6
751 781 6
751 839 8
751 849 2
752 755 6
752 786 1
752 794 7
752 829 5
752 830 9
752 842 4
752 859 5
752 865 10
752 876 2
752 880 1
753 766 8
753 787 2
753 793 8
753 800 2
753 837 9
753 845 9
753 852 5
754 765 5
754 767 9
754 800 4
754 818 8
754 819 2
754 851 8
754 859 10
754 866 9
754 891 9
755 766 3
755 773 4
755 799 4
755 822 1
755 852 7
755 859 9
755 860 3
755 889 5
756 757 5
756 761 3
756 762 8
756 770 10
756 771 3
756 777 1
756 825 2
756 836 10
756 850 3
756 863 10
756 866 4
756 867 3
756 894 8
756 896 8
756 900 9
757 764 8
757 765 2
757 772 6
757 779 9
757 861 1
757 885 7
757 895 8
758 789 9
758 830 9
758 839 3
758 878 4
758 881 9
758 882 2
759 784 5
759 788 4
759 807 6
759 811 9
759 825 6
759 844 4
759 847 10
759 861 8
759 885 6
760 764 2
760 806 10
760 815 8
760 830 1
760 835 3
760 837 2
760 841 10
760 865 10
760 880 10
760 894 9
761 836 3
761 865 5
761 897 10
762 776 6
762 777 3
762 788 7
762 806 6
762 812 2
762 841 1
762 893 10
763 771 2
763 869 2
763 871 6
764 777 7
764 779 10
764 780 6
764 812 3
764 845 3
764 848 6
764 867 10
764 879 10
764 882 9
765 780 1
765 783 8
765 806 1
765 859 3
765 876 1
765 880 10
765 885 5
765 899 1
766 768 10
766 773 9
766 801 7
766 819 9
766 844 4
766 850 2
767 779 7
767 793 10
767 814 5
767 818 8
767 872 1
767 873 6
767 885 1
767 889 6
768 783 3
768 809 10
768 817 3
768 826 7
769 776 4
769 802 8
769 805 8
769 827 4
769 866 6
769 867 9
769 868 3
769 879 8
769 895 3
770 801 3
770 831 7
770 845 9
770 849 5
770 853 7
770 867 8
771 785 4
771 798 7
771 804 3
771 806 5
771 850 4
771 868 2
771 877 9
771 886 1
772 776 4
772 777 6
772 783 3
772 786 1
772 787 10
772 792 3
772 806 4
772 813 6
772 816 8
772 862 3
772 871 4
772 873 3
772 886 1
772 896 4
773 791 5
773 806 8
773 810 6
773 813 10
773 840 7
773 859 5
773 866 6
773 879 5
773 881 4
773 888 9
773 889 1
773 894 6
773 897 5
774 780 4
774 801 10
774 825 3
774 881 4
774 882 5
774 892 1
774 893 9
774 894 6
775 809 10
775 836 1
775 857 9
775 861 8
776 790 10
776 819 1
776 853 1
777 798 3
777 832 1
777 844 4
777 864 9
777 871 9
778 780 1
778 869 10
778 896 5
778 900 7
779 837 6
779 854 9
779 868 10
779 892 6
780 781 9
780 785 8
780 799 1
780 804 3
780 838 7
780 873 5
781 784 8
781 792 1
781 803 5
781 812 6
781 826 6
781 839 7
781 845 8
782 821 6
782 858 4
782 869 10
782 877 9
782 882 4
782 884 2
782 890 9
783 790 9
783 793 10
783 838 9
783 839 9
783 846 2
783 888 5
784 788 6
784 792 9
784 818 5
784 834 7
784 859 4
784 874 4
784 892 4
785 821 6
785 833 8
785 853 2
785 857 3
785 868 7
785 873 3
786 789 9
786 816 5
786 822 10
786 894 5
788 792 4
789 795 8
789 854 8
789 868 3
790 863 6
790 869 3
790 876 4
790 877 6
791 807 1
791 847 6
791 855 7
791 858 2
792 801 7
792 828 1
792 836 9
792 850 5
792 858 6
792 892 5
793 813 10
793 819 1
793 840 1
793 855 8
793 862 10
794 805 2
794 816 10
794 818 6
794 832 6
794 842 8
794 885 2
794 901 8
795 831 3
795 858 6
795 892 5
795 897 2
796 803 8
796 808 2
796 852 5
796 854 4
796 869 7
796 899 7
797 804 9
797 813 3
797 815 10
797 825 7
797 833 6
797 852 8
797 858 1
797 869 3
798 801 5
798 813 2
798 818 3
798 835 7
799 814 9
799 819 4
799 859 8
799 869 10
799 872 1
799 877 4
799 889 8
800 807 3
800 833 1
800 850 2
800 859 8
800 860 7
800 869 5
800 870 7
800 880 8
800 891 1
800 893 10
801 821 4
801 838 8
801 853 8
801 879 9
801 900 9
802 842 6
802 856 4
802 862 7
803 804 8
803 812 6
803 839 3
803 844 10
803 855 10
803 879 9
803 896 10
804 830 3
804 848 8
804 861 10
804 863 3
804 870 3
805 814 9
805 844 5
805 857 5
805 863 2
806 813 4
806 818 1
806 822 6
806 838 1
806 842 8
806 862 7
806 863 2
806 870 4
806 895 6
807 838 2
807 849 2
807 872 4
808 814 7
808 832 7
808 836 2
808 877 5
808 892 4
808 900 6
809 828 6
809 879 5
809 894 6
810 861 5
810 876 7
811 816 4
811 825 6
811 847 1
811 855 6
811 883 4
812 827 8
812 828 3
812 865 5
812 877 1
812 900 3
813 831 3
813 841 3
813 885 3
814 816 9
814 817 7
814 842 6
814 848 6
814 853 8
814 868 9
814 874 9
814 880 4
814 881 7
814 894 1
815 819 10
815 872 2
815 893 8
816 839 5
817 829 6
817 836 4
817 854 2
817 866 2
817 881 7
817 884 7
818 868 2
818 880 4
818 889 3
818 893 9
819 834 8
819 839 7
819 876 2
819 897 1
819 898 9
820 837 6
820 850 5
820 885 9
821 830 2
821 832 10
821 865 6
821 897 1
822 825 10
822 857 5
822 859 5
822 894 6
823 841 7
823 844 6
823 859 7
823 864 4
823 884 3
823 885 2
824 837 9
824 860 4
824 870 5
825 859 7
825 891 2
826 833 8
826 838 3
826 846 4
826 847 7
826 866 10
826 885 3
827 838 10
827 858 2
827 878 3
827 881 5
827 889 6
828 845 4
828 851 9
829 863 5
831 850 9
831 859 9
831 882 6
831 888 3
832 838 5
833 859 3
833 880 1
834 848 3
834 856 1
834 898 7
835 846 5
835 853 4
835 876 5
835 894 10
836 896 8
837 890 2
838 862 3
839 843 6
839 851 4
839 852 7
839 854 4
840 897 5
841 854 1
841 896 5
842 885 7
843 844 3
843 855 1
843 864 2
843 872 6
843 890 9
843 891 9
844 862 7
844 867 10
844 894 4
845 860 1
845 867 4
846 872 7
846 879 2
847 853 6
847 863 9
847 882 10
848 880 2
848 891 3
849 855 4
849 865 1
849 869 2
850 867 7
850 873 6
852 879 7
852 901 2
854 864 2
854 869 2
854 870 7
854 871 4
855 891 8
855 897 3
855 899 6
856 859 9
856 872 6
856 892 4
856 901 9
857 901 4
858 861 2
858 880 8
859 865 10
859 878 2
859 879 4
859 884 8
860 874 5
860 889 9
860 890 6
861 870 4
862 867 3
862 881 8
862 886 10
862 889 5
863 897 10
864 901 8
865 866 10
867 885 8
867 889 10
868 888 3
869 874 2
869 877 8
870 873 6
872 899 9
874 875 2
875 881 4
875 890 7
875 899 7
876 889 7
879 892 6
880 882 3
881 884 8
881 886 5
885 888 2
887 897 1
887 898 8
889 901 9
890 893 6
896 898 7
902 601 43
903 901 10
902 903 22
