904 6735
100 71 1 88 40 27 42 9 50 99 46 36 30 24 57 27 28 3 43 75 90 50 34 59 26 9 64 25 63 3 87 62 73 88 50 12 66 43 21 68 93 18 55 74 41 63 100 20 65 94 95 55 95 28 65 21 89 28 97 51 31 84 64 55 23 65 19 40 59 91 59 3 8 65 77 49 28 76 68 92 22 14 98 16 94 63 88 82 42 85 84 72 20 47 79 94 64 97 85 22 87 44 25 46 60 53 94 87 80 14 31 1 79 28 17 24 42 4 5 84 40 40 7 59 39 85 4 2 81 89 75 19 84 51 65 43 3 10 82 83 75 12 83 6 91 51 29 33 55 86 16 46 25 22 5 15 59 60 16 39 48 43 10 83 93 26 26 48 87 59 30 14 22 64 19 12 67 99 96 73 84 11 18 61 85 74 75 43 34 91 33 81 85 94 64 77 19 41 24 58 99 5 71 20 21 41 83 39 39 79 11 23 41 28 83 25 2 9 19 35 99 52 67 35 45 82 12 16 22 87 73 72 44 95 91 16 35 26 54 73 4 64 47 44 91 81 21 44 90 39 78 40 90 97 75 87 78 38 2 100 24 26 71 67 20 14 34 6 91 87 30 94 50 29 89 93 9 61 36 98 100 66 90 41 62 64 79 91 1 80 90 76 57 13 95 28 78 28 85 20 86 82 29 48 68 82 22 19 100 98 86 57 43 34 40 49 11 78 20 81 9 56 39 87 92 3 91 61 12 85 37 97 18 65 44 86 99 18 4 98 67 89 54 9 74 94 10 85 23 29 17 83 84 55 21 27 9 12 88 20 96 24 68 14 88 64 51 86 33 6 36 99 95 41 60 20 34 69 4 8 97 73 43 33 27 63 59 88 74 98 59 70 21 27 35 61 42 37 98 26 42 33 24 88 74 35 8 59 3 63 19 52 35 61 84 14 23 42 1 97 92 59 18 12 37 4 24 30 92 74 55 33 6 31 21 31 65 80 42 20 42 12 71 29 72 54 42 46 47 42 94 38 52 63 2 41 18 25 70 9 98 77 94 56 7 66 38 23 45 79 42 38 90 12 66 13 17 7 11 64 100 4 1 4 19 2 44 36 79 65 97 28 41 90 35 99 7 73 74 51 3 67 40 45 79 6 57 47 64 67 10 64 23 63 19 41 16 62 28 94 78 24 74 71 65 8 69 71 32 94 21 35 61 61 79 91 18 87 37 81 6 47 96 28 9 14 68 24 27 95 70 5 71 95 75 35 2 95 6 86 89 78 20 1 90 50 91 7 36 27 88 41 25 83 20 85 49 87 61 75 34 30 79 56 24 5 90 77 100 95 62 40 25 33 40 14 82 30 21 70 84 87 8 40 40 70 27 26 23 2 95 6 14 39 83 53 11 38 20 17 93 29 5 77 89 92 25 29 12 35 32 17 15 40 57 54 61 35 79 35 36 73 40 2 63 22 6 26 11 25 42 55 53 98 31 41 89 56 22 53 42 53 69 56 44 77 9 56 12 87 90 99 12 29 52 26 2 57 51 64 81 45 18 85 94 49 78 35 56 99 87 97 51 7 4 47 36 64 2 99 2 92 97 65 72 49 43 26 57 93 89 90 89 7 74 83 7 51 17 62 1 55 10 4 13 65 50 48 28 3 46 29 94 43 94 18 43 36 43 51 80 83 40 21 89 66 55 95 68 23 8 69 77 69 24 89 33 73 37 60 75 34 41 21 76 86 90 70 21 84 73 52 66 12 24 55 77 78 1 97 100 9 65 76 77 88 17 62 12 5 21 38 38 13 10 66 98 99 87 70 82 59 74 48 71 97 54 99 75 54 95 26 14 11 54 43 50 70 4 13 26 76 51 63 89 60 28 38 11 15 8 92 73 81 91 95 77 44 46 3 50 92 29 15 3 34 57 4 55 12 17 80 40 19 42 80 30 22 17 40 88 76 84 12 56 74 59 85 18 4 39 19 95 19 33 49 52 42 53 6 53 21 85 44 91 79 75 20 100 92 12 39 19 95 50 75 20 8 11 89 11 49 36 87
0 6 15
0 23 15
0 33 65
0 48 16
0 62 43
0 71 53
0 88 8
0 103 3
0 114 66
0 125 44
0 158 1
0 189 65
0 193 61
0 235 42
0 241 57
1 58 74
1 102 5
1 126 36
1 140 64
1 150 57
1 163 67
1 175 6
1 178 32
1 182 24
1 199 18
1 229 78
1 236 3
1 248 47
1 275 6
1 293 88
1 296 66
1 299 72
2 8 2
2 12 30
2 16 87
2 45 96
2 51 34
2 55 95
2 64 98
2 72 99
2 92 90
2 94 50
2 110 15
2 134 50
2 145 91
2 184 72
2 192 75
2 193 47
2 198 59
2 200 38
2 208 3
2 270 25
3 10 43
3 42 87
3 52 48
3 70 12
3 76 64
3 83 3
3 88 10
3 97 21
3 98 90
3 144 75
3 156 92
3 161 43
3 170 56
3 190 79
3 253 38
3 279 42
3 287 25
3 294 87
3 298 92
4 7 14
4 9 89
4 37 59
4 50 15
4 61 79
4 95 82
4 135 89
4 156 26
4 157 40
4 173 26
4 189 80
4 196 64
4 248 21
4 256 66
4 258 64
4 270 32
4 282 82
5 8 66
5 37 42
5 47 2
5 67 55
5 90 68
5 97 46
5 101 97
5 102 76
5 156 24
5 157 86
5 159 17
5 171 48
5 173 24
5 190 60
5 209 13
5 235 12
5 237 18
5 257 79
5 258 91
5 292 99
6 26 67
6 28 68
6 36 38
6 129 44
6 145 47
6 154 2
6 157 64
6 166 65
6 169 17
6 223 48
6 228 98
6 237 82
6 245 41
6 259 99
6 285 36
6 286 8
7 9 44
7 34 84
7 52 83
7 58 19
7 82 21
7 87 51
7 177 18
7 207 44
7 216 11
7 224 30
7 228 56
7 248 80
7 266 8
7 277 98
8 29 79
8 49 26
8 53 65
8 69 68
8 77 22
8 115 63
8 138 21
8 140 85
8 145 79
8 192 37
8 195 84
8 287 76
8 294 18
8 297 24
9 20 27
9 48 5
9 59 32
9 70 70
9 75 40
9 148 66
9 200 41
9 261 60
9 272 17
9 282 58
9 291 56
9 299 79
10 24 40
10 76 11
10 100 58
10 142 99
10 180 60
10 193 88
10 226 25
10 247 76
10 257 56
10 264 46
10 274 90
11 19 76
11 71 82
11 79 69
11 117 65
11 129 18
11 135 96
11 138 82
11 147 41
11 185 22
11 246 87
11 270 24
11 271 44
11 278 78
12 39 90
12 57 84
12 89 38
12 95 58
12 103 41
12 132 93
12 141 36
12 163 32
12 191 55
12 210 45
12 226 31
12 256 66
12 259 33
12 283 7
12 293 41
13 28 40
13 34 4
13 35 30
13 66 15
13 122 37
13 128 50
13 134 79
13 147 54
13 201 46
13 226 13
13 255 95
13 257 67
14 22 51
14 62 18
14 118 10
14 140 28
14 141 7
14 150 93
14 155 17
14 209 16
14 232 86
14 234 9
14 243 51
14 278 17
15 28 15
15 49 96
15 80 99
15 85 80
15 89 28
15 109 5
15 166 72
15 191 67
15 195 60
15 199 2
15 221 33
15 240 97
15 275 51
15 278 64
15 293 50
16 25 96
16 47 28
16 57 96
16 112 63
16 115 78
16 133 66
16 140 24
16 143 5
16 151 72
16 172 17
16 177 22
16 185 40
16 237 54
16 293 82
16 298 90
17 40 70
17 64 49
17 86 37
17 100 21
17 137 80
17 152 64
17 157 25
17 165 52
17 171 82
17 204 37
17 229 53
17 274 67
17 297 33
18 36 55
18 39 82
18 87 34
18 90 3
18 91 9
18 152 30
18 154 65
18 167 86
18 184 95
18 221 40
18 226 42
18 275 18
18 298 56
19 41 15
19 59 57
19 69 9
19 77 49
19 111 99
19 116 31
19 120 49
19 156 35
19 187 51
19 209 28
19 214 51
19 246 27
19 269 79
19 290 84
20 34 63
20 56 83
20 59 2
20 89 47
20 96 90
20 117 83
20 149 33
20 189 92
20 193 43
20 194 62
20 236 8
20 254 28
20 256 8
20 262 47
21 32 22
21 34 77
21 46 55
21 47 88
21 58 86
21 91 15
21 97 36
21 103 84
21 107 45
21 116 36
21 126 18
21 143 47
21 167 64
21 192 20
21 194 26
21 217 94
21 246 4
21 252 40
21 261 77
21 276 5
22 46 87
22 96 18
22 135 88
22 140 19
22 144 9
22 192 30
22 228 32
22 230 16
22 269 10
22 283 91
22 297 62
23 68 83
23 73 67
23 79 16
23 83 70
23 111 52
23 117 83
23 120 58
23 135 87
23 142 27
23 144 45
23 154 5
23 182 26
23 207 8
23 219 76
23 230 51
23 234 2
23 235 79
23 265 90
23 277 30
23 292 84
24 46 28
24 56 47
24 69 23
24 89 98
24 121 7
24 146 4
24 153 81
24 159 22
24 195 65
24 198 71
24 202 35
24 213 47
24 292 38
25 30 3
25 46 69
25 47 41
25 51 85
25 86 78
25 90 28
25 127 63
25 144 22
25 153 84
25 160 88
25 176 82
25 182 59
25 230 90
25 240 35
25 241 90
25 255 32
25 285 64
26 54 73
26 57 59
26 64 62
26 81 47
26 103 9
26 108 68
26 115 2
26 133 89
26 162 41
26 174 67
26 253 12
26 269 75
26 274 65
26 298 1
27 60 77
27 75 85
27 99 41
27 108 13
27 111 14
27 123 20
27 125 76
27 135 36
27 153 55
27 158 63
27 170 69
27 174 14
27 207 5
27 212 3
27 225 55
27 237 36
27 270 18
28 57 79
28 63 46
28 107 31
28 151 25
28 172 6
28 198 98
28 261 26
28 294 95
29 35 90
29 38 44
29 39 6
29 66 64
29 70 9
29 98 58
29 100 93
29 196 93
29 197 98
29 225 5
29 268 7
30 62 70
30 67 32
30 69 94
30 83 24
30 94 47
30 110 62
30 138 89
30 160 51
30 177 16
30 180 43
30 189 38
30 225 33
30 252 21
30 274 83
31 33 63
31 43 97
31 46 89
31 76 12
31 89 23
31 94 35
31 100 1
31 101 66
31 173 92
31 196 16
31 201 26
31 205 49
31 253 8
31 262 19
31 277 98
32 34 65
32 50 77
32 55 67
32 75 48
32 80 70
32 101 43
32 117 94
32 142 83
32 159 31
32 167 96
32 199 98
32 208 26
32 214 33
32 216 30
32 218 46
32 270 16
32 290 44
33 48 95
33 103 56
33 104 55
33 133 69
33 134 42
33 148 7
33 179 34
33 186 33
33 221 22
33 261 12
33 269 81
33 277 82
33 297 30
34 66 30
34 79 46
34 123 6
34 135 97
34 156 45
34 162 27
34 169 39
34 180 39
34 181 9
34 200 21
34 202 34
34 204 58
34 221 46
34 229 67
34 279 87
34 297 44
35 44 34
35 51 82
35 70 38
35 103 41
35 108 88
35 179 6
35 195 82
35 251 94
35 254 91
35 269 14
36 56 67
36 68 2
36 70 46
36 74 48
36 87 83
36 111 75
36 162 45
36 170 40
36 186 23
36 205 90
36 216 66
36 257 13
36 288 80
36 291 26
37 42 86
37 62 13
37 70 83
37 71 31
37 89 31
37 94 21
37 104 26
37 105 16
37 134 2
37 143 15
37 178 56
37 189 41
37 196 20
37 200 89
37 216 34
37 254 63
37 265 54
37 295 1
38 40 16
38 108 99
38 127 100
38 183 51
38 223 26
39 47 45
39 113 90
39 114 100
39 124 86
39 137 8
39 151 65
39 185 65
39 219 85
39 223 50
39 224 77
39 232 68
39 259 32
39 261 60
39 273 40
39 275 58
40 50 27
40 51 94
40 73 72
40 128 35
40 145 34
40 164 44
40 177 23
40 190 20
40 208 6
40 210 77
40 212 72
40 222 73
40 241 27
40 261 71
41 70 23
41 109 4
41 119 67
41 128 13
41 139 56
41 141 52
41 157 72
41 160 20
41 215 16
41 223 56
41 267 69
41 273 45
41 280 75
42 103 100
42 130 56
42 179 15
42 239 57
43 53 82
43 66 8
43 98 81
43 125 16
43 144 41
43 187 24
43 222 39
43 223 12
43 244 81
43 245 15
43 264 83
43 268 53
43 295 93
44 50 6
44 58 28
44 81 97
44 117 72
44 122 40
44 129 52
44 141 76
44 149 63
44 167 23
44 193 43
44 195 18
44 199 91
44 213 87
44 265 93
44 266 42
44 274 42
44 284 7
44 289 51
45 48 24
45 60 66
45 82 31
45 92 91
45 99 58
45 124 6
45 139 29
45 140 70
45 156 86
45 209 95
45 255 4
45 272 90
45 277 88
45 278 9
45 287 17
45 292 36
45 294 33
45 298 8
46 58 39
46 63 8
46 104 70
46 154 61
46 173 50
46 185 40
46 206 3
46 211 89
46 295 84
47 70 44
47 87 82
47 119 42
47 126 46
47 130 5
47 141 7
47 153 76
47 181 96
47 194 64
47 236 33
47 239 76
47 271 85
47 285 70
47 287 23
48 70 89
48 71 60
48 95 62
48 164 49
48 168 28
48 183 97
48 201 81
48 213 36
48 214 87
48 216 40
48 217 57
48 219 47
48 236 42
48 247 96
48 250 1
48 271 30
48 278 79
49 70 44
49 71 11
49 81 20
49 95 42
49 114 68
49 123 78
49 124 17
49 211 15
49 271 94
49 272 2
49 273 42
49 283 30
49 284 71
49 286 64
49 295 18
50 74 30
50 80 25
50 93 19
50 97 58
50 126 73
50 142 51
50 147 45
50 167 59
50 168 43
50 184 53
50 200 57
50 284 84
51 92 1
51 110 57
51 111 65
51 117 31
51 128 53
51 137 75
51 141 3
51 148 94
51 189 94
51 215 80
51 262 62
52 82 60
52 109 73
52 121 63
52 127 2
52 153 3
52 248 34
52 274 65
53 57 72
53 72 15
53 74 42
53 115 42
53 122 24
53 145 14
53 146 93
53 149 20
53 201 73
53 208 35
53 276 73
53 298 29
54 61 70
54 84 73
54 112 38
54 115 34
54 136 3
54 158 90
54 177 60
54 192 5
54 194 83
54 214 6
54 243 37
54 268 96
55 58 65
55 70 61
55 72 59
55 81 18
55 101 15
55 102 44
55 124 83
55 152 39
55 192 58
55 201 24
55 238 80
55 262 34
55 267 89
55 287 24
55 289 53
55 296 61
56 72 10
56 74 25
56 93 42
56 124 79
56 135 49
56 142 79
56 157 64
56 164 52
56 250 20
56 254 24
56 270 8
56 290 2
57 69 81
57 97 44
57 125 49
57 136 45
57 142 5
57 169 7
57 181 63
57 189 19
57 192 2
57 195 97
57 205 57
57 268 60
57 280 72
57 291 89
58 64 45
58 74 60
58 95 12
58 110 97
58 134 73
58 135 22
58 204 74
58 245 14
58 257 52
58 272 22
58 286 44
59 67 16
59 81 25
59 101 63
59 107 39
59 127 85
59 134 16
59 140 19
59 143 28
59 144 64
59 147 15
59 168 84
59 178 23
59 236 29
60 75 55
60 76 24
60 90 25
60 97 63
60 99 35
60 117 96
60 119 51
60 154 79
60 162 8
60 168 15
60 199 76
60 214 80
60 255 36
60 286 1
60 291 45
60 294 87
60 297 22
61 101 88
61 143 2
61 148 99
61 159 2
61 186 92
61 196 83
61 200 69
61 211 62
61 215 62
61 224 32
61 248 29
61 260 46
61 263 6
61 269 57
61 270 52
62 76 30
62 114 82
62 162 14
62 163 16
62 168 29
62 173 17
62 221 95
62 250 88
62 256 31
62 259 22
63 105 67
63 131 18
63 138 22
63 154 63
63 155 56
63 188 95
63 197 2
63 212 10
63 257 45
63 286 3
64 76 53
64 78 27
64 90 71
64 94 15
64 100 89
64 107 55
64 142 43
64 190 86
64 229 60
64 253 51
64 257 37
64 262 41
64 269 84
64 284 2
65 106 57
65 153 13
65 174 70
65 187 3
65 238 52
65 264 100
66 77 76
66 95 71
66 113 69
66 142 97
66 199 33
66 232 25
66 257 43
66 266 35
67 71 86
67 95 88
67 99 89
67 106 38
67 125 66
67 157 12
67 191 4
67 212 54
67 213 66
67 226 46
67 254 91
67 280 77
68 76 49
68 137 79
68 143 70
68 237 32
68 262 81
68 293 78
69 76 96
69 86 2
69 100 80
69 104 48
69 107 2
69 111 55
69 131 18
69 140 22
69 141 3
69 152 2
69 171 98
69 212 45
69 217 36
69 235 83
69 264 84
69 274 77
69 277 21
70 103 50
70 104 88
70 123 24
70 137 55
70 139 5
70 226 22
70 245 46
70 250 81
70 257 22
71 73 24
71 89 50
71 124 53
71 149 56
71 153 79
71 168 49
71 169 58
71 177 58
71 186 48
71 200 11
71 204 64
71 211 17
71 226 84
71 236 66
71 256 18
71 258 82
71 265 63
72 75 6
72 94 16
72 98 46
72 173 82
72 195 88
72 220 47
72 243 69
72 265 12
72 295 2
73 80 73
73 98 85
73 148 99
73 165 5
73 203 6
73 208 74
73 215 7
73 229 10
73 235 30
73 264 85
73 277 58
74 101 39
74 108 95
74 131 57
74 158 1
74 182 58
74 184 73
74 185 84
74 188 76
74 217 91
74 244 17
74 281 90
74 285 96
74 295 33
75 90 87
75 92 77
75 95 20
75 144 34
75 168 97
75 190 83
75 195 87
75 220 21
75 228 19
75 235 85
75 268 77
75 272 24
75 297 58
76 89 83
76 109 34
76 118 39
76 130 20
76 148 43
76 202 29
76 206 66
76 214 100
76 233 29
76 244 23
76 252 24
76 274 65
76 285 50
76 292 14
76 298 81
77 87 39
77 91 61
77 162 13
77 191 26
77 202 37
77 243 85
77 248 59
77 252 85
77 283 67
77 285 97
77 298 57
77 299 86
78 99 81
78 102 34
78 132 61
78 144 90
78 150 68
78 230 46
78 236 81
78 242 39
78 265 41
78 281 9
78 297 4
79 88 40
79 89 90
79 172 79
79 183 15
79 198 54
79 226 28
79 229 29
79 230 34
79 232 19
79 242 89
79 243 99
79 249 44
79 267 78
79 274 83
79 278 54
79 288 14
80 96 1
80 109 50
80 117 71
80 135 86
80 187 30
80 194 56
80 199 99
80 219 71
80 241 23
80 254 44
80 256 51
80 262 14
80 277 84
80 278 12
81 147 17
81 172 75
81 177 1
81 194 47
81 217 90
81 218 6
81 228 75
81 242 70
81 261 39
81 262 93
82 105 58
82 108 89
82 112 88
82 115 87
82 137 23
82 142 41
82 148 1
82 155 24
82 216 90
82 240 23
82 249 61
82 288 71
83 145 78
83 149 59
83 161 93
83 243 52
83 272 55
84 105 44
84 136 65
84 155 38
84 162 7
84 195 34
84 205 65
84 207 7
84 254 80
84 265 54
84 280 12
84 292 6
84 293 23
84 294 2
85 114 50
85 158 32
85 159 43
85 162 37
85 227 19
85 252 65
86 105 77
86 113 71
86 115 88
86 143 18
86 165 93
86 177 49
86 197 88
86 262 70
86 290 59
87 121 33
87 122 73
87 125 13
87 156 28
87 251 38
87 262 51
87 292 34
88 93 71
88 107 15
88 153 92
88 194 2
88 203 20
88 207 55
88 248 8
88 268 94
89 103 56
89 104 57
89 147 25
89 165 50
89 172 94
89 214 95
89 245 15
89 247 22
89 251 65
89 265 2
89 270 40
89 273 9
90 103 2
90 109 79
90 115 30
90 118 61
90 125 11
90 127 3
90 193 25
90 196 90
90 199 92
90 214 27
90 229 23
90 248 62
90 251 93
90 272 14
90 282 15
90 297 12
91 113 68
91 153 22
91 155 5
91 167 76
92 97 31
92 116 82
92 120 25
92 140 76
92 141 28
92 142 91
92 175 97
92 219 93
92 221 45
92 223 88
92 231 53
92 242 46
92 289 19
93 95 83
93 116 58
93 122 81
93 124 85
93 134 83
93 157 71
93 160 76
93 176 61
93 182 93
93 186 89
93 215 54
93 227 59
93 232 3
93 242 65
93 250 26
93 283 77
94 107 22
94 114 53
94 152 59
94 154 55
94 160 30
94 217 34
94 231 82
94 237 20
95 99 30
95 111 26
95 158 64
95 159 70
95 160 79
95 165 62
95 176 88
95 217 61
95 233 71
95 243 68
95 247 45
95 265 5
95 283 38
95 288 72
96 119 66
96 138 83
96 159 60
96 168 19
96 189 41
96 199 14
96 216 83
96 249 18
96 277 90
96 292 56
97 106 23
97 116 100
97 135 10
97 143 4
97 174 33
98 146 92
98 157 23
98 185 15
98 212 69
98 282 39
98 297 84
99 116 47
99 121 52
99 156 23
99 161 7
99 181 22
99 183 90
99 209 51
99 211 27
99 218 80
99 247 22
99 259 92
99 270 62
99 279 33
99 292 62
100 113 54
100 214 47
100 255 96
100 267 71
100 290 88
101 130 52
101 187 45
101 201 88
101 228 13
101 233 48
101 245 20
101 279 56
102 148 23
102 221 86
102 237 25
102 244 13
102 246 69
102 281 71
102 294 64
103 176 91
103 198 78
103 204 37
103 209 33
103 232 80
103 236 15
103 247 12
103 258 54
103 276 58
103 284 25
104 117 38
104 141 19
104 167 78
104 185 84
104 196 15
104 237 100
104 242 24
104 265 18
104 279 45
105 117 63
105 144 30
105 176 92
105 183 34
105 212 86
105 214 66
105 235 20
105 237 62
105 257 78
105 266 40
105 281 32
105 291 41
106 113 31
106 134 61
106 151 78
106 187 63
106 189 93
106 190 44
106 191 26
106 213 46
106 232 2
106 249 2
106 253 83
106 295 20
106 296 31
107 109 19
107 148 34
107 162 82
107 166 94
107 238 3
107 257 26
107 282 56
107 288 33
107 289 70
107 297 41
108 109 70
108 119 35
108 144 60
108 192 31
108 233 13
108 256 100
108 279 14
109 124 5
109 127 82
109 147 75
109 168 34
109 177 96
109 217 67
109 250 78
109 285 73
110 112 64
110 120 79
110 153 74
110 187 98
110 192 50
110 229 4
110 232 68
110 264 84
110 282 37
110 284 13
111 130 38
111 136 63
111 142 20
111 152 70
111 162 84
111 211 61
111 213 39
111 242 70
111 254 72
111 280 21
112 136 34
112 140 71
112 164 35
112 209 91
112 241 4
112 247 61
112 263 24
112 266 99
112 274 79
112 280 53
113 128 23
113 142 94
113 163 31
113 190 96
113 223 91
113 230 81
113 238 51
114 124 11
114 163 16
114 220 88
114 226 23
114 262 53
114 271 2
114 283 43
114 298 75
115 116 37
115 129 55
115 187 65
115 189 58
115 191 26
115 199 86
116 117 44
116 139 49
116 145 72
116 148 34
116 155 52
116 196 32
116 204 57
116 210 3
116 221 62
116 234 10
116 267 25
116 282 55
117 176 92
117 180 73
117 207 97
117 209 24
117 229 75
117 263 7
117 265 39
117 279 14
117 280 82
118 164 44
118 167 67
118 185 76
118 191 18
118 193 55
118 244 30
118 246 82
118 255 13
118 275 55
118 284 19
118 290 56
119 122 3
119 129 90
119 178 89
119 192 55
119 198 73
119 206 97
119 214 9
119 234 34
119 235 58
119 264 85
119 275 88
119 296 2
120 122 9
120 128 85
120 135 25
120 162 84
120 178 43
120 189 16
120 206 49
120 219 24
120 229 11
120 274 16
120 277 51
121 130 80
121 131 22
121 138 80
121 145 13
121 171 34
121 173 35
121 221 32
121 227 41
121 244 37
121 293 21
122 128 29
122 130 43
122 219 46
122 238 78
122 251 3
122 284 79
122 292 87
123 128 88
123 189 19
123 209 88
123 217 96
123 280 3
124 126 65
124 136 31
124 148 97
124 165 80
124 213 80
124 221 73
124 263 90
124 275 47
125 129 23
125 141 21
125 158 68
125 193 3
125 195 33
125 201 54
125 237 37
125 243 64
125 272 94
125 279 25
126 146 37
126 158 75
126 165 20
126 175 82
126 227 4
126 230 22
126 258 60
126 274 90
126 279 61
126 298 78
127 169 30
127 207 9
127 228 32
127 247 94
127 253 91
127 273 81
127 293 25
128 170 22
128 208 53
128 210 66
128 222 68
128 225 75
128 241 86
128 285 88
129 149 77
129 175 18
129 182 93
129 199 65
129 212 82
129 230 86
129 234 42
129 294 70
130 132 12
130 133 13
130 137 51
130 159 15
130 225 86
130 245 62
130 246 57
130 260 47
130 264 92
130 270 86
130 282 7
130 293 75
130 299 31
131 132 97
131 148 55
131 156 55
131 168 19
131 185 7
131 217 20
131 218 38
131 220 34
131 221 5
131 234 77
131 252 62
131 263 22
131 268 69
131 281 27
132 178 55
132 195 7
132 238 20
132 241 24
132 262 18
132 271 32
132 272 26
132 279 85
132 289 17
133 141 88
133 161 41
133 174 15
133 187 31
133 228 78
133 238 73
133 286 5
134 160 8
134 180 70
134 207 60
134 218 62
134 219 40
134 243 18
134 252 81
134 271 77
135 138 51
135 151 37
135 185 6
135 226 13
135 252 10
135 295 74
136 147 91
136 192 65
136 195 32
136 196 62
136 218 40
136 279 2
137 180 93
137 181 66
137 272 86
137 273 61
137 281 5
138 151 78
138 164 28
138 174 35
138 182 55
138 219 100
138 223 91
138 229 62
138 237 21
138 252 50
138 255 23
138 276 12
138 296 20
139 146 55
139 177 89
139 198 70
139 199 43
139 201 46
139 212 34
139 226 52
139 233 71
139 239 24
139 266 68
139 280 3
140 181 85
140 208 60
140 240 4
140 254 29
140 260 25
140 261 41
140 262 42
140 279 81
141 155 18
141 159 21
141 164 15
141 201 72
141 221 72
141 231 5
141 255 33
141 261 45
142 190 7
142 214 7
142 251 56
142 289 26
143 152 13
143 210 96
143 212 47
143 235 55
143 237 41
143 251 81
143 271 58
143 281 12
144 225 56
144 235 26
144 270 14
144 278 93
144 283 85
145 151 69
145 161 73
145 168 61
145 191 9
145 220 66
145 275 41
145 284 26
146 155 86
146 159 7
146 164 49
146 196 58
147 165 63
147 173 33
147 190 54
147 193 21
147 235 39
147 279 9
148 171 98
148 174 3
148 237 5
148 267 97
148 275 57
149 169 45
149 181 77
149 216 14
149 232 8
149 260 84
149 261 91
149 265 73
149 269 28
150 163 75
150 168 41
150 194 1
150 219 87
150 225 1
150 252 66
150 258 79
150 277 78
150 288 4
150 297 85
150 299 26
151 156 13
151 173 100
151 184 58
151 185 66
151 207 20
151 235 48
151 262 74
151 276 70
151 287 50
152 218 78
152 224 66
152 257 6
152 276 75
152 291 94
153 178 72
153 181 82
153 195 77
153 218 62
153 253 55
153 269 57
153 287 89
153 294 47
154 158 57
154 177 27
154 195 48
154 213 74
154 242 6
154 246 25
154 272 29
154 274 42
154 281 3
154 288 41
155 156 41
155 163 60
155 189 58
155 216 13
155 217 8
155 226 32
155 236 34
155 265 9
156 158 61
156 159 99
156 174 67
156 205 87
156 218 92
156 240 38
156 256 69
156 274 20
156 296 51
157 171 75
157 173 28
157 206 91
157 258 73
158 221 36
158 237 70
158 250 20
158 273 10
158 286 75
159 182 97
159 184 90
159 226 16
159 265 51
159 281 31
159 288 9
159 297 10
160 195 88
160 198 73
160 200 69
160 204 71
160 224 6
160 240 30
160 253 32
160 265 56
161 181 96
161 213 70
161 217 99
161 241 85
161 242 90
161 244 18
161 251 87
161 255 64
161 266 98
162 191 78
162 212 89
162 219 33
162 226 47
162 227 60
162 234 42
162 267 73
162 285 56
163 190 84
163 205 40
163 222 58
163 223 14
163 243 48
163 267 68
163 268 53
163 273 72
163 274 88
163 291 24
163 292 77
163 293 17
163 299 7
164 172 84
164 228 64
164 231 76
164 268 82
164 269 48
164 283 18
165 183 52
165 241 35
165 281 81
166 183 49
166 208 64
166 283 21
167 170 81
167 182 62
167 211 81
167 279 75
168 171 34
168 175 88
168 176 58
168 220 73
168 222 46
168 223 71
168 253 73
169 173 65
169 177 75
169 192 44
169 220 52
169 254 98
169 290 73
170 180 21
170 189 56
170 190 56
170 224 84
170 248 84
171 206 38
171 265 84
171 273 1
171 279 89
171 286 70
172 184 33
172 192 89
172 198 33
172 215 54
172 290 69
172 294 94
173 190 34
173 201 43
173 254 79
173 297 21
174 210 100
174 233 3
174 261 18
174 269 22
174 281 75
174 288 82
175 247 97
175 252 71
175 280 86
175 294 46
175 296 95
176 197 6
176 199 54
176 215 50
176 227 41
176 244 89
176 246 39
176 291 76
176 292 89
177 198 79
177 212 45
177 237 73
177 238 67
177 281 77
178 229 78
178 248 36
178 268 22
179 219 63
179 222 30
179 229 52
179 246 36
179 261 82
180 228 55
180 234 53
180 250 3
180 265 81
180 268 35
180 269 51
180 281 3
181 206 20
181 297 49
182 200 97
182 214 77
182 224 2
182 256 99
182 282 69
183 226 42
183 266 89
183 270 45
183 276 30
183 282 68
183 288 41
184 188 54
184 189 86
184 242 70
184 244 32
184 271 73
184 280 91
184 282 94
185 191 3
185 237 95
185 242 29
185 245 36
185 253 1
186 231 82
186 239 38
186 240 81
186 259 68
186 263 41
186 268 84
186 295 39
187 201 89
187 205 32
187 208 15
187 216 42
187 219 30
187 270 35
187 271 83
187 280 71
187 283 31
188 194 64
188 201 38
188 249 72
188 272 69
189 191 75
189 200 41
189 211 100
189 223 48
189 231 83
189 242 46
189 258 2
189 265 77
190 213 26
190 262 89
190 267 77
190 277 59
191 209 26
191 220 10
191 239 26
191 242 18
191 266 45
191 283 16
192 234 58
192 260 76
192 275 30
192 289 51
192 293 58
193 216 17
193 227 85
193 237 28
193 247 47
193 250 48
193 276 17
194 203 18
194 267 69
194 280 43
194 293 58
195 226 20
195 234 42
195 255 93
195 287 65
196 204 95
196 205 21
196 214 43
196 221 83
196 299 98
197 201 1
197 215 61
197 258 59
197 283 79
197 285 78
198 204 3
198 226 94
198 232 36
198 237 30
198 240 76
198 261 86
199 229 87
199 241 92
199 246 71
199 257 66
199 285 38
200 205 70
200 229 34
200 230 56
200 234 90
200 239 77
200 256 65
201 260 10
201 269 18
201 283 57
201 286 74
202 214 13
202 223 78
202 237 68
203 218 95
203 247 27
203 285 69
203 291 55
204 220 85
204 221 47
204 232 85
204 239 87
204 258 40
205 217 20
205 244 68
205 256 15
205 257 57
205 266 55
205 285 6
205 291 79
206 237 72
206 240 96
206 245 1
206 247 6
206 291 51
207 211 90
207 214 82
207 215 15
207 234 99
207 273 51
207 289 24
208 212 25
208 243 63
208 295 53
208 297 92
209 260 10
209 291 79
210 254 12
210 269 64
211 227 15
212 219 10
212 233 48
212 238 53
212 243 50
212 269 19
213 262 20
213 264 16
213 281 28
213 283 26
213 289 74
213 296 6
214 272 98
214 294 21
215 232 58
215 270 55
215 290 71
216 253 48
216 255 88
216 256 37
216 276 98
216 286 38
216 297 12
217 236 74
217 268 53
218 246 64
218 247 18
218 251 62
218 283 94
219 238 29
219 242 25
219 244 8
219 273 39
219 283 25
221 247 60
221 254 40
221 260 95
222 231 80
222 291 7
223 234 22
223 246 57
223 250 32
223 256 80
223 262 54
223 265 52
223 274 89
223 285 60
224 238 74
224 281 88
224 289 47
225 241 11
225 263 86
225 271 85
225 283 22
225 289 11
227 233 37
227 253 38
227 257 28
227 259 98
227 270 31
227 275 9
227 295 74
227 298 39
228 245 99
228 253 50
228 255 50
228 263 38
228 272 97
228 281 81
229 238 96
229 277 70
229 282 38
229 283 28
230 239 1
230 244 43
230 254 31
230 256 90
230 267 3
230 280 5
231 254 77
232 259 49
232 262 67
232 283 62
232 292 85
233 237 40
233 244 25
234 237 73
234 252 77
234 284 52
235 259 22
235 263 8
235 272 12
235 278 48
235 287 98
235 296 10
236 270 49
236 277 47
236 285 47
236 288 45
237 248 28
237 249 95
237 288 15
237 290 65
238 242 22
238 254 15
238 266 7
238 274 4
238 283 56
238 285 61
239 273 8
239 275 33
239 277 10
239 290 74
240 267 46
241 267 46
241 268 14
241 277 70
242 266 19
242 274 42
242 286 22
243 244 40
243 268 49
243 269 85
243 280 87
243 297 98
244 265 95
245 256 36
245 261 45
245 265 41
245 270 32
245 275 24
245 290 35
246 257 98
246 286 40
247 274 8
247 277 13
247 288 98
248 257 12
248 266 68
248 277 59
250 251 71
250 281 52
251 273 20
251 288 97
252 278 98
252 283 65
252 291 62
253 258 67
253 285 35
253 290 3
255 262 40
255 267 75
255 281 4
255 290 25
256 288 13
257 270 1
257 275 19
258 262 100
259 260 97
260 264 11
260 292 84
260 293 20
261 262 98
261 264 81
261 287 11
262 272 5
264 295 45
265 281 9
265 299 68
266 288 65
267 290 67
267 298 91
268 284 16
269 270 86
269 286 87
270 285 13
270 291 2
272 291 48
272 294 32
273 277 37
273 280 2
273 297 71
275 289 63
276 290 5
276 292 47
278 282 27
278 283 58
279 282 65
280 299 27
283 286 54
286 299 28
290 292 62
291 298 26
300 316 8
300 333 60
300 345 10
300 354 33
300 359 42
300 380 30
300 393 17
300 426 42
300 451 68
300 500 29
300 509 17
300 522 53
300 524 58
300 544 95
300 551 8
300 569 33
300 580 52
301 313 50
301 326 62
301 342 51
301 344 96
301 347 75
301 355 42
301 372 20
301 378 8
301 390 81
301 408 34
301 465 41
301 470 62
301 492 54
301 560 10
301 564 21
301 565 13
301 596 72
302 318 5
302 325 6
302 331 53
302 365 74
302 383 48
302 386 72
302 398 2
302 419 16
302 441 77
302 545 12
302 548 62
302 567 36
302 583 96
302 598 13
303 312 85
303 328 57
303 350 15
303 355 81
303 382 84
303 408 56
303 449 52
303 474 43
303 478 88
303 487 85
303 542 83
304 307 1
304 308 90
304 311 45
304 327 22
304 342 54
304 346 68
304 385 26
304 421 12
304 422 72
304 449 99
304 453 11
304 455 95
304 508 1
304 509 26
304 512 71
304 518 64
304 563 87
304 585 59
304 587 59
304 594 52
305 315 43
305 366 16
305 377 66
305 424 75
305 428 51
305 448 22
305 489 79
305 515 93
305 543 61
305 568 63
305 584 27
305 596 62
306 325 53
306 327 23
306 331 83
306 371 58
306 389 42
306 395 60
306 435 69
306 437 13
306 457 59
306 459 79
306 487 60
306 515 11
306 549 4
306 566 82
306 569 74
306 588 43
307 326 40
307 335 32
307 337 94
307 343 35
307 348 99
307 356 11
307 359 61
307 365 1
307 369 84
307 376 39
307 382 93
307 400 45
307 474 2
307 486 72
307 513 6
307 514 6
307 519 94
307 527 40
307 583 15
307 587 36
308 330 99
308 370 84
308 394 100
308 416 9
308 440 14
308 450 59
308 462 71
308 489 70
308 497 41
308 536 96
308 579 12
309 438 32
309 470 28
309 510 57
309 526 66
309 557 78
309 565 67
310 317 27
310 340 31
310 360 51
310 420 65
310 443 23
310 455 95
310 473 18
310 477 46
310 480 52
310 504 75
310 506 40
310 532 91
310 547 90
310 579 27
310 583 41
311 324 73
311 326 26
311 331 50
311 363 86
311 377 37
311 405 20
311 445 55
311 486 29
311 512 16
311 514 18
311 545 60
312 315 95
312 324 26
312 338 26
312 363 24
312 367 93
312 381 4
312 399 54
312 418 95
312 449 68
312 451 29
312 485 41
312 486 38
312 550 74
312 579 92
312 598 12
313 320 65
313 345 34
313 384 1
313 390 91
313 402 74
313 430 25
313 462 69
313 526 23
313 549 63
313 554 5
313 579 95
314 323 69
314 346 33
314 376 10
314 408 87
314 412 92
314 500 56
314 509 12
314 527 69
314 545 31
315 316 56
315 349 72
315 383 85
315 442 50
315 460 92
315 480 65
315 512 90
315 534 29
315 543 90
315 568 33
316 353 40
316 372 55
316 385 66
316 487 93
316 505 97
316 530 40
316 552 69
316 555 17
316 560 62
316 575 31
316 591 21
317 323 56
317 325 100
317 328 5
317 335 17
317 339 38
317 382 49
317 386 24
317 388 1
317 403 69
317 409 55
317 444 57
317 458 41
317 459 91
317 460 58
317 471 32
317 485 55
317 536 48
317 576 60
317 595 44
318 340 80
318 356 51
318 389 50
318 411 46
318 429 95
318 463 99
318 491 37
318 503 64
318 542 15
318 572 98
319 342 94
319 344 88
319 395 6
319 402 45
319 427 44
319 463 74
319 468 82
319 481 92
319 521 50
319 528 35
319 555 61
319 571 4
320 337 91
320 343 53
320 363 94
320 364 48
320 385 84
320 398 100
320 410 47
320 426 95
320 436 95
320 438 79
320 448 97
320 453 45
320 461 76
320 513 92
320 514 95
320 587 12
320 588 7
321 334 9
321 340 61
321 349 100
321 363 96
321 432 18
321 449 97
321 453 40
321 489 44
321 518 30
321 534 83
321 549 93
321 556 64
321 591 95
322 328 96
322 330 54
322 338 47
322 344 41
322 346 54
322 368 82
322 370 40
322 410 100
322 418 76
322 427 86
322 435 30
322 471 25
322 486 30
322 502 5
322 531 16
322 541 24
322 562 68
322 587 74
322 591 85
323 345 29
323 360 25
323 419 32
323 421 46
323 429 21
323 471 71
323 564 41
323 580 51
323 584 6
323 594 33
324 335 66
324 345 100
324 361 80
324 384 72
324 393 47
324 410 72
324 418 25
324 419 28
324 420 63
324 472 76
324 487 56
324 495 49
324 504 6
324 506 80
324 516 78
324 523 62
325 360 47
325 368 54
325 377 30
325 430 20
325 440 90
325 457 58
325 463 44
325 467 21
325 478 55
325 488 17
325 491 44
325 502 96
325 549 19
325 552 49
325 554 80
325 580 84
325 588 100
326 329 60
326 341 55
326 354 46
326 378 31
326 379 31
326 381 26
326 407 94
326 424 7
326 443 33
326 453 94
326 500 64
326 517 12
326 533 23
326 566 25
326 572 10
326 573 28
327 362 6
327 367 81
327 383 17
327 389 15
327 393 76
327 400 90
327 412 70
327 444 92
327 458 33
327 481 17
327 490 10
327 521 33
327 526 48
327 532 46
327 594 32
328 343 7
328 349 100
328 362 30
328 366 90
328 368 31
328 424 7
328 487 35
328 494 89
328 534 39
328 546 28
328 559 52
328 560 2
328 572 2
328 597 28
329 370 11
329 384 30
329 409 34
329 430 91
329 441 46
329 444 48
329 462 18
329 464 35
329 500 69
329 506 10
329 520 19
329 553 37
330 344 71
330 362 51
330 366 85
330 376 16
330 378 83
330 396 43
330 422 68
330 439 64
330 463 32
330 467 50
330 478 70
330 518 18
330 569 38
330 573 8
330 585 97
331 385 41
331 393 9
331 467 99
331 516 68
331 518 71
331 544 28
331 548 53
331 567 13
331 572 25
331 579 53
331 587 30
331 596 12
331 599 21
332 356 91
332 392 30
332 422 58
332 463 62
332 474 81
332 527 42
332 565 29
332 576 15
332 593 84
332 597 48
333 370 30
333 407 68
333 426 97
333 445 99
333 476 37
333 526 86
333 540 6
333 547 86
333 561 26
333 594 66
333 598 36
334 351 46
334 355 36
334 365 15
334 382 50
334 387 100
334 392 39
334 416 2
334 421 29
334 459 50
334 493 23
334 516 20
334 535 80
334 548 32
334 554 33
334 584 12
335 380 25
335 383 61
335 384 78
335 389 60
335 395 61
335 401 7
335 432 79
335 434 57
335 438 5
335 444 68
335 455 43
335 482 62
335 498 5
335 523 20
335 532 79
335 590 40
336 340 65
336 362 14
336 382 54
336 389 67
336 390 65
336 423 44
336 431 68
336 456 93
336 459 46
336 477 42
336 480 12
336 491 77
336 502 73
336 534 96
336 541 40
336 546 49
336 555 9
336 578 17
337 345 61
337 355 69
337 361 23
337 366 39
337 410 77
337 419 79
337 473 58
337 543 19
337 565 92
337 587 62
338 418 91
338 455 70
338 492 1
338 571 7
338 582 35
339 391 6
339 401 73
339 415 99
339 422 2
339 437 41
339 447 91
339 474 47
339 476 82
339 507 55
339 561 75
339 580 7
339 590 50
340 356 14
340 366 7
340 373 10
340 419 30
340 434 67
340 503 78
340 524 4
340 537 58
340 540 55
340 552 82
340 579 15
341 352 25
341 364 73
341 376 77
341 381 15
341 386 94
341 388 77
341 414 74
341 431 28
341 458 35
341 468 46
341 475 26
341 496 36
341 533 38
341 543 68
341 588 34
342 372 72
342 387 22
342 417 8
342 444 30
342 455 24
342 500 21
342 526 36
342 527 33
342 555 2
342 571 3
342 573 63
342 580 5
342 584 12
343 357 69
343 369 38
343 388 26
343 400 93
343 440 10
343 448 2
343 454 60
343 456 3
343 466 31
343 468 85
343 484 82
343 486 65
343 491 30
343 525 7
343 531 52
343 535 20
343 562 26
343 565 85
343 585 91
344 380 48
344 383 92
344 396 20
344 422 23
344 432 64
344 440 7
344 464 7
344 479 65
344 487 61
344 524 21
344 525 69
344 544 72
344 575 89
344 576 6
345 346 98
345 406 34
345 444 67
345 462 51
345 468 93
345 480 21
345 539 81
345 582 77
345 588 2
346 358 97
346 360 58
346 367 60
346 392 48
346 405 29
346 425 85
346 476 84
346 493 19
346 502 84
346 509 75
346 518 90
346 520 58
346 525 90
346 533 97
346 535 65
346 541 54
346 555 57
346 557 37
346 561 22
346 562 81
346 565 26
346 567 79
346 575 78
346 577 59
347 353 45
347 361 28
347 369 3
347 374 17
347 402 61
347 407 31
347 413 18
347 455 9
347 472 40
347 512 29
347 514 57
347 525 69
347 578 14
348 364 92
348 387 87
348 414 49
348 422 19
348 461 29
348 500 7
348 501 8
348 506 25
348 514 23
348 541 62
348 568 33
349 354 59
349 378 35
349 383 13
349 397 36
349 404 14
349 415 42
349 443 94
349 486 10
349 487 22
349 493 48
349 494 27
349 505 82
349 576 30
349 577 44
349 585 90
349 593 70
350 358 25
350 363 98
350 390 38
350 402 38
350 415 42
350 435 76
350 517 86
350 551 60
350 580 4
350 586 44
350 590 67
351 361 80
351 376 66
351 387 28
351 405 13
351 431 77
351 440 15
351 450 77
351 504 12
351 578 28
351 599 19
352 375 58
352 382 37
352 478 40
352 514 57
352 521 63
352 528 73
352 531 87
352 533 59
352 534 14
352 581 56
353 356 83
353 374 64
353 403 45
353 425 72
353 433 5
353 480 20
353 495 9
353 496 64
353 531 76
353 557 53
353 571 30
354 355 55
354 368 70
354 406 10
354 420 19
354 426 46
354 449 24
354 470 96
354 495 10
354 500 3
354 506 66
354 523 19
354 538 91
354 555 5
354 566 75
354 578 54
354 597 29
354 599 61
355 386 64
355 387 42
355 398 68
355 410 98
355 417 57
355 438 12
355 442 21
355 446 61
355 451 84
355 459 29
355 465 24
355 467 59
355 473 33
355 478 6
355 501 65
355 515 3
355 523 67
355 549 84
355 552 100
355 563 42
355 585 31
355 586 61
355 590 96
355 596 96
356 378 79
356 381 86
356 404 52
356 425 6
356 444 91
356 456 32
356 505 66
356 507 54
356 514 73
356 519 34
356 539 3
356 542 82
356 588 97
357 363 23
357 379 42
357 383 80
357 401 52
357 430 18
357 445 90
357 456 36
357 478 75
357 487 55
357 488 38
357 517 41
357 533 90
357 553 90
357 556 34
358 386 72
358 391 50
358 409 29
358 417 67
358 439 81
358 465 14
358 487 70
358 509 86
358 526 5
358 541 1
358 548 3
358 551 10
358 585 25
359 389 88
359 392 65
359 398 6
359 428 85
359 433 87
359 434 48
359 443 16
359 489 90
359 506 17
359 525 6
359 541 26
359 590 91
360 446 12
360 453 15
360 481 83
360 502 53
360 508 4
360 509 16
360 521 24
360 524 6
360 540 44
360 543 90
360 545 38
360 559 9
360 560 11
360 563 23
360 572 65
360 585 11
361 426 25
361 436 27
361 463 87
361 480 13
361 493 91
361 507 93
361 520 49
361 562 77
361 597 92
361 599 64
362 368 19
362 376 60
362 386 21
362 409 96
362 432 50
362 475 84
362 495 10
362 499 32
362 502 36
362 515 66
362 525 99
362 545 59
362 567 23
362 595 94
363 394 100
363 403 60
363 405 2
363 406 10
363 422 34
363 466 19
363 467 72
363 481 58
363 508 45
363 528 59
363 544 22
363 565 35
364 399 3
364 411 22
364 413 63
364 464 46
364 503 38
364 509 81
364 542 5
364 543 10
364 561 76
364 571 6
364 595 94
365 400 38
365 409 37
365 415 29
365 459 3
365 473 35
365 477 40
365 489 77
365 542 80
365 544 39
365 556 36
365 573 81
365 589 1
366 378 69
366 392 99
366 393 24
366 394 78
366 403 95
366 409 34
366 411 52
366 416 29
366 445 36
366 451 73
366 455 44
366 466 33
366 478 10
366 482 24
366 487 37
366 503 72
366 508 52
366 517 42
366 528 65
366 534 41
366 580 30
366 597 45
366 599 95
367 399 16
367 448 84
367 490 71
367 545 95
367 578 75
367 580 58
367 590 28
367 593 75
368 394 26
368 412 78
368 435 50
368 440 55
368 441 73
368 465 84
368 471 6
368 482 53
368 491 19
368 495 31
368 516 96
368 527 4
368 571 92
368 574 72
368 576 40
368 586 63
368 595 75
369 439 34
369 447 27
369 455 15
369 471 15
369 482 24
369 488 9
369 558 31
369 566 7
369 569 31
369 585 77
370 376 81
370 405 88
370 415 56
370 421 7
370 444 65
370 446 34
370 451 57
370 459 71
370 484 6
370 496 40
370 500 29
370 525 10
370 534 10
370 536 59
370 560 6
370 575 13
370 592 2
371 400 77
371 448 5
371 465 65
371 466 51
371 516 90
371 519 43
371 536 17
371 546 4
371 549 66
371 550 77
372 408 86
372 409 25
372 456 7
372 467 15
372 481 57
372 484 46
372 526 70
372 533 64
372 546 62
372 575 3
372 584 72
372 589 32
373 378 60
373 407 63
373 412 60
373 491 70
373 520 72
373 531 70
373 532 27
373 535 37
373 567 72
373 577 3
373 586 93
373 590 88
373 592 5
374 376 82
374 450 30
374 492 21
374 532 37
375 381 48
375 453 97
375 469 75
375 493 72
375 512 55
375 529 89
375 541 28
375 553 100
375 555 10
376 384 43
376 418 13
376 444 65
376 453 66
376 455 44
376 480 76
376 505 28
376 527 56
376 550 97
376 581 52
376 589 77
377 379 23
377 389 88
377 418 48
377 424 77
377 430 80
377 457 87
377 464 81
377 467 13
377 497 17
377 519 53
377 537 1
377 542 16
377 551 1
377 564 75
378 455 39
378 492 7
378 495 15
378 498 18
378 565 58
378 577 77
378 595 13
379 394 70
379 400 41
379 412 78
379 477 66
379 482 16
379 501 6
379 524 21
379 526 13
379 576 57
379 582 97
380 407 35
380 418 96
380 425 97
380 432 64
380 443 27
380 473 83
380 481 44
380 495 39
381 422 51
381 431 49
381 432 91
381 435 18
381 450 1
381 454 18
381 466 56
381 526 8
381 585 32
382 418 26
382 419 65
382 438 60
382 449 38
382 475 35
382 480 100
382 496 15
382 510 100
382 563 16
382 588 72
382 595 72
383 426 80
383 460 28
383 518 68
383 529 14
383 556 75
383 572 16
383 588 77
384 445 1
384 448 99
384 495 73
384 512 91
384 526 1
384 538 73
384 567 82
385 438 19
385 439 73
385 449 99
385 460 74
385 462 80
385 475 82
385 486 99
385 512 45
385 527 42
385 531 88
385 532 31
385 558 41
385 568 55
385 574 30
385 585 8
386 388 26
386 393 53
386 407 87
386 413 6
386 437 20
386 439 53
386 449 80
386 470 88
386 477 29
386 483 81
386 525 86
386 530 53
386 533 71
386 562 86
386 579 25
386 584 4
387 409 4
387 424 50
387 455 2
387 463 30
387 467 29
387 486 84
387 496 80
387 538 25
387 582 25
388 405 68
388 408 55
388 412 17
388 476 74
388 498 36
388 520 25
388 538 99
388 555 88
388 556 63
388 586 56
388 598 60
389 434 15
389 502 88
389 549 47
389 551 96
389 592 20
390 458 84
390 470 48
390 502 42
390 510 21
390 516 25
390 538 46
390 542 77
390 544 74
390 570 47
390 592 6
390 596 54
391 449 82
391 457 37
391 458 79
391 470 58
391 491 56
391 520 85
391 544 27
391 546 29
391 571 73
391 579 3
391 581 80
392 404 60
392 405 65
392 414 87
392 415 71
392 418 80
392 420 74
392 488 69
392 500 27
392 506 93
392 556 52
393 428 26
393 444 35
393 518 73
393 519 50
393 520 32
393 563 1
393 584 75
394 423 30
394 463 6
394 469 81
394 490 12
394 494 94
394 511 11
394 513 21
395 443 50
395 463 95
395 476 47
395 479 30
395 511 19
395 515 49
395 543 61
395 546 31
395 554 66
395 560 48
395 586 1
395 587 45
395 591 21
396 408 70
396 420 23
396 431 66
396 465 73
396 509 48
396 544 52
396 597 45
397 419 50
397 423 83
397 453 97
397 463 76
397 467 12
397 483 2
397 507 56
397 547 75
397 549 48
397 561 66
397 567 96
397 584 49
398 412 13
398 418 94
398 419 78
398 480 31
398 502 43
398 512 39
398 554 61
398 572 8
398 578 38
398 594 62
398 597 4
399 413 58
399 448 83
399 474 26
399 486 75
399 495 55
399 500 25
399 508 26
399 521 52
399 540 74
399 594 60
400 416 48
400 431 50
400 443 72
400 460 2
400 462 5
400 465 98
400 477 49
400 525 23
400 547 93
400 548 49
400 550 35
400 557 87
401 415 26
401 434 65
401 441 81
401 453 16
401 459 26
401 464 40
401 484 53
401 487 39
401 490 43
401 515 63
401 529 21
401 542 20
401 569 37
402 409 75
402 425 44
402 463 15
402 509 78
402 512 70
402 518 74
402 531 26
402 533 71
402 540 97
403 430 79
403 480 27
403 502 95
403 518 27
403 541 49
403 543 39
403 558 75
403 582 83
404 407 77
404 433 52
404 445 100
404 447 9
404 469 20
404 490 25
404 497 48
404 512 24
404 519 15
404 532 90
404 591 86
404 595 35
405 428 61
405 448 75
405 456 61
405 473 57
405 480 41
405 489 39
405 495 78
405 503 14
405 504 16
405 521 48
405 525 63
405 562 94
405 568 74
405 587 9
406 467 72
406 525 75
406 544 47
406 549 98
406 567 9
406 570 76
406 574 1
406 586 8
406 591 84
407 411 20
407 448 84
407 452 84
407 454 44
407 508 98
407 528 25
407 540 81
407 542 84
407 561 86
407 568 7
407 584 97
408 417 94
408 443 47
408 447 87
408 457 71
408 461 13
408 528 2
408 556 18
408 579 27
408 599 47
409 421 43
409 427 35
409 446 70
409 451 69
409 454 33
409 455 67
409 468 78
409 474 60
409 500 19
409 517 37
409 518 44
409 538 39
409 541 21
410 413 27
410 416 34
410 467 70
410 469 51
410 471 66
410 481 6
410 490 88
410 505 73
410 513 2
410 531 81
410 534 71
410 575 88
410 578 51
411 413 35
411 423 41
411 426 20
411 451 61
411 478 87
411 504 15
411 511 47
411 537 56
411 539 83
411 541 80
411 599 74
412 422 12
412 439 39
412 445 44
412 466 49
412 482 34
412 492 34
412 522 21
412 527 12
412 549 67
412 552 42
412 568 15
413 437 85
413 452 47
413 453 54
413 457 9
413 461 48
413 477 35
413 487 79
413 504 87
413 517 37
413 538 66
413 561 27
413 576 57
413 578 26
413 584 13
413 593 71
413 595 73
414 436 20
414 442 53
414 477 4
414 493 45
414 495 65
414 512 42
414 544 89
414 546 65
414 560 28
414 586 22
415 439 85
415 480 91
415 488 41
415 496 78
415 564 5
415 566 25
415 579 25
415 594 59
416 436 33
416 445 24
416 467 45
416 475 63
416 488 11
416 499 81
416 505 28
416 525 37
416 592 37
417 418 6
417 433 50
417 451 59
417 453 78
417 454 21
417 456 64
417 528 81
418 430 66
418 453 80
418 458 74
418 477 6
418 489 44
418 504 53
418 508 27
418 527 80
418 533 44
418 584 67
419 452 57
419 460 48
419 474 43
419 490 33
419 512 58
419 514 27
419 555 57
420 432 2
420 433 90
420 445 67
420 451 83
420 453 69
420 457 3
420 481 71
420 496 74
420 512 4
420 516 82
420 536 51
420 556 77
420 560 45
420 567 83
420 568 42
420 591 76
421 452 9
421 473 99
421 475 71
421 511 61
421 557 25
421 566 50
421 576 4
421 586 44
422 428 58
422 430 4
422 463 38
422 492 91
422 553 13
422 585 65
422 588 47
423 426 15
423 444 54
423 461 65
423 466 49
423 469 74
423 489 67
423 497 19
423 501 48
423 510 23
423 514 52
423 520 50
423 574 99
424 436 96
424 445 33
424 447 92
424 476 71
424 482 93
424 498 90
424 514 41
424 524 53
424 526 66
424 530 42
424 537 9
424 556 61
424 563 52
424 586 64
424 599 99
425 428 42
425 439 76
425 441 15
425 491 40
425 501 90
425 555 20
425 557 56
425 564 90
425 578 93
426 438 74
426 442 61
426 479 40
426 500 96
426 517 12
426 521 90
426 534 46
426 548 8
426 567 74
426 582 37
427 445 30
427 579 66
428 440 78
428 457 23
428 476 70
428 479 96
428 504 16
428 539 78
428 549 56
428 556 67
428 566 93
428 585 6
429 571 60
429 573 69
429 579 20
429 585 51
430 447 10
430 460 39
430 468 6
430 478 100
430 520 32
430 534 80
430 537 12
430 570 23
430 592 27
431 444 23
431 447 12
431 489 73
431 558 82
431 578 85
431 588 9
431 591 12
431 592 2
432 454 39
432 511 86
432 519 72
432 568 34
432 570 1
432 581 1
432 592 41
433 434 68
433 446 94
433 450 47
433 487 79
433 492 14
433 556 18
433 578 30
434 456 75
434 479 57
434 496 35
434 508 26
434 512 40
434 541 14
434 589 37
434 594 14
435 438 41
435 445 60
435 449 26
435 454 65
435 472 41
435 507 62
435 509 25
435 524 4
435 526 64
435 551 63
435 558 89
435 564 35
435 572 48
435 577 90
435 584 35
435 597 89
436 447 9
436 463 80
436 467 87
436 522 87
436 542 93
436 556 4
436 569 16
437 455 68
437 473 12
437 513 3
437 529 93
437 538 3
437 550 68
438 471 30
438 498 17
438 501 60
438 505 41
438 519 42
439 486 24
439 512 81
439 549 55
439 551 49
440 444 85
440 458 18
440 468 63
440 471 25
440 486 4
440 507 11
440 584 14
440 592 91
440 593 99
441 511 74
441 525 70
441 533 85
441 545 13
441 560 15
441 562 40
441 582 28
441 590 82
442 482 52
442 510 82
442 518 26
442 550 54
442 552 50
442 579 7
442 594 70
443 464 9
443 480 47
443 568 63
443 571 33
444 446 80
444 466 18
444 480 33
444 483 64
444 516 87
444 545 95
444 582 40
444 592 91
445 541 5
445 568 54
445 580 33
446 468 55
446 475 79
446 494 2
446 507 39
446 547 91
446 550 16
446 552 79
447 479 71
447 553 49
447 561 82
447 587 52
448 453 27
448 475 35
448 489 1
448 569 33
448 581 57
448 589 62
449 454 32
449 458 19
449 461 46
449 465 11
449 514 88
449 541 78
449 589 26
450 468 27
450 486 72
450 530 65
450 570 17
450 572 29
450 575 70
450 596 1
451 470 83
451 483 49
451 503 2
451 509 22
451 514 91
451 537 70
451 574 52
451 587 61
452 464 18
452 480 85
452 538 65
452 551 44
452 575 19
452 576 65
452 587 29
453 454 27
453 488 78
453 502 60
453 505 98
453 514 23
453 516 70
453 531 85
453 562 100
453 566 95
453 571 11
453 577 24
453 580 11
454 455 79
454 457 52
454 462 81
454 490 79
454 499 34
454 514 29
454 528 33
454 534 7
454 535 19
454 568 2
454 589 10
454 598 32
455 492 71
455 534 94
455 545 96
455 550 67
455 588 65
456 486 12
456 499 95
456 542 91
456 560 90
456 575 54
457 477 40
457 509 12
457 512 75
457 529 25
457 535 64
457 543 21
457 549 87
457 556 87
457 568 31
457 573 18
458 477 90
458 480 11
458 499 48
458 520 23
458 589 91
458 594 80
459 540 82
459 559 62
460 467 33
460 497 91
460 523 93
460 539 56
460 566 85
460 575 88
461 477 22
461 497 1
461 500 51
461 533 68
461 551 43
461 560 40
461 593 73
461 599 83
462 499 4
462 500 47
462 519 59
462 557 19
463 475 67
463 478 97
463 494 57
463 572 49
463 573 14
463 578 46
463 590 60
464 529 14
464 563 20
464 570 50
464 574 45
464 599 1
465 471 11
465 525 78
465 541 44
465 568 55
465 585 85
466 475 80
466 485 94
466 505 6
466 580 80
466 598 45
467 478 25
467 482 22
467 484 36
467 509 97
467 580 4
467 595 91
468 485 43
468 487 14
468 537 61
468 555 61
468 573 11
468 575 17
468 595 61
469 500 24
469 509 14
469 526 20
469 541 37
469 580 34
469 581 22
470 485 34
470 486 86
470 488 84
470 547 63
470 553 29
470 563 91
470 586 47
471 473 8
471 509 84
471 527 4
471 574 87
471 593 80
472 488 28
472 508 61
472 509 16
472 512 24
472 513 16
472 522 58
472 533 18
472 568 30
472 579 19
472 582 78
473 491 40
473 500 87
473 502 90
473 503 63
473 505 1
474 482 10
474 520 52
474 531 86
474 541 83
474 555 85
474 557 71
474 568 18
474 585 47
474 594 100
475 482 8
475 484 45
475 486 7
475 537 44
475 550 48
475 559 46
476 556 23
476 567 75
476 572 6
477 490 90
477 500 98
477 504 21
477 543 100
477 550 67
477 555 2
477 559 18
478 518 96
478 545 41
478 551 56
478 573 85
479 484 56
479 485 56
479 494 46
479 558 59
479 566 41
480 495 28
480 562 95
480 587 12
480 589 98
480 593 93
480 597 63
481 511 57
481 570 37
481 574 69
481 583 100
481 598 84
482 494 66
482 497 75
482 545 10
483 496 23
483 533 16
483 597 59
484 498 96
484 527 15
484 533 25
484 541 97
484 544 84
484 564 20
484 573 38
484 575 40
484 578 4
485 508 93
485 509 47
485 521 50
485 548 51
485 566 88
485 593 29
485 595 45
486 568 51
486 595 78
487 496 37
487 517 13
487 519 35
487 536 25
487 538 33
487 555 86
487 569 8
487 584 51
487 591 12
488 495 69
488 514 73
488 539 80
488 573 27
489 491 68
489 505 46
489 559 51
489 573 65
489 582 30
490 493 22
490 515 54
490 536 21
490 537 25
490 555 46
490 564 67
490 569 26
490 576 48
490 577 6
490 579 7
490 580 44
490 582 56
491 505 84
491 516 32
491 559 20
491 590 70
491 591 56
492 504 5
492 517 8
492 521 15
492 525 55
492 538 71
492 552 83
492 557 27
492 562 50
492 587 9
493 506 95
493 512 96
493 518 11
493 522 11
493 540 77
493 548 32
493 578 64
493 579 97
493 587 8
493 594 61
494 548 15
494 553 34
494 555 8
494 579 73
494 582 92
495 524 3
495 585 80
495 588 27
495 589 86
495 599 100
496 498 49
496 504 41
496 537 4
496 542 56
496 563 7
496 566 58
496 571 78
496 573 41
496 575 36
496 587 80
496 588 1
497 520 30
497 530 27
497 535 11
498 525 40
498 532 3
498 549 94
498 590 55
498 595 51
499 506 1
499 508 15
499 511 17
499 524 86
499 530 22
499 556 89
499 567 77
499 583 76
500 576 69
500 599 56
501 503 61
501 504 20
501 522 4
501 526 53
501 564 23
502 517 11
502 531 59
502 537 32
502 554 88
502 557 99
502 558 67
502 564 19
502 573 51
502 590 49
503 514 45
503 575 61
503 583 40
503 585 47
504 535 54
504 538 95
504 548 49
504 573 7
504 580 9
504 596 66
505 527 44
505 545 83
506 521 6
506 528 73
506 535 58
506 568 74
506 592 28
507 517 71
507 575 45
507 598 31
508 586 23
509 513 67
509 514 93
509 534 34
509 541 50
509 554 80
510 540 84
510 548 69
510 561 99
510 593 35
511 543 17
511 551 95
511 579 95
512 551 56
512 574 94
512 585 1
513 526 50
513 529 42
513 546 59
513 577 11
513 585 59
514 542 2
514 545 93
515 548 65
515 586 74
516 525 50
516 580 90
516 588 53
517 557 72
517 558 35
517 562 83
517 569 95
518 523 53
518 535 75
518 548 28
518 562 55
519 521 7
519 555 11
519 577 23
519 590 57
520 521 45
520 549 39
520 581 51
521 539 92
521 557 46
521 559 44
521 562 44
521 583 48
521 586 38
522 540 2
522 546 58
522 570 96
523 545 55
523 564 50
523 569 12
524 583 81
525 539 51
525 554 2
525 575 33
525 592 23
526 557 88
528 530 16
528 539 69
528 569 92
528 578 42
528 596 96
529 559 46
529 599 100
530 541 58
530 548 20
530 561 56
530 565 55
531 593 10
532 568 59
533 538 98
533 583 56
533 585 54
534 560 41
534 562 55
534 587 91
535 539 94
535 549 12
535 553 87
535 563 48
535 590 13
535 594 50
536 548 28
536 550 15
536 559 51
536 571 61
536 592 89
537 560 90
537 564 28
537 586 57
537 592 82
538 542 21
538 544 4
538 549 79
538 562 21
538 586 14
539 573 99
539 592 76
540 548 68
540 577 8
540 597 86
541 570 17
541 577 15
541 589 40
542 560 57
542 586 69
542 593 30
543 561 2
543 586 32
543 587 68
544 562 1
545 563 44
546 569 18
547 581 81
547 593 59
548 557 20
549 575 41
549 577 47
549 584 62
549 590 20
549 599 56
550 583 43
551 584 40
551 595 59
552 599 73
554 556 12
554 559 72
554 568 23
554 583 40
555 575 91
555 577 31
556 557 25
556 565 7
556 566 97
556 593 64
557 585 15
557 591 66
558 568 46
558 570 16
558 587 97
558 598 13
560 581 17
561 571 93
561 596 82
561 598 97
562 573 3
563 591 54
565 584 89
566 586 1
567 575 15
567 595 60
568 581 56
569 584 9
570 577 99
570 579 67
571 582 81
571 583 63
572 578 38
573 583 4
573 597 2
574 579 29
575 577 86
577 585 26
577 595 87
578 580 82
578 590 42
578 593 2
579 585 47
579 590 87
579 591 17
580 599 96
581 596 51
582 585 85
582 591 88
583 592 85
584 599 81
586 589 90
589 590 38
590 592 21
591 596 90
600 299 78
601 599 16
600 601 94
602 609 7
602 629 8
602 634 18
602 647 15
602 668 6
602 699 19
602 725 6
602 726 10
602 757 2
602 796 10
602 806 5
602 882 11
602 895 6
603 604 22
603 618 16
603 638 5
603 704 17
603 705 15
603 723 23
603 731 5
603 757 5
603 783 17
603 850 1
603 857 5
603 892 18
604 639 20
604 649 14
604 662 3
604 666 9
604 693 2
604 707 3
604 771 17
604 807 9
604 811 20
604 853 8
604 855 16
604 862 16
604 895 15
604 897 1
605 612 17
605 652 2
605 669 7
605 671 4
605 674 7
605 675 4
605 684 20
605 690 13
605 699 22
605 725 11
605 736 11
605 737 1
605 746 16
605 748 4
605 749 3
605 751 22
605 776 21
605 779 22
605 793 10
605 811 23
605 846 7
605 857 13
605 896 2
605 897 1
606 607 23
606 617 22
606 632 8
606 641 14
606 697 14
606 727 23
606 755 16
606 787 5
606 795 24
606 796 22
606 835 10
606 836 5
606 876 2
606 878 4
606 892 17
607 622 23
607 643 17
607 698 4
607 701 25
607 704 9
607 733 7
607 739 2
607 755 5
607 787 2
607 789 1
607 813 16
607 833 1
607 843 9
607 850 6
607 871 3
608 618 9
608 635 3
608 641 1
608 661 17
608 667 16
608 677 14
608 700 14
608 711 6
608 718 20
608 751 14
608 771 5
608 774 4
608 805 20
608 823 6
608 838 10
608 875 13
608 878 6
608 889 1
608 891 17
609 639 7
609 693 11
609 698 25
609 709 11
609 724 17
609 733 2
609 753 11
609 773 7
609 783 4
609 837 19
609 841 14
609 873 8
610 629 5
610 656 17
610 668 8
610 673 21
610 677 9
610 688 23
610 711 11
610 720 17
610 746 17
610 762 24
610 766 21
610 773 21
610 783 20
610 786 3
610 808 7
610 841 7
610 847 8
610 900 7
611 618 23
611 620 17
611 636 19
611 657 23
611 717 2
611 753 10
611 833 1
611 840 14
611 864 18
611 876 6
611 880 9
611 887 7
612 633 14
612 653 13
612 660 23
612 671 23
612 707 8
612 718 8
612 756 21
612 779 20
612 782 24
612 811 12
612 822 20
612 860 19
612 887 9
612 893 14
612 900 22
613 623 15
613 681 21
613 696 6
613 699 23
613 704 20
613 708 22
613 741 16
613 764 17
613 831 25
613 832 25
613 851 19
613 854 13
613 863 18
613 866 25
613 878 22
613 886 24
613 890 15
614 620 9
614 660 23
614 666 12
614 674 19
614 679 5
614 725 7
614 733 13
614 788 4
614 805 19
614 812 8
615 653 24
615 719 2
615 720 21
615 752 20
615 753 19
615 763 18
615 809 3
615 865 16
615 879 13
615 901 1
616 619 7
616 623 6
616 655 1
616 669 8
616 682 25
616 689 13
616 694 25
616 778 1
616 797 9
616 823 25
616 827 15
616 847 20
616 897 24
617 635 1
617 672 13
617 707 4
617 737 8
617 758 2
617 834 9
617 848 3
617 849 9
617 859 7
617 861 6
618 625 7
618 643 4
618 681 24
618 684 24
618 690 8
618 703 15
618 712 11
618 727 8
618 735 23
618 743 19
618 746 8
618 758 7
618 772 18
618 887 21
618 894 7
618 898 20
619 622 6
619 626 8
619 632 9
619 654 2
619 752 7
619 781 11
619 790 14
619 796 12
619 798 18
619 807 18
619 846 22
619 850 20
619 851 3
619 864 3
620 625 3
620 628 9
620 638 8
620 658 1
620 679 10
620 689 15
620 691 17
620 708 22
620 765 23
620 806 16
620 820 15
620 827 7
620 890 23
621 624 9
621 634 4
621 662 6
621 664 3
621 671 12
621 673 13
621 685 13
621 721 13
621 741 21
621 745 24
621 757 4
621 804 9
621 820 16
621 843 21
621 845 5
621 879 13
622 624 23
622 646 10
622 659 15
622 661 9
622 691 17
622 708 17
622 788 18
622 814 9
622 836 9
622 877 16
622 887 8
622 896 1
623 636 6
623 711 14
623 761 23
623 764 16
623 769 18
623 836 3
623 847 19
623 858 4
624 663 18
624 672 6
624 693 18
624 699 15
624 706 4
624 707 21
624 709 24
624 766 22
624 799 18
624 803 3
624 865 11
624 871 16
625 640 14
625 657 2
625 666 1
625 684 8
625 715 18
625 721 20
625 746 16
625 749 3
625 754 10
625 761 23
625 772 4
625 776 17
625 791 13
625 794 3
625 811 8
625 813 7
625 820 8
625 841 1
625 869 12
626 630 2
626 655 8
626 670 5
626 671 16
626 726 14
626 736 2
626 844 16
626 869 12
626 872 20
626 893 19
627 640 22
627 646 12
627 667 9
627 669 25
627 692 12
627 707 16
627 720 17
627 722 6
627 726 6
627 752 22
627 757 15
627 771 5
627 811 2
627 819 9
627 827 20
627 836 4
627 843 16
627 887 1
628 634 13
628 641 18
628 671 13
628 673 14
628 686 25
628 712 19
628 781 5
628 839 15
628 862 20
628 872 20
628 878 1
629 668 16
629 679 15
629 705 24
629 720 2
629 747 24
629 759 23
629 765 15
629 805 14
629 843 17
629 850 20
629 869 22
629 874 13
630 635 12
630 677 3
630 734 14
630 760 20
630 771 22
630 796 19
630 806 12
630 815 23
630 816 7
630 819 4
630 835 12
630 836 20
630 840 3
630 867 5
630 886 1
630 894 20
631 637 1
631 653 23
631 670 20
631 694 17
631 724 14
631 727 19
631 756 20
631 757 14
631 769 18
631 836 10
631 839 3
631 868 9
631 878 6
631 886 1
631 900 21
632 660 19
632 720 3
632 724 11
632 729 15
632 745 25
632 773 5
632 778 1
632 779 24
632 806 11
632 807 4
632 823 10
632 847 7
632 853 9
632 856 16
632 882 8
633 639 3
633 652 18
633 661 7
633 673 24
633 683 9
633 712 20
633 739 19
633 768 6
633 772 9
633 777 12
633 802 15
633 803 13
633 824 20
633 850 22
634 662 15
634 680 18
634 695 16
634 716 17
634 739 3
634 743 7
634 748 18
634 758 7
634 768 8
634 771 16
634 792 19
634 856 13
634 878 2
634 885 1
634 889 21
635 648 17
635 691 10
635 699 25
635 726 10
635 782 16
635 821 24
635 824 20
635 825 12
635 828 17
635 838 25
635 859 20
635 863 5
635 870 16
635 886 9
636 644 2
636 649 15
636 672 23
636 681 19
636 703 7
636 710 17
636 738 23
636 743 13
636 753 9
636 798 7
636 799 20
636 861 25
636 862 25
636 865 8
636 870 1
637 711 2
637 757 5
637 786 20
637 792 11
637 798 5
637 808 6
637 818 3
637 821 5
637 884 25
637 896 15
637 900 21
638 675 2
638 719 11
638 732 3
638 746 19
638 752 22
638 765 4
638 794 8
638 798 19
638 855 22
638 871 14
638 874 10
638 885 21
638 889 2
639 641 19
639 669 2
639 705 23
639 739 20
639 776 4
639 789 7
639 817 22
639 852 5
639 853 14
639 872 18
640 658 18
640 675 18
640 715 23
640 737 22
640 739 22
640 807 23
640 815 11
640 821 19
640 827 1
640 829 24
640 847 21
640 868 19
640 880 20
640 886 1
640 896 4
640 897 15
640 898 22
641 656 17
641 670 25
641 688 18
641 704 20
641 712 20
641 728 21
641 767 20
641 785 16
641 787 24
641 789 1
641 883 12
641 898 4
642 643 14
642 660 5
642 672 23
642 682 8
642 707 4
642 729 19
642 776 6
642 802 1
642 853 7
642 858 2
642 877 1
642 899 5
643 656 24
643 662 22
643 665 1
643 710 25
643 732 25
643 742 15
643 745 23
643 756 18
643 764 16
643 769 15
643 785 13
643 832 12
643 835 13
643 883 9
643 887 2
644 649 11
644 686 9
644 701 16
644 720 16
644 725 25
644 746 22
644 773 13
644 804 9
644 839 25
644 850 7
644 865 15
644 875 3
644 896 13
644 899 18
645 660 5
645 695 17
645 697 16
645 715 1
645 725 19
645 736 15
645 753 2
645 755 8
645 756 13
645 789 20
645 812 1
645 818 4
645 830 9
645 838 12
645 880 16
645 888 17
645 901 14
646 656 2
646 660 25
646 662 6
646 694 17
646 696 1
646 707 2
646 717 7
646 744 10
646 754 3
646 759 13
646 767 1
646 774 5
646 783 25
646 795 18
646 836 12
646 841 18
646 861 8
646 867 12
646 886 11
646 896 25
647 675 14
647 685 20
647 723 12
647 734 10
647 751 20
647 771 17
647 785 18
647 801 9
647 806 8
647 816 9
647 828 24
647 829 11
647 831 10
647 837 4
647 842 4
647 845 11
647 858 7
647 860 10
647 869 22
647 894 11
648 668 24
648 682 22
648 711 18
648 748 25
648 762 16
648 812 4
648 833 17
648 834 23
648 859 17
648 860 4
648 872 24
649 650 7
649 662 1
649 665 10
649 696 16
649 706 22
649 762 2
649 792 8
649 795 5
649 796 11
649 797 18
649 815 3
649 817 23
649 844 3
649 873 8
649 879 3
649 895 15
650 678 16
650 740 15
650 750 11
650 758 2
650 764 13
650 784 9
650 842 19
650 859 13
650 898 1
651 654 22
651 656 6
651 661 25
651 684 13
651 701 10
651 702 24
651 719 20
651 775 12
651 782 8
651 791 10
651 812 8
651 839 11
651 879 20
651 894 15
651 900 23
652 668 12
652 675 17
652 701 22
652 705 16
652 727 2
652 760 25
652 785 5
652 798 17
652 803 14
652 821 17
652 848 18
652 860 3
653 660 2
653 668 13
653 675 15
653 679 2
653 685 9
653 687 21
653 707 2
653 758 24
653 789 7
653 822 25
653 826 18
653 897 18
654 660 9
654 678 4
654 739 2
654 748 22
654 807 25
654 826 16
654 835 21
654 856 12
654 896 10
655 712 18
655 756 2
655 812 11
655 817 19
655 830 7
656 717 2
656 727 7
656 740 25
656 768 22
656 771 9
656 801 2
656 839 9
657 667 1
657 704 3
657 711 20
657 739 23
657 765 6
657 779 18
657 780 6
657 794 5
657 811 12
657 834 23
657 858 16
657 859 17
657 879 1
657 889 12
658 668 17
658 678 17
658 681 9
658 710 3
658 713 1
658 716 1
658 749 6
658 754 11
658 769 19
658 774 14
658 786 14
658 821 2
658 825 14
658 837 12
658 839 13
658 844 17
658 851 21
658 863 13
658 870 19
658 893 17
658 901 12
659 694 2
659 700 11
659 717 17
659 738 8
659 749 22
659 759 16
659 775 23
659 780 13
659 812 16
659 851 11
659 882 4
659 890 7
660 680 20
660 744 8
660 756 7
660 788 22
660 809 14
660 814 19
660 823 18
660 846 2
660 849 8
660 850 19
660 855 17
660 862 21
660 881 6
660 892 8
661 670 16
661 676 20
661 689 4
661 695 9
661 729 8
661 742 5
661 753 19
661 766 24
661 785 12
661 812 15
661 816 14
661 823 12
661 840 5
661 888 7
662 670 24
662 679 8
662 702 13
662 728 20
662 729 16
662 735 22
662 740 17
662 750 6
662 858 15
662 878 9
662 890 7
663 695 24
663 734 4
663 737 24
663 766 20
663 777 12
663 807 8
663 817 12
663 895 8
663 900 11
664 673 21
664 692 16
664 695 15
664 742 16
664 749 16
664 750 4
664 757 6
664 828 7
664 901 15
665 690 12
665 701 13
665 704 15
665 710 19
665 725 25
665 734 10
665 743 11
665 769 21
665 785 1
665 813 18
665 833 13
665 843 11
665 857 25
665 863 11
665 886 14
666 688 25
666 714 5
666 804 2
666 819 7
666 861 19
666 876 10
667 675 20
667 686 14
667 704 2
667 733 9
667 745 4
667 751 17
667 752 14
667 796 11
667 806 23
667 809 5
667 814 24
667 829 10
667 843 20
667 876 20
668 675 12
668 678 4
668 684 5
668 687 7
668 691 4
668 709 23
668 754 21
668 780 16
668 800 24
668 809 7
668 856 6
668 858 25
669 705 13
669 723 8
669 771 8
669 780 6
669 783 17
669 814 2
669 822 21
669 832 20
669 843 11
669 865 2
669 866 11
669 878 1
670 676 14
670 696 9
670 719 6
670 779 13
670 793 20
670 803 25
670 810 7
670 817 6
670 828 5
670 835 11
670 839 15
670 844 10
670 901 10
671 685 10
671 692 25
671 701 10
671 703 16
671 719 5
671 730 9
671 734 6
671 739 12
671 747 17
671 819 11
671 823 5
671 826 18
671 833 9
671 856 24
671 891 5
671 897 10
672 675 10
672 688 8
672 717 23
672 721 20
672 760 13
672 806 10
672 807 14
672 832 14
672 865 16
672 892 22
673 677 18
673 728 4
673 738 11
673 752 2
673 767 15
673 770 20
673 812 3
673 827 25
673 838 13
673 850 7
673 854 10
673 856 18
673 865 21
674 689 3
674 709 5
674 718 25
674 747 23
674 755 13
674 826 1
674 827 2
675 691 22
675 706 12
675 710 9
675 755 22
675 795 8
675 850 23
675 891 6
676 699 23
676 714 13
676 763 24
676 775 19
676 796 5
676 804 4
676 806 4
676 863 8
676 874 20
676 877 1
677 685 10
677 702 21
677 760 13
677 784 19
677 812 6
677 818 5
677 835 14
677 837 10
677 850 11
678 684 15
678 724 7
678 759 24
678 770 17
678 773 11
678 785 22
678 792 3
678 807 19
678 837 18
678 852 12
679 687 19
679 705 1
679 718 10
679 719 6
679 746 1
679 796 3
679 797 13
679 809 4
679 860 9
679 886 22
680 702 25
680 715 9
680 736 9
680 744 21
680 762 21
680 776 4
680 805 3
680 830 2
680 845 17
680 846 12
680 858 12
680 863 8
680 864 19
680 877 12
681 687 25
681 699 4
681 748 9
681 750 4
681 757 24
681 771 1
681 779 16
681 780 19
681 783 3
681 786 25
681 803 2
681 853 3
682 729 4
682 759 14
682 765 8
682 788 12
682 831 12
682 879 8
683 704 22
683 794 22
683 803 3
683 831 17
683 837 25
683 839 7
683 868 20
683 869 16
683 877 18
684 690 7
684 700 1
684 735 13
684 811 20
684 833 2
684 857 16
684 874 3
685 700 5
685 818 17
685 829 6
685 839 22
685 875 10
686 828 8
686 887 23
687 695 11
687 713 13
687 736 4
687 747 1
687 770 20
687 773 15
687 828 13
687 869 4
687 891 14
688 724 9
688 728 6
688 729 5
688 742 11
688 762 14
688 770 25
688 791 1
688 816 7
688 824 8
688 831 3
688 861 19
688 877 2
688 894 4
689 732 12
689 735 7
689 747 11
689 767 5
689 771 12
689 772 9
689 778 14
689 842 21
690 691 9
690 709 2
690 722 8
690 734 12
690 747 2
690 775 5
690 837 3
690 841 16
690 842 8
690 874 16
690 881 2
690 883 16
690 895 23
691 692 12
691 700 4
691 731 24
691 757 14
691 761 12
691 771 6
691 773 17
691 810 8
691 813 9
691 816 22
691 851 19
691 862 17
691 871 9
691 872 23
691 888 3
692 710 20
692 712 13
692 718 1
692 731 3
692 785 14
692 814 8
692 849 14
692 851 18
692 857 14
692 875 16
692 877 10
692 887 22
692 891 9
692 900 11
693 695 12
693 717 6
693 726 24
693 755 17
693 782 4
693 797 13
693 798 4
693 802 11
693 845 6
693 880 11
693 881 21
694 707 4
694 712 6
694 715 13
694 722 13
694 724 5
694 791 17
694 796 7
694 804 17
694 813 17
694 821 11
694 829 8
694 860 2
694 875 24
694 878 2
694 879 15
694 881 16
694 898 11
695 696 13
695 700 24
695 735 22
695 750 1
695 776 4
695 789 20
695 790 18
695 800 9
695 813 9
695 840 23
695 866 19
695 899 16
696 750 8
696 816 15
696 840 20
696 858 15
696 901 4
697 709 9
697 712 19
697 714 20
697 729 17
697 735 12
697 744 12
697 751 2
697 784 19
697 791 15
697 815 25
697 841 22
697 864 4
697 900 17
698 702 8
698 749 19
698 759 18
698 765 4
698 800 19
698 809 23
698 877 25
698 890 11
698 891 7
699 705 11
699 715 8
699 754 2
699 771 1
699 799 17
699 802 16
699 807 20
699 816 6
699 827 19
699 832 3
699 836 1
699 869 16
699 878 21
699 898 13
700 703 4
700 714 22
700 756 8
700 762 18
700 788 23
700 822 5
700 824 23
700 831 15
700 852 12
700 858 16
700 860 9
701 707 17
701 712 10
701 716 6
701 738 18
701 744 22
701 824 12
701 839 3
701 843 7
701 856 14
702 707 4
702 708 23
702 718 6
702 727 25
702 729 6
702 762 2
702 769 5
702 777 6
702 821 17
702 842 25
702 851 20
702 874 20
702 882 24
702 888 5
703 704 12
703 744 21
703 773 9
703 785 11
703 794 12
703 796 22
703 831 2
703 858 20
703 872 15
703 882 13
703 885 1
703 889 7
703 890 9
704 705 14
704 706 12
704 739 17
704 740 2
704 746 17
704 767 15
704 788 10
704 809 16
704 815 22
704 830 11
704 839 20
704 857 4
704 865 4
704 872 22
704 877 24
704 886 23
704 895 20
705 713 3
705 717 11
705 723 17
705 736 13
705 739 23
705 745 6
705 762 9
705 783 24
705 816 25
705 824 25
705 887 13
706 726 2
706 746 6
706 748 24
706 768 16
706 778 19
706 785 15
706 840 19
706 852 10
706 858 6
707 709 5
707 720 3
707 722 2
707 748 15
707 759 22
707 874 8
708 712 18
708 726 20
708 728 6
708 738 17
708 745 14
708 795 10
708 815 4
708 818 8
708 825 24
708 834 2
708 842 13
708 876 7
708 877 2
709 763 14
709 806 8
709 811 15
709 839 16
709 845 15
709 848 13
709 873 8
709 882 9
709 892 2
710 715 3
710 744 18
710 746 10
710 754 8
710 761 20
710 770 11
710 777 24
710 779 19
710 809 20
710 836 19
710 840 13
710 858 25
710 862 12
710 866 4
710 895 11
711 723 16
711 731 13
711 741 9
711 763 19
711 767 25
711 782 17
711 794 20
711 806 13
711 809 24
711 900 11
712 713 5
712 772 14
712 773 25
712 776 14
712 808 22
712 835 4
712 859 17
712 864 16
712 878 13
712 887 1
712 891 13
713 731 25
713 799 1
713 807 6
713 812 20
713 819 19
713 829 20
713 875 21
713 877 6
713 888 25
713 893 7
714 733 23
714 774 12
714 779 17
714 798 16
714 834 13
714 847 11
714 852 10
714 886 3
715 747 9
715 772 23
715 814 7
715 826 24
715 861 22
715 892 21
716 752 22
716 755 25
716 767 14
716 788 15
716 806 12
716 843 16
716 848 2
716 880 12
717 739 16
717 763 9
717 799 8
717 802 12
717 813 5
717 818 3
717 826 17
717 847 5
717 857 11
717 869 14
718 723 18
718 724 3
718 806 4
718 821 8
718 845 13
718 846 15
718 854 10
718 869 23
718 901 14
719 725 16
719 747 22
719 796 11
719 797 13
719 811 20
719 813 10
719 821 3
719 841 9
719 872 24
720 793 20
720 838 10
720 865 12
720 872 13
720 886 20
720 892 19
721 747 24
721 748 25
721 793 21
721 794 15
721 813 6
721 823 7
721 845 5
721 867 23
722 763 11
722 769 10
722 783 5
722 831 23
722 836 1
722 873 16
722 879 20
722 892 15
722 897 9
723 725 18
723 739 25
723 749 23
723 755 15
723 771 11
723 836 1
723 838 23
723 893 9
724 734 22
724 735 10
724 753 20
724 777 9
724 778 4
724 783 15
724 836 9
724 866 5
725 729 11
725 734 23
725 746 10
725 764 19
725 773 4
725 787 8
725 826 4
725 831 13
725 845 14
725 846 1
725 862 16
725 882 5
726 728 22
726 749 5
726 756 15
726 769 17
726 772 6
726 840 12
726 869 6
726 875 16
727 793 12
727 815 5
727 854 2
727 858 11
727 868 14
727 881 23
727 893 21
728 756 20
728 763 13
728 792 5
728 807 24
728 812 23
728 832 4
728 839 9
728 842 16
728 855 8
728 857 18
728 892 19
729 750 22
729 765 8
729 767 21
729 774 12
729 798 14
729 844 17
729 845 16
729 871 3
729 897 10
730 804 21
730 824 15
731 779 15
731 785 14
731 787 3
731 789 22
731 808 15
731 814 13
731 816 12
731 821 12
731 831 9
731 888 6
732 778 24
732 788 15
732 789 7
732 805 23
732 860 18
732 868 15
732 893 13
732 895 25
733 735 9
733 745 8
733 752 24
733 766 18
733 773 3
733 782 10
733 788 7
733 789 22
733 813 3
733 832 11
733 870 8
734 739 25
734 787 25
734 790 25
734 809 13
734 825 5
734 839 21
734 900 4
735 748 19
735 800 7
735 804 16
735 828 4
735 849 13
735 850 16
735 867 18
735 873 21
735 874 14
735 884 11
735 888 12
736 749 3
736 778 10
736 825 20
736 836 13
736 866 10
736 887 12
736 896 17
737 750 20
737 758 20
737 759 13
737 774 24
737 785 6
737 786 23
737 800 23
737 809 5
737 824 22
737 900 11
738 760 9
738 766 17
738 793 14
738 834 5
738 853 25
738 861 6
738 875 8
738 881 12
738 886 24
739 754 1
739 761 9
739 767 12
739 785 11
739 812 20
739 830 16
739 839 22
739 862 14
739 871 3
739 885 7
739 893 3
740 773 20
740 776 3
740 780 22
740 820 9
740 844 1
740 864 4
740 894 6
741 773 23
741 779 11
741 783 4
741 785 10
741 786 21
741 795 20
741 823 1
741 825 25
741 828 20
741 833 6
741 887 8
741 898 8
742 759 4
742 775 8
742 794 17
742 803 17
742 829 18
742 833 13
742 840 8
742 843 16
742 874 4
742 879 12
742 884 22
743 747 6
743 753 8
743 759 1
743 769 4
743 770 17
743 796 1
743 798 8
743 865 24
743 872 24
743 895 20
744 759 3
744 771 10
744 774 15
744 775 24
744 807 10
744 830 15
744 840 20
744 866 18
745 759 22
745 846 5
745 851 23
745 855 6
745 865 23
745 866 15
745 899 25
746 774 10
746 794 24
746 814 15
746 832 13
746 868 12
747 748 14
747 758 20
747 781 20
747 799 14
747 845 1
747 863 13
747 890 15
748 777 10
748 783 13
748 790 15
748 819 4
748 826 17
748 828 24
749 755 18
749 789 16
749 795 11
749 804 9
749 811 12
749 812 3
749 847 5
749 875 18
749 884 25
750 755 10
750 758 15
750 790 16
750 806 11
750 819 2
750 830 16
750 831 1
750 852 16
750 855 5
750 857 14
750 858 11
750 877 24
750 887 4
750 898 11
750 899 13
751 755 18
751 775 22
751 785 25
751 797 9
751 798 25
751 836 17
751 850 8
751 854 19
751 863 9
751 890 18
752 766 3
752 799 22
752 824 22
752 874 7
753 765 15
753 775 23
753 801 19
753 813 4
753 825 16
753 847 4
753 854 7
753 858 6
753 864 6
753 883 23
753 885 10
754 762 21
754 783 8
754 817 10
754 838 25
754 874 20
755 780 22
755 784 19
755 787 16
755 849 24
755 857 3
755 862 17
755 873 17
755 877 12
756 763 10
756 816 25
756 870 6
757 799 12
757 808 21
757 811 2
757 829 21
757 830 10
757 885 24
757 894 16
758 766 16
758 793 14
758 802 21
758 819 22
758 821 22
758 832 2
758 834 19
758 873 8
758 876 22
759 848 3
759 879 20
760 810 23
760 832 24
760 851 18
760 884 17
761 764 16
761 778 16
761 812 19
761 814 7
761 842 7
761 872 7
762 805 17
762 835 8
762 861 12
762 862 5
762 864 4
762 891 13
763 766 25
763 782 15
763 783 13
763 791 17
763 794 5
763 833 4
763 848 13
763 868 4
763 892 2
763 900 16
764 803 24
764 824 11
764 825 14
764 830 4
764 880 5
765 777 12
765 778 2
765 802 23
765 806 3
765 812 18
765 827 15
765 834 23
765 866 1
766 773 24
766 791 4
766 814 17
766 887 6
766 900 15
767 783 24
767 801 11
767 810 4
767 874 23
767 889 3
768 778 18
768 798 15
768 806 9
768 826 23
768 832 4
768 898 12
769 771 24
769 773 19
769 790 13
769 794 10
769 796 7
769 823 16
769 860 14
769 861 18
769 873 17
770 779 13
770 784 22
770 785 11
770 827 5
770 842 19
770 878 12
771 858 3
771 862 24
771 873 5
772 783 10
772 790 15
772 794 3
772 844 21
772 854 20
772 877 3
772 898 23
773 785 13
773 794 19
773 824 6
773 830 10
773 856 22
773 870 20
773 901 11
774 796 15
774 805 7
774 837 20
774 849 21
774 872 22
774 898 10
775 792 16
775 793 15
775 794 25
775 819 12
775 826 3
776 851 4
776 875 8
776 889 14
776 893 8
776 896 8
777 780 20
777 783 17
777 809 23
777 824 25
777 878 14
777 887 17
777 895 4
777 898 11
778 782 6
778 808 22
778 870 19
778 884 16
778 893 18
779 788 15
779 879 3
779 882 9
779 891 21
779 892 22
780 826 6
780 830 19
780 847 8
780 853 23
780 858 8
781 783 9
781 806 10
781 827 10
781 856 12
781 862 19
781 889 25
782 792 19
782 804 3
782 842 22
782 846 13
782 865 2
782 866 21
782 885 1
782 891 19
782 892 24
783 785 14
783 793 1
783 818 22
783 822 7
783 875 18
783 877 16
784 787 23
784 794 20
784 812 24
784 852 18
784 854 18
785 801 4
785 831 13
785 881 1
785 895 2
786 809 22
786 821 9
786 822 13
786 835 7
786 838 23
786 841 8
786 879 8
786 896 18
787 827 12
787 835 4
787 836 5
787 841 14
787 842 1
787 881 6
787 886 9
787 899 1
788 813 19
788 824 9
788 826 22
788 835 2
788 859 2
788 899 12
789 828 24
789 847 21
789 875 12
789 876 18
789 886 14
789 897 18
789 899 5
790 806 16
790 834 21
790 838 1
790 855 1
791 794 10
791 796 9
791 855 23
791 856 19
791 860 19
791 873 18
791 883 5
792 795 24
792 799 22
792 844 20
792 847 25
792 848 4
792 866 3
792 897 2
793 817 24
793 828 12
793 859 24
793 895 2
794 808 15
794 809 12
794 814 2
794 832 12
794 878 1
794 896 21
795 820 2
795 825 18
795 834 25
795 843 17
795 865 15
795 881 3
795 893 20
796 812 24
796 827 13
796 850 19
796 876 17
796 888 6
797 811 11
797 855 23
797 856 5
797 879 10
797 884 18
797 898 6
798 810 15
798 836 20
798 852 7
798 879 14
799 812 8
799 817 7
799 882 17
799 887 24
799 891 21
800 806 19
800 828 13
800 848 21
800 858 14
800 884 14
800 894 15
801 804 16
801 823 8
801 865 4
801 869 20
801 883 2
801 891 4
802 814 7
802 819 20
802 820 22
802 865 15
802 874 6
802 893 19
803 809 19
803 894 15
804 816 13
804 846 24
804 866 4
804 872 10
804 894 7
805 870 19
805 877 19
805 895 14
805 896 13
806 810 18
806 863 9
806 900 6
807 811 5
807 829 6
807 849 21
807 867 20
807 882 22
807 901 11
808 822 2
808 824 2
808 844 7
808 845 3
808 878 5
808 898 14
808 900 25
809 819 3
809 823 3
809 831 5
809 832 21
809 854 23
809 860 21
809 887 11
810 832 23
810 854 1
810 858 20
810 861 4
811 821 22
811 833 15
811 885 17
812 822 9
812 828 7
812 856 2
813 860 16
813 890 13
814 822 9
814 827 11
814 838 10
815 844 5
815 855 24
815 858 11
815 879 6
815 881 5
816 877 16
817 837 12
817 839 20
817 847 15
817 856 14
817 876 24
817 882 21
817 888 12
818 819 21
818 820 18
818 868 22
819 863 18
819 892 20
819 896 18
820 845 22
820 846 16
821 850 7
821 869 15
821 878 1
822 827 16
824 836 19
824 838 16
824 845 5
824 858 2
824 876 4
825 839 14
825 854 9
825 863 4
825 888 2
826 880 16
827 860 10
827 867 17
827 884 5
827 895 5
828 898 8
828 901 18
829 854 3
829 870 3
829 879 6
830 835 24
830 836 20
830 854 4
830 861 18
830 879 16
830 887 21
830 897 14
831 835 7
831 836 5
831 856 6
831 888 7
831 891 22
832 851 24
832 855 25
832 882 3
832 897 2
832 900 3
833 881 17
834 854 12
834 856 6
835 841 20
835 843 3
835 848 15
835 853 11
836 837 9
836 839 21
836 849 20
836 850 1
836 887 24
836 896 22
837 842 9
837 849 24
837 859 18
837 861 12
837 863 16
838 847 8
838 849 10
838 891 7
838 893 16
839 858 14
839 864 12
839 875 25
839 896 12
840 873 12
840 880 24
840 896 14
840 898 13
841 853 3
841 880 7
841 882 25
842 847 10
842 856 1
842 877 4
843 871 1
844 854 13
844 861 12
844 870 22
844 874 7
845 856 14
846 857 22
846 879 5
846 881 22
847 852 22
847 857 24
847 882 9
848 886 14
849 858 9
849 881 20
850 851 22
850 858 1
850 868 8
850 876 8
851 856 25
851 879 21
851 890 19
851 896 25
852 859 9
852 866 9
852 886 4
853 858 18
853 874 8
853 880 13
854 867 18
854 890 13
854 894 16
856 885 8
856 892 24
856 899 12
857 888 16
857 893 12
858 867 10
859 901 23
861 864 11
861 870 8
861 875 23
862 868 21
862 892 21
862 898 6
864 876 15
866 873 20
866 884 9
866 888 24
867 883 2
867 901 8
868 887 19
868 892 23
868 893 10
868 897 4
868 899 6
871 874 13
871 882 21
871 894 15
873 879 1
873 886 16
875 879 2
875 882 16
876 886 23
878 886 2
879 887 4
879 888 15
880 884 13
881 896 15
884 899 12
887 892 25
887 896 24
887 898 10
889 899 20
890 893 21
894 895 17
902 601 93
903 901 25
902 903 22
