904 6735
100 71 1 88 40 27 42 9 50 99 46 36 30 24 57 27 28 3 43 75 90 50 34 59 26 9 64 25 63 3 87 62 73 88 50 12 66 43 21 68 93 18 55 74 41 63 100 20 65 94 95 55 95 28 65 21 89 28 97 51 31 84 64 55 23 65 19 40 59 91 59 3 8 65 77 49 28 76 68 92 22 14 98 16 94 63 88 82 42 85 84 72 20 47 79 94 64 97 85 22 87 44 25 46 60 53 94 87 80 14 31 1 79 28 17 24 42 4 5 84 40 40 7 59 39 85 4 2 81 89 75 19 84 51 65 43 3 10 82 83 75 12 83 6 91 51 29 33 55 86 16 46 25 22 5 15 59 60 16 39 48 43 10 83 93 26 26 48 87 59 30 14 22 64 19 12 67 99 96 73 84 11 18 61 85 74 75 43 34 91 33 81 85 94 64 77 19 41 24 58 99 5 71 20 21 41 83 39 39 79 11 23 41 28 83 25 2 9 19 35 99 52 67 35 45 82 12 16 22 87 73 72 44 95 91 16 35 26 54 73 4 64 47 44 91 81 21 44 90 39 78 40 90 97 75 87 78 38 2 100 24 26 71 67 20 14 34 6 91 87 30 94 50 29 89 93 9 61 36 98 100 66 90 41 62 64 79 91 1 80 90 76 57 13 95 28 78 28 85 20 72 40 94 34 59 82 91 22 51 30 74 27 75 28 41 45 72 23 59 85 72 79 97 3 33 14 96 70 77 69 5 48 60 50 82 70 84 24 91 34 54 16 61 28 95 53 24 66 76 82 2 99 13 51 53 45 64 49 15 92 69 71 40 80 21 73 49 56 48 91 89 1 6 1 81 53 54 4 18 29 38 72 79 50 74 32 94 37 32 60 28 100 83 19 79 55 43 79 10 91 69 98 43 26 51 23 78 4 79 48 84 16 19 62 65 92 93 10 80 24 22 59 75 56 30 5 10 24 83 71 14 51 20 9 29 70 31 6 73 61 53 56 76 23 18 92 66 62 54 97 86 75 8 12 82 37 17 91 60 99 61 26 2 80 34 30 50 16 87 74 77 40 30 4 14 99 96 32 12 1 28 97 27 87 61 8 23 77 98 83 27 10 8 28 41 93 9 90 8 96 16 84 87 97 88 52 95 35 83 6 87 63 55 13 49 15 20 24 43 69 6 69 30 65 49 70 57 9 12 16 4 27 100 42 23 39 94 69 25 76 74 11 90 80 75 39 46 46 62 40 14 19 9 43 35 9 64 43 17 75 58 73 1 9 14 75 99 7 43 75 35 69 85 24 100 11 14 46 56 27 37 69 97 45 63 31 5 27 25 74 53 83 46 6 43 59 80 42 18 23 84 87 11 14 82 35 80 66 37 89 51 8 47 54 7 88 45 48 96 38 91 66 61 27 14 9 98 60 12 9 77 3 12 87 68 45 74 48 62 10 36 64 69 82 18 27 22 14 74 17 51 64 83 11 43 48 71 40 59 82 100 36 36 12 74 3 8 47 50 70 8 37 33 29 19 50 55 40 15 81 8 65 96 90 27 38 89 97 29 48 30 29 35 65 92 8 68 51 7 69 20 66 6 5 94 76 6 1 15 21 33 74 37 28 64 64 18 4 60 46 51 90 26 85 6 69 45 25 20 3 94 91 68 99 47 14 74 5 14 40 25 46 13 61 25 28 76 42 32 88 88 34 29 65 71 34 86 67 59 57 69 4 99 88 2 46 1 27 50 66 18 26 63 30 38 88 10 14 29 93 1 68 78 29 33 48 62 70 66 72 26 34 75 24 74 28 21 74 54 70 92 71 47 54 53 85 41 14 98 70 6 98 37 83 78 21 83 39 90 48 63 15 34 37 91 7 65 11 32 70 33 23 41 31 77 45 15 17 58 64 38 15 61 75 49 38 47 31 29 37 79 91 3 64 79 45 70 43 8 1 13 92 76 5 22 52 1 37 20 58 100 10 24 13 84 72 2 30 3 82 18 33 72 73 96 3 17 17 45 24 69 9 15 44 65 37 47 65 25 19 74 76 36 87
0 6 15
0 23 15
0 33 65
0 48 16
0 62 43
0 71 53
0 88 8
0 103 3
0 114 66
0 125 44
0 158 1
0 189 65
0 193 61
0 235 42
0 241 57
1 58 74
1 102 5
1 126 36
1 140 64
1 150 57
1 163 67
1 175 6
1 178 32
1 182 24
1 199 18
1 229 78
1 236 3
1 248 47
1 275 6
1 293 88
1 296 66
1 299 72
2 8 2
2 12 30
2 16 87
2 45 96
2 51 34
2 55 95
2 64 98
2 72 99
2 92 90
2 94 50
2 110 15
2 134 50
2 145 91
2 184 72
2 192 75
2 193 47
2 198 59
2 200 38
2 208 3
2 270 25
3 10 43
3 42 87
3 52 48
3 70 12
3 76 64
3 83 3
3 88 10
3 97 21
3 98 90
3 144 75
3 156 92
3 161 43
3 170 56
3 190 79
3 253 38
3 279 42
3 287 25
3 294 87
3 298 92
4 7 14
4 9 89
4 37 59
4 50 15
4 61 79
4 95 82
4 135 89
4 156 26
4 157 40
4 173 26
4 189 80
4 196 64
4 248 21
4 256 66
4 258 64
4 270 32
4 282 82
5 8 66
5 37 42
5 47 2
5 67 55
5 90 68
5 97 46
5 101 97
5 102 76
5 156 24
5 157 86
5 159 17
5 171 48
5 173 24
5 190 60
5 209 13
5 235 12
5 237 18
5 257 79
5 258 91
5 292 99
6 26 67
6 28 68
6 36 38
6 129 44
6 145 47
6 154 2
6 157 64
6 166 65
6 169 17
6 223 48
6 228 98
6 237 82
6 245 41
6 259 99
6 285 36
6 286 8
7 9 44
7 34 84
7 52 83
7 58 19
7 82 21
7 87 51
7 177 18
7 207 44
7 216 11
7 224 30
7 228 56
7 248 80
7 266 8
7 277 98
8 29 79
8 49 26
8 53 65
8 69 68
8 77 22
8 115 63
8 138 21
8 140 85
8 145 79
8 192 37
8 195 84
8 287 76
8 294 18
8 297 24
9 20 27
9 48 5
9 59 32
9 70 70
9 75 40
9 148 66
9 200 41
9 261 60
9 272 17
9 282 58
9 291 56
9 299 79
10 24 40
10 76 11
10 100 58
10 142 99
10 180 60
10 193 88
10 226 25
10 247 76
10 257 56
10 264 46
10 274 90
11 19 76
11 71 82
11 79 69
11 117 65
11 129 18
11 135 96
11 138 82
11 147 41
11 185 22
11 246 87
11 270 24
11 271 44
11 278 78
12 39 90
12 57 84
12 89 38
12 95 58
12 103 41
12 132 93
12 141 36
12 163 32
12 191 55
12 210 45
12 226 31
12 256 66
12 259 33
12 283 7
12 293 41
13 28 40
13 34 4
13 35 30
13 66 15
13 122 37
13 128 50
13 134 79
13 147 54
13 201 46
13 226 13
13 255 95
13 257 67
14 22 51
14 62 18
14 118 10
14 140 28
14 141 7
14 150 93
14 155 17
14 209 16
14 232 86
14 234 9
14 243 51
14 278 17
15 28 15
15 49 96
15 80 99
15 85 80
15 89 28
15 109 5
15 166 72
15 191 67
15 195 60
15 199 2
15 221 33
15 240 97
15 275 51
15 278 64
15 293 50
16 25 96
16 47 28
16 57 96
16 112 63
16 115 78
16 133 66
16 140 24
16 143 5
16 151 72
16 172 17
16 177 22
16 185 40
16 237 54
16 293 82
16 298 90
17 40 70
17 64 49
17 86 37
17 100 21
17 137 80
17 152 64
17 157 25
17 165 52
17 171 82
17 204 37
17 229 53
17 274 67
17 297 33
18 36 55
18 39 82
18 87 34
18 90 3
18 91 9
18 152 30
18 154 65
18 167 86
18 184 95
18 221 40
18 226 42
18 275 18
18 298 56
19 41 15
19 59 57
19 69 9
19 77 49
19 111 99
19 116 31
19 120 49
19 156 35
19 187 51
19 209 28
19 214 51
19 246 27
19 269 79
19 290 84
20 34 63
20 56 83
20 59 2
20 89 47
20 96 90
20 117 83
20 149 33
20 189 92
20 193 43
20 194 62
20 236 8
20 254 28
20 256 8
20 262 47
21 32 22
21 34 77
21 46 55
21 47 88
21 58 86
21 91 15
21 97 36
21 103 84
21 107 45
21 116 36
21 126 18
21 143 47
21 167 64
21 192 20
21 194 26
21 217 94
21 246 4
21 252 40
21 261 77
21 276 5
22 46 87
22 96 18
22 135 88
22 140 19
22 144 9
22 192 30
22 228 32
22 230 16
22 269 10
22 283 91
22 297 62
23 68 83
23 73 67
23 79 16
23 83 70
23 111 52
23 117 83
23 120 58
23 135 87
23 142 27
23 144 45
23 154 5
23 182 26
23 207 8
23 219 76
23 230 51
23 234 2
23 235 79
23 265 90
23 277 30
23 292 84
24 46 28
24 56 47
24 69 23
24 89 98
24 121 7
24 146 4
24 153 81
24 159 22
24 195 65
24 198 71
24 202 35
24 213 47
24 292 38
25 30 3
25 46 69
25 47 41
25 51 85
25 86 78
25 90 28
25 127 63
25 144 22
25 153 84
25 160 88
25 176 82
25 182 59
25 230 90
25 240 35
25 241 90
25 255 32
25 285 64
26 54 73
26 57 59
26 64 62
26 81 47
26 103 9
26 108 68
26 115 2
26 133 89
26 162 41
26 174 67
26 253 12
26 269 75
26 274 65
26 298 1
27 60 77
27 75 85
27 99 41
27 108 13
27 111 14
27 123 20
27 125 76
27 135 36
27 153 55
27 158 63
27 170 69
27 174 14
27 207 5
27 212 3
27 225 55
27 237 36
27 270 18
28 57 79
28 63 46
28 107 31
28 151 25
28 172 6
28 198 98
28 261 26
28 294 95
29 35 90
29 38 44
29 39 6
29 66 64
29 70 9
29 98 58
29 100 93
29 196 93
29 197 98
29 225 5
29 268 7
30 62 70
30 67 32
30 69 94
30 83 24
30 94 47
30 110 62
30 138 89
30 160 51
30 177 16
30 180 43
30 189 38
30 225 33
30 252 21
30 274 83
31 33 63
31 43 97
31 46 89
31 76 12
31 89 23
31 94 35
31 100 1
31 101 66
31 173 92
31 196 16
31 201 26
31 205 49
31 253 8
31 262 19
31 277 98
32 34 65
32 50 77
32 55 67
32 75 48
32 80 70
32 101 43
32 117 94
32 142 83
32 159 31
32 167 96
32 199 98
32 208 26
32 214 33
32 216 30
32 218 46
32 270 16
32 290 44
33 48 95
33 103 56
33 104 55
33 133 69
33 134 42
33 148 7
33 179 34
33 186 33
33 221 22
33 261 12
33 269 81
33 277 82
33 297 30
34 66 30
34 79 46
34 123 6
34 135 97
34 156 45
34 162 27
34 169 39
34 180 39
34 181 9
34 200 21
34 202 34
34 204 58
34 221 46
34 229 67
34 279 87
34 297 44
35 44 34
35 51 82
35 70 38
35 103 41
35 108 88
35 179 6
35 195 82
35 251 94
35 254 91
35 269 14
36 56 67
36 68 2
36 70 46
36 74 48
36 87 83
36 111 75
36 162 45
36 170 40
36 186 23
36 205 90
36 216 66
36 257 13
36 288 80
36 291 26
37 42 86
37 62 13
37 70 83
37 71 31
37 89 31
37 94 21
37 104 26
37 105 16
37 134 2
37 143 15
37 178 56
37 189 41
37 196 20
37 200 89
37 216 34
37 254 63
37 265 54
37 295 1
38 40 16
38 108 99
38 127 100
38 183 51
38 223 26
39 47 45
39 113 90
39 114 100
39 124 86
39 137 8
39 151 65
39 185 65
39 219 85
39 223 50
39 224 77
39 232 68
39 259 32
39 261 60
39 273 40
39 275 58
40 50 27
40 51 94
40 73 72
40 128 35
40 145 34
40 164 44
40 177 23
40 190 20
40 208 6
40 210 77
40 212 72
40 222 73
40 241 27
40 261 71
41 70 23
41 109 4
41 119 67
41 128 13
41 139 56
41 141 52
41 157 72
41 160 20
41 215 16
41 223 56
41 267 69
41 273 45
41 280 75
42 103 100
42 130 56
42 179 15
42 239 57
43 53 82
43 66 8
43 98 81
43 125 16
43 144 41
43 187 24
43 222 39
43 223 12
43 244 81
43 245 15
43 264 83
43 268 53
43 295 93
44 50 6
44 58 28
44 81 97
44 117 72
44 122 40
44 129 52
44 141 76
44 149 63
44 167 23
44 193 43
44 195 18
44 199 91
44 213 87
44 265 93
44 266 42
44 274 42
44 284 7
44 289 51
45 48 24
45 60 66
45 82 31
45 92 91
45 99 58
45 124 6
45 139 29
45 140 70
45 156 86
45 209 95
45 255 4
45 272 90
45 277 88
45 278 9
45 287 17
45 292 36
45 294 33
45 298 8
46 58 39
46 63 8
46 104 70
46 154 61
46 173 50
46 185 40
46 206 3
46 211 89
46 295 84
47 70 44
47 87 82
47 119 42
47 126 46
47 130 5
47 141 7
47 153 76
47 181 96
47 194 64
47 236 33
47 239 76
47 271 85
47 285 70
47 287 23
48 70 89
48 71 60
48 95 62
48 164 49
48 168 28
48 183 97
48 201 81
48 213 36
48 214 87
48 216 40
48 217 57
48 219 47
48 236 42
48 247 96
48 250 1
48 271 30
48 278 79
49 70 44
49 71 11
49 81 20
49 95 42
49 114 68
49 123 78
49 124 17
49 211 15
49 271 94
49 272 2
49 273 42
49 283 30
49 284 71
49 286 64
49 295 18
50 74 30
50 80 25
50 93 19
50 97 58
50 126 73
50 142 51
50 147 45
50 167 59
50 168 43
50 184 53
50 200 57
50 284 84
51 92 1
51 110 57
51 111 65
51 117 31
51 128 53
51 137 75
51 141 3
51 148 94
51 189 94
51 215 80
51 262 62
52 82 60
52 109 73
52 121 63
52 127 2
52 153 3
52 248 34
52 274 65
53 57 72
53 72 15
53 74 42
53 115 42
53 122 24
53 145 14
53 146 93
53 149 20
53 201 73
53 208 35
53 276 73
53 298 29
54 61 70
54 84 73
54 112 38
54 115 34
54 136 3
54 158 90
54 177 60
54 192 5
54 194 83
54 214 6
54 243 37
54 268 96
55 58 65
55 70 61
55 72 59
55 81 18
55 101 15
55 102 44
55 124 83
55 152 39
55 192 58
55 201 24
55 238 80
55 262 34
55 267 89
55 287 24
55 289 53
55 296 61
56 72 10
56 74 25
56 93 42
56 124 79
56 135 49
56 142 79
56 157 64
56 164 52
56 250 20
56 254 24
56 270 8
56 290 2
57 69 81
57 97 44
57 125 49
57 136 45
57 142 5
57 169 7
57 181 63
57 189 19
57 192 2
57 195 97
57 205 57
57 268 60
57 280 72
57 291 89
58 64 45
58 74 60
58 95 12
58 110 97
58 134 73
58 135 22
58 204 74
58 245 14
58 257 52
58 272 22
58 286 44
59 67 16
59 81 25
59 101 63
59 107 39
59 127 85
59 134 16
59 140 19
59 143 28
59 144 64
59 147 15
59 168 84
59 178 23
59 236 29
60 75 55
60 76 24
60 90 25
60 97 63
60 99 35
60 117 96
60 119 51
60 154 79
60 162 8
60 168 15
60 199 76
60 214 80
60 255 36
60 286 1
60 291 45
60 294 87
60 297 22
61 101 88
61 143 2
61 148 99
61 159 2
61 186 92
61 196 83
61 200 69
61 211 62
61 215 62
61 224 32
61 248 29
61 260 46
61 263 6
61 269 57
61 270 52
62 76 30
62 114 82
62 162 14
62 163 16
62 168 29
62 173 17
62 221 95
62 250 88
62 256 31
62 259 22
63 105 67
63 131 18
63 138 22
63 154 63
63 155 56
63 188 95
63 197 2
63 212 10
63 257 45
63 286 3
64 76 53
64 78 27
64 90 71
64 94 15
64 100 89
64 107 55
64 142 43
64 190 86
64 229 60
64 253 51
64 257 37
64 262 41
64 269 84
64 284 2
65 106 57
65 153 13
65 174 70
65 187 3
65 238 52
65 264 100
66 77 76
66 95 71
66 113 69
66 142 97
66 199 33
66 232 25
66 257 43
66 266 35
67 71 86
67 95 88
67 99 89
67 106 38
67 125 66
67 157 12
67 191 4
67 212 54
67 213 66
67 226 46
67 254 91
67 280 77
68 76 49
68 137 79
68 143 70
68 237 32
68 262 81
68 293 78
69 76 96
69 86 2
69 100 80
69 104 48
69 107 2
69 111 55
69 131 18
69 140 22
69 141 3
69 152 2
69 171 98
69 212 45
69 217 36
69 235 83
69 264 84
69 274 77
69 277 21
70 103 50
70 104 88
70 123 24
70 137 55
70 139 5
70 226 22
70 245 46
70 250 81
70 257 22
71 73 24
71 89 50
71 124 53
71 149 56
71 153 79
71 168 49
71 169 58
71 177 58
71 186 48
71 200 11
71 204 64
71 211 17
71 226 84
71 236 66
71 256 18
71 258 82
71 265 63
72 75 6
72 94 16
72 98 46
72 173 82
72 195 88
72 220 47
72 243 69
72 265 12
72 295 2
73 80 73
73 98 85
73 148 99
73 165 5
73 203 6
73 208 74
73 215 7
73 229 10
73 235 30
73 264 85
73 277 58
74 101 39
74 108 95
74 131 57
74 158 1
74 182 58
74 184 73
74 185 84
74 188 76
74 217 91
74 244 17
74 281 90
74 285 96
74 295 33
75 90 87
75 92 77
75 95 20
75 144 34
75 168 97
75 190 83
75 195 87
75 220 21
75 228 19
75 235 85
75 268 77
75 272 24
75 297 58
76 89 83
76 109 34
76 118 39
76 130 20
76 148 43
76 202 29
76 206 66
76 214 100
76 233 29
76 244 23
76 252 24
76 274 65
76 285 50
76 292 14
76 298 81
77 87 39
77 91 61
77 162 13
77 191 26
77 202 37
77 243 85
77 248 59
77 252 85
77 283 67
77 285 97
77 298 57
77 299 86
78 99 81
78 102 34
78 132 61
78 144 90
78 150 68
78 230 46
78 236 81
78 242 39
78 265 41
78 281 9
78 297 4
79 88 40
79 89 90
79 172 79
79 183 15
79 198 54
79 226 28
79 229 29
79 230 34
79 232 19
79 242 89
79 243 99
79 249 44
79 267 78
79 274 83
79 278 54
79 288 14
80 96 1
80 109 50
80 117 71
80 135 86
80 187 30
80 194 56
80 199 99
80 219 71
80 241 23
80 254 44
80 256 51
80 262 14
80 277 84
80 278 12
81 147 17
81 172 75
81 177 1
81 194 47
81 217 90
81 218 6
81 228 75
81 242 70
81 261 39
81 262 93
82 105 58
82 108 89
82 112 88
82 115 87
82 137 23
82 142 41
82 148 1
82 155 24
82 216 90
82 240 23
82 249 61
82 288 71
83 145 78
83 149 59
83 161 93
83 243 52
83 272 55
84 105 44
84 136 65
84 155 38
84 162 7
84 195 34
84 205 65
84 207 7
84 254 80
84 265 54
84 280 12
84 292 6
84 293 23
84 294 2
85 114 50
85 158 32
85 159 43
85 162 37
85 227 19
85 252 65
86 105 77
86 113 71
86 115 88
86 143 18
86 165 93
86 177 49
86 197 88
86 262 70
86 290 59
87 121 33
87 122 73
87 125 13
87 156 28
87 251 38
87 262 51
87 292 34
88 93 71
88 107 15
88 153 92
88 194 2
88 203 20
88 207 55
88 248 8
88 268 94
89 103 56
89 104 57
89 147 25
89 165 50
89 172 94
89 214 95
89 245 15
89 247 22
89 251 65
89 265 2
89 270 40
89 273 9
90 103 2
90 109 79
90 115 30
90 118 61
90 125 11
90 127 3
90 193 25
90 196 90
90 199 92
90 214 27
90 229 23
90 248 62
90 251 93
90 272 14
90 282 15
90 297 12
91 113 68
91 153 22
91 155 5
91 167 76
92 97 31
92 116 82
92 120 25
92 140 76
92 141 28
92 142 91
92 175 97
92 219 93
92 221 45
92 223 88
92 231 53
92 242 46
92 289 19
93 95 83
93 116 58
93 122 81
93 124 85
93 134 83
93 157 71
93 160 76
93 176 61
93 182 93
93 186 89
93 215 54
93 227 59
93 232 3
93 242 65
93 250 26
93 283 77
94 107 22
94 114 53
94 152 59
94 154 55
94 160 30
94 217 34
94 231 82
94 237 20
95 99 30
95 111 26
95 158 64
95 159 70
95 160 79
95 165 62
95 176 88
95 217 61
95 233 71
95 243 68
95 247 45
95 265 5
95 283 38
95 288 72
96 119 66
96 138 83
96 159 60
96 168 19
96 189 41
96 199 14
96 216 83
96 249 18
96 277 90
96 292 56
97 106 23
97 116 100
97 135 10
97 143 4
97 174 33
98 146 92
98 157 23
98 185 15
98 212 69
98 282 39
98 297 84
99 116 47
99 121 52
99 156 23
99 161 7
99 181 22
99 183 90
99 209 51
99 211 27
99 218 80
99 247 22
99 259 92
99 270 62
99 279 33
99 292 62
100 113 54
100 214 47
100 255 96
100 267 71
100 290 88
101 130 52
101 187 45
101 201 88
101 228 13
101 233 48
101 245 20
101 279 56
102 148 23
102 221 86
102 237 25
102 244 13
102 246 69
102 281 71
102 294 64
103 176 91
103 198 78
103 204 37
103 209 33
103 232 80
103 236 15
103 247 12
103 258 54
103 276 58
103 284 25
104 117 38
104 141 19
104 167 78
104 185 84
104 196 15
104 237 100
104 242 24
104 265 18
104 279 45
105 117 63
105 144 30
105 176 92
105 183 34
105 212 86
105 214 66
105 235 20
105 237 62
105 257 78
105 266 40
105 281 32
105 291 41
106 113 31
106 134 61
106 151 78
106 187 63
106 189 93
106 190 44
106 191 26
106 213 46
106 232 2
106 249 2
106 253 83
106 295 20
106 296 31
107 109 19
107 148 34
107 162 82
107 166 94
107 238 3
107 257 26
107 282 56
107 288 33
107 289 70
107 297 41
108 109 70
108 119 35
108 144 60
108 192 31
108 233 13
108 256 100
108 279 14
109 124 5
109 127 82
109 147 75
109 168 34
109 177 96
109 217 67
109 250 78
109 285 73
110 112 64
110 120 79
110 153 74
110 187 98
110 192 50
110 229 4
110 232 68
110 264 84
110 282 37
110 284 13
111 130 38
111 136 63
111 142 20
111 152 70
111 162 84
111 211 61
111 213 39
111 242 70
111 254 72
111 280 21
112 136 34
112 140 71
112 164 35
112 209 91
112 241 4
112 247 61
112 263 24
112 266 99
112 274 79
112 280 53
113 128 23
113 142 94
113 163 31
113 190 96
113 223 91
113 230 81
113 238 51
114 124 11
114 163 16
114 220 88
114 226 23
114 262 53
114 271 2
114 283 43
114 298 75
115 116 37
115 129 55
115 187 65
115 189 58
115 191 26
115 199 86
116 117 44
116 139 49
116 145 72
116 148 34
116 155 52
116 196 32
116 204 57
116 210 3
116 221 62
116 234 10
116 267 25
116 282 55
117 176 92
117 180 73
117 207 97
117 209 24
117 229 75
117 263 7
117 265 39
117 279 14
117 280 82
118 164 44
118 167 67
118 185 76
118 191 18
118 193 55
118 244 30
118 246 82
118 255 13
118 275 55
118 284 19
118 290 56
119 122 3
119 129 90
119 178 89
119 192 55
119 198 73
119 206 97
119 214 9
119 234 34
119 235 58
119 264 85
119 275 88
119 296 2
120 122 9
120 128 85
120 135 25
120 162 84
120 178 43
120 189 16
120 206 49
120 219 24
120 229 11
120 274 16
120 277 51
121 130 80
121 131 22
121 138 80
121 145 13
121 171 34
121 173 35
121 221 32
121 227 41
121 244 37
121 293 21
122 128 29
122 130 43
122 219 46
122 238 78
122 251 3
122 284 79
122 292 87
123 128 88
123 189 19
123 209 88
123 217 96
123 280 3
124 126 65
124 136 31
124 148 97
124 165 80
124 213 80
124 221 73
124 263 90
124 275 47
125 129 23
125 141 21
125 158 68
125 193 3
125 195 33
125 201 54
125 237 37
125 243 64
125 272 94
125 279 25
126 146 37
126 158 75
126 165 20
126 175 82
126 227 4
126 230 22
126 258 60
126 274 90
126 279 61
126 298 78
127 169 30
127 207 9
127 228 32
127 247 94
127 253 91
127 273 81
127 293 25
128 170 22
128 208 53
128 210 66
128 222 68
128 225 75
128 241 86
128 285 88
129 149 77
129 175 18
129 182 93
129 199 65
129 212 82
129 230 86
129 234 42
129 294 70
130 132 12
130 133 13
130 137 51
130 159 15
130 225 86
130 245 62
130 246 57
130 260 47
130 264 92
130 270 86
130 282 7
130 293 75
130 299 31
131 132 97
131 148 55
131 156 55
131 168 19
131 185 7
131 217 20
131 218 38
131 220 34
131 221 5
131 234 77
131 252 62
131 263 22
131 268 69
131 281 27
132 178 55
132 195 7
132 238 20
132 241 24
132 262 18
132 271 32
132 272 26
132 279 85
132 289 17
133 141 88
133 161 41
133 174 15
133 187 31
133 228 78
133 238 73
133 286 5
134 160 8
134 180 70
134 207 60
134 218 62
134 219 40
134 243 18
134 252 81
134 271 77
135 138 51
135 151 37
135 185 6
135 226 13
135 252 10
135 295 74
136 147 91
136 192 65
136 195 32
136 196 62
136 218 40
136 279 2
137 180 93
137 181 66
137 272 86
137 273 61
137 281 5
138 151 78
138 164 28
138 174 35
138 182 55
138 219 100
138 223 91
138 229 62
138 237 21
138 252 50
138 255 23
138 276 12
138 296 20
139 146 55
139 177 89
139 198 70
139 199 43
139 201 46
139 212 34
139 226 52
139 233 71
139 239 24
139 266 68
139 280 3
140 181 85
140 208 60
140 240 4
140 254 29
140 260 25
140 261 41
140 262 42
140 279 81
141 155 18
141 159 21
141 164 15
141 201 72
141 221 72
141 231 5
141 255 33
141 261 45
142 190 7
142 214 7
142 251 56
142 289 26
143 152 13
143 210 96
143 212 47
143 235 55
143 237 41
143 251 81
143 271 58
143 281 12
144 225 56
144 235 26
144 270 14
144 278 93
144 283 85
145 151 69
145 161 73
145 168 61
145 191 9
145 220 66
145 275 41
145 284 26
146 155 86
146 159 7
146 164 49
146 196 58
147 165 63
147 173 33
147 190 54
147 193 21
147 235 39
147 279 9
148 171 98
148 174 3
148 237 5
148 267 97
148 275 57
149 169 45
149 181 77
149 216 14
149 232 8
149 260 84
149 261 91
149 265 73
149 269 28
150 163 75
150 168 41
150 194 1
150 219 87
150 225 1
150 252 66
150 258 79
150 277 78
150 288 4
150 297 85
150 299 26
151 156 13
151 173 100
151 184 58
151 185 66
151 207 20
151 235 48
151 262 74
151 276 70
151 287 50
152 218 78
152 224 66
152 257 6
152 276 75
152 291 94
153 178 72
153 181 82
153 195 77
153 218 62
153 253 55
153 269 57
153 287 89
153 294 47
154 158 57
154 177 27
154 195 48
154 213 74
154 242 6
154 246 25
154 272 29
154 274 42
154 281 3
154 288 41
155 156 41
155 163 60
155 189 58
155 216 13
155 217 8
155 226 32
155 236 34
155 265 9
156 158 61
156 159 99
156 174 67
156 205 87
156 218 92
156 240 38
156 256 69
156 274 20
156 296 51
157 171 75
157 173 28
157 206 91
157 258 73
158 221 36
158 237 70
158 250 20
158 273 10
158 286 75
159 182 97
159 184 90
159 226 16
159 265 51
159 281 31
159 288 9
159 297 10
160 195 88
160 198 73
160 200 69
160 204 71
160 224 6
160 240 30
160 253 32
160 265 56
161 181 96
161 213 70
161 217 99
161 241 85
161 242 90
161 244 18
161 251 87
161 255 64
161 266 98
162 191 78
162 212 89
162 219 33
162 226 47
162 227 60
162 234 42
162 267 73
162 285 56
163 190 84
163 205 40
163 222 58
163 223 14
163 243 48
163 267 68
163 268 53
163 273 72
163 274 88
163 291 24
163 292 77
163 293 17
163 299 7
164 172 84
164 228 64
164 231 76
164 268 82
164 269 48
164 283 18
165 183 52
165 241 35
165 281 81
166 183 49
166 208 64
166 283 21
167 170 81
167 182 62
167 211 81
167 279 75
168 171 34
168 175 88
168 176 58
168 220 73
168 222 46
168 223 71
168 253 73
169 173 65
169 177 75
169 192 44
169 220 52
169 254 98
169 290 73
170 180 21
170 189 56
170 190 56
170 224 84
170 248 84
171 206 38
171 265 84
171 273 1
171 279 89
171 286 70
172 184 33
172 192 89
172 198 33
172 215 54
172 290 69
172 294 94
173 190 34
173 201 43
173 254 79
173 297 21
174 210 100
174 233 3
174 261 18
174 269 22
174 281 75
174 288 82
175 247 97
175 252 71
175 280 86
175 294 46
175 296 95
176 197 6
176 199 54
176 215 50
176 227 41
176 244 89
176 246 39
176 291 76
176 292 89
177 198 79
177 212 45
177 237 73
177 238 67
177 281 77
178 229 78
178 248 36
178 268 22
179 219 63
179 222 30
179 229 52
179 246 36
179 261 82
180 228 55
180 234 53
180 250 3
180 265 81
180 268 35
180 269 51
180 281 3
181 206 20
181 297 49
182 200 97
182 214 77
182 224 2
182 256 99
182 282 69
183 226 42
183 266 89
183 270 45
183 276 30
183 282 68
183 288 41
184 188 54
184 189 86
184 242 70
184 244 32
184 271 73
184 280 91
184 282 94
185 191 3
185 237 95
185 242 29
185 245 36
185 253 1
186 231 82
186 239 38
186 240 81
186 259 68
186 263 41
186 268 84
186 295 39
187 201 89
187 205 32
187 208 15
187 216 42
187 219 30
187 270 35
187 271 83
187 280 71
187 283 31
188 194 64
188 201 38
188 249 72
188 272 69
189 191 75
189 200 41
189 211 100
189 223 48
189 231 83
189 242 46
189 258 2
189 265 77
190 213 26
190 262 89
190 267 77
190 277 59
191 209 26
191 220 10
191 239 26
191 242 18
191 266 45
191 283 16
192 234 58
192 260 76
192 275 30
192 289 51
192 293 58
193 216 17
193 227 85
193 237 28
193 247 47
193 250 48
193 276 17
194 203 18
194 267 69
194 280 43
194 293 58
195 226 20
195 234 42
195 255 93
195 287 65
196 204 95
196 205 21
196 214 43
196 221 83
196 299 98
197 201 1
197 215 61
197 258 59
197 283 79
197 285 78
198 204 3
198 226 94
198 232 36
198 237 30
198 240 76
198 261 86
199 229 87
199 241 92
199 246 71
199 257 66
199 285 38
200 205 70
200 229 34
200 230 56
200 234 90
200 239 77
200 256 65
201 260 10
201 269 18
201 283 57
201 286 74
202 214 13
202 223 78
202 237 68
203 218 95
203 247 27
203 285 69
203 291 55
204 220 85
204 221 47
204 232 85
204 239 87
204 258 40
205 217 20
205 244 68
205 256 15
205 257 57
205 266 55
205 285 6
205 291 79
206 237 72
206 240 96
206 245 1
206 247 6
206 291 51
207 211 90
207 214 82
207 215 15
207 234 99
207 273 51
207 289 24
208 212 25
208 243 63
208 295 53
208 297 92
209 260 10
209 291 79
210 254 12
210 269 64
211 227 15
212 219 10
212 233 48
212 238 53
212 243 50
212 269 19
213 262 20
213 264 16
213 281 28
213 283 26
213 289 74
213 296 6
214 272 98
214 294 21
215 232 58
215 270 55
215 290 71
216 253 48
216 255 88
216 256 37
216 276 98
216 286 38
216 297 12
217 236 74
217 268 53
218 246 64
218 247 18
218 251 62
218 283 94
219 238 29
219 242 25
219 244 8
219 273 39
219 283 25
221 247 60
221 254 40
221 260 95
222 231 80
222 291 7
223 234 22
223 246 57
223 250 32
223 256 80
223 262 54
223 265 52
223 274 89
223 285 60
224 238 74
224 281 88
224 289 47
225 241 11
225 263 86
225 271 85
225 283 22
225 289 11
227 233 37
227 253 38
227 257 28
227 259 98
227 270 31
227 275 9
227 295 74
227 298 39
228 245 99
228 253 50
228 255 50
228 263 38
228 272 97
228 281 81
229 238 96
229 277 70
229 282 38
229 283 28
230 239 1
230 244 43
230 254 31
230 256 90
230 267 3
230 280 5
231 254 77
232 259 49
232 262 67
232 283 62
232 292 85
233 237 40
233 244 25
234 237 73
234 252 77
234 284 52
235 259 22
235 263 8
235 272 12
235 278 48
235 287 98
235 296 10
236 270 49
236 277 47
236 285 47
236 288 45
237 248 28
237 249 95
237 288 15
237 290 65
238 242 22
238 254 15
238 266 7
238 274 4
238 283 56
238 285 61
239 273 8
239 275 33
239 277 10
239 290 74
240 267 46
241 267 46
241 268 14
241 277 70
242 266 19
242 274 42
242 286 22
243 244 40
243 268 49
243 269 85
243 280 87
243 297 98
244 265 95
245 256 36
245 261 45
245 265 41
245 270 32
245 275 24
245 290 35
246 257 98
246 286 40
247 274 8
247 277 13
247 288 98
248 257 12
248 266 68
248 277 59
250 251 71
250 281 52
251 273 20
251 288 97
252 278 98
252 283 65
252 291 62
253 258 67
253 285 35
253 290 3
255 262 40
255 267 75
255 281 4
255 290 25
256 288 13
257 270 1
257 275 19
258 262 100
259 260 97
260 264 11
260 292 84
260 293 20
261 262 98
261 264 81
261 287 11
262 272 5
264 295 45
265 281 9
265 299 68
266 288 65
267 290 67
267 298 91
268 284 16
269 270 86
269 286 87
270 285 13
270 291 2
272 291 48
272 294 32
273 277 37
273 280 2
273 297 71
275 289 63
276 290 5
276 292 47
278 282 27
278 283 58
279 282 65
280 299 27
283 286 54
286 299 28
290 292 62
291 298 26
300 320 16
300 374 52
300 382 43
300 393 53
300 424 75
300 427 42
300 430 63
300 436 41
300 439 39
300 454 71
300 455 67
300 461 76
300 464 91
300 553 16
300 570 72
300 593 54
301 319 46
301 342 29
301 344 32
301 366 23
301 378 2
301 386 36
301 403 5
301 404 47
301 407 41
301 423 99
301 463 57
301 545 21
301 546 40
301 558 74
301 571 95
302 324 8
302 333 25
302 354 89
302 372 12
302 387 52
302 392 30
302 398 26
302 428 92
302 440 21
302 456 96
302 474 10
302 478 96
302 532 87
302 547 25
302 555 19
302 584 92
303 314 23
303 338 47
303 355 75
303 362 45
303 387 48
303 409 10
303 412 1
303 416 46
303 418 51
303 423 99
303 432 3
303 441 23
303 461 91
303 475 76
303 478 17
303 482 50
303 493 1
303 505 5
303 506 61
303 522 4
303 548 86
303 574 38
304 321 47
304 347 58
304 352 86
304 362 56
304 373 5
304 402 72
304 422 33
304 458 24
304 476 15
304 480 7
304 484 22
304 503 89
304 505 3
304 509 70
304 563 98
305 310 3
305 341 15
305 351 100
305 397 53
305 405 17
305 435 22
305 445 95
305 468 45
305 470 90
305 475 44
305 522 97
305 555 46
305 566 56
305 590 100
306 311 84
306 337 94
306 351 46
306 353 41
306 360 79
306 383 53
306 406 46
306 412 2
306 427 85
306 430 21
306 484 16
306 505 43
306 574 42
306 575 56
307 320 45
307 334 11
307 357 5
307 367 99
307 373 78
307 389 5
307 398 4
307 400 46
307 437 78
307 448 98
307 481 90
307 486 20
307 498 42
307 503 86
307 524 65
307 544 97
307 548 37
307 567 48
307 593 42
308 329 82
308 353 41
308 390 72
308 424 35
308 428 86
308 445 73
308 469 71
308 470 6
308 514 40
308 538 14
308 549 99
308 564 95
308 572 58
309 311 62
309 325 100
309 337 9
309 338 39
309 342 56
309 367 12
309 422 36
309 432 33
309 437 9
309 462 26
309 491 52
309 561 2
309 584 63
310 314 69
310 324 99
310 335 100
310 342 68
310 379 92
310 430 33
310 434 8
310 454 64
310 457 67
310 470 45
310 500 88
310 512 38
310 515 2
310 523 28
310 538 51
310 551 1
311 333 22
311 340 60
311 345 62
311 418 73
311 432 20
311 441 52
311 449 28
311 491 31
311 508 87
311 509 61
311 555 40
311 572 64
311 576 64
311 577 93
311 579 79
312 318 32
312 334 43
312 338 78
312 365 100
312 370 35
312 386 10
312 396 59
312 398 50
312 455 29
312 463 4
312 468 37
312 470 66
312 489 5
312 492 64
312 535 68
312 541 57
312 563 86
312 574 79
312 575 18
313 321 10
313 323 99
313 330 69
313 357 38
313 395 81
313 407 8
313 438 98
313 445 72
313 448 71
313 449 13
313 452 65
313 454 49
313 457 45
313 466 7
313 471 78
313 483 96
313 487 41
313 503 40
313 509 54
313 519 90
313 525 20
313 565 57
314 361 27
314 367 37
314 386 14
314 405 42
314 407 4
314 422 70
314 462 79
314 481 34
314 525 40
314 533 89
314 542 32
314 546 8
314 576 26
315 322 13
315 343 67
315 345 75
315 412 36
315 416 38
315 424 87
315 425 100
315 470 38
315 472 31
315 477 7
315 495 68
315 497 78
315 498 99
315 500 59
315 526 32
315 554 89
315 579 78
315 594 88
315 597 67
316 320 14
316 336 1
316 338 8
316 410 69
316 530 23
316 537 39
316 590 2
316 592 62
317 349 27
317 357 86
317 360 21
317 390 52
317 394 50
317 419 88
317 424 78
317 472 85
317 484 77
317 506 64
317 511 85
317 560 14
317 586 47
317 595 91
318 322 33
318 392 24
318 406 89
318 429 91
318 433 55
318 434 29
318 435 68
318 469 95
318 472 47
318 489 33
318 499 47
318 537 7
318 546 1
318 563 69
318 584 45
319 410 3
319 460 82
319 474 71
319 494 40
319 499 3
319 506 74
319 510 89
319 526 90
319 534 51
319 562 73
319 567 66
319 597 14
320 325 9
320 473 31
320 479 12
320 497 51
320 499 16
320 507 36
320 549 92
320 592 6
320 595 42
321 323 20
321 337 26
321 352 88
321 359 19
321 382 58
321 385 35
321 390 25
321 403 59
321 421 55
321 448 69
321 461 13
321 467 37
321 473 91
321 476 52
321 509 91
321 534 64
321 580 92
321 582 80
322 329 14
322 330 16
322 362 97
322 364 79
322 366 25
322 402 79
322 410 91
322 460 27
322 465 94
322 468 78
322 482 18
322 532 52
322 556 71
323 332 90
323 333 29
323 334 59
323 432 8
323 437 86
323 443 45
323 476 84
323 482 96
323 495 51
323 496 52
323 537 60
323 563 87
323 576 42
323 585 63
324 343 29
324 344 5
324 406 54
324 475 8
324 556 70
324 586 22
325 354 56
325 372 48
325 385 46
325 403 35
325 411 90
325 416 72
325 436 80
325 466 67
325 470 42
325 487 31
325 494 38
325 495 31
325 510 59
325 512 48
325 574 90
325 576 97
326 365 92
326 377 73
326 439 44
326 458 42
326 461 24
326 465 4
326 466 81
326 493 17
326 523 18
326 539 9
326 562 73
326 582 72
327 343 69
327 350 42
327 355 93
327 385 76
327 404 41
327 415 90
327 427 10
327 510 31
327 517 13
327 527 42
327 553 49
327 555 54
327 560 24
327 577 38
327 578 36
327 584 35
327 594 85
327 598 25
328 345 31
328 373 28
328 378 49
328 417 26
328 424 22
328 464 24
328 477 81
328 492 54
328 521 40
328 523 99
328 544 14
328 550 64
328 555 22
328 571 34
328 599 5
329 357 66
329 392 10
329 408 98
329 441 55
329 454 71
329 508 80
329 534 19
329 536 12
329 552 28
329 554 25
329 559 36
329 583 18
330 333 12
330 336 70
330 348 54
330 373 89
330 421 52
330 431 82
330 445 37
330 453 77
330 479 55
330 507 61
330 522 58
330 527 60
330 537 52
330 582 56
330 596 73
331 341 16
331 352 77
331 357 7
331 369 72
331 412 42
331 413 68
331 422 21
331 452 48
331 461 38
331 512 100
331 536 18
331 537 50
331 542 80
331 563 42
331 586 85
332 375 97
332 384 54
332 401 6
332 407 50
332 417 42
332 421 57
332 457 83
332 487 30
332 490 33
332 491 89
332 528 42
332 530 42
332 541 48
332 552 94
332 565 49
332 586 21
333 335 61
333 416 25
333 447 79
333 457 32
333 498 18
333 502 46
333 515 53
333 554 17
333 558 83
333 585 4
334 338 35
334 353 84
334 366 83
334 369 28
334 382 20
334 395 31
334 420 33
334 426 25
334 431 81
334 542 26
334 568 81
335 380 15
335 398 56
335 404 66
335 419 4
335 429 97
335 436 59
335 444 51
335 446 42
335 455 8
335 489 23
335 512 2
335 521 84
335 524 53
335 535 86
335 548 2
335 552 98
335 558 90
335 562 70
335 572 33
336 342 93
336 367 4
336 400 68
336 428 76
336 456 84
336 475 88
336 491 6
336 498 16
336 513 12
336 515 38
336 534 42
336 541 45
336 550 5
336 570 49
336 572 62
336 573 8
336 589 97
337 364 20
337 414 10
337 439 39
337 441 79
337 461 33
337 472 92
337 560 63
337 566 85
338 376 77
338 407 64
338 426 35
338 435 66
338 469 33
338 481 19
338 504 59
338 528 89
338 564 86
338 577 86
339 352 72
339 361 73
339 382 43
339 395 39
339 427 37
339 432 33
339 509 80
339 587 33
340 390 37
340 457 80
340 483 94
340 488 96
340 491 77
340 509 65
340 515 5
340 547 67
340 583 44
340 589 89
341 392 58
341 418 6
341 435 26
341 471 35
341 489 21
341 491 60
341 494 52
341 496 5
341 506 30
341 516 62
341 560 93
342 353 15
342 401 99
342 413 16
342 431 40
342 454 94
342 486 55
342 487 28
342 574 26
342 585 86
342 589 60
343 352 14
343 376 18
343 377 5
343 380 9
343 385 46
343 396 21
343 419 65
343 420 12
343 490 16
343 503 54
343 510 69
343 542 73
343 549 79
343 563 55
343 590 93
344 362 90
344 363 59
344 397 50
344 423 19
344 447 20
344 474 94
344 485 85
344 489 19
344 537 10
344 582 76
344 594 12
344 596 16
345 360 3
345 408 89
345 433 53
345 439 14
345 441 2
345 513 70
346 356 70
346 362 62
346 384 15
346 396 43
346 399 26
346 400 78
346 417 58
346 442 79
346 482 47
346 512 31
346 538 9
346 546 53
346 568 75
346 591 98
347 381 11
347 410 24
347 430 68
347 447 83
347 449 70
347 454 5
347 462 1
347 479 31
347 480 80
347 491 64
347 498 46
347 568 35
347 573 4
347 595 50
348 350 100
348 399 5
348 471 72
348 486 70
348 487 66
348 497 86
348 515 12
348 534 43
348 544 16
348 545 21
348 556 74
348 567 14
348 593 3
349 360 82
349 442 66
349 446 30
349 461 32
349 466 29
349 477 5
349 541 99
349 554 11
349 565 74
349 581 3
349 597 63
350 358 4
350 359 35
350 395 26
350 401 1
350 402 69
350 408 81
350 422 51
350 426 68
350 444 85
350 450 22
350 461 89
350 475 2
350 502 59
350 510 52
350 532 44
350 538 74
350 545 25
350 546 17
350 564 87
350 565 27
350 570 51
350 571 5
350 586 56
350 587 82
351 367 33
351 374 61
351 474 32
351 484 43
351 495 34
351 515 87
351 520 57
351 542 90
351 570 21
351 582 34
351 591 90
352 355 41
352 461 14
352 468 40
352 472 60
352 476 98
352 481 61
352 515 49
352 527 51
352 562 72
352 586 52
352 591 94
353 356 45
353 366 76
353 374 63
353 376 84
353 417 55
353 534 13
353 576 88
353 591 10
354 355 94
354 361 72
354 382 22
354 466 77
354 468 66
354 506 8
354 509 63
354 539 22
354 573 97
355 383 35
355 400 55
355 435 86
355 436 75
355 448 68
355 486 26
355 495 87
355 496 17
355 548 38
355 555 87
355 570 67
355 577 61
356 358 38
356 390 12
356 392 58
356 402 66
356 417 74
356 423 41
356 424 20
356 442 38
356 489 80
356 491 29
356 510 83
356 521 51
356 564 3
356 571 60
356 584 16
356 594 10
356 598 74
357 360 37
357 365 6
357 378 9
357 388 43
357 405 91
357 478 35
357 510 10
357 521 68
357 528 21
357 585 78
358 426 6
358 458 7
358 506 44
358 517 66
358 519 97
358 526 55
358 528 23
358 545 62
358 561 81
358 596 15
359 387 81
359 389 18
359 456 94
359 488 61
359 497 53
359 527 96
359 533 63
359 535 12
359 568 11
359 573 24
359 583 85
359 587 99
359 591 29
359 595 45
360 383 41
360 403 20
360 418 80
360 423 2
360 456 39
360 476 52
360 524 79
360 540 44
360 545 11
360 550 74
360 567 62
360 576 7
360 582 81
360 586 36
360 590 68
360 593 61
361 362 3
361 404 100
361 433 30
361 438 48
361 450 60
361 458 82
361 496 44
361 504 75
361 535 45
361 541 6
361 545 98
361 562 82
361 565 5
361 594 79
362 380 26
362 401 97
362 415 50
362 430 57
362 440 51
362 466 88
362 478 61
362 509 81
362 517 84
362 553 71
363 372 55
363 388 97
363 389 77
363 400 35
363 439 32
363 479 96
363 486 47
363 493 86
363 500 95
363 502 76
363 511 34
363 537 6
364 366 10
364 380 77
364 388 80
364 401 6
364 407 82
364 447 30
364 464 87
364 471 38
364 502 60
364 519 65
364 534 87
364 577 9
365 405 73
365 422 37
365 429 96
365 433 33
365 458 69
365 501 31
365 511 3
365 513 23
365 523 27
365 551 31
365 552 57
365 559 11
365 583 26
365 598 3
366 373 96
366 450 20
366 455 31
366 471 29
366 488 26
366 533 92
367 383 57
367 422 57
367 427 49
367 460 39
367 462 38
367 493 88
367 539 28
367 554 97
367 595 52
368 390 66
368 391 57
368 393 76
368 394 54
368 404 5
368 426 9
368 487 23
368 505 35
368 515 63
368 557 45
368 558 62
368 583 94
369 422 54
369 425 24
369 427 19
369 455 8
369 492 19
369 509 91
369 555 90
369 559 100
369 575 68
370 395 81
370 405 56
370 407 76
370 420 82
370 434 46
370 438 14
370 448 69
370 471 26
370 536 62
370 550 72
370 565 91
371 377 19
371 392 47
371 397 45
371 405 23
371 450 7
371 454 67
371 470 9
371 490 70
371 502 63
371 503 70
371 506 63
371 532 16
371 540 93
372 379 33
372 398 24
372 452 64
372 454 23
372 476 13
372 478 63
372 480 90
372 509 46
372 528 70
372 577 18
372 588 27
372 592 16
373 374 31
373 385 95
373 463 41
373 508 44
373 559 66
373 564 83
373 573 14
373 594 64
374 420 27
374 449 88
374 464 71
374 490 45
374 498 97
374 512 40
374 523 8
374 528 18
374 547 54
374 554 23
374 558 63
375 431 86
375 433 98
375 438 26
375 469 61
375 493 63
375 513 40
375 583 50
376 386 8
376 406 9
376 409 67
376 419 34
376 445 76
376 454 49
376 506 80
376 514 68
376 577 45
377 378 97
377 410 51
377 415 10
377 445 60
377 450 29
377 484 98
377 503 30
377 505 74
377 528 46
377 539 69
377 549 33
377 571 63
377 578 22
377 598 7
378 392 25
378 413 60
378 506 5
378 557 2
379 381 20
379 385 67
379 395 93
379 408 69
379 433 26
379 434 2
379 489 88
379 502 11
379 508 29
379 514 88
379 528 90
379 548 49
379 565 84
379 567 86
379 568 99
379 590 94
380 434 45
380 435 79
380 450 91
380 494 27
380 507 4
380 566 36
380 597 95
381 389 36
381 395 50
381 398 69
381 422 43
381 433 27
381 485 28
381 508 99
381 521 28
381 537 47
381 540 17
381 551 73
381 559 67
381 578 94
381 581 26
381 594 6
382 401 4
382 402 54
382 418 46
382 437 93
382 447 2
382 456 29
382 480 30
382 481 52
382 489 22
382 491 26
382 518 83
382 570 12
383 454 52
383 464 86
383 491 99
383 493 99
383 513 22
383 523 49
383 541 67
383 560 16
383 595 27
384 394 46
384 419 66
384 456 6
384 473 92
384 496 34
384 534 78
384 547 10
384 584 27
384 599 3
385 391 16
385 415 30
385 418 9
385 434 61
385 512 74
385 554 62
385 576 89
385 584 55
385 590 66
386 388 63
386 405 80
386 423 48
386 425 26
386 428 84
386 430 33
386 437 25
386 443 82
386 454 6
386 474 25
386 488 100
386 519 73
386 542 51
386 558 45
386 576 38
387 408 8
387 425 88
387 431 23
387 437 86
387 502 97
387 531 49
387 586 40
387 598 64
388 390 30
388 398 48
388 412 76
388 415 3
388 423 10
388 472 17
388 478 57
388 494 75
388 506 79
388 510 89
388 519 22
388 530 4
388 580 72
389 392 6
389 395 80
389 407 5
389 425 12
389 443 4
389 492 4
389 507 84
389 510 6
389 515 100
389 535 74
389 598 14
390 393 87
390 405 96
390 417 51
390 435 35
390 467 97
390 478 90
390 499 99
390 552 26
390 553 90
390 554 26
390 559 81
390 578 99
390 591 42
390 595 89
391 411 25
391 440 72
391 446 77
391 448 98
391 485 28
392 398 100
392 408 55
392 415 7
392 439 4
392 441 66
392 467 63
392 481 59
392 482 2
392 484 20
392 485 58
392 513 27
392 520 33
392 528 96
392 561 22
392 571 35
392 599 31
393 450 70
393 475 25
393 487 81
393 496 96
393 577 14
394 412 6
394 420 76
394 442 64
394 471 100
394 490 16
394 537 40
394 568 23
394 576 93
394 579 89
394 580 50
394 593 44
395 412 43
395 415 9
395 431 100
395 504 61
395 518 71
395 531 58
395 536 62
395 587 42
396 430 68
396 442 88
396 475 27
396 508 63
396 545 61
396 557 61
396 568 93
396 578 31
396 583 37
396 591 25
396 592 78
396 594 2
397 398 83
397 399 5
397 454 17
397 458 34
397 469 20
397 486 56
397 520 56
397 554 64
397 556 96
397 595 58
398 428 8
398 440 39
398 443 18
398 447 7
398 489 99
398 512 40
398 534 16
398 559 12
398 563 81
398 572 35
398 589 51
399 405 7
399 463 98
399 466 11
399 506 68
399 534 42
399 557 93
399 566 56
399 567 67
399 576 70
400 414 58
400 421 49
400 529 74
400 589 26
400 592 82
400 593 46
401 412 34
401 446 89
401 451 9
401 459 29
401 469 46
401 544 16
401 571 67
401 581 63
402 448 74
402 478 17
402 491 54
402 509 42
402 520 28
402 522 35
402 526 76
402 538 78
402 580 41
403 404 73
403 429 41
403 435 60
403 439 67
403 444 85
403 448 16
403 454 33
403 464 55
403 532 25
403 540 33
403 570 80
403 583 50
403 592 66
404 424 25
404 433 83
404 448 54
404 465 34
404 532 64
404 544 52
404 550 1
404 554 30
404 558 66
404 560 27
405 420 99
405 434 20
405 447 68
405 465 78
405 481 54
405 549 95
405 554 56
405 588 46
405 590 20
406 414 48
406 455 6
406 480 86
406 489 32
406 493 73
406 513 70
406 532 38
406 560 49
407 430 2
407 443 70
407 455 50
407 544 67
407 558 94
407 561 85
407 569 20
407 595 79
408 449 48
408 468 23
408 472 32
408 478 77
408 482 89
408 484 58
408 504 27
408 508 8
408 523 77
408 529 5
408 548 13
409 420 71
409 423 12
409 429 58
409 452 90
409 474 11
409 476 15
409 499 27
409 517 42
409 574 39
410 434 96
410 466 32
410 467 87
410 471 97
410 478 1
410 520 89
410 568 63
410 583 46
411 416 73
411 450 35
411 456 25
411 484 20
411 485 57
411 488 8
411 567 48
411 596 97
412 413 65
412 433 75
412 437 56
412 452 93
412 560 79
412 566 68
412 573 63
412 574 42
412 577 78
412 584 5
412 587 52
412 594 92
412 598 31
413 422 45
413 440 31
413 516 27
413 525 76
413 530 69
413 535 75
413 547 76
413 548 57
413 590 38
413 593 74
414 450 29
414 474 24
414 477 50
414 501 100
414 505 32
414 532 57
414 542 48
414 567 29
414 575 73
414 577 22
414 588 36
415 421 65
415 434 52
415 448 4
415 450 27
415 451 45
415 461 81
415 464 83
415 476 96
415 522 24
415 540 14
415 558 40
415 569 6
415 571 92
416 459 68
416 463 27
416 474 66
416 479 95
416 483 83
416 499 55
416 512 68
416 518 64
416 551 78
416 577 17
416 592 63
416 594 62
417 476 25
417 483 62
417 490 42
417 493 97
417 495 35
417 525 77
417 563 61
417 566 38
417 586 32
417 592 40
418 421 82
418 430 64
418 470 22
418 477 29
418 489 40
418 499 35
418 505 69
418 522 45
418 570 78
418 580 88
419 451 71
419 466 44
419 499 82
419 542 6
419 573 98
419 579 50
419 581 21
419 598 28
420 483 18
420 485 35
420 486 41
420 530 43
420 536 97
420 553 34
420 562 39
420 581 31
420 589 10
421 426 100
421 446 69
421 448 94
421 453 39
421 495 2
421 505 9
421 506 12
421 529 31
421 532 48
421 550 99
421 577 51
421 581 45
421 595 76
421 599 38
422 451 15
422 460 71
422 471 19
422 559 72
422 584 21
423 450 20
423 496 44
423 500 100
423 521 90
423 526 79
423 537 40
423 554 32
423 562 27
424 430 73
424 431 22
424 437 9
424 445 34
424 481 73
424 511 29
424 516 79
424 536 63
424 566 31
424 572 88
424 591 75
424 593 61
425 452 35
425 462 73
425 474 63
425 476 79
425 509 100
425 540 100
425 549 46
425 553 71
425 570 70
425 582 69
425 588 91
425 593 42
426 433 13
426 435 90
426 437 31
426 480 43
426 499 81
426 507 14
426 528 69
427 447 5
427 454 87
427 460 29
427 492 90
427 533 60
427 564 58
427 569 69
427 587 74
427 596 88
428 440 56
428 462 48
428 468 100
428 482 42
428 483 72
428 510 62
428 533 73
428 559 24
429 430 61
429 432 18
429 446 94
429 449 82
429 450 38
429 454 36
429 460 23
429 477 50
429 490 77
429 498 5
429 535 44
429 537 57
429 560 18
429 579 64
429 599 13
430 440 5
430 447 93
430 462 2
430 490 16
430 522 50
430 527 70
430 531 89
430 536 37
430 539 77
430 557 89
430 597 88
431 432 71
431 465 60
431 509 49
431 529 43
431 589 35
432 433 61
432 434 60
432 479 28
432 481 42
432 496 97
432 504 15
432 511 17
432 517 99
432 551 91
432 589 73
432 590 94
433 441 99
433 450 43
433 452 10
433 481 11
433 529 99
433 534 2
433 548 13
433 579 14
433 597 3
434 437 34
434 439 54
434 443 39
434 477 63
434 504 42
434 561 26
434 569 33
435 452 54
435 453 26
435 464 75
435 472 88
435 486 86
435 487 86
435 500 68
435 528 79
435 538 34
435 588 82
435 593 47
435 594 84
436 560 73
436 561 20
436 578 78
437 456 71
437 484 62
437 519 87
437 525 34
437 561 60
437 564 40
437 565 46
437 577 25
437 580 42
437 581 31
438 542 78
438 590 32
438 598 93
439 477 20
439 491 9
439 510 25
439 511 73
439 518 34
439 542 51
439 548 12
439 589 71
440 444 36
440 450 79
440 451 49
440 452 70
440 477 61
440 535 48
440 542 53
440 571 33
440 574 67
440 585 30
441 448 55
441 452 80
441 472 68
441 507 40
441 520 39
441 533 7
441 552 37
441 591 63
442 445 48
442 448 68
442 499 40
442 503 79
442 507 12
442 540 11
442 544 87
442 546 89
442 562 35
442 573 72
442 577 39
443 467 47
443 471 42
443 489 75
443 535 25
443 545 43
443 561 44
443 580 85
444 447 90
444 469 48
444 473 69
444 485 8
444 519 30
444 522 76
444 535 87
444 569 97
444 586 15
445 446 25
445 452 56
445 475 52
445 477 39
445 503 3
445 536 71
445 555 78
446 503 34
446 552 82
446 562 41
446 572 72
446 592 70
447 473 75
447 489 44
447 509 9
447 516 21
447 517 85
447 526 35
447 539 46
447 574 79
447 577 30
447 578 82
448 479 68
448 571 77
449 486 3
449 488 75
449 499 6
449 505 78
449 508 61
449 544 55
449 563 44
449 592 37
449 594 10
449 596 47
450 498 75
450 509 64
450 532 17
450 537 5
450 551 49
450 570 99
450 589 97
451 457 21
451 462 20
451 463 71
451 464 16
451 471 80
451 477 92
451 554 52
452 467 14
452 471 89
452 497 31
452 533 43
452 537 70
452 557 98
452 579 72
452 584 72
453 456 25
453 486 77
453 488 1
453 535 37
453 547 83
453 566 97
454 463 74
454 467 44
454 476 43
454 488 100
454 518 8
454 578 60
454 592 56
455 468 56
455 520 10
455 578 52
456 517 28
456 522 29
456 529 23
456 531 43
456 535 61
457 460 66
457 473 95
457 479 74
457 508 54
457 516 25
457 524 69
457 583 75
457 588 74
457 590 40
457 597 99
458 459 50
458 521 68
458 530 51
458 540 87
458 546 51
458 556 47
458 567 12
458 583 94
458 585 90
459 467 63
459 468 53
459 469 1
459 476 19
459 492 61
459 522 10
459 544 22
459 546 88
459 567 90
459 591 96
460 509 83
460 512 50
460 522 61
460 558 29
460 568 76
460 593 66
461 520 5
461 537 44
461 540 41
461 541 30
462 466 35
462 484 91
462 500 80
462 516 54
462 520 41
462 527 18
462 584 56
462 587 88
463 470 29
463 480 50
463 495 29
463 500 91
463 501 54
463 512 29
463 514 61
463 533 14
463 540 90
463 551 83
463 586 54
464 474 79
464 500 30
464 511 88
464 563 81
464 586 91
464 587 16
464 593 8
465 476 8
465 481 20
465 486 51
465 492 100
465 501 49
465 502 37
465 503 90
465 510 80
465 514 90
465 517 83
465 537 97
465 546 46
465 567 22
465 569 77
465 573 47
466 467 50
466 495 20
466 507 100
466 508 30
466 528 80
466 529 66
466 532 19
466 556 14
466 574 71
467 468 97
467 487 44
467 490 58
467 510 29
467 520 86
467 525 25
467 567 36
467 593 93
468 497 96
468 518 38
468 522 93
468 533 96
468 537 74
468 543 82
468 560 76
468 565 16
468 590 16
468 595 24
469 475 13
469 486 37
469 495 1
469 502 59
469 514 86
469 523 20
469 537 10
469 560 15
469 567 99
469 572 27
469 582 85
469 596 65
470 479 97
470 487 34
470 494 60
470 510 6
470 516 62
470 521 45
470 534 82
470 541 50
470 544 37
470 551 77
470 553 87
470 564 81
470 571 73
471 474 13
471 495 15
471 523 48
471 541 28
471 545 30
471 575 71
471 589 92
471 592 67
472 481 23
472 504 50
472 551 4
473 501 42
473 521 11
473 538 19
473 546 93
473 597 38
474 487 55
474 490 57
474 497 86
474 510 88
474 536 16
474 539 44
474 541 50
474 542 12
474 545 25
474 555 99
475 488 100
475 554 2
475 566 37
476 502 81
476 544 26
476 580 49
476 593 95
477 478 25
477 511 28
477 531 76
477 566 47
478 479 19
478 496 42
478 504 70
478 508 20
478 541 46
478 543 11
478 580 31
479 507 16
479 523 3
479 548 20
479 557 70
479 588 11
479 598 57
480 534 58
480 578 78
480 592 100
481 482 59
481 518 89
481 527 77
481 573 9
482 486 89
482 520 30
482 560 45
482 583 21
482 593 55
483 505 46
483 553 67
484 532 79
484 536 73
484 553 42
484 556 25
484 586 44
485 511 36
485 527 94
485 533 63
485 541 33
485 553 57
485 566 45
485 586 100
485 591 11
486 498 64
486 524 21
487 521 22
487 537 73
487 549 30
487 552 51
487 580 72
488 494 88
488 499 40
488 553 100
488 557 96
488 565 80
488 598 29
489 588 93
490 497 52
490 525 83
490 532 38
490 533 70
490 549 13
490 586 10
491 493 11
491 574 90
491 589 5
492 506 98
492 518 35
492 529 68
492 543 30
492 556 91
492 563 64
492 569 81
492 570 54
492 573 80
492 597 2
493 523 75
493 534 52
493 552 31
493 554 77
493 570 75
493 582 71
493 589 68
494 507 75
494 511 66
494 530 47
494 550 3
494 580 58
495 499 50
495 524 38
495 559 47
495 560 19
495 582 2
496 530 57
496 537 82
496 577 91
496 584 61
497 511 31
497 519 26
497 546 80
497 593 61
497 597 68
498 502 44
498 546 93
498 548 21
498 551 75
498 574 94
498 581 47
498 596 26
498 599 77
499 596 24
500 578 100
501 506 47
502 523 91
502 536 26
502 558 12
502 580 90
503 507 81
503 526 22
503 527 91
503 531 70
503 532 68
503 554 62
503 570 71
503 571 76
503 577 43
503 581 14
503 591 89
504 523 73
504 529 91
504 536 20
504 572 85
504 580 58
504 590 15
505 523 30
505 533 31
505 540 89
505 545 23
506 544 29
506 553 66
506 587 99
507 566 4
508 534 66
508 549 45
508 560 47
509 514 91
509 526 9
509 532 88
509 560 23
509 590 82
510 527 78
510 543 92
510 559 1
510 574 39
511 534 63
511 583 29
511 585 33
511 590 76
511 593 69
511 596 58
512 518 18
512 556 88
512 579 94
513 563 27
514 539 55
514 554 23
514 564 57
514 581 95
515 538 46
515 577 38
515 590 61
516 555 96
516 581 41
516 596 78
517 519 93
517 557 39
517 564 68
517 583 1
518 586 26
518 598 91
519 530 34
519 532 56
519 545 82
519 551 34
519 552 46
520 541 96
520 550 14
520 556 31
520 583 23
520 592 82
522 553 88
522 559 40
522 561 22
522 580 81
523 532 67
523 548 76
523 553 56
523 561 75
523 580 70
523 593 53
524 550 12
524 582 82
526 552 48
526 554 5
526 576 59
527 532 40
527 538 95
527 573 79
527 595 92
528 549 21
529 562 69
530 533 77
530 551 76
530 599 2
531 542 11
531 560 73
531 567 50
531 568 24
531 580 3
532 533 72
532 536 58
532 552 90
532 570 64
532 579 79
532 582 23
532 583 82
532 584 6
532 589 78
532 597 56
533 534 75
533 549 82
533 563 20
533 567 57
533 587 29
534 547 76
534 557 15
534 561 21
534 599 70
535 543 93
535 545 64
535 554 42
536 564 13
536 582 41
536 589 69
537 569 67
538 566 3
538 571 42
538 581 68
539 542 78
539 547 44
539 557 91
539 559 35
539 582 86
540 594 54
541 543 13
541 569 60
541 570 35
541 589 18
542 560 89
543 551 43
543 564 45
544 547 70
544 552 62
544 582 53
544 592 98
545 558 89
545 593 19
545 594 70
546 555 58
546 559 64
546 561 34
547 557 100
548 568 76
548 583 26
548 597 68
549 552 94
549 565 28
549 570 61
550 552 61
551 555 5
551 566 57
551 567 4
551 578 40
551 583 42
551 591 57
552 560 4
553 569 53
554 558 44
554 563 74
554 577 41
554 586 86
554 587 70
555 576 10
556 587 99
557 572 22
557 573 59
557 587 39
558 566 92
558 571 29
558 580 48
559 564 55
559 593 14
560 563 99
560 572 83
561 591 39
561 599 19
562 570 76
562 582 18
562 589 79
563 568 89
563 590 22
565 571 35
566 573 92
566 579 13
567 586 28
567 587 100
569 570 69
569 579 80
569 582 43
570 576 42
570 578 20
570 593 80
572 582 63
572 595 29
573 581 30
573 589 36
574 581 40
576 584 68
576 587 27
576 597 20
576 598 16
578 586 82
581 583 85
582 598 14
583 591 64
588 590 23
588 598 32
589 596 91
589 598 40
590 593 63
592 599 31
600 299 78
601 599 16
600 601 94
602 658 28
602 664 47
602 688 40
602 704 13
602 706 19
602 716 42
602 734 44
602 738 23
602 742 25
602 744 14
602 817 7
602 831 47
602 856 36
603 612 4
603 624 49
603 666 2
603 695 20
603 707 45
603 710 28
603 722 40
603 764 6
603 820 44
603 836 36
603 882 20
603 892 32
604 632 34
604 633 35
604 663 6
604 683 2
604 696 8
604 699 32
604 732 31
604 736 7
604 741 23
604 756 43
604 784 27
604 811 14
604 817 39
604 830 1
604 881 39
604 890 2
604 894 7
604 895 37
604 896 37
605 617 10
605 635 37
605 641 40
605 662 31
605 669 33
605 699 19
605 719 22
605 760 38
605 764 13
605 774 7
605 829 8
605 842 44
606 651 41
606 690 44
606 696 2
606 720 44
606 729 3
606 733 35
606 748 27
606 776 9
606 855 7
606 872 21
606 892 35
606 901 23
607 608 9
607 676 35
607 699 13
607 760 10
607 811 43
607 813 1
607 819 48
607 857 2
607 877 39
607 885 40
608 610 34
608 615 21
608 645 8
608 647 8
608 659 11
608 680 20
608 698 14
608 728 20
608 732 16
608 762 6
608 769 13
608 785 17
608 794 2
608 812 15
608 834 1
608 851 28
608 876 24
608 889 7
608 893 48
608 900 10
608 901 29
609 626 7
609 627 45
609 635 43
609 667 18
609 694 37
609 700 43
609 701 16
609 741 41
609 763 31
609 767 7
609 769 26
609 843 2
609 888 14
610 629 33
610 637 12
610 638 36
610 705 49
610 730 33
610 759 1
610 784 4
610 787 45
610 799 19
610 809 7
610 823 9
610 829 21
610 845 34
610 853 34
610 863 27
610 869 32
610 878 44
610 900 8
611 612 40
611 631 40
611 634 50
611 639 7
611 647 28
611 651 45
611 705 24
611 721 20
611 722 25
611 753 30
611 787 48
611 825 26
611 832 46
611 854 30
611 872 39
611 886 31
612 617 30
612 636 21
612 664 33
612 683 36
612 710 17
612 757 3
612 838 42
612 866 26
612 871 23
612 900 26
613 636 11
613 643 1
613 655 9
613 704 6
613 722 10
613 746 50
613 758 47
613 773 12
613 807 8
613 831 25
613 839 6
613 880 32
613 886 46
613 888 30
614 667 13
614 728 43
614 745 8
614 767 10
614 795 25
614 844 48
614 855 40
614 893 4
614 896 19
614 901 24
615 638 41
615 655 37
615 658 26
615 692 33
615 695 14
615 720 50
615 731 8
615 752 25
615 757 1
615 761 18
615 766 30
615 802 10
615 817 17
615 826 29
615 845 21
615 858 24
615 883 5
615 898 26
615 901 7
616 622 50
616 679 8
616 707 22
616 716 45
616 723 15
616 784 31
616 786 21
616 807 12
616 811 21
616 852 26
616 860 32
616 874 46
617 678 17
617 717 19
617 724 24
617 725 49
617 730 32
617 754 23
617 763 8
617 792 8
617 795 23
617 823 25
618 678 40
618 684 35
618 710 43
618 714 18
618 749 7
618 768 18
618 769 22
618 821 35
618 900 25
619 645 23
619 723 42
619 844 46
619 855 17
619 867 8
619 894 26
620 621 37
620 639 19
620 650 48
620 658 13
620 674 3
620 680 46
620 710 29
620 723 21
620 741 19
620 746 29
620 752 4
620 763 43
620 803 36
620 822 12
620 836 18
620 841 12
620 846 1
620 867 2
620 899 6
621 624 20
621 629 10
621 696 23
621 720 41
621 737 44
621 739 49
621 742 13
621 755 35
621 807 46
621 822 30
621 855 42
622 642 22
622 653 18
622 672 13
622 674 21
622 691 32
622 737 17
622 753 18
622 759 12
622 760 39
622 785 38
622 796 40
622 797 42
622 818 31
622 840 27
622 842 5
622 853 48
622 859 38
622 863 5
622 868 1
622 881 45
622 886 24
622 897 10
623 668 18
623 675 16
623 715 4
623 716 16
623 744 29
623 787 40
623 797 12
623 811 10
623 850 34
623 871 35
624 639 29
624 696 48
624 699 7
624 746 11
624 754 14
624 778 25
624 855 22
624 873 2
625 667 12
625 703 12
625 711 45
625 732 44
625 737 40
625 756 50
625 770 43
625 822 28
625 823 6
625 853 43
625 889 22
626 710 32
626 724 5
626 728 41
626 740 47
626 788 8
626 829 9
626 860 27
626 879 49
627 660 22
627 691 36
627 696 32
627 719 8
627 722 17
627 761 31
627 779 14
627 798 27
627 825 44
627 849 40
627 851 50
627 871 47
627 877 4
627 883 13
627 885 42
628 630 49
628 661 3
628 678 41
628 680 42
628 682 32
628 698 48
628 703 34
628 733 5
628 774 29
628 795 38
628 826 46
628 833 26
628 854 47
628 863 6
628 874 2
628 883 48
628 898 27
629 631 40
629 652 29
629 677 36
629 691 8
629 692 10
629 710 49
629 732 36
629 757 5
629 784 41
629 805 35
629 821 2
629 839 46
629 844 50
629 848 45
629 858 44
629 868 2
629 871 37
629 879 35
629 885 35
629 888 34
630 656 21
630 686 39
630 772 13
630 773 10
630 783 36
630 791 40
630 795 9
630 813 41
630 817 43
630 825 6
630 834 19
630 876 34
630 877 36
630 880 4
630 893 41
631 670 47
631 676 5
631 679 26
631 680 2
631 722 47
631 731 13
631 733 5
631 742 42
631 789 12
631 807 49
631 827 37
631 833 15
631 845 35
631 857 22
631 867 49
631 886 20
632 647 44
632 671 39
632 673 32
632 690 3
632 700 25
632 730 21
632 738 13
632 749 17
632 779 14
632 788 18
632 804 38
632 844 47
632 865 4
632 880 41
632 882 40
632 886 2
632 893 47
632 894 15
632 895 3
632 896 43
633 649 29
633 658 9
633 660 36
633 666 40
633 675 9
633 799 23
633 823 6
633 832 45
633 869 46
633 889 6
633 898 15
633 899 39
634 642 45
634 653 46
634 697 43
634 754 21
634 757 19
634 765 6
634 770 37
634 788 32
634 798 25
634 803 24
634 847 30
634 864 28
634 872 17
634 883 21
635 652 30
635 671 15
635 680 38
635 691 34
635 708 8
635 724 16
635 747 45
635 778 45
635 783 8
635 799 3
635 801 17
635 803 13
635 854 50
635 859 12
635 863 19
635 891 14
635 897 2
636 641 15
636 681 11
636 721 45
636 745 35
636 760 29
636 765 2
636 769 21
636 786 12
636 793 26
636 819 47
636 826 44
636 868 6
636 869 15
636 875 14
636 900 37
637 641 29
637 680 1
637 691 22
637 702 38
637 710 17
637 728 16
637 761 35
637 783 26
637 785 21
637 813 1
637 844 38
637 845 20
638 674 15
638 689 8
638 703 35
638 723 18
638 730 22
638 734 45
638 735 14
638 750 6
638 753 24
638 763 15
638 779 29
638 785 35
638 796 43
638 817 27
638 844 28
638 885 50
638 886 41
639 646 44
639 670 36
639 687 21
639 699 44
639 708 7
639 804 11
639 822 12
639 838 25
639 846 45
639 864 37
639 899 47
639 901 47
640 641 27
640 657 18
640 680 13
640 684 34
640 693 2
640 712 31
640 722 8
640 727 46
640 737 46
640 743 13
640 745 21
641 676 13
641 677 43
641 680 8
641 683 5
641 691 19
641 740 35
641 768 4
641 775 11
641 783 30
641 801 41
641 803 34
641 812 24
641 826 49
641 848 46
641 857 37
641 892 25
641 896 42
641 901 24
642 674 21
642 681 38
642 682 2
642 702 40
642 707 3
642 716 37
642 717 41
642 740 35
642 811 44
642 812 39
642 820 30
642 831 9
642 857 11
642 859 42
642 897 1
643 675 18
643 684 48
643 688 22
643 725 5
643 745 3
643 771 32
643 772 34
643 779 45
643 782 17
643 792 7
643 805 44
643 843 12
643 878 46
644 676 18
644 698 3
644 756 21
644 759 41
644 765 43
644 780 22
644 793 32
644 810 45
644 827 8
644 839 25
644 850 29
644 856 2
644 862 13
645 683 10
645 690 10
645 695 23
645 712 4
645 728 12
645 731 41
645 770 3
645 779 33
645 799 45
645 835 6
645 847 15
645 898 30
646 671 50
646 691 31
646 697 37
646 698 45
646 708 45
646 713 34
646 715 15
646 749 47
646 755 4
646 762 5
646 767 39
646 768 25
646 771 36
646 798 35
646 800 32
646 813 10
646 822 15
646 825 35
646 847 24
647 658 27
647 681 46
647 688 49
647 701 30
647 713 8
647 729 41
647 734 32
647 740 40
647 751 37
647 767 39
647 794 6
647 795 16
647 805 39
647 809 39
647 827 4
647 850 35
647 901 33
648 667 37
648 703 49
648 717 29
648 727 40
648 776 3
648 789 20
648 802 14
648 826 41
648 837 6
648 879 48
648 901 2
649 687 21
649 689 32
649 736 28
649 741 47
649 746 28
649 765 26
649 807 28
649 812 35
649 814 18
649 819 9
649 847 26
649 877 4
650 670 50
650 683 32
650 741 19
650 755 38
650 765 20
650 783 23
650 792 24
650 795 2
650 844 9
650 900 23
651 667 32
651 669 1
651 677 27
651 687 3
651 708 16
651 725 19
651 751 9
651 776 13
651 790 21
651 841 31
651 842 47
651 854 50
651 856 29
651 869 26
651 888 27
651 901 8
652 655 12
652 665 44
652 666 18
652 667 37
652 668 47
652 673 17
652 737 18
652 741 15
652 745 6
652 746 39
652 762 39
652 769 30
652 788 40
652 789 50
652 792 2
652 797 24
652 804 50
652 809 28
652 832 26
652 837 15
652 854 49
652 861 36
652 869 30
652 895 19
652 896 18
653 659 26
653 667 20
653 670 48
653 700 3
653 704 46
653 705 5
653 775 14
653 811 39
653 813 23
653 834 50
653 852 35
653 890 41
653 896 20
654 689 1
654 713 47
654 735 8
654 737 42
654 741 26
654 755 50
654 829 41
654 849 29
654 850 23
654 880 42
654 882 8
655 726 50
655 727 8
655 764 6
655 805 38
655 819 39
655 845 26
655 859 5
655 866 16
655 893 45
656 660 5
656 737 18
656 767 40
656 796 11
656 799 31
656 868 28
656 871 33
656 898 33
657 673 14
657 690 26
657 723 4
657 742 15
657 749 22
657 753 11
657 770 8
657 771 49
657 813 12
657 831 50
657 850 29
657 882 36
657 884 41
657 892 36
658 670 36
658 689 50
658 804 44
658 811 23
658 812 39
658 878 19
658 891 29
659 677 4
659 704 16
659 713 33
659 718 22
659 730 5
659 763 46
659 803 4
659 808 35
659 851 30
659 856 38
659 858 48
659 880 5
659 881 41
660 679 14
660 681 28
660 693 4
660 703 21
660 739 26
660 744 15
660 750 22
660 801 6
660 838 1
660 841 12
660 853 42
660 857 38
660 871 14
660 872 37
661 716 12
661 737 2
661 738 7
661 751 40
661 777 7
661 780 22
661 790 25
661 795 30
661 796 29
661 811 22
661 835 34
661 840 13
661 856 1
661 859 21
661 885 12
662 675 6
662 690 14
662 740 28
662 756 33
662 767 17
662 773 48
662 803 11
662 812 31
663 681 20
663 683 16
663 689 33
663 692 33
663 819 7
663 842 22
663 846 48
663 856 45
663 867 33
663 880 49
664 684 2
664 735 25
664 776 8
664 792 23
664 793 1
664 804 37
664 831 1
664 834 22
664 836 22
664 846 15
664 849 22
664 858 45
664 860 27
664 864 27
664 878 8
664 894 4
664 895 12
665 721 24
665 749 3
665 784 22
665 792 6
665 806 24
665 812 37
665 866 41
666 679 9
666 713 46
666 757 12
666 765 6
666 798 40
666 811 45
666 818 7
666 826 41
666 846 21
666 867 14
666 896 16
667 691 21
667 701 2
667 718 18
667 804 44
667 861 24
667 870 33
667 874 15
667 880 18
667 894 11
667 901 44
668 669 27
668 703 16
668 714 5
668 723 2
668 737 18
668 750 26
668 769 7
668 842 44
668 843 12
668 847 49
668 858 4
668 891 9
669 685 11
669 689 9
669 697 49
669 699 7
669 707 17
669 730 41
669 747 27
669 788 30
669 879 6
670 672 49
670 685 34
670 688 24
670 700 42
670 718 7
670 722 8
670 724 8
670 727 26
670 747 18
670 779 1
670 785 4
670 786 35
670 821 5
670 824 5
670 834 4
670 851 32
670 858 11
670 861 47
670 865 46
670 870 10
670 897 50
671 676 4
671 696 22
671 702 11
671 708 2
671 745 28
671 749 27
671 764 45
671 796 6
671 807 9
671 820 50
671 833 6
671 892 42
672 695 25
672 714 49
672 740 50
672 800 34
672 820 6
672 848 27
672 863 3
672 872 7
672 890 30
673 704 37
673 720 13
673 723 34
673 740 41
673 746 45
673 777 46
673 796 39
673 832 40
673 858 5
673 862 41
673 872 43
673 894 28
674 678 3
674 692 47
674 700 7
674 793 31
674 811 41
674 879 14
674 892 39
675 690 42
675 723 19
675 738 32
675 741 19
675 742 19
675 753 33
675 766 4
675 819 25
675 860 9
675 872 7
675 883 33
675 886 40
675 887 45
676 681 45
676 694 23
676 712 35
676 720 41
676 738 19
676 756 26
676 775 30
676 783 25
676 812 16
676 838 25
676 844 5
676 856 18
677 684 23
677 693 11
677 732 48
677 784 15
677 813 25
677 817 39
677 845 8
677 846 45
677 851 22
677 853 28
678 681 14
678 715 5
678 762 32
678 765 40
678 806 15
678 814 38
678 818 22
678 823 5
678 834 32
678 851 16
678 855 27
678 869 19
678 895 7
678 901 47
679 680 44
679 701 38
679 738 24
679 762 11
679 763 14
679 769 28
679 779 30
679 828 38
679 845 38
679 862 27
680 704 4
680 709 14
680 732 17
680 735 12
680 755 9
680 787 39
680 795 39
680 818 24
680 839 45
680 840 20
680 847 13
680 867 9
680 876 9
680 900 34
681 688 13
681 704 43
681 708 1
681 711 42
681 750 11
681 795 9
681 807 40
681 815 6
681 833 49
681 837 13
681 849 16
681 891 14
682 701 40
682 795 47
682 822 4
682 824 30
682 825 25
682 831 7
682 865 43
682 870 42
682 881 20
683 688 3
683 708 32
683 712 9
683 726 28
683 756 26
683 821 30
683 851 40
683 854 36
683 872 41
683 878 25
684 690 1
684 724 33
684 728 28
684 739 42
684 779 45
684 804 36
684 811 33
684 871 2
684 901 36
685 699 46
685 708 19
685 714 50
685 724 37
685 744 15
685 813 3
685 819 16
685 835 39
685 859 9
685 868 11
685 889 30
685 895 31
685 897 15
686 727 13
686 737 39
686 742 43
686 758 38
686 775 20
686 778 32
686 804 26
686 818 10
686 823 9
686 835 26
686 856 44
686 868 36
686 885 19
686 891 38
687 688 23
687 694 1
687 739 39
687 772 9
687 786 48
687 810 7
687 817 8
687 826 35
687 831 21
687 882 12
687 884 2
687 887 12
687 896 22
688 712 12
688 772 41
688 844 2
688 872 27
688 884 4
688 885 42
688 893 19
689 727 43
689 750 12
689 801 2
689 848 18
689 852 23
689 872 10
690 704 45
690 720 17
690 726 47
690 729 13
690 740 6
690 756 20
690 793 16
690 847 47
690 868 28
691 696 13
691 713 3
691 728 37
691 746 47
691 747 26
691 760 48
691 780 49
691 842 37
691 848 19
691 875 10
691 879 29
692 723 23
692 734 38
692 742 34
692 773 14
692 784 6
692 808 29
692 865 25
692 869 10
692 881 48
692 899 50
693 702 19
693 705 43
693 734 16
693 740 18
693 744 7
693 757 23
693 795 37
693 816 22
693 821 19
693 822 14
693 864 35
693 891 22
694 721 50
694 742 33
694 745 49
694 765 49
694 769 31
694 788 37
694 866 19
694 875 43
694 884 17
694 890 41
695 714 32
695 725 1
695 726 5
695 789 38
695 816 31
695 817 31
695 822 49
695 848 28
695 852 30
695 856 19
695 890 22
695 891 47
696 701 36
696 734 29
696 741 20
696 754 22
696 801 2
696 816 38
696 852 37
696 862 38
697 730 11
697 737 38
697 759 21
697 765 9
697 787 36
697 789 3
697 801 47
697 803 5
697 807 47
697 845 14
697 885 45
698 731 29
698 740 14
698 767 1
698 782 18
698 809 46
698 822 32
698 824 16
698 833 23
698 853 11
698 858 34
698 860 45
698 877 8
698 889 22
699 707 25
699 721 27
699 731 43
699 740 26
699 758 16
699 762 32
699 787 14
699 812 27
699 868 19
700 702 36
700 706 37
700 717 7
700 752 38
700 773 34
700 780 13
700 839 37
700 855 47
700 859 9
700 863 15
701 712 12
701 729 10
701 733 32
701 751 7
701 765 41
701 784 49
701 786 31
701 796 3
701 817 34
701 818 25
701 829 12
701 872 5
701 876 1
702 704 38
702 719 50
702 764 29
702 772 6
702 779 31
702 850 44
702 866 32
703 723 1
703 730 29
703 737 18
703 739 9
703 780 18
703 832 1
703 856 21
703 858 4
703 872 49
703 899 32
704 729 20
704 744 12
704 751 41
704 764 3
704 844 18
704 848 33
704 858 3
704 875 1
704 881 37
704 900 37
705 728 25
705 732 49
705 747 41
705 767 28
705 769 38
705 770 42
705 810 6
705 816 43
705 839 22
705 855 49
705 868 24
705 869 25
705 889 29
706 735 44
706 746 35
706 751 46
706 805 44
706 845 8
706 847 2
706 849 45
706 859 39
706 869 21
707 732 6
707 736 31
707 751 26
707 761 26
707 814 13
707 850 28
707 872 26
707 893 49
708 711 14
708 785 2
708 814 49
708 824 7
708 825 29
708 826 37
708 831 48
708 852 36
708 861 29
708 892 22
708 894 34
709 757 3
709 786 48
709 808 12
709 814 46
709 876 32
710 738 10
710 748 41
710 776 39
710 800 11
710 858 37
711 712 27
711 716 33
711 726 45
711 747 9
711 787 10
711 805 22
711 822 21
711 831 38
711 834 47
711 835 22
711 837 3
711 851 50
711 859 20
712 749 11
712 808 31
712 836 6
712 847 9
712 861 16
712 865 37
712 875 32
712 884 50
713 747 39
713 763 29
713 790 13
713 801 36
713 821 12
713 823 22
713 861 28
713 864 1
713 887 34
714 721 17
714 757 29
714 771 19
714 776 11
714 832 38
714 840 28
714 857 32
714 880 10
714 883 17
715 734 30
715 759 33
715 775 20
715 798 29
715 813 3
715 853 30
715 868 9
715 890 10
715 891 40
716 725 27
716 742 46
716 743 21
716 757 26
716 781 36
716 833 1
716 839 40
716 867 23
716 894 15
716 900 14
717 724 1
717 726 17
717 727 47
717 782 17
717 799 47
717 800 15
717 807 29
717 868 34
717 871 45
717 882 10
717 884 46
717 886 11
717 898 39
717 899 28
718 749 30
718 750 19
718 753 32
718 762 12
718 764 28
718 782 44
718 819 1
718 826 4
718 850 39
718 867 24
718 870 31
718 879 27
718 881 26
718 885 22
719 725 49
719 735 40
719 749 35
719 807 1
719 827 8
719 848 34
719 872 19
719 877 5
719 899 50
720 728 47
720 784 38
720 808 44
720 854 6
721 753 35
721 756 5
721 769 46
721 773 13
721 787 36
721 808 15
721 828 46
721 833 49
721 848 44
721 859 39
721 883 50
721 898 49
722 805 30
722 812 25
722 863 31
722 886 6
722 896 50
723 732 2
723 734 6
723 748 42
723 807 39
723 818 7
723 828 49
723 863 22
723 865 25
723 896 3
723 899 23
724 728 22
724 754 43
724 768 17
724 820 29
724 883 27
724 893 23
725 726 25
725 729 41
725 761 10
725 767 41
725 772 39
725 774 9
725 775 34
725 788 27
725 794 10
725 828 34
725 835 8
725 849 34
725 857 14
725 862 15
725 869 35
726 755 17
726 816 21
726 822 28
726 832 5
726 837 29
726 854 29
726 868 28
726 874 3
726 878 33
726 892 1
727 736 26
727 744 25
727 749 17
727 767 7
727 832 4
727 845 41
727 853 33
727 871 46
727 879 50
728 754 23
728 772 34
728 776 10
728 781 8
728 850 13
728 863 19
728 879 41
728 888 22
728 889 4
728 895 6
728 899 37
729 737 39
729 746 22
729 772 7
729 790 18
729 805 29
729 838 37
729 857 46
729 877 6
730 747 39
730 748 29
730 769 6
730 812 17
730 833 5
730 851 24
730 869 23
730 890 8
731 764 16
731 779 5
731 787 6
731 796 16
731 822 29
731 829 39
731 831 25
731 850 38
731 862 3
731 863 46
731 883 28
731 892 25
731 899 49
732 737 35
732 740 11
732 788 37
732 797 6
732 807 19
732 816 7
732 818 34
732 821 5
732 830 2
732 847 40
732 850 45
732 853 30
732 888 47
733 740 13
733 750 35
733 762 23
733 803 35
733 897 44
734 749 38
734 750 41
734 774 49
734 796 3
734 797 21
734 808 40
734 818 30
734 822 8
734 843 42
734 846 27
734 849 37
734 887 18
734 894 25
735 793 21
735 821 30
735 846 14
735 850 27
735 879 50
735 885 20
735 889 10
736 751 6
736 766 21
736 770 1
736 784 1
736 788 3
736 810 50
736 845 15
736 849 39
736 859 22
736 884 50
737 791 34
737 792 9
737 811 42
737 877 33
737 879 14
738 742 13
738 749 24
738 765 45
738 834 22
738 843 15
738 867 21
738 871 9
738 889 35
739 747 47
739 777 29
739 789 14
739 848 10
739 853 5
739 864 14
739 891 31
739 900 17
740 758 19
740 762 4
740 763 19
740 822 21
740 833 6
740 869 18
740 875 36
740 878 46
740 880 41
740 883 37
740 892 29
741 771 50
741 779 30
741 791 13
741 796 15
741 816 44
741 837 36
741 877 9
741 882 16
742 770 3
742 798 31
742 806 24
742 827 37
742 861 27
742 864 2
743 766 50
743 772 37
743 821 9
743 834 15
743 839 19
743 884 27
743 886 36
743 892 22
743 900 47
744 745 6
744 800 27
744 818 17
744 831 43
744 847 24
744 863 7
744 879 29
744 888 3
745 758 8
745 776 9
745 782 15
745 823 22
745 825 4
745 826 3
745 828 32
745 835 19
745 851 5
745 886 12
745 901 44
746 761 41
746 781 41
746 827 48
746 851 42
746 853 29
746 860 6
746 876 7
746 877 47
747 748 34
747 758 42
747 784 19
747 803 30
747 835 49
747 845 47
747 862 46
747 874 42
747 894 21
748 782 3
748 825 22
748 840 25
748 867 12
748 872 30
748 880 41
748 893 34
749 789 34
749 797 43
749 849 17
749 884 4
750 757 47
750 758 29
750 779 48
750 809 39
750 815 19
750 820 45
750 850 31
750 854 47
750 867 2
750 879 39
750 880 43
750 888 35
750 901 32
751 827 13
751 861 16
752 757 32
752 759 10
752 783 12
752 834 23
752 872 30
752 892 16
752 900 45
753 766 4
753 799 27
753 854 26
753 863 44
753 867 12
753 878 11
753 880 39
754 766 29
754 768 15
754 779 35
754 783 7
754 802 14
754 812 24
754 816 27
754 838 8
754 875 6
755 759 25
755 770 11
755 821 46
755 844 19
755 857 45
755 876 29
756 772 32
756 785 10
756 793 10
756 810 41
756 816 23
756 882 35
756 899 22
757 759 38
757 800 29
757 804 25
757 863 17
757 886 6
757 890 20
758 785 28
758 808 17
758 840 8
758 883 6
758 900 33
759 762 45
759 777 14
759 788 46
759 790 20
759 792 40
759 869 5
759 872 27
760 771 14
760 785 15
760 896 22
761 773 35
761 776 11
761 798 2
761 809 16
761 844 22
761 881 11
761 889 6
761 890 45
762 784 45
762 794 27
762 808 34
762 825 25
763 770 3
763 777 50
763 796 31
763 816 24
763 829 28
763 848 47
763 850 34
764 798 33
764 838 29
764 900 28
765 816 49
765 827 26
765 844 47
765 847 38
765 849 30
765 852 23
765 853 4
765 861 44
766 791 46
766 796 38
766 814 4
766 818 47
766 829 3
766 848 27
766 855 9
767 770 10
767 838 21
767 888 6
767 892 38
768 779 5
768 787 30
768 847 42
768 865 6
768 868 10
769 770 15
769 774 33
769 807 8
769 810 48
769 822 18
769 831 38
769 849 25
769 874 16
769 880 13
770 847 23
770 878 5
770 882 44
770 887 47
770 899 8
770 900 39
771 774 44
771 802 47
771 811 42
771 832 42
771 861 49
771 871 21
771 880 3
771 881 10
772 776 41
772 784 8
772 798 47
772 805 47
772 810 37
772 818 38
772 850 3
772 866 49
772 891 5
772 898 37
773 802 8
773 828 4
773 831 4
773 837 46
773 838 31
774 791 21
774 801 10
774 817 3
774 867 26
774 869 4
774 877 2
775 832 35
775 838 42
775 889 45
776 893 32
777 799 36
777 801 39
777 820 32
777 832 6
777 846 41
777 871 42
777 883 48
778 783 48
778 807 40
778 851 45
778 860 36
778 865 30
779 788 49
779 836 34
779 883 36
779 887 35
779 892 44
780 785 39
780 786 41
780 800 39
780 817 19
780 828 13
780 858 50
780 862 22
780 871 38
780 900 5
781 795 25
781 824 25
781 841 49
781 842 19
781 853 8
781 861 34
781 869 9
781 895 39
782 791 41
782 823 49
782 853 32
782 871 40
783 853 46
783 864 24
784 786 34
784 796 32
784 827 3
784 846 32
784 847 17
784 856 38
784 863 19
784 874 12
784 894 26
785 789 9
785 799 2
785 840 47
785 847 21
785 850 2
785 852 18
785 859 11
785 871 6
785 876 44
785 883 37
785 899 4
786 797 14
786 836 44
786 843 39
786 870 23
786 878 32
787 793 31
788 831 21
788 868 16
788 870 21
788 881 19
788 899 39
789 830 6
789 856 2
789 873 41
789 880 40
789 883 20
789 895 30
790 815 8
790 819 32
790 833 7
791 795 18
791 800 33
791 816 3
791 838 40
791 850 34
791 881 22
792 796 50
792 799 42
792 811 15
792 849 38
792 880 47
792 896 29
793 827 31
793 836 38
793 862 1
793 865 15
793 866 18
793 872 21
793 876 30
794 833 40
794 858 41
794 861 18
794 887 46
794 893 42
795 814 10
795 828 35
795 856 12
795 857 39
795 867 42
795 881 43
796 809 47
796 844 11
796 853 25
796 862 50
796 871 50
796 876 11
797 799 21
797 814 2
797 816 4
797 817 38
797 823 39
797 854 2
797 875 16
797 881 20
797 886 39
797 892 18
798 815 34
798 858 9
798 861 40
799 826 13
799 829 48
799 836 31
799 841 32
799 842 45
799 879 22
800 802 41
800 818 29
800 831 33
800 851 29
800 875 22
800 895 27
801 811 25
801 813 32
801 838 4
801 841 26
801 863 34
801 882 14
801 889 49
801 898 35
802 808 19
802 856 36
803 827 23
803 868 20
803 896 1
804 851 44
805 809 11
805 843 18
805 849 27
805 882 19
805 901 7
806 845 41
806 849 18
806 858 37
806 868 22
806 897 13
807 838 11
807 841 12
807 844 43
807 846 45
807 859 42
807 865 15
807 877 22
808 837 19
808 856 48
808 883 25
808 890 44
809 818 31
809 860 40
809 876 42
809 893 17
810 811 8
810 848 27
810 852 40
811 852 29
811 865 29
811 870 33
811 878 39
812 825 48
812 827 12
812 851 7
812 857 5
812 879 2
812 890 27
813 828 43
813 839 24
813 844 39
813 851 5
813 865 37
813 883 31
814 819 50
814 849 29
814 859 47
814 862 23
814 890 47
814 894 47
815 847 47
815 867 42
815 893 29
816 830 38
816 877 36
816 879 46
817 853 47
817 855 12
817 861 37
817 879 25
817 900 43
818 822 21
818 847 14
818 894 40
819 832 32
819 894 20
819 898 46
820 841 36
820 877 46
820 879 41
820 887 11
820 888 36
820 889 47
821 864 47
822 827 19
822 838 46
822 842 25
822 863 17
822 870 18
822 872 23
822 879 13
822 898 16
823 829 17
823 863 44
823 881 5
823 891 2
824 832 39
824 848 1
824 851 15
825 837 27
825 844 26
825 846 7
825 859 47
825 869 39
825 876 49
825 878 31
825 882 10
825 890 44
826 841 18
826 880 6
827 895 36
828 841 28
828 862 43
828 864 33
828 867 24
828 878 11
828 891 30
828 897 1
829 845 28
829 847 50
829 870 23
830 832 42
830 841 15
830 847 39
830 853 35
831 864 22
831 869 42
831 894 25
832 886 22
832 889 7
833 861 1
833 865 47
833 880 13
833 882 50
834 865 35
834 880 11
834 891 32
834 899 47
834 901 7
835 891 49
835 893 4
836 851 44
836 854 26
836 863 46
836 893 26
836 899 1
837 840 7
837 858 8
837 897 1
838 839 36
838 855 7
838 894 26
839 864 27
839 878 23
839 883 16
839 884 12
840 848 44
840 849 8
840 860 38
841 891 16
841 901 14
842 877 39
842 879 14
843 872 26
843 885 38
844 871 1
844 873 39
844 897 21
845 847 47
845 849 47
845 854 19
845 886 50
846 853 40
846 895 46
847 858 45
847 877 18
847 891 46
848 853 3
849 856 25
849 863 47
849 880 38
849 895 31
850 854 22
850 867 17
850 868 5
851 859 37
851 882 30
852 869 49
852 889 46
852 897 17
853 872 14
853 881 9
853 898 7
855 871 27
856 876 37
856 898 46
857 877 27
857 889 27
857 890 16
857 891 25
858 862 23
860 872 34
860 891 24
860 897 14
861 900 29
862 883 19
862 886 33
863 872 25
863 894 23
865 887 9
865 897 23
867 901 13
868 884 39
868 885 44
869 896 31
870 879 44
870 886 32
870 887 10
870 893 44
871 888 30
871 893 28
872 873 7
874 899 38
875 877 35
879 894 35
879 899 24
880 893 30
880 897 14
881 889 2
881 895 48
888 894 38
888 898 24
889 896 31
889 897 14
892 896 40
896 897 12
902 601 93
903 901 50
902 903 22
