904 6735
11 14 82 35 80 66 37 89 51 8 47 54 7 88 45 48 96 38 91 66 61 27 14 9 98 60 12 9 77 3 12 87 68 45 74 48 62 10 36 64 69 82 18 27 22 14 74 17 51 64 83 11 43 48 71 40 59 82 100 36 36 12 74 3 8 47 50 70 8 37 33 29 19 50 55 40 15 81 8 65 96 90 27 38 89 97 29 48 30 29 35 65 92 8 68 51 7 69 20 66 6 5 94 76 6 1 15 21 33 74 37 28 64 64 18 4 60 46 51 90 26 85 6 69 45 25 20 3 94 91 68 99 47 14 74 5 14 40 25 46 13 61 25 28 76 42 32 88 88 34 29 65 71 34 86 67 59 57 69 4 99 88 2 46 1 27 50 66 18 26 63 30 38 88 10 14 29 93 1 68 78 29 33 48 62 70 66 72 26 34 75 24 74 28 21 74 54 70 92 71 47 54 53 85 41 14 98 70 6 98 37 83 78 21 83 39 90 48 63 15 34 37 91 7 65 11 32 70 33 23 41 31 77 45 15 17 58 64 38 15 61 75 49 38 47 31 29 37 79 91 3 64 79 45 70 43 8 1 13 92 76 5 22 52 1 37 20 58 100 10 24 13 84 72 2 30 3 82 18 33 72 73 96 3 17 17 45 24 69 9 15 44 65 37 47 65 25 19 74 76 16 84 92 36 12 70 43 68 60 66 64 95 37 48 10 93 34 12 40 99 3 19 35 15 61 67 98 64 20 88 91 87 23 82 74 34 52 68 54 63 33 17 10 22 16 19 14 50 82 6 100 85 24 87 99 36 53 49 99 72 88 89 10 10 71 83 96 22 50 1 36 34 69 45 55 84 16 21 33 97 78 85 33 1 71 84 36 23 32 87 46 71 75 55 80 45 89 27 18 90 27 54 23 95 50 30 31 65 2 63 62 79 99 46 31 69 29 66 43 12 4 88 82 79 94 14 75 82 40 45 71 19 50 46 65 99 75 95 64 76 10 77 54 8 22 84 77 51 1 19 62 5 59 44 35 52 9 9 86 100 53 8 18 2 53 83 1 27 29 64 2 38 92 7 46 13 42 74 63 43 44 77 99 54 20 33 6 80 93 43 79 46 50 97 99 3 31 51 81 59 66 35 49 57 41 46 70 35 71 32 29 66 8 27 20 79 11 77 58 3 19 89 100 68 85 51 22 67 1 3 77 67 37 25 23 29 22 92 63 92 76 91 58 35 69 77 14 79 5 23 34 23 11 85 42 47 35 16 65 36 18 42 2 6 18 76 86 40 68 49 31 95 91 88 29 60 16 94 90 20 69 75 94 31 60 88 78 94 3 42 81 72 35 34 77 53 10 14 92 29 84 87 56 83 90 100 85 62 46 99 7 97 88 90 18 48 28 52 88 82 2 76 51 83 100 94 31 2 41 100 35 55 84 91 89 25 42 73 87 87 23 93 35 11 34 52 58 62 56 97 43 9 72 45 91 71 39 73 25 31 72 11 37 7 1 26 32 42 98 70 81 73 62 15 83 47 19 92 8 26 41 2 34 12 47 76 35 37 48 11 67 71 21 55 77 22 80 60 15 30 29 47 2 42 62 36 89 80 27 96 57 19 50 90 31 96 17 17 32 64 27 50 34 47 4 62 20 84 22 87 65 2 33 18 44 46 53 32 77 31 79 33 50 28 74 32 75 90 48 58 53 26 7 38 24 11 52 44 46 73 82 62 26 14 79 69 12 31 52 88 13 31 21 62 10 94 45 37 84 44 94 88 69 1 78 93 63 81 88 60 5 69 21 30 34 99 99 97 81 2 85 45 84 57 59 94 50 3 30 85 47 23 25 15 75 54 59 37 34 46 48 90 66 68 19 52 18 69 48 50 71 84 95 54 40 53 99 42 55 80 78 53 55 54 68 29 7 78 18 92 76 65 81 93 33 100 44 2 20 44 52 90 27 98 44 19 2 42 60 8 22 37 61 76 91 80 56 49 57 73 41 32 90 73 25 74 24 20 75 44 15 78 33 42 75 28 60 28 22 71 36 95 36 87
0 56 28
0 62 47
0 86 40
0 102 13
0 104 19
0 114 42
0 132 44
0 136 23
0 140 25
0 142 14
0 215 7
0 229 47
0 254 36
1 10 4
1 22 49
1 64 2
1 93 20
1 105 45
1 108 28
1 120 40
1 162 6
1 218 44
1 234 36
1 280 20
1 290 32
2 30 34
2 31 35
2 61 6
2 81 2
2 94 8
2 97 32
2 130 31
2 134 7
2 139 23
2 154 43
2 182 27
2 209 14
2 215 39
2 228 1
2 279 39
2 288 2
2 292 7
2 293 37
2 294 37
3 15 10
3 33 37
3 39 40
3 60 31
3 67 33
3 97 19
3 117 22
3 158 38
3 162 13
3 172 7
3 227 8
3 240 44
4 49 41
4 88 44
4 94 2
4 118 44
4 127 3
4 131 35
4 146 27
4 174 9
4 253 7
4 270 21
4 290 35
4 299 23
5 6 9
5 74 35
5 97 13
5 158 10
5 209 43
5 211 1
5 217 48
5 255 2
5 275 39
5 283 40
6 8 34
6 13 21
6 43 8
6 45 8
6 57 11
6 78 20
6 96 14
6 126 20
6 130 16
6 160 6
6 167 13
6 183 17
6 192 2
6 210 15
6 232 1
6 249 28
6 274 24
6 287 7
6 291 48
6 298 10
6 299 29
7 24 7
7 25 45
7 33 43
7 65 18
7 92 37
7 98 43
7 99 16
7 139 41
7 161 31
7 165 7
7 167 26
7 241 2
7 286 14
8 27 33
8 35 12
8 36 36
8 103 49
8 128 33
8 157 1
8 182 4
8 185 45
8 197 19
8 207 7
8 221 9
8 227 21
8 243 34
8 251 34
8 261 27
8 267 32
8 276 44
8 298 8
9 10 40
9 29 40
9 32 50
9 37 7
9 45 28
9 49 45
9 103 24
9 119 20
9 120 25
9 151 30
9 185 48
9 223 26
9 230 46
9 252 30
9 270 39
9 284 31
10 15 30
10 34 21
10 62 33
10 81 36
10 108 17
10 155 3
10 236 42
10 264 26
10 269 23
10 298 26
11 34 11
11 41 1
11 53 9
11 102 6
11 120 10
11 144 50
11 156 47
11 171 12
11 205 8
11 229 25
11 237 6
11 278 32
11 284 46
11 286 30
12 65 13
12 126 43
12 143 8
12 165 10
12 193 25
12 242 48
12 253 40
12 291 4
12 294 19
12 299 24
13 36 41
13 53 37
13 56 26
13 90 33
13 93 14
13 118 50
13 129 8
13 150 25
13 155 1
13 159 18
13 164 30
13 200 10
13 215 17
13 224 29
13 243 21
13 256 24
13 281 5
13 296 26
13 299 7
14 20 50
14 77 8
14 105 22
14 114 45
14 121 15
14 182 31
14 184 21
14 205 12
14 209 21
14 250 26
14 258 32
14 272 46
15 76 17
15 115 19
15 122 24
15 123 49
15 128 32
15 152 23
15 161 8
15 190 8
15 193 23
15 221 25
16 76 40
16 82 35
16 108 43
16 112 18
16 147 7
16 166 18
16 167 22
16 219 35
16 298 25
17 43 23
17 121 42
17 242 46
17 253 17
17 265 8
17 292 26
18 19 37
18 37 19
18 48 48
18 56 13
18 72 3
18 78 46
18 108 29
18 121 21
18 139 19
18 144 29
18 150 4
18 161 43
18 201 36
18 220 12
18 234 18
18 239 12
18 244 1
18 265 2
18 297 6
19 22 20
19 27 10
19 94 23
19 118 41
19 135 44
19 137 49
19 140 13
19 153 35
19 205 46
19 220 30
19 253 42
20 40 22
20 51 18
20 70 13
20 72 21
20 89 32
20 135 17
20 151 18
20 157 12
20 158 39
20 183 38
20 194 40
20 195 42
20 216 31
20 238 27
20 240 5
20 251 48
20 257 38
20 261 5
20 266 1
20 279 45
20 284 24
20 295 10
21 66 18
21 73 16
21 113 4
21 114 16
21 142 29
21 185 40
21 195 12
21 209 10
21 248 34
21 269 35
22 37 29
22 94 48
22 97 7
22 144 11
22 152 14
22 176 25
22 253 22
22 271 2
23 65 12
23 101 12
23 109 45
23 130 44
23 135 40
23 154 50
23 168 43
23 220 28
23 221 6
23 251 43
23 287 22
24 108 32
24 122 5
24 126 41
24 138 47
24 186 8
24 227 9
24 258 27
24 277 49
25 58 22
25 89 36
25 94 32
25 117 8
25 120 17
25 159 31
25 177 14
25 196 27
25 223 44
25 247 40
25 249 50
25 269 47
25 275 4
25 281 13
25 283 42
26 28 49
26 59 3
26 76 41
26 78 42
26 80 32
26 96 48
26 101 34
26 131 5
26 172 29
26 193 38
26 224 46
26 231 26
26 252 47
26 261 6
26 272 2
26 281 48
26 296 27
27 29 40
27 50 29
27 75 36
27 89 8
27 90 10
27 108 49
27 130 36
27 155 5
27 182 41
27 203 35
27 219 2
27 237 46
27 242 50
27 246 45
27 256 44
27 266 2
27 269 37
27 277 35
27 283 35
27 286 34
28 54 21
28 84 39
28 170 13
28 171 10
28 181 36
28 189 40
28 193 9
28 211 41
28 215 43
28 223 6
28 232 19
28 274 34
28 275 36
28 278 4
28 291 41
29 68 47
29 74 5
29 77 26
29 78 2
29 120 47
29 129 13
29 131 5
29 140 42
29 187 12
29 205 49
29 225 37
29 231 15
29 243 35
29 255 22
29 265 49
29 284 20
30 45 44
30 69 39
30 71 32
30 88 3
30 98 25
30 128 21
30 136 13
30 147 17
30 177 14
30 186 18
30 202 38
30 242 47
30 263 4
30 278 41
30 280 40
30 284 2
30 291 47
30 292 15
30 293 3
30 294 43
31 47 29
31 56 9
31 58 36
31 64 40
31 73 9
31 197 23
31 221 6
31 230 45
31 267 46
31 287 6
31 296 15
31 297 39
32 40 45
32 51 46
32 95 43
32 152 21
32 155 19
32 163 6
32 168 37
32 186 32
32 196 25
32 201 24
32 245 30
32 262 28
32 270 17
32 281 21
33 50 30
33 69 15
33 78 38
33 89 34
33 106 8
33 122 16
33 145 45
33 176 45
33 181 8
33 197 3
33 199 17
33 201 13
33 252 50
33 257 12
33 261 19
33 289 14
33 295 2
34 39 15
34 79 11
34 119 45
34 143 35
34 158 29
34 163 2
34 167 21
34 184 12
34 191 26
34 217 47
34 224 44
34 266 6
34 267 15
34 273 14
34 298 37
35 39 29
35 78 1
35 89 22
35 100 38
35 108 17
35 126 16
35 159 35
35 181 26
35 183 21
35 211 1
35 242 38
35 243 20
36 72 15
36 87 8
36 101 35
36 121 18
36 128 22
36 132 45
36 133 14
36 148 6
36 151 24
36 161 15
36 177 29
36 183 35
36 194 43
36 215 27
36 242 28
36 283 50
36 284 41
37 44 44
37 68 36
37 85 21
37 97 44
37 106 7
37 202 11
37 220 12
37 236 25
37 244 45
37 262 37
37 297 47
37 299 47
38 39 27
38 55 18
38 78 13
38 82 34
38 91 2
38 110 31
38 120 8
38 125 46
38 135 46
38 141 13
38 143 21
39 74 13
39 75 43
39 78 8
39 81 5
39 89 19
39 138 35
39 166 4
39 173 11
39 181 30
39 199 41
39 201 34
39 210 24
39 224 49
39 246 46
39 255 37
39 290 25
39 294 42
39 299 24
40 72 21
40 79 38
40 80 2
40 100 40
40 105 3
40 114 37
40 115 41
40 138 35
40 209 44
40 210 39
40 218 30
40 229 9
40 255 11
40 257 42
40 295 1
41 73 18
41 82 48
41 86 22
41 123 5
41 143 3
41 169 32
41 170 34
41 177 45
41 180 17
41 190 7
41 203 44
41 241 12
41 276 46
42 74 18
42 96 3
42 154 21
42 157 41
42 163 43
42 178 22
42 191 32
42 208 45
42 225 8
42 237 25
42 248 29
42 254 2
42 260 13
43 81 10
43 88 10
43 93 23
43 110 4
43 126 12
43 129 41
43 168 3
43 177 33
43 197 45
43 233 6
43 245 15
43 296 30
44 69 50
44 89 31
44 95 37
44 96 45
44 106 45
44 111 34
44 113 15
44 147 47
44 153 4
44 160 5
44 165 39
44 166 25
44 169 36
44 196 35
44 198 32
44 211 10
44 220 15
44 223 35
44 245 24
45 56 27
45 79 46
45 86 49
45 99 30
45 111 8
45 127 41
45 132 32
45 138 40
45 149 37
45 165 39
45 192 6
45 193 16
45 203 39
45 207 39
45 225 4
45 248 35
45 299 33
46 65 37
46 101 49
46 115 29
46 125 40
46 174 3
46 187 20
46 200 14
46 224 41
46 235 6
46 277 48
46 299 2
47 85 21
47 87 32
47 134 28
47 139 47
47 144 28
47 163 26
47 205 28
47 210 35
47 212 18
47 217 9
47 245 26
47 275 4
48 68 50
48 81 32
48 139 19
48 153 38
48 163 20
48 181 23
48 190 24
48 193 2
48 242 9
48 298 23
49 65 32
49 67 1
49 75 27
49 85 3
49 106 16
49 123 19
49 149 9
49 174 13
49 188 21
49 239 31
49 240 47
49 252 50
49 254 29
49 267 26
49 286 27
49 299 8
50 53 12
50 63 44
50 64 18
50 65 37
50 66 47
50 71 17
50 135 18
50 139 15
50 143 6
50 144 39
50 160 39
50 167 30
50 186 40
50 187 50
50 190 2
50 195 24
50 202 50
50 207 28
50 230 26
50 235 15
50 252 49
50 259 36
50 267 30
50 293 19
50 294 18
51 57 26
51 65 20
51 68 48
51 98 3
51 102 46
51 103 5
51 173 14
51 209 39
51 211 23
51 232 50
51 250 35
51 288 41
51 294 20
52 87 1
52 111 47
52 133 8
52 135 42
52 139 26
52 153 50
52 227 41
52 247 29
52 248 23
52 278 42
52 280 8
53 124 50
53 125 8
53 162 6
53 203 38
53 217 39
53 243 26
53 257 5
53 264 16
53 291 45
54 58 5
54 135 18
54 165 40
54 194 11
54 197 31
54 266 28
54 269 33
54 296 33
55 71 14
55 88 26
55 121 4
55 140 15
55 147 22
55 151 11
55 168 8
55 169 49
55 211 12
55 229 50
55 248 29
55 280 36
55 282 41
55 290 36
56 68 36
56 87 50
56 202 44
56 209 23
56 210 39
56 276 19
56 289 29
57 75 4
57 102 16
57 111 33
57 116 22
57 128 5
57 161 46
57 201 4
57 206 35
57 249 30
57 254 38
57 256 48
57 278 5
57 279 41
58 77 14
58 79 28
58 91 4
58 101 21
58 137 26
58 142 15
58 148 22
58 199 6
58 236 1
58 239 12
58 251 42
58 255 38
58 269 14
58 270 37
59 114 12
59 135 2
59 136 7
59 149 40
59 175 7
59 178 22
59 188 25
59 193 30
59 194 29
59 209 22
59 233 34
59 238 13
59 254 1
59 257 21
59 283 12
60 73 6
60 88 14
60 138 28
60 154 33
60 165 17
60 171 48
60 201 11
60 210 31
61 79 20
61 81 16
61 87 33
61 90 33
61 217 7
61 240 22
61 244 48
61 254 45
61 265 33
61 278 49
62 82 2
62 133 25
62 174 8
62 190 23
62 191 1
62 202 37
62 229 1
62 232 22
62 234 22
62 244 15
62 247 22
62 256 45
62 258 27
62 262 27
62 276 8
62 292 4
62 293 12
63 119 24
63 147 3
63 182 22
63 190 6
63 204 24
63 210 37
63 264 41
64 77 9
64 111 46
64 155 12
64 163 6
64 196 40
64 209 45
64 216 7
64 224 41
64 244 21
64 265 14
64 294 16
65 89 21
65 99 2
65 116 18
65 202 44
65 259 24
65 268 33
65 272 15
65 278 18
65 292 11
65 299 44
66 67 27
66 101 16
66 112 5
66 121 2
66 135 18
66 148 26
66 167 7
66 240 44
66 241 12
66 245 49
66 256 4
66 289 9
67 83 11
67 87 9
67 95 49
67 97 7
67 105 17
67 128 41
67 145 27
67 186 30
67 277 6
68 70 49
68 83 34
68 86 24
68 98 42
68 116 7
68 120 8
68 122 8
68 125 26
68 145 18
68 177 1
68 183 4
68 184 35
68 219 5
68 222 5
68 232 4
68 249 32
68 256 11
68 259 47
68 263 46
68 268 10
68 295 50
69 74 4
69 94 22
69 100 11
69 106 2
69 143 28
69 147 27
69 162 45
69 194 6
69 205 9
69 218 50
69 231 6
69 290 42
70 93 25
70 112 49
70 138 50
70 198 34
70 218 6
70 246 27
70 261 3
70 270 7
70 288 30
71 102 37
71 118 13
71 121 34
71 138 41
71 144 45
71 175 46
71 194 39
71 230 40
71 256 5
71 260 41
71 270 43
71 292 28
72 76 3
72 90 47
72 98 7
72 191 31
72 209 41
72 277 14
72 290 39
73 88 42
73 121 19
73 136 32
73 139 19
73 140 19
73 151 33
73 164 4
73 217 25
73 258 9
73 270 7
73 281 33
73 284 40
73 285 45
74 79 45
74 92 23
74 110 35
74 118 41
74 136 19
74 154 26
74 173 30
74 181 25
74 210 16
74 236 25
74 242 5
74 254 18
75 82 23
75 91 11
75 130 48
75 182 15
75 211 25
75 215 39
75 243 8
75 244 45
75 249 22
75 251 28
76 79 14
76 113 5
76 160 32
76 163 40
76 204 15
76 212 38
76 216 22
76 221 5
76 232 32
76 249 16
76 253 27
76 267 19
76 293 7
76 299 47
77 78 44
77 99 38
77 136 24
77 160 11
77 161 14
77 167 28
77 177 30
77 226 38
77 243 38
77 260 27
78 102 4
78 107 14
78 130 17
78 133 12
78 153 9
78 185 39
78 193 39
78 216 24
78 237 45
78 238 20
78 245 13
78 265 9
78 274 9
78 298 34
79 86 13
79 102 43
79 106 1
79 109 42
79 148 11
79 193 9
79 205 40
79 213 6
79 231 49
79 235 13
79 247 16
79 289 14
80 99 40
80 193 47
80 220 4
80 222 30
80 223 25
80 229 7
80 263 43
80 268 42
80 279 20
81 86 3
81 106 32
81 110 9
81 124 28
81 154 26
81 219 30
81 249 40
81 252 36
81 270 41
81 276 25
82 88 1
82 122 33
82 126 28
82 137 42
82 177 45
82 202 36
82 209 33
82 269 2
82 299 36
83 97 46
83 106 19
83 112 50
83 122 37
83 142 15
83 211 3
83 217 16
83 233 39
83 257 9
83 266 11
83 287 30
83 293 31
83 295 15
84 125 13
84 135 39
84 140 43
84 156 38
84 173 20
84 176 32
84 202 26
84 216 10
84 221 9
84 233 26
84 254 44
84 266 36
84 283 19
84 289 38
85 86 23
85 92 1
85 137 39
85 170 9
85 184 48
85 208 7
85 215 8
85 224 35
85 229 21
85 280 12
85 282 2
85 285 12
85 294 22
86 110 12
86 170 41
86 242 2
86 270 27
86 282 4
86 283 42
86 291 19
87 125 43
87 148 12
87 199 2
87 246 18
87 250 23
87 270 10
88 102 45
88 118 17
88 124 47
88 127 13
88 138 6
88 154 20
88 191 16
88 245 47
88 266 28
89 94 13
89 111 3
89 126 37
89 144 47
89 145 26
89 158 48
89 178 49
89 240 37
89 246 19
89 273 10
89 277 29
90 121 23
90 132 38
90 140 34
90 171 14
90 182 6
90 206 29
90 263 25
90 267 10
90 279 48
90 297 50
91 100 19
91 103 43
91 132 16
91 138 18
91 142 7
91 155 23
91 193 37
91 214 22
91 219 19
91 220 14
91 262 35
91 289 22
92 119 50
92 140 33
92 143 49
92 163 49
92 167 31
92 186 37
92 264 19
92 273 43
92 282 17
92 288 41
93 112 32
93 123 1
93 124 5
93 187 38
93 214 31
93 215 31
93 220 49
93 246 28
93 250 30
93 254 19
93 288 22
93 289 47
94 99 36
94 132 29
94 139 20
94 152 22
94 199 2
94 214 38
94 250 37
94 260 38
95 128 11
95 135 38
95 157 21
95 163 9
95 185 36
95 187 3
95 199 47
95 201 5
95 205 47
95 243 14
95 283 45
96 129 29
96 138 14
96 165 1
96 180 18
96 207 46
96 220 32
96 222 16
96 231 23
96 251 11
96 256 34
96 258 45
96 275 8
96 287 22
97 105 25
97 119 27
97 129 43
97 138 26
97 156 16
97 160 32
97 185 14
97 210 27
97 266 19
98 100 36
98 104 37
98 115 7
98 150 38
98 171 34
98 178 13
98 237 37
98 253 47
98 257 9
98 261 15
99 110 12
99 127 10
99 131 32
99 149 7
99 163 41
99 182 49
99 184 31
99 194 3
99 215 34
99 216 25
99 227 12
99 270 5
99 274 1
100 102 38
100 117 50
100 162 29
100 170 6
100 177 31
100 248 44
100 264 32
101 121 1
101 128 29
101 135 18
101 137 9
101 178 18
101 230 1
101 254 21
101 256 4
101 270 49
101 297 32
102 127 20
102 142 12
102 149 41
102 162 3
102 242 18
102 246 33
102 256 3
102 273 1
102 279 37
102 298 37
103 126 25
103 130 49
103 145 41
103 165 28
103 167 38
103 168 42
103 208 6
103 214 43
103 237 22
103 253 49
103 266 24
103 267 25
103 287 29
104 133 44
104 144 35
104 149 46
104 203 44
104 243 8
104 245 2
104 247 45
104 257 39
104 267 21
105 130 6
105 134 31
105 149 26
105 159 26
105 212 13
105 248 28
105 270 26
105 291 49
106 109 14
106 183 2
106 212 49
106 222 7
106 223 29
106 224 37
106 229 48
106 250 36
106 259 29
106 290 22
106 292 34
107 155 3
107 184 48
107 206 12
107 212 46
107 274 32
108 136 10
108 146 41
108 174 39
108 198 11
108 256 37
109 110 27
109 114 33
109 124 45
109 145 9
109 185 10
109 203 22
109 220 21
109 229 38
109 232 47
109 233 22
109 235 3
109 249 50
109 257 20
110 147 11
110 206 31
110 234 6
110 245 9
110 259 16
110 263 37
110 273 32
110 282 50
111 145 39
111 161 29
111 188 13
111 199 36
111 219 12
111 221 22
111 259 28
111 262 1
111 285 34
112 119 17
112 155 29
112 169 19
112 174 11
112 230 38
112 238 28
112 255 32
112 278 10
112 281 17
113 132 30
113 157 33
113 173 20
113 196 29
113 211 3
113 251 30
113 266 9
113 288 10
113 289 40
114 123 27
114 140 46
114 141 21
114 155 26
114 179 36
114 231 1
114 237 40
114 265 23
114 292 15
114 298 14
115 122 1
115 124 17
115 125 47
115 180 17
115 197 47
115 198 15
115 205 29
115 266 34
115 269 45
115 280 10
115 282 46
115 284 11
115 296 39
115 297 28
116 147 30
116 148 19
116 151 32
116 160 12
116 162 28
116 180 44
116 217 1
116 224 4
116 248 39
116 265 24
116 268 31
116 277 27
116 279 26
116 283 22
117 123 49
117 133 40
117 147 35
117 205 1
117 225 8
117 246 34
117 270 19
117 275 5
117 297 50
118 126 47
118 182 38
118 206 44
118 252 6
119 151 35
119 154 5
119 167 46
119 171 13
119 185 36
119 206 15
119 226 46
119 231 49
119 246 44
119 257 39
119 281 50
119 296 49
120 203 30
120 210 25
120 261 31
120 284 6
120 294 50
121 130 2
121 132 6
121 146 42
121 205 39
121 216 7
121 226 49
121 261 22
121 263 25
121 294 3
121 297 23
122 126 22
122 152 43
122 166 17
122 218 29
122 281 27
122 291 23
123 124 25
123 127 41
123 159 10
123 165 41
123 170 39
123 172 9
123 173 34
123 186 27
123 192 10
123 226 34
123 233 8
123 247 34
123 255 14
123 260 15
123 267 35
124 153 17
124 214 21
124 220 28
124 230 5
124 235 29
124 252 29
124 266 28
124 272 3
124 276 33
124 290 1
125 134 26
125 142 25
125 147 17
125 165 7
125 230 4
125 243 41
125 251 33
125 269 46
125 277 50
126 152 23
126 170 34
126 174 10
126 179 8
126 248 13
126 261 19
126 277 41
126 286 22
126 287 4
126 293 6
126 297 37
127 135 39
127 144 22
127 170 7
127 188 18
127 203 29
127 236 37
127 255 46
127 275 6
128 145 39
128 146 29
128 167 6
128 210 17
128 231 5
128 249 24
128 267 23
128 288 8
129 162 16
129 177 5
129 185 6
129 194 16
129 220 29
129 227 39
129 229 25
129 248 38
129 260 3
129 261 46
129 281 28
129 290 25
129 297 49
130 135 35
130 138 11
130 186 37
130 195 6
130 205 19
130 214 7
130 216 34
130 219 5
130 228 2
130 245 40
130 248 45
130 251 30
130 286 47
131 138 13
131 148 35
131 160 23
131 201 35
131 295 44
132 147 38
132 148 41
132 172 49
132 194 3
132 195 21
132 206 40
132 216 30
132 220 8
132 241 42
132 244 27
132 247 37
132 285 18
132 292 25
133 191 21
133 219 30
133 244 14
133 248 27
133 277 50
133 283 20
133 287 10
134 149 6
134 164 21
134 168 1
134 182 1
134 186 3
134 208 50
134 243 15
134 247 39
134 257 22
134 282 50
135 189 34
135 190 9
135 209 42
135 275 33
135 277 14
136 140 13
136 147 24
136 163 45
136 232 22
136 241 15
136 265 21
136 269 9
136 287 35
137 145 47
137 175 29
137 187 14
137 246 10
137 251 5
137 262 14
137 289 31
137 298 17
138 156 19
138 160 4
138 161 19
138 220 21
138 231 6
138 267 18
138 273 36
138 276 46
138 278 41
138 281 37
138 290 29
139 169 50
139 177 30
139 189 13
139 194 15
139 214 44
139 235 36
139 275 9
139 280 16
140 168 3
140 196 31
140 204 24
140 225 37
140 259 27
140 262 2
141 164 50
141 170 37
141 219 9
141 232 15
141 237 19
141 282 27
141 284 36
141 290 22
141 298 47
142 143 6
142 198 27
142 216 17
142 229 43
142 245 24
142 261 7
142 277 29
142 286 3
143 156 8
143 174 9
143 180 15
143 221 22
143 223 4
143 224 3
143 226 32
143 233 19
143 249 5
143 284 12
143 299 44
144 159 41
144 179 41
144 225 48
144 249 42
144 251 29
144 258 6
144 274 7
144 275 47
145 146 34
145 156 42
145 182 19
145 201 30
145 233 49
145 243 47
145 260 46
145 272 42
145 292 21
146 180 3
146 223 22
146 238 25
146 265 12
146 270 30
146 278 41
146 291 34
147 187 34
147 195 43
147 247 17
147 282 4
148 155 47
148 156 29
148 177 48
148 207 39
148 213 19
148 218 45
148 248 31
148 252 47
148 265 2
148 277 39
148 278 43
148 286 35
148 299 32
149 225 13
149 259 16
150 155 32
150 157 10
150 181 12
150 232 23
150 270 30
150 290 16
150 298 45
151 164 4
151 197 27
151 252 26
151 261 44
151 265 12
151 276 11
151 278 39
152 164 29
152 166 15
152 177 35
152 181 7
152 200 14
152 210 24
152 214 27
152 236 8
152 273 6
153 157 25
153 168 11
153 219 46
153 242 19
153 255 45
153 274 29
154 170 32
154 183 10
154 191 10
154 208 41
154 214 23
154 280 35
154 297 22
155 157 38
155 198 29
155 202 25
155 261 17
155 284 6
155 288 20
156 183 28
156 206 17
156 238 8
156 281 6
156 298 33
157 160 45
157 175 14
157 186 46
157 188 20
157 190 40
157 267 5
157 270 27
158 169 14
158 183 15
158 294 22
159 171 35
159 174 11
159 196 2
159 207 16
159 242 22
159 279 11
159 287 6
159 288 45
160 182 45
160 192 27
160 206 34
160 223 25
161 168 3
161 175 50
161 194 31
161 214 24
161 227 28
161 246 47
161 248 34
162 196 33
162 236 29
162 298 28
163 214 49
163 225 26
163 242 47
163 245 38
163 247 30
163 250 23
163 251 4
163 259 44
164 189 46
164 194 38
164 212 4
164 216 47
164 227 3
164 246 27
164 253 9
165 168 10
165 236 21
165 286 6
165 290 38
166 177 5
166 185 30
166 245 42
166 263 6
166 266 10
167 168 15
167 172 33
167 205 8
167 208 48
167 220 18
167 229 38
167 247 25
167 272 16
167 278 13
168 245 23
168 276 5
168 280 44
168 285 47
168 297 8
168 298 39
169 172 44
169 200 47
169 209 42
169 230 42
169 259 49
169 269 21
169 278 3
169 279 10
170 174 41
170 182 8
170 196 47
170 203 47
170 208 37
170 216 38
170 248 3
170 264 49
170 289 5
170 296 37
171 200 8
171 226 4
171 229 4
171 235 46
171 236 31
172 189 21
172 199 10
172 215 3
172 265 26
172 267 4
172 275 2
173 230 35
173 236 42
173 287 45
174 291 32
175 197 36
175 199 39
175 218 32
175 230 6
175 244 41
175 269 42
175 281 48
176 181 48
176 205 40
176 249 45
176 258 36
176 263 30
177 186 49
177 234 34
177 281 36
177 285 35
177 290 44
178 183 39
178 184 41
178 198 39
178 215 19
178 226 13
178 256 50
178 260 22
178 269 38
178 298 5
179 193 25
179 222 25
179 239 49
179 240 19
179 251 8
179 259 34
179 267 9
179 293 39
180 189 41
180 221 49
180 251 32
180 269 40
181 251 46
181 262 24
182 184 34
182 194 32
182 225 3
182 244 32
182 245 17
182 254 38
182 261 19
182 272 12
182 292 26
183 187 9
183 197 2
183 238 47
183 245 21
183 248 2
183 250 18
183 257 11
183 269 6
183 274 44
183 281 37
183 297 4
184 195 14
184 234 44
184 241 39
184 268 23
184 276 32
185 191 31
186 229 21
186 266 16
186 268 21
186 279 19
186 297 39
187 228 6
187 254 2
187 271 41
187 278 40
187 281 20
187 293 30
188 213 8
188 217 32
188 231 7
189 193 18
189 198 33
189 214 3
189 236 40
189 248 34
189 279 22
190 194 50
190 197 42
190 209 15
190 247 38
190 278 47
190 294 29
191 225 31
191 234 38
191 260 1
191 263 15
191 264 18
191 270 21
191 274 30
192 231 40
192 256 41
192 259 18
192 285 46
192 291 42
193 212 10
193 226 35
193 254 12
193 255 39
193 265 42
193 279 43
194 207 47
194 242 11
194 251 25
194 260 50
194 269 50
194 274 11
195 197 21
195 212 2
195 214 4
195 215 38
195 221 39
195 252 2
195 273 16
195 279 20
195 284 39
195 290 18
196 213 34
196 256 9
196 259 40
197 224 13
197 227 48
197 234 31
197 239 32
197 240 45
197 277 22
198 200 41
198 216 29
198 229 33
198 249 29
198 273 22
198 293 27
199 209 25
199 211 32
199 236 4
199 239 26
199 261 34
199 280 14
199 287 49
199 296 35
200 206 19
200 254 36
201 225 23
201 266 20
201 294 1
202 249 44
203 207 11
203 241 18
203 247 27
203 280 19
203 299 7
204 243 41
204 247 18
204 256 37
204 266 22
204 295 13
205 236 11
205 239 12
205 242 43
205 244 45
205 257 42
205 263 15
205 275 22
206 235 19
206 254 48
206 281 25
206 288 44
207 216 31
207 258 40
207 274 42
207 291 17
208 209 8
208 246 27
208 250 40
209 250 29
209 263 29
209 268 33
209 276 39
210 223 48
210 225 12
210 249 7
210 255 5
210 277 2
210 288 27
211 226 43
211 237 24
211 242 39
211 249 5
211 263 37
211 281 31
212 217 50
212 247 29
212 257 47
212 260 23
212 288 47
212 292 47
213 245 47
213 265 42
213 291 29
214 228 38
214 275 36
214 277 46
215 251 47
215 253 12
215 259 37
215 277 25
215 298 43
216 220 21
216 245 14
216 292 40
217 230 32
217 292 20
217 296 46
218 239 36
218 275 46
218 277 41
218 285 11
218 286 36
218 287 47
219 262 47
220 225 19
220 236 46
220 240 25
220 261 17
220 268 18
220 270 23
220 277 13
220 296 16
221 227 17
221 261 44
221 279 5
221 289 2
222 230 39
222 246 1
222 249 15
223 235 27
223 242 26
223 244 7
223 257 47
223 267 39
223 274 49
223 276 31
223 280 10
223 288 44
224 239 18
224 278 6
225 293 36
226 239 28
226 260 43
226 262 33
226 265 24
226 276 11
226 289 30
226 295 1
227 243 28
227 245 50
227 268 23
228 230 42
228 239 15
228 245 39
228 251 35
229 262 22
229 267 42
229 292 25
230 284 22
230 287 7
231 259 1
231 263 47
231 278 13
231 280 50
232 263 35
232 278 11
232 289 32
232 297 47
232 299 7
233 289 49
233 291 4
234 249 44
234 252 26
234 261 46
234 291 26
234 297 1
235 238 7
235 256 8
235 295 1
236 237 36
236 253 7
236 292 26
237 262 27
237 276 23
237 281 16
237 282 12
238 246 44
238 247 8
238 258 38
239 289 16
239 299 14
240 275 39
240 277 14
241 270 26
241 283 38
242 269 1
242 271 39
242 295 21
243 245 47
243 247 47
243 252 19
243 284 50
244 251 40
244 293 46
245 256 45
245 275 18
245 289 46
246 251 3
247 254 25
247 261 47
247 278 38
247 293 31
248 252 22
248 265 17
248 266 5
249 257 37
249 280 30
250 267 49
250 287 46
250 295 17
251 270 14
251 279 9
251 296 7
253 269 27
254 274 37
254 296 46
255 275 27
255 287 27
255 288 16
255 289 25
256 260 23
258 270 34
258 289 24
258 295 14
259 298 29
260 281 19
260 284 33
261 270 25
261 292 23
263 285 9
263 295 23
265 299 13
266 282 39
266 283 44
267 294 31
268 277 44
268 284 32
268 285 10
268 291 44
269 286 30
269 291 28
270 271 7
272 297 38
273 275 35
277 292 35
277 297 24
278 291 30
278 295 14
279 287 2
279 293 48
286 292 38
286 296 24
287 294 31
287 295 14
290 294 40
294 295 12
300 323 12
300 347 22
300 356 25
300 385 5
300 390 12
300 447 3
300 453 14
300 457 4
300 516 24
300 520 3
300 529 1
300 531 17
300 583 5
301 315 19
301 316 24
301 339 14
301 373 6
301 384 3
301 412 9
301 414 10
301 440 20
301 454 15
301 462 6
301 487 6
301 512 25
301 534 9
301 536 8
301 537 11
301 541 23
301 572 24
301 583 16
301 590 11
302 326 23
302 407 15
302 411 15
302 418 11
302 421 20
302 455 3
302 466 16
302 491 18
302 505 8
302 506 16
302 517 11
302 527 12
302 535 12
302 536 9
302 537 2
302 554 19
303 325 12
303 380 10
303 381 4
303 389 8
303 455 1
303 481 9
303 521 13
303 523 1
303 590 20
304 317 23
304 364 13
304 379 17
304 394 23
304 414 4
304 420 2
304 424 22
304 463 20
304 470 17
304 545 9
304 567 14
304 574 21
304 577 25
304 580 8
304 588 5
304 597 17
305 310 20
305 316 16
305 386 3
305 402 6
305 405 17
305 410 22
305 448 17
305 534 4
305 570 2
305 589 1
305 598 4
306 311 12
306 320 15
306 337 6
306 345 6
306 351 12
306 370 21
306 412 22
306 447 12
306 454 1
306 503 1
306 522 8
306 589 20
307 320 19
307 330 19
307 339 11
307 349 14
307 379 18
307 442 20
307 453 19
307 499 11
307 519 15
307 533 11
307 571 14
308 310 20
308 316 5
308 323 12
308 342 13
308 351 8
308 355 15
308 397 15
308 425 13
308 430 1
308 444 4
308 457 21
308 507 7
308 508 18
308 539 16
308 541 5
308 571 6
309 330 16
309 363 5
309 369 13
309 377 12
309 394 23
309 428 8
309 446 22
309 457 14
309 469 25
309 481 19
309 483 9
309 485 13
309 488 8
309 490 19
309 510 3
309 569 4
310 346 25
310 399 14
310 439 18
310 450 9
310 455 5
310 510 7
310 519 22
310 525 5
310 527 10
310 532 19
310 547 11
310 556 4
310 565 11
310 573 18
310 586 9
310 593 3
311 354 22
311 378 24
311 432 14
311 443 22
311 474 6
311 478 13
311 492 12
311 493 8
311 502 6
311 506 20
311 518 20
311 533 15
311 571 15
311 578 22
311 584 20
311 594 15
311 596 12
312 319 12
312 323 23
312 361 16
312 367 18
312 411 21
312 420 22
312 469 4
312 485 16
312 501 8
312 503 10
312 550 1
312 556 2
312 585 18
312 591 3
312 592 23
313 315 18
313 344 19
313 421 21
313 470 1
313 488 6
313 557 7
313 570 8
313 576 13
314 358 1
314 364 4
314 375 2
314 398 16
314 401 2
314 414 21
314 441 7
314 447 15
314 474 7
314 481 6
314 493 5
314 513 1
314 519 4
314 531 1
314 538 4
314 542 19
314 564 10
314 574 13
315 328 22
315 335 11
315 336 8
315 342 1
315 345 11
315 346 2
315 361 19
315 370 6
315 465 2
315 511 24
315 587 15
316 336 11
316 349 11
316 365 15
316 370 14
316 390 14
316 405 7
316 412 15
316 485 11
316 500 15
316 558 6
316 560 19
317 319 21
317 368 10
317 374 19
317 377 1
317 425 13
317 462 25
317 470 21
317 471 24
317 498 14
317 554 17
317 584 12
317 596 23
318 348 18
318 415 24
318 429 25
318 456 13
318 537 6
318 554 1
318 590 12
318 591 20
318 595 12
319 361 24
319 367 12
319 372 2
319 380 15
319 388 18
319 395 19
319 415 25
319 469 10
319 474 24
319 509 21
319 522 5
319 527 11
319 558 14
319 559 7
319 576 23
319 590 15
320 395 2
320 416 23
320 435 6
320 469 21
320 485 11
320 532 3
320 537 15
320 545 9
320 565 2
320 575 2
320 582 15
320 583 5
320 587 15
321 348 9
321 402 16
321 439 14
321 448 20
321 462 17
321 477 5
321 491 15
321 507 12
321 515 6
321 520 24
321 528 11
321 547 1
321 554 5
321 577 21
322 326 17
322 335 11
322 359 20
322 368 6
322 370 14
322 408 19
322 411 11
322 420 9
322 435 5
322 455 14
322 513 23
322 521 13
323 324 17
323 328 25
323 333 4
323 334 21
323 395 14
323 408 13
323 412 13
323 459 4
323 481 9
323 500 7
323 572 8
323 594 23
324 342 18
324 363 14
324 365 23
324 369 3
324 393 16
324 395 4
324 436 25
324 470 7
324 535 14
324 551 21
324 553 15
324 561 3
325 337 15
325 351 2
325 366 13
325 423 21
325 428 17
325 468 11
325 484 10
325 506 9
325 507 12
325 540 14
325 566 4
325 568 2
326 340 1
326 343 19
326 353 6
326 360 11
326 407 25
326 495 15
326 532 11
326 546 17
326 556 5
326 571 8
326 584 22
326 593 21
326 597 12
327 370 23
327 377 4
327 399 2
327 408 19
327 410 18
327 411 6
327 417 10
327 441 20
327 442 19
327 456 7
327 458 11
327 470 6
327 472 16
327 481 21
327 514 17
327 541 4
327 560 25
328 337 20
328 343 6
328 369 18
328 373 25
328 408 17
328 422 19
328 429 17
328 447 2
328 531 10
328 562 23
329 330 11
329 331 8
329 337 18
329 371 22
329 380 6
329 410 22
329 412 1
329 413 1
329 416 16
329 419 6
329 429 10
329 431 12
329 453 1
329 457 18
329 461 23
329 468 6
329 490 8
329 544 18
329 548 24
329 551 12
329 553 19
329 599 19
330 366 19
330 367 13
330 472 20
330 486 10
330 530 6
330 541 11
330 552 13
330 570 18
330 586 9
330 591 24
331 345 25
331 346 3
331 348 22
331 359 5
331 362 1
331 383 24
331 460 7
331 472 19
331 479 5
331 485 18
331 488 5
331 539 5
331 549 10
331 560 2
331 564 13
331 598 18
332 338 22
332 364 11
332 385 6
332 412 17
332 452 6
332 456 24
332 474 5
332 478 1
332 488 11
332 502 12
332 568 13
332 583 23
333 353 6
333 370 23
333 383 23
333 402 6
333 412 3
333 458 22
333 471 12
333 475 3
333 482 20
333 496 19
333 503 23
333 505 24
333 511 11
333 516 3
333 522 6
333 528 23
333 534 6
333 580 18
333 586 15
333 589 2
333 599 5
334 375 22
334 376 21
334 380 11
334 403 20
334 410 2
334 460 11
334 466 5
334 470 13
334 488 25
334 495 5
334 497 21
334 510 23
334 532 4
334 558 1
335 354 25
335 357 25
335 368 14
335 386 4
335 450 20
335 456 9
335 471 2
335 509 20
335 518 22
335 523 4
335 578 2
335 584 19
335 588 9
335 592 21
336 346 8
336 372 13
336 390 1
336 404 4
336 414 8
336 459 13
336 472 25
336 485 11
336 491 23
336 533 7
337 375 25
337 383 24
337 389 13
337 417 20
337 432 21
337 437 16
337 438 20
337 441 22
337 455 16
337 481 11
337 487 1
337 499 12
337 519 19
337 525 4
337 557 6
337 558 15
337 559 7
337 563 8
338 387 8
338 404 17
338 405 3
338 406 17
338 417 6
338 424 5
338 457 22
338 487 15
338 510 17
338 517 24
338 590 25
339 341 16
339 367 7
339 396 25
339 400 15
339 423 19
339 425 19
339 480 12
339 481 9
339 533 16
339 549 9
339 569 1
339 571 3
340 345 11
340 347 12
340 375 21
340 384 14
340 389 18
340 412 13
340 430 22
340 446 2
340 463 22
340 467 13
340 468 6
340 499 16
340 568 21
340 582 11
340 585 14
341 351 10
341 362 4
341 381 12
341 407 12
341 425 20
341 484 18
341 504 11
341 509 11
341 521 13
341 558 6
341 567 22
341 592 22
342 351 23
342 365 7
342 369 22
342 385 25
342 407 17
342 441 11
342 466 23
342 482 5
342 503 5
342 511 12
342 517 1
342 570 6
343 374 8
343 400 16
343 449 13
343 455 25
343 483 11
343 525 23
343 539 14
343 540 22
343 551 2
343 556 2
343 575 8
343 580 23
343 589 22
343 594 20
344 358 8
344 359 9
344 361 3
344 366 4
344 369 5
344 395 2
344 397 11
344 415 4
344 430 2
344 454 4
344 491 14
344 496 1
344 529 9
344 548 18
344 573 12
344 576 11
345 357 25
345 362 19
345 378 3
345 387 12
345 389 19
345 393 15
345 440 12
345 449 9
345 468 12
345 483 15
345 500 10
345 511 21
345 513 12
345 541 6
345 592 18
346 355 19
346 406 15
346 408 20
346 410 24
346 439 21
346 465 21
346 480 11
346 517 1
346 526 24
346 541 15
346 542 16
346 596 24
347 348 25
347 387 8
347 418 10
347 443 10
347 467 9
347 508 6
347 519 15
347 542 23
347 587 1
347 593 4
348 356 9
348 372 9
348 397 15
348 417 23
348 434 20
348 452 11
348 459 11
348 473 1
348 557 5
348 598 6
349 352 17
349 376 24
349 416 4
349 451 14
349 464 21
349 480 15
349 558 15
349 565 20
349 571 4
349 573 5
349 582 20
349 585 3
349 589 15
349 596 5
350 380 14
350 381 23
350 418 12
350 422 3
350 428 20
350 454 14
350 459 7
350 462 5
350 463 24
350 506 23
350 553 4
350 555 18
350 556 10
350 569 14
350 581 20
350 595 14
350 596 19
351 396 13
351 412 12
351 421 25
351 440 2
351 548 10
351 549 14
351 554 16
351 570 4
351 579 19
352 401 20
352 411 23
352 425 23
352 515 9
352 534 4
352 550 11
352 579 9
353 354 17
353 374 16
353 400 5
353 406 5
353 414 24
353 418 12
353 423 5
353 428 21
353 436 15
353 443 25
353 445 6
353 458 6
353 465 19
353 476 19
353 483 1
353 511 9
353 516 8
353 540 25
353 588 10
353 590 17
353 593 13
354 360 25
354 405 22
354 415 8
354 428 21
354 441 19
354 454 5
354 478 7
354 499 25
354 525 18
354 568 17
354 580 18
354 599 8
355 412 23
355 420 23
355 450 8
355 467 9
355 473 4
355 507 3
355 514 1
355 545 3
355 558 10
355 577 6
356 368 22
356 371 6
356 404 6
356 440 7
356 491 13
356 494 6
356 495 16
356 522 6
356 528 20
356 537 17
356 560 2
356 564 3
357 406 14
357 448 22
357 450 9
357 455 20
357 461 23
357 543 3
357 550 13
357 586 16
358 383 10
358 433 11
358 451 15
358 457 19
358 458 19
358 464 18
358 466 22
358 472 21
358 549 21
358 554 6
358 565 1
358 585 19
358 593 11
358 598 9
359 412 25
359 413 25
359 444 16
359 463 15
359 549 5
359 555 10
359 580 8
360 392 8
360 405 14
360 408 21
360 426 7
360 430 25
360 447 18
360 476 4
360 484 2
360 486 7
360 488 19
360 518 14
360 523 17
360 567 8
360 576 7
360 596 13
361 371 3
361 407 3
361 421 8
361 423 23
361 454 11
361 488 11
361 501 16
361 505 21
361 520 19
361 526 15
361 545 23
361 555 9
361 557 6
361 559 4
361 563 20
361 570 15
362 363 12
362 376 9
362 378 10
362 402 18
362 404 8
362 423 4
362 424 23
362 428 9
362 443 11
362 454 19
362 458 24
362 461 4
362 471 3
362 506 6
362 544 16
362 548 5
362 565 8
362 568 1
362 572 2
363 379 20
363 471 11
363 526 19
363 554 18
363 572 6
363 575 10
363 585 15
364 390 14
364 406 15
364 420 18
364 425 10
364 439 6
364 448 6
364 451 18
364 474 16
364 478 25
364 521 2
364 531 21
364 553 23
364 563 13
364 568 8
364 579 18
364 580 11
365 371 12
365 379 20
365 388 16
365 393 4
365 400 25
365 435 1
365 441 4
365 445 1
365 469 22
365 486 16
365 527 20
365 566 14
365 568 21
365 599 6
366 383 3
366 402 11
366 449 21
366 467 23
366 484 21
366 499 1
366 577 3
366 587 15
367 432 18
367 452 5
367 490 19
367 502 16
367 504 4
367 520 6
367 528 23
367 566 21
367 571 18
367 576 9
368 373 15
368 418 11
368 423 13
368 438 14
368 449 13
368 456 18
368 464 17
368 467 9
368 477 9
368 505 13
368 514 23
368 516 6
368 518 18
368 541 2
368 555 19
368 560 15
369 389 1
369 399 16
369 419 18
369 421 6
369 473 5
369 488 12
369 497 10
369 519 23
369 539 2
369 540 13
369 556 5
369 561 25
369 563 10
369 582 25
369 588 10
370 404 24
370 452 12
370 468 24
370 472 15
370 480 24
370 536 17
370 583 8
370 586 9
371 376 2
371 424 22
371 438 6
371 453 9
371 478 14
371 482 10
371 489 4
371 513 6
371 535 10
371 539 19
371 566 25
371 567 15
371 569 1
371 577 11
372 374 1
372 378 25
372 412 15
372 416 15
372 421 5
372 435 16
372 449 24
372 452 6
372 461 25
372 466 23
372 472 17
372 488 1
372 497 14
372 501 15
372 505 19
372 539 23
372 573 23
372 588 20
372 598 19
373 386 6
373 394 5
373 395 9
373 403 17
373 405 9
373 414 14
373 416 1
373 446 2
373 495 13
373 508 18
373 551 2
373 554 1
373 564 18
373 565 2
373 572 15
373 598 8
374 398 8
374 421 5
374 433 6
374 475 15
374 489 6
374 490 5
374 499 6
374 535 6
374 553 20
375 413 22
375 429 24
375 444 17
375 464 21
375 486 20
375 497 10
375 506 1
375 522 25
375 535 19
375 539 17
376 401 8
376 419 9
376 451 20
376 452 11
376 475 22
376 484 12
376 552 15
376 570 24
376 599 4
377 381 18
377 387 13
377 389 13
377 390 25
377 402 17
377 426 21
377 429 14
377 430 22
377 436 25
377 440 21
377 455 3
377 534 20
377 558 17
378 395 3
378 406 13
378 424 12
378 447 23
378 455 23
378 469 15
378 503 22
378 504 18
378 507 6
378 564 6
378 587 1
379 383 2
379 394 16
379 408 24
379 425 13
379 431 7
379 491 22
379 547 19
379 548 24
379 564 9
379 590 6
380 395 23
380 408 2
380 410 1
380 416 13
380 442 1
380 456 3
380 512 8
380 513 3
380 517 24
380 539 24
380 541 5
380 548 11
380 551 13
380 563 4
381 425 10
381 439 2
381 454 25
381 471 2
381 510 7
381 523 7
381 552 5
381 555 11
382 414 25
382 415 3
382 418 23
382 422 6
382 462 25
382 464 16
382 475 5
382 497 10
382 505 24
382 565 4
383 390 14
383 396 1
383 398 17
383 412 14
383 416 3
383 418 1
383 477 18
384 400 3
384 416 2
384 421 24
384 435 14
384 472 14
384 488 3
384 495 23
384 500 15
384 504 2
384 530 2
384 533 23
384 536 11
384 540 6
384 574 8
385 455 10
385 492 10
385 506 8
385 512 15
385 528 11
385 548 25
386 392 21
386 396 21
386 400 23
386 409 25
386 411 11
386 432 1
386 438 18
386 439 24
386 460 5
386 508 18
386 510 16
386 511 8
387 401 19
387 417 14
387 445 23
387 475 9
387 493 16
387 507 22
387 524 25
387 527 20
387 529 23
387 535 23
387 563 5
387 585 5
388 389 7
388 390 14
388 400 15
388 435 14
388 451 5
388 464 25
388 499 14
388 500 1
388 524 22
388 536 13
388 557 25
388 563 7
388 570 13
388 578 19
388 583 5
388 596 20
389 426 11
389 441 22
389 444 2
389 543 7
389 555 11
389 572 24
389 582 17
389 590 1
389 593 20
390 393 17
390 394 22
390 432 20
390 441 14
390 449 3
390 457 24
390 467 22
390 472 18
390 500 13
390 521 13
390 534 23
390 537 15
390 542 3
390 561 23
390 570 11
390 586 15
391 411 24
391 415 18
391 447 5
391 475 17
391 516 24
391 527 24
391 530 4
391 535 21
391 576 2
391 579 12
391 598 8
392 407 25
392 433 4
392 437 8
392 451 21
392 452 20
392 493 7
392 494 15
392 520 10
392 526 9
392 548 14
392 550 6
392 552 2
392 555 3
393 416 18
393 418 1
393 427 17
393 468 20
393 482 25
393 492 3
393 506 12
393 516 25
393 519 22
393 549 18
393 555 16
393 565 22
393 567 18
393 573 21
393 577 17
393 579 19
394 519 8
394 542 24
394 544 20
394 562 11
394 563 9
395 409 15
395 416 7
395 455 17
395 460 5
395 464 16
395 469 2
395 475 20
395 485 23
395 506 3
395 509 22
395 529 18
396 464 5
396 487 14
396 492 14
396 501 4
396 512 18
396 582 25
396 586 3
396 588 14
396 595 19
397 424 20
397 486 12
397 505 11
397 530 16
397 532 6
397 545 6
397 554 25
397 572 6
397 585 2
397 599 12
398 420 14
398 422 19
398 432 18
398 465 7
398 470 25
398 471 10
398 475 9
398 519 19
398 542 7
398 578 13
399 422 17
399 424 24
399 432 18
399 442 5
399 550 13
399 551 21
399 565 24
399 584 14
400 404 24
400 414 12
400 419 8
400 426 20
400 497 1
400 500 20
400 516 12
400 532 6
400 561 3
400 573 11
401 438 11
401 439 4
401 459 24
401 489 2
401 490 22
401 503 18
401 506 8
401 507 21
401 509 2
401 517 16
401 519 16
401 547 9
401 592 6
402 439 8
402 454 9
402 460 23
402 474 12
402 479 21
402 494 18
402 496 11
402 523 10
402 525 18
402 529 24
402 569 19
403 421 15
403 425 1
403 426 15
403 430 1
403 467 6
403 479 17
403 482 14
403 494 17
403 514 23
403 523 12
403 551 18
403 569 19
403 577 5
403 585 2
403 594 17
404 422 6
404 423 20
404 437 7
404 441 16
404 454 25
404 474 14
404 486 25
404 547 22
404 548 3
404 551 22
405 409 16
405 415 15
405 440 6
405 460 11
405 465 15
405 475 1
405 488 2
405 552 16
405 572 16
405 574 2
406 445 23
406 454 9
406 522 15
406 555 14
406 560 6
406 574 4
406 593 8
406 599 25
407 423 8
407 445 12
407 473 18
407 497 15
407 507 6
407 544 1
407 551 8
407 565 5
407 584 17
407 586 7
407 593 3
407 597 21
408 410 3
408 443 20
408 447 10
408 467 11
408 493 7
408 516 1
408 523 11
408 538 8
408 548 18
408 572 3
409 414 10
409 422 16
409 429 12
409 432 1
409 441 6
409 446 17
409 449 4
409 450 16
409 457 18
409 489 13
409 501 2
409 585 10
410 425 5
410 465 9
410 471 13
410 493 12
410 501 13
410 509 4
410 515 20
410 537 17
410 549 24
410 593 24
410 594 11
410 595 10
410 596 9
410 598 20
411 453 12
411 464 22
411 467 2
411 521 5
411 524 24
411 548 13
411 549 22
411 553 12
411 570 14
411 578 4
411 588 4
411 593 19
411 599 21
412 453 23
412 455 9
412 459 22
412 494 10
412 513 15
412 526 5
412 529 22
412 542 3
412 570 19
412 577 25
412 586 22
413 414 12
413 430 25
413 434 20
413 464 25
413 488 9
413 498 6
413 519 19
413 522 20
413 524 2
413 527 22
413 530 1
413 547 2
413 548 10
413 561 22
413 574 14
414 454 25
414 517 3
414 528 19
414 539 20
414 569 23
414 575 18
415 420 5
415 470 22
415 496 2
415 517 19
415 539 3
415 549 25
415 588 21
415 594 24
416 417 24
416 425 19
416 460 10
416 461 25
416 491 14
416 502 9
416 526 10
416 543 19
416 568 4
416 590 5
416 599 22
417 436 1
417 440 7
417 446 25
417 458 10
417 492 6
417 495 13
417 503 11
417 557 8
417 572 8
417 584 5
418 434 7
418 466 1
418 507 12
418 535 3
418 553 4
418 599 5
419 426 6
419 436 4
419 438 3
419 462 4
419 467 4
419 509 21
419 511 15
419 523 4
419 554 9
419 578 1
420 434 13
420 446 4
420 453 4
420 475 19
420 477 2
420 486 4
420 490 1
420 512 2
420 550 15
420 560 6
420 569 16
420 574 2
420 591 13
421 422 24
421 482 9
421 493 19
421 518 1
421 525 20
421 541 24
421 566 4
421 569 1
422 423 4
422 454 7
422 485 3
422 487 9
422 496 11
422 501 24
422 511 25
422 520 14
422 522 9
422 523 25
422 547 3
423 424 15
423 457 4
423 466 22
423 560 16
423 563 9
423 597 22
424 434 19
424 452 1
424 461 4
424 474 10
424 480 2
424 497 18
424 499 8
424 556 12
424 576 13
424 587 10
425 456 6
425 485 11
425 509 13
425 518 7
425 527 16
425 563 20
425 574 9
425 583 1
425 599 7
426 427 9
426 441 1
426 453 22
426 455 20
426 461 25
426 464 24
426 469 9
426 487 3
426 492 22
426 497 1
426 523 14
426 525 20
426 532 20
426 542 14
426 576 23
426 597 4
427 491 17
427 508 15
427 524 13
427 529 4
427 530 3
427 552 22
427 583 11
428 449 15
428 518 11
428 543 17
429 435 6
429 440 7
429 463 3
429 477 8
429 523 13
429 528 11
429 551 8
429 558 9
429 563 5
429 596 8
429 597 10
430 432 15
430 495 12
430 541 6
430 555 16
430 568 2
430 592 1
431 461 10
431 479 17
431 490 23
431 494 15
431 562 9
431 584 15
431 585 2
432 450 14
432 460 19
432 461 25
432 463 24
432 483 10
432 559 10
432 596 16
433 460 17
433 512 19
433 523 20
433 532 25
433 535 6
433 580 7
434 447 7
434 454 17
434 472 14
434 477 16
434 486 1
434 489 3
434 516 5
434 535 8
434 566 18
435 444 8
435 466 8
435 473 4
435 484 25
435 515 8
435 561 20
435 566 8
435 576 24
436 439 23
436 448 21
436 455 17
436 459 22
436 479 19
436 480 1
436 519 9
436 555 11
437 470 18
437 514 2
437 554 5
437 565 19
437 583 9
437 599 12
438 518 2
438 520 25
438 536 25
438 558 20
438 589 2
439 441 4
439 447 1
439 455 10
439 465 24
439 480 8
439 498 19
439 504 4
439 538 7
439 543 1
439 559 24
439 563 16
440 470 1
440 485 21
440 506 13
440 520 17
440 526 20
440 543 7
440 586 20
441 475 3
441 511 19
441 515 14
441 531 6
441 548 1
441 552 7
441 579 14
441 586 14
442 485 10
442 557 16
442 567 15
442 579 4
442 594 19
443 444 18
443 455 4
443 456 5
443 519 18
443 539 12
443 568 24
443 580 22
443 596 18
444 456 1
444 461 20
444 486 11
444 512 2
444 519 15
444 524 23
444 562 20
444 597 9
445 476 6
445 494 16
445 501 13
445 502 25
445 503 4
445 541 20
445 548 2
445 557 12
445 559 11
446 448 15
446 462 22
446 466 1
446 554 4
446 593 25
446 596 21
447 484 23
447 486 6
447 509 1
447 546 16
447 557 17
447 573 1
447 576 12
447 580 11
447 589 1
448 450 8
448 460 21
448 471 4
448 473 22
448 474 19
448 504 24
448 525 8
448 568 1
449 521 14
449 547 22
449 587 25
449 597 20
450 480 17
450 486 1
450 491 6
450 497 2
450 500 17
450 530 4
450 555 4
451 459 20
451 473 6
451 475 24
451 484 20
451 537 11
452 474 1
452 479 10
452 491 4
452 496 1
452 498 23
452 524 14
452 526 4
452 593 5
453 465 12
453 467 7
453 505 3
453 531 7
453 550 7
453 551 10
453 583 7
453 586 23
454 477 9
454 488 9
454 498 17
454 509 25
454 528 11
454 582 24
455 462 3
455 510 3
455 526 3
455 537 6
455 551 24
455 586 10
455 590 6
455 594 18
455 599 20
456 459 9
456 478 2
456 552 23
456 555 9
456 565 1
456 590 13
457 488 14
457 505 5
457 524 24
457 542 23
457 577 8
458 460 7
458 480 6
458 494 19
458 501 14
458 554 3
458 563 2
458 577 22
459 469 21
459 484 1
459 486 7
459 498 20
459 535 5
459 538 11
459 555 24
459 599 10
460 462 10
460 479 8
460 491 18
460 510 2
461 491 4
461 499 1
461 515 6
461 521 1
461 536 11
461 558 6
461 592 13
462 465 25
462 468 11
462 495 14
462 531 22
462 545 18
462 568 20
462 575 2
462 584 13
462 588 10
463 532 7
463 556 15
463 587 8
464 465 2
464 468 17
464 518 15
464 540 23
464 546 22
464 553 2
464 566 21
464 568 8
465 469 11
465 543 5
465 550 25
465 555 15
465 559 8
465 561 2
465 562 20
465 565 10
465 587 13
465 590 2
466 481 25
466 573 12
466 587 14
467 504 13
467 529 10
467 538 8
467 548 9
467 563 13
467 587 21
468 486 19
468 515 21
468 518 10
468 559 1
468 570 23
468 574 1
468 589 17
469 498 20
469 499 24
469 512 19
469 539 18
469 561 7
469 567 6
469 576 22
469 584 8
470 491 20
470 513 7
470 538 10
470 554 16
470 574 16
471 526 24
471 533 18
471 543 15
471 548 12
471 583 6
471 594 4
472 503 23
472 535 14
472 558 13
473 516 10
473 517 9
473 524 8
473 529 8
473 581 20
473 588 10
473 590 5
474 508 22
474 534 2
474 553 1
474 582 21
475 477 22
475 486 18
475 509 4
475 511 2
475 545 17
475 550 13
475 580 24
475 582 23
475 594 24
476 492 14
476 495 15
476 519 22
476 525 8
476 529 5
476 564 8
476 578 14
476 590 10
477 500 5
477 512 4
477 532 24
477 569 17
477 582 14
478 515 6
478 530 24
478 549 8
478 569 18
479 509 5
479 521 4
479 536 19
479 541 5
479 582 1
480 488 17
480 502 25
480 503 4
480 532 20
480 593 18
481 513 19
481 537 18
481 565 15
481 583 17
482 495 7
482 536 4
482 542 16
482 588 16
483 508 10
483 532 25
483 538 4
483 551 20
483 591 7
483 598 9
484 511 20
484 516 23
484 528 22
485 532 3
485 546 23
485 566 4
485 574 20
486 499 4
486 509 10
486 536 15
486 591 10
487 546 10
487 577 6
487 582 11
488 524 16
488 565 25
488 578 3
488 580 9
488 581 18
488 587 17
488 591 2
488 592 1
489 493 23
489 506 17
489 508 16
489 526 7
490 500 17
490 510 22
490 513 3
490 538 23
490 541 5
490 592 25
491 501 22
491 510 2
491 524 2
491 538 21
491 570 7
491 589 21
492 498 24
492 502 18
492 504 10
492 526 10
492 531 3
492 549 15
492 562 21
492 572 20
492 584 16
493 495 23
493 514 5
493 535 8
493 542 17
493 546 6
493 575 10
494 497 14
494 500 23
494 501 3
494 554 22
494 565 16
494 590 24
494 593 2
494 598 15
495 500 5
495 518 1
495 562 11
495 593 6
495 597 2
496 540 8
496 557 15
497 528 24
497 558 8
497 570 7
497 598 8
498 562 17
498 592 11
499 505 24
499 507 14
499 520 5
499 527 14
499 535 12
500 554 9
500 565 24
500 572 5
500 577 15
500 584 10
500 588 20
501 508 14
501 532 12
501 534 18
502 510 6
502 515 12
503 506 21
503 511 20
503 522 17
503 528 21
503 551 7
503 591 24
504 511 24
504 556 16
504 565 13
505 524 24
505 566 23
505 579 22
505 592 6
505 597 16
506 511 7
506 550 6
507 559 5
508 509 14
508 532 22
508 537 18
508 558 22
508 567 22
508 571 24
508 579 13
508 584 6
509 565 18
509 572 3
509 577 20
509 578 10
509 584 10
510 521 6
510 537 8
510 547 6
510 569 22
510 576 3
511 522 14
511 531 21
511 548 4
511 550 4
511 568 10
511 576 2
511 587 3
511 588 8
512 519 10
512 533 19
512 567 15
512 584 17
513 540 25
513 546 5
513 593 13
513 596 19
514 561 3
514 564 9
515 529 17
515 533 18
515 557 17
515 594 11
516 562 20
516 576 11
516 581 22
516 593 7
517 520 16
517 548 4
517 598 12
518 530 15
518 558 9
518 562 1
518 587 10
518 593 12
519 527 4
519 529 21
519 531 15
519 535 7
519 538 4
519 545 1
519 547 2
519 573 20
519 590 18
520 573 1
520 591 24
520 595 7
520 596 21
521 532 1
521 554 18
521 581 12
521 585 18
522 598 11
523 524 22
523 528 15
523 564 21
523 573 18
524 535 21
524 551 13
524 556 22
525 533 7
525 553 4
525 557 5
525 598 9
526 546 13
527 578 18
527 585 13
528 540 11
528 553 9
528 559 21
529 543 14
529 550 10
529 566 24
530 533 10
530 534 4
530 539 1
530 541 8
530 549 12
530 555 21
530 557 10
530 573 6
531 536 9
531 587 5
531 590 16
532 565 5
532 566 21
532 569 13
532 575 24
533 535 18
533 549 3
533 569 22
533 596 1
534 558 6
534 578 3
535 554 10
535 579 21
536 574 22
536 582 22
536 583 6
536 585 6
536 594 19
537 546 21
537 560 17
537 587 17
537 591 7
537 597 22
538 541 17
538 545 16
538 559 10
538 597 12
539 546 2
539 554 16
540 562 22
540 566 6
540 574 8
540 576 1
541 544 3
542 584 23
543 567 1
543 595 20
544 598 25
545 560 25
545 568 21
545 588 7
546 564 2
546 568 5
546 574 4
546 577 24
546 598 3
547 548 9
547 558 6
547 594 23
548 569 6
548 572 22
548 599 14
549 561 14
550 559 20
551 569 7
551 570 4
551 576 4
551 579 20
551 589 6
552 564 19
553 559 16
553 569 13
554 557 4
554 558 18
554 567 16
554 592 1
555 560 18
555 599 10
556 574 2
557 595 19
558 590 7
558 594 10
559 560 21
561 573 11
562 597 14
564 585 21
565 593 15
566 590 24
566 595 3
566 596 12
567 572 5
569 573 24
569 594 2
570 571 20
571 586 20
572 599 10
573 582 24
574 578 23
574 586 4
574 592 4
576 595 19
576 598 19
576 599 16
578 598 24
580 585 13
580 594 8
581 587 24
582 585 8
582 589 18
583 593 2
583 594 1
585 592 1
585 599 11
586 594 23
586 597 12
587 593 24
588 591 18
600 299 28
601 599 16
600 601 44
602 608 7
602 609 6
602 621 2
602 624 9
602 655 5
602 687 7
602 740 10
602 754 3
602 775 2
602 777 2
602 782 7
602 801 1
602 815 4
602 825 3
602 828 6
602 866 10
602 867 2
602 868 10
602 870 3
602 876 7
603 649 10
603 672 7
603 682 10
603 695 6
603 700 7
603 705 1
603 724 4
603 741 8
603 749 1
603 773 9
603 805 4
603 844 7
604 612 6
604 628 5
604 637 8
604 654 2
604 688 3
604 703 7
604 740 4
604 745 6
604 751 8
604 797 10
604 802 8
604 806 3
604 819 2
604 865 3
604 877 2
605 629 6
605 637 3
605 644 6
605 664 4
605 677 4
605 684 3
605 686 3
605 698 9
605 703 1
605 716 3
605 758 2
605 759 10
605 807 3
605 843 2
605 847 3
605 857 1
605 894 7
606 613 9
606 629 10
606 640 8
606 648 3
606 653 6
606 659 2
606 701 9
606 728 5
606 761 3
606 779 6
606 781 8
606 859 7
606 870 9
606 897 9
607 633 2
607 662 3
607 695 5
607 722 5
607 760 6
607 780 9
607 788 7
607 826 4
607 846 1
607 850 1
607 870 8
607 874 10
608 637 3
608 652 9
608 663 4
608 673 5
608 703 6
608 713 4
608 727 5
608 736 3
608 756 6
608 765 2
608 781 6
608 793 4
608 803 7
608 810 9
608 826 10
608 828 6
608 855 7
608 877 10
608 883 4
609 620 8
609 625 2
609 654 10
609 670 2
609 702 9
609 709 10
609 740 10
609 762 4
609 769 10
609 793 2
609 800 1
609 810 1
609 824 6
609 865 10
609 872 6
609 877 10
610 611 7
610 673 9
610 686 6
610 695 1
610 728 5
610 756 8
610 761 9
610 799 8
610 809 6
610 815 9
610 849 9
610 853 1
610 872 5
610 887 8
610 898 6
611 708 2
611 733 1
611 796 6
611 799 5
611 816 9
611 827 7
611 842 6
611 846 3
611 863 9
611 867 7
611 873 5
611 881 9
611 882 2
611 899 6
612 616 5
612 646 3
612 665 2
612 689 5
612 712 9
612 730 5
612 742 9
612 760 6
612 800 3
612 849 9
612 894 1
613 614 3
613 629 9
613 642 3
613 696 7
613 786 9
613 793 8
613 832 10
613 849 9
613 862 5
613 863 4
613 877 10
613 888 2
614 619 1
614 687 2
614 706 10
614 707 7
614 726 6
614 773 10
614 778 10
614 797 4
614 827 6
614 836 2
614 865 5
614 884 1
614 890 10
614 892 1
614 896 1
615 637 7
615 649 5
615 704 9
615 707 9
615 710 7
615 712 10
615 716 1
615 788 3
615 791 8
615 835 9
615 880 4
615 883 6
615 893 5
616 634 7
616 658 5
616 672 6
616 681 9
616 684 8
616 689 7
616 714 7
616 716 6
616 719 7
616 737 6
616 759 9
616 794 4
616 824 8
616 830 5
616 876 4
617 626 9
617 655 6
617 685 7
617 686 6
617 690 2
617 723 7
617 742 6
617 766 9
617 792 6
617 795 9
617 815 3
617 832 3
617 867 7
617 871 7
618 697 1
618 746 1
618 778 5
618 794 7
618 812 9
618 813 4
618 843 7
618 859 5
618 868 10
618 877 2
618 879 3
618 897 8
619 641 2
619 657 7
619 669 7
619 688 6
619 699 2
619 722 5
619 788 3
619 800 8
619 805 2
619 835 7
619 856 5
619 889 10
619 891 5
620 658 2
620 690 8
620 705 7
620 730 5
620 734 6
620 755 5
620 774 7
620 811 8
620 835 2
620 840 3
620 842 6
620 858 5
620 871 9
620 886 3
620 891 6
621 637 2
621 664 5
621 681 5
621 695 5
621 704 3
621 737 1
621 784 3
621 792 5
621 817 8
621 818 5
621 855 4
621 861 9
621 885 1
621 888 10
622 688 8
622 705 7
622 729 2
622 744 7
622 770 6
622 788 8
622 790 2
622 856 10
622 878 4
622 887 10
623 631 3
623 668 8
623 680 5
623 686 7
623 696 9
623 717 9
623 753 5
623 838 10
623 858 4
623 883 9
624 657 5
624 711 6
624 736 2
624 744 7
624 754 2
624 755 9
624 763 3
624 776 8
624 780 9
624 802 6
624 811 7
624 812 9
624 819 2
624 830 10
624 839 5
624 856 9
624 900 9
625 632 7
625 649 1
625 705 2
625 778 6
625 798 3
625 825 2
625 829 2
625 853 2
626 644 10
626 657 1
626 702 8
626 747 1
626 752 4
626 771 8
626 786 7
626 787 1
626 812 9
626 861 3
627 645 5
627 646 7
627 652 8
627 666 2
627 716 6
627 750 5
627 759 10
627 768 4
627 814 8
627 816 10
627 844 8
627 877 7
627 879 8
627 894 6
628 634 7
628 635 2
628 638 1
628 640 1
628 670 5
628 703 3
628 717 2
628 726 4
628 741 3
628 773 9
628 775 6
628 800 8
628 815 7
628 865 3
629 663 10
629 678 5
629 683 5
629 698 4
629 711 4
629 719 4
629 735 7
629 740 1
629 744 8
629 796 7
629 801 6
629 815 6
629 822 8
629 851 5
629 858 2
630 655 5
630 663 1
630 682 10
630 693 8
630 720 1
630 783 10
630 792 4
630 805 5
630 830 4
630 888 7
631 678 9
631 704 4
631 735 3
631 754 8
631 764 10
631 773 7
631 775 8
631 776 7
631 777 3
631 795 3
631 806 2
631 813 7
631 833 10
631 837 2
631 878 6
631 882 6
631 885 9
631 887 1
632 641 3
632 661 3
632 669 4
632 672 9
632 681 5
632 692 5
632 695 9
632 703 6
632 707 7
632 762 2
632 777 2
632 785 10
632 848 1
633 649 1
633 655 3
633 666 5
633 698 10
633 703 5
633 707 1
633 710 7
633 713 3
633 726 3
633 739 10
633 740 4
633 748 9
633 759 1
633 785 7
633 809 7
633 810 6
633 818 5
633 879 7
634 652 10
634 681 9
634 712 3
634 740 10
634 766 4
634 780 7
634 810 10
634 832 1
634 864 3
634 870 2
634 899 2
635 641 2
635 648 4
635 693 4
635 762 7
635 781 8
635 793 4
635 851 1
635 868 8
636 657 2
636 670 3
636 678 2
636 679 3
636 684 8
636 693 3
636 694 3
636 709 4
636 730 9
636 743 10
636 796 10
636 799 5
636 818 1
636 819 8
636 838 7
636 847 1
636 869 1
636 884 6
637 642 10
637 651 1
637 669 8
637 677 3
637 680 5
637 743 2
637 761 6
637 765 8
637 767 8
637 816 3
637 828 3
637 838 10
637 875 2
638 648 5
638 684 4
638 692 4
638 712 7
638 723 1
638 735 6
638 738 10
638 744 6
638 759 6
638 789 1
638 798 5
638 808 10
638 812 2
638 820 4
638 844 9
638 851 2
638 853 5
638 860 6
639 646 3
639 647 7
639 675 3
639 703 6
639 707 3
639 709 6
639 747 3
639 752 3
639 753 5
639 756 6
639 784 5
639 794 4
639 801 9
639 833 9
639 848 9
639 853 4
639 863 8
639 884 1
640 642 1
640 662 9
640 668 6
640 677 6
640 768 9
640 780 2
640 791 8
640 812 10
640 846 6
641 659 6
641 673 3
641 689 2
641 700 3
641 729 6
641 731 8
641 737 5
641 738 3
641 742 1
641 747 1
641 755 5
641 761 3
641 800 5
641 808 2
641 813 9
641 829 1
641 836 1
641 877 10
641 889 1
641 894 6
642 650 7
642 652 2
642 669 7
642 677 7
642 745 9
642 747 2
642 754 7
642 766 1
642 796 9
642 802 7
642 804 6
642 810 6
642 839 1
642 858 7
642 861 8
643 656 8
643 695 6
643 704 5
643 724 2
643 741 8
643 751 7
643 769 7
643 792 2
643 840 1
643 867 10
643 870 1
643 879 3
643 880 2
643 884 10
643 885 4
644 666 8
644 675 8
644 710 7
644 717 4
644 719 6
644 743 5
644 745 5
644 775 2
644 798 7
644 823 6
644 867 10
644 870 2
644 884 3
645 646 1
645 681 10
645 696 1
645 704 10
645 735 8
645 767 5
645 776 2
645 777 5
645 783 1
645 818 10
645 828 9
645 850 3
645 851 9
645 859 9
645 879 8
645 882 1
646 674 10
646 698 3
646 726 10
646 731 9
646 756 9
646 769 3
646 790 4
646 810 5
646 819 9
646 858 7
646 887 2
647 651 6
647 688 7
647 691 5
647 696 9
647 709 9
647 733 7
647 763 9
647 786 8
647 797 4
647 826 5
647 832 9
647 867 10
647 880 7
648 658 10
648 665 8
648 672 1
648 711 9
648 728 8
648 741 10
648 753 1
648 763 9
648 775 2
648 818 10
648 822 9
648 827 2
648 841 4
648 853 4
648 856 9
648 897 2
649 665 1
649 688 10
649 706 10
649 732 7
649 743 4
649 768 8
649 772 5
649 775 10
649 785 8
649 833 4
649 835 5
649 846 2
649 860 5
650 662 5
650 672 10
650 675 4
650 686 4
650 693 10
650 702 2
650 730 4
650 735 2
650 744 4
650 750 4
650 763 3
650 813 3
650 831 3
650 842 7
650 897 6
651 674 6
651 690 5
651 726 10
651 739 8
651 775 6
651 776 9
651 808 4
651 817 1
651 858 8
651 860 10
651 872 3
651 878 5
652 680 6
652 683 7
652 725 8
652 747 10
652 779 3
652 797 7
652 824 3
652 892 9
653 704 8
653 713 7
653 722 2
653 723 9
653 748 10
653 772 5
653 780 4
653 789 3
653 806 7
653 854 2
653 861 10
653 869 5
653 875 8
653 877 1
653 878 2
654 667 3
654 711 1
654 719 8
654 772 3
654 805 8
654 861 9
654 869 7
654 874 2
654 887 4
655 657 4
655 693 9
655 705 3
655 712 8
655 741 7
655 791 8
655 801 6
655 804 5
655 822 4
655 861 7
655 869 5
655 888 3
655 890 4
656 689 10
656 691 7
656 698 2
656 700 1
656 722 9
656 728 6
656 800 8
656 817 1
656 851 10
656 855 2
657 661 2
657 663 7
657 693 5
657 748 9
657 763 5
657 773 3
657 796 3
657 804 1
657 816 6
657 819 3
657 823 3
657 861 6
657 862 2
657 872 2
657 888 1
657 894 6
658 684 5
658 689 10
658 707 2
658 762 10
658 773 3
658 806 2
658 814 8
658 823 6
658 826 4
658 833 8
658 841 4
658 891 2
658 895 9
658 898 3
659 665 3
659 675 10
659 692 1
659 698 9
659 716 10
659 818 7
659 860 2
659 866 4
659 874 7
660 733 9
660 782 9
660 785 2
660 802 4
660 804 10
660 806 3
660 812 5
660 823 7
660 833 10
660 848 6
661 734 8
661 772 1
661 830 10
661 839 1
661 850 8
661 852 5
661 866 5
661 883 8
661 889 8
661 893 8
662 665 6
662 718 2
662 720 10
662 725 7
662 751 2
662 848 1
662 852 8
662 881 1
662 887 4
662 895 4
663 673 9
663 698 2
663 721 2
663 734 10
663 739 8
663 751 3
663 758 5
663 862 4
663 897 9
663 898 6
664 673 9
664 674 8
664 675 6
664 703 8
664 736 9
664 737 5
664 770 4
665 670 5
665 700 2
665 716 2
665 731 2
665 734 7
665 741 3
665 751 3
665 815 5
665 819 7
665 842 3
665 846 3
665 858 9
665 869 8
665 878 8
665 900 7
666 718 2
666 720 9
666 758 9
666 782 9
666 789 1
666 834 3
666 850 4
666 856 1
666 892 8
667 678 2
667 747 8
667 749 5
667 761 1
667 771 8
667 781 9
667 787 4
667 794 2
667 798 1
667 799 7
667 804 5
667 819 7
667 824 2
667 856 8
667 859 4
667 873 10
667 884 2
668 685 6
668 702 8
668 743 10
668 744 3
668 745 4
668 747 1
668 801 3
668 807 2
668 853 1
669 709 5
669 717 6
669 721 4
669 768 5
669 787 3
669 788 5
669 789 4
669 792 7
669 793 7
669 802 2
669 840 8
669 892 2
670 713 5
670 732 8
670 791 1
670 854 10
670 866 6
670 899 2
671 695 7
671 719 9
671 721 1
671 729 8
671 738 6
671 745 8
671 773 9
671 811 10
671 826 3
671 841 1
671 879 2
671 886 5
672 688 1
672 710 8
672 736 10
672 760 4
672 764 4
672 767 5
672 798 10
672 827 8
672 837 3
672 840 8
672 865 1
672 890 10
673 695 10
673 780 5
673 784 7
673 797 10
673 849 4
673 853 5
673 854 3
673 855 2
673 861 3
673 897 3
673 899 2
674 684 9
674 691 2
674 695 10
674 723 10
674 737 6
674 750 1
674 779 4
674 812 10
674 813 1
674 820 1
674 825 2
674 862 7
674 875 5
674 886 8
675 699 6
675 735 2
675 740 10
675 758 4
675 792 2
675 795 2
675 827 5
675 847 8
675 863 8
676 694 4
676 721 4
676 741 4
676 831 8
676 857 5
676 865 7
677 748 2
677 769 6
677 776 7
677 822 3
677 886 8
677 900 6
678 681 10
678 682 10
678 691 9
678 698 10
678 725 10
678 764 2
678 773 3
678 783 8
678 790 6
678 817 10
678 853 4
679 681 9
679 742 1
679 744 9
679 749 2
679 753 2
679 789 3
679 859 9
679 874 10
679 885 8
679 888 2
679 899 3
680 696 5
680 714 9
680 719 1
680 769 6
680 811 6
680 812 7
680 843 10
680 851 3
680 852 5
681 700 9
681 708 2
681 711 5
681 726 10
681 756 4
681 778 6
681 788 4
681 818 3
681 819 1
681 832 3
681 866 6
681 892 9
682 701 4
682 710 6
682 727 2
682 747 5
682 758 10
682 804 1
682 808 6
682 817 9
682 841 4
682 867 1
682 897 3
683 699 4
683 709 1
683 740 10
683 741 10
683 769 10
683 772 1
683 789 2
683 793 6
683 796 10
683 804 6
683 807 10
683 860 1
684 692 1
684 710 6
684 736 5
684 741 3
684 769 8
684 770 9
684 834 1
684 863 9
684 870 4
684 872 6
684 874 10
685 688 9
685 713 8
685 762 2
685 772 6
685 779 6
685 788 8
685 797 8
685 822 9
685 844 1
685 847 1
686 688 10
686 713 10
686 715 10
686 721 1
686 725 4
686 748 7
686 751 2
686 765 1
686 885 6
686 886 2
687 714 1
687 718 3
687 731 8
687 791 5
687 800 1
687 810 9
687 825 5
687 864 1
687 878 2
687 896 3
688 691 10
688 700 2
688 762 10
688 785 4
688 801 8
688 806 7
688 842 1
688 845 7
688 852 7
688 859 3
688 862 7
688 867 7
688 878 5
688 885 8
689 704 9
689 733 8
689 762 4
689 781 10
689 789 10
689 795 2
689 802 3
689 812 2
689 889 4
690 691 3
690 732 6
690 733 6
690 775 1
690 797 3
690 820 8
690 822 4
690 832 7
690 857 10
690 861 6
690 864 8
690 865 3
690 866 5
690 870 4
690 872 5
690 895 1
691 700 1
691 728 7
691 731 8
691 751 9
691 760 1
691 764 5
691 793 7
691 831 10
691 843 9
691 854 8
691 861 1
691 868 2
691 877 2
691 898 2
692 711 7
692 811 4
692 829 10
692 831 5
692 860 6
692 894 2
693 696 2
693 737 10
693 746 10
693 750 1
693 762 5
693 769 7
693 784 5
693 787 9
693 797 2
693 830 9
693 848 1
693 859 4
693 879 8
693 882 8
694 705 2
694 730 10
694 732 3
694 768 10
694 772 10
694 790 3
694 829 7
694 846 2
694 848 6
694 855 9
694 858 4
694 867 2
694 868 4
694 874 3
695 715 6
695 737 10
695 753 6
695 755 8
695 799 9
695 804 7
695 841 10
695 861 5
695 877 3
695 891 5
696 705 5
696 755 6
696 765 5
696 766 5
696 773 10
696 780 2
696 815 3
696 821 1
696 866 2
696 891 7
696 899 3
697 719 3
697 735 1
697 752 1
697 821 4
697 834 6
697 851 9
697 878 9
697 879 7
697 886 5
697 891 3
698 700 5
698 702 6
698 705 8
698 711 4
698 720 4
698 723 6
698 778 3
698 782 10
698 820 8
698 834 9
698 867 4
699 711 4
699 715 4
699 740 8
699 758 3
699 780 7
699 786 2
699 838 5
699 844 10
699 863 10
699 885 7
699 898 2
700 713 10
700 718 8
700 719 8
700 726 7
700 736 8
700 770 6
700 861 4
700 866 4
700 886 9
701 712 8
701 723 9
701 729 8
701 735 3
701 737 4
701 744 4
701 760 5
701 769 3
701 780 3
701 818 6
701 820 8
701 826 8
701 829 1
701 850 6
701 865 2
701 894 7
701 899 9
702 758 9
702 768 7
702 795 9
702 804 5
702 810 10
702 836 10
702 859 4
702 880 9
702 891 7
702 895 4
703 704 7
703 711 2
703 721 7
703 725 5
703 739 1
703 787 6
703 793 4
703 796 3
703 802 1
703 812 9
703 837 7
703 839 4
703 863 4
703 883 4
703 888 1
704 729 1
704 775 4
704 776 8
704 780 5
704 794 1
704 796 7
704 828 3
704 840 9
704 875 7
704 879 7
705 715 10
705 734 6
705 751 3
705 755 9
705 764 4
705 771 6
705 783 5
705 791 5
705 821 4
705 854 1
705 870 5
705 882 1
706 784 6
706 788 7
706 810 2
706 816 5
706 867 6
706 898 5
707 729 10
707 733 9
707 737 7
707 746 2
707 789 3
707 792 5
707 817 6
707 868 5
707 876 3
707 893 8
708 725 3
708 751 1
708 787 7
708 831 2
708 853 8
708 872 9
709 739 2
709 751 2
709 811 6
709 831 6
709 835 6
709 858 9
709 893 6
709 897 1
710 712 10
710 759 4
710 792 9
710 796 1
710 830 8
710 840 4
710 872 7
710 888 9
711 730 5
711 731 5
711 764 10
711 769 7
711 771 9
711 794 6
711 829 1
711 841 3
711 850 3
711 862 5
711 880 5
711 893 9
712 720 8
712 721 3
712 730 9
712 732 10
712 736 6
712 766 6
712 775 5
712 826 1
712 876 7
713 717 3
713 726 3
713 754 6
713 786 6
713 787 2
713 794 8
713 835 5
713 839 7
713 843 6
713 857 3
713 901 1
714 739 10
714 806 2
714 846 9
714 865 1
714 867 7
714 873 9
714 901 5
715 727 2
715 759 5
715 767 10
715 790 2
715 811 3
715 818 4
715 824 3
715 860 2
715 868 9
715 884 8
715 896 6
716 722 1
716 762 4
716 763 10
716 780 4
716 795 1
716 854 5
716 860 7
716 864 10
716 869 9
717 722 5
717 764 5
717 772 3
717 778 6
717 801 7
717 811 5
717 832 4
717 869 7
717 873 3
717 889 5
717 894 3
718 760 4
718 761 9
718 765 4
718 769 6
718 772 3
718 794 7
718 803 10
718 805 4
718 814 7
718 815 7
718 826 2
718 830 8
718 837 3
718 848 1
718 883 3
719 741 5
719 827 8
719 830 1
719 842 5
719 843 8
720 722 5
720 759 1
720 767 1
720 776 2
720 778 9
720 784 5
720 808 6
720 812 5
720 818 7
720 823 2
720 832 10
720 860 3
720 884 2
721 726 3
721 730 10
721 731 5
721 737 10
721 738 9
721 753 10
721 760 8
721 795 7
721 811 1
721 821 5
721 835 9
721 839 4
721 855 9
721 858 4
722 737 1
722 740 9
722 742 10
722 756 8
722 770 6
722 776 10
722 781 8
722 820 7
722 824 9
722 842 4
722 858 2
722 891 5
723 741 3
723 812 5
723 835 4
723 874 5
723 885 7
724 727 9
724 741 6
724 761 3
724 781 10
724 791 4
724 803 2
724 813 7
724 818 2
724 823 5
724 872 4
724 882 1
724 887 8
725 763 2
725 778 6
725 781 10
725 785 3
725 802 5
725 803 9
725 815 8
725 866 6
725 870 9
726 729 4
726 735 4
726 746 4
726 761 8
726 796 1
726 813 6
726 824 2
726 831 6
726 855 2
726 870 10
726 880 4
726 887 7
727 730 2
727 737 3
727 769 2
727 791 6
727 792 2
727 818 4
727 819 10
727 835 5
727 844 6
727 846 9
727 861 8
727 888 1
728 741 10
728 816 10
728 832 7
728 867 8
729 750 7
729 763 2
729 776 8
729 817 1
729 818 8
729 831 2
729 837 10
729 874 10
730 754 9
730 778 1
730 877 5
730 896 1
730 899 3
731 732 1
731 752 9
731 773 4
731 818 5
731 854 1
731 874 1
731 891 6
732 753 6
732 761 10
732 765 2
732 780 1
732 791 10
732 802 10
732 804 1
732 810 9
732 817 9
733 745 9
733 750 9
733 767 6
733 779 10
733 780 6
733 782 8
733 807 7
733 826 9
733 833 7
733 900 6
734 747 8
734 774 9
734 776 3
734 790 8
734 791 1
734 811 3
734 821 6
734 841 7
734 856 9
735 744 8
735 769 7
735 772 7
735 777 3
735 846 9
735 853 8
735 855 3
735 861 8
735 876 7
735 881 5
735 892 7
736 759 8
736 784 3
736 833 5
736 864 3
736 876 5
736 879 2
736 888 2
736 901 3
737 755 1
737 757 10
737 762 1
737 774 8
737 797 8
737 798 3
737 808 5
737 820 9
737 826 7
737 843 2
737 845 7
737 867 7
737 881 2
737 896 3
737 897 3
738 767 4
738 771 1
738 777 1
738 787 9
738 821 9
738 835 9
738 839 5
738 845 7
738 869 6
739 777 10
739 823 3
739 829 10
739 839 4
739 880 4
740 754 1
740 761 6
740 789 4
740 798 2
740 822 6
740 835 1
740 846 10
740 862 10
740 869 7
740 883 10
740 892 8
741 797 1
741 849 6
741 867 5
741 889 2
742 755 10
742 758 7
742 759 5
742 775 3
742 815 7
742 874 5
742 893 3
743 773 8
743 798 10
743 843 9
743 848 3
743 884 9
744 769 1
744 844 3
744 867 4
744 897 6
745 747 5
745 774 1
745 800 10
745 805 7
745 819 7
745 821 2
745 831 8
745 848 8
745 849 1
745 861 7
746 756 6
746 761 1
746 771 4
746 803 10
746 817 4
746 850 5
746 892 8
746 894 10
747 748 7
747 780 7
747 790 5
747 835 9
747 879 4
747 894 6
748 797 9
748 800 6
748 810 6
748 815 9
748 843 10
748 847 9
748 865 7
748 871 7
748 879 9
748 893 8
748 895 5
749 768 7
749 772 9
749 806 2
749 849 5
749 878 1
750 754 10
750 772 2
750 802 3
750 805 5
750 808 3
750 817 6
750 824 9
750 895 2
751 757 6
751 781 6
751 839 8
751 849 2
752 755 6
752 786 1
752 794 7
752 829 5
752 830 9
752 842 4
752 859 5
752 865 10
752 876 2
752 880 1
753 766 8
753 787 2
753 793 8
753 800 2
753 837 9
753 845 9
753 852 5
754 765 5
754 767 9
754 800 4
754 818 8
754 819 2
754 851 8
754 859 10
754 866 9
754 891 9
755 766 3
755 773 4
755 799 4
755 822 1
755 852 7
755 859 9
755 860 3
755 889 5
756 757 5
756 761 3
756 762 8
756 770 10
756 771 3
756 777 1
756 825 2
756 836 10
756 850 3
756 863 10
756 866 4
756 867 3
756 894 8
756 896 8
756 900 9
757 764 8
757 765 2
757 772 6
757 779 9
757 861 1
757 885 7
757 895 8
758 789 9
758 830 9
758 839 3
758 878 4
758 881 9
758 882 2
759 784 5
759 788 4
759 807 6
759 811 9
759 825 6
759 844 4
759 847 10
759 861 8
759 885 6
760 764 2
760 806 10
760 815 8
760 830 1
760 835 3
760 837 2
760 841 10
760 865 10
760 880 10
760 894 9
761 836 3
761 865 5
761 897 10
762 776 6
762 777 3
762 788 7
762 806 6
762 812 2
762 841 1
762 893 10
763 771 2
763 869 2
763 871 6
764 777 7
764 779 10
764 780 6
764 812 3
764 845 3
764 848 6
764 867 10
764 879 10
764 882 9
765 780 1
765 783 8
765 806 1
765 859 3
765 876 1
765 880 10
765 885 5
765 899 1
766 768 10
766 773 9
766 801 7
766 819 9
766 844 4
766 850 2
767 779 7
767 793 10
767 814 5
767 818 8
767 872 1
767 873 6
767 885 1
767 889 6
768 783 3
768 809 10
768 817 3
768 826 7
769 776 4
769 802 8
769 805 8
769 827 4
769 866 6
769 867 9
769 868 3
769 879 8
769 895 3
770 801 3
770 831 7
770 845 9
770 849 5
770 853 7
770 867 8
771 785 4
771 798 7
771 804 3
771 806 5
771 850 4
771 868 2
771 877 9
771 886 1
772 776 4
772 777 6
772 783 3
772 786 1
772 787 10
772 792 3
772 806 4
772 813 6
772 816 8
772 862 3
772 871 4
772 873 3
772 886 1
772 896 4
773 791 5
773 806 8
773 810 6
773 813 10
773 840 7
773 859 5
773 866 6
773 879 5
773 881 4
773 888 9
773 889 1
773 894 6
773 897 5
774 780 4
774 801 10
774 825 3
774 881 4
774 882 5
774 892 1
774 893 9
774 894 6
775 809 10
775 836 1
775 857 9
775 861 8
776 790 10
776 819 1
776 853 1
777 798 3
777 832 1
777 844 4
777 864 9
777 871 9
778 780 1
778 869 10
778 896 5
778 900 7
779 837 6
779 854 9
779 868 10
779 892 6
780 781 9
780 785 8
780 799 1
780 804 3
780 838 7
780 873 5
781 784 8
781 792 1
781 803 5
781 812 6
781 826 6
781 839 7
781 845 8
782 821 6
782 858 4
782 869 10
782 877 9
782 882 4
782 884 2
782 890 9
783 790 9
783 793 10
783 838 9
783 839 9
783 846 2
783 888 5
784 788 6
784 792 9
784 818 5
784 834 7
784 859 4
784 874 4
784 892 4
785 821 6
785 833 8
785 853 2
785 857 3
785 868 7
785 873 3
786 789 9
786 816 5
786 822 10
786 894 5
788 792 4
789 795 8
789 854 8
789 868 3
790 863 6
790 869 3
790 876 4
790 877 6
791 807 1
791 847 6
791 855 7
791 858 2
792 801 7
792 828 1
792 836 9
792 850 5
792 858 6
792 892 5
793 813 10
793 819 1
793 840 1
793 855 8
793 862 10
794 805 2
794 816 10
794 818 6
794 832 6
794 842 8
794 885 2
794 901 8
795 831 3
795 858 6
795 892 5
795 897 2
796 803 8
796 808 2
796 852 5
796 854 4
796 869 7
796 899 7
797 804 9
797 813 3
797 815 10
797 825 7
797 833 6
797 852 8
797 858 1
797 869 3
798 801 5
798 813 2
798 818 3
798 835 7
799 814 9
799 819 4
799 859 8
799 869 10
799 872 1
799 877 4
799 889 8
800 807 3
800 833 1
800 850 2
800 859 8
800 860 7
800 869 5
800 870 7
800 880 8
800 891 1
800 893 10
801 821 4
801 838 8
801 853 8
801 879 9
801 900 9
802 842 6
802 856 4
802 862 7
803 804 8
803 812 6
803 839 3
803 844 10
803 855 10
803 879 9
803 896 10
804 830 3
804 848 8
804 861 10
804 863 3
804 870 3
805 814 9
805 844 5
805 857 5
805 863 2
806 813 4
806 818 1
806 822 6
806 838 1
806 842 8
806 862 7
806 863 2
806 870 4
806 895 6
807 838 2
807 849 2
807 872 4
808 814 7
808 832 7
808 836 2
808 877 5
808 892 4
808 900 6
809 828 6
809 879 5
809 894 6
810 861 5
810 876 7
811 816 4
811 825 6
811 847 1
811 855 6
811 883 4
812 827 8
812 828 3
812 865 5
812 877 1
812 900 3
813 831 3
813 841 3
813 885 3
814 816 9
814 817 7
814 842 6
814 848 6
814 853 8
814 868 9
814 874 9
814 880 4
814 881 7
814 894 1
815 819 10
815 872 2
815 893 8
816 839 5
817 829 6
817 836 4
817 854 2
817 866 2
817 881 7
817 884 7
818 868 2
818 880 4
818 889 3
818 893 9
819 834 8
819 839 7
819 876 2
819 897 1
819 898 9
820 837 6
820 850 5
820 885 9
821 830 2
821 832 10
821 865 6
821 897 1
822 825 10
822 857 5
822 859 5
822 894 6
823 841 7
823 844 6
823 859 7
823 864 4
823 884 3
823 885 2
824 837 9
824 860 4
824 870 5
825 859 7
825 891 2
826 833 8
826 838 3
826 846 4
826 847 7
826 866 10
826 885 3
827 838 10
827 858 2
827 878 3
827 881 5
827 889 6
828 845 4
828 851 9
829 863 5
831 850 9
831 859 9
831 882 6
831 888 3
832 838 5
833 859 3
833 880 1
834 848 3
834 856 1
834 898 7
835 846 5
835 853 4
835 876 5
835 894 10
836 896 8
837 890 2
838 862 3
839 843 6
839 851 4
839 852 7
839 854 4
840 897 5
841 854 1
841 896 5
842 885 7
843 844 3
843 855 1
843 864 2
843 872 6
843 890 9
843 891 9
844 862 7
844 867 10
844 894 4
845 860 1
845 867 4
846 872 7
846 879 2
847 853 6
847 863 9
847 882 10
848 880 2
848 891 3
849 855 4
849 865 1
849 869 2
850 867 7
850 873 6
852 879 7
852 901 2
854 864 2
854 869 2
854 870 7
854 871 4
855 891 8
855 897 3
855 899 6
856 859 9
856 872 6
856 892 4
856 901 9
857 901 4
858 861 2
858 880 8
859 865 10
859 878 2
859 879 4
859 884 8
860 874 5
860 889 9
860 890 6
861 870 4
862 867 3
862 881 8
862 886 10
862 889 5
863 897 10
864 901 8
865 866 10
867 885 8
867 889 10
868 888 3
869 874 2
869 877 8
870 873 6
872 899 9
874 875 2
875 881 4
875 890 7
875 899 7
876 889 7
879 892 6
880 882 3
881 884 8
881 886 5
885 888 2
887 897 1
887 898 8
889 901 9
890 893 6
896 898 7
902 601 43
903 901 10
902 903 22
