904 6735
4 95 52 5 75 77 43 35 68 32 40 85 77 5 64 28 44 39 3 36 89 28 96 80 57 73 8 70 15 72 27 18 19 30 74 93 59 17 80 26 100 19 62 76 75 25 55 71 15 57 6 4 85 1 35 93 26 42 15 40 66 93 9 84 22 83 28 32 51 7 58 2 78 71 30 4 96 84 74 62 93 80 17 29 32 52 73 57 45 87 96 10 31 57 45 5 39 25 36 41 31 45 42 60 16 71 64 11 7 37 24 99 68 41 79 100 92 51 8 36 90 56 98 20 12 42 76 2 66 12 42 49 56 35 60 71 58 23 33 64 12 57 14 79 97 44 30 40 46 90 27 35 45 24 7 56 18 82 9 35 93 50 83 1 36 95 71 93 17 56 8 80 12 73 11 60 16 92 51 62 81 77 48 77 1 6 32 18 88 92 4 32 93 39 84 29 33 55 73 1 62 33 81 73 57 43 84 25 34 34 38 67 62 85 43 62 43 27 31 82 18 35 13 11 73 49 39 57 3 63 57 16 95 89 88 4 31 23 28 17 8 65 83 69 49 25 31 43 51 13 24 69 99 37 79 23 37 69 79 39 83 88 54 30 76 93 33 7 67 60 23 74 24 57 42 24 81 24 67 32 89 90 52 87 78 82 62 14 50 40 4 32 79 9 13 55 53 45 13 19 55 94 69 100 1 34 42 73 18 97 21 64 71 89 83 58 48 27 41 40 28 100 46 61 16 55 97 76 10 59 53 16 4 21 15 4 7 8 28 76 4 48 39 27 88 21 84 87 99 76 26 27 76 24 39 43 30 36 70 39 94 22 54 49 95 21 52 53 28 80 80 84 79 18 10 19 91 45 5 89 73 83 15 100 58 54 42 87 41 64 26 86 37 31 34 83 3 37 35 83 68 14 18 99 84 27 17 74 23 73 14 95 55 81 46 12 86 88 51 26 3 76 63 39 58 96 22 13 84 8 95 4 74 64 2 57 90 18 82 64 42 47 11 97 27 56 60 12 95 10 89 97 37 51 36 47 98 9 59 34 16 5 37 89 68 38 97 9 7 30 72 48 29 34 44 55 90 56 19 36 17 7 33 54 10 20 52 59 28 10 92 95 66 28 36 33 65 84 93 23 66 64 71 94 50 66 48 91 21 18 26 90 25 10 95 86 29 46 44 8 55 36 55 72 15 42 4 32 25 96 54 90 11 24 35 12 42 83 2 62 52 28 3 76 89 97 13 70 42 57 29 48 44 83 19 10 24 74 41 1 21 95 42 32 70 77 95 11 11 97 25 62 76 27 90 64 24 2 33 17 10 62 65 5 96 35 15 20 9 55 72 29 1 65 12 23 41 7 33 3 84 87 16 84 92 36 12 70 43 68 60 66 64 95 37 48 10 93 34 12 40 99 3 19 35 15 61 67 98 64 20 88 91 87 23 82 74 34 52 68 54 63 33 17 10 22 16 19 14 50 82 6 100 85 24 87 99 36 53 49 99 72 88 89 10 10 71 83 96 22 50 1 36 34 69 45 55 84 16 21 33 97 78 85 33 1 71 84 36 23 32 87 46 71 75 55 80 45 89 27 18 90 27 54 23 95 50 30 31 65 2 63 62 79 99 46 31 69 29 66 43 12 4 88 82 79 94 14 75 82 40 45 71 19 50 46 65 99 75 95 64 76 10 77 54 8 22 84 77 51 1 19 62 5 59 44 35 52 9 9 86 100 53 8 18 2 53 83 1 27 29 64 2 38 92 7 46 13 42 74 63 43 44 77 99 54 20 33 6 80 93 43 79 46 50 97 99 3 31 51 81 59 66 35 49 57 41 46 70 35 71 32 29 66 8 27 20 79 11 77 58 3 19 89 100 68 85 51 22 67 1 3 77 67 37 25 23 29 22 92 63 92 76 91 58 35 69 77 14 79 5 23 34 23 11 85 42 47 35 16 65 36 18 42 2 6 18 76 86 40 68 49 31 95 91 88 29 60 16 94 90 20 69 75 94 31 60 88 78 94 3 42 81 72 35 34 77 53 10 14 92 29 36 87
0 16 4
0 23 37
0 56 44
0 58 29
0 65 43
0 67 38
0 80 3
0 98 23
0 134 11
0 205 21
0 214 6
0 233 1
0 274 12
0 282 7
1 78 40
1 81 40
1 120 38
1 145 1
1 163 5
1 213 39
1 231 42
1 238 9
1 242 23
1 243 21
1 244 19
1 260 35
1 262 25
1 275 24
1 283 30
2 20 37
2 27 42
2 32 35
2 52 23
2 59 38
2 78 14
2 118 17
2 155 25
2 174 18
2 178 39
2 185 37
2 217 40
2 232 47
2 254 38
2 273 1
2 296 3
3 24 27
3 33 42
3 103 43
3 106 29
3 112 47
3 123 31
3 136 20
3 147 7
3 155 5
3 201 42
3 211 25
3 231 40
3 236 18
3 243 48
4 5 21
4 9 4
4 39 42
4 53 7
4 69 28
4 79 31
4 103 22
4 110 46
4 121 5
4 127 39
4 148 35
4 163 41
4 174 30
4 177 31
4 179 30
4 184 31
4 185 35
4 254 8
4 256 22
4 281 27
4 298 38
5 15 20
5 19 10
5 28 8
5 32 26
5 53 14
5 110 1
5 129 3
5 146 5
5 174 19
5 179 2
5 185 25
5 189 24
5 194 45
5 201 32
5 220 4
5 221 25
5 222 3
5 264 49
5 270 31
5 294 44
6 45 35
6 93 22
6 133 25
6 139 17
6 160 3
6 171 7
6 202 2
6 234 13
6 240 31
6 248 30
6 295 50
6 297 50
7 30 41
7 69 9
7 89 28
7 116 5
7 126 10
7 143 32
7 153 9
7 171 28
7 194 33
7 198 36
7 234 3
7 251 30
7 254 19
7 270 6
8 12 4
8 59 23
8 61 5
8 134 35
8 139 18
8 213 41
8 247 8
8 261 43
8 269 8
8 279 12
8 299 49
9 38 11
9 93 24
9 96 29
9 101 40
9 102 24
9 108 29
9 123 31
9 130 32
9 146 8
9 167 37
9 180 41
9 186 39
9 199 47
9 221 20
9 222 21
9 236 34
10 29 23
10 48 2
10 53 2
10 59 30
10 76 6
10 104 25
10 129 34
10 174 42
10 187 42
10 202 27
10 208 1
10 218 36
10 255 34
10 283 12
10 290 35
10 292 44
11 34 36
11 35 13
11 36 35
11 37 9
11 48 43
11 74 17
11 91 42
11 109 50
11 172 3
11 181 35
11 186 38
11 209 2
11 217 4
11 222 11
11 244 35
11 277 28
12 39 12
12 46 39
12 63 8
12 79 19
12 110 13
12 113 43
12 164 10
12 201 6
12 227 19
12 297 10
13 81 42
13 88 2
13 100 22
13 117 28
13 125 47
13 136 9
13 178 40
13 205 32
13 231 19
13 266 35
13 274 48
13 289 10
13 295 34
14 41 3
14 46 44
14 105 24
14 165 4
14 167 50
14 183 36
14 193 40
14 210 27
14 224 47
14 235 28
14 248 36
14 259 18
14 267 40
14 271 29
14 277 27
14 284 48
14 294 49
15 48 39
15 56 41
15 78 1
15 96 12
15 119 18
15 145 49
15 147 20
15 157 7
15 163 30
15 210 40
15 222 43
15 234 30
15 235 49
15 243 29
15 256 32
15 266 45
15 274 2
15 298 35
16 29 46
16 39 39
16 61 24
16 80 24
16 115 37
16 123 2
16 140 10
16 159 4
16 208 43
16 214 40
16 238 33
16 284 42
16 295 38
17 21 21
17 43 32
17 52 40
17 70 34
17 86 49
17 90 41
17 106 5
17 111 8
17 171 20
17 182 44
17 191 50
17 202 49
17 205 44
17 224 28
17 241 30
17 246 40
17 288 31
18 32 16
18 90 35
18 147 19
18 164 42
18 178 9
18 179 8
18 184 45
18 243 20
18 248 11
18 285 39
18 290 11
18 293 43
19 120 31
19 135 50
19 152 15
19 156 12
19 171 40
19 192 48
19 212 11
19 239 30
19 249 2
19 267 18
19 285 1
19 299 45
20 23 19
20 30 2
20 61 41
20 78 47
20 90 33
20 138 30
20 142 29
20 148 49
20 149 15
20 169 50
20 221 42
20 265 25
20 287 7
21 45 36
21 74 46
21 90 17
21 178 24
21 200 6
21 210 12
21 225 4
21 227 5
21 239 26
21 247 18
21 274 46
21 292 24
21 298 28
22 61 27
22 83 27
22 114 47
22 118 28
22 130 24
22 155 15
22 161 31
22 169 14
22 205 13
22 245 13
23 43 45
23 47 42
23 71 11
23 77 11
23 86 43
23 125 4
23 148 35
23 156 49
23 174 39
23 180 32
23 191 17
23 202 15
23 209 37
23 214 28
23 220 20
23 248 44
23 254 4
23 278 37
23 293 39
24 65 29
24 66 16
24 77 16
24 96 7
24 101 14
24 125 45
24 132 32
24 133 29
24 143 25
24 163 45
24 184 43
24 206 37
24 216 42
24 239 36
24 251 50
24 276 2
24 279 28
24 288 5
24 298 37
25 27 26
25 60 46
25 64 18
25 76 43
25 79 10
25 82 7
25 91 22
25 104 31
25 106 50
25 111 27
25 112 20
25 186 40
25 203 7
25 215 37
25 255 7
25 264 14
25 286 1
25 288 3
26 47 45
26 70 31
26 83 27
26 96 42
26 113 23
26 122 16
26 146 33
26 227 9
26 241 17
26 252 34
26 276 36
27 28 23
27 38 22
27 74 14
27 76 18
27 115 42
27 120 8
27 157 29
27 198 48
27 275 29
28 33 10
28 57 49
28 109 6
28 201 31
28 223 38
28 224 12
28 228 17
28 235 45
28 251 27
28 292 17
29 85 47
29 108 22
29 117 47
29 125 26
29 152 15
29 178 22
29 193 43
29 198 47
29 201 32
29 225 11
29 233 32
29 236 17
29 267 33
29 280 4
30 32 32
30 78 1
30 97 45
30 113 39
30 116 29
30 120 42
30 125 20
30 133 40
30 170 40
30 205 27
30 206 20
30 254 29
30 274 40
30 299 37
31 44 23
31 63 17
31 144 5
31 162 22
31 199 40
31 218 4
31 219 47
31 237 4
31 258 25
31 294 39
32 34 50
32 46 6
32 69 49
32 81 33
32 86 24
32 130 31
32 141 36
32 199 8
32 208 33
32 243 30
32 255 46
33 75 14
33 102 23
33 120 17
33 131 3
33 136 14
33 153 43
33 154 23
33 155 43
33 174 33
33 178 11
33 199 17
33 201 1
33 232 15
33 256 38
33 264 40
33 265 20
33 275 34
34 39 43
34 50 44
34 87 24
34 91 44
34 105 1
34 126 24
34 134 26
34 154 27
34 159 7
34 176 14
34 181 34
34 195 39
34 212 43
34 221 31
34 255 2
34 267 18
34 269 48
35 45 5
35 60 33
35 104 42
35 131 29
35 134 25
35 140 26
35 160 41
35 218 42
35 223 26
35 235 7
35 241 31
35 244 17
35 262 27
35 267 15
35 273 9
35 285 22
35 298 40
36 60 4
36 71 25
36 111 14
36 149 32
36 189 1
36 213 20
36 217 45
36 231 34
36 244 10
36 245 39
36 250 14
36 252 12
37 72 8
37 112 13
37 116 18
37 181 41
37 182 5
37 268 48
37 276 17
37 288 30
37 294 38
38 44 8
38 50 8
38 70 46
38 87 41
38 120 24
38 128 22
38 135 7
38 136 35
38 172 46
38 181 46
38 189 40
38 220 20
38 224 9
38 234 21
38 264 20
38 277 30
38 283 17
38 298 3
39 110 40
39 147 8
39 167 18
39 178 3
39 203 17
39 231 31
39 254 22
39 275 7
40 88 37
40 109 21
40 120 24
40 130 18
40 135 10
40 158 33
40 188 25
40 250 5
40 278 23
40 284 49
41 43 29
41 81 29
41 126 35
41 136 24
41 143 25
41 156 24
41 173 45
41 174 35
41 177 47
41 191 14
41 212 17
41 213 15
41 216 18
41 224 8
41 233 24
41 262 37
41 270 12
41 296 41
42 53 19
42 74 35
42 75 47
42 83 5
42 86 5
42 120 22
42 151 23
42 160 14
42 229 5
42 280 49
43 75 20
43 81 29
43 102 49
43 137 48
43 149 8
43 213 33
43 226 23
43 228 34
43 243 7
43 244 19
44 61 20
44 90 5
44 110 34
44 133 38
44 219 19
44 226 1
44 228 45
44 229 43
44 251 40
44 271 8
44 285 33
44 296 8
45 59 42
45 98 31
45 114 13
45 132 48
45 154 3
45 155 37
45 159 11
45 236 9
45 249 37
45 264 33
45 277 37
46 65 36
46 74 32
46 82 46
46 101 18
46 122 7
46 127 29
46 159 26
46 162 25
46 163 1
46 195 30
46 198 9
46 216 38
46 223 1
46 289 11
46 296 35
47 67 45
47 84 50
47 106 44
47 114 29
47 129 8
47 133 36
47 152 9
47 159 22
47 194 33
47 210 13
47 213 10
47 260 46
47 274 21
47 278 46
47 296 28
48 71 8
48 88 31
48 114 11
48 158 3
48 190 1
48 214 17
48 229 34
48 238 26
48 264 42
48 270 34
49 59 8
49 67 50
49 97 23
49 183 10
49 186 12
49 191 9
49 195 4
49 264 12
49 287 3
50 62 32
50 84 21
50 105 40
50 115 42
50 121 42
50 125 24
50 146 5
50 157 3
50 160 19
50 209 25
50 226 48
50 229 48
50 248 32
50 254 31
50 257 9
50 299 37
51 87 31
51 89 25
51 132 20
51 138 8
51 140 18
51 186 5
51 193 17
51 227 19
51 230 29
51 252 26
51 265 31
51 295 38
52 86 31
52 140 44
52 146 42
52 178 12
52 203 14
52 258 31
52 269 4
53 75 7
53 82 4
53 96 10
53 159 9
53 163 25
53 170 34
53 179 8
53 191 22
53 193 18
53 200 38
53 228 32
53 237 4
53 270 18
54 58 9
54 74 25
54 95 28
54 99 28
54 129 31
54 144 44
54 168 47
54 217 9
54 218 20
54 227 29
54 267 46
54 271 50
54 282 22
55 78 39
55 95 14
55 158 37
55 163 19
55 208 19
55 269 43
55 272 25
56 79 28
56 98 1
56 137 49
56 147 11
56 148 10
56 164 22
56 192 30
56 197 48
56 203 4
56 253 33
56 267 17
57 74 12
57 87 9
57 134 44
57 188 41
57 267 39
58 65 38
58 113 37
58 147 48
58 164 9
58 174 17
58 207 45
58 209 8
58 223 38
58 225 36
58 233 23
58 254 24
58 290 4
59 60 41
59 61 18
59 73 28
59 107 20
59 114 20
59 128 28
59 140 33
59 169 30
59 194 50
59 196 12
59 205 27
59 208 3
59 245 47
59 249 45
59 257 16
59 287 5
60 115 39
60 122 6
60 125 46
60 165 28
60 176 45
60 192 43
60 198 36
60 224 11
60 225 39
60 230 45
60 251 1
60 285 24
60 299 18
61 80 24
61 114 30
61 134 10
61 137 44
61 143 9
61 159 30
61 163 13
61 218 37
61 219 12
61 229 42
61 232 36
61 297 23
62 89 20
62 117 38
62 120 19
62 143 15
62 151 5
62 178 26
62 186 5
62 195 12
62 262 21
63 94 34
63 101 6
63 104 15
63 122 19
63 130 17
63 133 5
63 135 13
63 155 17
63 158 29
63 179 32
63 181 42
63 237 10
63 250 42
63 262 35
63 284 18
63 285 23
64 65 50
64 69 4
64 128 34
64 144 41
64 151 39
64 157 8
64 166 13
64 198 28
64 238 29
64 240 29
64 241 34
64 279 4
65 150 33
65 152 46
65 173 26
65 201 16
65 224 1
65 253 40
65 257 36
65 271 19
65 287 44
66 76 50
66 101 37
66 102 24
66 108 34
66 110 31
66 114 33
66 159 27
66 161 15
66 166 3
66 199 49
66 204 14
66 227 6
66 282 34
66 294 7
67 82 47
67 97 43
67 163 19
67 202 26
67 230 21
67 273 49
67 282 12
68 76 24
68 110 31
68 116 7
68 123 1
68 129 48
68 160 9
68 170 40
68 194 35
68 261 28
69 96 34
69 99 36
69 100 16
69 111 7
69 152 19
69 182 46
69 200 42
69 258 45
69 259 13
69 261 44
69 283 45
70 77 28
70 79 1
70 102 28
70 154 36
70 186 49
70 195 21
70 226 4
70 247 25
70 261 41
70 274 4
70 277 36
70 293 17
71 115 34
71 118 44
71 160 17
71 188 33
71 206 2
71 219 9
71 264 19
71 275 31
71 290 42
71 297 5
72 75 47
72 92 50
72 124 23
72 137 44
72 152 43
72 182 18
72 204 8
72 206 36
72 229 14
72 232 36
72 242 37
72 252 42
72 258 21
72 271 35
72 274 12
72 292 27
73 77 11
73 92 4
73 99 30
73 141 48
73 144 22
73 151 16
73 153 41
73 170 41
73 174 50
73 199 45
73 208 49
73 209 19
73 210 25
73 212 42
73 270 25
74 87 23
74 94 43
74 98 47
74 109 17
74 113 36
74 121 16
74 150 26
74 158 21
74 162 30
74 193 11
74 197 9
74 224 23
74 240 34
74 257 46
74 262 36
74 277 10
74 298 8
75 91 41
75 116 41
75 125 6
75 140 13
75 141 8
75 218 48
75 243 5
75 286 8
75 292 42
76 93 3
76 99 28
76 105 17
76 160 46
76 193 2
76 207 41
76 295 38
76 299 50
77 115 9
77 164 23
77 171 18
77 185 35
77 190 46
77 196 47
77 257 45
77 293 4
77 296 21
78 148 28
78 150 1
78 152 6
78 184 39
78 198 9
78 200 46
78 232 30
78 246 14
78 263 10
79 82 37
79 101 11
79 138 14
79 151 46
79 186 3
79 232 18
79 257 23
79 266 21
80 86 13
80 87 26
80 97 11
80 108 1
80 120 26
80 126 20
80 201 25
80 239 43
80 242 6
80 253 20
81 106 41
81 110 50
81 124 26
81 149 11
81 168 30
81 176 26
81 203 16
81 213 18
81 235 34
81 244 13
81 250 49
81 268 49
81 286 23
81 292 38
82 111 12
82 132 36
82 140 35
82 178 16
82 189 4
82 199 10
82 248 36
82 259 18
82 288 35
82 295 48
82 299 20
83 169 12
83 174 19
83 176 45
83 177 6
83 187 24
83 192 14
83 194 46
83 199 26
83 235 41
83 252 8
83 265 5
83 289 17
83 293 25
84 110 24
84 112 2
84 184 38
84 185 25
84 219 1
84 237 10
84 240 14
84 257 14
84 279 47
84 285 48
85 91 29
85 99 2
85 150 9
85 182 16
85 187 20
85 195 44
85 208 15
85 235 41
85 244 7
85 252 34
85 262 35
85 295 13
86 100 9
86 105 1
86 111 10
86 131 34
86 133 41
86 138 20
86 141 38
86 206 9
86 217 44
86 220 14
86 257 11
86 261 33
86 274 38
86 277 13
87 145 44
87 147 3
87 161 26
87 162 41
87 169 50
87 191 6
87 201 44
87 218 9
87 275 23
87 287 15
87 294 4
88 107 37
88 114 6
88 115 10
88 126 22
88 160 42
88 181 24
88 183 31
88 205 42
88 218 36
88 242 14
88 250 35
88 284 5
89 100 4
89 105 43
89 193 48
89 210 17
89 295 5
90 108 31
90 110 6
90 113 19
90 144 24
90 154 8
90 166 46
90 178 16
90 179 9
90 184 1
90 197 10
90 236 19
90 296 23
91 144 26
91 233 22
91 250 12
91 257 31
91 260 34
92 128 33
92 155 23
92 157 9
92 182 13
92 191 16
92 238 44
92 240 27
92 243 2
92 297 48
93 100 32
93 101 45
93 112 46
93 117 48
93 186 1
93 207 28
93 208 5
93 212 20
93 215 3
93 232 14
93 262 15
93 273 19
94 104 22
94 126 18
94 154 30
94 155 41
94 176 42
94 198 5
94 206 14
94 227 3
94 239 36
94 273 49
94 277 36
94 284 10
95 102 8
95 104 50
95 105 27
95 119 3
95 156 28
95 157 29
95 175 1
95 180 9
95 183 25
95 207 48
95 213 8
95 226 25
95 240 25
95 258 12
95 261 46
95 281 27
95 286 25
96 115 11
96 124 47
96 165 49
96 179 30
96 195 26
96 196 41
96 229 21
96 286 31
97 98 6
97 106 26
97 149 18
97 152 5
97 154 11
97 158 29
97 193 14
97 218 12
97 263 5
97 264 16
97 280 40
98 104 33
98 160 16
98 186 48
98 190 7
98 207 15
98 235 6
98 244 34
98 294 39
99 101 19
99 103 29
99 122 18
99 145 46
99 157 41
99 170 14
99 188 44
99 215 22
99 259 42
99 263 36
99 280 43
99 291 22
100 104 41
100 111 20
100 135 41
100 149 47
100 157 32
100 164 19
100 168 10
100 169 43
100 170 23
100 199 28
100 239 32
100 297 8
101 128 43
101 141 30
101 164 16
101 178 10
101 192 37
101 200 49
101 223 48
101 230 5
101 245 30
101 298 17
102 133 50
102 151 22
102 176 33
102 203 45
102 241 44
102 246 24
102 260 30
103 137 38
103 152 47
103 175 21
103 181 7
103 182 37
103 212 19
103 235 38
103 254 5
103 263 29
103 266 30
103 274 29
104 128 6
104 153 12
104 155 36
104 171 50
104 226 43
104 228 2
104 235 9
104 272 29
105 127 2
105 139 9
105 144 35
105 170 33
105 181 27
105 201 35
105 202 5
105 216 9
105 256 31
105 267 50
105 269 32
105 284 11
106 107 37
106 115 28
106 131 33
106 159 45
106 160 16
106 216 1
106 257 32
107 117 20
107 131 31
107 140 13
107 162 1
107 166 38
107 229 26
107 246 38
107 262 40
107 278 18
107 281 41
108 110 50
108 118 48
108 136 43
108 205 10
108 219 35
108 274 25
108 283 37
109 155 19
109 157 31
109 163 45
109 193 1
109 202 30
109 205 29
109 243 13
109 289 18
110 130 8
110 135 45
110 139 12
110 147 24
110 184 48
110 214 43
110 223 45
110 237 30
110 243 8
110 245 45
110 258 20
110 277 33
111 127 33
111 129 9
111 146 3
111 155 23
111 157 10
111 236 2
111 244 17
111 290 20
112 124 36
112 135 44
112 149 6
112 154 6
112 165 24
112 179 2
112 205 7
112 214 6
112 219 32
112 233 19
112 235 23
112 240 40
112 242 16
112 292 35
112 299 13
113 114 15
113 159 29
113 163 7
113 173 44
113 177 36
113 195 4
113 203 15
113 223 21
113 246 36
113 256 23
113 264 23
113 273 10
114 125 35
114 129 26
114 130 29
114 172 4
114 177 12
114 179 22
114 195 11
114 211 17
114 219 47
114 222 14
114 295 25
115 121 2
115 140 46
115 174 46
115 184 25
115 190 37
115 199 11
115 200 11
115 232 1
115 255 27
115 265 39
115 283 7
116 173 22
116 191 27
116 193 12
116 243 37
116 244 47
116 274 47
116 285 11
116 286 19
116 287 9
116 298 45
117 203 44
117 224 37
117 233 50
117 250 7
117 254 8
117 259 10
117 264 26
117 289 6
118 127 26
118 145 2
118 175 8
118 199 23
118 201 47
118 237 34
118 251 9
118 261 9
118 262 46
119 154 9
119 157 35
119 159 34
119 179 17
119 230 7
119 247 12
119 261 29
119 265 45
119 290 8
120 136 25
120 153 5
120 175 28
120 182 35
120 188 2
120 194 22
120 198 21
120 227 1
120 269 30
120 275 30
120 284 13
120 294 5
121 127 38
121 135 38
121 167 7
121 186 47
121 193 10
121 248 5
121 276 30
121 289 20
122 128 14
122 130 27
122 160 28
122 162 50
122 173 12
122 189 44
122 195 8
122 199 24
122 204 22
122 209 2
122 214 31
122 237 49
122 279 9
123 129 9
123 147 35
123 148 12
123 175 32
123 199 8
123 204 12
123 206 11
123 236 37
123 256 26
123 260 18
123 266 26
123 271 15
123 288 26
124 128 22
124 148 26
124 151 30
124 167 3
124 168 45
124 176 45
124 187 29
124 221 24
124 248 45
124 280 41
124 287 18
125 202 2
125 244 14
125 272 41
125 276 6
125 282 46
126 144 41
126 193 14
126 205 4
126 294 26
127 137 25
127 140 37
127 147 35
127 151 38
127 170 50
127 188 23
127 195 16
127 206 17
127 210 49
127 220 30
128 140 44
128 148 20
128 163 6
128 168 25
128 228 23
128 229 2
128 255 20
129 139 1
129 191 26
129 203 16
129 213 43
129 245 45
129 253 17
129 259 6
129 286 35
130 142 22
130 228 2
130 261 28
130 266 37
131 147 7
131 152 5
131 182 13
131 224 44
131 234 39
131 265 1
131 272 43
131 273 11
132 135 16
132 136 11
132 152 9
132 207 47
132 212 6
132 218 31
132 227 4
132 228 30
132 234 3
132 242 6
132 247 1
132 253 5
132 263 31
132 277 16
132 279 48
132 294 27
133 141 33
133 174 3
133 189 11
133 206 6
133 245 6
133 265 40
134 169 43
134 177 15
134 191 44
134 199 5
134 232 10
134 251 34
134 256 7
134 293 2
135 167 47
135 228 24
135 241 14
135 268 7
135 293 23
136 211 19
136 228 37
136 236 26
136 239 50
136 245 39
136 272 31
136 279 1
137 155 44
137 159 13
137 164 16
137 201 41
137 213 39
137 229 50
137 265 45
137 269 2
137 282 6
138 182 3
138 185 43
138 188 50
138 191 17
138 209 39
138 268 6
138 270 28
139 141 22
139 149 15
139 205 29
139 247 18
139 257 38
139 261 44
139 268 25
139 280 10
139 291 14
140 165 13
140 174 38
140 205 13
140 221 2
140 244 20
140 251 13
140 264 47
140 298 35
141 149 29
141 152 39
141 153 23
141 201 30
141 202 35
141 206 26
141 215 35
141 234 37
141 236 19
141 242 36
141 250 5
141 260 7
141 282 44
141 296 32
142 148 30
142 156 8
142 185 12
142 189 50
142 225 47
142 241 7
142 255 24
142 264 9
142 268 20
142 270 38
143 161 46
143 182 33
143 183 39
143 189 15
143 204 47
143 213 37
143 254 49
143 277 27
143 282 25
144 153 24
144 161 7
144 188 12
144 237 1
144 253 43
144 268 50
145 193 19
145 201 29
145 205 7
145 217 27
145 251 22
145 274 38
145 281 7
145 296 31
146 165 2
146 178 6
146 185 27
146 189 10
146 231 31
146 282 35
146 289 30
146 296 18
146 299 30
147 167 14
147 182 9
147 184 47
147 287 10
148 166 47
148 179 45
148 238 37
148 264 24
148 280 20
149 164 45
149 193 35
149 200 21
149 201 37
149 205 34
149 208 39
149 222 15
149 242 40
150 197 18
150 227 38
150 234 30
150 242 26
150 271 18
150 284 33
151 155 33
151 158 45
151 160 42
151 171 15
151 173 29
151 187 23
151 214 34
151 277 11
152 171 36
152 180 42
152 201 7
152 210 48
152 228 41
153 231 3
153 244 36
153 245 14
153 272 23
153 278 30
154 183 48
154 218 43
154 232 16
154 282 31
154 286 33
154 296 33
155 163 23
155 194 50
155 204 22
155 207 2
155 215 27
155 219 42
155 299 36
156 208 9
156 221 38
156 247 27
156 269 23
156 292 18
156 295 50
156 298 7
157 162 28
157 168 37
157 223 50
157 244 36
157 248 36
157 250 40
157 261 39
157 264 21
157 271 3
157 280 11
157 284 2
157 299 2
158 181 3
158 263 20
158 275 35
158 299 37
159 173 4
159 204 7
159 212 39
159 215 27
159 224 10
159 245 15
159 273 18
159 278 45
159 281 24
160 185 5
160 260 23
160 273 48
160 276 23
160 283 24
160 297 4
161 186 2
161 245 11
161 259 6
161 274 38
161 281 48
161 289 45
162 171 26
162 173 21
162 183 50
162 198 38
162 279 22
162 282 1
163 168 42
163 180 43
163 212 37
163 218 28
163 250 46
163 252 43
164 166 16
164 251 23
164 281 2
164 286 33
165 210 42
165 231 48
165 242 8
165 243 49
165 281 21
165 288 5
166 196 21
166 203 44
166 235 11
166 249 24
166 256 6
166 265 16
166 267 11
167 171 4
167 186 12
167 188 38
167 240 24
167 269 13
167 272 25
167 278 47
167 279 16
167 290 16
168 186 40
168 191 2
168 279 46
169 175 37
169 208 47
169 243 13
170 171 11
170 177 50
170 229 45
170 250 5
170 282 48
171 223 2
171 229 3
171 282 20
171 283 7
172 208 25
172 212 13
172 235 19
172 239 48
172 244 21
172 291 36
172 294 11
172 298 24
173 178 47
173 189 48
173 265 49
173 272 12
174 183 25
174 197 47
174 214 27
174 228 42
174 242 36
174 248 30
174 250 37
174 279 25
174 281 26
174 286 50
175 250 37
176 184 26
176 215 46
176 218 41
176 236 23
176 237 48
176 259 43
176 266 42
176 294 6
177 188 19
177 221 6
177 223 24
177 225 17
177 237 26
177 239 9
177 257 29
177 260 1
177 261 7
177 264 26
177 268 49
177 283 18
177 298 2
178 186 46
178 195 46
178 218 44
178 273 33
178 294 26
179 243 30
179 252 9
179 287 3
179 296 31
180 196 46
180 222 28
180 228 27
180 239 38
180 242 2
180 265 26
181 239 33
181 266 45
181 291 31
182 194 1
182 203 3
182 211 6
182 224 19
182 227 28
182 282 16
182 283 47
182 286 29
183 188 22
183 199 23
183 221 29
183 239 42
183 244 26
183 270 26
183 278 39
183 280 19
183 293 11
183 297 14
184 198 1
184 201 19
184 218 19
184 232 33
184 235 16
184 255 46
184 280 11
184 298 4
185 190 50
185 193 36
185 194 36
185 220 46
185 222 18
185 236 38
185 239 48
185 279 25
185 290 7
185 294 26
185 297 40
186 219 3
186 235 6
186 282 14
187 189 27
187 200 36
187 204 5
187 222 3
187 240 12
187 243 43
187 286 23
188 209 24
188 249 9
188 264 23
188 288 42
188 299 27
189 198 6
189 218 8
189 220 24
189 235 16
189 248 13
190 260 23
190 262 4
190 287 48
191 210 21
191 219 23
191 249 37
191 266 18
191 293 48
192 220 43
192 227 45
192 233 37
192 246 48
193 214 2
193 219 50
193 286 26
193 290 38
194 216 6
194 259 28
194 288 1
194 289 1
194 298 3
195 227 24
196 200 9
196 206 25
196 217 17
196 229 37
196 243 32
196 253 24
196 297 12
197 212 50
197 222 36
197 233 37
197 240 3
197 258 35
197 259 7
197 272 25
198 240 22
198 260 24
198 278 22
199 212 16
199 216 19
199 280 11
199 291 13
199 298 20
200 220 12
200 223 39
200 265 9
200 278 18
200 285 18
200 291 11
201 202 20
201 208 20
201 251 36
201 254 28
201 260 47
201 269 3
201 271 16
201 294 28
202 247 28
202 255 27
202 270 29
202 279 16
203 226 13
204 288 31
205 256 2
205 274 19
205 276 8
205 282 25
205 295 43
207 209 31
207 251 41
207 256 13
207 259 41
207 277 5
207 297 34
208 230 5
208 238 45
208 243 43
208 248 22
208 272 13
208 276 5
208 287 43
209 211 34
209 232 41
209 236 20
209 284 32
210 240 45
210 266 37
210 292 10
211 255 22
211 281 13
212 214 40
212 242 39
212 266 26
212 272 21
212 289 41
213 218 46
213 241 30
213 279 15
214 237 38
214 242 10
214 260 7
214 263 2
214 271 3
214 297 12
215 222 36
215 241 7
215 270 6
216 226 30
216 237 30
216 246 20
216 249 34
216 267 22
216 289 6
216 299 26
217 219 43
217 235 37
217 238 20
217 242 29
217 245 48
217 266 44
217 288 41
218 233 38
218 249 32
218 275 18
218 276 10
218 284 22
219 249 14
219 251 39
219 265 39
219 274 3
220 230 48
220 261 45
220 264 5
220 269 2
220 290 8
221 222 40
221 227 8
221 230 16
221 253 19
221 261 37
221 282 35
222 230 4
222 234 8
222 238 42
222 239 30
222 261 2
222 265 29
222 281 49
222 299 30
223 245 26
223 254 42
223 263 21
223 280 15
224 233 26
224 247 40
224 269 24
224 280 49
224 295 3
225 262 12
225 264 37
225 271 6
225 295 12
226 279 34
227 235 10
227 258 13
227 261 41
227 290 1
228 234 23
228 275 6
228 286 19
229 273 9
229 283 43
229 284 24
230 231 19
230 238 34
230 266 3
230 270 20
231 234 12
231 264 2
231 273 2
231 275 40
231 279 45
232 249 24
232 262 6
232 265 20
232 280 13
232 290 30
232 292 21
233 263 18
233 277 43
234 266 7
235 276 23
236 270 6
236 285 40
236 299 34
237 263 21
238 244 33
238 253 36
239 253 43
239 283 38
239 291 4
240 248 3
240 250 32
240 297 29
241 256 21
241 273 16
241 284 32
242 247 43
242 254 29
242 258 35
242 280 46
242 294 20
242 295 29
243 253 19
243 274 26
243 279 1
243 285 31
244 246 5
245 261 21
245 279 50
245 284 49
245 286 29
245 289 22
245 294 5
245 295 21
246 262 7
246 268 25
247 250 3
247 262 42
247 274 17
247 279 42
247 288 47
247 289 19
247 291 26
248 251 26
248 270 42
248 276 41
248 295 9
248 298 36
249 276 21
249 279 43
249 281 31
249 283 43
249 292 23
250 261 49
253 269 18
253 278 25
254 296 31
255 277 24
255 288 47
256 269 31
256 294 24
256 295 26
257 264 4
257 274 28
257 294 48
258 264 13
258 278 4
259 272 50
260 275 6
260 286 22
260 287 43
261 294 3
262 266 43
263 269 18
263 275 30
263 292 34
264 288 10
265 268 38
265 269 21
265 294 33
268 280 30
268 287 1
271 293 25
272 288 4
272 297 1
273 298 44
274 279 29
274 284 33
275 280 17
275 287 25
275 294 15
277 279 40
278 292 2
278 298 19
278 299 20
281 285 49
281 290 33
283 285 25
283 288 50
283 297 38
284 292 47
285 294 43
286 287 42
286 294 39
287 290 12
289 294 23
289 297 24
291 299 24
296 298 10
300 314 5
300 320 9
300 325 17
300 344 30
300 355 36
300 373 6
300 381 43
300 406 11
300 462 9
300 492 28
300 494 29
300 510 21
300 569 39
301 424 45
301 446 27
301 461 34
301 462 30
301 480 41
301 553 5
302 316 40
302 359 48
302 366 28
302 414 20
302 444 50
302 458 43
302 544 34
302 566 22
302 576 35
302 592 42
302 595 7
303 316 38
303 348 46
303 357 15
303 412 4
303 426 25
303 436 2
303 442 11
303 448 19
303 458 14
303 487 21
303 500 46
303 541 43
303 561 41
303 569 36
303 570 37
303 586 20
303 596 22
304 354 18
304 368 10
304 374 26
304 384 7
304 390 9
304 393 4
304 422 29
304 442 9
304 466 48
304 490 12
304 512 32
304 577 32
304 581 3
304 590 38
304 595 19
305 370 50
305 393 3
305 414 24
305 434 24
305 479 6
305 483 36
305 488 44
305 499 20
305 503 7
305 517 42
305 550 12
305 562 49
305 568 27
305 569 50
306 310 18
306 360 50
306 403 18
306 406 30
306 466 26
306 471 26
306 476 38
306 501 31
306 517 4
306 529 48
306 534 28
306 544 17
306 553 30
306 595 9
306 596 19
307 317 17
307 326 30
307 332 18
307 334 21
307 348 5
307 355 43
307 361 27
307 364 41
307 371 39
307 375 46
307 420 49
307 424 32
307 446 9
307 458 49
307 464 8
307 479 8
307 507 17
307 513 10
307 520 27
307 527 48
307 533 35
307 543 3
307 547 37
307 580 17
308 310 8
308 336 35
308 356 44
308 360 25
308 442 16
308 449 4
308 458 45
308 464 34
308 479 33
308 509 15
308 519 7
308 540 40
308 552 9
309 330 33
309 338 30
309 369 47
309 424 30
309 447 30
309 465 28
309 475 40
309 483 28
309 521 38
309 524 47
309 570 44
309 574 47
309 578 26
309 595 43
309 599 33
310 318 28
310 336 30
310 337 49
310 352 37
310 353 16
310 392 44
310 400 11
310 413 31
310 453 47
310 456 8
310 473 14
310 478 32
310 496 22
310 517 22
310 549 23
310 556 30
310 564 4
310 595 2
311 339 29
311 344 35
311 373 31
311 375 8
311 415 24
311 491 8
311 571 45
311 572 23
311 592 4
312 325 43
312 333 48
312 335 48
312 418 25
312 424 27
312 471 27
312 487 25
312 489 13
312 504 44
312 508 20
312 519 24
312 549 26
312 550 19
312 590 31
313 330 42
313 342 2
313 349 4
313 352 13
313 357 24
313 360 33
313 375 17
313 383 27
313 385 11
313 414 3
313 448 7
313 452 19
313 470 27
313 484 16
313 513 15
313 522 1
313 546 21
313 547 10
313 550 48
313 566 21
313 587 36
314 319 24
314 369 47
314 401 11
314 403 36
314 408 43
314 426 32
314 451 11
314 490 18
314 542 50
314 551 43
314 567 9
314 572 1
315 319 46
315 334 22
315 335 24
315 372 31
315 392 40
315 394 50
315 417 43
315 436 42
315 439 8
315 464 13
315 481 20
315 485 26
315 533 28
315 535 20
315 537 46
315 540 39
316 327 17
316 349 18
316 357 24
316 366 40
316 368 15
316 381 36
316 396 28
316 433 9
316 439 18
316 479 40
316 486 26
316 513 17
316 535 33
316 540 35
316 592 18
317 346 28
317 410 8
317 426 43
317 442 8
317 460 47
317 489 43
317 504 1
317 535 38
317 540 2
317 547 15
317 571 8
317 598 27
318 324 42
318 339 27
318 426 25
318 506 30
318 535 46
318 539 42
318 563 6
318 592 37
318 593 8
318 594 41
318 595 14
319 346 16
319 356 8
319 439 4
319 459 44
319 475 25
319 493 38
319 514 30
319 539 44
320 343 15
320 356 37
320 391 38
320 401 25
320 428 33
320 430 32
320 439 27
320 441 22
320 467 34
320 472 41
320 500 29
320 505 12
320 520 35
320 521 8
320 579 38
320 586 16
321 333 3
321 355 30
321 390 21
321 439 39
321 450 39
321 466 12
321 488 5
321 493 7
321 539 21
321 546 10
321 554 2
322 330 45
322 378 47
322 390 31
322 426 40
322 462 11
322 525 17
322 527 28
322 531 37
322 543 1
322 557 9
323 330 15
323 341 22
323 358 44
323 361 6
323 385 3
323 416 6
323 459 42
323 483 12
323 492 43
323 500 7
323 511 14
323 529 24
323 587 28
323 588 4
324 339 15
324 367 41
324 386 8
324 388 21
324 395 11
324 431 19
324 473 22
324 484 8
324 503 15
324 510 4
324 517 47
324 523 28
324 540 20
324 546 26
324 578 14
325 353 22
325 390 37
325 440 29
325 442 45
325 460 32
325 477 36
325 480 49
325 493 37
325 524 27
325 531 10
325 538 32
325 547 33
325 564 23
325 580 7
326 340 12
326 361 29
326 385 21
326 406 2
326 408 38
326 416 43
326 470 15
326 498 7
326 520 16
326 525 22
326 538 21
326 546 19
326 555 20
326 577 50
326 595 40
327 363 48
327 366 16
327 383 11
327 397 34
327 398 46
327 410 8
327 418 17
327 465 31
327 478 6
327 529 6
327 533 9
327 559 16
327 584 37
327 589 43
328 364 40
328 410 45
328 438 7
328 456 18
328 459 16
328 468 10
328 479 6
328 521 10
328 549 24
328 596 14
329 331 26
329 349 45
329 353 36
329 386 44
329 395 17
329 427 36
329 433 34
329 445 14
329 454 3
329 467 46
329 479 49
329 482 48
329 526 3
329 558 15
329 571 30
329 583 9
330 359 20
330 363 38
330 367 24
330 414 8
330 452 32
330 545 15
330 585 3
331 334 38
331 411 33
331 434 20
331 435 48
331 436 40
331 452 31
331 473 23
331 484 5
331 491 6
331 530 18
331 548 40
331 577 2
331 595 34
332 334 27
332 344 37
332 347 49
332 382 29
332 385 32
332 388 47
332 396 28
332 403 37
332 438 13
332 455 7
332 457 45
332 471 33
332 489 46
332 533 20
332 565 42
332 593 30
332 594 34
333 367 46
333 415 17
333 435 18
333 440 15
333 446 16
333 447 9
333 451 46
333 456 39
333 478 13
333 536 3
333 587 8
333 594 5
334 340 4
334 413 43
334 414 31
334 431 42
334 439 43
334 441 12
334 453 24
334 499 39
334 504 41
334 521 10
334 545 1
334 555 48
334 557 6
334 569 35
334 573 45
334 588 27
334 591 27
335 362 24
335 370 12
335 371 22
335 373 43
335 384 30
335 407 39
335 427 10
335 430 40
335 441 36
335 450 50
335 505 3
335 534 40
335 544 9
335 557 7
335 566 44
335 585 3
336 338 39
336 360 35
336 374 45
336 380 50
336 386 10
336 387 33
336 432 41
336 452 21
336 512 36
336 514 40
336 543 28
336 578 22
336 585 36
337 338 6
337 356 50
337 376 12
337 405 18
337 489 22
337 522 6
337 570 49
337 574 12
337 587 15
337 599 38
338 348 47
338 368 17
338 370 42
338 373 38
338 380 25
338 403 48
338 421 33
338 428 28
338 435 37
338 459 20
338 472 24
338 513 38
338 545 29
338 548 7
338 552 30
338 562 2
338 573 44
338 588 21
339 349 31
339 366 15
339 376 7
339 386 37
339 391 17
339 398 20
339 406 6
339 434 38
339 440 25
339 442 4
339 484 1
339 493 41
339 498 43
339 541 49
339 555 9
339 557 35
339 577 36
339 586 36
339 595 34
340 357 19
340 369 13
340 385 22
340 388 38
340 393 38
340 396 10
340 486 18
340 491 44
340 524 41
340 525 19
340 527 39
340 541 12
340 542 50
341 342 6
341 373 20
341 396 36
341 407 22
341 414 39
341 429 41
341 449 11
341 469 15
341 485 46
341 495 11
341 519 7
341 540 40
341 582 11
342 348 16
342 361 26
342 367 46
342 426 1
342 481 10
342 491 16
342 523 15
342 540 31
342 586 3
343 364 2
343 382 42
343 389 21
343 399 48
343 405 33
343 414 41
343 433 36
343 455 44
343 484 42
343 505 43
343 517 15
343 518 27
343 530 14
343 573 5
343 581 19
344 355 24
344 359 19
344 364 16
344 380 36
344 419 27
344 446 8
344 488 46
344 492 42
344 508 33
344 530 44
344 554 44
344 575 42
345 348 9
345 373 10
345 378 25
345 402 12
345 417 12
345 432 16
345 442 34
345 475 11
345 514 48
345 529 24
345 570 48
345 571 43
345 587 16
346 392 41
346 404 7
346 408 44
346 417 6
346 441 13
346 453 15
346 478 32
346 516 33
346 522 32
346 580 19
346 585 10
346 594 39
347 365 15
347 387 3
347 401 22
347 406 8
347 432 47
347 439 15
347 460 18
347 477 6
347 484 39
347 516 29
347 537 19
347 565 5
347 573 14
348 353 29
348 368 4
348 401 40
348 402 29
348 425 47
348 449 7
348 475 19
348 520 5
348 527 2
348 560 26
348 573 18
348 592 18
348 596 7
349 353 2
349 373 50
349 376 26
349 377 11
349 378 40
349 386 42
349 389 14
349 390 13
349 412 1
349 439 12
349 460 28
349 490 18
349 496 17
349 524 18
349 545 49
349 561 38
349 577 24
350 361 12
350 386 18
350 422 28
350 424 3
350 431 46
350 456 26
350 464 9
350 477 16
350 483 32
350 493 11
350 500 42
350 503 1
350 535 30
350 536 50
350 548 3
350 588 29
351 353 25
351 354 13
351 365 21
351 382 18
351 419 26
351 420 33
351 447 18
351 451 39
351 453 12
351 455 36
351 459 6
351 487 30
351 493 36
351 524 45
351 553 3
351 558 49
351 559 12
352 400 32
352 433 2
352 447 10
352 469 7
352 493 12
352 518 25
352 524 39
352 548 24
352 550 18
352 551 39
352 562 4
352 568 18
352 577 41
352 583 34
352 590 44
353 377 6
353 414 4
353 418 12
353 428 33
353 435 37
353 458 31
353 459 22
353 469 48
353 475 18
353 487 29
353 582 29
353 595 3
354 356 23
354 393 32
354 413 2
354 423 36
354 427 13
354 462 5
354 464 45
354 513 22
354 522 16
354 529 22
354 539 12
354 581 42
355 364 39
355 368 50
355 369 45
355 378 8
355 393 43
355 395 28
355 421 4
355 434 48
355 460 32
355 498 15
355 526 32
356 365 20
356 415 47
356 428 3
356 430 19
356 533 15
356 538 31
356 550 48
356 561 17
356 567 3
357 375 31
357 384 20
357 417 39
357 434 45
357 454 24
357 455 35
357 480 18
357 510 42
357 512 6
357 548 29
357 566 33
357 594 47
358 415 31
358 489 29
358 524 6
358 580 23
359 386 8
359 399 9
359 401 22
359 408 39
359 422 25
359 459 3
359 532 10
359 559 22
359 564 6
359 596 31
360 369 36
360 395 38
360 431 30
360 556 4
360 576 41
360 581 10
361 371 24
361 440 31
361 496 6
361 508 49
361 542 17
361 544 24
361 558 42
361 582 25
361 589 2
362 372 24
362 374 23
362 380 32
362 449 4
362 453 28
362 468 6
362 499 12
362 505 39
362 527 29
362 537 2
362 539 13
362 544 32
363 380 12
363 388 36
363 421 39
363 521 44
363 533 23
363 540 26
363 555 23
363 584 27
363 588 18
364 414 34
364 426 2
364 474 50
364 487 39
364 488 50
364 509 17
364 535 14
364 538 42
364 549 41
364 551 18
364 580 17
365 371 13
365 379 1
365 406 21
365 407 42
365 450 7
365 478 32
365 485 30
365 489 35
365 492 35
365 500 43
365 536 18
365 538 46
365 543 30
365 551 8
365 559 41
365 589 3
366 406 34
366 436 13
366 445 29
366 447 3
366 448 46
366 459 30
366 464 3
366 497 37
366 529 29
366 556 21
366 576 50
367 414 22
367 425 11
367 439 17
367 442 39
367 524 25
367 550 18
367 571 11
367 573 18
367 588 26
368 399 44
368 450 48
368 490 10
368 500 28
368 512 42
368 526 30
368 536 26
368 565 21
368 589 37
369 395 16
369 427 23
369 434 22
369 441 29
369 473 1
369 479 25
369 497 24
369 552 32
369 566 29
370 394 10
370 428 13
370 432 49
370 454 12
370 463 34
370 485 11
370 513 28
370 559 24
370 563 35
370 569 47
371 381 34
371 392 2
371 480 22
371 481 27
371 507 1
371 520 34
371 541 7
371 564 42
371 595 15
372 381 32
372 407 13
372 416 1
372 444 47
372 462 37
372 476 25
372 484 25
372 488 40
372 491 49
372 551 1
372 561 21
372 572 27
372 597 12
372 598 33
373 386 27
373 398 23
373 435 19
373 472 37
373 519 3
373 544 42
373 565 21
373 577 49
373 585 28
374 378 24
374 436 23
374 451 6
374 469 25
374 486 6
374 496 12
374 498 18
374 509 22
374 511 45
374 515 30
374 527 22
374 533 42
374 540 19
374 553 46
374 555 16
374 556 8
374 566 46
374 571 18
375 406 28
375 408 24
375 413 32
375 414 13
375 424 50
375 429 4
375 505 31
375 525 36
375 540 8
375 575 24
376 390 8
376 401 9
376 402 3
376 430 34
376 450 31
376 451 11
376 469 8
376 493 38
376 520 24
376 525 25
376 534 11
376 541 19
376 554 7
376 560 32
376 571 10
376 581 25
376 592 30
377 438 27
377 464 34
377 467 27
377 487 47
377 496 11
377 541 3
377 542 28
377 561 25
377 563 2
378 434 33
378 447 5
378 519 40
378 521 41
378 531 31
378 541 49
378 565 1
378 588 35
378 596 32
379 382 33
379 392 45
379 468 39
379 470 22
379 502 21
379 504 16
380 434 32
380 442 39
380 448 24
380 483 13
380 543 50
380 585 50
381 424 44
381 435 26
381 443 33
381 458 23
381 460 22
381 472 45
381 475 25
381 543 49
381 550 20
381 598 28
382 387 32
382 390 26
382 398 19
382 399 24
382 437 6
382 442 18
382 444 24
382 457 43
382 514 49
382 532 6
382 571 39
382 581 40
382 589 27
383 387 9
383 394 5
383 407 8
383 418 47
383 473 30
383 493 22
383 523 46
383 525 31
383 586 18
384 393 24
384 409 13
384 435 42
384 441 47
384 454 7
384 480 16
384 488 48
384 499 28
384 502 45
384 510 31
384 520 4
384 521 14
384 536 4
384 574 11
384 596 31
385 413 29
385 416 3
385 434 29
385 437 36
385 508 42
385 522 18
385 534 14
385 545 50
386 405 24
386 427 23
386 459 49
386 477 3
386 478 46
386 484 46
386 522 35
386 524 13
386 527 21
386 537 47
386 559 4
386 578 18
387 388 6
387 411 21
387 428 15
387 450 33
387 471 16
387 523 45
387 554 36
387 564 31
387 587 50
388 421 47
388 441 11
388 451 30
388 452 1
388 479 41
388 483 15
388 485 42
388 495 11
388 510 28
388 526 44
388 534 34
388 539 50
388 557 44
388 562 39
388 585 45
388 586 39
389 397 23
389 407 10
389 435 10
389 436 22
389 459 15
389 470 29
389 506 27
389 544 36
389 597 43
390 401 11
390 429 3
390 449 39
390 473 49
390 482 35
390 490 40
390 501 47
390 523 45
390 527 19
390 543 47
390 559 37
391 416 33
391 463 41
391 478 47
391 547 12
392 401 36
392 426 31
392 439 11
392 481 29
392 498 21
392 505 7
392 519 19
392 528 43
392 551 16
392 568 30
392 569 16
392 589 33
392 593 8
392 597 44
393 403 20
393 408 2
393 414 5
393 424 22
393 487 42
393 501 5
393 520 8
393 530 31
393 578 1
393 583 2
393 593 1
394 400 49
394 457 40
394 466 35
394 504 41
394 515 37
394 537 46
394 570 26
395 399 19
395 428 8
395 430 6
395 446 39
395 461 17
395 466 27
395 496 33
395 513 34
395 528 8
395 534 49
395 535 16
395 538 16
395 568 42
395 596 35
396 403 19
396 413 48
396 426 8
396 434 13
396 510 2
396 526 15
396 529 45
396 537 4
396 552 18
396 557 46
396 568 5
396 597 10
397 412 32
397 421 45
397 458 46
397 484 30
397 492 23
397 494 14
397 500 37
397 517 30
397 538 4
397 540 5
397 555 6
398 421 36
398 424 39
398 451 14
398 514 36
398 515 6
398 547 31
399 402 30
399 448 43
399 460 1
399 499 27
399 500 50
399 504 15
399 538 31
399 539 17
399 553 10
399 559 34
400 441 36
400 442 7
400 467 40
400 486 45
400 538 38
400 543 35
401 412 40
401 426 17
401 430 9
401 474 5
401 481 6
401 495 40
401 499 10
401 502 12
401 521 46
401 550 46
401 576 50
401 578 11
401 581 33
401 583 6
401 585 43
402 418 12
402 421 48
402 435 45
402 450 41
402 481 49
402 485 10
402 486 21
402 522 17
402 550 21
402 562 6
402 573 3
402 582 27
402 594 46
403 445 49
403 447 16
403 452 32
403 478 41
403 491 35
403 519 42
403 536 45
403 555 42
403 562 31
403 573 5
403 592 3
404 407 26
404 410 2
404 432 5
404 441 38
404 479 34
404 496 12
404 594 32
405 406 48
405 425 11
405 426 29
405 463 38
405 474 9
405 539 38
405 549 10
405 555 28
406 455 10
406 507 15
406 516 30
406 527 36
406 546 12
407 411 30
407 426 3
407 435 43
407 446 20
407 451 37
407 453 34
407 529 15
408 422 30
408 430 15
408 505 21
408 517 33
408 571 42
408 584 24
409 418 37
409 425 32
409 430 9
409 455 48
409 486 15
409 491 6
409 492 8
409 517 43
409 555 45
409 566 18
409 583 32
410 416 4
410 425 45
410 470 41
410 488 19
410 496 26
410 510 28
410 559 32
411 458 6
411 460 31
411 468 25
411 470 25
411 483 19
411 486 10
411 491 41
411 497 49
411 499 26
411 534 13
411 539 33
411 548 20
411 569 36
411 578 19
412 487 3
412 513 45
412 530 18
412 546 17
412 547 2
412 555 27
412 563 10
412 571 47
413 450 44
413 473 41
413 511 50
413 533 41
413 538 34
413 567 20
413 590 16
414 415 11
414 436 2
414 451 23
414 453 41
414 479 28
414 483 50
414 485 10
414 505 39
414 520 40
414 533 10
414 535 15
414 582 3
415 444 42
415 490 36
415 494 40
415 496 12
415 516 38
415 526 34
415 565 31
416 474 4
416 503 38
416 528 7
416 545 15
416 577 34
417 425 2
417 426 8
417 477 33
417 495 42
417 519 41
417 524 5
417 557 10
417 564 1
417 574 6
417 577 34
417 590 42
418 426 35
418 436 33
418 442 3
418 459 23
418 469 25
418 477 14
418 489 39
418 493 29
418 504 7
418 541 24
418 556 18
418 573 18
418 579 11
418 589 4
419 439 48
419 467 17
419 493 41
419 508 6
419 523 31
419 530 26
419 537 7
419 540 38
419 551 10
420 435 1
420 437 30
420 468 14
420 485 12
420 497 31
420 519 21
420 557 47
420 560 24
420 564 5
420 571 30
420 582 28
420 583 30
421 436 4
421 462 41
421 473 18
421 481 34
421 483 47
421 497 42
421 501 1
421 506 16
421 518 4
421 528 6
421 532 15
421 553 20
421 572 46
421 588 20
421 590 3
422 427 21
422 451 28
422 491 42
422 492 31
422 493 30
422 524 22
422 525 46
422 527 41
422 544 4
422 556 17
422 564 38
422 571 27
422 590 23
422 595 19
422 599 6
423 486 2
423 501 24
423 531 46
423 541 20
423 552 7
423 553 44
423 560 13
424 448 9
424 495 11
424 519 16
424 534 15
424 550 25
424 571 38
424 585 10
424 589 46
425 475 40
425 483 33
425 495 25
425 500 31
425 529 15
425 539 5
425 584 2
426 492 10
426 499 47
426 522 5
426 525 26
426 532 36
426 535 33
426 549 49
426 551 4
426 574 38
426 575 2
426 593 29
427 461 35
427 467 23
427 472 35
427 486 30
427 491 35
427 504 46
427 533 40
427 573 3
427 583 10
428 444 16
428 458 40
428 490 19
428 502 11
428 548 29
428 573 3
428 575 36
428 599 9
429 466 17
429 474 40
429 532 13
429 544 27
429 556 38
430 454 19
430 459 4
430 488 24
430 494 2
430 507 4
430 560 29
430 561 41
430 584 6
430 593 8
431 441 26
431 491 28
431 513 44
431 531 5
431 538 15
431 545 39
431 555 47
431 586 17
431 593 48
432 434 12
432 447 6
432 521 19
432 588 23
433 466 34
433 478 23
433 495 10
433 509 44
433 541 40
433 547 1
433 554 8
433 579 18
433 586 38
434 474 27
434 501 21
434 503 11
434 512 30
434 515 27
434 553 40
434 557 20
434 582 34
435 440 49
435 470 47
435 486 13
435 508 42
435 552 4
435 558 27
435 565 33
435 567 50
436 442 45
436 446 30
436 465 13
436 472 50
436 474 50
436 503 35
436 536 35
436 564 23
437 454 46
437 476 31
437 500 12
437 530 46
437 545 38
437 548 31
437 578 34
437 587 14
438 447 3
438 449 44
438 453 45
438 482 29
438 509 35
438 526 17
438 532 12
438 541 33
438 561 13
438 564 27
438 571 25
439 481 18
439 486 3
439 499 7
439 506 19
439 531 48
439 535 38
439 556 32
439 589 49
439 596 38
440 449 18
440 490 36
440 496 12
440 518 14
440 541 16
440 554 25
441 474 9
441 475 3
441 478 5
441 510 42
441 571 19
441 573 7
441 575 38
441 589 13
442 501 38
442 504 22
442 519 29
442 528 1
442 536 7
442 580 44
442 582 27
442 595 33
443 452 13
443 459 32
443 477 41
443 481 32
443 488 31
443 499 28
443 536 13
443 550 31
443 551 17
443 565 32
443 581 16
443 588 28
444 456 45
444 495 33
444 499 2
444 509 6
444 512 38
444 566 8
444 582 49
445 503 6
445 554 17
445 563 36
445 573 20
445 578 6
446 461 10
446 462 1
446 474 6
446 476 16
446 487 46
446 488 35
446 516 50
446 525 8
446 535 18
446 570 40
446 597 39
447 464 48
447 468 19
447 505 3
447 534 30
448 461 36
448 486 35
448 513 46
448 523 15
448 538 31
448 555 28
448 563 19
448 588 36
448 599 17
449 481 26
449 530 35
449 574 24
449 585 44
449 599 22
450 453 44
450 484 49
450 503 33
450 518 46
450 535 7
450 542 50
450 543 41
450 566 43
450 569 49
450 579 50
451 501 10
451 518 38
451 525 39
452 462 9
452 481 7
452 484 43
452 485 38
452 530 44
452 538 29
452 582 33
453 459 8
453 472 10
453 479 13
453 502 28
453 509 47
453 511 29
453 525 6
453 548 33
453 572 3
453 586 49
453 591 5
454 479 48
454 486 50
454 493 37
454 503 43
454 524 6
454 536 37
454 537 35
454 572 48
454 575 37
454 595 34
454 596 7
455 480 25
455 483 24
455 515 15
455 534 33
455 538 19
455 544 2
455 567 26
455 569 47
455 570 37
456 460 33
456 479 8
456 482 1
456 495 11
456 500 7
456 514 31
456 530 18
456 583 39
457 464 35
457 481 16
457 500 45
457 523 32
457 562 15
457 569 34
457 570 26
457 594 22
457 597 22
458 479 12
458 487 19
458 541 8
458 562 48
458 569 27
459 461 32
459 483 21
459 487 43
459 488 14
459 497 41
459 510 47
459 517 39
459 539 38
459 540 35
459 559 24
459 568 47
459 574 35
459 582 36
460 489 3
460 544 17
460 562 3
460 573 44
461 558 2
461 571 20
461 584 38
461 596 35
462 485 37
462 511 21
462 545 13
462 551 8
462 597 42
463 473 24
463 478 29
463 501 2
463 502 21
463 524 7
463 555 33
463 591 44
463 596 50
464 504 49
464 520 34
464 522 48
464 531 39
464 542 23
464 554 34
464 587 12
464 596 20
465 473 20
465 479 49
465 489 24
465 505 36
465 546 3
465 549 19
465 594 39
466 526 23
466 530 7
466 566 24
466 580 9
467 469 29
467 481 36
467 516 18
467 532 23
467 549 11
468 472 46
468 485 24
468 493 34
468 515 3
468 526 8
468 539 27
468 552 4
468 566 6
468 576 12
469 481 3
469 491 45
469 493 37
469 497 36
469 526 8
469 546 6
469 578 5
469 587 9
471 484 31
471 531 42
471 570 11
471 596 50
472 493 31
472 507 35
472 511 8
472 535 4
472 540 45
472 567 38
472 572 41
472 585 13
473 475 10
473 481 3
473 484 8
473 500 35
473 512 36
473 520 12
473 532 45
473 583 14
473 593 15
474 489 50
474 497 28
474 511 19
474 541 46
474 565 14
474 566 4
474 594 6
475 500 21
475 505 10
475 517 16
475 581 1
475 590 2
476 484 28
476 501 2
476 536 32
476 542 13
476 554 9
476 570 37
476 575 9
476 589 49
476 593 29
477 510 23
477 545 8
478 483 31
478 533 31
478 539 45
478 579 17
479 488 44
479 505 39
479 581 32
480 494 11
480 505 40
480 513 9
480 548 29
480 574 36
480 578 22
480 581 33
481 487 43
481 511 42
481 512 42
481 523 8
481 528 45
481 556 45
481 580 35
481 584 46
481 585 26
482 489 49
482 496 7
482 521 12
482 526 8
482 543 5
482 544 40
482 547 30
482 548 14
482 573 23
482 578 12
482 585 10
482 587 41
483 484 8
483 486 48
483 489 22
483 498 18
483 502 38
483 503 31
483 547 48
483 560 25
483 582 4
483 596 30
484 487 19
484 489 48
484 517 24
484 520 26
484 526 42
484 531 18
484 539 12
484 551 39
484 554 46
484 558 11
484 599 45
485 489 9
485 519 20
485 531 1
485 532 1
485 551 1
485 568 17
485 572 23
485 587 15
486 521 26
486 533 13
486 561 22
486 588 24
487 508 36
487 512 41
487 529 13
487 536 16
487 540 38
487 548 39
487 587 22
488 503 20
488 510 7
488 547 19
489 500 45
489 508 32
489 550 10
489 567 14
489 568 45
490 504 48
490 507 9
490 519 7
490 539 45
490 546 18
491 523 28
491 533 47
491 536 20
491 549 29
491 587 13
492 501 42
492 509 45
492 540 39
492 569 6
492 593 18
493 528 12
493 540 41
493 541 10
493 564 26
493 569 9
493 581 47
493 593 14
494 515 30
494 517 18
494 525 20
494 547 48
494 551 12
494 582 3
494 587 9
495 505 26
495 508 47
495 533 8
495 549 34
495 565 6
496 521 4
496 543 3
496 570 33
496 587 1
497 555 22
497 561 13
497 572 13
497 592 15
498 525 7
498 551 1
498 561 22
498 573 26
498 582 14
499 530 13
499 534 35
499 539 39
499 548 21
499 552 34
499 573 2
499 580 2
499 591 1
500 571 21
500 578 1
500 586 15
501 529 25
501 559 9
501 582 40
502 505 22
502 507 18
502 521 25
502 536 27
502 539 22
502 582 30
502 584 11
502 596 22
503 520 3
503 527 24
503 536 36
503 561 20
504 506 32
504 580 37
505 525 41
505 527 8
505 547 2
505 549 3
505 556 44
505 568 41
505 589 25
506 514 27
506 531 44
506 569 26
506 579 30
506 590 15
507 526 26
507 585 44
507 588 41
508 522 36
508 531 35
508 555 12
508 572 4
508 594 11
509 525 40
509 548 25
509 554 40
509 560 1
509 562 48
509 572 45
510 525 26
510 527 33
510 553 14
510 570 7
510 587 21
511 562 4
511 599 16
512 533 23
512 534 9
512 541 12
512 549 15
512 581 33
513 551 40
513 558 8
513 569 11
514 518 19
514 524 24
514 525 38
514 536 14
514 590 15
515 540 24
515 559 50
515 569 26
515 571 29
515 572 11
515 577 18
515 597 3
516 544 2
516 551 20
516 583 2
516 598 46
517 524 45
517 528 34
517 543 9
517 579 3
517 581 7
518 521 15
518 548 21
519 557 29
519 589 23
520 581 32
520 590 43
521 543 7
521 546 21
521 579 50
521 581 17
521 586 42
521 599 24
522 564 7
522 590 7
522 591 40
523 533 30
523 537 9
523 545 17
523 589 8
524 549 19
524 572 34
524 593 12
525 554 22
526 535 3
526 565 13
526 576 18
527 554 49
527 563 48
527 564 28
527 572 4
527 577 4
527 584 42
527 593 24
528 544 34
528 549 16
528 553 7
528 563 26
528 568 25
528 570 27
528 584 28
528 588 41
529 540 20
529 581 3
529 591 49
530 569 29
530 582 42
531 537 28
531 548 37
531 586 8
532 559 37
532 581 7
533 566 44
534 541 48
534 547 28
534 591 48
535 539 12
535 543 47
535 548 47
535 560 12
535 565 27
535 567 2
535 577 15
536 539 20
536 547 25
536 578 1
536 588 36
537 539 31
537 570 28
537 576 10
537 597 9
538 550 5
538 558 2
538 562 31
538 564 9
538 574 1
538 576 11
538 596 2
539 541 30
539 544 47
539 555 10
539 578 17
539 584 5
540 549 3
540 551 16
540 563 34
540 581 2
540 585 28
540 588 33
541 563 48
541 575 39
541 580 9
541 593 49
542 560 5
542 562 28
542 573 25
542 587 5
543 546 15
544 548 7
544 569 33
544 573 24
544 580 16
544 581 39
545 561 28
546 549 46
546 553 50
546 579 30
546 585 8
547 553 1
547 567 9
547 583 4
548 549 10
549 552 27
549 557 10
549 567 14
549 588 43
551 556 43
551 578 16
552 585 20
552 587 25
553 562 15
553 591 10
554 586 35
555 559 16
555 563 14
556 582 13
557 570 40
557 589 21
558 574 27
558 587 47
559 580 5
559 583 3
560 577 14
561 567 43
561 582 32
562 565 11
562 567 42
563 568 11
564 567 18
564 571 45
564 592 21
564 596 23
565 572 4
565 590 50
566 595 32
568 583 20
569 572 42
570 577 26
570 593 35
570 595 13
571 580 3
571 599 1
573 584 24
574 578 39
574 588 16
576 591 39
576 596 1
579 592 8
580 582 9
582 596 30
583 588 6
583 590 13
584 586 32
584 591 21
585 595 8
586 588 15
586 592 31
588 598 1
591 597 27
592 595 50
595 596 45
600 299 28
601 599 16
600 601 44
602 625 12
602 649 22
602 658 25
602 687 5
602 692 12
602 749 3
602 755 14
602 759 4
602 818 24
602 822 3
602 831 1
602 833 17
602 885 5
603 617 19
603 618 24
603 641 14
603 675 6
603 686 3
603 714 9
603 716 10
603 742 20
603 756 15
603 764 6
603 789 6
603 814 25
603 836 9
603 838 8
603 839 11
603 843 23
603 874 24
603 885 16
603 892 11
604 628 23
604 709 15
604 713 15
604 720 11
604 723 20
604 757 3
604 768 16
604 793 18
604 807 8
604 808 16
604 819 11
604 829 12
604 837 12
604 838 9
604 839 2
604 856 19
605 627 12
605 682 10
605 683 4
605 691 8
605 757 1
605 783 9
605 823 13
605 825 1
605 892 20
606 619 23
606 666 13
606 681 17
606 696 23
606 716 4
606 722 2
606 726 22
606 765 20
606 772 17
606 847 9
606 869 14
606 876 21
606 879 25
606 882 8
606 890 5
606 899 17
607 612 20
607 618 16
607 688 3
607 704 6
607 707 17
607 712 22
607 750 17
607 836 4
607 872 2
607 891 1
607 900 4
608 613 12
608 622 15
608 639 6
608 647 6
608 653 12
608 672 21
608 714 22
608 749 12
608 756 1
608 805 1
608 824 8
608 891 20
609 622 19
609 632 19
609 641 11
609 651 14
609 681 18
609 744 20
609 755 19
609 801 11
609 821 15
609 835 11
609 873 14
610 612 20
610 618 5
610 625 12
610 644 13
610 653 8
610 657 15
610 699 15
610 727 13
610 732 1
610 746 4
610 759 21
610 809 7
610 810 18
610 841 16
610 843 5
610 873 6
611 632 16
611 665 5
611 671 13
611 679 12
611 696 23
611 730 8
611 748 22
611 759 14
611 771 25
611 783 19
611 785 9
611 787 13
611 790 8
611 792 19
611 812 3
611 871 4
612 648 25
612 701 14
612 741 18
612 752 9
612 757 5
612 812 7
612 821 22
612 827 5
612 829 10
612 834 19
612 849 11
612 858 4
612 867 11
612 875 18
612 888 9
612 895 3
613 656 22
613 680 24
613 734 14
613 745 22
613 776 6
613 780 13
613 794 12
613 795 8
613 804 6
613 808 20
613 820 20
613 835 15
613 873 15
613 880 22
613 886 20
613 896 15
613 898 12
614 621 12
614 625 23
614 663 16
614 669 18
614 713 21
614 722 22
614 771 4
614 787 16
614 803 8
614 805 10
614 852 1
614 858 2
614 887 18
614 893 3
614 894 23
615 617 18
615 646 19
615 723 21
615 772 1
615 790 6
615 859 7
615 872 8
615 878 13
616 660 1
616 666 4
616 677 2
616 700 16
616 703 2
616 716 21
616 743 7
616 749 15
616 776 7
616 783 6
616 795 5
616 815 1
616 821 4
616 833 1
616 840 4
616 844 19
616 866 10
616 876 13
617 630 22
617 637 11
617 638 8
617 644 1
617 647 11
617 648 2
617 663 19
617 672 6
617 767 2
617 813 24
617 889 15
618 638 11
618 651 11
618 667 15
618 672 14
618 692 14
618 707 7
618 714 15
618 787 11
618 802 15
618 860 6
618 862 19
619 621 21
619 670 10
619 676 19
619 679 1
619 727 13
619 764 25
619 772 21
619 773 24
619 800 14
619 856 17
619 886 12
619 898 23
620 650 18
620 717 24
620 731 25
620 758 13
620 839 6
620 856 1
620 892 12
620 893 20
620 897 12
621 663 24
621 669 12
621 674 2
621 682 15
621 690 18
621 697 19
621 717 25
621 771 10
621 776 24
621 811 21
621 824 5
621 829 11
621 860 14
621 861 7
621 878 23
621 892 15
622 697 2
622 718 23
622 737 6
622 771 21
622 787 11
622 834 3
622 839 15
622 847 9
622 867 2
622 877 2
622 884 15
622 885 5
622 889 15
623 650 9
623 704 16
623 741 14
623 750 20
623 764 17
623 779 5
623 793 15
623 809 12
623 817 6
623 822 24
623 830 11
623 849 1
623 856 5
623 879 21
624 628 17
624 637 11
624 661 20
624 670 6
624 672 14
624 710 19
624 713 11
624 722 9
624 737 5
624 757 14
624 815 23
624 823 13
625 626 17
625 630 25
625 635 4
625 636 21
625 697 14
625 710 13
625 714 13
625 761 4
625 783 9
625 802 7
625 874 8
625 896 23
626 644 18
626 665 14
626 667 23
626 671 3
626 695 16
626 697 4
626 738 25
626 772 7
626 837 14
626 853 21
626 855 15
626 863 3
627 639 15
627 653 2
627 668 13
627 725 21
627 730 17
627 770 11
627 786 10
627 808 9
627 809 12
627 842 14
627 868 4
627 870 2
628 642 1
628 645 19
628 655 6
628 662 11
628 709 25
628 797 15
628 834 11
628 848 17
628 858 5
628 873 8
628 886 22
628 895 21
628 899 12
629 672 23
629 679 4
629 701 2
629 710 19
629 712 18
629 713 6
629 719 10
629 743 20
629 744 19
629 758 7
629 760 11
629 772 6
629 774 16
629 783 21
629 816 17
629 843 4
629 862 25
630 639 20
630 645 6
630 671 18
630 675 25
630 710 17
630 724 19
630 731 17
630 749 2
630 833 10
630 864 23
631 632 11
631 633 8
631 639 18
631 673 22
631 682 6
631 712 22
631 714 1
631 715 1
631 718 16
631 721 6
631 731 10
631 733 12
631 755 1
631 759 18
631 763 23
631 770 6
631 792 8
631 846 18
631 850 24
631 853 12
631 855 19
631 901 19
632 668 19
632 669 13
632 774 20
632 788 10
632 832 6
632 843 11
632 854 13
632 872 18
632 888 9
632 893 24
633 647 25
633 648 3
633 650 22
633 661 5
633 664 1
633 685 24
633 762 7
633 774 19
633 781 5
633 787 18
633 790 5
633 841 5
633 851 10
633 862 2
633 866 13
633 900 18
634 640 22
634 666 11
634 687 6
634 714 17
634 754 6
634 758 24
634 776 5
634 780 1
634 790 11
634 804 12
634 870 13
634 885 23
635 655 6
635 672 23
635 685 23
635 704 6
635 714 3
635 760 22
635 773 12
635 777 3
635 784 20
635 798 19
635 805 23
635 807 24
635 813 11
635 818 3
635 824 6
635 830 23
635 836 6
635 882 18
635 888 15
635 891 2
635 901 5
636 677 22
636 678 21
636 682 11
636 705 20
636 712 2
636 762 11
636 768 5
636 772 13
636 790 25
636 797 5
636 799 21
636 812 23
636 834 4
636 860 1
637 656 25
637 659 25
637 670 14
637 688 4
637 752 20
637 758 9
637 773 2
637 811 20
637 820 22
637 825 4
637 880 2
637 886 19
637 890 9
637 894 21
638 648 8
638 674 13
638 692 1
638 706 4
638 716 8
638 761 13
638 774 25
638 787 11
638 793 23
638 835 7
639 677 25
639 685 24
639 691 13
639 719 20
639 734 21
639 739 16
639 740 20
639 743 22
639 757 16
639 783 11
639 789 1
639 801 12
639 821 19
639 827 4
639 859 6
639 860 15
639 861 7
639 865 8
640 689 8
640 706 17
640 707 3
640 708 17
640 719 6
640 726 5
640 759 22
640 789 15
640 812 17
640 819 24
640 892 25
641 643 16
641 669 7
641 698 25
641 702 15
641 725 19
641 727 19
641 782 12
641 783 9
641 835 16
641 851 9
641 871 1
641 873 3
642 647 11
642 649 12
642 677 21
642 686 14
642 691 18
642 714 13
642 732 22
642 748 2
642 765 22
642 769 13
642 770 6
642 801 16
642 870 21
642 884 11
642 887 14
643 653 10
643 664 4
643 683 12
643 709 12
643 727 20
643 786 18
643 806 11
643 811 11
643 823 13
643 860 6
643 869 22
643 894 22
644 653 23
644 667 7
644 671 22
644 687 25
644 709 17
644 743 11
644 768 23
644 784 5
644 805 5
644 813 12
644 819 1
644 872 6
645 676 8
645 702 16
645 751 13
645 757 25
645 785 11
645 827 23
645 841 14
645 842 22
645 853 2
645 858 2
645 877 8
645 882 23
645 891 22
645 896 20
646 660 8
646 661 9
646 663 3
646 668 4
646 671 5
646 697 2
646 699 11
646 717 4
646 732 2
646 756 4
646 793 14
646 798 1
646 831 9
646 850 18
646 875 12
646 878 11
647 659 25
647 664 19
647 680 3
647 689 12
647 691 19
647 695 15
647 742 12
647 751 9
647 770 12
647 785 15
647 802 10
647 813 21
647 815 12
647 843 6
647 894 18
648 657 19
648 708 15
648 710 20
648 712 24
648 741 21
648 767 21
648 782 11
648 819 1
648 828 24
648 843 15
648 844 16
648 898 24
649 650 25
649 689 8
649 720 10
649 745 10
649 769 9
649 810 6
649 821 15
649 844 23
649 889 1
649 895 4
650 658 9
650 674 9
650 699 15
650 719 23
650 736 20
650 754 11
650 761 11
650 775 1
650 859 5
650 900 6
651 654 17
651 678 24
651 718 4
651 753 14
651 766 21
651 782 15
651 860 15
651 867 20
651 873 4
651 875 5
651 884 20
651 887 3
651 891 15
651 898 5
652 682 14
652 683 23
652 720 12
652 724 3
652 730 20
652 756 14
652 761 7
652 764 5
652 765 24
652 808 23
652 855 4
652 857 18
652 858 10
652 871 14
652 883 20
652 897 14
652 898 19
653 698 13
653 714 12
653 723 25
653 742 2
653 850 10
653 851 14
653 856 16
653 872 4
653 881 19
654 703 20
654 713 23
654 727 23
654 817 9
654 836 4
654 852 11
654 881 9
655 656 17
655 676 16
655 702 5
655 708 5
655 716 24
655 720 12
655 725 5
655 730 21
655 738 15
655 745 25
655 747 6
655 760 6
655 767 19
655 778 19
655 785 1
655 813 9
655 818 8
655 842 25
655 890 10
655 892 17
655 895 13
656 662 25
656 707 22
656 717 8
656 730 21
656 743 19
656 756 5
656 780 7
656 801 25
656 827 18
656 870 17
656 882 18
656 901 8
657 714 23
657 722 23
657 752 8
657 769 9
657 775 4
657 809 3
657 816 1
657 847 3
657 860 10
657 879 6
658 670 22
658 673 6
658 706 6
658 742 7
658 793 13
658 796 6
658 797 16
658 824 6
658 830 20
658 839 17
658 862 2
658 866 3
659 708 14
659 750 22
659 752 9
659 757 20
659 763 23
659 845 3
659 852 13
659 888 16
660 685 10
660 735 11
660 753 15
660 759 19
660 760 19
660 766 18
660 768 22
660 774 21
660 851 21
660 856 6
660 867 1
660 887 19
660 895 11
660 900 9
661 714 25
661 715 25
661 746 16
661 765 15
661 851 5
661 857 10
661 882 8
662 694 8
662 707 14
662 710 21
662 728 7
662 732 25
662 749 18
662 778 4
662 786 2
662 788 7
662 790 19
662 820 14
662 825 17
662 869 8
662 878 7
662 898 13
663 673 3
663 709 3
663 723 8
663 725 23
663 756 11
663 790 11
663 803 16
663 807 21
663 822 19
663 828 15
663 847 23
663 857 9
663 859 6
663 861 4
663 865 20
663 872 15
664 665 12
664 678 9
664 680 10
664 704 18
664 706 8
664 725 4
664 726 23
664 730 9
664 745 11
664 756 19
664 760 24
664 763 4
664 773 3
664 808 6
664 846 16
664 850 5
664 867 8
664 870 1
664 874 2
665 681 20
665 773 11
665 828 19
665 856 18
665 874 6
665 877 10
665 887 15
666 692 14
666 708 15
666 722 18
666 727 10
666 741 6
666 750 6
666 753 18
666 776 16
666 780 25
666 823 2
666 833 21
666 855 23
666 865 13
666 870 8
666 881 18
666 882 11
667 673 12
667 681 20
667 690 16
667 695 4
667 702 25
667 737 1
667 743 4
667 747 1
667 771 22
667 788 16
667 829 20
667 868 14
667 870 21
667 901 6
668 685 3
668 704 11
668 751 21
668 769 23
668 786 21
668 801 1
668 879 3
668 889 15
669 734 18
669 754 5
669 792 19
669 804 16
669 806 4
669 822 6
669 830 23
669 868 21
669 873 18
669 878 9
670 675 15
670 720 11
670 725 13
670 740 14
670 751 13
670 758 18
670 766 17
670 769 9
670 779 9
670 807 13
670 816 23
670 818 6
670 820 18
670 843 2
670 857 19
670 862 15
671 691 1
671 701 16
671 721 18
671 723 6
671 775 5
671 790 12
671 799 10
671 821 23
671 841 2
671 842 13
671 858 5
671 863 25
671 865 10
671 884 25
671 890 10
672 706 24
672 754 12
672 770 24
672 774 15
672 782 24
672 838 17
672 885 8
672 888 9
673 678 2
673 726 22
673 740 6
673 755 9
673 780 14
673 784 10
673 791 4
673 815 6
673 837 10
673 841 19
673 868 25
673 869 15
673 871 1
673 879 11
674 676 1
674 680 25
674 714 15
674 718 15
674 723 5
674 737 16
674 751 24
674 754 6
674 763 25
674 768 23
674 774 17
674 790 1
674 799 14
674 803 15
674 807 19
674 841 23
674 875 23
674 890 20
674 900 19
675 688 6
675 696 5
675 697 9
675 705 17
675 707 9
675 716 14
675 718 1
675 748 2
675 797 13
675 810 18
675 853 2
675 856 1
675 866 18
675 867 2
675 874 15
675 900 8
676 700 8
676 723 5
676 735 6
676 777 15
676 791 6
676 792 5
676 801 6
676 837 6
676 855 20
677 715 22
677 731 24
677 746 17
677 766 21
677 788 20
677 799 10
677 808 1
677 824 25
677 837 19
677 841 17
678 703 8
678 721 9
678 753 20
678 754 11
678 777 22
678 786 12
678 854 15
678 872 24
678 901 4
679 683 18
679 689 13
679 691 13
679 692 25
679 704 17
679 728 21
679 731 14
679 732 22
679 738 25
679 742 21
679 757 3
679 836 20
679 860 17
680 697 3
680 708 13
680 726 12
680 749 23
680 757 23
680 771 15
680 805 22
680 806 18
680 809 6
680 866 6
680 889 1
681 685 2
681 696 16
681 710 24
681 727 13
681 733 7
681 793 22
681 849 19
681 850 24
681 866 9
681 892 6
682 697 23
682 710 2
682 712 1
682 718 13
682 744 1
682 758 3
682 814 8
682 815 3
682 819 24
682 841 24
682 843 5
682 850 11
682 853 13
682 865 4
683 727 10
683 741 2
683 756 25
683 773 2
683 812 7
683 825 7
683 854 5
683 857 11
684 716 25
684 717 3
684 720 23
684 724 6
684 764 25
684 766 16
684 777 5
684 799 10
684 807 24
684 867 4
685 692 14
685 698 1
685 700 17
685 714 14
685 718 3
685 720 1
685 779 18
686 702 3
686 718 2
686 723 24
686 737 14
686 774 14
686 790 3
686 797 23
686 802 15
686 806 2
686 832 2
686 835 23
686 838 11
686 842 6
686 876 8
687 757 10
687 794 10
687 808 8
687 814 15
687 830 11
687 850 25
688 694 21
688 698 21
688 702 23
688 711 25
688 713 11
688 734 1
688 740 18
688 741 24
688 762 5
688 810 18
688 812 16
688 813 8
689 703 19
689 719 14
689 747 23
689 777 9
689 795 16
689 809 22
689 826 25
689 829 20
689 831 23
689 837 23
689 865 5
689 887 5
690 691 7
690 692 14
690 702 15
690 737 14
690 753 5
690 766 25
690 801 14
690 802 1
690 826 22
690 838 13
690 859 25
690 865 7
690 872 13
690 880 19
690 885 5
690 898 20
691 728 11
691 743 22
691 746 2
691 845 7
691 857 11
691 874 24
691 884 17
691 892 1
691 895 20
692 695 17
692 696 22
692 734 20
692 743 14
692 751 3
692 759 24
692 769 22
692 774 18
692 802 13
692 823 13
692 836 23
692 839 15
692 844 3
692 863 23
692 872 11
692 888 15
693 713 24
693 717 18
693 749 5
693 777 17
693 818 24
693 829 24
693 832 4
693 837 21
693 878 2
693 881 12
693 900 8
694 709 25
694 735 4
694 739 8
694 753 21
694 754 20
694 795 7
694 796 15
694 822 10
694 828 9
694 850 14
694 852 6
694 854 2
694 857 3
695 718 18
695 720 1
695 729 17
695 770 20
695 784 25
695 794 3
695 808 12
695 818 25
695 821 22
695 851 18
695 857 16
695 867 22
695 869 18
695 875 21
695 879 17
695 881 19
696 821 8
696 844 24
696 846 20
696 864 11
696 865 9
697 711 15
697 718 7
697 757 17
697 762 5
697 766 16
697 771 2
697 777 20
697 787 23
697 808 3
697 811 22
697 831 18
698 766 5
698 789 14
698 794 14
698 803 4
698 814 18
698 884 25
698 888 3
698 890 14
698 897 19
699 726 20
699 788 12
699 807 11
699 832 16
699 834 6
699 847 6
699 856 25
699 874 6
699 887 2
699 901 12
700 722 14
700 724 19
700 734 18
700 767 7
700 772 25
700 773 10
700 777 9
700 821 19
700 844 7
700 880 13
701 724 17
701 726 24
701 734 18
701 744 5
701 852 13
701 853 21
701 867 24
701 886 14
702 706 24
702 716 12
702 721 8
702 728 20
702 799 1
702 802 20
702 818 12
702 834 6
702 863 3
702 875 11
703 740 11
703 741 4
703 761 24
703 791 2
703 792 22
703 805 18
703 808 8
703 809 21
703 811 2
703 819 16
703 821 16
703 849 9
703 894 6
704 741 8
704 756 9
704 762 23
704 776 12
704 781 21
704 796 18
704 798 11
704 825 10
704 827 18
704 831 24
704 871 19
705 723 15
705 727 1
705 728 15
705 732 1
705 769 6
705 781 17
705 784 14
705 796 17
705 816 23
705 825 12
705 853 18
705 871 19
705 879 5
705 887 2
705 896 17
706 724 6
706 725 20
706 739 7
706 743 16
706 756 25
706 776 14
706 788 25
706 849 22
706 850 3
706 853 22
707 711 16
707 717 15
707 742 6
707 762 11
707 767 15
707 777 1
707 790 2
707 854 16
707 874 16
707 876 2
708 747 23
708 756 9
708 824 15
708 857 14
708 862 6
708 876 4
708 895 8
708 901 25
709 725 8
709 747 12
709 775 18
709 799 15
709 809 6
709 846 1
709 853 8
709 867 5
709 886 17
709 888 7
709 895 3
709 899 21
710 712 3
710 745 20
710 749 10
710 769 11
710 795 7
710 818 1
710 825 11
710 840 8
710 850 18
710 874 3
711 716 10
711 724 16
711 731 12
711 734 1
711 743 6
711 748 17
711 751 4
711 752 16
711 759 18
711 791 13
711 803 2
711 887 10
712 727 5
712 767 9
712 773 13
712 795 12
712 803 13
712 811 4
712 817 20
712 839 17
712 851 24
712 895 24
712 896 11
712 897 10
712 898 9
712 900 20
713 755 12
713 766 22
713 769 2
713 823 5
713 826 24
713 850 13
713 851 22
713 855 12
713 872 14
713 880 4
713 890 4
713 895 19
713 901 21
714 755 23
714 757 9
714 761 22
714 796 10
714 815 15
714 828 5
714 831 22
714 844 3
714 872 19
714 879 25
714 888 22
715 716 12
715 732 25
715 736 20
715 766 25
715 790 9
715 800 6
715 821 19
715 824 20
715 826 2
715 829 22
715 832 1
715 849 2
715 850 10
715 863 22
715 876 14
716 756 25
716 819 3
716 830 19
716 841 20
716 871 23
716 877 18
717 722 5
717 772 22
717 798 2
717 819 19
717 841 3
717 851 25
717 890 21
717 896 24
718 719 24
718 727 19
718 762 10
718 763 25
718 793 14
718 804 9
718 828 10
718 845 19
718 870 4
718 892 5
718 901 22
719 738 1
719 742 7
719 748 25
719 760 10
719 794 6
719 797 13
719 805 11
719 859 8
719 874 8
719 886 5
720 736 7
720 768 1
720 809 12
720 837 3
720 855 4
720 901 5
721 728 6
721 738 4
721 740 3
721 764 4
721 769 4
721 811 21
721 813 15
721 825 4
721 856 9
721 880 1
722 736 13
722 748 4
722 755 4
722 777 19
722 779 2
722 788 4
722 792 1
722 814 2
722 852 15
722 862 6
722 871 16
722 876 2
722 893 13
723 724 24
723 784 9
723 795 19
723 820 1
723 827 20
723 843 24
723 868 4
723 871 1
724 725 4
724 756 7
724 787 3
724 789 9
724 798 11
724 803 24
724 813 25
724 822 14
724 824 9
724 825 25
724 849 3
725 726 15
725 759 4
725 768 22
725 862 16
725 865 9
725 899 22
726 736 19
726 754 1
726 763 4
726 776 10
726 782 2
726 799 18
726 801 8
726 858 12
726 878 13
726 889 10
727 758 6
727 787 11
727 811 13
727 820 7
727 829 16
727 865 20
727 876 9
727 885 1
727 901 7
728 729 9
728 743 1
728 755 22
728 757 20
728 763 25
728 766 24
728 771 9
728 789 3
728 794 22
728 799 1
728 825 14
728 827 20
728 834 20
728 844 14
728 878 23
728 899 4
729 793 17
729 810 15
729 826 13
729 831 4
729 832 3
729 854 22
729 885 11
730 751 15
730 820 11
730 845 17
731 737 6
731 742 7
731 765 3
731 779 8
731 825 13
731 830 11
731 853 8
731 860 9
731 865 5
731 898 8
731 899 10
732 734 15
732 797 12
732 843 6
732 857 16
732 870 2
732 894 1
733 763 10
733 781 17
733 792 23
733 796 15
733 864 9
733 886 15
733 887 2
734 752 14
734 762 19
734 763 25
734 765 24
734 785 10
734 861 10
734 898 16
735 762 17
735 814 19
735 825 20
735 834 25
735 837 6
735 882 7
736 749 7
736 756 17
736 774 14
736 779 16
736 788 1
736 791 3
736 818 5
736 837 8
736 868 18
737 746 8
737 768 8
737 775 4
737 786 25
737 817 8
737 863 20
737 868 8
737 878 24
738 741 23
738 750 21
738 757 17
738 761 22
738 781 19
738 782 1
738 821 9
738 857 11
739 772 18
739 816 2
739 856 5
739 867 19
739 885 9
739 901 12
740 820 2
740 822 25
740 838 25
740 860 20
740 891 2
741 743 4
741 749 1
741 757 10
741 767 24
741 782 8
741 800 19
741 806 4
741 840 7
741 845 1
741 861 24
741 865 16
742 772 1
742 787 21
742 808 13
742 822 17
742 828 20
742 845 7
742 888 20
743 777 3
743 813 19
743 817 14
743 833 6
743 850 1
743 854 7
743 881 14
743 888 14
744 787 10
744 859 16
744 869 15
744 881 4
744 896 19
745 746 18
745 757 4
745 758 5
745 821 18
745 841 12
745 870 24
745 882 22
745 898 18
746 758 1
746 763 20
746 788 11
746 814 2
746 821 15
746 826 23
746 864 20
746 899 9
747 778 6
747 796 16
747 803 13
747 804 25
747 805 4
747 843 20
747 850 2
747 859 12
747 861 11
748 750 15
748 764 22
748 768 1
748 856 4
748 895 25
748 898 21
749 786 23
749 788 6
749 811 1
749 848 16
749 859 17
749 875 1
749 878 12
749 882 11
749 891 1
750 752 8
750 762 21
750 773 4
750 775 22
750 776 19
750 806 24
750 827 8
750 870 1
751 823 14
751 849 22
751 889 25
751 899 20
752 782 17
752 788 1
752 793 6
752 799 2
752 802 17
752 832 4
752 857 4
753 761 20
753 775 6
753 777 24
753 786 20
753 839 11
754 776 1
754 781 10
754 793 4
754 798 1
754 800 23
754 826 14
754 828 4
754 895 5
755 767 12
755 769 7
755 807 3
755 833 7
755 852 7
755 853 10
755 885 7
755 888 23
756 779 9
756 790 9
756 800 17
756 811 25
756 830 11
756 884 24
757 764 3
757 812 3
757 828 3
757 839 6
757 853 24
757 888 10
757 892 6
757 896 18
757 901 20
758 761 9
758 780 2
758 854 23
758 857 9
758 867 1
758 892 13
759 790 14
759 807 5
759 826 24
759 844 23
759 879 8
760 762 7
760 782 6
760 796 19
760 803 14
760 856 3
760 865 2
760 879 22
761 771 21
761 786 1
761 788 7
761 800 20
761 837 5
761 840 11
761 857 24
761 901 10
762 764 10
762 781 8
762 793 18
762 812 2
763 793 4
763 801 1
763 817 6
763 823 1
763 838 11
763 860 6
763 894 13
764 767 25
764 770 11
764 797 14
764 833 22
764 847 18
764 870 20
764 877 2
764 886 13
764 890 10
765 834 7
765 858 15
765 889 8
766 767 2
766 770 17
766 820 15
766 842 23
766 848 22
766 855 2
766 868 21
766 870 8
767 771 11
767 845 5
767 852 25
767 857 15
767 861 8
767 863 2
767 864 20
767 867 10
767 889 13
767 892 2
768 783 25
768 875 12
768 889 14
769 806 13
769 831 10
769 840 8
769 850 9
769 865 13
769 889 21
770 788 19
770 817 21
770 820 10
770 861 1
770 872 23
770 876 1
770 891 17
771 800 20
771 801 24
771 814 19
771 841 18
771 863 7
771 869 6
771 878 22
771 886 8
772 793 20
772 815 7
772 840 10
772 856 16
772 876 16
773 828 24
773 835 18
773 845 15
773 850 12
773 885 6
773 896 4
774 805 23
774 837 14
774 860 13
775 818 10
775 819 9
775 826 8
775 831 8
775 883 20
775 890 10
775 892 5
776 810 22
776 836 2
776 855 1
776 884 21
777 779 22
777 788 18
777 811 4
777 813 2
777 847 17
777 852 13
777 882 24
777 884 23
777 896 24
778 794 14
778 797 15
778 821 22
778 827 8
778 831 5
778 866 8
778 880 14
778 892 10
779 802 5
779 814 4
779 834 24
779 871 17
779 884 14
780 817 6
780 832 24
780 851 8
780 871 18
781 811 5
781 823 4
781 838 19
781 843 5
781 884 1
782 790 17
782 804 25
782 805 4
782 834 20
782 895 18
783 815 19
783 839 18
783 867 15
783 885 17
784 797 7
784 838 4
784 844 16
784 890 16
785 810 10
785 834 25
785 840 4
785 853 20
785 893 7
785 900 9
786 813 20
786 818 23
786 830 22
787 834 3
787 848 23
787 868 4
787 876 20
788 801 4
788 811 10
788 838 15
788 893 10
789 848 10
789 879 6
789 884 11
790 826 16
790 867 25
790 880 3
790 882 9
790 883 18
790 889 17
790 893 2
790 894 1
791 795 23
791 808 17
791 810 16
791 828 7
792 802 17
792 812 22
792 815 3
792 840 23
792 843 5
792 894 25
793 803 22
793 812 2
793 826 2
793 840 21
793 872 7
793 891 21
794 800 24
794 804 18
794 806 10
794 828 10
794 833 3
794 851 15
794 864 21
794 874 20
794 886 16
795 797 23
795 816 5
795 837 8
795 844 17
795 848 6
795 877 10
796 799 14
796 802 23
796 803 3
796 856 22
796 867 16
796 892 24
796 895 2
796 900 15
797 802 5
797 820 1
797 864 11
797 895 6
797 899 2
798 842 8
798 859 15
799 830 24
799 860 8
799 872 7
799 900 8
800 864 17
800 894 11
801 807 24
801 809 14
801 822 5
801 829 14
801 837 12
802 856 9
802 867 24
802 874 5
802 879 15
802 886 10
802 890 20
803 810 14
803 834 12
803 836 18
804 812 6
804 817 12
805 808 21
805 813 20
805 824 17
805 830 21
805 853 7
805 893 24
806 813 24
806 858 16
806 867 13
807 826 24
807 868 23
807 881 22
807 894 6
807 899 16
808 813 7
808 852 6
809 861 5
810 811 14
810 834 22
810 839 18
810 860 22
810 869 22
810 873 24
810 881 13
810 886 6
811 867 18
811 874 3
811 879 20
811 880 10
811 886 10
812 823 6
812 839 8
812 849 6
812 871 22
812 878 3
813 824 14
813 833 21
813 850 4
813 852 4
813 870 10
813 878 2
813 889 3
813 890 8
814 821 10
814 835 19
814 869 15
814 886 17
815 842 25
815 848 5
815 895 13
815 898 19
816 863 3
816 866 9
817 831 17
817 835 18
817 859 17
817 896 11
818 864 20
818 878 11
818 883 22
818 895 7
819 822 16
819 850 4
819 900 12
820 832 15
820 860 9
820 864 1
820 889 10
820 895 12
821 829 4
821 831 21
821 833 15
821 837 7
821 840 4
821 847 1
821 849 2
821 875 20
821 892 18
822 875 1
822 893 24
822 897 7
822 898 21
823 834 1
823 856 18
823 883 12
823 887 18
824 900 11
825 826 22
825 830 15
825 866 21
825 875 18
826 837 21
826 853 13
826 858 22
827 835 7
827 855 4
827 859 5
827 900 9
828 848 13
829 880 18
829 887 13
830 842 11
830 855 9
830 861 21
831 845 14
831 852 10
831 868 24
832 835 10
832 836 4
832 841 1
832 843 8
832 851 12
832 857 21
832 859 10
832 875 6
833 838 9
833 889 5
833 892 16
834 867 5
834 868 21
834 871 13
834 877 24
835 837 18
835 851 3
835 871 22
835 898 1
836 860 6
836 880 3
837 856 10
837 881 21
838 876 22
838 884 22
838 885 6
838 887 6
838 896 19
839 848 21
839 862 17
839 889 17
839 893 7
839 899 22
840 843 17
840 847 16
840 861 10
840 899 12
841 848 2
841 856 16
842 864 22
842 868 6
842 876 8
842 878 1
843 846 3
844 886 23
845 869 1
845 897 20
846 900 25
847 862 25
847 870 21
847 890 7
848 866 2
848 870 5
848 876 4
848 879 24
848 900 3
849 850 9
849 860 6
849 896 23
850 871 6
850 874 22
850 901 14
851 863 14
852 861 20
853 871 7
853 872 4
853 878 4
853 881 20
853 891 6
854 866 19
855 861 16
855 871 13
856 859 4
856 860 18
856 869 16
856 894 1
857 862 18
857 901 10
858 876 2
859 897 19
860 892 7
860 896 10
861 862 21
863 875 11
864 899 14
866 887 21
867 895 15
868 892 24
868 897 3
868 898 12
869 874 5
871 875 24
871 896 2
872 873 20
873 888 20
874 901 10
875 884 24
876 880 23
876 888 4
876 894 4
878 897 19
878 900 19
878 901 16
880 900 24
882 887 13
882 896 8
883 889 24
884 887 8
884 891 18
885 895 2
885 896 1
887 894 1
887 901 11
888 896 23
888 899 12
889 895 24
890 893 18
902 601 43
903 901 25
902 903 22
