904 6735
98 57 17 74 95 91 18 28 52 70 7 91 32 55 39 15 86 29 40 94 60 36 66 100 82 22 94 41 68 88 27 65 44 44 90 38 34 7 18 37 28 24 28 12 30 18 26 16 46 17 61 58 4 26 57 85 99 50 78 66 90 4 83 85 47 72 23 80 31 92 17 10 67 96 21 97 13 98 64 10 15 24 67 70 1 23 7 100 25 84 17 14 87 99 98 86 23 72 65 53 15 33 14 82 28 35 78 92 84 41 54 50 16 20 20 16 95 78 67 71 61 84 36 99 34 85 84 56 9 1 60 23 85 74 4 65 60 81 56 43 73 9 93 88 81 64 4 27 41 22 97 53 5 84 51 39 68 87 94 76 39 54 99 23 79 2 87 38 35 95 80 7 55 24 95 35 87 50 13 27 71 61 79 28 44 82 66 12 20 11 39 58 16 37 80 94 91 19 31 25 13 63 31 67 86 77 54 73 26 18 51 49 79 82 76 22 63 41 85 82 3 24 39 19 12 70 64 2 88 47 26 100 9 9 19 46 85 24 18 63 41 21 11 71 2 86 93 16 78 29 49 80 52 39 50 16 8 14 17 96 12 95 47 20 55 17 17 91 92 87 53 33 7 15 3 8 100 47 75 29 76 23 9 79 61 10 94 68 75 63 15 86 57 14 57 11 82 74 53 74 52 50 30 59 19 78 11 7 64 100 66 89 33 56 36 65 84 51 20 33 1 42 54 17 12 17 95 92 79 98 71 82 47 1 92 17 30 3 23 93 2 40 81 86 95 68 50 78 71 21 63 71 62 16 40 26 84 34 69 62 83 40 43 29 92 35 46 73 89 20 66 90 60 98 76 54 18 77 84 88 98 46 58 11 13 97 36 96 82 57 9 64 48 51 93 39 37 90 11 25 9 28 67 20 78 94 74 95 70 9 82 67 6 39 78 18 88 65 13 69 73 21 33 20 23 77 10 12 66 73 88 26 52 6 46 29 99 71 75 69 79 56 87 36 47 16 53 34 81 17 2 5 89 34 77 11 10 86 74 27 10 14 53 14 19 50 42 18 20 17 86 50 24 24 85 70 40 89 55 20 5 57 76 93 42 52 55 4 90 29 82 51 42 34 64 60 35 58 29 54 26 66 55 49 90 39 71 29 27 25 100 83 33 75 75 27 79 30 82 68 10 63 18 3 49 82 14 83 39 43 37 64 8 91 64 97 82 86 77 60 11 76 43 95 3 17 73 81 98 54 100 7 17 17 61 65 50 75 99 40 17 87 55 76 78 19 25 11 56 1 70 18 29 64 13 31 81 85 63 30 91 62 89 7 30 49 23 80 23 21 71 91 8 26 67 37 96 43 99 51 84 87 7 5 54 58 62 51 52 69 46 78 56 81 76 37 96 38 76 94 73 38 93 63 20 15 88 3 64 72 71 39 93 29 43 46 86 4 48 89 25 46 66 80 26 42 68 21 79 95 14 3 33 58 66 4 73 5 6 88 29 76 27 21 57 69 18 42 25 18 31 49 63 96 80 88 89 100 8 67 94 73 22 78 30 39 81 54 95 38 42 23 66 20 95 22 40 65 63 16 82 45 16 44 41 96 83 29 47 90 48 92 62 69 22 43 7 2 97 1 92 38 76 57 9 22 78 48 38 92 64 19 37 31 14 29 78 96 57 24 37 56 68 50 76 89 93 34 42 89 87 33 78 62 89 86 35 18 85 73 10 100 43 98 31 57 26 8 4 34 32 93 90 51 42 17 39 34 51 80 22 37 13 51 50 53 36 84 23 73 8 84 72 51 81 2 59 6 62 62 91 45 6 80 95 48 49 33 81 99 12 55 35 76 57 36 81 93 19 3 17 27 86 88 77 18 42 87 23 55 100 13 99 6 45 93 53 45 77 85 43 40 39 29 68 96 64 48 40 34 50 56 60 87 95 88 4 88 74 78 42 74 42 40 79 38 84 83 82 12 67 24 52 58 4 19 5 67 18 44 1 67 51 12 5 97 100 8 85 25 37 26 50 78 18 28 16 53 62 97 65 29 36 87
0 3 60
0 23 6
0 25 58
0 45 18
0 109 20
0 146 60
0 171 25
0 176 72
0 188 59
0 194 51
0 246 52
0 271 86
0 279 73
0 281 60
0 284 16
0 292 33
1 3 22
1 28 10
1 58 52
1 123 96
1 129 72
1 145 19
1 175 34
1 212 80
1 235 32
1 261 90
1 282 42
2 8 13
2 12 15
2 17 94
2 65 38
2 88 26
2 104 51
2 117 95
2 119 43
2 130 71
2 148 7
2 157 19
2 203 94
2 213 17
2 218 69
2 247 45
2 266 2
2 290 41
3 8 57
3 23 17
3 50 25
3 64 30
3 65 78
3 99 77
3 103 25
3 161 49
3 180 47
3 192 10
3 208 80
3 216 78
3 241 100
3 274 21
3 281 42
3 289 66
4 15 15
4 22 32
4 32 92
4 51 65
4 55 26
4 58 34
4 62 87
4 87 84
4 105 53
4 159 32
4 169 100
4 206 73
4 214 29
4 247 1
4 287 14
5 14 37
5 33 18
5 40 90
5 99 66
5 109 95
5 124 18
5 126 42
5 127 96
5 158 64
5 171 52
5 193 75
5 208 93
5 230 3
5 255 48
5 270 87
5 272 68
5 293 14
6 15 18
6 19 59
6 69 30
6 73 43
6 80 45
6 81 17
6 85 27
6 97 49
6 102 100
6 104 78
6 105 21
6 132 28
6 141 79
6 159 86
6 165 64
6 189 48
6 195 76
6 209 29
6 221 94
6 268 93
6 284 23
7 43 41
7 70 9
7 76 74
7 102 68
7 106 1
7 114 76
7 146 15
7 162 87
7 171 43
7 193 28
7 223 4
7 248 54
7 269 57
7 277 99
7 279 50
7 285 25
7 287 77
7 295 98
8 42 77
8 47 54
8 71 70
8 102 56
8 118 84
8 229 56
8 235 20
8 241 31
8 245 83
8 255 100
8 269 25
8 272 75
8 278 22
9 20 65
9 107 83
9 161 47
9 168 84
9 173 36
9 186 22
9 219 98
9 239 22
9 249 17
9 297 77
10 60 26
10 102 22
10 116 86
10 122 76
10 228 71
10 239 10
10 256 52
10 263 20
10 268 38
10 285 57
10 293 89
11 14 94
11 70 41
11 93 44
11 124 65
11 133 71
11 177 26
11 190 16
11 200 47
11 204 53
11 211 38
11 216 64
11 246 87
11 265 36
11 268 47
11 279 74
12 27 58
12 33 45
12 37 96
12 43 26
12 90 73
12 108 73
12 109 47
12 115 58
12 128 48
12 145 17
12 173 20
12 203 51
12 214 36
12 215 57
12 236 7
12 291 24
13 20 2
13 28 47
13 35 20
13 39 66
13 55 70
13 60 97
13 61 82
13 75 16
13 90 1
13 139 71
13 145 31
13 153 40
13 166 6
13 204 78
13 213 13
14 21 15
14 63 74
14 72 8
14 192 40
14 206 46
14 218 32
14 259 86
15 20 56
15 71 79
15 72 2
15 78 75
15 121 81
15 136 89
15 169 83
15 186 88
15 262 65
15 278 85
15 287 86
16 19 84
16 76 50
16 101 55
16 107 32
16 147 83
16 182 71
16 200 33
16 213 53
16 232 53
16 240 72
16 249 11
16 270 30
16 282 36
16 287 25
17 23 55
17 37 96
17 64 65
17 103 53
17 115 27
17 128 50
17 135 8
17 166 58
17 169 4
17 204 34
17 212 38
17 243 92
18 28 68
18 38 77
18 69 56
18 87 52
18 92 63
18 112 91
18 151 54
18 161 17
18 172 23
18 253 36
18 255 39
18 277 55
18 290 41
18 297 92
19 25 78
19 36 51
19 51 73
19 68 13
19 85 75
19 89 28
19 139 60
19 196 91
19 235 32
19 239 87
19 240 41
19 262 39
19 271 96
19 273 44
19 281 24
19 294 85
20 50 87
20 122 91
20 126 62
20 127 43
20 170 95
20 180 24
20 189 33
20 205 48
20 210 92
20 231 55
20 243 35
20 246 31
20 280 61
20 292 27
20 298 74
20 299 38
21 33 77
21 47 46
21 63 3
21 66 4
21 133 25
21 158 62
21 201 94
21 207 56
22 51 100
22 67 86
22 70 46
22 91 47
22 93 29
22 143 21
22 165 32
22 171 16
22 174 12
22 186 45
22 203 10
22 204 6
22 222 20
22 237 94
22 245 5
22 292 11
23 74 49
23 96 39
23 111 93
23 125 61
23 133 18
23 143 66
23 144 51
23 150 94
23 182 64
23 201 53
23 244 49
23 248 40
23 255 66
23 270 95
23 283 48
23 291 18
23 295 80
23 296 93
24 68 16
24 85 61
24 90 14
24 97 47
24 109 28
24 148 77
24 149 43
24 195 37
24 206 34
24 223 62
24 224 30
24 229 38
24 271 73
24 278 30
24 282 28
25 38 17
25 56 91
25 115 45
25 180 83
25 240 41
26 75 91
26 101 98
26 105 45
26 119 91
26 154 37
26 180 62
26 187 85
26 191 84
26 206 79
26 232 17
26 246 29
26 257 95
26 282 77
27 30 94
27 36 93
27 42 4
27 44 22
27 121 36
27 128 40
27 195 55
27 197 49
27 208 21
27 211 44
27 225 73
27 263 3
28 69 71
28 104 90
28 236 45
28 245 68
29 209 24
29 243 37
29 282 10
29 297 21
30 97 81
30 125 52
30 137 9
30 156 94
30 160 37
30 167 45
30 203 73
30 212 53
30 215 25
30 219 19
30 253 81
30 262 18
30 268 63
31 37 84
31 49 39
31 62 50
31 71 75
31 73 45
31 89 99
31 93 95
31 95 88
31 103 71
31 115 49
31 122 10
31 178 12
31 209 93
31 217 29
31 256 35
32 47 29
32 64 38
32 96 7
32 110 61
32 129 90
32 132 68
32 136 55
32 141 78
32 145 12
32 153 79
32 159 82
32 178 88
32 217 97
32 267 62
33 63 5
33 64 11
33 77 97
33 92 95
33 96 61
33 108 71
33 120 39
33 155 11
33 161 17
33 173 78
33 202 33
33 214 66
33 215 87
33 246 45
33 255 10
33 269 68
33 289 31
33 292 91
34 39 5
34 41 90
34 78 51
34 127 46
34 129 57
34 131 57
34 133 75
34 134 20
34 156 35
34 194 56
34 212 7
34 228 83
34 238 69
34 260 63
34 264 46
34 265 65
35 47 9
35 49 6
35 76 35
35 97 99
35 127 16
35 158 4
35 165 76
35 172 100
35 180 69
35 227 14
35 243 44
35 298 30
36 57 81
36 69 27
36 70 20
36 71 38
36 93 16
36 94 23
36 104 35
36 127 24
36 135 79
36 181 10
36 184 95
36 203 66
36 222 17
36 227 53
36 264 100
36 265 86
36 285 15
37 52 45
37 77 2
37 112 23
37 129 50
37 141 37
37 156 21
37 184 17
37 210 92
37 283 48
38 61 17
38 62 12
38 70 13
38 82 12
38 111 41
38 125 94
38 130 38
38 167 61
38 175 83
38 177 5
38 270 35
38 283 17
38 298 28
39 56 13
39 120 78
39 126 22
39 144 30
39 163 95
39 177 26
39 225 30
39 226 32
39 243 40
39 256 74
39 264 33
40 57 14
40 98 76
40 100 21
40 113 86
40 143 92
40 146 12
40 181 33
40 197 60
40 202 23
40 250 98
40 253 24
40 265 64
40 271 91
40 273 13
40 292 76
41 54 25
41 81 18
41 88 10
41 89 41
41 101 97
41 103 74
41 118 19
41 126 71
41 158 4
41 162 65
41 164 96
41 196 85
41 207 96
41 216 88
41 217 58
41 233 28
41 260 1
41 286 33
42 45 49
42 67 87
42 99 77
42 135 12
42 140 71
42 167 36
42 178 35
42 189 68
42 262 59
43 63 50
43 71 10
43 83 72
43 89 25
43 114 34
43 131 41
43 170 86
43 173 27
43 179 37
43 196 11
43 200 97
43 201 59
43 225 14
43 232 13
43 270 55
43 273 98
43 292 8
44 68 42
44 114 8
44 174 87
44 191 94
44 205 40
44 224 87
44 227 32
44 247 16
44 257 99
44 262 3
44 273 4
44 287 33
45 80 22
45 102 14
45 128 82
45 130 84
45 219 37
45 251 58
45 295 69
45 297 77
45 298 43
45 299 47
46 81 66
46 97 53
46 102 95
46 183 24
46 186 19
46 224 7
46 245 30
46 262 68
46 286 14
46 295 71
47 84 27
47 87 53
47 115 65
47 134 67
47 135 39
47 144 96
47 172 34
47 180 37
47 191 50
47 213 89
47 234 21
47 238 24
47 242 3
47 254 54
47 265 59
47 285 39
48 84 11
48 130 79
48 140 68
48 151 5
48 167 26
48 212 33
48 265 10
48 287 20
48 289 8
49 52 80
49 66 79
49 75 38
49 78 47
49 89 44
49 93 60
49 124 26
49 151 96
49 180 76
49 212 92
49 241 87
49 243 24
49 264 77
49 279 23
50 53 73
50 56 66
50 83 96
50 90 48
50 92 68
50 126 49
50 164 6
50 167 58
50 213 60
50 215 85
50 248 25
51 72 16
51 105 62
51 116 9
51 157 25
51 172 33
51 231 69
51 268 4
51 270 11
51 297 58
52 69 3
52 84 55
52 87 17
52 125 28
52 129 2
52 184 93
52 189 71
52 195 88
52 216 16
52 232 47
52 248 11
52 271 40
52 272 64
52 283 58
53 89 88
53 115 83
53 147 6
53 159 45
53 168 41
53 182 17
53 192 81
53 266 17
53 275 33
54 57 94
54 58 78
54 96 9
54 101 27
54 150 46
54 164 13
54 168 37
54 173 3
54 184 15
54 255 43
54 292 71
54 298 42
55 56 45
55 66 15
55 105 12
55 112 32
55 114 30
55 117 10
55 124 94
55 153 22
55 168 74
55 228 51
55 244 61
55 261 56
55 270 9
55 274 5
56 59 48
56 112 77
56 113 38
56 117 65
56 142 61
56 145 31
56 178 94
56 197 70
56 203 57
56 213 91
56 239 82
56 274 46
56 287 93
56 292 48
56 298 40
57 65 15
57 75 41
57 93 84
57 129 30
57 170 4
57 196 68
57 201 11
57 222 13
57 245 61
57 258 32
58 85 38
58 113 64
58 161 92
58 174 46
58 195 24
58 198 49
58 203 93
58 212 100
58 221 86
58 294 9
58 296 61
59 63 16
59 69 2
59 117 82
59 133 25
59 147 92
59 158 15
59 167 22
59 176 36
59 182 62
59 194 61
59 239 51
59 247 54
59 252 97
59 258 32
59 278 57
59 299 16
60 78 42
60 86 21
60 99 28
60 106 74
60 109 11
60 113 91
60 127 17
60 158 56
60 193 66
60 203 65
60 207 48
60 218 66
60 236 2
60 239 57
60 241 78
61 77 70
61 94 10
61 112 11
61 159 46
61 162 54
61 179 25
61 233 67
61 247 89
61 263 86
61 292 79
61 293 91
62 123 91
62 170 27
62 188 74
62 201 47
62 250 42
62 253 16
62 263 19
62 265 70
62 267 41
62 285 29
63 73 12
63 75 9
63 82 84
63 91 78
63 136 26
63 153 84
63 156 95
63 160 27
63 239 40
63 249 24
63 259 96
64 116 1
64 155 34
64 176 93
64 197 54
65 84 58
65 101 11
65 104 95
65 115 95
65 146 90
65 151 85
65 166 85
65 179 16
66 81 59
66 99 83
66 104 10
66 137 26
66 143 1
66 158 79
66 170 18
66 210 82
66 211 90
66 222 26
66 243 17
66 283 19
67 76 51
67 77 100
67 90 65
67 119 78
67 163 91
67 168 88
67 180 25
67 183 92
67 218 21
67 239 18
67 288 45
68 70 30
68 89 28
68 119 39
68 163 24
68 176 69
68 179 76
68 190 60
68 259 37
68 290 86
69 82 94
69 114 46
69 136 11
69 139 95
69 155 76
69 158 28
69 166 28
69 173 65
69 181 53
69 200 44
69 215 36
69 227 56
69 248 44
69 276 100
69 280 33
70 98 86
70 134 88
70 137 9
70 161 77
70 181 60
70 186 78
70 222 74
70 234 90
70 237 58
70 250 64
70 252 65
70 278 26
71 90 91
71 101 77
71 121 14
71 129 76
71 146 70
71 175 59
71 199 38
71 279 16
71 282 34
72 74 17
72 78 43
72 107 51
72 115 70
72 145 39
72 160 86
72 176 77
72 211 34
72 233 37
72 244 9
72 285 19
72 298 24
73 100 69
73 108 48
73 123 36
73 170 47
73 187 73
73 271 77
73 281 4
73 291 36
73 295 93
73 299 81
74 96 27
74 145 69
74 150 95
74 165 54
74 232 39
74 234 5
74 290 92
75 80 54
75 86 39
75 156 8
75 168 49
75 220 41
75 230 29
75 276 39
76 83 78
76 93 5
76 99 72
76 104 14
76 146 65
76 151 42
76 154 90
76 167 34
76 178 89
76 195 25
76 255 80
76 274 61
76 290 1
77 85 35
77 88 49
77 107 93
77 139 67
77 158 75
77 168 14
77 185 13
77 192 28
77 215 52
77 258 18
77 265 71
77 268 57
77 269 8
78 115 79
78 142 57
78 178 48
78 182 7
78 184 95
78 185 77
78 255 64
78 262 18
78 264 90
78 265 28
78 267 60
78 273 79
79 82 61
79 116 48
79 129 55
79 139 92
79 149 61
79 184 7
79 190 78
79 276 9
79 294 52
80 82 45
80 84 35
80 89 65
80 111 9
80 168 14
80 170 68
80 227 26
80 229 37
80 240 76
80 247 85
80 280 15
80 285 33
80 291 32
81 85 73
81 157 79
81 178 60
81 198 36
81 245 97
81 263 50
81 285 64
81 299 56
82 89 80
82 146 76
82 171 55
82 182 35
82 211 20
82 227 67
82 263 93
82 279 97
83 85 27
83 116 44
83 157 93
83 175 13
83 180 60
83 193 2
83 198 27
83 200 27
83 201 79
83 202 63
83 221 55
83 243 64
83 266 29
83 271 39
83 275 47
83 291 1
83 293 17
84 149 7
84 217 89
84 226 65
84 271 8
84 296 4
85 87 20
85 88 87
85 90 79
85 107 27
85 112 73
85 163 98
85 164 45
85 165 18
85 173 47
85 192 72
85 237 61
85 262 91
85 265 84
86 129 73
86 148 44
86 213 62
86 223 99
87 94 23
87 96 76
87 97 5
87 99 38
87 100 4
87 110 43
87 113 36
87 138 57
87 163 60
87 205 42
87 257 45
87 266 24
88 128 1
88 130 48
88 149 96
88 179 40
88 203 78
88 219 74
88 223 64
88 227 28
88 251 18
88 260 81
88 269 74
88 272 89
88 278 94
88 293 16
89 92 73
89 173 66
89 238 60
89 241 86
89 296 16
89 297 34
90 98 62
90 101 21
90 115 23
90 130 65
90 177 63
90 191 58
90 207 73
90 220 22
90 224 52
90 234 17
90 247 98
90 251 52
91 96 16
91 109 45
91 172 91
91 180 94
91 182 18
91 223 55
91 230 21
91 252 35
91 279 35
91 281 46
91 290 76
92 122 28
92 125 61
92 133 100
92 135 45
92 155 72
92 187 85
92 202 61
92 204 5
92 215 98
92 219 81
92 260 27
92 261 63
92 269 95
92 274 37
92 297 35
93 122 17
93 124 88
93 128 4
93 130 66
93 169 39
93 181 19
93 194 10
93 198 30
93 200 12
93 204 79
93 252 36
93 264 84
93 278 65
93 297 70
94 98 29
94 103 92
94 106 50
94 116 42
94 152 91
94 158 94
94 169 13
94 174 28
94 179 6
94 243 70
94 272 25
94 282 86
94 287 96
94 297 39
95 106 81
95 116 32
95 132 26
95 179 49
95 184 71
95 188 29
95 204 66
95 215 10
95 224 99
95 243 27
95 252 91
95 265 63
95 268 5
96 111 26
96 145 46
96 202 21
96 272 47
96 277 75
96 293 13
97 101 96
97 150 16
97 152 55
97 180 42
97 186 80
97 203 34
97 255 47
97 269 49
98 149 59
98 167 85
98 173 97
98 176 49
98 197 17
98 205 80
98 242 74
98 259 17
98 262 51
98 264 54
98 271 82
98 277 60
98 287 53
99 104 8
99 149 50
99 165 67
99 197 64
99 225 27
99 226 12
99 229 36
99 231 73
99 235 38
99 246 48
99 248 69
99 266 5
100 106 55
100 109 62
100 145 85
100 149 88
100 151 60
100 161 33
100 180 98
100 201 44
100 247 81
100 253 47
100 255 60
100 269 61
100 272 72
100 274 28
100 282 63
101 148 78
101 201 9
101 202 22
101 210 30
101 227 68
101 260 23
101 276 96
101 279 83
101 290 49
101 295 59
102 110 19
102 132 21
102 177 97
102 185 18
102 187 41
102 190 1
102 293 72
103 106 54
103 119 85
103 160 60
103 165 14
103 172 70
103 194 9
103 208 9
103 234 50
103 264 55
103 270 69
103 280 62
103 291 27
103 292 96
104 106 24
104 123 4
104 144 57
104 161 97
104 189 85
104 228 24
105 108 19
105 128 32
105 144 59
105 157 19
105 193 42
105 205 77
105 211 92
105 269 38
106 111 94
106 154 84
106 156 39
106 162 18
106 171 38
106 185 75
106 187 29
106 190 51
106 194 96
106 245 37
106 253 59
107 147 46
107 198 92
107 202 79
107 205 59
107 234 70
107 243 27
107 246 83
107 249 25
107 251 35
107 259 79
108 114 61
108 116 10
108 130 50
108 180 44
108 182 68
108 188 20
108 196 85
108 211 96
108 234 11
108 274 75
109 115 90
109 125 47
109 162 65
109 221 59
109 251 84
109 255 39
109 280 87
110 132 86
110 134 35
110 139 23
110 153 96
110 189 32
110 191 66
110 241 27
110 248 90
110 261 87
111 117 5
111 118 24
111 125 63
111 130 39
111 136 55
111 174 75
111 189 100
111 216 56
111 221 18
111 230 68
111 242 75
111 243 55
111 245 63
111 270 38
112 128 29
112 137 4
112 162 84
112 178 93
112 185 62
112 192 19
112 256 83
112 264 100
113 129 56
113 134 69
113 160 75
113 170 3
113 183 52
113 202 92
113 276 29
113 282 94
113 294 79
114 122 85
114 129 69
114 130 93
114 132 23
114 133 23
114 168 68
114 268 75
114 269 78
114 272 37
114 288 42
114 290 5
114 297 91
115 127 56
115 155 94
115 214 71
115 230 12
115 240 77
115 270 15
115 277 73
115 283 47
115 289 50
116 153 25
116 175 54
116 186 18
116 190 99
116 224 56
116 232 22
116 267 90
116 276 37
117 146 67
117 169 20
117 177 21
117 181 35
117 213 65
117 222 96
117 240 58
117 242 32
117 257 70
117 286 87
118 128 68
118 138 11
118 185 43
118 188 11
118 202 18
118 207 36
118 226 33
118 259 29
118 292 64
118 293 48
119 125 54
119 154 10
119 165 97
119 168 78
119 181 15
119 195 66
119 240 76
119 247 71
119 249 39
119 275 17
119 293 7
120 123 5
120 129 89
120 146 27
120 149 40
120 165 53
120 169 74
120 180 49
120 217 84
120 221 43
120 226 87
120 244 3
120 264 5
120 277 30
120 283 65
120 284 23
120 294 65
121 148 98
121 149 3
121 210 29
121 224 97
121 229 56
121 243 90
121 278 45
122 130 33
122 161 5
122 172 62
122 192 60
122 195 75
122 229 1
122 232 29
122 239 33
122 248 57
122 271 17
122 295 11
123 125 96
123 152 69
123 197 85
123 207 96
123 214 4
123 236 27
123 249 83
123 273 58
123 275 84
123 283 12
123 287 75
124 151 6
124 155 76
124 204 72
124 217 8
124 261 56
124 268 20
124 279 64
125 141 46
125 142 64
125 202 48
125 208 50
125 215 77
125 225 60
125 234 76
125 235 29
125 266 88
125 268 60
125 286 86
125 294 56
126 221 70
126 230 33
126 294 24
127 159 6
127 171 29
127 203 79
127 205 85
127 283 63
127 290 36
128 130 68
128 161 74
128 162 10
128 163 73
128 221 1
128 222 33
128 273 32
128 281 9
128 286 4
128 298 47
129 155 54
129 231 19
129 238 47
129 259 55
129 268 96
130 162 6
130 228 82
130 231 24
130 283 93
130 286 41
131 143 9
131 166 100
131 177 62
131 179 42
131 189 23
131 203 68
131 229 22
131 272 53
131 286 52
131 294 84
132 141 40
132 147 71
132 159 9
132 184 2
132 191 43
132 197 61
132 211 34
132 261 26
132 275 69
132 281 90
132 290 25
132 296 22
133 161 8
133 217 71
133 237 28
133 261 55
133 299 76
134 150 9
134 152 79
134 167 20
134 168 1
134 173 39
134 182 19
134 191 63
134 197 32
134 257 93
134 283 82
135 153 53
135 160 45
135 173 85
135 287 88
136 158 36
136 183 55
136 216 48
136 224 37
136 246 49
136 247 9
136 270 23
136 287 74
136 297 77
137 144 12
137 165 50
137 171 51
137 188 19
137 199 20
137 220 78
137 245 74
137 275 47
137 276 39
137 288 4
138 160 66
138 186 39
138 196 42
138 202 36
138 215 53
138 218 26
138 221 80
138 226 86
138 248 78
138 256 76
138 280 70
138 289 18
138 294 12
138 297 24
139 142 65
139 235 48
139 254 72
139 281 73
139 284 70
139 299 98
140 161 2
140 166 81
140 170 47
140 184 4
140 199 52
140 209 19
140 210 33
140 251 77
140 263 65
140 274 71
140 286 32
141 143 83
141 192 62
141 195 73
141 219 18
141 223 66
141 271 98
141 280 50
141 299 52
142 175 28
142 178 25
142 211 21
142 243 97
142 283 36
142 291 97
143 171 13
143 179 84
143 190 20
143 220 86
143 224 53
144 145 69
144 151 39
144 197 86
144 205 16
144 206 42
144 218 37
144 246 86
144 247 74
144 278 65
144 286 50
144 288 97
144 290 96
144 295 32
145 146 58
145 149 20
145 173 2
145 203 75
145 224 70
145 232 51
145 270 26
145 275 49
145 287 75
145 296 99
146 156 45
146 199 11
146 212 95
146 227 57
146 249 94
146 292 14
147 152 94
147 157 98
147 183 35
147 198 84
147 200 83
147 220 2
147 222 25
147 247 71
147 273 87
147 281 99
147 299 87
148 181 36
148 199 47
148 237 82
148 247 20
148 286 56
148 288 54
149 163 21
149 164 30
149 196 23
149 222 23
149 229 8
149 233 71
149 260 97
149 267 6
149 277 67
150 171 59
150 198 52
150 233 75
150 263 4
150 293 17
150 294 21
150 298 2
151 170 51
151 183 4
151 218 36
151 236 52
151 254 29
151 257 59
151 265 38
151 278 79
152 172 45
152 183 26
152 197 25
152 215 79
152 223 45
152 243 80
152 253 84
152 271 17
152 282 61
152 283 6
153 196 39
153 220 68
153 233 28
153 243 87
153 250 73
154 175 46
154 205 46
154 218 76
154 233 20
154 240 1
154 264 93
155 197 40
155 218 2
155 219 43
155 225 44
155 230 90
155 232 95
155 250 24
155 258 48
155 267 84
156 166 54
156 168 44
156 188 9
156 210 78
156 216 74
156 232 5
156 266 9
156 270 57
156 272 21
156 277 21
156 283 62
156 289 11
157 168 89
157 195 41
157 230 98
157 242 13
157 259 86
157 294 95
157 298 89
158 187 58
158 238 95
158 271 81
159 210 97
159 259 49
160 169 75
160 172 92
160 209 38
160 237 21
160 268 67
160 271 37
160 286 5
161 163 20
161 219 80
161 233 13
161 247 49
161 276 6
162 163 70
162 164 9
162 176 62
162 193 90
162 206 30
162 241 76
162 267 1
162 285 18
163 169 16
163 181 98
163 228 82
163 242 54
163 274 44
163 283 22
164 169 11
164 170 38
164 171 2
164 187 59
164 200 86
164 232 29
164 239 3
164 285 75
165 182 49
165 185 69
165 186 11
165 208 53
165 216 89
165 226 43
165 293 18
166 193 37
166 220 48
166 234 87
166 251 46
166 274 9
167 180 28
167 198 27
167 210 84
167 222 28
167 238 44
167 256 52
167 277 77
167 292 77
168 217 5
168 221 20
168 227 99
168 232 67
168 259 58
168 260 52
168 261 25
168 292 95
168 293 80
168 299 27
169 190 70
169 231 29
169 239 48
169 245 80
169 287 33
170 188 36
170 198 74
170 209 50
170 210 24
170 229 21
170 232 88
170 268 21
170 269 82
170 285 16
171 176 47
171 197 65
171 203 43
171 224 42
171 251 68
172 183 72
172 184 19
172 193 72
172 217 91
172 218 69
172 226 38
172 240 100
172 245 20
172 247 15
172 291 47
173 198 100
173 229 93
173 241 16
173 248 80
173 255 40
173 260 47
173 267 12
174 193 27
174 199 73
174 239 14
174 285 51
174 296 93
175 184 53
175 192 23
175 193 74
175 195 68
175 252 70
175 286 91
175 295 63
176 196 63
176 205 58
176 216 34
176 243 81
176 255 82
176 265 76
176 267 1
176 270 71
176 297 28
177 187 21
177 214 85
177 226 74
177 234 72
177 283 30
178 214 41
178 245 3
178 250 69
178 270 39
178 298 66
179 238 48
179 256 11
179 267 79
180 191 50
180 211 4
180 237 32
181 185 72
181 210 29
181 252 51
181 261 93
181 275 71
182 183 13
182 199 56
182 221 81
182 225 98
182 248 88
182 289 62
182 295 26
182 299 89
183 185 32
183 198 5
183 206 9
183 257 69
183 282 78
184 225 32
184 283 98
185 194 70
185 216 34
185 246 18
185 255 8
186 206 99
186 229 65
186 240 19
186 259 30
186 260 14
186 261 74
186 285 13
186 298 86
187 216 54
187 260 15
187 276 78
187 286 25
187 291 80
188 192 85
188 213 5
188 220 29
188 235 73
188 253 18
188 261 54
188 263 61
188 291 1
189 197 58
189 200 21
189 219 69
189 236 87
189 264 4
189 282 18
189 297 56
190 238 37
190 243 36
190 247 16
190 259 87
190 260 100
190 284 86
191 232 68
191 249 66
191 258 59
191 265 32
191 270 51
192 204 64
192 266 47
192 288 80
192 289 40
193 196 26
193 231 65
193 240 96
193 262 54
193 282 89
193 283 13
194 219 60
194 226 1
194 229 66
194 240 69
194 249 21
194 251 34
194 265 56
194 292 24
195 201 52
195 211 63
195 216 12
195 238 39
195 260 78
195 277 50
196 202 90
196 209 63
196 238 70
196 278 55
196 291 73
197 210 1
197 224 5
197 259 89
197 261 99
197 272 37
197 274 28
197 281 76
197 297 53
198 246 76
198 278 82
198 284 93
199 218 88
199 292 41
199 296 93
200 217 53
200 218 9
200 224 13
200 227 39
200 263 16
201 223 88
201 229 42
201 243 79
201 294 99
202 203 80
202 206 8
202 233 100
202 259 69
202 282 23
202 294 69
202 296 76
203 234 47
203 240 70
203 270 32
203 277 35
204 213 68
205 208 68
205 223 63
205 225 44
205 229 72
205 276 90
205 279 25
206 212 64
206 228 77
206 229 17
206 237 56
206 255 82
206 260 77
206 278 20
206 282 72
207 226 45
207 236 7
207 240 65
207 245 75
207 260 57
207 281 44
208 222 82
208 225 57
208 239 64
208 241 56
208 249 25
208 263 91
208 269 3
209 229 46
209 247 23
209 264 37
209 266 66
209 296 42
210 239 51
210 261 61
210 267 14
211 218 40
211 231 37
211 232 77
211 247 69
211 269 53
211 285 85
212 213 2
212 256 81
212 293 4
213 224 73
213 228 25
213 238 11
213 248 37
213 254 99
213 270 19
213 275 32
214 215 33
214 269 75
214 287 47
214 289 88
215 240 52
215 243 38
215 249 90
215 252 97
216 237 12
216 239 27
216 240 14
216 255 53
217 248 77
217 290 74
218 250 66
218 259 69
218 264 62
218 277 95
219 229 37
219 240 14
219 248 31
219 276 38
219 291 47
220 248 34
220 249 62
220 251 71
220 261 96
220 274 50
221 225 22
221 239 15
221 268 81
221 275 54
221 286 41
221 295 79
221 299 93
222 233 92
222 238 68
222 284 83
223 229 41
223 234 79
223 242 61
223 252 54
223 254 32
223 276 37
223 291 80
224 264 49
224 265 5
225 231 41
225 253 43
225 254 93
225 271 7
225 289 73
226 232 30
226 243 53
226 251 59
226 256 43
227 273 75
228 235 54
228 251 92
229 232 48
229 244 20
229 265 24
230 239 53
230 267 13
230 270 55
231 239 46
231 263 4
231 266 22
231 273 28
231 277 96
231 295 53
232 276 88
232 280 2
232 284 84
233 262 76
233 273 81
234 247 32
234 253 33
234 256 73
234 262 27
234 278 25
234 282 31
234 290 99
234 292 7
235 249 35
235 261 9
236 256 1
236 268 10
237 270 15
237 272 93
237 299 9
238 252 34
238 279 68
238 285 62
238 291 46
239 246 22
239 264 7
239 276 2
240 244 44
240 247 34
240 259 97
241 263 96
242 258 73
242 268 50
242 270 31
242 279 48
242 281 82
243 251 14
243 252 32
243 259 55
243 269 40
243 285 9
243 297 37
243 298 91
244 255 15
244 260 72
245 260 99
245 276 67
245 280 33
246 252 13
246 270 59
246 288 41
247 272 99
247 278 27
247 298 2
248 262 44
248 286 100
249 253 8
249 277 97
249 283 43
249 291 93
250 277 46
250 299 90
251 272 17
252 256 95
252 257 72
252 260 17
252 272 29
252 278 86
252 287 48
252 295 83
253 280 25
254 278 56
255 269 19
255 289 15
256 261 22
256 266 42
256 279 66
256 285 89
257 259 74
257 274 78
257 297 99
258 261 15
258 278 76
259 260 77
259 267 16
259 274 72
261 262 77
262 264 76
262 287 20
263 293 71
263 299 20
264 272 65
264 298 61
265 289 89
266 273 12
266 298 84
267 281 5
269 281 40
269 293 69
270 287 4
271 289 74
272 288 94
273 284 12
273 297 44
274 279 60
274 280 33
274 294 86
275 286 25
277 281 73
277 289 59
278 280 55
283 289 24
283 294 73
286 298 82
287 290 52
289 298 41
290 291 5
291 295 28
294 295 68
294 297 25
300 304 43
300 327 20
300 328 19
300 336 23
300 419 34
300 426 33
300 444 3
300 459 16
300 502 19
300 507 15
300 522 45
300 542 9
300 589 28
301 309 33
301 350 17
301 390 8
301 399 34
301 407 41
301 413 39
301 432 6
301 441 14
301 448 9
301 449 49
301 454 23
301 477 36
301 504 17
301 544 9
301 590 31
302 303 9
302 342 9
302 361 34
302 363 3
302 419 28
302 444 4
302 454 26
302 463 11
302 464 36
302 483 30
302 498 26
302 510 6
302 516 47
302 519 23
302 528 15
302 579 24
303 354 5
303 358 33
303 367 33
303 383 40
303 399 24
303 416 21
303 433 48
303 460 37
303 489 30
303 510 46
303 523 9
303 529 15
303 546 14
304 314 19
304 355 48
304 365 24
304 382 27
304 447 33
304 451 26
304 465 6
304 481 36
304 517 3
304 532 19
304 558 21
304 560 33
304 575 46
305 306 28
305 376 29
305 395 18
305 401 42
305 402 4
305 418 25
305 423 25
305 427 37
305 439 14
305 459 50
305 465 7
305 483 11
305 518 36
305 540 38
305 543 8
305 544 46
305 546 5
306 326 21
306 373 14
306 390 4
306 444 44
306 481 42
306 503 36
306 562 22
306 595 47
307 319 21
307 320 24
307 345 17
307 346 43
307 365 6
307 386 13
307 419 20
307 557 36
307 559 30
307 562 14
307 599 40
308 332 6
308 337 38
308 382 28
308 412 20
308 419 39
308 452 36
308 469 32
308 499 24
308 534 26
308 535 42
308 573 19
308 587 30
309 312 12
309 317 34
309 318 35
309 340 8
309 376 25
309 389 20
309 397 29
309 438 23
309 442 42
309 454 4
309 494 40
309 501 34
309 509 10
309 530 4
310 384 5
310 390 47
310 391 35
310 419 18
310 523 38
310 532 41
310 539 7
310 575 15
310 586 12
311 312 45
311 319 1
311 344 45
311 366 20
311 371 28
311 379 36
311 382 38
311 389 7
311 402 50
311 468 23
311 482 41
311 487 9
311 533 47
311 554 12
312 329 37
312 332 22
312 333 3
312 344 40
312 368 13
312 393 38
312 455 1
312 527 16
312 591 42
313 331 50
313 342 2
313 420 12
313 457 37
313 463 44
313 464 18
313 471 2
313 490 5
313 496 15
313 497 4
313 500 2
313 531 34
313 555 31
313 594 39
314 334 24
314 344 39
314 356 38
314 364 46
314 366 31
314 369 46
314 373 45
314 400 42
314 420 34
314 432 16
314 450 46
314 496 26
314 507 30
314 518 33
314 550 28
314 551 47
314 585 26
315 326 27
315 348 48
315 365 37
315 375 16
315 377 42
315 419 5
315 420 19
315 425 48
315 436 21
315 459 22
315 481 1
315 502 4
315 519 4
315 523 40
315 524 27
315 543 44
316 356 29
316 365 25
316 385 24
316 413 25
316 425 19
316 438 17
316 507 10
316 593 36
317 320 14
317 331 35
317 338 17
317 393 48
317 400 15
317 411 13
317 447 23
317 479 43
317 485 12
317 493 10
317 504 8
317 528 5
317 529 16
317 546 26
317 576 5
318 359 38
318 366 49
318 367 5
318 385 41
318 397 2
318 401 46
318 504 20
318 512 47
318 519 25
318 546 46
318 565 22
318 569 1
318 580 14
319 320 40
319 327 10
319 364 1
319 395 3
319 400 47
319 409 19
319 469 2
319 512 11
319 533 31
319 561 25
319 563 3
319 576 44
319 579 36
319 585 13
320 340 49
320 376 3
320 397 38
320 438 5
320 445 40
320 465 37
320 488 9
320 524 32
320 543 40
320 544 5
320 550 1
320 567 37
320 597 31
321 328 48
321 348 10
321 402 31
321 417 11
321 437 50
321 442 40
321 448 13
321 500 4
321 514 36
321 519 31
321 526 6
321 532 48
321 543 13
321 544 30
322 326 3
322 363 9
322 364 17
322 365 15
322 372 9
322 374 19
322 395 4
322 442 13
322 456 10
322 460 40
322 468 23
322 507 41
322 515 30
322 527 27
322 539 44
322 549 18
322 557 9
322 559 41
322 567 27
322 568 39
323 386 4
323 404 28
323 408 29
323 412 18
323 431 32
323 440 16
323 464 1
323 498 39
323 503 16
323 521 13
323 534 18
323 570 18
323 582 21
323 593 36
323 596 34
324 344 31
324 351 6
324 352 37
324 370 43
324 389 15
324 439 29
324 488 16
324 555 5
324 588 10
324 589 44
325 335 50
325 341 27
325 366 3
325 417 41
325 437 5
325 475 41
325 493 44
325 500 35
325 521 21
325 543 11
325 551 16
325 560 39
325 563 11
325 591 6
326 342 4
326 350 26
326 395 23
326 401 23
326 402 48
326 403 10
326 450 6
326 525 29
326 597 15
327 347 44
327 365 23
327 381 29
327 398 22
327 424 38
327 440 35
327 456 31
327 520 32
327 524 35
327 570 9
327 595 36
327 597 25
328 330 16
328 331 26
328 342 20
328 344 50
328 345 47
328 358 32
328 364 17
328 387 37
328 396 45
328 408 22
328 416 40
328 440 22
328 445 46
328 446 12
328 452 21
328 454 5
328 472 19
328 503 1
328 504 21
328 529 12
328 572 24
328 598 49
329 336 36
329 337 11
329 347 33
329 394 18
329 438 44
329 446 19
329 469 27
329 476 29
329 478 45
329 489 44
329 516 5
329 520 14
329 534 43
329 562 3
330 346 48
330 348 11
330 353 39
330 359 44
330 386 34
330 407 30
330 411 15
330 420 29
330 434 41
330 448 35
330 456 35
330 462 11
330 467 36
330 477 5
330 499 24
330 523 9
330 529 5
330 557 9
330 570 21
330 571 39
331 339 27
331 353 15
331 355 8
331 414 5
331 417 43
331 423 4
331 443 48
331 444 49
331 457 20
331 514 40
331 546 1
332 354 17
332 367 2
332 380 41
332 407 10
332 444 35
332 478 20
332 480 26
332 520 15
332 540 12
332 542 12
332 544 1
332 545 22
332 557 49
332 587 5
332 593 46
332 599 9
333 340 11
333 358 4
333 380 30
333 395 49
333 413 32
333 434 44
333 436 8
333 457 36
333 479 38
333 485 14
333 488 33
333 528 37
333 544 33
333 564 24
333 572 39
333 574 49
333 596 27
334 345 30
334 387 10
334 399 11
334 406 49
334 413 37
334 420 25
334 443 11
334 454 48
334 467 25
334 482 34
334 486 47
334 543 31
334 559 29
335 354 7
335 365 43
335 377 35
335 392 36
335 420 44
335 428 16
335 432 31
335 434 1
335 441 2
335 495 19
335 507 16
335 509 36
335 549 7
335 559 48
335 577 12
335 590 45
336 348 48
336 362 38
336 363 24
336 368 7
336 377 49
336 379 25
336 389 45
336 426 25
336 446 37
336 450 43
336 465 2
336 469 20
336 493 41
336 526 34
336 544 1
336 550 47
336 560 27
336 594 35
337 344 35
337 365 20
337 391 50
337 416 17
337 439 22
337 441 3
337 442 35
337 447 38
337 449 41
337 452 41
337 456 37
337 527 2
337 583 38
338 351 35
338 381 39
338 403 11
338 425 41
338 447 39
338 453 35
338 456 38
338 556 16
338 559 23
338 581 30
339 343 19
339 355 43
339 359 22
339 382 2
339 386 43
339 400 20
339 419 30
339 428 29
339 430 6
339 471 1
339 489 28
339 494 23
339 529 25
339 535 33
339 539 9
339 548 14
339 561 23
339 562 2
339 593 50
340 359 26
340 363 39
340 377 34
340 385 14
340 390 49
340 396 27
340 411 5
340 437 36
340 461 14
340 465 20
340 511 8
340 516 45
340 520 38
340 549 2
340 563 18
341 364 41
341 372 46
341 373 37
341 386 21
341 406 24
341 407 43
341 413 23
341 416 4
341 420 17
341 431 47
341 436 38
341 442 25
341 454 10
341 464 10
341 466 26
341 482 10
341 484 37
341 506 14
341 559 45
341 584 50
342 344 15
342 403 21
342 407 6
342 443 2
342 448 36
342 457 27
342 486 9
342 519 30
342 520 14
342 530 13
342 535 47
342 545 7
342 565 8
342 569 36
342 582 29
343 393 34
343 401 30
343 402 1
343 411 37
343 433 46
343 522 48
343 564 24
343 568 22
343 581 9
343 588 35
344 393 48
344 400 20
344 409 21
344 412 13
344 471 17
344 500 22
344 537 29
344 574 39
344 578 28
345 371 30
345 397 25
345 410 4
345 420 39
345 423 6
345 465 20
345 477 3
345 500 5
345 550 26
345 558 10
345 564 42
345 584 4
345 588 43
345 594 21
346 407 6
346 428 31
346 468 18
346 472 5
346 481 4
346 493 39
346 506 14
346 516 40
346 553 38
346 586 35
346 593 10
347 387 1
347 408 1
347 413 34
347 429 29
347 437 40
347 450 11
347 551 11
347 553 16
347 559 16
347 584 1
347 588 21
348 353 35
348 443 3
348 463 27
348 466 12
348 495 14
348 512 18
348 514 17
348 521 7
348 537 38
348 538 23
348 545 39
349 369 5
349 421 29
349 427 43
349 430 46
349 472 44
349 502 34
349 508 33
349 517 29
349 519 44
349 522 35
349 536 31
349 539 27
349 591 16
350 375 22
350 379 39
350 425 26
350 453 37
350 485 4
350 522 26
350 591 8
350 595 41
351 359 30
351 363 34
351 364 4
351 369 43
351 387 4
351 404 21
351 412 49
351 429 41
351 440 45
351 457 38
351 463 48
351 487 23
351 529 32
351 535 45
351 542 17
351 545 15
351 548 27
351 551 47
351 575 10
351 580 14
351 581 27
352 357 38
352 359 29
352 404 49
352 410 26
352 462 6
352 463 35
352 468 32
352 495 33
352 530 44
352 544 24
352 564 12
352 580 30
353 360 27
353 374 4
353 377 33
353 383 47
353 406 5
353 417 25
353 421 43
353 498 44
353 503 24
353 523 16
353 544 27
353 582 18
354 355 34
354 411 43
354 439 47
354 451 30
354 493 3
354 529 10
354 531 8
354 535 42
354 591 40
355 357 8
355 383 20
355 402 45
355 447 43
355 453 1
355 465 27
355 472 38
355 504 26
355 520 38
355 542 19
355 563 2
356 414 43
356 449 3
356 455 1
356 463 47
356 470 28
356 473 43
356 476 40
356 495 3
356 577 8
356 595 16
357 365 23
357 396 43
357 405 9
357 471 19
357 492 22
357 514 13
357 522 30
357 584 32
357 592 4
358 366 19
358 398 39
358 416 23
358 447 13
358 483 33
358 484 25
358 536 41
358 559 21
358 571 2
358 573 30
358 582 41
358 593 4
359 385 22
359 389 44
359 481 4
359 491 21
359 527 23
359 534 48
359 548 10
359 559 27
359 561 6
359 571 28
359 599 49
360 387 50
360 434 38
360 439 17
360 444 24
360 475 2
360 479 46
360 499 5
360 519 5
360 533 14
360 550 43
361 372 30
361 405 28
361 500 26
361 520 6
361 529 20
361 549 48
361 584 8
361 598 1
362 367 38
362 432 13
362 454 23
362 486 33
362 526 16
362 549 43
362 558 5
362 584 15
362 597 4
362 599 32
363 393 22
363 403 33
363 448 32
363 476 22
363 511 22
363 517 49
363 534 45
363 567 23
363 571 46
363 582 49
364 366 30
364 377 12
364 391 41
364 405 9
364 446 39
364 466 18
364 468 16
364 525 11
364 531 15
364 539 25
364 557 11
364 585 5
364 587 37
364 589 35
364 590 37
365 473 4
365 488 29
365 495 44
365 527 19
365 559 35
365 587 27
365 590 40
366 411 17
366 438 8
366 447 11
366 452 39
366 461 8
366 480 5
366 501 11
366 517 4
366 518 5
366 522 40
366 536 15
366 541 48
366 594 50
367 382 5
367 384 15
367 392 18
367 402 17
367 416 32
367 424 42
367 426 28
367 435 38
367 456 29
367 494 14
367 520 26
367 526 32
367 540 43
367 544 21
367 574 50
367 575 27
367 585 47
368 396 42
368 426 45
368 440 7
368 466 2
368 477 35
368 510 16
368 512 9
368 554 48
368 559 21
368 581 15
369 375 37
369 386 35
369 390 12
369 392 39
369 422 42
369 423 27
369 506 6
369 525 8
369 528 10
369 530 47
369 535 37
369 557 47
369 582 27
370 407 1
370 416 22
370 438 9
370 442 43
370 474 43
370 488 10
370 508 21
370 509 41
370 527 1
370 539 17
370 541 49
370 545 5
370 593 2
370 594 17
371 374 15
371 391 49
371 417 37
371 439 29
371 451 37
371 471 22
371 489 41
371 517 25
371 542 15
371 548 19
371 563 32
371 598 22
372 378 30
372 388 31
372 393 9
372 405 26
372 462 7
372 534 9
372 547 49
372 548 15
372 556 3
372 584 43
373 387 27
373 421 25
373 464 34
373 467 29
373 476 41
373 477 34
373 493 33
373 501 42
373 502 50
373 515 49
373 547 40
373 554 37
373 587 30
374 375 27
374 384 10
374 396 20
374 403 3
374 418 24
374 419 40
374 455 37
374 496 45
374 517 21
374 554 17
374 564 5
374 575 46
375 400 23
375 422 15
375 469 46
375 495 40
375 506 19
375 519 39
375 541 16
375 543 43
375 582 24
375 587 46
375 589 36
376 398 7
376 422 31
376 423 29
376 447 7
376 469 29
376 515 19
376 519 45
376 525 8
376 532 47
376 558 4
376 569 29
377 382 1
377 398 29
377 402 20
377 409 37
377 416 23
377 423 40
377 430 3
377 449 28
377 481 37
377 491 28
377 514 44
377 550 33
377 588 17
378 392 13
378 401 23
378 413 34
378 453 7
378 486 46
378 502 29
378 541 42
378 546 2
379 390 9
379 413 21
379 417 10
379 418 40
379 423 41
379 426 6
379 457 49
379 471 39
379 514 9
379 538 28
379 555 39
379 569 37
379 582 49
379 587 28
380 382 12
380 387 41
380 393 32
380 400 41
380 437 27
380 443 11
380 457 34
380 468 11
380 473 29
380 495 48
380 507 33
380 510 12
380 513 5
380 524 30
380 528 43
380 531 46
380 570 34
380 591 3
380 599 18
381 394 45
381 444 44
381 454 8
381 489 1
381 509 43
381 511 48
381 533 11
381 543 22
382 405 39
382 407 50
382 470 20
382 475 16
382 485 13
382 507 10
382 526 49
382 536 3
382 580 39
383 437 10
383 455 38
383 467 49
383 484 38
383 487 36
383 508 34
383 516 2
383 530 42
383 538 15
383 547 46
383 550 39
383 562 48
383 593 48
383 597 7
384 543 43
384 592 42
385 395 16
385 400 43
385 401 34
385 419 16
385 425 5
385 438 7
385 460 4
385 465 4
385 479 26
385 488 21
385 493 16
385 510 38
385 515 21
385 516 20
386 398 26
386 411 30
386 435 10
386 464 26
386 465 20
386 485 47
386 488 9
386 506 23
386 515 38
386 520 24
386 534 18
386 541 26
386 569 23
386 580 17
386 582 34
386 590 15
387 399 10
387 400 2
387 402 9
387 407 45
387 415 17
387 417 14
387 457 1
387 460 22
387 474 19
387 516 27
387 532 42
387 555 37
388 417 16
388 420 12
388 435 6
388 477 41
388 489 44
388 493 15
388 494 16
388 497 15
388 508 11
388 590 27
389 392 37
389 415 50
389 446 2
389 448 6
389 450 28
389 476 24
389 485 24
389 520 11
390 439 41
390 460 34
390 483 14
390 511 1
390 523 28
390 526 32
390 546 14
390 560 29
391 443 3
391 471 35
391 484 7
391 498 44
391 521 21
391 539 22
391 579 8
391 593 28
392 437 14
392 456 3
392 461 45
392 511 31
392 537 17
393 401 5
393 407 9
393 413 5
393 424 7
393 452 10
393 479 12
393 497 34
393 499 36
393 506 35
393 513 46
393 517 28
393 538 18
394 398 10
394 406 28
394 444 46
394 446 41
394 466 44
394 538 26
394 568 46
394 570 28
394 573 34
395 413 41
395 426 50
395 444 7
395 458 48
395 472 27
395 508 20
395 522 2
395 523 21
395 526 2
396 417 18
396 420 28
396 425 11
396 531 24
396 542 34
396 573 22
396 583 35
397 409 19
397 410 9
397 437 22
397 442 14
397 474 36
397 488 39
397 494 25
397 498 14
397 538 36
397 544 18
397 572 9
397 577 13
397 584 13
397 585 36
398 416 48
398 455 3
398 458 35
398 473 4
398 500 3
398 516 13
398 533 25
398 580 4
398 585 34
399 401 27
399 413 24
399 442 13
399 446 39
399 451 47
399 468 46
399 490 12
399 510 34
399 516 16
399 548 21
399 551 7
399 557 29
399 568 8
399 580 45
399 591 6
399 599 23
400 402 33
400 405 23
400 434 31
400 464 47
400 488 37
400 500 16
400 503 45
400 507 39
400 532 2
400 539 48
400 597 43
401 436 15
401 437 25
401 439 47
401 448 50
401 459 3
401 547 20
401 566 12
401 584 41
401 587 18
401 589 9
401 594 2
402 408 3
402 416 26
402 438 24
402 466 9
402 493 4
402 495 32
402 508 6
402 572 11
402 574 4
402 587 38
402 590 33
402 596 35
403 438 36
403 461 19
403 474 2
403 479 30
403 495 10
403 519 4
403 520 30
403 524 2
403 528 20
403 536 4
403 558 48
403 571 21
403 593 6
404 430 19
404 434 34
404 457 48
404 464 37
404 470 44
404 480 1
404 575 39
404 596 19
405 451 25
405 462 48
405 469 24
405 498 8
405 514 3
405 561 35
405 571 13
405 592 42
405 597 17
406 412 49
406 429 27
406 435 38
406 436 1
406 470 9
406 483 47
406 500 6
406 511 38
406 559 50
407 427 27
407 439 43
407 444 48
407 505 49
407 516 50
407 521 18
407 526 32
407 528 47
407 538 4
407 542 25
407 556 47
407 582 45
407 597 45
408 458 23
408 472 44
408 478 18
408 487 32
408 492 48
408 499 4
408 519 45
408 524 41
408 530 23
408 532 43
408 551 19
408 562 10
408 586 45
409 464 27
409 482 8
409 525 2
409 544 16
409 549 7
409 561 28
409 575 10
409 598 6
410 461 26
410 464 9
410 486 24
410 498 9
410 516 5
410 520 29
410 583 35
411 440 4
411 449 25
411 461 29
411 496 26
411 518 18
411 583 49
412 456 10
412 458 15
412 467 4
412 488 4
412 558 7
412 582 26
412 583 48
413 422 26
413 435 37
413 447 45
413 455 2
413 459 46
413 485 46
413 489 20
413 528 5
413 539 26
413 581 29
414 442 12
414 444 3
414 465 38
414 570 37
414 580 12
414 581 44
414 588 16
415 419 48
415 435 49
415 539 42
415 546 29
415 578 27
415 582 10
416 470 27
416 489 36
416 495 26
416 531 32
416 539 39
416 547 33
416 556 8
416 591 38
416 594 8
417 432 46
417 440 32
417 528 11
417 547 42
417 564 30
417 586 30
418 424 46
418 431 5
418 447 11
418 460 7
418 464 9
418 498 50
418 505 46
418 533 20
418 543 45
418 558 11
419 428 20
419 477 44
419 481 2
419 497 48
419 551 20
419 561 13
419 586 26
419 589 5
419 599 41
420 429 7
420 448 45
420 458 23
420 473 16
420 487 32
420 501 32
420 513 12
420 523 16
420 540 44
420 546 5
420 584 47
421 441 26
421 504 50
421 521 1
421 540 36
421 563 8
421 574 11
421 585 37
421 597 5
422 425 31
422 440 31
422 468 15
422 481 2
422 511 24
422 517 19
422 521 49
422 532 43
422 537 33
422 547 24
422 548 47
422 551 23
422 568 30
422 585 43
423 431 47
423 504 48
423 510 27
423 511 30
423 544 9
423 548 42
423 567 24
423 585 13
424 425 38
424 456 49
424 524 14
424 529 40
424 553 36
424 565 23
424 594 50
425 432 22
425 435 28
425 448 32
425 478 2
425 495 44
425 500 33
425 532 28
425 565 14
425 577 31
426 437 20
426 440 47
426 472 6
426 490 19
426 492 21
426 506 38
426 515 11
426 535 20
426 582 35
427 463 37
427 568 49
427 588 43
427 597 30
428 462 22
428 523 7
428 548 19
428 564 22
428 576 22
428 594 8
428 596 9
429 446 44
429 469 10
429 491 32
429 492 23
429 525 43
429 547 34
429 559 17
429 563 26
430 450 13
430 455 32
430 486 8
430 490 32
430 491 28
430 495 16
430 507 2
430 553 1
431 438 3
431 522 13
431 530 20
431 575 37
432 464 1
432 475 18
432 513 31
432 532 31
432 537 42
432 578 37
432 580 49
432 594 15
433 450 8
433 458 9
433 478 26
433 509 3
433 516 20
433 536 7
433 541 26
433 549 12
433 589 42
434 471 44
434 472 39
434 480 4
434 488 25
434 491 47
434 499 36
434 528 5
434 533 12
434 551 37
434 592 5
435 449 14
435 476 1
435 510 26
435 516 2
435 524 4
435 546 45
435 587 32
435 599 34
436 478 38
436 500 18
436 503 34
436 547 3
436 554 27
436 565 44
436 593 28
436 597 29
437 453 13
437 477 36
437 554 6
437 565 25
437 577 28
437 578 49
438 458 13
438 471 31
438 502 24
438 525 11
438 571 18
438 583 28
439 441 24
439 449 7
439 462 34
439 471 39
439 513 9
439 536 9
439 538 40
439 540 12
439 555 3
439 560 21
439 566 47
439 580 41
440 450 40
440 459 33
440 462 45
440 467 18
440 468 26
440 486 24
440 500 49
440 519 41
440 521 9
440 553 4
440 563 17
440 582 36
440 590 3
441 442 31
441 447 19
441 515 28
441 559 42
441 598 36
442 451 7
442 493 17
442 518 42
442 522 40
442 548 6
442 570 1
442 584 50
442 595 45
442 596 14
443 447 4
443 456 18
443 457 11
443 463 44
443 476 9
443 484 43
443 496 40
443 499 29
443 518 20
443 542 15
443 570 27
443 574 10
443 594 24
444 555 30
444 563 26
444 579 11
444 583 34
444 587 7
444 595 31
445 447 13
445 473 50
445 474 17
445 527 19
445 544 16
445 590 10
445 597 8
445 599 21
446 450 12
446 459 9
446 497 18
446 531 26
446 533 13
446 538 37
446 560 38
446 564 8
446 585 45
446 598 30
447 469 48
447 495 23
447 502 49
447 513 14
447 534 1
447 538 9
447 572 37
447 595 33
448 466 36
448 523 50
448 550 16
448 553 42
448 568 30
448 593 29
449 493 43
449 495 48
449 568 49
449 593 9
450 554 10
451 453 9
451 466 29
451 467 21
451 476 17
451 480 48
451 482 48
451 527 29
451 553 34
451 556 35
451 559 39
451 593 31
451 598 16
452 457 38
452 458 3
452 459 15
452 467 1
453 457 6
453 499 25
453 554 40
453 566 38
453 596 10
454 483 39
454 487 3
454 488 4
454 520 20
454 544 33
454 566 46
455 457 20
455 470 32
455 475 6
455 476 29
455 515 40
455 555 37
455 556 1
455 572 8
455 582 34
455 588 1
456 475 39
456 486 18
456 510 35
456 511 27
456 516 48
456 542 1
456 543 14
457 479 2
457 549 17
458 469 14
458 517 7
458 539 41
458 547 3
458 565 46
458 585 2
458 588 43
459 463 49
459 498 7
459 502 13
459 514 33
459 541 3
459 543 34
459 552 16
459 554 8
459 585 12
460 492 7
460 499 44
460 504 12
460 505 15
460 509 30
460 514 14
460 558 3
460 562 47
460 563 49
461 472 31
461 516 46
461 524 1
461 536 44
461 546 49
461 565 19
461 566 7
462 472 8
462 486 9
462 500 10
462 513 3
462 516 12
462 576 2
462 584 3
463 530 19
463 531 16
463 541 36
463 562 23
463 567 49
463 587 3
464 474 32
464 475 12
464 489 12
464 493 28
464 519 26
464 520 28
464 545 7
464 587 39
464 590 32
465 466 5
465 480 39
465 481 12
465 501 50
465 512 39
465 539 5
465 548 50
465 574 7
466 473 11
466 495 7
466 534 17
466 545 22
466 580 10
467 493 31
467 565 26
468 469 12
468 476 49
468 494 43
468 519 49
468 528 21
468 536 44
468 552 2
468 554 2
468 599 5
469 493 15
469 500 29
469 565 30
469 585 42
469 592 37
469 594 19
470 471 23
470 481 41
470 484 7
470 488 34
470 493 42
470 508 48
470 512 38
470 545 42
470 548 6
470 554 50
470 556 50
470 561 25
470 563 24
470 582 9
470 595 5
471 488 1
471 492 23
471 505 5
471 514 43
471 518 21
471 531 27
471 536 36
471 548 24
471 559 30
471 569 43
471 571 38
472 476 11
472 494 22
472 552 29
472 562 47
472 596 42
473 507 1
473 530 40
473 546 1
473 550 36
473 570 33
473 582 50
473 594 25
474 480 24
474 491 7
474 499 27
474 520 24
474 523 31
474 543 50
474 544 34
475 493 37
475 519 2
475 527 6
475 568 43
475 572 44
475 592 29
476 497 19
476 500 32
476 509 2
476 515 1
476 541 24
476 542 40
476 580 11
477 478 47
477 482 20
477 486 9
477 496 39
477 520 23
477 526 50
477 533 41
477 538 8
477 546 33
477 563 40
477 569 35
477 587 8
478 483 46
478 484 11
478 501 33
478 516 29
478 520 12
478 554 17
479 485 15
479 487 15
479 511 24
479 557 10
479 591 8
480 506 2
480 590 30
480 592 41
480 595 4
481 492 30
481 513 16
481 522 45
481 528 42
481 538 13
481 565 14
481 570 3
481 594 1
482 568 38
482 573 2
483 486 43
483 496 48
483 506 34
483 514 32
483 517 32
483 520 42
483 524 29
483 532 44
483 549 24
483 566 7
483 581 7
483 586 42
483 591 24
483 596 21
484 510 16
484 577 33
485 493 30
485 509 17
485 519 12
485 546 21
485 557 20
485 559 44
485 564 36
485 577 16
485 594 35
486 521 50
486 535 32
486 537 39
486 543 2
486 551 19
486 558 41
486 583 44
487 519 16
487 561 24
487 598 25
488 492 49
488 498 17
488 547 4
488 559 42
488 567 43
489 491 10
489 553 50
489 555 34
489 557 35
489 559 20
489 579 49
489 594 17
490 549 50
490 551 18
490 555 31
490 557 22
490 562 39
490 565 24
490 578 9
490 594 5
491 507 10
491 512 9
491 513 36
491 539 49
491 575 10
491 579 4
492 497 39
492 502 4
492 533 22
492 537 14
492 543 30
492 598 20
493 499 33
493 505 35
493 544 14
493 551 25
493 563 47
493 576 13
493 596 8
494 536 31
494 547 35
494 551 9
494 554 48
494 584 34
495 497 26
495 503 30
495 549 7
495 555 14
495 570 5
495 573 15
495 597 18
496 507 14
496 511 25
496 531 5
496 545 14
496 559 35
497 508 9
497 535 2
497 561 40
497 576 32
498 522 18
498 524 19
499 526 1
500 510 2
500 521 4
500 548 16
500 577 26
501 502 50
501 522 29
501 530 35
502 544 32
502 558 13
502 598 43
503 527 31
503 544 48
503 557 18
503 559 10
503 576 4
503 586 32
504 510 14
504 515 20
504 517 1
504 529 30
504 535 45
504 565 6
504 573 43
504 592 31
504 596 16
505 511 47
505 520 20
505 556 47
505 557 14
505 561 38
505 593 49
505 599 15
506 529 43
506 538 17
506 566 42
506 570 44
506 599 45
507 524 26
507 527 26
507 550 9
507 552 19
507 554 6
507 569 8
508 549 38
508 566 18
508 599 13
509 518 21
509 550 31
509 551 32
509 576 22
509 586 10
509 595 28
510 521 29
510 526 3
510 555 8
510 561 46
510 576 49
511 530 29
511 534 44
511 585 14
511 598 19
512 527 42
512 544 30
512 559 11
512 567 10
512 596 21
513 521 7
513 524 4
513 576 48
513 590 32
514 515 14
514 517 16
514 521 39
514 526 23
514 547 4
514 552 6
514 574 35
514 579 24
514 598 39
515 518 19
515 553 47
516 531 48
516 548 48
516 552 27
516 565 2
516 598 6
517 522 22
517 565 2
517 573 36
517 584 15
518 519 17
518 549 4
518 594 9
518 597 48
519 548 15
519 553 18
520 529 18
520 549 23
520 556 24
520 565 18
520 593 4
520 598 37
521 526 33
521 536 44
521 543 10
521 550 38
521 559 50
521 566 46
521 571 14
522 567 40
522 580 14
522 581 12
523 571 37
523 576 14
523 584 39
524 554 41
524 567 21
524 575 10
524 584 44
524 593 6
525 542 25
525 548 11
525 577 10
525 586 33
525 598 8
526 544 26
526 562 50
526 564 28
526 572 48
527 539 25
527 563 45
527 572 3
527 594 12
527 595 29
528 529 46
528 536 23
528 552 19
528 574 47
528 596 20
530 545 34
530 582 36
531 559 36
532 537 45
532 547 25
532 552 49
532 565 33
532 567 15
532 578 19
533 551 45
534 548 8
534 579 24
534 583 19
535 571 20
535 584 33
536 549 3
536 563 28
537 540 8
537 551 4
537 575 7
537 591 5
537 598 29
538 563 3
538 572 7
538 584 42
539 541 31
539 577 5
539 589 16
540 550 1
540 588 1
541 548 35
541 550 34
541 555 37
541 559 20
541 561 31
541 578 13
542 562 18
543 575 13
543 576 27
544 560 36
545 559 9
545 582 36
545 596 12
546 581 29
547 564 8
549 570 44
549 593 31
550 558 37
550 567 4
551 570 37
551 591 43
552 560 10
552 567 17
552 588 47
552 595 19
552 599 8
553 593 29
554 571 23
555 578 23
555 583 30
555 596 25
555 599 7
556 559 15
556 569 13
557 577 29
557 591 45
557 594 25
558 564 48
558 578 10
559 579 3
559 586 34
559 588 18
560 570 41
561 574 47
562 573 47
563 578 48
564 584 42
565 579 29
565 592 34
567 569 47
568 580 15
568 584 28
568 593 7
569 570 33
569 574 24
569 587 25
569 592 40
572 581 2
572 595 49
573 599 14
574 592 33
574 597 25
576 584 23
576 592 48
577 588 38
579 594 1
581 584 42
581 586 14
581 589 48
581 595 3
582 598 17
585 587 33
585 597 23
586 594 7
586 599 31
589 595 19
589 596 6
589 597 23
590 591 49
600 299 78
601 599 16
600 601 94
602 655 23
602 675 18
602 681 11
602 700 1
602 712 11
602 715 15
602 735 20
602 746 3
602 753 10
602 772 20
602 779 21
602 796 10
602 797 6
602 844 2
602 885 8
603 656 7
603 676 9
603 684 17
603 687 7
603 691 22
603 752 20
603 758 6
603 785 24
603 787 14
603 806 11
603 830 16
603 833 18
603 835 22
603 838 15
603 901 7
604 651 25
604 661 12
604 665 24
604 737 10
604 739 14
604 740 11
604 758 1
604 781 8
604 788 13
604 789 10
604 807 4
604 821 10
604 836 21
604 838 10
604 853 11
604 875 4
605 633 16
605 651 21
605 656 22
605 662 24
605 674 17
605 690 18
605 741 5
605 753 16
605 774 8
605 795 15
605 804 8
605 813 1
605 833 13
605 836 22
605 860 7
606 610 13
606 616 10
606 668 8
606 686 24
606 715 24
606 772 18
606 788 25
606 851 8
606 879 8
606 880 11
607 631 12
607 638 17
607 655 7
607 660 21
607 697 5
607 710 12
607 712 13
607 756 25
607 811 10
607 815 12
607 841 19
607 853 3
608 642 18
608 677 11
608 702 12
608 725 7
608 731 18
608 734 12
608 813 19
608 820 15
608 824 21
608 838 8
608 849 24
608 860 3
609 651 9
609 675 24
609 698 22
609 706 8
609 729 7
609 737 4
609 835 20
609 848 18
609 861 23
609 872 3
609 893 15
609 894 4
610 636 14
610 657 4
610 705 5
610 731 1
610 751 17
610 776 23
610 796 5
610 801 9
610 806 8
610 812 16
610 837 17
610 840 3
610 877 3
610 881 13
610 884 17
610 894 25
611 647 20
611 670 17
611 680 2
611 694 3
611 707 16
611 732 23
611 738 12
611 780 24
611 781 4
611 801 9
611 838 18
611 880 1
612 613 11
612 623 9
612 650 4
612 675 2
612 679 12
612 751 8
612 784 2
612 787 6
612 808 8
612 816 6
612 817 14
612 826 15
612 853 21
612 860 6
612 862 19
612 866 25
612 870 20
612 873 10
613 630 24
613 654 14
613 656 4
613 664 2
613 676 19
613 711 21
613 726 25
613 765 7
613 769 19
613 774 5
613 792 15
613 793 11
613 863 5
613 892 1
614 619 19
614 686 10
614 699 2
614 702 7
614 720 19
614 748 5
614 754 12
614 759 1
614 762 10
614 788 3
614 802 18
614 839 7
614 859 10
614 876 11
614 891 7
614 900 4
615 637 23
615 667 7
615 674 19
615 689 1
615 693 9
615 720 12
615 728 21
615 752 10
615 783 21
615 786 16
615 791 14
615 799 10
615 802 1
615 803 20
615 823 12
615 845 21
615 886 6
616 665 15
616 668 2
616 685 24
616 727 19
616 733 16
616 734 25
616 736 5
616 741 18
616 768 19
616 812 12
616 829 2
616 839 4
616 864 20
616 865 5
616 869 3
616 894 3
617 619 23
617 635 3
617 665 11
617 680 12
617 714 25
617 716 22
617 740 9
617 753 17
617 767 12
617 773 18
617 786 17
617 787 8
617 791 7
617 811 14
617 812 13
617 830 21
617 840 18
617 855 12
617 857 17
617 883 8
617 887 13
617 896 21
618 624 2
618 668 6
618 686 9
618 690 5
618 712 11
618 724 3
618 728 11
618 732 14
618 768 6
618 770 10
618 793 18
618 828 18
618 844 21
618 851 20
618 900 15
619 628 4
619 644 11
619 658 3
619 664 24
619 699 5
619 731 11
619 749 7
619 752 18
619 771 25
619 823 4
619 826 12
619 833 13
619 844 22
620 628 21
620 670 2
620 676 18
620 719 22
620 816 9
620 825 1
620 840 3
621 637 20
621 639 6
621 644 13
621 645 10
621 648 11
621 669 23
621 712 2
621 719 3
621 735 20
621 794 23
621 812 19
621 832 1
621 846 11
621 847 24
621 852 1
622 655 15
622 659 11
622 660 9
622 674 9
622 681 10
622 691 12
622 713 21
622 715 25
622 744 9
622 758 18
622 764 1
622 772 3
622 773 17
622 802 10
622 816 5
622 843 19
622 897 6
623 633 10
623 661 9
623 663 15
623 729 20
623 732 8
623 740 18
623 751 25
623 759 4
623 767 16
623 782 18
623 786 4
623 787 1
623 790 16
623 887 6
624 629 17
624 640 3
624 654 16
624 668 2
624 683 13
624 686 3
624 745 22
624 771 14
624 806 13
624 809 17
624 811 14
624 829 17
624 840 8
624 851 25
624 889 21
625 636 1
625 666 5
625 707 6
625 713 11
625 779 21
625 821 25
625 842 18
625 859 14
625 862 24
625 878 22
625 883 6
626 636 19
626 644 2
626 681 8
626 684 11
626 715 8
626 723 1
626 734 14
626 741 23
626 753 2
626 793 3
626 805 2
626 806 1
626 841 16
626 846 16
626 881 17
626 883 6
626 888 7
627 670 1
627 674 6
627 679 3
627 684 1
627 702 12
627 724 8
627 728 12
627 797 8
627 814 9
627 815 4
627 833 23
627 851 10
627 857 2
627 878 5
627 900 3
628 697 4
628 722 14
628 725 15
628 739 13
628 833 16
628 848 3
628 850 10
628 867 17
628 894 7
629 632 14
629 677 19
629 688 24
629 708 4
629 709 12
629 710 5
629 718 13
629 727 12
629 736 10
629 750 15
629 760 13
629 765 23
629 773 24
629 783 1
629 810 7
629 814 7
629 815 6
629 820 4
629 831 16
629 834 8
629 839 10
629 843 20
629 846 13
629 893 23
630 644 10
630 663 25
630 669 15
630 682 14
630 708 11
630 736 7
630 741 23
630 783 24
630 788 2
630 815 21
630 828 5
630 861 14
630 899 25
631 647 19
631 662 25
631 683 11
631 709 8
631 737 14
631 746 11
631 775 8
631 794 16
631 804 17
631 810 16
631 841 22
631 884 21
631 898 9
632 636 6
632 642 7
632 651 3
632 653 18
632 673 7
632 674 14
632 717 19
632 778 21
632 780 5
632 850 4
632 852 4
632 856 2
632 868 5
632 879 6
632 886 22
632 897 9
633 640 19
633 648 24
633 651 4
633 658 20
633 660 11
633 688 11
633 711 9
633 720 21
633 734 20
633 768 24
633 792 13
633 851 10
633 852 22
633 858 10
633 887 18
634 664 4
634 668 16
634 695 23
634 698 21
634 703 22
634 718 11
634 741 14
634 751 18
634 808 17
634 812 20
634 842 21
634 859 18
634 889 24
634 897 3
634 898 17
635 639 9
635 641 21
635 671 17
635 689 12
635 698 18
635 699 2
635 724 24
635 730 1
635 796 23
635 838 18
635 840 1
635 846 12
635 860 2
635 861 25
635 879 21
635 880 22
635 893 3
636 644 13
636 648 19
636 661 1
636 680 10
636 688 6
636 719 14
636 776 4
636 808 23
636 817 10
636 821 1
636 829 17
636 850 8
636 853 4
636 868 8
636 883 16
636 900 1
637 673 24
637 836 2
637 838 18
638 642 3
638 663 25
638 664 20
638 668 2
638 676 19
638 692 23
638 712 13
638 716 23
638 742 22
638 752 10
638 754 19
638 763 24
638 792 22
638 831 14
638 832 24
638 863 6
638 865 21
638 887 15
638 901 11
639 670 18
639 713 24
639 734 12
639 738 10
639 805 7
639 807 17
639 814 19
639 820 24
639 824 19
639 873 20
639 898 3
640 655 14
640 660 22
640 663 4
640 683 10
640 698 25
640 727 23
640 736 7
640 752 12
640 759 22
640 819 3
640 859 21
640 870 15
641 658 4
641 685 17
641 695 5
641 712 2
641 715 25
641 730 25
641 732 18
641 749 10
641 763 20
641 778 17
641 788 23
641 790 6
641 804 25
641 855 16
641 874 24
641 900 25
642 687 12
642 713 20
642 717 2
642 736 2
642 741 18
642 783 6
642 802 11
642 855 17
642 856 5
642 869 18
642 890 3
642 891 1
642 896 22
643 677 25
643 698 17
643 699 25
643 712 19
643 717 21
643 736 4
643 747 20
643 773 22
643 778 21
643 780 4
643 817 16
643 838 12
643 839 4
643 850 21
643 864 13
643 877 21
644 646 20
644 647 13
644 652 9
644 656 16
644 704 16
644 736 10
644 745 9
644 749 21
644 761 21
644 781 25
644 806 2
644 807 15
644 851 5
644 884 2
644 885 11
644 893 6
645 657 20
645 665 13
645 668 24
645 688 15
645 699 16
645 705 18
645 716 12
645 741 11
645 747 24
645 794 4
645 797 25
645 808 4
645 817 25
645 871 14
645 878 1
646 656 21
646 731 1
646 740 10
646 758 11
646 785 17
646 812 19
646 823 21
646 863 14
646 885 16
647 660 21
647 663 18
647 689 5
647 691 2
647 700 21
647 726 16
647 728 9
647 744 16
647 749 5
647 758 10
647 778 7
647 860 20
647 881 4
647 900 20
648 679 7
648 711 2
648 716 24
648 737 8
648 760 7
648 769 23
648 783 22
648 784 8
648 793 20
648 820 24
648 884 19
648 888 5
648 895 17
649 680 12
649 693 1
649 717 6
649 734 3
649 744 23
649 752 25
649 761 9
649 778 1
649 801 20
649 832 1
649 838 9
649 880 10
649 884 5
649 887 18
650 654 17
650 679 1
650 687 22
650 719 11
650 758 8
650 764 25
650 766 9
650 806 15
650 837 9
650 864 8
650 868 11
650 875 18
650 884 2
650 891 10
651 679 11
651 680 9
651 710 3
651 727 24
651 733 11
651 766 10
651 773 3
651 778 10
651 816 9
651 836 12
651 839 12
651 849 4
651 865 14
651 877 20
651 887 13
651 889 19
651 898 15
652 676 6
652 732 19
652 736 13
652 765 17
652 771 3
652 785 14
652 814 2
652 834 18
652 844 22
652 850 12
652 866 5
652 870 16
652 872 13
653 679 16
653 682 1
653 689 23
653 710 19
653 711 2
653 741 8
653 798 3
653 816 6
654 659 19
654 671 14
654 698 19
654 712 5
654 723 17
654 734 8
654 767 25
654 770 6
654 805 3
654 817 16
654 834 12
654 873 21
654 880 5
654 882 5
654 886 1
655 656 18
655 675 6
655 681 20
655 713 17
655 772 17
655 774 24
655 777 9
655 782 7
655 810 17
655 824 12
655 848 6
655 857 12
655 875 13
655 887 14
655 892 16
656 660 20
656 672 7
656 679 4
656 696 14
656 722 14
656 735 20
656 748 23
656 761 15
656 814 1
656 823 25
656 843 5
656 853 14
656 887 22
657 664 11
657 666 18
657 680 22
657 693 5
657 703 25
657 708 16
657 717 23
657 730 19
657 801 17
657 802 7
657 836 25
657 837 8
657 864 18
657 881 5
658 708 21
658 718 7
658 743 20
658 794 11
658 820 1
658 834 4
658 846 15
658 888 16
659 667 17
659 679 9
659 716 13
659 720 6
659 726 11
659 739 12
659 752 12
659 754 24
659 760 11
659 767 22
659 793 16
659 802 7
659 807 3
659 816 16
659 823 25
659 839 1
659 848 9
659 883 18
659 895 7
660 663 10
660 664 25
660 674 24
660 677 16
660 701 22
660 707 7
660 737 13
660 745 7
660 748 7
660 750 18
660 787 21
660 846 23
660 855 9
660 863 7
660 871 12
660 890 16
661 664 17
661 678 24
661 683 4
661 686 16
661 690 11
661 691 2
661 744 8
661 747 19
661 764 4
661 776 25
661 786 18
661 793 4
661 809 10
661 817 10
661 856 10
662 665 21
662 671 11
662 686 10
662 690 14
662 701 7
662 707 16
662 721 1
662 734 14
662 743 25
662 759 18
662 773 11
662 776 24
662 792 3
663 698 17
663 714 10
663 728 20
663 741 9
663 830 10
664 681 23
664 689 1
664 798 20
664 837 24
664 857 8
664 863 14
664 882 2
665 710 10
665 713 8
665 724 8
665 734 21
665 865 18
665 877 19
665 885 17
665 892 5
665 898 4
666 674 5
666 686 12
666 702 21
666 708 7
666 711 2
666 724 20
666 767 24
666 773 12
666 795 20
666 832 3
666 833 4
666 864 5
666 866 22
666 870 14
666 898 14
667 685 21
667 704 14
667 708 11
667 727 21
667 740 23
667 765 24
667 790 24
667 792 7
667 797 8
667 831 6
667 841 3
667 848 25
667 850 25
667 871 21
667 886 7
667 893 3
668 672 25
668 686 20
668 697 25
668 703 6
668 721 21
668 791 22
668 871 6
668 891 9
669 696 16
669 720 10
669 730 12
669 731 20
669 740 8
669 766 25
669 789 11
669 818 3
669 823 15
669 892 21
669 897 23
670 678 13
670 679 21
670 715 21
670 716 19
670 724 3
670 727 4
670 733 23
670 743 5
670 769 3
670 771 18
670 805 11
670 808 7
670 829 19
670 841 5
670 871 6
670 885 24
671 697 2
671 770 4
671 844 6
671 868 10
671 892 20
671 901 15
672 680 24
672 737 16
672 741 22
672 749 25
672 764 1
672 779 1
672 789 15
672 799 23
672 807 25
672 825 2
672 849 18
672 861 21
672 873 22
672 885 23
673 710 24
673 771 20
673 804 2
673 823 3
673 824 14
673 855 14
673 873 9
673 874 8
674 677 20
674 681 16
674 686 8
674 762 21
674 779 20
674 790 16
674 853 7
674 858 14
675 685 5
675 711 5
675 712 4
675 748 4
675 801 5
675 817 7
675 845 4
675 858 19
675 890 4
675 896 4
676 699 20
676 705 24
676 735 1
676 744 18
676 783 21
676 800 1
676 834 14
676 852 24
677 695 3
677 708 3
677 721 14
677 723 13
677 724 12
677 729 8
677 731 5
677 752 19
677 766 5
677 767 24
677 783 9
677 853 11
677 854 14
678 686 16
678 696 18
678 699 20
678 707 21
678 713 22
678 733 1
678 765 24
678 781 17
678 819 6
678 831 4
678 890 13
678 894 4
679 701 6
679 715 5
679 729 1
679 730 6
679 846 19
679 856 1
679 863 10
679 872 23
679 878 14
679 879 24
680 687 9
680 696 23
680 730 4
680 748 4
680 751 4
680 850 2
680 852 15
680 879 17
681 737 18
681 738 5
681 771 9
681 799 12
682 694 25
682 722 7
682 808 12
682 814 25
682 815 25
682 877 19
682 901 6
683 687 12
683 693 23
683 696 13
683 701 18
683 710 25
683 759 21
683 775 13
683 776 1
683 830 5
683 863 10
683 888 16
684 687 6
684 719 18
684 777 16
684 853 9
684 880 22
684 900 19
685 698 12
685 717 11
685 720 12
685 734 4
685 739 17
685 745 22
685 754 17
685 814 18
685 858 3
685 879 5
686 696 19
686 699 2
686 700 24
686 703 1
686 709 15
686 714 23
686 738 14
686 742 8
686 768 22
686 775 9
686 794 20
686 809 24
686 839 15
686 901 7
687 713 15
687 727 20
687 731 24
687 784 7
687 825 5
687 868 22
687 879 2
688 706 19
688 733 9
688 756 14
688 771 22
688 773 2
688 780 10
688 790 16
689 738 21
689 743 15
689 807 20
689 838 15
689 856 16
689 893 18
690 736 15
690 741 8
690 754 15
690 765 3
690 767 15
690 852 12
690 859 11
690 863 11
690 866 12
690 875 3
690 890 17
690 898 1
691 706 22
691 707 18
691 739 7
691 744 2
691 761 16
691 793 9
691 861 20
691 867 2
691 880 24
691 886 18
691 888 5
692 697 8
692 724 8
692 731 1
692 746 22
692 767 5
692 792 15
692 799 15
692 802 22
692 812 6
692 823 22
692 859 14
692 864 9
692 873 13
692 896 2
693 729 21
693 741 25
693 757 13
693 759 25
693 771 19
693 788 14
693 805 22
693 838 11
693 849 22
693 862 25
693 886 3
694 702 7
694 705 21
694 708 6
694 710 5
694 718 15
694 720 11
694 730 15
694 738 25
694 749 11
694 758 13
694 804 4
694 814 25
694 830 2
694 841 2
694 875 7
694 876 25
694 883 15
694 898 15
695 722 14
695 734 16
695 743 13
695 790 14
695 809 4
695 828 12
695 857 7
695 893 19
696 722 10
696 768 19
696 771 17
696 777 11
696 786 21
696 842 24
696 846 6
696 858 2
696 871 5
696 874 23
697 700 14
697 743 21
697 747 22
697 758 24
697 805 9
697 813 2
697 817 25
697 851 12
697 865 3
697 867 6
697 880 12
697 898 18
698 734 23
698 742 25
698 750 10
698 768 12
698 797 15
698 800 15
698 831 23
698 832 21
698 846 8
698 848 10
698 882 16
698 891 25
699 722 20
699 724 12
699 759 25
699 799 3
699 819 15
699 841 4
699 851 25
699 858 3
699 875 25
699 901 23
700 708 3
700 727 10
700 733 24
700 756 2
700 764 21
700 767 3
700 801 7
700 840 9
701 766 22
701 769 6
701 770 11
701 771 7
701 791 17
701 796 25
701 818 21
701 826 17
701 886 23
701 888 4
701 890 1
701 901 13
702 703 5
702 709 22
702 736 1
702 747 4
702 753 24
702 780 17
702 807 9
702 839 25
702 860 19
702 873 10
702 888 22
703 721 21
703 726 19
703 733 22
703 745 24
703 767 17
703 784 25
703 817 8
703 828 25
703 831 21
703 840 13
703 858 10
704 708 4
704 721 7
704 722 12
704 727 25
704 743 23
704 751 9
704 783 5
704 842 25
704 897 23
705 717 11
705 762 23
705 780 24
705 792 14
705 812 24
705 813 15
705 814 24
705 816 23
705 819 11
705 839 9
705 855 22
706 734 8
706 744 4
706 749 20
706 792 9
706 818 20
706 822 21
706 843 16
706 874 20
706 880 17
707 717 5
707 733 6
707 751 22
707 759 11
707 762 17
707 769 21
707 775 8
707 776 2
707 814 2
707 842 9
707 845 25
707 869 12
707 884 7
707 889 25
708 713 2
708 723 5
708 732 16
708 739 1
708 748 4
708 753 1
708 755 11
708 768 2
708 812 11
708 822 14
708 837 22
708 846 19
708 854 11
708 858 17
708 898 9
709 712 5
709 727 10
709 779 13
709 814 12
709 823 7
709 834 24
709 894 4
709 899 4
710 713 8
710 717 7
710 755 6
710 777 19
710 787 6
710 828 19
710 859 2
710 889 7
710 898 21
710 899 6
711 750 23
711 793 23
711 799 11
711 800 23
711 846 10
711 859 13
711 865 8
711 871 25
712 716 11
712 723 1
712 799 10
712 844 2
712 848 11
712 901 16
713 734 14
713 754 1
713 767 3
713 804 20
713 817 1
713 868 8
714 751 23
714 753 10
714 763 14
714 791 5
714 800 3
714 812 22
714 832 24
714 835 4
714 853 3
714 868 21
715 717 11
715 782 25
715 809 20
715 817 22
715 821 25
715 837 4
715 872 11
715 886 7
716 731 5
716 809 21
716 839 10
716 856 15
716 857 24
716 860 22
717 718 7
717 728 12
717 731 22
717 735 11
717 736 8
717 768 22
717 785 18
717 800 6
717 811 7
717 819 9
717 840 10
717 842 9
717 871 5
717 886 10
717 887 15
718 731 7
718 813 5
718 814 25
718 834 9
718 855 24
718 872 23
718 887 8
718 892 4
719 867 8
719 873 16
719 889 9
719 893 5
720 738 25
720 774 25
720 776 4
720 788 22
720 828 8
720 873 17
720 878 20
720 882 19
721 723 25
721 782 17
721 812 13
721 817 5
721 820 23
721 842 21
721 870 16
722 749 8
722 773 2
722 787 3
722 791 22
722 838 11
722 849 7
722 856 24
722 858 19
723 731 8
723 732 21
723 757 3
723 759 13
723 766 6
723 781 18
723 810 23
723 847 10
723 859 20
723 875 22
723 879 15
724 760 18
724 780 7
724 795 7
724 799 12
724 813 2
724 831 8
724 880 3
725 746 14
725 762 14
725 806 2
725 822 12
725 826 4
725 827 12
725 837 15
725 839 6
725 864 8
725 870 25
725 886 15
725 890 8
726 732 20
726 736 22
726 741 6
726 763 22
726 770 11
726 773 11
726 811 15
726 815 9
726 846 22
726 876 11
726 879 7
726 897 14
726 898 3
727 746 13
727 776 20
727 856 14
727 866 14
727 869 4
727 895 19
727 897 5
728 748 17
728 768 22
728 784 16
728 804 22
728 809 8
728 826 7
728 843 5
728 900 18
729 755 7
729 759 19
729 789 25
729 807 3
729 855 17
729 871 5
729 878 25
730 769 2
730 798 17
730 803 16
730 809 10
730 852 14
730 853 1
730 892 17
731 736 2
731 792 5
731 807 6
731 830 23
731 844 20
731 857 22
731 859 1
731 871 13
731 886 1
731 890 19
732 744 12
732 772 18
732 796 15
732 832 19
732 844 24
732 900 19
733 767 11
733 770 7
733 808 14
733 838 13
733 839 10
733 891 5
734 737 17
734 740 9
734 745 9
734 746 9
734 784 1
734 786 20
734 814 24
734 846 1
734 889 13
734 900 25
735 751 7
735 754 19
735 786 24
735 794 1
735 798 15
735 805 1
735 810 14
735 830 17
735 847 19
735 877 25
735 897 9
735 898 8
736 795 20
736 817 7
736 828 2
736 837 8
736 840 14
736 851 15
736 893 20
737 781 23
737 801 22
737 820 13
737 823 8
737 859 5
737 861 23
737 870 8
737 874 1
737 881 21
737 897 10
738 740 14
738 811 22
738 826 16
738 864 7
738 883 22
738 896 16
738 897 23
739 745 22
739 755 6
739 765 14
739 821 15
739 826 7
739 833 22
739 839 23
739 856 4
739 863 5
740 756 1
740 779 11
740 780 20
740 808 17
740 809 5
740 819 19
740 824 15
740 834 19
740 862 1
740 897 19
740 899 17
741 790 10
741 802 20
741 807 12
741 870 21
741 886 10
742 794 11
742 798 11
742 839 16
742 853 7
742 870 4
743 754 15
743 769 4
743 821 11
743 880 3
744 774 20
744 784 20
744 812 1
744 816 19
744 817 23
744 820 7
744 836 19
744 846 8
744 847 4
744 856 13
744 865 14
744 883 22
744 893 2
745 748 7
745 750 25
745 769 23
745 772 23
745 786 9
745 830 19
746 762 12
746 805 5
746 807 3
746 808 22
746 849 17
746 856 20
746 898 5
747 753 22
747 765 9
747 775 10
747 776 8
747 829 13
747 835 5
747 855 2
747 877 15
747 900 23
748 763 1
748 776 23
748 806 19
748 827 8
748 861 1
748 869 6
748 885 21
749 773 23
749 775 9
749 799 2
749 803 22
749 826 6
749 830 2
749 842 7
749 844 24
749 875 13
749 896 13
749 899 3
750 758 11
750 770 7
750 794 24
750 806 15
750 818 3
750 852 7
750 873 2
751 792 12
751 799 21
751 815 6
751 843 15
751 865 12
751 877 5
751 888 15
751 899 10
752 786 25
752 816 24
752 834 10
752 838 5
752 860 19
752 873 7
752 879 16
752 896 23
753 756 5
753 760 21
753 764 24
753 767 14
753 772 22
753 791 13
753 823 3
753 826 1
753 866 23
754 777 9
754 800 25
754 812 14
754 814 14
754 847 8
754 868 15
754 883 2
755 763 4
755 767 22
755 816 19
755 846 17
755 849 4
755 900 8
756 759 1
756 775 3
756 779 9
756 811 13
756 852 10
756 857 2
756 859 21
756 869 25
757 783 1
757 808 1
757 838 20
757 864 24
758 763 16
758 776 18
758 809 11
758 821 18
758 823 19
758 824 10
758 867 4
758 885 18
758 896 24
758 897 19
758 899 25
759 766 15
759 767 20
759 806 5
759 819 14
759 825 15
759 859 24
759 866 17
759 898 23
759 901 24
760 790 19
760 814 6
760 832 13
760 837 3
760 873 9
760 884 9
761 787 2
761 800 12
761 815 11
761 817 24
761 829 10
761 849 1
761 858 16
761 878 23
762 766 20
762 802 11
762 804 9
762 831 25
763 766 5
763 824 7
763 856 18
763 862 7
763 879 24
764 794 15
764 804 13
764 808 12
764 828 6
764 851 11
764 862 3
765 774 3
765 786 12
765 834 23
765 858 10
765 861 24
765 875 1
765 885 21
765 892 7
765 894 4
766 773 7
766 775 19
766 792 4
766 825 18
766 829 19
766 854 22
766 876 17
767 804 16
767 810 7
767 830 1
767 835 17
767 843 12
767 845 9
767 852 12
767 869 18
767 898 7
768 790 3
768 798 5
768 800 20
768 804 8
768 805 18
768 820 22
768 860 13
768 865 4
768 867 20
769 774 24
769 822 2
769 839 22
769 871 19
769 886 11
769 900 2
770 775 2
770 823 4
770 830 8
770 831 22
770 836 25
770 838 4
770 862 13
771 782 17
771 875 10
771 882 15
771 889 8
771 895 23
771 897 24
771 899 19
772 791 17
772 798 7
772 801 21
772 817 24
772 818 2
772 846 6
772 866 16
772 871 25
773 790 18
773 821 21
774 777 21
774 843 16
774 853 24
774 854 19
774 892 12
775 790 9
775 809 21
775 846 13
775 858 15
775 880 3
776 790 9
776 832 16
776 872 8
776 889 24
777 782 7
777 793 19
777 795 13
777 806 16
777 846 17
777 851 13
778 847 12
778 881 10
779 791 20
779 836 9
779 846 8
779 851 21
779 880 14
780 789 25
780 801 20
780 811 6
780 822 20
780 828 16
780 837 24
780 850 19
780 868 11
780 880 10
781 800 4
781 804 6
781 815 24
782 832 18
782 847 10
782 849 10
782 869 10
782 879 19
782 894 8
783 785 16
783 806 13
783 816 22
783 833 9
783 835 6
783 848 10
783 863 20
783 871 15
783 880 6
784 801 3
784 817 25
784 833 1
784 845 19
784 853 24
784 899 22
785 813 24
785 815 19
785 819 14
785 830 24
785 834 12
785 862 25
786 791 10
786 803 17
786 815 7
786 846 9
786 848 10
786 859 19
786 872 20
786 882 19
787 810 12
787 813 4
787 820 12
787 826 24
787 831 25
787 833 22
787 880 4
788 801 11
788 806 18
788 814 21
788 821 16
788 831 20
788 897 20
789 810 18
789 822 15
789 825 18
790 798 17
790 843 14
791 792 13
791 794 5
791 876 14
791 886 1
791 887 6
791 889 24
792 793 18
792 819 15
792 825 7
792 827 2
792 880 8
792 882 3
792 890 22
792 892 21
793 802 6
793 822 10
793 829 20
793 838 7
793 854 8
793 859 25
794 855 18
794 863 25
794 873 22
794 877 8
794 888 22
794 893 16
795 806 3
795 834 11
795 837 11
795 877 19
795 888 1
796 824 23
796 840 25
796 890 15
797 799 24
797 833 6
797 862 13
797 873 16
797 882 20
797 884 21
798 811 19
798 843 4
798 862 23
798 870 17
798 875 24
798 883 5
799 837 2
799 844 20
800 810 11
800 812 11
800 828 22
800 842 3
800 848 11
800 875 18
800 879 13
801 888 7
801 890 11
801 893 17
802 817 17
802 819 21
802 831 10
802 834 18
802 852 18
802 872 9
802 881 9
803 804 16
803 815 16
803 842 21
803 853 8
804 807 10
804 813 18
804 821 1
804 866 15
805 824 15
805 841 18
805 848 14
805 881 21
805 882 21
805 892 8
806 831 6
806 836 6
807 832 6
807 836 11
807 856 18
807 863 24
807 865 25
807 874 24
808 883 9
808 884 16
808 896 18
809 823 6
809 854 25
809 855 12
809 887 23
809 894 10
810 817 20
810 866 16
811 833 1
811 834 15
811 876 25
812 897 10
813 821 9
813 830 1
813 844 2
813 869 23
814 826 20
814 863 15
814 867 18
814 869 15
814 871 24
814 894 25
815 818 22
815 833 5
815 861 10
815 868 15
815 897 3
816 843 9
817 822 15
817 855 13
817 859 24
817 861 7
817 884 18
817 889 25
817 890 20
817 891 17
818 828 10
818 829 14
818 854 7
818 868 10
818 877 5
818 884 7
819 829 21
819 831 13
819 846 9
819 896 22
820 849 12
820 853 3
820 859 13
820 872 6
820 882 19
821 828 12
821 853 6
821 858 17
821 870 16
821 879 17
821 883 6
821 885 20
821 894 1
822 897 23
823 846 9
823 852 1
824 828 4
824 836 1
824 857 3
824 879 1
824 889 17
824 894 12
824 896 14
825 829 1
825 883 23
825 894 19
826 835 9
826 894 20
826 895 8
826 899 17
826 901 19
827 840 20
827 845 21
827 867 6
827 879 2
827 880 14
828 843 17
828 858 7
828 880 5
828 892 9
829 831 1
829 841 13
829 845 5
829 861 1
829 866 10
829 880 13
830 842 3
830 863 15
831 862 13
831 884 5
831 891 15
831 899 7
832 833 18
832 840 6
832 847 7
832 862 15
833 857 1
834 853 15
834 874 12
835 838 8
835 846 8
835 850 5
835 862 4
835 881 3
835 886 10
835 890 6
836 844 18
836 854 4
836 860 14
836 869 24
836 884 14
837 851 14
837 872 13
837 873 19
837 881 16
837 890 24
838 852 6
839 853 19
839 869 14
840 879 21
841 842 25
841 889 5
842 864 2
842 886 18
842 896 10
843 877 10
843 880 9
844 876 10
844 880 1
844 891 20
845 847 20
845 849 8
845 858 24
845 890 23
845 897 12
846 851 11
847 855 3
847 864 6
847 866 16
848 878 17
849 882 6
849 893 4
849 899 7
850 856 19
850 873 24
850 880 23
850 886 17
850 896 5
851 884 16
851 899 7
852 873 25
852 876 15
852 881 12
852 883 3
852 888 9
853 872 23
854 874 12
855 867 18
855 871 10
855 875 12
855 899 12
856 860 4
856 888 21
857 877 13
857 897 3
857 901 9
858 883 25
859 876 8
860 887 14
861 864 15
861 876 1
863 896 21
865 876 20
865 893 7
865 896 14
865 898 19
866 874 4
866 891 6
867 901 25
868 870 21
868 871 14
868 899 1
868 900 11
869 874 25
869 878 3
869 899 21
870 880 25
870 899 16
871 878 13
873 878 9
873 890 2
874 881 2
875 891 14
876 888 24
877 892 14
878 880 16
880 893 7
880 900 13
881 901 23
882 900 22
883 885 4
886 900 23
888 892 17
889 893 23
891 897 5
894 899 8
898 900 18
902 601 93
903 901 25
902 903 22
