904 6735
86 82 29 48 68 82 22 19 100 98 86 57 43 34 40 49 11 78 20 81 9 56 39 87 92 3 91 61 12 85 37 97 18 65 44 86 99 18 4 98 67 89 54 9 74 94 10 85 23 29 17 83 84 55 21 27 9 12 88 20 96 24 68 14 88 64 51 86 33 6 36 99 95 41 60 20 34 69 4 8 97 73 43 33 27 63 59 88 74 98 59 70 21 27 35 61 42 37 98 26 42 33 24 88 74 35 8 59 3 63 19 52 35 61 84 14 23 42 1 97 92 59 18 12 37 4 24 30 92 74 55 33 6 31 21 31 65 80 42 20 42 12 71 29 72 54 42 46 47 42 94 38 52 63 2 41 18 25 70 9 98 77 94 56 7 66 38 23 45 79 42 38 90 12 66 13 17 7 11 64 100 4 1 4 19 2 44 36 79 65 97 28 41 90 35 99 7 73 74 51 3 67 40 45 79 6 57 47 64 67 10 64 23 63 19 41 16 62 28 94 78 24 74 71 65 8 69 71 32 94 21 35 61 61 79 91 18 87 37 81 6 47 96 28 9 14 68 24 27 95 70 5 71 95 75 35 2 95 6 86 89 78 20 1 90 50 91 7 36 27 88 41 25 83 20 85 49 87 61 75 34 30 79 56 24 5 90 77 100 95 62 40 25 33 40 14 82 30 21 70 72 40 94 34 59 82 91 22 51 30 74 27 75 28 41 45 72 23 59 85 72 79 97 3 33 14 96 70 77 69 5 48 60 50 82 70 84 24 91 34 54 16 61 28 95 53 24 66 76 82 2 99 13 51 53 45 64 49 15 92 69 71 40 80 21 73 49 56 48 91 89 1 6 1 81 53 54 4 18 29 38 72 79 50 74 32 94 37 32 60 28 100 83 19 79 55 43 79 10 91 69 98 43 26 51 23 78 4 79 48 84 16 19 62 65 92 93 10 80 24 22 59 75 56 30 5 10 24 83 71 14 51 20 9 29 70 31 6 73 61 53 56 76 23 18 92 66 62 54 97 86 75 8 12 82 37 17 91 60 99 61 26 2 80 34 30 50 16 87 74 77 40 30 4 14 99 96 32 12 1 28 97 27 87 61 8 23 77 98 83 27 10 8 28 41 93 9 90 8 96 16 84 87 97 88 52 95 35 83 6 87 63 55 13 49 15 20 24 43 69 6 69 30 65 49 70 57 9 12 16 4 27 100 42 23 39 94 69 25 76 74 11 90 80 75 39 46 46 62 40 14 19 9 43 35 9 64 43 17 75 58 73 1 9 14 75 99 7 43 75 35 69 85 24 100 11 14 46 56 27 37 69 97 45 63 31 5 27 25 74 53 83 46 6 43 59 80 42 18 23 84 87 52 50 30 59 19 78 11 7 64 100 66 89 33 56 36 65 84 51 20 33 1 42 54 17 12 17 95 92 79 98 71 82 47 1 92 17 30 3 23 93 2 40 81 86 95 68 50 78 71 21 63 71 62 16 40 26 84 34 69 62 83 40 43 29 92 35 46 73 89 20 66 90 60 98 76 54 18 77 84 88 98 46 58 11 13 97 36 96 82 57 9 64 48 51 93 39 37 90 11 25 9 28 67 20 78 94 74 95 70 9 82 67 6 39 78 18 88 65 13 69 73 21 33 20 23 77 10 12 66 73 88 26 52 6 46 29 99 71 75 69 79 56 87 36 47 16 53 34 81 17 2 5 89 34 77 11 10 86 74 27 10 14 53 14 19 50 42 18 20 17 86 50 24 24 85 70 40 89 55 20 5 57 76 93 42 52 55 4 90 29 82 51 42 34 64 60 35 58 29 54 26 66 55 49 90 39 71 29 27 25 100 83 33 75 75 27 79 30 82 68 10 63 18 3 49 82 14 83 39 43 37 64 8 91 64 97 82 86 77 60 11 76 43 95 3 17 73 81 98 54 100 7 17 17 61 65 50 75 99 40 17 87 55 76 78 19 25 11 56 1 70 18 29 64 13 31 81 85 63 30 91 62 89 7 30 49 23 80 23 21 71 91 8 26 67 37 96 43 99 51 36 87
0 16 8
0 33 60
0 45 10
0 54 33
0 59 42
0 80 30
0 93 17
0 126 42
0 151 68
0 200 29
0 209 17
0 222 53
0 224 58
0 244 95
0 251 8
0 269 33
0 280 52
1 13 50
1 26 62
1 42 51
1 44 96
1 47 75
1 55 42
1 72 20
1 78 8
1 90 81
1 108 34
1 165 41
1 170 62
1 192 54
1 260 10
1 264 21
1 265 13
1 296 72
2 18 5
2 25 6
2 31 53
2 65 74
2 83 48
2 86 72
2 98 2
2 119 16
2 141 77
2 245 12
2 248 62
2 267 36
2 283 96
2 298 13
3 12 85
3 28 57
3 50 15
3 55 81
3 82 84
3 108 56
3 149 52
3 174 43
3 178 88
3 187 85
3 242 83
4 7 1
4 8 90
4 11 45
4 27 22
4 42 54
4 46 68
4 85 26
4 121 12
4 122 72
4 149 99
4 153 11
4 155 95
4 208 1
4 209 26
4 212 71
4 218 64
4 263 87
4 285 59
4 287 59
4 294 52
5 15 43
5 66 16
5 77 66
5 124 75
5 128 51
5 148 22
5 189 79
5 215 93
5 243 61
5 268 63
5 284 27
5 296 62
6 25 53
6 27 23
6 31 83
6 71 58
6 89 42
6 95 60
6 135 69
6 137 13
6 157 59
6 159 79
6 187 60
6 215 11
6 249 4
6 266 82
6 269 74
6 288 43
7 26 40
7 35 32
7 37 94
7 43 35
7 48 99
7 56 11
7 59 61
7 65 1
7 69 84
7 76 39
7 82 93
7 100 45
7 174 2
7 186 72
7 213 6
7 214 6
7 219 94
7 227 40
7 283 15
7 287 36
8 30 99
8 70 84
8 94 100
8 116 9
8 140 14
8 150 59
8 162 71
8 189 70
8 197 41
8 236 96
8 279 12
9 138 32
9 170 28
9 210 57
9 226 66
9 257 78
9 265 67
10 17 27
10 40 31
10 60 51
10 120 65
10 143 23
10 155 95
10 173 18
10 177 46
10 180 52
10 204 75
10 206 40
10 232 91
10 247 90
10 279 27
10 283 41
11 24 73
11 26 26
11 31 50
11 63 86
11 77 37
11 105 20
11 145 55
11 186 29
11 212 16
11 214 18
11 245 60
12 15 95
12 24 26
12 38 26
12 63 24
12 67 93
12 81 4
12 99 54
12 118 95
12 149 68
12 151 29
12 185 41
12 186 38
12 250 74
12 279 92
12 298 12
13 20 65
13 45 34
13 84 1
13 90 91
13 102 74
13 130 25
13 162 69
13 226 23
13 249 63
13 254 5
13 279 95
14 23 69
14 46 33
14 76 10
14 108 87
14 112 92
14 200 56
14 209 12
14 227 69
14 245 31
15 16 56
15 49 72
15 83 85
15 142 50
15 160 92
15 180 65
15 212 90
15 234 29
15 243 90
15 268 33
16 53 40
16 72 55
16 85 66
16 187 93
16 205 97
16 230 40
16 252 69
16 255 17
16 260 62
16 275 31
16 291 21
17 23 56
17 25 100
17 28 5
17 35 17
17 39 38
17 82 49
17 86 24
17 88 1
17 103 69
17 109 55
17 144 57
17 158 41
17 159 91
17 160 58
17 171 32
17 185 55
17 236 48
17 276 60
17 295 44
18 40 80
18 56 51
18 89 50
18 111 46
18 129 95
18 163 99
18 191 37
18 203 64
18 242 15
18 272 98
19 42 94
19 44 88
19 95 6
19 102 45
19 127 44
19 163 74
19 168 82
19 181 92
19 221 50
19 228 35
19 255 61
19 271 4
20 37 91
20 43 53
20 63 94
20 64 48
20 85 84
20 98 100
20 110 47
20 126 95
20 136 95
20 138 79
20 148 97
20 153 45
20 161 76
20 213 92
20 214 95
20 287 12
20 288 7
21 34 9
21 40 61
21 49 100
21 63 96
21 132 18
21 149 97
21 153 40
21 189 44
21 218 30
21 234 83
21 249 93
21 256 64
21 291 95
22 28 96
22 30 54
22 38 47
22 44 41
22 46 54
22 68 82
22 70 40
22 110 100
22 118 76
22 127 86
22 135 30
22 171 25
22 186 30
22 202 5
22 231 16
22 241 24
22 262 68
22 287 74
22 291 85
23 45 29
23 60 25
23 119 32
23 121 46
23 129 21
23 171 71
23 264 41
23 280 51
23 284 6
23 294 33
24 35 66
24 45 100
24 61 80
24 84 72
24 93 47
24 110 72
24 118 25
24 119 28
24 120 63
24 172 76
24 187 56
24 195 49
24 204 6
24 206 80
24 216 78
24 223 62
25 60 47
25 68 54
25 77 30
25 130 20
25 140 90
25 157 58
25 163 44
25 167 21
25 178 55
25 188 17
25 191 44
25 202 96
25 249 19
25 252 49
25 254 80
25 280 84
25 288 100
26 29 60
26 41 55
26 54 46
26 78 31
26 79 31
26 81 26
26 107 94
26 124 7
26 143 33
26 153 94
26 200 64
26 217 12
26 233 23
26 266 25
26 272 10
26 273 28
27 62 6
27 67 81
27 83 17
27 89 15
27 93 76
27 100 90
27 112 70
27 144 92
27 158 33
27 181 17
27 190 10
27 221 33
27 226 48
27 232 46
27 294 32
28 43 7
28 49 100
28 62 30
28 66 90
28 68 31
28 124 7
28 187 35
28 194 89
28 234 39
28 246 28
28 259 52
28 260 2
28 272 2
28 297 28
29 70 11
29 84 30
29 109 34
29 130 91
29 141 46
29 144 48
29 162 18
29 164 35
29 200 69
29 206 10
29 220 19
29 253 37
30 44 71
30 62 51
30 66 85
30 76 16
30 78 83
30 96 43
30 122 68
30 139 64
30 163 32
30 167 50
30 178 70
30 218 18
30 269 38
30 273 8
30 285 97
31 85 41
31 93 9
31 167 99
31 216 68
31 218 71
31 244 28
31 248 53
31 267 13
31 272 25
31 279 53
31 287 30
31 296 12
31 299 21
32 56 91
32 92 30
32 122 58
32 163 62
32 174 81
32 227 42
32 265 29
32 276 15
32 293 84
32 297 48
33 70 30
33 107 68
33 126 97
33 145 99
33 176 37
33 226 86
33 240 6
33 247 86
33 261 26
33 294 66
33 298 36
34 51 46
34 55 36
34 65 15
34 82 50
34 87 100
34 92 39
34 116 2
34 121 29
34 159 50
34 193 23
34 216 20
34 235 80
34 248 32
34 254 33
34 284 12
35 80 25
35 83 61
35 84 78
35 89 60
35 95 61
35 101 7
35 132 79
35 134 57
35 138 5
35 144 68
35 155 43
35 182 62
35 198 5
35 223 20
35 232 79
35 290 40
36 40 65
36 62 14
36 82 54
36 89 67
36 90 65
36 123 44
36 131 68
36 156 93
36 159 46
36 177 42
36 180 12
36 191 77
36 202 73
36 234 96
36 241 40
36 246 49
36 255 9
36 278 17
37 45 61
37 55 69
37 61 23
37 66 39
37 110 77
37 119 79
37 173 58
37 243 19
37 265 92
37 287 62
38 118 91
38 155 70
38 192 1
38 271 7
38 282 35
39 91 6
39 101 73
39 115 99
39 122 2
39 137 41
39 147 91
39 174 47
39 176 82
39 207 55
39 261 75
39 280 7
39 290 50
40 56 14
40 66 7
40 73 10
40 119 30
40 134 67
40 203 78
40 224 4
40 237 58
40 240 55
40 252 82
40 279 15
41 52 25
41 64 73
41 76 77
41 81 15
41 86 94
41 88 77
41 114 74
41 131 28
41 158 35
41 168 46
41 175 26
41 196 36
41 233 38
41 243 68
41 288 34
42 72 72
42 87 22
42 117 8
42 144 30
42 155 24
42 200 21
42 226 36
42 227 33
42 255 2
42 271 3
42 273 63
42 280 5
42 284 12
43 57 69
43 69 38
43 88 26
43 100 93
43 140 10
43 148 2
43 154 60
43 156 3
43 166 31
43 168 85
43 184 82
43 186 65
43 191 30
43 225 7
43 231 52
43 235 20
43 262 26
43 265 85
43 285 91
44 80 48
44 83 92
44 96 20
44 122 23
44 132 64
44 140 7
44 164 7
44 179 65
44 187 61
44 224 21
44 225 69
44 244 72
44 275 89
44 276 6
45 46 98
45 106 34
45 144 67
45 162 51
45 168 93
45 180 21
45 239 81
45 282 77
45 288 2
46 58 97
46 60 58
46 67 60
46 92 48
46 105 29
46 125 85
46 176 84
46 193 19
46 202 84
46 209 75
46 218 90
46 220 58
46 225 90
46 233 97
46 235 65
46 241 54
46 255 57
46 257 37
46 261 22
46 262 81
46 265 26
46 267 79
46 275 78
46 277 59
47 53 45
47 61 28
47 69 3
47 74 17
47 102 61
47 107 31
47 113 18
47 155 9
47 172 40
47 212 29
47 214 57
47 225 69
47 278 14
48 64 92
48 87 87
48 114 49
48 122 19
48 161 29
48 200 7
48 201 8
48 206 25
48 214 23
48 241 62
48 268 33
49 54 59
49 78 35
49 83 13
49 97 36
49 104 14
49 115 42
49 143 94
49 186 10
49 187 22
49 193 48
49 194 27
49 205 82
49 276 30
49 277 44
49 285 90
49 293 70
50 58 25
50 63 98
50 90 38
50 102 38
50 115 42
50 135 76
50 217 86
50 251 60
50 280 4
50 286 44
50 290 67
51 61 80
51 76 66
51 87 28
51 105 13
51 131 77
51 140 15
51 150 77
51 204 12
51 278 28
51 299 19
52 75 58
52 82 37
52 178 40
52 214 57
52 221 63
52 228 73
52 231 87
52 233 59
52 234 14
52 281 56
53 56 83
53 74 64
53 103 45
53 125 72
53 133 5
53 180 20
53 195 9
53 196 64
53 231 76
53 257 53
53 271 30
54 55 55
54 68 70
54 106 10
54 120 19
54 126 46
54 149 24
54 170 96
54 195 10
54 200 3
54 206 66
54 223 19
54 238 91
54 255 5
54 266 75
54 278 54
54 297 29
54 299 61
55 86 64
55 87 42
55 98 68
55 110 98
55 117 57
55 138 12
55 142 21
55 146 61
55 151 84
55 159 29
55 165 24
55 167 59
55 173 33
55 178 6
55 201 65
55 215 3
55 223 67
55 249 84
55 252 100
55 263 42
55 285 31
55 286 61
55 290 96
55 296 96
56 78 79
56 81 86
56 104 52
56 125 6
56 144 91
56 156 32
56 205 66
56 207 54
56 214 73
56 219 34
56 239 3
56 242 82
56 288 97
57 63 23
57 79 42
57 83 80
57 101 52
57 130 18
57 145 90
57 156 36
57 178 75
57 187 55
57 188 38
57 217 41
57 233 90
57 253 90
57 256 34
58 86 72
58 91 50
58 109 29
58 117 67
58 139 81
58 165 14
58 187 70
58 209 86
58 226 5
58 241 1
58 248 3
58 251 10
58 285 25
59 89 88
59 92 65
59 98 6
59 128 85
59 133 87
59 134 48
59 143 16
59 189 90
59 206 17
59 225 6
59 241 26
59 290 91
60 146 12
60 153 15
60 181 83
60 202 53
60 208 4
60 209 16
60 221 24
60 224 6
60 240 44
60 243 90
60 245 38
60 259 9
60 260 11
60 263 23
60 272 65
60 285 11
61 126 25
61 136 27
61 163 87
61 180 13
61 193 91
61 207 93
61 220 49
61 262 77
61 297 92
61 299 64
62 68 19
62 76 60
62 86 21
62 109 96
62 132 50
62 175 84
62 195 10
62 199 32
62 202 36
62 215 66
62 225 99
62 245 59
62 267 23
62 295 94
63 94 100
63 103 60
63 105 2
63 106 10
63 122 34
63 166 19
63 167 72
63 181 58
63 208 45
63 228 59
63 244 22
63 265 35
64 99 3
64 111 22
64 113 63
64 164 46
64 203 38
64 209 81
64 242 5
64 243 10
64 261 76
64 271 6
64 295 94
65 100 38
65 109 37
65 115 29
65 159 3
65 173 35
65 177 40
65 189 77
65 242 80
65 244 39
65 256 36
65 273 81
65 289 1
66 78 69
66 92 99
66 93 24
66 94 78
66 103 95
66 109 34
66 111 52
66 116 29
66 145 36
66 151 73
66 155 44
66 166 33
66 178 10
66 182 24
66 187 37
66 203 72
66 208 52
66 217 42
66 228 65
66 234 41
66 280 30
66 297 45
66 299 95
67 99 16
67 148 84
67 190 71
67 245 95
67 278 75
67 280 58
67 290 28
67 293 75
68 94 26
68 112 78
68 135 50
68 140 55
68 141 73
68 165 84
68 171 6
68 182 53
68 191 19
68 195 31
68 216 96
68 227 4
68 271 92
68 274 72
68 276 40
68 286 63
68 295 75
69 139 34
69 147 27
69 155 15
69 171 15
69 182 24
69 188 9
69 258 31
69 266 7
69 269 31
69 285 77
70 76 81
70 105 88
70 115 56
70 121 7
70 144 65
70 146 34
70 151 57
70 159 71
70 184 6
70 196 40
70 200 29
70 225 10
70 234 10
70 236 59
70 260 6
70 275 13
70 292 2
71 100 77
71 148 5
71 165 65
71 166 51
71 216 90
71 219 43
71 236 17
71 246 4
71 249 66
71 250 77
72 108 86
72 109 25
72 156 7
72 167 15
72 181 57
72 184 46
72 226 70
72 233 64
72 246 62
72 275 3
72 284 72
72 289 32
73 78 60
73 107 63
73 112 60
73 191 70
73 220 72
73 231 70
73 232 27
73 235 37
73 267 72
73 277 3
73 286 93
73 290 88
73 292 5
74 76 82
74 150 30
74 192 21
74 232 37
75 81 48
75 153 97
75 169 75
75 193 72
75 212 55
75 229 89
75 241 28
75 253 100
75 255 10
76 84 43
76 118 13
76 144 65
76 153 66
76 155 44
76 180 76
76 205 28
76 227 56
76 250 97
76 281 52
76 289 77
77 79 23
77 89 88
77 118 48
77 124 77
77 130 80
77 157 87
77 164 81
77 167 13
77 197 17
77 219 53
77 237 1
77 242 16
77 251 1
77 264 75
78 155 39
78 192 7
78 195 15
78 198 18
78 265 58
78 277 77
78 295 13
79 94 70
79 100 41
79 112 78
79 177 66
79 182 16
79 201 6
79 224 21
79 226 13
79 276 57
79 282 97
80 107 35
80 118 96
80 125 97
80 132 64
80 143 27
80 173 83
80 181 44
80 195 39
81 122 51
81 131 49
81 132 91
81 135 18
81 150 1
81 154 18
81 166 56
81 226 8
81 285 32
82 118 26
82 119 65
82 138 60
82 149 38
82 175 35
82 180 100
82 196 15
82 210 100
82 263 16
82 288 72
82 295 72
83 126 80
83 160 28
83 218 68
83 229 14
83 256 75
83 272 16
83 288 77
84 145 1
84 148 99
84 195 73
84 212 91
84 226 1
84 238 73
84 267 82
85 138 19
85 139 73
85 149 99
85 160 74
85 162 80
85 175 82
85 186 99
85 212 45
85 227 42
85 231 88
85 232 31
85 258 41
85 268 55
85 274 30
85 285 8
86 88 26
86 93 53
86 107 87
86 113 6
86 137 20
86 139 53
86 149 80
86 170 88
86 177 29
86 183 81
86 225 86
86 230 53
86 233 71
86 262 86
86 279 25
86 284 4
87 109 4
87 124 50
87 155 2
87 163 30
87 167 29
87 186 84
87 196 80
87 238 25
87 282 25
88 105 68
88 108 55
88 112 17
88 176 74
88 198 36
88 220 25
88 238 99
88 255 88
88 256 63
88 286 56
88 298 60
89 134 15
89 202 88
89 249 47
89 251 96
89 292 20
90 158 84
90 170 48
90 202 42
90 210 21
90 216 25
90 238 46
90 242 77
90 244 74
90 270 47
90 292 6
90 296 54
91 149 82
91 157 37
91 158 79
91 170 58
91 191 56
91 220 85
91 244 27
91 246 29
91 271 73
91 279 3
91 281 80
92 104 60
92 105 65
92 114 87
92 115 71
92 118 80
92 120 74
92 188 69
92 200 27
92 206 93
92 256 52
93 128 26
93 144 35
93 218 73
93 219 50
93 220 32
93 263 1
93 284 75
94 123 30
94 163 6
94 169 81
94 190 12
94 194 94
94 211 11
94 213 21
95 143 50
95 163 95
95 176 47
95 179 30
95 211 19
95 215 49
95 243 61
95 246 31
95 254 66
95 260 48
95 286 1
95 287 45
95 291 21
96 108 70
96 120 23
96 131 66
96 165 73
96 209 48
96 244 52
96 297 45
97 119 50
97 123 83
97 153 97
97 163 76
97 167 12
97 183 2
97 207 56
97 247 75
97 249 48
97 261 66
97 267 96
97 284 49
98 112 13
98 118 94
98 119 78
98 180 31
98 202 43
98 212 39
98 254 61
98 272 8
98 278 38
98 294 62
98 297 4
99 113 58
99 148 83
99 174 26
99 186 75
99 195 55
99 200 25
99 208 26
99 221 52
99 240 74
99 294 60
100 116 48
100 131 50
100 143 72
100 160 2
100 162 5
100 165 98
100 177 49
100 225 23
100 247 93
100 248 49
100 250 35
100 257 87
101 115 26
101 134 65
101 141 81
101 153 16
101 159 26
101 164 40
101 184 53
101 187 39
101 190 43
101 215 63
101 229 21
101 242 20
101 269 37
102 109 75
102 125 44
102 163 15
102 209 78
102 212 70
102 218 74
102 231 26
102 233 71
102 240 97
103 130 79
103 180 27
103 202 95
103 218 27
103 241 49
103 243 39
103 258 75
103 282 83
104 107 77
104 133 52
104 145 100
104 147 9
104 169 20
104 190 25
104 197 48
104 212 24
104 219 15
104 232 90
104 291 86
104 295 35
105 128 61
105 148 75
105 156 61
105 173 57
105 180 41
105 189 39
105 195 78
105 203 14
105 204 16
105 221 48
105 225 63
105 262 94
105 268 74
105 287 9
106 167 72
106 225 75
106 244 47
106 249 98
106 267 9
106 270 76
106 274 1
106 286 8
106 291 84
107 111 20
107 148 84
107 152 84
107 154 44
107 208 98
107 228 25
107 240 81
107 242 84
107 261 86
107 268 7
107 284 97
108 117 94
108 143 47
108 147 87
108 157 71
108 161 13
108 228 2
108 256 18
108 279 27
108 299 47
109 121 43
109 127 35
109 146 70
109 151 69
109 154 33
109 155 67
109 168 78
109 174 60
109 200 19
109 217 37
109 218 44
109 238 39
109 241 21
110 113 27
110 116 34
110 167 70
110 169 51
110 171 66
110 181 6
110 190 88
110 205 73
110 213 2
110 231 81
110 234 71
110 275 88
110 278 51
111 113 35
111 123 41
111 126 20
111 151 61
111 178 87
111 204 15
111 211 47
111 237 56
111 239 83
111 241 80
111 299 74
112 122 12
112 139 39
112 145 44
112 166 49
112 182 34
112 192 34
112 222 21
112 227 12
112 249 67
112 252 42
112 268 15
113 137 85
113 152 47
113 153 54
113 157 9
113 161 48
113 177 35
113 187 79
113 204 87
113 217 37
113 238 66
113 261 27
113 276 57
113 278 26
113 284 13
113 293 71
113 295 73
114 136 20
114 142 53
114 177 4
114 193 45
114 195 65
114 212 42
114 244 89
114 246 65
114 260 28
114 286 22
115 139 85
115 180 91
115 188 41
115 196 78
115 264 5
115 266 25
115 279 25
115 294 59
116 136 33
116 145 24
116 167 45
116 175 63
116 188 11
116 199 81
116 205 28
116 225 37
116 292 37
117 118 6
117 133 50
117 151 59
117 153 78
117 154 21
117 156 64
117 228 81
118 130 66
118 153 80
118 158 74
118 177 6
118 189 44
118 204 53
118 208 27
118 227 80
118 233 44
118 284 67
119 152 57
119 160 48
119 174 43
119 190 33
119 212 58
119 214 27
119 255 57
120 132 2
120 133 90
120 145 67
120 151 83
120 153 69
120 157 3
120 181 71
120 196 74
120 212 4
120 216 82
120 236 51
120 256 77
120 260 45
120 267 83
120 268 42
120 291 76
121 152 9
121 173 99
121 175 71
121 211 61
121 257 25
121 266 50
121 276 4
121 286 44
122 128 58
122 130 4
122 163 38
122 192 91
122 253 13
122 285 65
122 288 47
123 126 15
123 144 54
123 161 65
123 166 49
123 169 74
123 189 67
123 197 19
123 201 48
123 210 23
123 214 52
123 220 50
123 274 99
124 136 96
124 145 33
124 147 92
124 176 71
124 182 93
124 198 90
124 214 41
124 224 53
124 226 66
124 230 42
124 237 9
124 256 61
124 263 52
124 286 64
124 299 99
125 128 42
125 139 76
125 141 15
125 191 40
125 201 90
125 255 20
125 257 56
125 264 90
125 278 93
126 138 74
126 142 61
126 179 40
126 200 96
126 217 12
126 221 90
126 234 46
126 248 8
126 267 74
126 282 37
127 145 30
127 279 66
128 140 78
128 157 23
128 176 70
128 179 96
128 204 16
128 239 78
128 249 56
128 256 67
128 266 93
128 285 6
129 271 60
129 273 69
129 279 20
129 285 51
130 147 10
130 160 39
130 168 6
130 178 100
130 220 32
130 234 80
130 237 12
130 270 23
130 292 27
131 144 23
131 147 12
131 189 73
131 258 82
131 278 85
131 288 9
131 291 12
131 292 2
132 154 39
132 211 86
132 219 72
132 268 34
132 270 1
132 281 1
132 292 41
133 134 68
133 146 94
133 150 47
133 187 79
133 192 14
133 256 18
133 278 30
134 156 75
134 179 57
134 196 35
134 208 26
134 212 40
134 241 14
134 289 37
134 294 14
135 138 41
135 145 60
135 149 26
135 154 65
135 172 41
135 207 62
135 209 25
135 224 4
135 226 64
135 251 63
135 258 89
135 264 35
135 272 48
135 277 90
135 284 35
135 297 89
136 147 9
136 163 80
136 167 87
136 222 87
136 242 93
136 256 4
136 269 16
137 155 68
137 173 12
137 213 3
137 229 93
137 238 3
137 250 68
138 171 30
138 198 17
138 201 60
138 205 41
138 219 42
139 186 24
139 212 81
139 249 55
139 251 49
140 144 85
140 158 18
140 168 63
140 171 25
140 186 4
140 207 11
140 284 14
140 292 91
140 293 99
141 211 74
141 225 70
141 233 85
141 245 13
141 260 15
141 262 40
141 282 28
141 290 82
142 182 52
142 210 82
142 218 26
142 250 54
142 252 50
142 279 7
142 294 70
143 164 9
143 180 47
143 268 63
143 271 33
144 146 80
144 166 18
144 180 33
144 183 64
144 216 87
144 245 95
144 282 40
144 292 91
145 241 5
145 268 54
145 280 33
146 168 55
146 175 79
146 194 2
146 207 39
146 247 91
146 250 16
146 252 79
147 179 71
147 253 49
147 261 82
147 287 52
148 153 27
148 175 35
148 189 1
148 269 33
148 281 57
148 289 62
149 154 32
149 158 19
149 161 46
149 165 11
149 214 88
149 241 78
149 289 26
150 168 27
150 186 72
150 230 65
150 270 17
150 272 29
150 275 70
150 296 1
151 170 83
151 183 49
151 203 2
151 209 22
151 214 91
151 237 70
151 274 52
151 287 61
152 164 18
152 180 85
152 238 65
152 251 44
152 275 19
152 276 65
152 287 29
153 154 27
153 188 78
153 202 60
153 205 98
153 214 23
153 216 70
153 231 85
153 262 100
153 266 95
153 271 11
153 277 24
153 280 11
154 155 79
154 157 52
154 162 81
154 190 79
154 199 34
154 214 29
154 228 33
154 234 7
154 235 19
154 268 2
154 289 10
154 298 32
155 192 71
155 234 94
155 245 96
155 250 67
155 288 65
156 186 12
156 199 95
156 242 91
156 260 90
156 275 54
157 177 40
157 209 12
157 212 75
157 229 25
157 235 64
157 243 21
157 249 87
157 256 87
157 268 31
157 273 18
158 177 90
158 180 11
158 199 48
158 220 23
158 289 91
158 294 80
159 240 82
159 259 62
160 167 33
160 197 91
160 223 93
160 239 56
160 266 85
160 275 88
161 177 22
161 197 1
161 200 51
161 233 68
161 251 43
161 260 40
161 293 73
161 299 83
162 199 4
162 200 47
162 219 59
162 257 19
163 175 67
163 178 97
163 194 57
163 272 49
163 273 14
163 278 46
163 290 60
164 229 14
164 263 20
164 270 50
164 274 45
164 299 1
165 171 11
165 225 78
165 241 44
165 268 55
165 285 85
166 175 80
166 185 94
166 205 6
166 280 80
166 298 45
167 178 25
167 182 22
167 184 36
167 209 97
167 280 4
167 295 91
168 185 43
168 187 14
168 237 61
168 255 61
168 273 11
168 275 17
168 295 61
169 200 24
169 209 14
169 226 20
169 241 37
169 280 34
169 281 22
170 185 34
170 186 86
170 188 84
170 247 63
170 253 29
170 263 91
170 286 47
171 173 8
171 209 84
171 227 4
171 274 87
171 293 80
172 188 28
172 208 61
172 209 16
172 212 24
172 213 16
172 222 58
172 233 18
172 268 30
172 279 19
172 282 78
173 191 40
173 200 87
173 202 90
173 203 63
173 205 1
174 182 10
174 220 52
174 231 86
174 241 83
174 255 85
174 257 71
174 268 18
174 285 47
174 294 100
175 182 8
175 184 45
175 186 7
175 237 44
175 250 48
175 259 46
176 256 23
176 267 75
176 272 6
177 190 90
177 200 98
177 204 21
177 243 100
177 250 67
177 255 2
177 259 18
178 218 96
178 245 41
178 251 56
178 273 85
179 184 56
179 185 56
179 194 46
179 258 59
179 266 41
180 195 28
180 262 95
180 287 12
180 289 98
180 293 93
180 297 63
181 211 57
181 270 37
181 274 69
181 283 100
181 298 84
182 194 66
182 197 75
182 245 10
183 196 23
183 233 16
183 297 59
184 198 96
184 227 15
184 233 25
184 241 97
184 244 84
184 264 20
184 273 38
184 275 40
184 278 4
185 208 93
185 209 47
185 221 50
185 248 51
185 266 88
185 293 29
185 295 45
186 268 51
186 295 78
187 196 37
187 217 13
187 219 35
187 236 25
187 238 33
187 255 86
187 269 8
187 284 51
187 291 12
188 195 69
188 214 73
188 239 80
188 273 27
189 191 68
189 205 46
189 259 51
189 273 65
189 282 30
190 193 22
190 215 54
190 236 21
190 237 25
190 255 46
190 264 67
190 269 26
190 276 48
190 277 6
190 279 7
190 280 44
190 282 56
191 205 84
191 216 32
191 259 20
191 290 70
191 291 56
192 204 5
192 217 8
192 221 15
192 225 55
192 238 71
192 252 83
192 257 27
192 262 50
192 287 9
193 206 95
193 212 96
193 218 11
193 222 11
193 240 77
193 248 32
193 278 64
193 279 97
193 287 8
193 294 61
194 248 15
194 253 34
194 255 8
194 279 73
194 282 92
195 224 3
195 285 80
195 288 27
195 289 86
195 299 100
196 198 49
196 204 41
196 237 4
196 242 56
196 263 7
196 266 58
196 271 78
196 273 41
196 275 36
196 287 80
196 288 1
197 220 30
197 230 27
197 235 11
198 225 40
198 232 3
198 249 94
198 290 55
198 295 51
199 206 1
199 208 15
199 211 17
199 224 86
199 230 22
199 256 89
199 267 77
199 283 76
200 276 69
200 299 56
201 203 61
201 204 20
201 222 4
201 226 53
201 264 23
202 217 11
202 231 59
202 237 32
202 254 88
202 257 99
202 258 67
202 264 19
202 273 51
202 290 49
203 214 45
203 275 61
203 283 40
203 285 47
204 235 54
204 238 95
204 248 49
204 273 7
204 280 9
204 296 66
205 227 44
205 245 83
206 221 6
206 228 73
206 235 58
206 268 74
206 292 28
207 217 71
207 275 45
207 298 31
208 286 23
209 213 67
209 214 93
209 234 34
209 241 50
209 254 80
210 240 84
210 248 69
210 261 99
210 293 35
211 243 17
211 251 95
211 279 95
212 251 56
212 274 94
212 285 1
213 226 50
213 229 42
213 246 59
213 277 11
213 285 59
214 242 2
214 245 93
215 248 65
215 286 74
216 225 50
216 280 90
216 288 53
217 257 72
217 258 35
217 262 83
217 269 95
218 223 53
218 235 75
218 248 28
218 262 55
219 221 7
219 255 11
219 277 23
219 290 57
220 221 45
220 249 39
220 281 51
221 239 92
221 257 46
221 259 44
221 262 44
221 283 48
221 286 38
222 240 2
222 246 58
222 270 96
223 245 55
223 264 50
223 269 12
224 283 81
225 239 51
225 254 2
225 275 33
225 292 23
226 257 88
228 230 16
228 239 69
228 269 92
228 278 42
228 296 96
229 259 46
229 299 100
230 241 58
230 248 20
230 261 56
230 265 55
231 293 10
232 268 59
233 238 98
233 283 56
233 285 54
234 260 41
234 262 55
234 287 91
235 239 94
235 249 12
235 253 87
235 263 48
235 290 13
235 294 50
236 248 28
236 250 15
236 259 51
236 271 61
236 292 89
237 260 90
237 264 28
237 286 57
237 292 82
238 242 21
238 244 4
238 249 79
238 262 21
238 286 14
239 273 99
239 292 76
240 248 68
240 277 8
240 297 86
241 270 17
241 277 15
241 289 40
242 260 57
242 286 69
242 293 30
243 261 2
243 286 32
243 287 68
244 262 1
245 263 44
246 269 18
247 281 81
247 293 59
248 257 20
249 275 41
249 277 47
249 284 62
249 290 20
249 299 56
250 283 43
251 284 40
251 295 59
252 299 73
254 256 12
254 259 72
254 268 23
254 283 40
255 275 91
255 277 31
256 257 25
256 265 7
256 266 97
256 293 64
257 285 15
257 291 66
258 268 46
258 270 16
258 287 97
258 298 13
260 281 17
261 271 93
261 296 82
261 298 97
262 273 3
263 291 54
265 284 89
266 286 1
267 275 15
267 295 60
268 281 56
269 284 9
270 277 99
270 279 67
271 282 81
271 283 63
272 278 38
273 283 4
273 297 2
274 279 29
275 277 86
277 285 26
277 295 87
278 280 82
278 290 42
278 293 2
279 285 47
279 290 87
279 291 17
280 299 96
281 296 51
282 285 85
282 291 88
283 292 85
284 299 81
286 289 90
289 290 38
290 292 21
291 296 90
300 320 16
300 374 52
300 382 43
300 393 53
300 424 75
300 427 42
300 430 63
300 436 41
300 439 39
300 454 71
300 455 67
300 461 76
300 464 91
300 553 16
300 570 72
300 593 54
301 319 46
301 342 29
301 344 32
301 366 23
301 378 2
301 386 36
301 403 5
301 404 47
301 407 41
301 423 99
301 463 57
301 545 21
301 546 40
301 558 74
301 571 95
302 324 8
302 333 25
302 354 89
302 372 12
302 387 52
302 392 30
302 398 26
302 428 92
302 440 21
302 456 96
302 474 10
302 478 96
302 532 87
302 547 25
302 555 19
302 584 92
303 314 23
303 338 47
303 355 75
303 362 45
303 387 48
303 409 10
303 412 1
303 416 46
303 418 51
303 423 99
303 432 3
303 441 23
303 461 91
303 475 76
303 478 17
303 482 50
303 493 1
303 505 5
303 506 61
303 522 4
303 548 86
303 574 38
304 321 47
304 347 58
304 352 86
304 362 56
304 373 5
304 402 72
304 422 33
304 458 24
304 476 15
304 480 7
304 484 22
304 503 89
304 505 3
304 509 70
304 563 98
305 310 3
305 341 15
305 351 100
305 397 53
305 405 17
305 435 22
305 445 95
305 468 45
305 470 90
305 475 44
305 522 97
305 555 46
305 566 56
305 590 100
306 311 84
306 337 94
306 351 46
306 353 41
306 360 79
306 383 53
306 406 46
306 412 2
306 427 85
306 430 21
306 484 16
306 505 43
306 574 42
306 575 56
307 320 45
307 334 11
307 357 5
307 367 99
307 373 78
307 389 5
307 398 4
307 400 46
307 437 78
307 448 98
307 481 90
307 486 20
307 498 42
307 503 86
307 524 65
307 544 97
307 548 37
307 567 48
307 593 42
308 329 82
308 353 41
308 390 72
308 424 35
308 428 86
308 445 73
308 469 71
308 470 6
308 514 40
308 538 14
308 549 99
308 564 95
308 572 58
309 311 62
309 325 100
309 337 9
309 338 39
309 342 56
309 367 12
309 422 36
309 432 33
309 437 9
309 462 26
309 491 52
309 561 2
309 584 63
310 314 69
310 324 99
310 335 100
310 342 68
310 379 92
310 430 33
310 434 8
310 454 64
310 457 67
310 470 45
310 500 88
310 512 38
310 515 2
310 523 28
310 538 51
310 551 1
311 333 22
311 340 60
311 345 62
311 418 73
311 432 20
311 441 52
311 449 28
311 491 31
311 508 87
311 509 61
311 555 40
311 572 64
311 576 64
311 577 93
311 579 79
312 318 32
312 334 43
312 338 78
312 365 100
312 370 35
312 386 10
312 396 59
312 398 50
312 455 29
312 463 4
312 468 37
312 470 66
312 489 5
312 492 64
312 535 68
312 541 57
312 563 86
312 574 79
312 575 18
313 321 10
313 323 99
313 330 69
313 357 38
313 395 81
313 407 8
313 438 98
313 445 72
313 448 71
313 449 13
313 452 65
313 454 49
313 457 45
313 466 7
313 471 78
313 483 96
313 487 41
313 503 40
313 509 54
313 519 90
313 525 20
313 565 57
314 361 27
314 367 37
314 386 14
314 405 42
314 407 4
314 422 70
314 462 79
314 481 34
314 525 40
314 533 89
314 542 32
314 546 8
314 576 26
315 322 13
315 343 67
315 345 75
315 412 36
315 416 38
315 424 87
315 425 100
315 470 38
315 472 31
315 477 7
315 495 68
315 497 78
315 498 99
315 500 59
315 526 32
315 554 89
315 579 78
315 594 88
315 597 67
316 320 14
316 336 1
316 338 8
316 410 69
316 530 23
316 537 39
316 590 2
316 592 62
317 349 27
317 357 86
317 360 21
317 390 52
317 394 50
317 419 88
317 424 78
317 472 85
317 484 77
317 506 64
317 511 85
317 560 14
317 586 47
317 595 91
318 322 33
318 392 24
318 406 89
318 429 91
318 433 55
318 434 29
318 435 68
318 469 95
318 472 47
318 489 33
318 499 47
318 537 7
318 546 1
318 563 69
318 584 45
319 410 3
319 460 82
319 474 71
319 494 40
319 499 3
319 506 74
319 510 89
319 526 90
319 534 51
319 562 73
319 567 66
319 597 14
320 325 9
320 473 31
320 479 12
320 497 51
320 499 16
320 507 36
320 549 92
320 592 6
320 595 42
321 323 20
321 337 26
321 352 88
321 359 19
321 382 58
321 385 35
321 390 25
321 403 59
321 421 55
321 448 69
321 461 13
321 467 37
321 473 91
321 476 52
321 509 91
321 534 64
321 580 92
321 582 80
322 329 14
322 330 16
322 362 97
322 364 79
322 366 25
322 402 79
322 410 91
322 460 27
322 465 94
322 468 78
322 482 18
322 532 52
322 556 71
323 332 90
323 333 29
323 334 59
323 432 8
323 437 86
323 443 45
323 476 84
323 482 96
323 495 51
323 496 52
323 537 60
323 563 87
323 576 42
323 585 63
324 343 29
324 344 5
324 406 54
324 475 8
324 556 70
324 586 22
325 354 56
325 372 48
325 385 46
325 403 35
325 411 90
325 416 72
325 436 80
325 466 67
325 470 42
325 487 31
325 494 38
325 495 31
325 510 59
325 512 48
325 574 90
325 576 97
326 365 92
326 377 73
326 439 44
326 458 42
326 461 24
326 465 4
326 466 81
326 493 17
326 523 18
326 539 9
326 562 73
326 582 72
327 343 69
327 350 42
327 355 93
327 385 76
327 404 41
327 415 90
327 427 10
327 510 31
327 517 13
327 527 42
327 553 49
327 555 54
327 560 24
327 577 38
327 578 36
327 584 35
327 594 85
327 598 25
328 345 31
328 373 28
328 378 49
328 417 26
328 424 22
328 464 24
328 477 81
328 492 54
328 521 40
328 523 99
328 544 14
328 550 64
328 555 22
328 571 34
328 599 5
329 357 66
329 392 10
329 408 98
329 441 55
329 454 71
329 508 80
329 534 19
329 536 12
329 552 28
329 554 25
329 559 36
329 583 18
330 333 12
330 336 70
330 348 54
330 373 89
330 421 52
330 431 82
330 445 37
330 453 77
330 479 55
330 507 61
330 522 58
330 527 60
330 537 52
330 582 56
330 596 73
331 341 16
331 352 77
331 357 7
331 369 72
331 412 42
331 413 68
331 422 21
331 452 48
331 461 38
331 512 100
331 536 18
331 537 50
331 542 80
331 563 42
331 586 85
332 375 97
332 384 54
332 401 6
332 407 50
332 417 42
332 421 57
332 457 83
332 487 30
332 490 33
332 491 89
332 528 42
332 530 42
332 541 48
332 552 94
332 565 49
332 586 21
333 335 61
333 416 25
333 447 79
333 457 32
333 498 18
333 502 46
333 515 53
333 554 17
333 558 83
333 585 4
334 338 35
334 353 84
334 366 83
334 369 28
334 382 20
334 395 31
334 420 33
334 426 25
334 431 81
334 542 26
334 568 81
335 380 15
335 398 56
335 404 66
335 419 4
335 429 97
335 436 59
335 444 51
335 446 42
335 455 8
335 489 23
335 512 2
335 521 84
335 524 53
335 535 86
335 548 2
335 552 98
335 558 90
335 562 70
335 572 33
336 342 93
336 367 4
336 400 68
336 428 76
336 456 84
336 475 88
336 491 6
336 498 16
336 513 12
336 515 38
336 534 42
336 541 45
336 550 5
336 570 49
336 572 62
336 573 8
336 589 97
337 364 20
337 414 10
337 439 39
337 441 79
337 461 33
337 472 92
337 560 63
337 566 85
338 376 77
338 407 64
338 426 35
338 435 66
338 469 33
338 481 19
338 504 59
338 528 89
338 564 86
338 577 86
339 352 72
339 361 73
339 382 43
339 395 39
339 427 37
339 432 33
339 509 80
339 587 33
340 390 37
340 457 80
340 483 94
340 488 96
340 491 77
340 509 65
340 515 5
340 547 67
340 583 44
340 589 89
341 392 58
341 418 6
341 435 26
341 471 35
341 489 21
341 491 60
341 494 52
341 496 5
341 506 30
341 516 62
341 560 93
342 353 15
342 401 99
342 413 16
342 431 40
342 454 94
342 486 55
342 487 28
342 574 26
342 585 86
342 589 60
343 352 14
343 376 18
343 377 5
343 380 9
343 385 46
343 396 21
343 419 65
343 420 12
343 490 16
343 503 54
343 510 69
343 542 73
343 549 79
343 563 55
343 590 93
344 362 90
344 363 59
344 397 50
344 423 19
344 447 20
344 474 94
344 485 85
344 489 19
344 537 10
344 582 76
344 594 12
344 596 16
345 360 3
345 408 89
345 433 53
345 439 14
345 441 2
345 513 70
346 356 70
346 362 62
346 384 15
346 396 43
346 399 26
346 400 78
346 417 58
346 442 79
346 482 47
346 512 31
346 538 9
346 546 53
346 568 75
346 591 98
347 381 11
347 410 24
347 430 68
347 447 83
347 449 70
347 454 5
347 462 1
347 479 31
347 480 80
347 491 64
347 498 46
347 568 35
347 573 4
347 595 50
348 350 100
348 399 5
348 471 72
348 486 70
348 487 66
348 497 86
348 515 12
348 534 43
348 544 16
348 545 21
348 556 74
348 567 14
348 593 3
349 360 82
349 442 66
349 446 30
349 461 32
349 466 29
349 477 5
349 541 99
349 554 11
349 565 74
349 581 3
349 597 63
350 358 4
350 359 35
350 395 26
350 401 1
350 402 69
350 408 81
350 422 51
350 426 68
350 444 85
350 450 22
350 461 89
350 475 2
350 502 59
350 510 52
350 532 44
350 538 74
350 545 25
350 546 17
350 564 87
350 565 27
350 570 51
350 571 5
350 586 56
350 587 82
351 367 33
351 374 61
351 474 32
351 484 43
351 495 34
351 515 87
351 520 57
351 542 90
351 570 21
351 582 34
351 591 90
352 355 41
352 461 14
352 468 40
352 472 60
352 476 98
352 481 61
352 515 49
352 527 51
352 562 72
352 586 52
352 591 94
353 356 45
353 366 76
353 374 63
353 376 84
353 417 55
353 534 13
353 576 88
353 591 10
354 355 94
354 361 72
354 382 22
354 466 77
354 468 66
354 506 8
354 509 63
354 539 22
354 573 97
355 383 35
355 400 55
355 435 86
355 436 75
355 448 68
355 486 26
355 495 87
355 496 17
355 548 38
355 555 87
355 570 67
355 577 61
356 358 38
356 390 12
356 392 58
356 402 66
356 417 74
356 423 41
356 424 20
356 442 38
356 489 80
356 491 29
356 510 83
356 521 51
356 564 3
356 571 60
356 584 16
356 594 10
356 598 74
357 360 37
357 365 6
357 378 9
357 388 43
357 405 91
357 478 35
357 510 10
357 521 68
357 528 21
357 585 78
358 426 6
358 458 7
358 506 44
358 517 66
358 519 97
358 526 55
358 528 23
358 545 62
358 561 81
358 596 15
359 387 81
359 389 18
359 456 94
359 488 61
359 497 53
359 527 96
359 533 63
359 535 12
359 568 11
359 573 24
359 583 85
359 587 99
359 591 29
359 595 45
360 383 41
360 403 20
360 418 80
360 423 2
360 456 39
360 476 52
360 524 79
360 540 44
360 545 11
360 550 74
360 567 62
360 576 7
360 582 81
360 586 36
360 590 68
360 593 61
361 362 3
361 404 100
361 433 30
361 438 48
361 450 60
361 458 82
361 496 44
361 504 75
361 535 45
361 541 6
361 545 98
361 562 82
361 565 5
361 594 79
362 380 26
362 401 97
362 415 50
362 430 57
362 440 51
362 466 88
362 478 61
362 509 81
362 517 84
362 553 71
363 372 55
363 388 97
363 389 77
363 400 35
363 439 32
363 479 96
363 486 47
363 493 86
363 500 95
363 502 76
363 511 34
363 537 6
364 366 10
364 380 77
364 388 80
364 401 6
364 407 82
364 447 30
364 464 87
364 471 38
364 502 60
364 519 65
364 534 87
364 577 9
365 405 73
365 422 37
365 429 96
365 433 33
365 458 69
365 501 31
365 511 3
365 513 23
365 523 27
365 551 31
365 552 57
365 559 11
365 583 26
365 598 3
366 373 96
366 450 20
366 455 31
366 471 29
366 488 26
366 533 92
367 383 57
367 422 57
367 427 49
367 460 39
367 462 38
367 493 88
367 539 28
367 554 97
367 595 52
368 390 66
368 391 57
368 393 76
368 394 54
368 404 5
368 426 9
368 487 23
368 505 35
368 515 63
368 557 45
368 558 62
368 583 94
369 422 54
369 425 24
369 427 19
369 455 8
369 492 19
369 509 91
369 555 90
369 559 100
369 575 68
370 395 81
370 405 56
370 407 76
370 420 82
370 434 46
370 438 14
370 448 69
370 471 26
370 536 62
370 550 72
370 565 91
371 377 19
371 392 47
371 397 45
371 405 23
371 450 7
371 454 67
371 470 9
371 490 70
371 502 63
371 503 70
371 506 63
371 532 16
371 540 93
372 379 33
372 398 24
372 452 64
372 454 23
372 476 13
372 478 63
372 480 90
372 509 46
372 528 70
372 577 18
372 588 27
372 592 16
373 374 31
373 385 95
373 463 41
373 508 44
373 559 66
373 564 83
373 573 14
373 594 64
374 420 27
374 449 88
374 464 71
374 490 45
374 498 97
374 512 40
374 523 8
374 528 18
374 547 54
374 554 23
374 558 63
375 431 86
375 433 98
375 438 26
375 469 61
375 493 63
375 513 40
375 583 50
376 386 8
376 406 9
376 409 67
376 419 34
376 445 76
376 454 49
376 506 80
376 514 68
376 577 45
377 378 97
377 410 51
377 415 10
377 445 60
377 450 29
377 484 98
377 503 30
377 505 74
377 528 46
377 539 69
377 549 33
377 571 63
377 578 22
377 598 7
378 392 25
378 413 60
378 506 5
378 557 2
379 381 20
379 385 67
379 395 93
379 408 69
379 433 26
379 434 2
379 489 88
379 502 11
379 508 29
379 514 88
379 528 90
379 548 49
379 565 84
379 567 86
379 568 99
379 590 94
380 434 45
380 435 79
380 450 91
380 494 27
380 507 4
380 566 36
380 597 95
381 389 36
381 395 50
381 398 69
381 422 43
381 433 27
381 485 28
381 508 99
381 521 28
381 537 47
381 540 17
381 551 73
381 559 67
381 578 94
381 581 26
381 594 6
382 401 4
382 402 54
382 418 46
382 437 93
382 447 2
382 456 29
382 480 30
382 481 52
382 489 22
382 491 26
382 518 83
382 570 12
383 454 52
383 464 86
383 491 99
383 493 99
383 513 22
383 523 49
383 541 67
383 560 16
383 595 27
384 394 46
384 419 66
384 456 6
384 473 92
384 496 34
384 534 78
384 547 10
384 584 27
384 599 3
385 391 16
385 415 30
385 418 9
385 434 61
385 512 74
385 554 62
385 576 89
385 584 55
385 590 66
386 388 63
386 405 80
386 423 48
386 425 26
386 428 84
386 430 33
386 437 25
386 443 82
386 454 6
386 474 25
386 488 100
386 519 73
386 542 51
386 558 45
386 576 38
387 408 8
387 425 88
387 431 23
387 437 86
387 502 97
387 531 49
387 586 40
387 598 64
388 390 30
388 398 48
388 412 76
388 415 3
388 423 10
388 472 17
388 478 57
388 494 75
388 506 79
388 510 89
388 519 22
388 530 4
388 580 72
389 392 6
389 395 80
389 407 5
389 425 12
389 443 4
389 492 4
389 507 84
389 510 6
389 515 100
389 535 74
389 598 14
390 393 87
390 405 96
390 417 51
390 435 35
390 467 97
390 478 90
390 499 99
390 552 26
390 553 90
390 554 26
390 559 81
390 578 99
390 591 42
390 595 89
391 411 25
391 440 72
391 446 77
391 448 98
391 485 28
392 398 100
392 408 55
392 415 7
392 439 4
392 441 66
392 467 63
392 481 59
392 482 2
392 484 20
392 485 58
392 513 27
392 520 33
392 528 96
392 561 22
392 571 35
392 599 31
393 450 70
393 475 25
393 487 81
393 496 96
393 577 14
394 412 6
394 420 76
394 442 64
394 471 100
394 490 16
394 537 40
394 568 23
394 576 93
394 579 89
394 580 50
394 593 44
395 412 43
395 415 9
395 431 100
395 504 61
395 518 71
395 531 58
395 536 62
395 587 42
396 430 68
396 442 88
396 475 27
396 508 63
396 545 61
396 557 61
396 568 93
396 578 31
396 583 37
396 591 25
396 592 78
396 594 2
397 398 83
397 399 5
397 454 17
397 458 34
397 469 20
397 486 56
397 520 56
397 554 64
397 556 96
397 595 58
398 428 8
398 440 39
398 443 18
398 447 7
398 489 99
398 512 40
398 534 16
398 559 12
398 563 81
398 572 35
398 589 51
399 405 7
399 463 98
399 466 11
399 506 68
399 534 42
399 557 93
399 566 56
399 567 67
399 576 70
400 414 58
400 421 49
400 529 74
400 589 26
400 592 82
400 593 46
401 412 34
401 446 89
401 451 9
401 459 29
401 469 46
401 544 16
401 571 67
401 581 63
402 448 74
402 478 17
402 491 54
402 509 42
402 520 28
402 522 35
402 526 76
402 538 78
402 580 41
403 404 73
403 429 41
403 435 60
403 439 67
403 444 85
403 448 16
403 454 33
403 464 55
403 532 25
403 540 33
403 570 80
403 583 50
403 592 66
404 424 25
404 433 83
404 448 54
404 465 34
404 532 64
404 544 52
404 550 1
404 554 30
404 558 66
404 560 27
405 420 99
405 434 20
405 447 68
405 465 78
405 481 54
405 549 95
405 554 56
405 588 46
405 590 20
406 414 48
406 455 6
406 480 86
406 489 32
406 493 73
406 513 70
406 532 38
406 560 49
407 430 2
407 443 70
407 455 50
407 544 67
407 558 94
407 561 85
407 569 20
407 595 79
408 449 48
408 468 23
408 472 32
408 478 77
408 482 89
408 484 58
408 504 27
408 508 8
408 523 77
408 529 5
408 548 13
409 420 71
409 423 12
409 429 58
409 452 90
409 474 11
409 476 15
409 499 27
409 517 42
409 574 39
410 434 96
410 466 32
410 467 87
410 471 97
410 478 1
410 520 89
410 568 63
410 583 46
411 416 73
411 450 35
411 456 25
411 484 20
411 485 57
411 488 8
411 567 48
411 596 97
412 413 65
412 433 75
412 437 56
412 452 93
412 560 79
412 566 68
412 573 63
412 574 42
412 577 78
412 584 5
412 587 52
412 594 92
412 598 31
413 422 45
413 440 31
413 516 27
413 525 76
413 530 69
413 535 75
413 547 76
413 548 57
413 590 38
413 593 74
414 450 29
414 474 24
414 477 50
414 501 100
414 505 32
414 532 57
414 542 48
414 567 29
414 575 73
414 577 22
414 588 36
415 421 65
415 434 52
415 448 4
415 450 27
415 451 45
415 461 81
415 464 83
415 476 96
415 522 24
415 540 14
415 558 40
415 569 6
415 571 92
416 459 68
416 463 27
416 474 66
416 479 95
416 483 83
416 499 55
416 512 68
416 518 64
416 551 78
416 577 17
416 592 63
416 594 62
417 476 25
417 483 62
417 490 42
417 493 97
417 495 35
417 525 77
417 563 61
417 566 38
417 586 32
417 592 40
418 421 82
418 430 64
418 470 22
418 477 29
418 489 40
418 499 35
418 505 69
418 522 45
418 570 78
418 580 88
419 451 71
419 466 44
419 499 82
419 542 6
419 573 98
419 579 50
419 581 21
419 598 28
420 483 18
420 485 35
420 486 41
420 530 43
420 536 97
420 553 34
420 562 39
420 581 31
420 589 10
421 426 100
421 446 69
421 448 94
421 453 39
421 495 2
421 505 9
421 506 12
421 529 31
421 532 48
421 550 99
421 577 51
421 581 45
421 595 76
421 599 38
422 451 15
422 460 71
422 471 19
422 559 72
422 584 21
423 450 20
423 496 44
423 500 100
423 521 90
423 526 79
423 537 40
423 554 32
423 562 27
424 430 73
424 431 22
424 437 9
424 445 34
424 481 73
424 511 29
424 516 79
424 536 63
424 566 31
424 572 88
424 591 75
424 593 61
425 452 35
425 462 73
425 474 63
425 476 79
425 509 100
425 540 100
425 549 46
425 553 71
425 570 70
425 582 69
425 588 91
425 593 42
426 433 13
426 435 90
426 437 31
426 480 43
426 499 81
426 507 14
426 528 69
427 447 5
427 454 87
427 460 29
427 492 90
427 533 60
427 564 58
427 569 69
427 587 74
427 596 88
428 440 56
428 462 48
428 468 100
428 482 42
428 483 72
428 510 62
428 533 73
428 559 24
429 430 61
429 432 18
429 446 94
429 449 82
429 450 38
429 454 36
429 460 23
429 477 50
429 490 77
429 498 5
429 535 44
429 537 57
429 560 18
429 579 64
429 599 13
430 440 5
430 447 93
430 462 2
430 490 16
430 522 50
430 527 70
430 531 89
430 536 37
430 539 77
430 557 89
430 597 88
431 432 71
431 465 60
431 509 49
431 529 43
431 589 35
432 433 61
432 434 60
432 479 28
432 481 42
432 496 97
432 504 15
432 511 17
432 517 99
432 551 91
432 589 73
432 590 94
433 441 99
433 450 43
433 452 10
433 481 11
433 529 99
433 534 2
433 548 13
433 579 14
433 597 3
434 437 34
434 439 54
434 443 39
434 477 63
434 504 42
434 561 26
434 569 33
435 452 54
435 453 26
435 464 75
435 472 88
435 486 86
435 487 86
435 500 68
435 528 79
435 538 34
435 588 82
435 593 47
435 594 84
436 560 73
436 561 20
436 578 78
437 456 71
437 484 62
437 519 87
437 525 34
437 561 60
437 564 40
437 565 46
437 577 25
437 580 42
437 581 31
438 542 78
438 590 32
438 598 93
439 477 20
439 491 9
439 510 25
439 511 73
439 518 34
439 542 51
439 548 12
439 589 71
440 444 36
440 450 79
440 451 49
440 452 70
440 477 61
440 535 48
440 542 53
440 571 33
440 574 67
440 585 30
441 448 55
441 452 80
441 472 68
441 507 40
441 520 39
441 533 7
441 552 37
441 591 63
442 445 48
442 448 68
442 499 40
442 503 79
442 507 12
442 540 11
442 544 87
442 546 89
442 562 35
442 573 72
442 577 39
443 467 47
443 471 42
443 489 75
443 535 25
443 545 43
443 561 44
443 580 85
444 447 90
444 469 48
444 473 69
444 485 8
444 519 30
444 522 76
444 535 87
444 569 97
444 586 15
445 446 25
445 452 56
445 475 52
445 477 39
445 503 3
445 536 71
445 555 78
446 503 34
446 552 82
446 562 41
446 572 72
446 592 70
447 473 75
447 489 44
447 509 9
447 516 21
447 517 85
447 526 35
447 539 46
447 574 79
447 577 30
447 578 82
448 479 68
448 571 77
449 486 3
449 488 75
449 499 6
449 505 78
449 508 61
449 544 55
449 563 44
449 592 37
449 594 10
449 596 47
450 498 75
450 509 64
450 532 17
450 537 5
450 551 49
450 570 99
450 589 97
451 457 21
451 462 20
451 463 71
451 464 16
451 471 80
451 477 92
451 554 52
452 467 14
452 471 89
452 497 31
452 533 43
452 537 70
452 557 98
452 579 72
452 584 72
453 456 25
453 486 77
453 488 1
453 535 37
453 547 83
453 566 97
454 463 74
454 467 44
454 476 43
454 488 100
454 518 8
454 578 60
454 592 56
455 468 56
455 520 10
455 578 52
456 517 28
456 522 29
456 529 23
456 531 43
456 535 61
457 460 66
457 473 95
457 479 74
457 508 54
457 516 25
457 524 69
457 583 75
457 588 74
457 590 40
457 597 99
458 459 50
458 521 68
458 530 51
458 540 87
458 546 51
458 556 47
458 567 12
458 583 94
458 585 90
459 467 63
459 468 53
459 469 1
459 476 19
459 492 61
459 522 10
459 544 22
459 546 88
459 567 90
459 591 96
460 509 83
460 512 50
460 522 61
460 558 29
460 568 76
460 593 66
461 520 5
461 537 44
461 540 41
461 541 30
462 466 35
462 484 91
462 500 80
462 516 54
462 520 41
462 527 18
462 584 56
462 587 88
463 470 29
463 480 50
463 495 29
463 500 91
463 501 54
463 512 29
463 514 61
463 533 14
463 540 90
463 551 83
463 586 54
464 474 79
464 500 30
464 511 88
464 563 81
464 586 91
464 587 16
464 593 8
465 476 8
465 481 20
465 486 51
465 492 100
465 501 49
465 502 37
465 503 90
465 510 80
465 514 90
465 517 83
465 537 97
465 546 46
465 567 22
465 569 77
465 573 47
466 467 50
466 495 20
466 507 100
466 508 30
466 528 80
466 529 66
466 532 19
466 556 14
466 574 71
467 468 97
467 487 44
467 490 58
467 510 29
467 520 86
467 525 25
467 567 36
467 593 93
468 497 96
468 518 38
468 522 93
468 533 96
468 537 74
468 543 82
468 560 76
468 565 16
468 590 16
468 595 24
469 475 13
469 486 37
469 495 1
469 502 59
469 514 86
469 523 20
469 537 10
469 560 15
469 567 99
469 572 27
469 582 85
469 596 65
470 479 97
470 487 34
470 494 60
470 510 6
470 516 62
470 521 45
470 534 82
470 541 50
470 544 37
470 551 77
470 553 87
470 564 81
470 571 73
471 474 13
471 495 15
471 523 48
471 541 28
471 545 30
471 575 71
471 589 92
471 592 67
472 481 23
472 504 50
472 551 4
473 501 42
473 521 11
473 538 19
473 546 93
473 597 38
474 487 55
474 490 57
474 497 86
474 510 88
474 536 16
474 539 44
474 541 50
474 542 12
474 545 25
474 555 99
475 488 100
475 554 2
475 566 37
476 502 81
476 544 26
476 580 49
476 593 95
477 478 25
477 511 28
477 531 76
477 566 47
478 479 19
478 496 42
478 504 70
478 508 20
478 541 46
478 543 11
478 580 31
479 507 16
479 523 3
479 548 20
479 557 70
479 588 11
479 598 57
480 534 58
480 578 78
480 592 100
481 482 59
481 518 89
481 527 77
481 573 9
482 486 89
482 520 30
482 560 45
482 583 21
482 593 55
483 505 46
483 553 67
484 532 79
484 536 73
484 553 42
484 556 25
484 586 44
485 511 36
485 527 94
485 533 63
485 541 33
485 553 57
485 566 45
485 586 100
485 591 11
486 498 64
486 524 21
487 521 22
487 537 73
487 549 30
487 552 51
487 580 72
488 494 88
488 499 40
488 553 100
488 557 96
488 565 80
488 598 29
489 588 93
490 497 52
490 525 83
490 532 38
490 533 70
490 549 13
490 586 10
491 493 11
491 574 90
491 589 5
492 506 98
492 518 35
492 529 68
492 543 30
492 556 91
492 563 64
492 569 81
492 570 54
492 573 80
492 597 2
493 523 75
493 534 52
493 552 31
493 554 77
493 570 75
493 582 71
493 589 68
494 507 75
494 511 66
494 530 47
494 550 3
494 580 58
495 499 50
495 524 38
495 559 47
495 560 19
495 582 2
496 530 57
496 537 82
496 577 91
496 584 61
497 511 31
497 519 26
497 546 80
497 593 61
497 597 68
498 502 44
498 546 93
498 548 21
498 551 75
498 574 94
498 581 47
498 596 26
498 599 77
499 596 24
500 578 100
501 506 47
502 523 91
502 536 26
502 558 12
502 580 90
503 507 81
503 526 22
503 527 91
503 531 70
503 532 68
503 554 62
503 570 71
503 571 76
503 577 43
503 581 14
503 591 89
504 523 73
504 529 91
504 536 20
504 572 85
504 580 58
504 590 15
505 523 30
505 533 31
505 540 89
505 545 23
506 544 29
506 553 66
506 587 99
507 566 4
508 534 66
508 549 45
508 560 47
509 514 91
509 526 9
509 532 88
509 560 23
509 590 82
510 527 78
510 543 92
510 559 1
510 574 39
511 534 63
511 583 29
511 585 33
511 590 76
511 593 69
511 596 58
512 518 18
512 556 88
512 579 94
513 563 27
514 539 55
514 554 23
514 564 57
514 581 95
515 538 46
515 577 38
515 590 61
516 555 96
516 581 41
516 596 78
517 519 93
517 557 39
517 564 68
517 583 1
518 586 26
518 598 91
519 530 34
519 532 56
519 545 82
519 551 34
519 552 46
520 541 96
520 550 14
520 556 31
520 583 23
520 592 82
522 553 88
522 559 40
522 561 22
522 580 81
523 532 67
523 548 76
523 553 56
523 561 75
523 580 70
523 593 53
524 550 12
524 582 82
526 552 48
526 554 5
526 576 59
527 532 40
527 538 95
527 573 79
527 595 92
528 549 21
529 562 69
530 533 77
530 551 76
530 599 2
531 542 11
531 560 73
531 567 50
531 568 24
531 580 3
532 533 72
532 536 58
532 552 90
532 570 64
532 579 79
532 582 23
532 583 82
532 584 6
532 589 78
532 597 56
533 534 75
533 549 82
533 563 20
533 567 57
533 587 29
534 547 76
534 557 15
534 561 21
534 599 70
535 543 93
535 545 64
535 554 42
536 564 13
536 582 41
536 589 69
537 569 67
538 566 3
538 571 42
538 581 68
539 542 78
539 547 44
539 557 91
539 559 35
539 582 86
540 594 54
541 543 13
541 569 60
541 570 35
541 589 18
542 560 89
543 551 43
543 564 45
544 547 70
544 552 62
544 582 53
544 592 98
545 558 89
545 593 19
545 594 70
546 555 58
546 559 64
546 561 34
547 557 100
548 568 76
548 583 26
548 597 68
549 552 94
549 565 28
549 570 61
550 552 61
551 555 5
551 566 57
551 567 4
551 578 40
551 583 42
551 591 57
552 560 4
553 569 53
554 558 44
554 563 74
554 577 41
554 586 86
554 587 70
555 576 10
556 587 99
557 572 22
557 573 59
557 587 39
558 566 92
558 571 29
558 580 48
559 564 55
559 593 14
560 563 99
560 572 83
561 591 39
561 599 19
562 570 76
562 582 18
562 589 79
563 568 89
563 590 22
565 571 35
566 573 92
566 579 13
567 586 28
567 587 100
569 570 69
569 579 80
569 582 43
570 576 42
570 578 20
570 593 80
572 582 63
572 595 29
573 581 30
573 589 36
574 581 40
576 584 68
576 587 27
576 597 20
576 598 16
578 586 82
581 583 85
582 598 14
583 591 64
588 590 23
588 598 32
589 596 91
589 598 40
590 593 63
592 599 31
600 299 78
601 599 16
600 601 94
602 606 43
602 629 20
602 630 19
602 638 23
602 721 34
602 728 33
602 746 3
602 761 16
602 804 19
602 809 15
602 824 45
602 844 9
602 891 28
603 611 33
603 652 17
603 692 8
603 701 34
603 709 41
603 715 39
603 734 6
603 743 14
603 750 9
603 751 49
603 756 23
603 779 36
603 806 17
603 846 9
603 892 31
604 605 9
604 644 9
604 663 34
604 665 3
604 721 28
604 746 4
604 756 26
604 765 11
604 766 36
604 785 30
604 800 26
604 812 6
604 818 47
604 821 23
604 830 15
604 881 24
605 656 5
605 660 33
605 669 33
605 685 40
605 701 24
605 718 21
605 735 48
605 762 37
605 791 30
605 812 46
605 825 9
605 831 15
605 848 14
606 616 19
606 657 48
606 667 24
606 684 27
606 749 33
606 753 26
606 767 6
606 783 36
606 819 3
606 834 19
606 860 21
606 862 33
606 877 46
607 608 28
607 678 29
607 697 18
607 703 42
607 704 4
607 720 25
607 725 25
607 729 37
607 741 14
607 761 50
607 767 7
607 785 11
607 820 36
607 842 38
607 845 8
607 846 46
607 848 5
608 628 21
608 675 14
608 692 4
608 746 44
608 783 42
608 805 36
608 864 22
608 897 47
609 621 21
609 622 24
609 647 17
609 648 43
609 667 6
609 688 13
609 721 20
609 859 36
609 861 30
609 864 14
609 901 40
610 634 6
610 639 38
610 684 28
610 714 20
610 721 39
610 754 36
610 771 32
610 801 24
610 836 26
610 837 42
610 875 19
610 889 30
611 614 12
611 619 34
611 620 35
611 642 8
611 678 25
611 691 20
611 699 29
611 740 23
611 744 42
611 756 4
611 796 40
611 803 34
611 811 10
611 832 4
612 686 5
612 692 47
612 693 35
612 721 18
612 825 38
612 834 41
612 841 7
612 877 15
612 888 12
613 614 45
613 621 1
613 646 45
613 668 20
613 673 28
613 681 36
613 684 38
613 691 7
613 704 50
613 770 23
613 784 41
613 789 9
613 835 47
613 856 12
614 631 37
614 634 22
614 635 3
614 646 40
614 670 13
614 695 38
614 757 1
614 829 16
614 893 42
615 633 50
615 644 2
615 722 12
615 759 37
615 765 44
615 766 18
615 773 2
615 792 5
615 798 15
615 799 4
615 802 2
615 833 34
615 857 31
615 896 39
616 636 24
616 646 39
616 658 38
616 666 46
616 668 31
616 671 46
616 675 45
616 702 42
616 722 34
616 734 16
616 752 46
616 798 26
616 809 30
616 820 33
616 852 28
616 853 47
616 887 26
617 628 27
617 650 48
617 667 37
617 677 16
617 679 42
617 721 5
617 722 19
617 727 48
617 738 21
617 761 22
617 783 1
617 804 4
617 821 4
617 825 40
617 826 27
617 845 44
618 658 29
618 667 25
618 687 24
618 715 25
618 727 19
618 740 17
618 809 10
618 895 36
619 622 14
619 633 35
619 640 17
619 695 48
619 702 15
619 713 13
619 749 23
619 781 43
619 787 12
619 795 10
619 806 8
619 830 5
619 831 16
619 848 26
619 878 5
620 661 38
620 668 49
620 669 5
620 687 41
620 699 2
620 703 46
620 806 20
620 814 47
620 821 25
620 848 46
620 867 22
620 871 1
620 882 14
621 622 40
621 629 10
621 666 1
621 697 3
621 702 47
621 711 19
621 771 2
621 814 11
621 835 31
621 863 25
621 865 3
621 878 44
621 881 36
621 887 13
622 642 49
622 678 3
622 699 38
622 740 5
622 747 40
622 767 37
622 790 9
622 826 32
622 845 40
622 846 5
622 852 1
622 869 37
622 899 31
623 630 48
623 650 10
623 704 31
623 719 11
623 739 50
623 744 40
623 750 13
623 802 4
623 816 36
623 821 31
623 828 6
623 834 48
623 845 13
623 846 30
624 628 3
624 665 9
624 666 17
624 667 15
624 674 9
624 676 19
624 697 4
624 744 13
624 758 10
624 762 40
624 770 23
624 809 41
624 817 30
624 829 27
624 841 44
624 851 18
624 859 9
624 861 41
624 869 27
624 870 39
625 688 4
625 706 28
625 710 29
625 714 18
625 733 32
625 742 16
625 766 1
625 800 39
625 805 16
625 823 13
625 836 18
625 872 18
625 884 21
625 895 36
625 898 34
626 646 31
626 653 6
626 654 37
626 672 43
626 691 15
626 741 29
626 790 16
626 857 5
626 890 10
626 891 44
627 637 50
627 643 27
627 668 3
627 719 41
627 739 5
627 777 41
627 795 44
627 802 35
627 823 21
627 845 11
627 853 16
627 862 39
627 865 11
627 893 6
628 644 4
628 652 26
628 697 23
628 703 23
628 704 48
628 705 10
628 752 6
628 827 29
628 899 15
629 649 44
629 667 23
629 683 29
629 700 22
629 726 38
629 742 35
629 758 31
629 822 32
629 826 35
629 872 9
629 897 36
629 899 25
630 632 16
630 633 26
630 644 20
630 646 50
630 647 47
630 660 32
630 666 17
630 689 37
630 698 45
630 710 22
630 718 40
630 742 22
630 747 46
630 748 12
630 754 21
630 756 5
630 774 19
630 805 1
630 806 21
630 831 12
630 874 24
630 900 49
631 638 36
631 639 11
631 649 33
631 696 18
631 740 44
631 748 19
631 771 27
631 778 29
631 780 45
631 791 44
631 818 5
631 822 14
631 836 43
631 864 3
632 648 48
632 650 11
632 655 39
632 661 44
632 688 34
632 709 30
632 713 15
632 722 29
632 736 41
632 750 35
632 758 35
632 764 11
632 769 36
632 779 5
632 801 24
632 825 9
632 831 5
632 859 9
632 872 21
632 873 39
633 641 27
633 655 15
633 657 8
633 716 5
633 719 43
633 725 4
633 745 48
633 746 49
633 759 20
633 816 40
633 848 1
634 656 17
634 669 2
634 682 41
634 709 10
634 746 35
634 780 20
634 782 26
634 822 15
634 842 12
634 844 12
634 846 1
634 847 22
634 859 49
634 889 5
634 895 46
634 901 9
635 642 11
635 660 4
635 682 30
635 697 49
635 715 32
635 736 44
635 738 8
635 759 36
635 781 38
635 787 14
635 790 33
635 830 37
635 846 33
635 866 24
635 874 39
635 876 49
635 898 27
636 647 30
636 689 10
636 701 11
636 708 49
636 715 37
636 722 25
636 745 11
636 756 48
636 769 25
636 784 34
636 788 47
636 845 31
636 861 29
637 656 7
637 667 43
637 679 35
637 694 36
637 722 44
637 730 16
637 734 31
637 736 1
637 743 2
637 797 19
637 809 16
637 811 36
637 851 7
637 861 48
637 879 12
637 892 45
638 650 48
638 664 38
638 665 24
638 670 7
638 679 49
638 681 25
638 691 45
638 728 25
638 748 37
638 752 43
638 767 2
638 771 20
638 795 41
638 828 34
638 846 1
638 852 47
638 862 27
638 896 35
639 646 35
639 667 20
639 693 50
639 718 17
639 741 22
639 743 3
639 744 35
639 749 38
639 751 41
639 754 41
639 758 37
639 829 2
639 885 38
640 653 35
640 683 39
640 705 11
640 727 41
640 749 39
640 755 35
640 758 38
640 858 16
640 861 23
640 883 30
641 645 19
641 657 43
641 661 22
641 684 2
641 688 43
641 702 20
641 721 30
641 730 29
641 732 6
641 773 1
641 791 28
641 796 23
641 831 25
641 837 33
641 841 9
641 850 14
641 863 23
641 864 2
641 895 50
642 661 26
642 665 39
642 679 34
642 687 14
642 692 49
642 698 27
642 713 5
642 739 36
642 763 14
642 767 20
642 813 8
642 818 45
642 822 38
642 851 2
642 865 18
643 666 41
643 674 46
643 675 37
643 688 21
643 708 24
643 709 43
643 715 23
643 718 4
643 722 17
643 733 47
643 738 38
643 744 25
643 756 10
643 766 10
643 768 26
643 784 10
643 786 37
643 808 14
643 861 45
643 886 50
644 646 15
644 705 21
644 709 6
644 745 2
644 750 36
644 759 27
644 788 9
644 821 30
644 822 14
644 832 13
644 837 47
644 847 7
644 867 8
644 871 36
644 884 29
645 695 34
645 703 30
645 704 1
645 713 37
645 735 46
645 824 48
645 866 24
645 870 22
645 883 9
645 890 35
646 695 48
646 702 20
646 711 21
646 714 13
646 773 17
646 802 22
646 839 29
646 876 39
646 880 28
647 673 30
647 699 25
647 712 4
647 722 39
647 725 6
647 767 20
647 779 3
647 802 5
647 852 26
647 860 10
647 866 42
647 886 4
647 890 43
647 896 21
648 709 6
648 730 31
648 770 18
648 774 5
648 783 4
648 795 39
648 808 14
648 818 40
648 855 38
648 888 35
648 895 10
649 689 1
649 710 1
649 715 34
649 731 29
649 739 40
649 752 11
649 853 11
649 855 16
649 861 16
649 886 1
649 890 21
650 655 35
650 745 3
650 765 27
650 768 12
650 797 14
650 814 18
650 816 17
650 823 7
650 839 38
650 840 23
650 847 39
651 671 5
651 723 29
651 729 43
651 732 46
651 774 44
651 804 34
651 810 33
651 819 29
651 821 44
651 824 35
651 838 31
651 841 27
651 893 16
652 677 22
652 681 39
652 727 26
652 755 37
652 787 4
652 824 26
652 893 8
652 897 41
653 661 30
653 665 34
653 666 4
653 671 43
653 689 4
653 706 21
653 714 49
653 731 41
653 742 45
653 759 38
653 765 48
653 789 23
653 831 32
653 837 45
653 844 17
653 847 15
653 850 27
653 853 47
653 877 10
653 882 14
653 883 27
654 659 38
654 661 29
654 706 49
654 712 26
654 764 6
654 765 35
654 770 32
654 797 33
654 832 44
654 846 24
654 866 12
654 882 30
655 662 27
655 676 4
655 679 33
655 685 47
655 708 5
655 719 25
655 723 43
655 800 44
655 805 24
655 825 16
655 846 27
655 884 18
656 657 34
656 713 43
656 741 47
656 753 30
656 795 3
656 831 10
656 833 8
656 837 42
656 893 40
657 659 8
657 685 20
657 704 45
657 749 43
657 755 1
657 767 27
657 774 38
657 806 26
657 822 38
657 844 19
657 865 2
658 716 43
658 751 3
658 757 1
658 765 47
658 772 28
658 775 43
658 778 40
658 797 3
658 879 8
658 897 16
659 667 23
659 698 43
659 707 9
659 773 19
659 794 22
659 816 13
659 824 30
659 886 32
659 894 4
660 668 19
660 700 39
660 718 23
660 749 13
660 785 33
660 786 25
660 838 41
660 861 21
660 873 2
660 875 30
660 884 41
660 895 4
661 687 22
661 691 44
661 783 4
661 793 21
661 829 23
661 836 48
661 850 10
661 861 27
661 863 6
661 873 28
661 901 49
662 689 50
662 736 38
662 741 17
662 746 24
662 777 2
662 781 46
662 801 5
662 821 5
662 835 14
662 852 43
663 674 30
663 707 28
663 802 26
663 822 6
663 831 20
663 851 48
663 886 8
663 900 1
664 669 38
664 734 13
664 756 23
664 788 33
664 828 16
664 851 43
664 860 5
664 886 15
664 899 4
664 901 32
665 695 22
665 705 33
665 750 32
665 778 22
665 813 22
665 819 49
665 836 45
665 869 23
665 873 46
665 884 49
666 668 30
666 679 12
666 693 41
666 707 9
666 748 39
666 768 18
666 770 16
666 827 11
666 833 15
666 841 25
666 859 11
666 887 5
666 889 37
666 891 35
666 892 37
667 775 4
667 790 29
667 797 44
667 829 19
667 861 35
667 889 27
667 892 40
668 713 17
668 740 8
668 749 11
668 754 39
668 763 8
668 782 5
668 803 11
668 819 4
668 820 5
668 824 40
668 838 15
668 843 48
668 896 50
669 684 5
669 686 15
669 694 18
669 704 17
669 718 32
669 726 42
669 728 28
669 737 38
669 758 29
669 796 14
669 822 26
669 828 32
669 842 43
669 846 21
669 876 50
669 877 27
669 887 47
670 698 42
670 728 45
670 742 7
670 768 2
670 779 35
670 812 16
670 814 9
670 856 48
670 861 21
670 883 15
671 677 37
671 688 35
671 692 12
671 694 39
671 724 42
671 725 27
671 808 6
671 827 8
671 830 10
671 832 47
671 837 37
671 859 47
671 884 27
672 709 1
672 718 22
672 740 9
672 744 43
672 776 43
672 790 10
672 810 21
672 811 41
672 829 1
672 841 17
672 843 49
672 847 5
672 895 2
672 896 17
673 676 15
673 693 49
673 719 37
673 741 29
673 753 37
673 773 22
673 791 41
673 819 25
673 844 15
673 850 19
673 865 32
673 900 22
674 680 30
674 690 31
674 695 9
674 707 26
674 764 7
674 836 9
674 849 49
674 850 15
674 858 3
674 886 43
675 689 27
675 723 25
675 766 34
675 769 29
675 778 41
675 779 34
675 795 33
675 803 42
675 804 50
675 817 49
675 849 40
675 856 37
675 889 30
676 677 27
676 686 10
676 698 20
676 705 3
676 720 24
676 721 40
676 757 37
676 798 45
676 819 21
676 856 17
676 866 5
676 877 46
677 702 23
677 724 15
677 771 46
677 797 40
677 808 19
677 821 39
677 843 16
677 845 43
677 884 24
677 889 46
677 891 36
678 700 7
678 724 31
678 725 29
678 749 7
678 771 29
678 817 19
678 821 45
678 827 8
678 834 47
678 860 4
678 871 29
679 684 1
679 700 29
679 704 20
679 711 37
679 718 23
679 725 40
679 732 3
679 751 28
679 783 37
679 793 28
679 816 44
679 852 33
679 890 17
680 694 13
680 703 23
680 715 34
680 755 7
680 788 46
680 804 29
680 843 42
680 848 2
681 692 9
681 715 21
681 719 10
681 720 40
681 725 41
681 728 6
681 759 49
681 773 39
681 816 9
681 840 28
681 857 39
681 871 37
681 884 49
681 889 28
682 684 12
682 689 41
682 695 32
682 702 41
682 739 27
682 745 11
682 759 34
682 770 11
682 775 29
682 797 48
682 809 33
682 812 12
682 815 5
682 826 30
682 830 43
682 833 46
682 872 34
682 893 3
682 901 18
683 696 45
683 746 44
683 756 8
683 791 1
683 811 43
683 813 48
683 835 11
683 845 22
684 707 39
684 709 50
684 772 20
684 777 16
684 787 13
684 809 10
684 828 49
684 838 3
684 882 39
685 739 10
685 757 38
685 769 49
685 786 38
685 789 36
685 810 34
685 818 2
685 832 42
685 840 15
685 849 46
685 852 39
685 864 48
685 895 48
685 899 7
686 845 43
686 894 42
687 697 16
687 702 43
687 703 34
687 721 16
687 727 5
687 740 7
687 762 4
687 767 4
687 781 26
687 790 21
687 795 16
687 812 38
687 817 21
687 818 20
688 700 26
688 713 30
688 737 10
688 766 26
688 767 20
688 787 47
688 790 9
688 808 23
688 817 38
688 822 24
688 836 18
688 843 26
688 871 23
688 882 17
688 884 34
688 892 15
689 701 10
689 702 2
689 704 9
689 709 45
689 717 17
689 719 14
689 759 1
689 762 22
689 776 19
689 818 27
689 834 42
689 857 37
690 719 16
690 722 12
690 737 6
690 779 41
690 791 44
690 795 15
690 796 16
690 799 15
690 810 11
690 892 27
691 694 37
691 717 50
691 748 2
691 750 6
691 752 28
691 778 24
691 787 24
691 822 11
692 741 41
692 762 34
692 785 14
692 813 1
692 825 28
692 828 32
692 848 14
692 862 29
693 745 3
693 773 35
693 786 7
693 800 44
693 823 21
693 841 22
693 881 8
693 895 28
694 739 14
694 758 3
694 763 45
694 813 31
694 839 17
695 703 5
695 709 9
695 715 5
695 726 7
695 754 10
695 781 12
695 799 34
695 801 36
695 808 35
695 815 46
695 819 28
695 840 18
696 700 10
696 708 28
696 746 46
696 748 41
696 768 44
696 840 26
696 870 46
696 872 28
696 875 34
697 715 41
697 728 50
697 746 7
697 760 48
697 774 27
697 810 20
697 824 2
697 825 21
697 828 2
698 719 18
698 722 28
698 727 11
698 833 24
698 844 34
698 875 22
698 885 35
699 711 19
699 712 9
699 739 22
699 744 14
699 776 36
699 790 39
699 796 25
699 800 14
699 840 36
699 846 18
699 874 9
699 879 13
699 886 13
699 887 36
700 718 48
700 757 3
700 760 35
700 775 4
700 802 3
700 818 13
700 835 25
700 882 4
700 887 34
701 703 27
701 715 24
701 744 13
701 748 39
701 753 47
701 770 46
701 792 12
701 812 34
701 818 16
701 850 21
701 853 7
701 859 29
701 870 8
701 882 45
701 893 6
701 901 23
702 704 33
702 707 23
702 736 31
702 766 47
702 790 37
702 802 16
702 805 45
702 809 39
702 834 2
702 841 48
702 899 43
703 738 15
703 739 25
703 741 47
703 750 50
703 761 3
703 849 20
703 868 12
703 886 41
703 889 18
703 891 9
703 896 2
704 710 3
704 718 26
704 740 24
704 768 9
704 795 4
704 797 32
704 810 6
704 874 11
704 876 4
704 889 38
704 892 33
704 898 35
705 740 36
705 763 19
705 776 2
705 781 30
705 797 10
705 821 4
705 822 30
705 826 2
705 830 20
705 838 4
705 860 48
705 873 21
705 895 6
706 732 19
706 736 34
706 759 48
706 766 37
706 772 44
706 782 1
706 877 39
706 898 19
707 753 25
707 764 48
707 771 24
707 800 8
707 816 3
707 863 35
707 873 13
707 894 42
707 899 17
708 714 49
708 731 27
708 737 38
708 738 1
708 772 9
708 785 47
708 802 6
708 813 38
708 861 50
709 729 27
709 741 43
709 746 48
709 807 49
709 818 50
709 823 18
709 828 32
709 830 47
709 840 4
709 844 25
709 858 47
709 884 45
709 899 45
710 760 23
710 774 44
710 780 18
710 789 32
710 794 48
710 801 4
710 821 45
710 826 41
710 832 23
710 834 43
710 853 19
710 864 10
710 888 45
711 766 27
711 784 8
711 827 2
711 846 16
711 851 7
711 863 28
711 877 10
711 900 6
712 763 26
712 766 9
712 788 24
712 800 9
712 818 5
712 822 29
712 885 35
713 742 4
713 751 25
713 763 29
713 798 26
713 820 18
713 885 49
714 758 10
714 760 15
714 769 4
714 790 4
714 860 7
714 884 26
714 885 48
715 724 26
715 737 37
715 749 45
715 757 2
715 761 46
715 787 46
715 791 20
715 830 5
715 841 26
715 883 29
716 744 12
716 746 3
716 767 38
716 872 37
716 882 12
716 883 44
716 890 16
717 721 48
717 737 49
717 841 42
717 848 29
717 880 27
717 884 10
718 772 27
718 791 36
718 797 26
718 833 32
718 841 39
718 849 33
718 858 8
718 893 38
718 896 8
719 734 46
719 742 32
719 830 11
719 849 42
719 866 30
719 888 30
720 726 46
720 733 5
720 749 11
720 762 7
720 766 9
720 800 50
720 807 46
720 835 20
720 845 45
720 860 11
721 730 20
721 779 44
721 783 2
721 799 48
721 853 20
721 863 13
721 888 26
721 891 5
721 901 41
722 731 7
722 750 45
722 760 23
722 775 16
722 789 32
722 803 32
722 815 12
722 825 16
722 842 44
722 848 5
722 886 47
723 743 26
723 806 50
723 823 1
723 842 36
723 865 8
723 876 11
723 887 37
723 899 5
724 727 31
724 742 31
724 770 15
724 783 2
724 813 24
724 819 19
724 823 49
724 834 43
724 839 33
724 849 24
724 850 47
724 853 23
724 870 30
724 887 43
725 733 47
725 806 48
725 812 27
725 813 30
725 846 9
725 850 42
725 869 24
725 887 13
726 727 38
726 758 49
726 826 14
726 831 40
726 855 36
726 867 23
726 896 50
727 734 22
727 737 28
727 750 32
727 780 2
727 797 44
727 802 33
727 834 28
727 867 14
727 879 31
728 739 20
728 742 47
728 774 6
728 792 19
728 794 21
728 808 38
728 817 11
728 837 20
728 884 35
729 765 37
729 870 49
729 890 43
729 899 30
730 764 22
730 825 7
730 850 19
730 866 22
730 878 22
730 896 8
730 898 9
731 748 44
731 771 10
731 793 32
731 794 23
731 827 43
731 849 34
731 861 17
731 865 26
732 752 13
732 757 32
732 788 8
732 792 32
732 793 28
732 797 16
732 809 2
732 855 1
733 740 3
733 824 13
733 832 20
733 877 37
734 766 1
734 777 18
734 815 31
734 834 31
734 839 42
734 880 37
734 882 49
734 896 15
735 752 8
735 760 9
735 780 26
735 811 3
735 818 20
735 838 7
735 843 26
735 851 12
735 891 42
736 773 44
736 774 39
736 782 4
736 790 25
736 793 47
736 801 36
736 830 5
736 835 12
736 853 37
736 894 5
737 751 14
737 778 1
737 812 26
737 818 2
737 826 4
737 848 45
737 889 32
737 901 34
738 780 38
738 802 18
738 805 34
738 849 3
738 856 27
738 867 44
738 895 28
738 899 29
739 755 13
739 779 36
739 856 6
739 867 25
739 879 28
739 880 49
740 760 13
740 773 31
740 804 24
740 827 11
740 873 18
740 885 28
741 743 24
741 751 7
741 764 34
741 773 39
741 815 9
741 838 9
741 840 40
741 842 12
741 857 3
741 862 21
741 868 47
741 882 41
742 752 40
742 761 33
742 764 45
742 769 18
742 770 26
742 788 24
742 802 49
742 821 41
742 823 9
742 855 4
742 865 17
742 884 36
742 892 3
743 744 31
743 749 19
743 817 28
743 861 42
743 900 36
744 753 7
744 795 17
744 820 42
744 824 40
744 850 6
744 872 1
744 886 50
744 897 45
744 898 14
745 749 4
745 758 18
745 759 11
745 765 44
745 778 9
745 786 43
745 798 40
745 801 29
745 820 20
745 844 15
745 872 27
745 876 10
745 896 24
746 857 30
746 865 26
746 881 11
746 885 34
746 889 7
746 897 31
747 749 13
747 775 50
747 776 17
747 829 19
747 846 16
747 892 10
747 899 8
747 901 21
748 752 12
748 761 9
748 799 18
748 833 26
748 835 13
748 840 37
748 862 38
748 866 8
748 887 45
748 900 30
749 771 48
749 797 23
749 804 49
749 815 14
749 836 1
749 840 9
749 874 37
749 897 33
750 768 36
750 825 50
750 852 16
750 855 42
750 870 30
750 895 29
751 795 43
751 797 48
751 870 49
751 895 9
752 856 10
753 755 9
753 768 29
753 769 21
753 778 17
753 782 48
753 784 48
753 829 29
753 855 34
753 858 35
753 861 39
753 895 31
753 900 16
754 759 38
754 760 3
754 761 15
754 769 1
755 759 6
755 801 25
755 856 40
755 868 38
755 898 10
756 785 39
756 789 3
756 790 4
756 822 20
756 846 33
756 868 46
757 759 20
757 772 32
757 777 6
757 778 29
757 817 40
757 857 37
757 858 1
757 874 8
757 884 34
757 890 1
758 777 39
758 788 18
758 812 35
758 813 27
758 818 48
758 844 1
758 845 14
759 781 2
759 851 17
760 771 14
760 819 7
760 841 41
760 849 3
760 867 46
760 887 2
760 890 43
761 765 49
761 800 7
761 804 13
761 816 33
761 843 3
761 845 34
761 854 16
761 856 8
761 887 12
762 794 7
762 801 44
762 806 12
762 807 15
762 811 30
762 816 14
762 860 3
762 864 47
762 865 49
763 774 31
763 818 46
763 826 1
763 838 44
763 848 49
763 867 19
763 868 7
764 774 8
764 788 9
764 802 10
764 815 3
764 818 12
764 878 2
764 886 3
765 832 19
765 833 16
765 843 36
765 864 23
765 869 49
765 889 3
766 776 32
766 777 12
766 791 12
766 795 28
766 821 26
766 822 28
766 847 7
766 889 39
766 892 32
767 768 5
767 782 39
767 783 12
767 803 50
767 814 39
767 841 5
767 850 50
767 876 7
768 775 11
768 797 7
768 836 17
768 847 22
768 882 10
769 795 31
769 867 26
770 771 12
770 778 49
770 796 43
770 821 49
770 830 21
770 838 44
770 854 2
770 856 2
770 901 5
771 795 15
771 802 29
771 867 30
771 887 42
771 894 37
771 896 19
772 773 23
772 783 41
772 786 7
772 790 34
772 795 42
772 810 48
772 814 38
772 847 42
772 850 6
772 856 50
772 858 50
772 863 25
772 865 24
772 884 9
772 897 5
773 790 1
773 794 23
773 807 5
773 816 43
773 820 21
773 833 27
773 838 36
773 850 24
773 861 30
773 871 43
773 873 38
774 778 11
774 796 22
774 854 29
774 864 47
774 898 42
775 809 1
775 832 40
775 848 1
775 852 36
775 872 33
775 884 50
775 896 25
776 782 24
776 793 7
776 801 27
776 822 24
776 825 31
776 845 50
776 846 34
777 795 37
777 821 2
777 829 6
777 870 43
777 874 44
777 894 29
778 799 19
778 802 32
778 811 2
778 817 1
778 843 24
778 844 40
778 882 11
779 780 47
779 784 20
779 788 9
779 798 39
779 822 23
779 828 50
779 835 41
779 840 8
779 848 33
779 865 40
779 871 35
779 889 8
780 785 46
780 786 11
780 803 33
780 818 29
780 822 12
780 856 17
781 787 15
781 789 15
781 813 24
781 859 10
781 893 8
782 808 2
782 892 30
782 894 41
782 897 4
783 794 30
783 815 16
783 824 45
783 830 42
783 840 13
783 867 14
783 872 3
783 896 1
784 870 38
784 875 2
785 788 43
785 798 48
785 808 34
785 816 32
785 819 32
785 822 42
785 826 29
785 834 44
785 851 24
785 868 7
785 883 7
785 888 42
785 893 24
785 898 21
786 812 16
786 879 33
787 795 30
787 811 17
787 821 12
787 848 21
787 859 20
787 861 44
787 866 36
787 879 16
787 896 35
788 823 50
788 837 32
788 839 39
788 845 2
788 853 19
788 860 41
788 885 44
789 821 16
789 863 24
789 900 25
790 794 49
790 800 17
790 849 4
790 861 42
790 869 43
791 793 10
791 855 50
791 857 34
791 859 35
791 861 20
791 881 49
791 896 17
792 851 50
792 853 18
792 857 31
792 859 22
792 864 39
792 867 24
792 880 9
792 896 5
793 809 10
793 814 9
793 815 36
793 841 49
793 877 10
793 881 4
794 799 39
794 804 4
794 835 22
794 839 14
794 845 30
794 900 20
795 801 33
795 807 35
795 846 14
795 853 25
795 865 47
795 878 13
795 898 8
796 838 31
796 849 35
796 853 9
796 856 48
796 886 34
797 799 26
797 805 30
797 851 7
797 857 14
797 872 5
797 875 15
797 899 18
798 809 14
798 813 25
798 833 5
798 847 14
798 861 35
799 810 9
799 837 2
799 863 40
799 878 32
800 824 18
800 826 19
801 828 1
802 812 2
802 823 4
802 850 16
802 879 26
803 804 50
803 824 29
803 832 35
804 846 32
804 860 13
804 900 43
805 829 31
805 846 48
805 859 18
805 861 10
805 878 4
805 888 32
806 812 14
806 817 20
806 819 1
806 831 30
806 837 45
806 867 6
806 875 43
806 894 31
806 898 16
807 813 47
807 822 20
807 858 47
807 859 14
807 863 38
807 895 49
807 901 15
808 831 43
808 840 17
808 868 42
808 872 44
808 901 45
809 826 26
809 829 26
809 852 9
809 854 19
809 856 6
809 871 8
810 851 38
810 868 18
810 901 13
811 820 21
811 852 31
811 853 32
811 878 22
811 888 10
811 897 28
812 823 29
812 828 3
812 857 8
812 863 46
812 878 49
813 832 29
813 836 44
813 887 14
813 900 19
814 829 42
814 846 30
814 861 11
814 869 10
814 898 21
815 823 7
815 826 4
815 878 48
815 892 32
816 817 14
816 819 16
816 823 39
816 828 23
816 849 4
816 854 6
816 876 35
816 881 24
816 900 39
817 820 19
817 855 47
818 833 48
818 850 48
818 854 27
818 867 2
818 900 6
819 824 22
819 867 2
819 875 36
819 886 15
820 821 17
820 851 4
820 896 9
820 899 48
821 850 15
821 855 18
822 831 18
822 851 23
822 858 24
822 867 18
822 895 4
822 900 37
823 828 33
823 838 44
823 845 10
823 852 38
823 861 50
823 868 46
823 873 14
824 869 40
824 882 14
824 883 12
825 873 37
825 878 14
825 886 39
826 856 41
826 869 21
826 877 10
826 886 44
826 895 6
827 844 25
827 850 11
827 879 10
827 888 33
827 900 8
828 846 26
828 864 50
828 866 28
828 874 48
829 841 25
829 865 45
829 874 3
829 896 12
829 897 29
830 831 46
830 838 23
830 854 19
830 876 47
830 898 20
832 847 34
832 884 36
833 861 36
834 839 45
834 849 25
834 854 49
834 867 33
834 869 15
834 880 19
835 853 45
836 850 8
836 881 24
836 885 19
837 873 20
837 886 33
838 851 3
838 865 28
839 842 8
839 853 4
839 877 7
839 893 5
839 900 29
840 865 3
840 874 7
840 886 42
841 843 31
841 879 5
841 891 16
842 852 1
842 890 1
843 850 35
843 852 34
843 857 37
843 861 20
843 863 31
843 880 13
844 864 18
845 877 13
845 878 27
846 862 36
847 861 9
847 884 36
847 898 12
848 883 29
849 866 8
851 872 44
851 895 31
852 860 37
852 869 4
853 872 37
853 893 43
854 862 10
854 869 17
854 890 47
854 897 19
854 901 8
855 895 29
856 873 23
857 880 23
857 885 30
857 898 25
857 901 7
858 861 15
858 871 13
859 879 29
859 893 45
859 896 25
860 866 48
860 880 10
861 881 3
861 888 34
861 890 18
862 872 41
863 876 47
864 875 47
865 880 48
866 886 42
867 881 29
867 894 34
869 871 47
870 882 15
870 886 28
870 895 7
871 872 33
871 876 24
871 889 25
871 894 40
874 883 2
874 897 49
875 901 14
876 894 33
876 899 25
878 886 23
878 894 48
879 890 38
881 896 1
883 886 42
883 888 14
883 891 48
883 897 3
884 900 17
887 889 33
887 899 23
888 896 7
888 901 31
891 897 19
891 898 6
891 899 23
892 893 49
902 601 93
903 901 50
902 903 22
