904 6735
16 84 92 36 12 70 43 68 60 66 64 95 37 48 10 93 34 12 40 99 3 19 35 15 61 67 98 64 20 88 91 87 23 82 74 34 52 68 54 63 33 17 10 22 16 19 14 50 82 6 100 85 24 87 99 36 53 49 99 72 88 89 10 10 71 83 96 22 50 1 36 34 69 45 55 84 16 21 33 97 78 85 33 1 71 84 36 23 32 87 46 71 75 55 80 45 89 27 18 90 27 54 23 95 50 30 31 65 2 63 62 79 99 46 31 69 29 66 43 12 4 88 82 79 94 14 75 82 40 45 71 19 50 46 65 99 75 95 64 76 10 77 54 8 22 84 77 51 1 19 62 5 59 44 35 52 9 9 86 100 53 8 18 2 53 83 1 27 29 64 2 38 92 7 46 13 42 74 63 43 44 77 99 54 20 33 6 80 93 43 79 46 50 97 99 3 31 51 81 59 66 35 49 57 41 46 70 35 71 32 29 66 8 27 20 79 11 77 58 3 19 89 100 68 85 51 22 67 1 3 77 67 37 25 23 29 22 92 63 92 76 91 58 35 69 77 14 79 5 23 34 23 11 85 42 47 35 16 65 36 18 42 2 6 18 76 86 40 68 49 31 95 91 88 29 60 16 94 90 20 69 75 94 31 60 88 78 94 3 42 81 72 35 34 77 53 10 14 92 29 37 59 15 99 43 35 9 31 29 60 22 11 88 39 80 73 51 41 99 79 89 17 38 2 86 5 95 69 37 47 33 25 57 47 23 99 33 83 30 61 42 3 23 30 93 55 54 43 95 52 73 84 20 11 85 5 15 31 73 3 29 5 27 85 3 2 36 35 84 65 47 78 19 70 7 11 24 12 6 70 15 78 5 34 40 89 39 7 72 63 9 52 20 88 37 74 41 72 61 24 88 7 1 6 28 59 68 3 70 25 73 36 3 29 70 94 70 60 100 41 74 61 92 93 100 80 67 40 3 27 15 90 85 16 47 65 26 67 67 48 91 91 83 45 20 4 39 41 15 90 81 89 50 24 33 49 56 99 88 58 77 55 100 14 22 98 78 47 64 96 46 7 39 81 3 10 84 41 50 99 31 82 87 32 5 19 81 60 70 20 70 98 74 69 63 95 18 40 94 82 88 39 40 26 19 42 87 55 35 36 53 17 17 91 48 73 61 80 85 82 52 6 32 77 74 94 24 91 86 17 24 73 7 15 50 78 9 88 32 43 23 36 59 91 78 58 15 90 38 51 24 41 56 55 17 81 48 40 24 85 8 99 9 15 14 10 44 74 97 75 16 71 62 26 13 91 35 28 80 24 30 3 64 86 9 81 18 57 72 41 93 80 40 2 94 5 63 37 78 60 84 87 56 83 90 100 85 62 46 99 7 97 88 90 18 48 28 52 88 82 2 76 51 83 100 94 31 2 41 100 35 55 84 91 89 25 42 73 87 87 23 93 35 11 34 52 58 62 56 97 43 9 72 45 91 71 39 73 25 31 72 11 37 7 1 26 32 42 98 70 81 73 62 15 83 47 19 92 8 26 41 2 34 12 47 76 35 37 48 11 67 71 21 55 77 22 80 60 15 30 29 47 2 42 62 36 89 80 27 96 57 19 50 90 31 96 17 17 32 64 27 50 34 47 4 62 20 84 22 87 65 2 33 18 44 46 53 32 77 31 79 33 50 28 74 32 75 90 48 58 53 26 7 38 24 11 52 44 46 73 82 62 26 14 79 69 12 31 52 88 13 31 21 62 10 94 45 37 84 44 94 88 69 1 78 93 63 81 88 60 5 69 21 30 34 99 99 97 81 2 85 45 84 57 59 94 50 3 30 85 47 23 25 15 75 54 59 37 34 46 48 90 66 68 19 52 18 69 48 50 71 84 95 54 40 53 99 42 55 80 78 53 55 54 68 29 7 78 18 92 76 65 81 93 33 100 44 2 20 44 52 90 27 98 44 19 2 42 60 8 22 37 61 76 91 80 56 49 57 73 41 32 90 73 25 74 24 20 75 44 15 78 33 42 75 28 60 28 22 71 36 95 36 87
0 23 12
0 47 22
0 56 25
0 85 5
0 90 12
0 147 3
0 153 14
0 157 4
0 216 24
0 220 3
0 229 1
0 231 17
0 283 5
1 15 19
1 16 24
1 39 14
1 73 6
1 84 3
1 112 9
1 114 10
1 140 20
1 154 15
1 162 6
1 187 6
1 212 25
1 234 9
1 236 8
1 237 11
1 241 23
1 272 24
1 283 16
1 290 11
2 26 23
2 107 15
2 111 15
2 118 11
2 121 20
2 155 3
2 166 16
2 191 18
2 205 8
2 206 16
2 217 11
2 227 12
2 235 12
2 236 9
2 237 2
2 254 19
3 25 12
3 80 10
3 81 4
3 89 8
3 155 1
3 181 9
3 221 13
3 223 1
3 290 20
4 17 23
4 64 13
4 79 17
4 94 23
4 114 4
4 120 2
4 124 22
4 163 20
4 170 17
4 245 9
4 267 14
4 274 21
4 277 25
4 280 8
4 288 5
4 297 17
5 10 20
5 16 16
5 86 3
5 102 6
5 105 17
5 110 22
5 148 17
5 234 4
5 270 2
5 289 1
5 298 4
6 11 12
6 20 15
6 37 6
6 45 6
6 51 12
6 70 21
6 112 22
6 147 12
6 154 1
6 203 1
6 222 8
6 289 20
7 20 19
7 30 19
7 39 11
7 49 14
7 79 18
7 142 20
7 153 19
7 199 11
7 219 15
7 233 11
7 271 14
8 10 20
8 16 5
8 23 12
8 42 13
8 51 8
8 55 15
8 97 15
8 125 13
8 130 1
8 144 4
8 157 21
8 207 7
8 208 18
8 239 16
8 241 5
8 271 6
9 30 16
9 63 5
9 69 13
9 77 12
9 94 23
9 128 8
9 146 22
9 157 14
9 169 25
9 181 19
9 183 9
9 185 13
9 188 8
9 190 19
9 210 3
9 269 4
10 46 25
10 99 14
10 139 18
10 150 9
10 155 5
10 210 7
10 219 22
10 225 5
10 227 10
10 232 19
10 247 11
10 256 4
10 265 11
10 273 18
10 286 9
10 293 3
11 54 22
11 78 24
11 132 14
11 143 22
11 174 6
11 178 13
11 192 12
11 193 8
11 202 6
11 206 20
11 218 20
11 233 15
11 271 15
11 278 22
11 284 20
11 294 15
11 296 12
12 19 12
12 23 23
12 61 16
12 67 18
12 111 21
12 120 22
12 169 4
12 185 16
12 201 8
12 203 10
12 250 1
12 256 2
12 285 18
12 291 3
12 292 23
13 15 18
13 44 19
13 121 21
13 170 1
13 188 6
13 257 7
13 270 8
13 276 13
14 58 1
14 64 4
14 75 2
14 98 16
14 101 2
14 114 21
14 141 7
14 147 15
14 174 7
14 181 6
14 193 5
14 213 1
14 219 4
14 231 1
14 238 4
14 242 19
14 264 10
14 274 13
15 28 22
15 35 11
15 36 8
15 42 1
15 45 11
15 46 2
15 61 19
15 70 6
15 165 2
15 211 24
15 287 15
16 36 11
16 49 11
16 65 15
16 70 14
16 90 14
16 105 7
16 112 15
16 185 11
16 200 15
16 258 6
16 260 19
17 19 21
17 68 10
17 74 19
17 77 1
17 125 13
17 162 25
17 170 21
17 171 24
17 198 14
17 254 17
17 284 12
17 296 23
18 48 18
18 115 24
18 129 25
18 156 13
18 237 6
18 254 1
18 290 12
18 291 20
18 295 12
19 61 24
19 67 12
19 72 2
19 80 15
19 88 18
19 95 19
19 115 25
19 169 10
19 174 24
19 209 21
19 222 5
19 227 11
19 258 14
19 259 7
19 276 23
19 290 15
20 95 2
20 116 23
20 135 6
20 169 21
20 185 11
20 232 3
20 237 15
20 245 9
20 265 2
20 275 2
20 282 15
20 283 5
20 287 15
21 48 9
21 102 16
21 139 14
21 148 20
21 162 17
21 177 5
21 191 15
21 207 12
21 215 6
21 220 24
21 228 11
21 247 1
21 254 5
21 277 21
22 26 17
22 35 11
22 59 20
22 68 6
22 70 14
22 108 19
22 111 11
22 120 9
22 135 5
22 155 14
22 213 23
22 221 13
23 24 17
23 28 25
23 33 4
23 34 21
23 95 14
23 108 13
23 112 13
23 159 4
23 181 9
23 200 7
23 272 8
23 294 23
24 42 18
24 63 14
24 65 23
24 69 3
24 93 16
24 95 4
24 136 25
24 170 7
24 235 14
24 251 21
24 253 15
24 261 3
25 37 15
25 51 2
25 66 13
25 123 21
25 128 17
25 168 11
25 184 10
25 206 9
25 207 12
25 240 14
25 266 4
25 268 2
26 40 1
26 43 19
26 53 6
26 60 11
26 107 25
26 195 15
26 232 11
26 246 17
26 256 5
26 271 8
26 284 22
26 293 21
26 297 12
27 70 23
27 77 4
27 99 2
27 108 19
27 110 18
27 111 6
27 117 10
27 141 20
27 142 19
27 156 7
27 158 11
27 170 6
27 172 16
27 181 21
27 214 17
27 241 4
27 260 25
28 37 20
28 43 6
28 69 18
28 73 25
28 108 17
28 122 19
28 129 17
28 147 2
28 231 10
28 262 23
29 30 11
29 31 8
29 37 18
29 71 22
29 80 6
29 110 22
29 112 1
29 113 1
29 116 16
29 119 6
29 129 10
29 131 12
29 153 1
29 157 18
29 161 23
29 168 6
29 190 8
29 244 18
29 248 24
29 251 12
29 253 19
29 299 19
30 66 19
30 67 13
30 172 20
30 186 10
30 230 6
30 241 11
30 252 13
30 270 18
30 286 9
30 291 24
31 45 25
31 46 3
31 48 22
31 59 5
31 62 1
31 83 24
31 160 7
31 172 19
31 179 5
31 185 18
31 188 5
31 239 5
31 249 10
31 260 2
31 264 13
31 298 18
32 38 22
32 64 11
32 85 6
32 112 17
32 152 6
32 156 24
32 174 5
32 178 1
32 188 11
32 202 12
32 268 13
32 283 23
33 53 6
33 70 23
33 83 23
33 102 6
33 112 3
33 158 22
33 171 12
33 175 3
33 182 20
33 196 19
33 203 23
33 205 24
33 211 11
33 216 3
33 222 6
33 228 23
33 234 6
33 280 18
33 286 15
33 289 2
33 299 5
34 75 22
34 76 21
34 80 11
34 103 20
34 110 2
34 160 11
34 166 5
34 170 13
34 188 25
34 195 5
34 197 21
34 210 23
34 232 4
34 258 1
35 54 25
35 57 25
35 68 14
35 86 4
35 150 20
35 156 9
35 171 2
35 209 20
35 218 22
35 223 4
35 278 2
35 284 19
35 288 9
35 292 21
36 46 8
36 72 13
36 90 1
36 104 4
36 114 8
36 159 13
36 172 25
36 185 11
36 191 23
36 233 7
37 75 25
37 83 24
37 89 13
37 117 20
37 132 21
37 137 16
37 138 20
37 141 22
37 155 16
37 181 11
37 187 1
37 199 12
37 219 19
37 225 4
37 257 6
37 258 15
37 259 7
37 263 8
38 87 8
38 104 17
38 105 3
38 106 17
38 117 6
38 124 5
38 157 22
38 187 15
38 210 17
38 217 24
38 290 25
39 41 16
39 67 7
39 96 25
39 100 15
39 123 19
39 125 19
39 180 12
39 181 9
39 233 16
39 249 9
39 269 1
39 271 3
40 45 11
40 47 12
40 75 21
40 84 14
40 89 18
40 112 13
40 130 22
40 146 2
40 163 22
40 167 13
40 168 6
40 199 16
40 268 21
40 282 11
40 285 14
41 51 10
41 62 4
41 81 12
41 107 12
41 125 20
41 184 18
41 204 11
41 209 11
41 221 13
41 258 6
41 267 22
41 292 22
42 51 23
42 65 7
42 69 22
42 85 25
42 107 17
42 141 11
42 166 23
42 182 5
42 203 5
42 211 12
42 217 1
42 270 6
43 74 8
43 100 16
43 149 13
43 155 25
43 183 11
43 225 23
43 239 14
43 240 22
43 251 2
43 256 2
43 275 8
43 280 23
43 289 22
43 294 20
44 58 8
44 59 9
44 61 3
44 66 4
44 69 5
44 95 2
44 97 11
44 115 4
44 130 2
44 154 4
44 191 14
44 196 1
44 229 9
44 248 18
44 273 12
44 276 11
45 57 25
45 62 19
45 78 3
45 87 12
45 89 19
45 93 15
45 140 12
45 149 9
45 168 12
45 183 15
45 200 10
45 211 21
45 213 12
45 241 6
45 292 18
46 55 19
46 106 15
46 108 20
46 110 24
46 139 21
46 165 21
46 180 11
46 217 1
46 226 24
46 241 15
46 242 16
46 296 24
47 48 25
47 87 8
47 118 10
47 143 10
47 167 9
47 208 6
47 219 15
47 242 23
47 287 1
47 293 4
48 56 9
48 72 9
48 97 15
48 117 23
48 134 20
48 152 11
48 159 11
48 173 1
48 257 5
48 298 6
49 52 17
49 76 24
49 116 4
49 151 14
49 164 21
49 180 15
49 258 15
49 265 20
49 271 4
49 273 5
49 282 20
49 285 3
49 289 15
49 296 5
50 80 14
50 81 23
50 118 12
50 122 3
50 128 20
50 154 14
50 159 7
50 162 5
50 163 24
50 206 23
50 253 4
50 255 18
50 256 10
50 269 14
50 281 20
50 295 14
50 296 19
51 96 13
51 112 12
51 121 25
51 140 2
51 248 10
51 249 14
51 254 16
51 270 4
51 279 19
52 101 20
52 111 23
52 125 23
52 215 9
52 234 4
52 250 11
52 279 9
53 54 17
53 74 16
53 100 5
53 106 5
53 114 24
53 118 12
53 123 5
53 128 21
53 136 15
53 143 25
53 145 6
53 158 6
53 165 19
53 176 19
53 183 1
53 211 9
53 216 8
53 240 25
53 288 10
53 290 17
53 293 13
54 60 25
54 105 22
54 115 8
54 128 21
54 141 19
54 154 5
54 178 7
54 199 25
54 225 18
54 268 17
54 280 18
54 299 8
55 112 23
55 120 23
55 150 8
55 167 9
55 173 4
55 207 3
55 214 1
55 245 3
55 258 10
55 277 6
56 68 22
56 71 6
56 104 6
56 140 7
56 191 13
56 194 6
56 195 16
56 222 6
56 228 20
56 237 17
56 260 2
56 264 3
57 106 14
57 148 22
57 150 9
57 155 20
57 161 23
57 243 3
57 250 13
57 286 16
58 83 10
58 133 11
58 151 15
58 157 19
58 158 19
58 164 18
58 166 22
58 172 21
58 249 21
58 254 6
58 265 1
58 285 19
58 293 11
58 298 9
59 112 25
59 113 25
59 144 16
59 163 15
59 249 5
59 255 10
59 280 8
60 92 8
60 105 14
60 108 21
60 126 7
60 130 25
60 147 18
60 176 4
60 184 2
60 186 7
60 188 19
60 218 14
60 223 17
60 267 8
60 276 7
60 296 13
61 71 3
61 107 3
61 121 8
61 123 23
61 154 11
61 188 11
61 201 16
61 205 21
61 220 19
61 226 15
61 245 23
61 255 9
61 257 6
61 259 4
61 263 20
61 270 15
62 63 12
62 76 9
62 78 10
62 102 18
62 104 8
62 123 4
62 124 23
62 128 9
62 143 11
62 154 19
62 158 24
62 161 4
62 171 3
62 206 6
62 244 16
62 248 5
62 265 8
62 268 1
62 272 2
63 79 20
63 171 11
63 226 19
63 254 18
63 272 6
63 275 10
63 285 15
64 90 14
64 106 15
64 120 18
64 125 10
64 139 6
64 148 6
64 151 18
64 174 16
64 178 25
64 221 2
64 231 21
64 253 23
64 263 13
64 268 8
64 279 18
64 280 11
65 71 12
65 79 20
65 88 16
65 93 4
65 100 25
65 135 1
65 141 4
65 145 1
65 169 22
65 186 16
65 227 20
65 266 14
65 268 21
65 299 6
66 83 3
66 102 11
66 149 21
66 167 23
66 184 21
66 199 1
66 277 3
66 287 15
67 132 18
67 152 5
67 190 19
67 202 16
67 204 4
67 220 6
67 228 23
67 266 21
67 271 18
67 276 9
68 73 15
68 118 11
68 123 13
68 138 14
68 149 13
68 156 18
68 164 17
68 167 9
68 177 9
68 205 13
68 214 23
68 216 6
68 218 18
68 241 2
68 255 19
68 260 15
69 89 1
69 99 16
69 119 18
69 121 6
69 173 5
69 188 12
69 197 10
69 219 23
69 239 2
69 240 13
69 256 5
69 261 25
69 263 10
69 282 25
69 288 10
70 104 24
70 152 12
70 168 24
70 172 15
70 180 24
70 236 17
70 283 8
70 286 9
71 76 2
71 124 22
71 138 6
71 153 9
71 178 14
71 182 10
71 189 4
71 213 6
71 235 10
71 239 19
71 266 25
71 267 15
71 269 1
71 277 11
72 74 1
72 78 25
72 112 15
72 116 15
72 121 5
72 135 16
72 149 24
72 152 6
72 161 25
72 166 23
72 172 17
72 188 1
72 197 14
72 201 15
72 205 19
72 239 23
72 273 23
72 288 20
72 298 19
73 86 6
73 94 5
73 95 9
73 103 17
73 105 9
73 114 14
73 116 1
73 146 2
73 195 13
73 208 18
73 251 2
73 254 1
73 264 18
73 265 2
73 272 15
73 298 8
74 98 8
74 121 5
74 133 6
74 175 15
74 189 6
74 190 5
74 199 6
74 235 6
74 253 20
75 113 22
75 129 24
75 144 17
75 164 21
75 186 20
75 197 10
75 206 1
75 222 25
75 235 19
75 239 17
76 101 8
76 119 9
76 151 20
76 152 11
76 175 22
76 184 12
76 252 15
76 270 24
76 299 4
77 81 18
77 87 13
77 89 13
77 90 25
77 102 17
77 126 21
77 129 14
77 130 22
77 136 25
77 140 21
77 155 3
77 234 20
77 258 17
78 95 3
78 106 13
78 124 12
78 147 23
78 155 23
78 169 15
78 203 22
78 204 18
78 207 6
78 264 6
78 287 1
79 83 2
79 94 16
79 108 24
79 125 13
79 131 7
79 191 22
79 247 19
79 248 24
79 264 9
79 290 6
80 95 23
80 108 2
80 110 1
80 116 13
80 142 1
80 156 3
80 212 8
80 213 3
80 217 24
80 239 24
80 241 5
80 248 11
80 251 13
80 263 4
81 125 10
81 139 2
81 154 25
81 171 2
81 210 7
81 223 7
81 252 5
81 255 11
82 114 25
82 115 3
82 118 23
82 122 6
82 162 25
82 164 16
82 175 5
82 197 10
82 205 24
82 265 4
83 90 14
83 96 1
83 98 17
83 112 14
83 116 3
83 118 1
83 177 18
84 100 3
84 116 2
84 121 24
84 135 14
84 172 14
84 188 3
84 195 23
84 200 15
84 204 2
84 230 2
84 233 23
84 236 11
84 240 6
84 274 8
85 155 10
85 192 10
85 206 8
85 212 15
85 228 11
85 248 25
86 92 21
86 96 21
86 100 23
86 109 25
86 111 11
86 132 1
86 138 18
86 139 24
86 160 5
86 208 18
86 210 16
86 211 8
87 101 19
87 117 14
87 145 23
87 175 9
87 193 16
87 207 22
87 224 25
87 227 20
87 229 23
87 235 23
87 263 5
87 285 5
88 89 7
88 90 14
88 100 15
88 135 14
88 151 5
88 164 25
88 199 14
88 200 1
88 224 22
88 236 13
88 257 25
88 263 7
88 270 13
88 278 19
88 283 5
88 296 20
89 126 11
89 141 22
89 144 2
89 243 7
89 255 11
89 272 24
89 282 17
89 290 1
89 293 20
90 93 17
90 94 22
90 132 20
90 141 14
90 149 3
90 157 24
90 167 22
90 172 18
90 200 13
90 221 13
90 234 23
90 237 15
90 242 3
90 261 23
90 270 11
90 286 15
91 111 24
91 115 18
91 147 5
91 175 17
91 216 24
91 227 24
91 230 4
91 235 21
91 276 2
91 279 12
91 298 8
92 107 25
92 133 4
92 137 8
92 151 21
92 152 20
92 193 7
92 194 15
92 220 10
92 226 9
92 248 14
92 250 6
92 252 2
92 255 3
93 116 18
93 118 1
93 127 17
93 168 20
93 182 25
93 192 3
93 206 12
93 216 25
93 219 22
93 249 18
93 255 16
93 265 22
93 267 18
93 273 21
93 277 17
93 279 19
94 219 8
94 242 24
94 244 20
94 262 11
94 263 9
95 109 15
95 116 7
95 155 17
95 160 5
95 164 16
95 169 2
95 175 20
95 185 23
95 206 3
95 209 22
95 229 18
96 164 5
96 187 14
96 192 14
96 201 4
96 212 18
96 282 25
96 286 3
96 288 14
96 295 19
97 124 20
97 186 12
97 205 11
97 230 16
97 232 6
97 245 6
97 254 25
97 272 6
97 285 2
97 299 12
98 120 14
98 122 19
98 132 18
98 165 7
98 170 25
98 171 10
98 175 9
98 219 19
98 242 7
98 278 13
99 122 17
99 124 24
99 132 18
99 142 5
99 250 13
99 251 21
99 265 24
99 284 14
100 104 24
100 114 12
100 119 8
100 126 20
100 197 1
100 200 20
100 216 12
100 232 6
100 261 3
100 273 11
101 138 11
101 139 4
101 159 24
101 189 2
101 190 22
101 203 18
101 206 8
101 207 21
101 209 2
101 217 16
101 219 16
101 247 9
101 292 6
102 139 8
102 154 9
102 160 23
102 174 12
102 179 21
102 194 18
102 196 11
102 223 10
102 225 18
102 229 24
102 269 19
103 121 15
103 125 1
103 126 15
103 130 1
103 167 6
103 179 17
103 182 14
103 194 17
103 214 23
103 223 12
103 251 18
103 269 19
103 277 5
103 285 2
103 294 17
104 122 6
104 123 20
104 137 7
104 141 16
104 154 25
104 174 14
104 186 25
104 247 22
104 248 3
104 251 22
105 109 16
105 115 15
105 140 6
105 160 11
105 165 15
105 175 1
105 188 2
105 252 16
105 272 16
105 274 2
106 145 23
106 154 9
106 222 15
106 255 14
106 260 6
106 274 4
106 293 8
106 299 25
107 123 8
107 145 12
107 173 18
107 197 15
107 207 6
107 244 1
107 251 8
107 265 5
107 284 17
107 286 7
107 293 3
107 297 21
108 110 3
108 143 20
108 147 10
108 167 11
108 193 7
108 216 1
108 223 11
108 238 8
108 248 18
108 272 3
109 114 10
109 122 16
109 129 12
109 132 1
109 141 6
109 146 17
109 149 4
109 150 16
109 157 18
109 189 13
109 201 2
109 285 10
110 125 5
110 165 9
110 171 13
110 193 12
110 201 13
110 209 4
110 215 20
110 237 17
110 249 24
110 293 24
110 294 11
110 295 10
110 296 9
110 298 20
111 153 12
111 164 22
111 167 2
111 221 5
111 224 24
111 248 13
111 249 22
111 253 12
111 270 14
111 278 4
111 288 4
111 293 19
111 299 21
112 153 23
112 155 9
112 159 22
112 194 10
112 213 15
112 226 5
112 229 22
112 242 3
112 270 19
112 277 25
112 286 22
113 114 12
113 130 25
113 134 20
113 164 25
113 188 9
113 198 6
113 219 19
113 222 20
113 224 2
113 227 22
113 230 1
113 247 2
113 248 10
113 261 22
113 274 14
114 154 25
114 217 3
114 228 19
114 239 20
114 269 23
114 275 18
115 120 5
115 170 22
115 196 2
115 217 19
115 239 3
115 249 25
115 288 21
115 294 24
116 117 24
116 125 19
116 160 10
116 161 25
116 191 14
116 202 9
116 226 10
116 243 19
116 268 4
116 290 5
116 299 22
117 136 1
117 140 7
117 146 25
117 158 10
117 192 6
117 195 13
117 203 11
117 257 8
117 272 8
117 284 5
118 134 7
118 166 1
118 207 12
118 235 3
118 253 4
118 299 5
119 126 6
119 136 4
119 138 3
119 162 4
119 167 4
119 209 21
119 211 15
119 223 4
119 254 9
119 278 1
120 134 13
120 146 4
120 153 4
120 175 19
120 177 2
120 186 4
120 190 1
120 212 2
120 250 15
120 260 6
120 269 16
120 274 2
120 291 13
121 122 24
121 182 9
121 193 19
121 218 1
121 225 20
121 241 24
121 266 4
121 269 1
122 123 4
122 154 7
122 185 3
122 187 9
122 196 11
122 201 24
122 211 25
122 220 14
122 222 9
122 223 25
122 247 3
123 124 15
123 157 4
123 166 22
123 260 16
123 263 9
123 297 22
124 134 19
124 152 1
124 161 4
124 174 10
124 180 2
124 197 18
124 199 8
124 256 12
124 276 13
124 287 10
125 156 6
125 185 11
125 209 13
125 218 7
125 227 16
125 263 20
125 274 9
125 283 1
125 299 7
126 127 9
126 141 1
126 153 22
126 155 20
126 161 25
126 164 24
126 169 9
126 187 3
126 192 22
126 197 1
126 223 14
126 225 20
126 232 20
126 242 14
126 276 23
126 297 4
127 191 17
127 208 15
127 224 13
127 229 4
127 230 3
127 252 22
127 283 11
128 149 15
128 218 11
128 243 17
129 135 6
129 140 7
129 163 3
129 177 8
129 223 13
129 228 11
129 251 8
129 258 9
129 263 5
129 296 8
129 297 10
130 132 15
130 195 12
130 241 6
130 255 16
130 268 2
130 292 1
131 161 10
131 179 17
131 190 23
131 194 15
131 262 9
131 284 15
131 285 2
132 150 14
132 160 19
132 161 25
132 163 24
132 183 10
132 259 10
132 296 16
133 160 17
133 212 19
133 223 20
133 232 25
133 235 6
133 280 7
134 147 7
134 154 17
134 172 14
134 177 16
134 186 1
134 189 3
134 216 5
134 235 8
134 266 18
135 144 8
135 166 8
135 173 4
135 184 25
135 215 8
135 261 20
135 266 8
135 276 24
136 139 23
136 148 21
136 155 17
136 159 22
136 179 19
136 180 1
136 219 9
136 255 11
137 170 18
137 214 2
137 254 5
137 265 19
137 283 9
137 299 12
138 218 2
138 220 25
138 236 25
138 258 20
138 289 2
139 141 4
139 147 1
139 155 10
139 165 24
139 180 8
139 198 19
139 204 4
139 238 7
139 243 1
139 259 24
139 263 16
140 170 1
140 185 21
140 206 13
140 220 17
140 226 20
140 243 7
140 286 20
141 175 3
141 211 19
141 215 14
141 231 6
141 248 1
141 252 7
141 279 14
141 286 14
142 185 10
142 257 16
142 267 15
142 279 4
142 294 19
143 144 18
143 155 4
143 156 5
143 219 18
143 239 12
143 268 24
143 280 22
143 296 18
144 156 1
144 161 20
144 186 11
144 212 2
144 219 15
144 224 23
144 262 20
144 297 9
145 176 6
145 194 16
145 201 13
145 202 25
145 203 4
145 241 20
145 248 2
145 257 12
145 259 11
146 148 15
146 162 22
146 166 1
146 254 4
146 293 25
146 296 21
147 184 23
147 186 6
147 209 1
147 246 16
147 257 17
147 273 1
147 276 12
147 280 11
147 289 1
148 150 8
148 160 21
148 171 4
148 173 22
148 174 19
148 204 24
148 225 8
148 268 1
149 221 14
149 247 22
149 287 25
149 297 20
150 180 17
150 186 1
150 191 6
150 197 2
150 200 17
150 230 4
150 255 4
151 159 20
151 173 6
151 175 24
151 184 20
151 237 11
152 174 1
152 179 10
152 191 4
152 196 1
152 198 23
152 224 14
152 226 4
152 293 5
153 165 12
153 167 7
153 205 3
153 231 7
153 250 7
153 251 10
153 283 7
153 286 23
154 177 9
154 188 9
154 198 17
154 209 25
154 228 11
154 282 24
155 162 3
155 210 3
155 226 3
155 237 6
155 251 24
155 286 10
155 290 6
155 294 18
155 299 20
156 159 9
156 178 2
156 252 23
156 255 9
156 265 1
156 290 13
157 188 14
157 205 5
157 224 24
157 242 23
157 277 8
158 160 7
158 180 6
158 194 19
158 201 14
158 254 3
158 263 2
158 277 22
159 169 21
159 184 1
159 186 7
159 198 20
159 235 5
159 238 11
159 255 24
159 299 10
160 162 10
160 179 8
160 191 18
160 210 2
161 191 4
161 199 1
161 215 6
161 221 1
161 236 11
161 258 6
161 292 13
162 165 25
162 168 11
162 195 14
162 231 22
162 245 18
162 268 20
162 275 2
162 284 13
162 288 10
163 232 7
163 256 15
163 287 8
164 165 2
164 168 17
164 218 15
164 240 23
164 246 22
164 253 2
164 266 21
164 268 8
165 169 11
165 243 5
165 250 25
165 255 15
165 259 8
165 261 2
165 262 20
165 265 10
165 287 13
165 290 2
166 181 25
166 273 12
166 287 14
167 204 13
167 229 10
167 238 8
167 248 9
167 263 13
167 287 21
168 186 19
168 215 21
168 218 10
168 259 1
168 270 23
168 274 1
168 289 17
169 198 20
169 199 24
169 212 19
169 239 18
169 261 7
169 267 6
169 276 22
169 284 8
170 191 20
170 213 7
170 238 10
170 254 16
170 274 16
171 226 24
171 233 18
171 243 15
171 248 12
171 283 6
171 294 4
172 203 23
172 235 14
172 258 13
173 216 10
173 217 9
173 224 8
173 229 8
173 281 20
173 288 10
173 290 5
174 208 22
174 234 2
174 253 1
174 282 21
175 177 22
175 186 18
175 209 4
175 211 2
175 245 17
175 250 13
175 280 24
175 282 23
175 294 24
176 192 14
176 195 15
176 219 22
176 225 8
176 229 5
176 264 8
176 278 14
176 290 10
177 200 5
177 212 4
177 232 24
177 269 17
177 282 14
178 215 6
178 230 24
178 249 8
178 269 18
179 209 5
179 221 4
179 236 19
179 241 5
179 282 1
180 188 17
180 202 25
180 203 4
180 232 20
180 293 18
181 213 19
181 237 18
181 265 15
181 283 17
182 195 7
182 236 4
182 242 16
182 288 16
183 208 10
183 232 25
183 238 4
183 251 20
183 291 7
183 298 9
184 211 20
184 216 23
184 228 22
185 232 3
185 246 23
185 266 4
185 274 20
186 199 4
186 209 10
186 236 15
186 291 10
187 246 10
187 277 6
187 282 11
188 224 16
188 265 25
188 278 3
188 280 9
188 281 18
188 287 17
188 291 2
188 292 1
189 193 23
189 206 17
189 208 16
189 226 7
190 200 17
190 210 22
190 213 3
190 238 23
190 241 5
190 292 25
191 201 22
191 210 2
191 224 2
191 238 21
191 270 7
191 289 21
192 198 24
192 202 18
192 204 10
192 226 10
192 231 3
192 249 15
192 262 21
192 272 20
192 284 16
193 195 23
193 214 5
193 235 8
193 242 17
193 246 6
193 275 10
194 197 14
194 200 23
194 201 3
194 254 22
194 265 16
194 290 24
194 293 2
194 298 15
195 200 5
195 218 1
195 262 11
195 293 6
195 297 2
196 240 8
196 257 15
197 228 24
197 258 8
197 270 7
197 298 8
198 262 17
198 292 11
199 205 24
199 207 14
199 220 5
199 227 14
199 235 12
200 254 9
200 265 24
200 272 5
200 277 15
200 284 10
200 288 20
201 208 14
201 232 12
201 234 18
202 210 6
202 215 12
203 206 21
203 211 20
203 222 17
203 228 21
203 251 7
203 291 24
204 211 24
204 256 16
204 265 13
205 224 24
205 266 23
205 279 22
205 292 6
205 297 16
206 211 7
206 250 6
207 259 5
208 209 14
208 232 22
208 237 18
208 258 22
208 267 22
208 271 24
208 279 13
208 284 6
209 265 18
209 272 3
209 277 20
209 278 10
209 284 10
210 221 6
210 237 8
210 247 6
210 269 22
210 276 3
211 222 14
211 231 21
211 248 4
211 250 4
211 268 10
211 276 2
211 287 3
211 288 8
212 219 10
212 233 19
212 267 15
212 284 17
213 240 25
213 246 5
213 293 13
213 296 19
214 261 3
214 264 9
215 229 17
215 233 18
215 257 17
215 294 11
216 262 20
216 276 11
216 281 22
216 293 7
217 220 16
217 248 4
217 298 12
218 230 15
218 258 9
218 262 1
218 287 10
218 293 12
219 227 4
219 229 21
219 231 15
219 235 7
219 238 4
219 245 1
219 247 2
219 273 20
219 290 18
220 273 1
220 291 24
220 295 7
220 296 21
221 232 1
221 254 18
221 281 12
221 285 18
222 298 11
223 224 22
223 228 15
223 264 21
223 273 18
224 235 21
224 251 13
224 256 22
225 233 7
225 253 4
225 257 5
225 298 9
226 246 13
227 278 18
227 285 13
228 240 11
228 253 9
228 259 21
229 243 14
229 250 10
229 266 24
230 233 10
230 234 4
230 239 1
230 241 8
230 249 12
230 255 21
230 257 10
230 273 6
231 236 9
231 287 5
231 290 16
232 265 5
232 266 21
232 269 13
232 275 24
233 235 18
233 249 3
233 269 22
233 296 1
234 258 6
234 278 3
235 254 10
235 279 21
236 274 22
236 282 22
236 283 6
236 285 6
236 294 19
237 246 21
237 260 17
237 287 17
237 291 7
237 297 22
238 241 17
238 245 16
238 259 10
238 297 12
239 246 2
239 254 16
240 262 22
240 266 6
240 274 8
240 276 1
241 244 3
242 284 23
243 267 1
243 295 20
244 298 25
245 260 25
245 268 21
245 288 7
246 264 2
246 268 5
246 274 4
246 277 24
246 298 3
247 248 9
247 258 6
247 294 23
248 269 6
248 272 22
248 299 14
249 261 14
250 259 20
251 269 7
251 270 4
251 276 4
251 279 20
251 289 6
252 264 19
253 259 16
253 269 13
254 257 4
254 258 18
254 267 16
254 292 1
255 260 18
255 299 10
256 274 2
257 295 19
258 290 7
258 294 10
259 260 21
261 273 11
262 297 14
264 285 21
265 293 15
266 290 24
266 295 3
266 296 12
267 272 5
269 273 24
269 294 2
270 271 20
271 286 20
272 299 10
273 282 24
274 278 23
274 286 4
274 292 4
276 295 19
276 298 19
276 299 16
278 298 24
280 285 13
280 294 8
281 287 24
282 285 8
282 289 18
283 293 2
283 294 1
285 292 1
285 299 11
286 294 23
286 297 12
287 293 24
288 291 18
300 317 3
300 332 5
300 377 10
300 394 6
300 422 2
300 440 5
300 450 6
300 460 6
300 469 2
300 491 7
300 512 10
300 577 3
300 587 10
301 326 5
301 342 8
301 343 8
301 356 5
301 359 6
301 371 6
301 387 7
301 401 8
301 405 1
301 412 6
301 457 9
301 461 2
301 487 1
301 511 5
301 522 4
301 523 9
302 309 4
302 329 5
302 344 3
302 365 8
302 366 7
302 429 8
302 433 1
302 438 1
302 470 5
302 489 7
302 491 4
302 537 1
302 543 8
302 564 6
302 575 10
302 591 2
303 312 6
303 326 10
303 340 9
303 348 3
303 359 7
303 368 7
303 383 2
303 433 7
303 468 4
303 478 1
303 496 10
303 531 4
303 559 7
304 317 6
304 347 4
304 360 1
304 440 10
304 446 6
304 459 10
304 514 8
304 551 5
304 567 1
305 324 8
305 336 9
305 358 9
305 450 3
305 469 9
305 493 6
305 494 1
305 500 1
305 508 9
305 527 8
305 559 2
305 565 9
305 570 10
305 571 8
305 581 5
305 586 1
305 593 7
306 307 8
306 323 3
306 393 6
306 399 3
306 493 10
306 506 1
306 540 6
306 541 10
306 543 3
306 549 3
306 558 9
306 564 10
306 569 7
306 572 1
306 588 10
307 341 7
307 354 9
307 365 4
307 376 8
307 386 6
307 422 4
307 435 10
307 465 5
307 486 1
307 489 1
307 491 3
307 493 2
307 503 10
307 507 10
307 525 5
307 575 6
307 581 7
307 583 7
308 322 4
308 349 2
308 392 8
308 408 4
308 418 9
308 422 9
308 437 8
308 440 2
308 454 8
308 477 8
309 341 10
309 359 10
309 365 9
309 375 9
309 385 9
309 459 2
309 461 6
309 474 4
309 478 6
309 555 5
309 598 10
310 377 8
310 419 5
310 432 5
310 450 10
310 462 6
310 476 4
310 484 4
310 493 2
310 504 2
310 522 2
310 529 7
310 565 3
311 328 10
311 330 10
311 343 4
311 401 8
311 422 10
311 428 5
311 444 7
311 453 7
311 497 6
311 500 7
311 507 7
311 509 4
311 538 7
311 544 8
312 347 9
312 358 2
312 361 5
312 362 5
312 412 2
312 420 3
312 458 1
312 499 8
312 509 4
312 560 7
312 572 3
313 339 7
313 357 10
313 360 6
313 362 10
313 384 6
313 399 9
313 423 9
313 424 7
313 463 2
313 472 9
313 491 6
313 528 8
313 561 7
313 585 4
314 339 5
314 341 5
314 343 10
314 365 9
314 385 1
314 414 10
314 419 9
314 445 3
314 450 4
314 451 4
314 472 6
314 531 8
314 536 6
314 537 5
314 543 1
314 558 4
315 329 7
315 346 7
315 391 3
315 407 2
315 422 9
315 450 10
315 453 2
315 491 7
315 525 7
315 529 5
315 599 7
316 325 4
316 334 4
316 358 4
316 364 8
316 377 9
316 380 8
316 385 9
316 409 7
316 428 1
316 460 8
316 482 7
316 485 5
316 501 4
316 519 2
316 579 10
316 582 1
316 599 8
317 320 6
317 327 2
317 337 1
317 361 2
317 366 10
317 384 6
317 392 5
317 403 8
317 407 5
317 419 9
317 458 7
317 474 3
317 517 3
317 548 5
317 556 7
317 591 7
317 596 8
318 351 6
318 383 7
318 394 8
318 401 6
318 426 5
318 429 8
318 448 6
318 463 1
318 467 2
318 477 9
318 489 5
318 498 3
318 505 1
318 525 2
318 531 8
318 552 2
318 556 4
318 574 1
318 583 4
318 591 1
319 323 5
319 324 1
319 365 6
319 370 3
319 382 9
319 426 10
319 429 8
319 464 4
319 466 6
319 482 6
319 514 3
319 533 3
319 554 2
319 588 10
319 593 1
320 370 6
320 375 9
320 407 6
320 459 8
320 493 2
320 507 6
320 511 2
320 552 6
320 579 6
321 363 5
321 366 3
321 380 10
321 385 1
321 441 5
321 461 3
321 502 1
321 522 2
321 524 5
321 530 8
321 552 6
321 560 6
321 566 8
321 574 3
321 580 9
321 591 5
321 598 10
322 340 3
322 344 10
322 347 3
322 373 5
322 379 10
322 421 10
322 442 3
322 471 7
322 476 8
322 513 7
322 544 2
322 556 1
322 580 2
323 338 9
323 362 8
323 388 7
323 416 8
323 435 8
323 443 1
323 482 2
323 483 10
323 489 2
323 511 7
323 522 10
323 543 10
323 574 2
323 579 7
323 583 4
323 596 2
324 328 3
324 343 4
324 366 4
324 374 2
324 388 6
324 392 8
324 418 3
324 441 6
324 445 3
324 466 9
324 483 5
324 554 9
324 579 2
324 582 7
325 334 10
325 367 3
325 388 4
325 398 6
325 424 10
325 428 3
325 520 9
325 531 2
325 568 3
325 597 2
326 351 10
326 364 2
326 375 1
326 409 1
326 429 10
326 476 5
326 498 4
326 502 2
326 506 10
326 545 7
326 561 6
326 562 5
326 565 7
327 335 8
327 361 2
327 378 9
327 394 9
327 398 8
327 442 7
327 460 2
327 461 5
327 477 8
327 482 4
327 516 8
327 520 6
327 525 6
327 529 1
327 563 4
327 579 9
328 451 5
328 452 5
328 467 8
328 488 8
328 508 8
328 532 10
328 550 7
329 343 2
329 349 3
329 352 8
329 356 3
329 358 1
329 386 5
329 412 9
329 435 7
329 443 5
329 504 1
329 529 7
329 540 5
329 549 10
329 589 3
329 592 6
330 393 4
330 395 3
330 451 2
330 466 2
330 489 8
330 528 9
330 537 4
330 542 1
330 567 7
330 577 8
330 581 7
330 586 6
330 598 5
331 354 4
331 369 5
331 396 3
331 408 7
331 438 9
331 443 2
331 444 9
331 457 1
331 462 7
331 478 10
331 480 10
331 517 1
331 523 10
331 586 6
331 590 5
331 595 9
332 352 1
332 374 2
332 424 5
332 428 3
332 432 5
332 553 8
332 567 2
332 578 3
332 590 1
333 336 2
333 351 9
333 354 10
333 360 10
333 399 4
333 401 6
333 406 6
333 408 10
333 433 8
333 446 4
333 468 10
333 469 9
333 470 5
333 545 1
333 577 7
333 594 4
334 355 10
334 363 9
334 385 5
334 388 7
334 446 5
334 484 3
334 493 7
334 504 7
334 506 9
334 549 9
334 599 1
335 360 6
335 374 10
335 387 6
335 439 6
335 491 3
335 497 4
335 506 7
335 520 5
335 528 10
335 551 2
335 572 10
335 579 1
335 593 9
335 597 3
336 362 1
336 378 10
336 417 9
336 479 3
336 485 6
336 495 2
336 500 4
336 537 5
336 568 6
336 569 10
336 570 9
336 587 1
336 597 7
337 352 7
337 384 9
337 392 7
337 405 10
337 429 5
337 493 9
337 500 5
337 512 2
337 522 3
337 566 10
337 571 9
337 573 7
337 588 9
338 339 10
338 340 8
338 364 2
338 415 1
338 417 3
338 463 4
338 488 2
338 599 1
339 377 6
339 383 9
339 401 3
339 413 1
339 429 5
339 448 10
339 454 10
339 464 4
339 506 10
339 507 8
339 519 2
339 537 9
339 543 7
339 545 1
339 550 5
339 551 5
339 561 7
340 361 6
340 366 9
340 380 7
340 403 6
340 433 8
340 444 7
340 457 6
340 509 5
340 514 8
340 523 8
340 524 9
340 543 1
340 577 9
341 357 10
341 360 8
341 378 9
341 390 4
341 404 8
341 440 4
341 445 3
341 466 10
341 490 9
341 508 5
341 525 7
341 532 10
341 558 5
341 588 5
342 393 3
342 399 9
342 433 1
342 438 1
342 448 6
342 466 10
342 475 7
342 487 2
342 502 7
342 513 6
342 519 9
342 520 3
342 527 5
342 537 6
342 556 2
342 559 6
342 564 6
342 586 3
343 356 5
343 371 4
343 376 6
343 392 3
343 394 7
343 404 10
343 458 2
343 501 5
343 502 4
343 503 10
343 558 7
344 362 10
344 390 5
344 401 1
344 409 8
344 443 7
344 481 1
344 485 6
344 513 6
344 572 10
344 592 7
345 365 4
345 374 5
345 399 5
345 411 7
345 420 9
345 428 2
345 441 8
345 447 6
345 456 7
345 458 10
345 464 1
345 468 2
345 472 7
345 494 5
345 495 1
345 515 8
345 538 8
345 540 7
345 552 4
345 557 7
345 597 3
346 356 3
346 413 3
346 414 3
346 431 3
346 451 10
346 456 4
346 466 8
346 476 7
346 496 3
346 499 4
346 511 1
346 522 9
346 555 10
346 570 7
346 571 7
346 572 1
347 432 6
347 441 3
347 447 9
347 469 7
347 474 5
347 493 2
347 510 5
347 524 9
348 382 2
348 389 2
348 396 6
348 408 9
348 413 7
348 425 4
348 441 1
348 472 10
348 479 7
348 490 6
348 497 4
348 507 8
348 523 1
348 527 1
348 560 6
348 568 5
348 569 6
348 595 6
349 381 3
349 440 5
349 449 4
349 461 9
349 483 7
349 492 1
349 497 3
349 502 7
349 511 9
349 543 7
349 549 8
349 555 3
349 567 7
350 352 10
350 360 7
350 367 2
350 382 8
350 396 3
350 397 8
350 439 10
350 528 4
350 582 6
351 352 5
351 378 7
351 392 3
351 455 7
351 456 7
351 483 8
351 498 1
351 513 4
351 536 6
351 540 3
351 549 8
351 567 1
351 583 4
352 417 6
352 435 2
352 444 6
352 490 2
352 517 10
352 524 5
352 527 10
352 580 5
352 588 3
353 418 9
353 431 1
353 432 5
353 465 8
353 486 3
353 523 2
353 545 9
353 576 9
353 577 9
353 595 6
354 362 5
354 377 1
354 403 2
354 458 4
354 462 10
354 478 3
354 482 7
354 515 7
354 519 5
354 572 7
354 579 8
355 418 8
355 424 2
355 438 1
355 449 6
355 474 6
355 481 10
355 499 2
355 516 5
355 552 4
355 576 4
355 587 5
355 589 6
356 360 10
356 402 4
356 406 1
356 419 3
356 428 2
356 429 9
356 443 1
356 460 7
356 540 3
356 549 3
356 586 9
357 360 6
357 384 5
357 394 3
357 405 5
357 434 1
357 451 7
357 453 1
357 467 10
357 475 7
357 479 4
357 506 10
357 509 4
357 534 9
358 429 2
358 450 7
358 490 5
358 501 7
358 523 2
358 544 1
358 593 3
358 597 4
359 365 4
359 369 5
359 372 6
359 410 8
359 434 3
359 451 9
359 471 6
359 507 7
359 509 3
359 540 6
359 548 5
359 560 9
359 566 8
359 582 9
359 594 10
360 369 7
360 401 9
360 420 1
360 471 5
360 474 2
360 505 3
360 512 8
360 553 3
360 590 4
360 597 4
361 364 7
361 381 2
361 432 7
361 454 8
361 483 6
361 489 10
361 490 3
361 545 10
361 546 8
361 562 2
361 564 4
362 367 6
362 393 8
362 397 1
362 445 10
362 458 3
362 483 5
362 499 9
362 515 1
362 527 3
362 528 10
362 542 9
362 555 3
362 573 10
362 580 3
363 375 4
363 398 4
363 406 10
363 408 8
363 411 9
363 414 5
363 426 5
363 492 1
363 493 1
363 514 4
363 518 6
364 371 1
364 376 6
364 391 8
364 407 8
364 430 8
364 431 1
364 486 5
364 489 7
364 490 1
364 500 6
364 507 9
364 555 5
364 570 4
364 573 1
365 371 9
365 380 5
365 383 9
365 428 1
365 448 7
365 458 1
365 490 7
365 495 10
365 497 2
365 507 4
365 537 9
365 546 8
365 552 8
365 555 9
365 556 9
365 595 3
366 397 6
366 438 1
366 547 1
366 549 3
366 567 10
366 578 10
366 597 4
367 409 6
367 410 6
367 454 6
367 517 1
367 546 4
367 563 1
367 575 7
367 580 7
367 587 1
367 590 1
368 372 5
368 416 2
368 431 7
368 433 8
368 514 10
368 524 9
368 533 1
368 548 3
368 556 7
368 558 9
368 572 3
368 582 7
369 370 9
369 375 5
369 413 4
369 420 9
369 433 7
369 447 7
369 454 10
369 455 6
369 464 2
369 502 5
369 504 1
369 506 7
369 558 7
369 578 7
370 391 9
370 394 5
370 413 5
370 427 10
370 439 6
370 442 9
370 459 3
370 464 4
370 465 8
370 476 2
370 483 4
370 506 9
370 509 6
370 513 10
370 550 7
370 568 10
371 419 8
371 428 5
371 465 5
371 480 2
371 488 5
371 494 3
371 516 10
371 531 6
371 548 9
371 565 1
371 568 2
372 410 1
372 423 9
372 427 8
372 491 7
372 498 8
372 545 3
372 572 1
372 590 9
373 377 10
373 423 2
373 433 3
373 454 5
373 474 1
373 476 6
373 489 9
373 511 9
373 520 1
373 539 8
373 555 7
373 564 3
373 570 8
374 405 3
374 408 9
374 409 1
374 411 7
374 429 1
374 434 10
374 435 4
374 468 9
374 471 2
374 488 5
374 491 10
374 502 10
374 527 3
374 550 8
374 553 9
374 599 7
375 386 9
375 439 9
375 454 6
375 504 2
375 598 1
376 417 10
376 426 2
376 484 8
376 513 10
376 519 3
376 563 9
376 596 10
377 406 9
377 427 3
377 488 7
377 496 4
377 506 1
377 513 7
377 530 2
377 531 1
377 543 6
378 399 6
378 427 10
378 485 7
378 501 10
378 504 1
378 519 8
378 542 4
378 548 8
378 568 7
379 441 10
379 461 8
379 473 5
379 514 7
379 536 9
379 548 8
379 550 9
379 551 3
379 596 5
380 408 8
380 414 7
380 420 5
380 459 7
380 501 7
380 534 7
380 550 5
380 563 10
381 394 7
381 402 1
381 454 2
381 456 8
381 459 8
381 465 9
381 471 7
381 529 6
381 533 8
381 543 9
381 573 4
381 574 4
381 588 6
382 388 2
382 428 3
382 437 4
382 452 6
382 468 2
382 469 4
382 472 3
382 509 2
382 523 8
382 534 8
382 561 1
382 591 4
383 410 2
383 441 10
383 452 1
383 463 9
383 502 4
383 511 2
383 522 7
383 549 7
383 559 5
384 398 4
384 448 6
384 480 3
384 511 2
384 531 2
384 549 1
384 566 10
385 388 7
385 420 4
385 432 8
385 442 8
385 444 8
385 460 3
385 473 5
385 495 1
385 514 6
385 520 8
385 523 4
386 420 6
386 484 7
386 491 5
386 500 1
386 523 10
386 540 4
386 546 3
386 554 10
386 558 9
386 560 5
387 390 7
387 449 5
387 458 9
387 466 10
387 470 1
387 473 2
387 482 4
387 490 4
387 515 4
387 522 5
387 578 10
388 402 9
388 414 2
388 430 7
388 448 8
388 450 4
388 458 3
388 516 1
388 519 2
388 525 10
388 573 4
389 402 7
389 414 8
389 415 8
389 416 7
389 421 8
389 428 3
389 482 10
389 524 9
389 539 2
389 556 4
389 595 5
390 412 6
390 423 4
390 444 7
390 477 8
390 482 7
390 489 2
390 516 1
390 525 2
390 547 6
390 548 10
390 557 10
391 396 8
391 404 8
391 420 10
391 458 1
391 492 1
391 507 10
391 516 4
391 531 2
391 540 5
391 550 10
392 419 2
392 473 3
392 510 7
392 514 9
392 516 5
392 568 8
392 591 9
392 593 8
393 396 3
393 407 4
393 414 4
393 415 6
393 427 2
393 434 3
393 442 5
393 552 3
393 562 4
394 396 6
394 427 10
394 442 5
394 463 8
394 485 7
394 487 5
394 514 9
394 534 10
394 536 5
394 571 10
394 584 3
395 404 8
395 423 4
395 438 5
395 442 9
395 449 6
395 457 3
395 526 9
395 539 3
395 566 10
395 587 8
396 402 10
396 408 2
396 415 3
396 430 5
396 432 9
396 446 4
396 491 8
396 494 5
396 524 8
396 539 3
396 545 1
396 548 7
396 564 7
396 587 10
397 408 6
397 463 1
397 472 8
397 484 7
397 492 7
397 501 9
397 511 9
397 518 7
397 524 2
397 533 3
397 557 5
397 585 10
397 592 5
398 413 6
398 423 4
398 447 6
398 480 3
398 508 3
398 556 9
398 563 7
398 572 10
398 584 10
398 594 2
398 598 9
399 437 4
399 451 9
399 457 1
399 527 6
399 539 7
399 551 9
399 555 5
399 557 4
399 560 10
399 570 4
399 590 10
400 402 8
400 416 2
400 440 1
400 460 4
400 487 6
400 493 3
400 502 1
400 527 5
400 567 10
400 583 6
401 421 8
401 498 7
401 524 10
401 559 2
401 583 6
402 479 6
402 485 3
402 491 5
402 495 9
402 508 1
402 570 8
402 586 9
403 426 1
403 434 6
403 450 5
403 459 10
403 467 10
403 468 1
403 485 1
403 489 6
403 494 10
403 503 10
403 511 9
403 533 10
403 534 4
403 539 4
403 545 5
404 419 6
404 431 10
404 455 6
404 465 1
404 487 7
404 501 2
404 522 2
404 547 9
404 596 7
405 433 9
405 440 1
405 502 3
405 598 7
406 450 4
406 457 1
406 465 5
406 484 6
406 494 6
406 512 1
406 530 7
406 571 7
406 580 1
406 587 7
406 595 4
407 412 1
407 419 7
407 426 5
407 455 2
407 480 2
407 486 8
407 520 6
407 569 7
408 417 8
408 418 1
408 420 9
408 430 6
408 474 5
408 544 10
408 557 4
408 582 3
409 426 8
409 431 7
409 458 6
409 470 6
409 517 2
409 539 8
409 562 10
409 599 7
410 432 5
410 472 10
410 475 4
410 487 1
410 502 3
410 523 2
410 557 7
410 591 3
410 592 10
411 436 1
411 441 6
411 447 1
411 452 10
411 461 2
411 485 9
411 493 7
411 560 4
411 566 7
411 567 3
411 575 10
412 416 8
412 417 8
412 437 3
412 468 7
412 471 6
412 478 8
412 517 2
412 537 7
412 552 5
412 553 3
412 557 6
413 425 9
413 432 5
413 457 9
413 506 1
413 515 7
413 516 2
413 584 7
413 590 1
414 417 2
414 420 9
414 452 6
414 472 4
414 486 9
414 489 9
414 514 3
414 518 7
414 546 5
414 559 1
414 576 1
414 598 4
415 474 9
415 487 9
415 489 6
415 524 5
415 547 6
415 563 3
415 585 9
416 425 5
416 427 9
416 431 1
416 440 10
416 495 7
416 512 5
416 551 10
416 576 10
417 437 1
417 446 1
417 454 8
417 470 3
417 477 4
417 498 7
417 530 9
417 540 8
417 541 7
417 559 9
417 569 10
417 570 3
417 576 3
417 599 10
418 458 4
418 476 7
418 519 10
418 531 4
418 541 2
418 560 5
418 573 1
418 578 7
419 420 3
419 422 5
419 423 5
419 428 5
419 443 6
419 486 4
419 500 10
419 501 7
419 528 5
419 534 2
419 540 8
419 561 2
419 566 5
419 586 3
419 593 10
420 424 5
420 429 10
420 435 6
420 452 5
420 468 1
420 502 1
420 564 8
420 580 1
420 593 4
420 594 6
420 595 10
421 433 9
421 436 9
421 437 6
421 469 9
421 484 5
421 519 10
421 591 6
422 426 2
422 427 5
422 433 1
422 445 7
422 449 6
422 493 8
422 513 1
422 522 7
422 542 7
422 550 4
422 561 3
422 581 9
423 430 6
423 436 9
423 440 1
423 492 1
423 496 4
423 497 1
423 520 3
423 587 3
424 445 3
424 469 8
424 484 8
424 494 5
424 495 6
424 550 6
424 564 10
424 566 5
424 587 3
425 452 2
425 470 10
425 487 6
425 496 6
425 509 2
425 511 4
425 526 1
425 544 9
425 547 6
425 566 9
426 471 7
426 472 9
426 477 4
426 511 8
426 515 6
426 584 2
427 468 8
427 508 9
427 515 7
427 527 10
427 541 1
427 554 9
427 561 3
428 456 9
428 469 6
428 471 7
428 506 4
428 541 4
428 553 6
428 592 10
429 434 8
429 439 7
429 452 9
429 468 3
429 505 4
429 514 1
429 528 6
429 529 6
429 592 1
430 444 1
430 456 5
430 469 10
430 483 1
430 498 10
430 503 9
430 513 7
430 565 1
430 588 6
431 445 7
431 478 8
431 502 5
432 457 7
432 503 8
432 529 9
432 538 5
432 563 4
432 599 5
433 444 1
433 467 9
433 484 3
433 487 10
433 493 6
433 497 1
433 563 1
433 581 8
434 469 5
434 478 3
434 486 5
434 567 2
435 439 3
435 487 7
435 518 8
435 530 4
435 535 9
435 578 7
435 589 2
436 438 7
436 443 8
436 485 9
436 554 3
436 560 7
436 574 6
436 575 10
436 585 6
436 589 4
437 466 6
437 479 9
437 506 9
437 507 8
437 516 9
437 518 3
437 526 8
437 542 4
437 549 3
437 554 8
437 565 3
437 573 9
437 575 10
437 585 9
437 592 1
438 440 4
438 466 5
438 468 8
438 486 10
438 489 6
438 500 5
438 518 1
438 536 2
438 553 4
438 560 10
439 455 7
439 531 2
439 559 7
439 579 8
440 442 7
440 446 10
440 480 3
440 487 8
440 502 10
440 546 1
440 553 6
440 557 2
440 583 10
440 585 2
441 481 7
441 484 9
441 506 4
441 510 5
441 519 10
441 545 3
441 547 5
441 562 3
441 565 9
441 591 5
441 593 4
441 597 4
442 473 1
442 477 5
442 488 8
442 490 6
442 501 6
442 531 4
442 534 9
442 544 2
442 558 1
442 582 7
442 595 3
443 449 5
443 453 4
443 487 5
443 495 7
443 514 2
443 531 6
443 545 6
443 548 5
443 576 2
444 445 4
444 457 10
444 470 9
444 479 5
444 484 4
444 501 5
444 523 8
444 575 3
444 577 9
444 591 3
444 597 8
445 458 1
445 462 7
445 465 7
445 468 6
445 473 4
445 505 10
445 512 4
445 515 7
445 537 2
445 583 1
446 470 2
446 482 9
446 498 6
446 500 6
446 503 5
446 504 9
446 505 3
446 546 3
446 563 3
446 579 7
447 465 8
447 486 5
447 495 5
447 512 3
447 518 8
447 543 9
447 562 2
447 566 10
447 569 10
447 587 4
448 466 10
448 468 10
448 503 3
448 544 6
448 552 8
448 561 6
448 588 8
448 594 3
448 598 5
449 455 9
449 484 3
449 508 6
449 510 9
449 521 1
449 522 3
449 547 4
450 474 1
450 478 5
450 511 6
450 518 4
450 525 3
450 534 3
450 548 8
450 550 7
450 554 5
450 555 7
450 568 8
450 584 6
451 459 7
451 475 9
451 532 2
451 544 8
451 548 8
451 558 4
452 463 5
452 466 7
452 475 9
452 478 2
452 505 10
452 512 3
452 540 3
452 561 4
453 471 10
453 472 1
453 479 4
453 487 2
453 492 6
453 522 5
453 530 9
453 552 1
453 553 10
453 592 1
454 470 6
454 477 9
454 479 10
454 489 2
454 527 5
454 529 7
454 551 10
454 554 3
454 574 7
454 579 1
455 467 2
455 477 6
455 510 4
455 563 7
455 572 3
456 468 4
456 478 8
456 505 2
456 511 9
456 516 2
456 525 5
456 548 8
456 568 3
456 572 1
456 593 2
457 469 8
457 498 7
457 518 10
457 541 1
457 568 8
457 581 2
457 582 6
457 591 8
458 465 1
458 482 9
458 507 4
458 538 9
459 492 8
459 507 7
459 550 5
459 582 8
459 583 10
459 586 1
460 485 3
460 509 6
460 528 3
460 566 7
460 585 6
461 464 6
461 478 5
461 480 7
461 491 2
461 518 4
461 529 1
461 532 2
461 588 5
462 477 1
462 507 10
462 522 6
462 561 1
462 565 9
462 581 8
462 592 8
462 598 6
463 467 8
463 474 6
463 480 10
463 495 7
463 518 6
463 543 8
463 556 1
463 557 5
463 564 9
463 586 1
464 476 8
464 520 5
464 522 5
464 543 4
464 551 10
464 587 10
465 484 10
465 495 8
465 501 4
465 503 3
465 569 9
465 578 7
465 579 8
465 586 9
466 470 7
466 481 3
466 519 1
466 536 7
466 547 2
466 551 8
466 552 3
466 560 10
466 572 5
467 484 4
467 491 8
467 584 2
467 594 3
468 499 8
468 502 7
468 509 1
468 515 1
468 531 4
468 554 7
468 555 7
468 556 9
468 566 8
468 573 9
468 588 10
469 474 6
469 490 2
469 529 2
469 559 6
469 569 8
469 593 1
470 505 6
470 515 6
470 542 4
470 553 8
470 564 3
471 486 5
471 495 7
471 504 5
471 513 6
471 565 1
471 585 10
471 594 3
472 548 5
472 569 4
472 596 3
473 491 1
473 502 6
473 503 5
473 534 6
473 564 3
473 566 1
473 578 6
473 583 10
473 595 9
474 488 5
474 529 7
474 543 10
474 545 6
474 548 4
474 572 10
474 585 7
475 486 1
475 499 5
475 539 2
476 496 8
476 498 7
476 553 8
476 559 4
476 563 3
476 572 4
476 594 7
477 527 4
477 557 8
477 594 1
478 482 7
478 484 10
478 507 3
478 509 3
478 524 4
478 525 8
478 533 5
478 536 7
478 545 3
478 591 6
479 525 7
479 535 9
479 580 5
480 491 9
480 492 6
480 547 8
480 566 8
480 583 4
481 483 9
481 552 2
481 568 5
482 490 8
482 494 9
482 519 5
482 527 2
482 542 3
482 545 10
482 557 10
483 488 7
483 497 7
483 501 10
483 521 3
483 524 9
483 570 2
483 594 7
484 497 2
484 498 1
484 522 1
484 543 10
484 576 5
484 578 9
484 594 7
485 487 3
485 499 3
485 513 5
485 516 8
485 517 2
485 578 2
486 503 2
486 514 2
486 515 5
486 517 8
486 557 10
486 565 3
486 575 2
487 523 1
487 525 8
487 540 1
487 592 2
488 491 4
488 501 10
488 529 1
488 552 8
489 510 8
489 560 4
489 562 5
490 510 1
490 520 4
490 530 7
491 493 1
491 499 8
491 502 5
491 517 7
491 541 2
491 555 9
491 586 1
491 592 1
492 514 1
492 523 4
492 546 4
492 566 4
493 495 8
493 543 4
493 565 3
493 575 3
493 590 5
494 524 5
494 541 10
494 551 8
494 554 6
494 591 5
495 536 9
495 548 8
495 551 2
495 585 6
496 502 1
496 506 8
496 524 6
496 573 4
496 595 5
497 520 8
497 533 3
497 537 1
497 561 6
497 566 6
497 569 2
497 578 8
498 514 7
498 521 2
498 532 1
498 543 2
498 552 5
498 560 1
498 566 5
499 505 10
499 516 3
499 541 2
499 562 4
499 598 4
500 525 1
500 569 2
500 575 8
500 587 9
501 532 9
501 535 1
501 597 4
501 598 10
501 599 9
502 518 1
502 519 5
502 523 5
502 541 1
502 584 10
502 585 7
502 590 6
503 505 5
503 522 8
503 590 4
504 583 3
505 506 9
505 513 6
505 551 5
505 571 6
506 516 6
506 531 1
506 566 7
506 587 10
506 594 2
507 509 10
507 514 3
507 516 4
507 526 1
507 541 2
507 545 2
508 522 10
508 541 5
508 569 7
508 571 1
509 519 5
509 522 10
509 546 5
509 591 9
510 512 10
510 523 4
510 577 5
510 585 7
511 514 1
511 520 3
511 529 10
511 531 3
511 550 3
511 555 6
511 568 9
511 584 10
512 528 3
512 561 10
512 563 6
512 599 3
513 521 3
513 526 8
513 572 5
513 573 9
513 574 10
513 575 9
513 591 10
514 529 1
514 557 3
514 594 9
515 516 1
515 556 7
515 557 8
516 528 8
516 546 7
516 565 9
516 572 1
516 597 3
517 529 5
517 544 3
517 549 5
517 553 7
517 598 6
518 530 10
518 571 4
518 577 6
518 583 1
518 589 6
519 524 7
519 533 9
519 536 8
519 539 2
519 591 6
520 522 5
520 541 10
520 544 7
520 551 3
520 564 1
520 572 8
521 522 5
521 525 9
521 526 10
521 535 3
521 540 8
521 548 7
521 570 9
521 575 8
523 541 10
523 573 1
523 574 3
523 595 2
524 536 8
524 551 1
524 553 9
524 567 9
525 536 4
525 538 5
525 545 9
525 548 9
525 555 1
525 585 7
525 588 7
525 589 2
525 598 4
526 528 1
526 550 3
526 554 3
526 568 5
526 585 4
526 588 2
527 542 1
527 558 4
527 566 1
527 587 3
527 595 2
528 535 10
528 570 3
528 582 1
529 531 9
529 543 5
529 596 5
530 537 2
530 549 4
530 583 5
531 543 3
531 556 2
531 566 8
531 577 7
532 539 3
532 544 7
532 557 9
532 572 1
532 595 5
532 599 3
533 547 5
533 562 7
533 564 5
534 536 9
534 554 1
534 582 10
534 591 10
535 539 1
535 542 4
535 551 10
535 553 5
535 557 7
535 569 9
535 598 7
536 572 7
536 596 9
537 538 3
537 541 2
537 582 3
537 599 7
538 553 6
538 567 5
538 573 8
539 594 6
540 585 3
541 575 10
541 589 2
542 578 1
542 599 1
543 552 8
543 570 5
543 588 7
543 596 4
544 590 10
544 597 5
545 552 6
545 569 1
545 575 4
545 586 8
546 551 4
546 569 3
546 586 2
548 561 10
548 573 4
548 574 10
549 556 9
549 590 4
550 558 2
550 598 10
551 552 6
553 563 8
553 570 7
554 567 2
555 584 6
556 565 2
556 584 4
556 591 7
557 575 5
557 578 5
558 566 7
558 587 2
559 566 9
559 584 5
559 593 7
560 576 10
560 589 9
561 587 4
561 595 1
562 572 2
562 590 1
562 593 6
562 597 7
563 570 2
564 574 6
564 588 2
565 588 1
567 579 6
567 599 7
568 569 3
568 585 5
568 591 3
571 583 2
571 592 3
572 589 4
573 594 7
574 595 5
575 578 10
575 587 4
577 585 1
582 583 4
584 587 2
585 595 3
590 598 4
592 593 7
592 594 1
600 299 3
601 599 6
600 601 19
602 608 7
602 609 6
602 621 2
602 624 9
602 655 5
602 687 7
602 740 10
602 754 3
602 775 2
602 777 2
602 782 7
602 801 1
602 815 4
602 825 3
602 828 6
602 866 10
602 867 2
602 868 10
602 870 3
602 876 7
603 649 10
603 672 7
603 682 10
603 695 6
603 700 7
603 705 1
603 724 4
603 741 8
603 749 1
603 773 9
603 805 4
603 844 7
604 612 6
604 628 5
604 637 8
604 654 2
604 688 3
604 703 7
604 740 4
604 745 6
604 751 8
604 797 10
604 802 8
604 806 3
604 819 2
604 865 3
604 877 2
605 629 6
605 637 3
605 644 6
605 664 4
605 677 4
605 684 3
605 686 3
605 698 9
605 703 1
605 716 3
605 758 2
605 759 10
605 807 3
605 843 2
605 847 3
605 857 1
605 894 7
606 613 9
606 629 10
606 640 8
606 648 3
606 653 6
606 659 2
606 701 9
606 728 5
606 761 3
606 779 6
606 781 8
606 859 7
606 870 9
606 897 9
607 633 2
607 662 3
607 695 5
607 722 5
607 760 6
607 780 9
607 788 7
607 826 4
607 846 1
607 850 1
607 870 8
607 874 10
608 637 3
608 652 9
608 663 4
608 673 5
608 703 6
608 713 4
608 727 5
608 736 3
608 756 6
608 765 2
608 781 6
608 793 4
608 803 7
608 810 9
608 826 10
608 828 6
608 855 7
608 877 10
608 883 4
609 620 8
609 625 2
609 654 10
609 670 2
609 702 9
609 709 10
609 740 10
609 762 4
609 769 10
609 793 2
609 800 1
609 810 1
609 824 6
609 865 10
609 872 6
609 877 10
610 611 7
610 673 9
610 686 6
610 695 1
610 728 5
610 756 8
610 761 9
610 799 8
610 809 6
610 815 9
610 849 9
610 853 1
610 872 5
610 887 8
610 898 6
611 708 2
611 733 1
611 796 6
611 799 5
611 816 9
611 827 7
611 842 6
611 846 3
611 863 9
611 867 7
611 873 5
611 881 9
611 882 2
611 899 6
612 616 5
612 646 3
612 665 2
612 689 5
612 712 9
612 730 5
612 742 9
612 760 6
612 800 3
612 849 9
612 894 1
613 614 3
613 629 9
613 642 3
613 696 7
613 786 9
613 793 8
613 832 10
613 849 9
613 862 5
613 863 4
613 877 10
613 888 2
614 619 1
614 687 2
614 706 10
614 707 7
614 726 6
614 773 10
614 778 10
614 797 4
614 827 6
614 836 2
614 865 5
614 884 1
614 890 10
614 892 1
614 896 1
615 637 7
615 649 5
615 704 9
615 707 9
615 710 7
615 712 10
615 716 1
615 788 3
615 791 8
615 835 9
615 880 4
615 883 6
615 893 5
616 634 7
616 658 5
616 672 6
616 681 9
616 684 8
616 689 7
616 714 7
616 716 6
616 719 7
616 737 6
616 759 9
616 794 4
616 824 8
616 830 5
616 876 4
617 626 9
617 655 6
617 685 7
617 686 6
617 690 2
617 723 7
617 742 6
617 766 9
617 792 6
617 795 9
617 815 3
617 832 3
617 867 7
617 871 7
618 697 1
618 746 1
618 778 5
618 794 7
618 812 9
618 813 4
618 843 7
618 859 5
618 868 10
618 877 2
618 879 3
618 897 8
619 641 2
619 657 7
619 669 7
619 688 6
619 699 2
619 722 5
619 788 3
619 800 8
619 805 2
619 835 7
619 856 5
619 889 10
619 891 5
620 658 2
620 690 8
620 705 7
620 730 5
620 734 6
620 755 5
620 774 7
620 811 8
620 835 2
620 840 3
620 842 6
620 858 5
620 871 9
620 886 3
620 891 6
621 637 2
621 664 5
621 681 5
621 695 5
621 704 3
621 737 1
621 784 3
621 792 5
621 817 8
621 818 5
621 855 4
621 861 9
621 885 1
621 888 10
622 688 8
622 705 7
622 729 2
622 744 7
622 770 6
622 788 8
622 790 2
622 856 10
622 878 4
622 887 10
623 631 3
623 668 8
623 680 5
623 686 7
623 696 9
623 717 9
623 753 5
623 838 10
623 858 4
623 883 9
624 657 5
624 711 6
624 736 2
624 744 7
624 754 2
624 755 9
624 763 3
624 776 8
624 780 9
624 802 6
624 811 7
624 812 9
624 819 2
624 830 10
624 839 5
624 856 9
624 900 9
625 632 7
625 649 1
625 705 2
625 778 6
625 798 3
625 825 2
625 829 2
625 853 2
626 644 10
626 657 1
626 702 8
626 747 1
626 752 4
626 771 8
626 786 7
626 787 1
626 812 9
626 861 3
627 645 5
627 646 7
627 652 8
627 666 2
627 716 6
627 750 5
627 759 10
627 768 4
627 814 8
627 816 10
627 844 8
627 877 7
627 879 8
627 894 6
628 634 7
628 635 2
628 638 1
628 640 1
628 670 5
628 703 3
628 717 2
628 726 4
628 741 3
628 773 9
628 775 6
628 800 8
628 815 7
628 865 3
629 663 10
629 678 5
629 683 5
629 698 4
629 711 4
629 719 4
629 735 7
629 740 1
629 744 8
629 796 7
629 801 6
629 815 6
629 822 8
629 851 5
629 858 2
630 655 5
630 663 1
630 682 10
630 693 8
630 720 1
630 783 10
630 792 4
630 805 5
630 830 4
630 888 7
631 678 9
631 704 4
631 735 3
631 754 8
631 764 10
631 773 7
631 775 8
631 776 7
631 777 3
631 795 3
631 806 2
631 813 7
631 833 10
631 837 2
631 878 6
631 882 6
631 885 9
631 887 1
632 641 3
632 661 3
632 669 4
632 672 9
632 681 5
632 692 5
632 695 9
632 703 6
632 707 7
632 762 2
632 777 2
632 785 10
632 848 1
633 649 1
633 655 3
633 666 5
633 698 10
633 703 5
633 707 1
633 710 7
633 713 3
633 726 3
633 739 10
633 740 4
633 748 9
633 759 1
633 785 7
633 809 7
633 810 6
633 818 5
633 879 7
634 652 10
634 681 9
634 712 3
634 740 10
634 766 4
634 780 7
634 810 10
634 832 1
634 864 3
634 870 2
634 899 2
635 641 2
635 648 4
635 693 4
635 762 7
635 781 8
635 793 4
635 851 1
635 868 8
636 657 2
636 670 3
636 678 2
636 679 3
636 684 8
636 693 3
636 694 3
636 709 4
636 730 9
636 743 10
636 796 10
636 799 5
636 818 1
636 819 8
636 838 7
636 847 1
636 869 1
636 884 6
637 642 10
637 651 1
637 669 8
637 677 3
637 680 5
637 743 2
637 761 6
637 765 8
637 767 8
637 816 3
637 828 3
637 838 10
637 875 2
638 648 5
638 684 4
638 692 4
638 712 7
638 723 1
638 735 6
638 738 10
638 744 6
638 759 6
638 789 1
638 798 5
638 808 10
638 812 2
638 820 4
638 844 9
638 851 2
638 853 5
638 860 6
639 646 3
639 647 7
639 675 3
639 703 6
639 707 3
639 709 6
639 747 3
639 752 3
639 753 5
639 756 6
639 784 5
639 794 4
639 801 9
639 833 9
639 848 9
639 853 4
639 863 8
639 884 1
640 642 1
640 662 9
640 668 6
640 677 6
640 768 9
640 780 2
640 791 8
640 812 10
640 846 6
641 659 6
641 673 3
641 689 2
641 700 3
641 729 6
641 731 8
641 737 5
641 738 3
641 742 1
641 747 1
641 755 5
641 761 3
641 800 5
641 808 2
641 813 9
641 829 1
641 836 1
641 877 10
641 889 1
641 894 6
642 650 7
642 652 2
642 669 7
642 677 7
642 745 9
642 747 2
642 754 7
642 766 1
642 796 9
642 802 7
642 804 6
642 810 6
642 839 1
642 858 7
642 861 8
643 656 8
643 695 6
643 704 5
643 724 2
643 741 8
643 751 7
643 769 7
643 792 2
643 840 1
643 867 10
643 870 1
643 879 3
643 880 2
643 884 10
643 885 4
644 666 8
644 675 8
644 710 7
644 717 4
644 719 6
644 743 5
644 745 5
644 775 2
644 798 7
644 823 6
644 867 10
644 870 2
644 884 3
645 646 1
645 681 10
645 696 1
645 704 10
645 735 8
645 767 5
645 776 2
645 777 5
645 783 1
645 818 10
645 828 9
645 850 3
645 851 9
645 859 9
645 879 8
645 882 1
646 674 10
646 698 3
646 726 10
646 731 9
646 756 9
646 769 3
646 790 4
646 810 5
646 819 9
646 858 7
646 887 2
647 651 6
647 688 7
647 691 5
647 696 9
647 709 9
647 733 7
647 763 9
647 786 8
647 797 4
647 826 5
647 832 9
647 867 10
647 880 7
648 658 10
648 665 8
648 672 1
648 711 9
648 728 8
648 741 10
648 753 1
648 763 9
648 775 2
648 818 10
648 822 9
648 827 2
648 841 4
648 853 4
648 856 9
648 897 2
649 665 1
649 688 10
649 706 10
649 732 7
649 743 4
649 768 8
649 772 5
649 775 10
649 785 8
649 833 4
649 835 5
649 846 2
649 860 5
650 662 5
650 672 10
650 675 4
650 686 4
650 693 10
650 702 2
650 730 4
650 735 2
650 744 4
650 750 4
650 763 3
650 813 3
650 831 3
650 842 7
650 897 6
651 674 6
651 690 5
651 726 10
651 739 8
651 775 6
651 776 9
651 808 4
651 817 1
651 858 8
651 860 10
651 872 3
651 878 5
652 680 6
652 683 7
652 725 8
652 747 10
652 779 3
652 797 7
652 824 3
652 892 9
653 704 8
653 713 7
653 722 2
653 723 9
653 748 10
653 772 5
653 780 4
653 789 3
653 806 7
653 854 2
653 861 10
653 869 5
653 875 8
653 877 1
653 878 2
654 667 3
654 711 1
654 719 8
654 772 3
654 805 8
654 861 9
654 869 7
654 874 2
654 887 4
655 657 4
655 693 9
655 705 3
655 712 8
655 741 7
655 791 8
655 801 6
655 804 5
655 822 4
655 861 7
655 869 5
655 888 3
655 890 4
656 689 10
656 691 7
656 698 2
656 700 1
656 722 9
656 728 6
656 800 8
656 817 1
656 851 10
656 855 2
657 661 2
657 663 7
657 693 5
657 748 9
657 763 5
657 773 3
657 796 3
657 804 1
657 816 6
657 819 3
657 823 3
657 861 6
657 862 2
657 872 2
657 888 1
657 894 6
658 684 5
658 689 10
658 707 2
658 762 10
658 773 3
658 806 2
658 814 8
658 823 6
658 826 4
658 833 8
658 841 4
658 891 2
658 895 9
658 898 3
659 665 3
659 675 10
659 692 1
659 698 9
659 716 10
659 818 7
659 860 2
659 866 4
659 874 7
660 733 9
660 782 9
660 785 2
660 802 4
660 804 10
660 806 3
660 812 5
660 823 7
660 833 10
660 848 6
661 734 8
661 772 1
661 830 10
661 839 1
661 850 8
661 852 5
661 866 5
661 883 8
661 889 8
661 893 8
662 665 6
662 718 2
662 720 10
662 725 7
662 751 2
662 848 1
662 852 8
662 881 1
662 887 4
662 895 4
663 673 9
663 698 2
663 721 2
663 734 10
663 739 8
663 751 3
663 758 5
663 862 4
663 897 9
663 898 6
664 673 9
664 674 8
664 675 6
664 703 8
664 736 9
664 737 5
664 770 4
665 670 5
665 700 2
665 716 2
665 731 2
665 734 7
665 741 3
665 751 3
665 815 5
665 819 7
665 842 3
665 846 3
665 858 9
665 869 8
665 878 8
665 900 7
666 718 2
666 720 9
666 758 9
666 782 9
666 789 1
666 834 3
666 850 4
666 856 1
666 892 8
667 678 2
667 747 8
667 749 5
667 761 1
667 771 8
667 781 9
667 787 4
667 794 2
667 798 1
667 799 7
667 804 5
667 819 7
667 824 2
667 856 8
667 859 4
667 873 10
667 884 2
668 685 6
668 702 8
668 743 10
668 744 3
668 745 4
668 747 1
668 801 3
668 807 2
668 853 1
669 709 5
669 717 6
669 721 4
669 768 5
669 787 3
669 788 5
669 789 4
669 792 7
669 793 7
669 802 2
669 840 8
669 892 2
670 713 5
670 732 8
670 791 1
670 854 10
670 866 6
670 899 2
671 695 7
671 719 9
671 721 1
671 729 8
671 738 6
671 745 8
671 773 9
671 811 10
671 826 3
671 841 1
671 879 2
671 886 5
672 688 1
672 710 8
672 736 10
672 760 4
672 764 4
672 767 5
672 798 10
672 827 8
672 837 3
672 840 8
672 865 1
672 890 10
673 695 10
673 780 5
673 784 7
673 797 10
673 849 4
673 853 5
673 854 3
673 855 2
673 861 3
673 897 3
673 899 2
674 684 9
674 691 2
674 695 10
674 723 10
674 737 6
674 750 1
674 779 4
674 812 10
674 813 1
674 820 1
674 825 2
674 862 7
674 875 5
674 886 8
675 699 6
675 735 2
675 740 10
675 758 4
675 792 2
675 795 2
675 827 5
675 847 8
675 863 8
676 694 4
676 721 4
676 741 4
676 831 8
676 857 5
676 865 7
677 748 2
677 769 6
677 776 7
677 822 3
677 886 8
677 900 6
678 681 10
678 682 10
678 691 9
678 698 10
678 725 10
678 764 2
678 773 3
678 783 8
678 790 6
678 817 10
678 853 4
679 681 9
679 742 1
679 744 9
679 749 2
679 753 2
679 789 3
679 859 9
679 874 10
679 885 8
679 888 2
679 899 3
680 696 5
680 714 9
680 719 1
680 769 6
680 811 6
680 812 7
680 843 10
680 851 3
680 852 5
681 700 9
681 708 2
681 711 5
681 726 10
681 756 4
681 778 6
681 788 4
681 818 3
681 819 1
681 832 3
681 866 6
681 892 9
682 701 4
682 710 6
682 727 2
682 747 5
682 758 10
682 804 1
682 808 6
682 817 9
682 841 4
682 867 1
682 897 3
683 699 4
683 709 1
683 740 10
683 741 10
683 769 10
683 772 1
683 789 2
683 793 6
683 796 10
683 804 6
683 807 10
683 860 1
684 692 1
684 710 6
684 736 5
684 741 3
684 769 8
684 770 9
684 834 1
684 863 9
684 870 4
684 872 6
684 874 10
685 688 9
685 713 8
685 762 2
685 772 6
685 779 6
685 788 8
685 797 8
685 822 9
685 844 1
685 847 1
686 688 10
686 713 10
686 715 10
686 721 1
686 725 4
686 748 7
686 751 2
686 765 1
686 885 6
686 886 2
687 714 1
687 718 3
687 731 8
687 791 5
687 800 1
687 810 9
687 825 5
687 864 1
687 878 2
687 896 3
688 691 10
688 700 2
688 762 10
688 785 4
688 801 8
688 806 7
688 842 1
688 845 7
688 852 7
688 859 3
688 862 7
688 867 7
688 878 5
688 885 8
689 704 9
689 733 8
689 762 4
689 781 10
689 789 10
689 795 2
689 802 3
689 812 2
689 889 4
690 691 3
690 732 6
690 733 6
690 775 1
690 797 3
690 820 8
690 822 4
690 832 7
690 857 10
690 861 6
690 864 8
690 865 3
690 866 5
690 870 4
690 872 5
690 895 1
691 700 1
691 728 7
691 731 8
691 751 9
691 760 1
691 764 5
691 793 7
691 831 10
691 843 9
691 854 8
691 861 1
691 868 2
691 877 2
691 898 2
692 711 7
692 811 4
692 829 10
692 831 5
692 860 6
692 894 2
693 696 2
693 737 10
693 746 10
693 750 1
693 762 5
693 769 7
693 784 5
693 787 9
693 797 2
693 830 9
693 848 1
693 859 4
693 879 8
693 882 8
694 705 2
694 730 10
694 732 3
694 768 10
694 772 10
694 790 3
694 829 7
694 846 2
694 848 6
694 855 9
694 858 4
694 867 2
694 868 4
694 874 3
695 715 6
695 737 10
695 753 6
695 755 8
695 799 9
695 804 7
695 841 10
695 861 5
695 877 3
695 891 5
696 705 5
696 755 6
696 765 5
696 766 5
696 773 10
696 780 2
696 815 3
696 821 1
696 866 2
696 891 7
696 899 3
697 719 3
697 735 1
697 752 1
697 821 4
697 834 6
697 851 9
697 878 9
697 879 7
697 886 5
697 891 3
698 700 5
698 702 6
698 705 8
698 711 4
698 720 4
698 723 6
698 778 3
698 782 10
698 820 8
698 834 9
698 867 4
699 711 4
699 715 4
699 740 8
699 758 3
699 780 7
699 786 2
699 838 5
699 844 10
699 863 10
699 885 7
699 898 2
700 713 10
700 718 8
700 719 8
700 726 7
700 736 8
700 770 6
700 861 4
700 866 4
700 886 9
701 712 8
701 723 9
701 729 8
701 735 3
701 737 4
701 744 4
701 760 5
701 769 3
701 780 3
701 818 6
701 820 8
701 826 8
701 829 1
701 850 6
701 865 2
701 894 7
701 899 9
702 758 9
702 768 7
702 795 9
702 804 5
702 810 10
702 836 10
702 859 4
702 880 9
702 891 7
702 895 4
703 704 7
703 711 2
703 721 7
703 725 5
703 739 1
703 787 6
703 793 4
703 796 3
703 802 1
703 812 9
703 837 7
703 839 4
703 863 4
703 883 4
703 888 1
704 729 1
704 775 4
704 776 8
704 780 5
704 794 1
704 796 7
704 828 3
704 840 9
704 875 7
704 879 7
705 715 10
705 734 6
705 751 3
705 755 9
705 764 4
705 771 6
705 783 5
705 791 5
705 821 4
705 854 1
705 870 5
705 882 1
706 784 6
706 788 7
706 810 2
706 816 5
706 867 6
706 898 5
707 729 10
707 733 9
707 737 7
707 746 2
707 789 3
707 792 5
707 817 6
707 868 5
707 876 3
707 893 8
708 725 3
708 751 1
708 787 7
708 831 2
708 853 8
708 872 9
709 739 2
709 751 2
709 811 6
709 831 6
709 835 6
709 858 9
709 893 6
709 897 1
710 712 10
710 759 4
710 792 9
710 796 1
710 830 8
710 840 4
710 872 7
710 888 9
711 730 5
711 731 5
711 764 10
711 769 7
711 771 9
711 794 6
711 829 1
711 841 3
711 850 3
711 862 5
711 880 5
711 893 9
712 720 8
712 721 3
712 730 9
712 732 10
712 736 6
712 766 6
712 775 5
712 826 1
712 876 7
713 717 3
713 726 3
713 754 6
713 786 6
713 787 2
713 794 8
713 835 5
713 839 7
713 843 6
713 857 3
713 901 1
714 739 10
714 806 2
714 846 9
714 865 1
714 867 7
714 873 9
714 901 5
715 727 2
715 759 5
715 767 10
715 790 2
715 811 3
715 818 4
715 824 3
715 860 2
715 868 9
715 884 8
715 896 6
716 722 1
716 762 4
716 763 10
716 780 4
716 795 1
716 854 5
716 860 7
716 864 10
716 869 9
717 722 5
717 764 5
717 772 3
717 778 6
717 801 7
717 811 5
717 832 4
717 869 7
717 873 3
717 889 5
717 894 3
718 760 4
718 761 9
718 765 4
718 769 6
718 772 3
718 794 7
718 803 10
718 805 4
718 814 7
718 815 7
718 826 2
718 830 8
718 837 3
718 848 1
718 883 3
719 741 5
719 827 8
719 830 1
719 842 5
719 843 8
720 722 5
720 759 1
720 767 1
720 776 2
720 778 9
720 784 5
720 808 6
720 812 5
720 818 7
720 823 2
720 832 10
720 860 3
720 884 2
721 726 3
721 730 10
721 731 5
721 737 10
721 738 9
721 753 10
721 760 8
721 795 7
721 811 1
721 821 5
721 835 9
721 839 4
721 855 9
721 858 4
722 737 1
722 740 9
722 742 10
722 756 8
722 770 6
722 776 10
722 781 8
722 820 7
722 824 9
722 842 4
722 858 2
722 891 5
723 741 3
723 812 5
723 835 4
723 874 5
723 885 7
724 727 9
724 741 6
724 761 3
724 781 10
724 791 4
724 803 2
724 813 7
724 818 2
724 823 5
724 872 4
724 882 1
724 887 8
725 763 2
725 778 6
725 781 10
725 785 3
725 802 5
725 803 9
725 815 8
725 866 6
725 870 9
726 729 4
726 735 4
726 746 4
726 761 8
726 796 1
726 813 6
726 824 2
726 831 6
726 855 2
726 870 10
726 880 4
726 887 7
727 730 2
727 737 3
727 769 2
727 791 6
727 792 2
727 818 4
727 819 10
727 835 5
727 844 6
727 846 9
727 861 8
727 888 1
728 741 10
728 816 10
728 832 7
728 867 8
729 750 7
729 763 2
729 776 8
729 817 1
729 818 8
729 831 2
729 837 10
729 874 10
730 754 9
730 778 1
730 877 5
730 896 1
730 899 3
731 732 1
731 752 9
731 773 4
731 818 5
731 854 1
731 874 1
731 891 6
732 753 6
732 761 10
732 765 2
732 780 1
732 791 10
732 802 10
732 804 1
732 810 9
732 817 9
733 745 9
733 750 9
733 767 6
733 779 10
733 780 6
733 782 8
733 807 7
733 826 9
733 833 7
733 900 6
734 747 8
734 774 9
734 776 3
734 790 8
734 791 1
734 811 3
734 821 6
734 841 7
734 856 9
735 744 8
735 769 7
735 772 7
735 777 3
735 846 9
735 853 8
735 855 3
735 861 8
735 876 7
735 881 5
735 892 7
736 759 8
736 784 3
736 833 5
736 864 3
736 876 5
736 879 2
736 888 2
736 901 3
737 755 1
737 757 10
737 762 1
737 774 8
737 797 8
737 798 3
737 808 5
737 820 9
737 826 7
737 843 2
737 845 7
737 867 7
737 881 2
737 896 3
737 897 3
738 767 4
738 771 1
738 777 1
738 787 9
738 821 9
738 835 9
738 839 5
738 845 7
738 869 6
739 777 10
739 823 3
739 829 10
739 839 4
739 880 4
740 754 1
740 761 6
740 789 4
740 798 2
740 822 6
740 835 1
740 846 10
740 862 10
740 869 7
740 883 10
740 892 8
741 797 1
741 849 6
741 867 5
741 889 2
742 755 10
742 758 7
742 759 5
742 775 3
742 815 7
742 874 5
742 893 3
743 773 8
743 798 10
743 843 9
743 848 3
743 884 9
744 769 1
744 844 3
744 867 4
744 897 6
745 747 5
745 774 1
745 800 10
745 805 7
745 819 7
745 821 2
745 831 8
745 848 8
745 849 1
745 861 7
746 756 6
746 761 1
746 771 4
746 803 10
746 817 4
746 850 5
746 892 8
746 894 10
747 748 7
747 780 7
747 790 5
747 835 9
747 879 4
747 894 6
748 797 9
748 800 6
748 810 6
748 815 9
748 843 10
748 847 9
748 865 7
748 871 7
748 879 9
748 893 8
748 895 5
749 768 7
749 772 9
749 806 2
749 849 5
749 878 1
750 754 10
750 772 2
750 802 3
750 805 5
750 808 3
750 817 6
750 824 9
750 895 2
751 757 6
751 781 6
751 839 8
751 849 2
752 755 6
752 786 1
752 794 7
752 829 5
752 830 9
752 842 4
752 859 5
752 865 10
752 876 2
752 880 1
753 766 8
753 787 2
753 793 8
753 800 2
753 837 9
753 845 9
753 852 5
754 765 5
754 767 9
754 800 4
754 818 8
754 819 2
754 851 8
754 859 10
754 866 9
754 891 9
755 766 3
755 773 4
755 799 4
755 822 1
755 852 7
755 859 9
755 860 3
755 889 5
756 757 5
756 761 3
756 762 8
756 770 10
756 771 3
756 777 1
756 825 2
756 836 10
756 850 3
756 863 10
756 866 4
756 867 3
756 894 8
756 896 8
756 900 9
757 764 8
757 765 2
757 772 6
757 779 9
757 861 1
757 885 7
757 895 8
758 789 9
758 830 9
758 839 3
758 878 4
758 881 9
758 882 2
759 784 5
759 788 4
759 807 6
759 811 9
759 825 6
759 844 4
759 847 10
759 861 8
759 885 6
760 764 2
760 806 10
760 815 8
760 830 1
760 835 3
760 837 2
760 841 10
760 865 10
760 880 10
760 894 9
761 836 3
761 865 5
761 897 10
762 776 6
762 777 3
762 788 7
762 806 6
762 812 2
762 841 1
762 893 10
763 771 2
763 869 2
763 871 6
764 777 7
764 779 10
764 780 6
764 812 3
764 845 3
764 848 6
764 867 10
764 879 10
764 882 9
765 780 1
765 783 8
765 806 1
765 859 3
765 876 1
765 880 10
765 885 5
765 899 1
766 768 10
766 773 9
766 801 7
766 819 9
766 844 4
766 850 2
767 779 7
767 793 10
767 814 5
767 818 8
767 872 1
767 873 6
767 885 1
767 889 6
768 783 3
768 809 10
768 817 3
768 826 7
769 776 4
769 802 8
769 805 8
769 827 4
769 866 6
769 867 9
769 868 3
769 879 8
769 895 3
770 801 3
770 831 7
770 845 9
770 849 5
770 853 7
770 867 8
771 785 4
771 798 7
771 804 3
771 806 5
771 850 4
771 868 2
771 877 9
771 886 1
772 776 4
772 777 6
772 783 3
772 786 1
772 787 10
772 792 3
772 806 4
772 813 6
772 816 8
772 862 3
772 871 4
772 873 3
772 886 1
772 896 4
773 791 5
773 806 8
773 810 6
773 813 10
773 840 7
773 859 5
773 866 6
773 879 5
773 881 4
773 888 9
773 889 1
773 894 6
773 897 5
774 780 4
774 801 10
774 825 3
774 881 4
774 882 5
774 892 1
774 893 9
774 894 6
775 809 10
775 836 1
775 857 9
775 861 8
776 790 10
776 819 1
776 853 1
777 798 3
777 832 1
777 844 4
777 864 9
777 871 9
778 780 1
778 869 10
778 896 5
778 900 7
779 837 6
779 854 9
779 868 10
779 892 6
780 781 9
780 785 8
780 799 1
780 804 3
780 838 7
780 873 5
781 784 8
781 792 1
781 803 5
781 812 6
781 826 6
781 839 7
781 845 8
782 821 6
782 858 4
782 869 10
782 877 9
782 882 4
782 884 2
782 890 9
783 790 9
783 793 10
783 838 9
783 839 9
783 846 2
783 888 5
784 788 6
784 792 9
784 818 5
784 834 7
784 859 4
784 874 4
784 892 4
785 821 6
785 833 8
785 853 2
785 857 3
785 868 7
785 873 3
786 789 9
786 816 5
786 822 10
786 894 5
788 792 4
789 795 8
789 854 8
789 868 3
790 863 6
790 869 3
790 876 4
790 877 6
791 807 1
791 847 6
791 855 7
791 858 2
792 801 7
792 828 1
792 836 9
792 850 5
792 858 6
792 892 5
793 813 10
793 819 1
793 840 1
793 855 8
793 862 10
794 805 2
794 816 10
794 818 6
794 832 6
794 842 8
794 885 2
794 901 8
795 831 3
795 858 6
795 892 5
795 897 2
796 803 8
796 808 2
796 852 5
796 854 4
796 869 7
796 899 7
797 804 9
797 813 3
797 815 10
797 825 7
797 833 6
797 852 8
797 858 1
797 869 3
798 801 5
798 813 2
798 818 3
798 835 7
799 814 9
799 819 4
799 859 8
799 869 10
799 872 1
799 877 4
799 889 8
800 807 3
800 833 1
800 850 2
800 859 8
800 860 7
800 869 5
800 870 7
800 880 8
800 891 1
800 893 10
801 821 4
801 838 8
801 853 8
801 879 9
801 900 9
802 842 6
802 856 4
802 862 7
803 804 8
803 812 6
803 839 3
803 844 10
803 855 10
803 879 9
803 896 10
804 830 3
804 848 8
804 861 10
804 863 3
804 870 3
805 814 9
805 844 5
805 857 5
805 863 2
806 813 4
806 818 1
806 822 6
806 838 1
806 842 8
806 862 7
806 863 2
806 870 4
806 895 6
807 838 2
807 849 2
807 872 4
808 814 7
808 832 7
808 836 2
808 877 5
808 892 4
808 900 6
809 828 6
809 879 5
809 894 6
810 861 5
810 876 7
811 816 4
811 825 6
811 847 1
811 855 6
811 883 4
812 827 8
812 828 3
812 865 5
812 877 1
812 900 3
813 831 3
813 841 3
813 885 3
814 816 9
814 817 7
814 842 6
814 848 6
814 853 8
814 868 9
814 874 9
814 880 4
814 881 7
814 894 1
815 819 10
815 872 2
815 893 8
816 839 5
817 829 6
817 836 4
817 854 2
817 866 2
817 881 7
817 884 7
818 868 2
818 880 4
818 889 3
818 893 9
819 834 8
819 839 7
819 876 2
819 897 1
819 898 9
820 837 6
820 850 5
820 885 9
821 830 2
821 832 10
821 865 6
821 897 1
822 825 10
822 857 5
822 859 5
822 894 6
823 841 7
823 844 6
823 859 7
823 864 4
823 884 3
823 885 2
824 837 9
824 860 4
824 870 5
825 859 7
825 891 2
826 833 8
826 838 3
826 846 4
826 847 7
826 866 10
826 885 3
827 838 10
827 858 2
827 878 3
827 881 5
827 889 6
828 845 4
828 851 9
829 863 5
831 850 9
831 859 9
831 882 6
831 888 3
832 838 5
833 859 3
833 880 1
834 848 3
834 856 1
834 898 7
835 846 5
835 853 4
835 876 5
835 894 10
836 896 8
837 890 2
838 862 3
839 843 6
839 851 4
839 852 7
839 854 4
840 897 5
841 854 1
841 896 5
842 885 7
843 844 3
843 855 1
843 864 2
843 872 6
843 890 9
843 891 9
844 862 7
844 867 10
844 894 4
845 860 1
845 867 4
846 872 7
846 879 2
847 853 6
847 863 9
847 882 10
848 880 2
848 891 3
849 855 4
849 865 1
849 869 2
850 867 7
850 873 6
852 879 7
852 901 2
854 864 2
854 869 2
854 870 7
854 871 4
855 891 8
855 897 3
855 899 6
856 859 9
856 872 6
856 892 4
856 901 9
857 901 4
858 861 2
858 880 8
859 865 10
859 878 2
859 879 4
859 884 8
860 874 5
860 889 9
860 890 6
861 870 4
862 867 3
862 881 8
862 886 10
862 889 5
863 897 10
864 901 8
865 866 10
867 885 8
867 889 10
868 888 3
869 874 2
869 877 8
870 873 6
872 899 9
874 875 2
875 881 4
875 890 7
875 899 7
876 889 7
879 892 6
880 882 3
881 884 8
881 886 5
885 888 2
887 897 1
887 898 8
889 901 9
890 893 6
896 898 7
902 601 18
903 901 10
902 903 22
