904 6735
98 57 17 74 95 91 18 28 52 70 7 91 32 55 39 15 86 29 40 94 60 36 66 100 82 22 94 41 68 88 27 65 44 44 90 38 34 7 18 37 28 24 28 12 30 18 26 16 46 17 61 58 4 26 57 85 99 50 78 66 90 4 83 85 47 72 23 80 31 92 17 10 67 96 21 97 13 98 64 10 15 24 67 70 1 23 7 100 25 84 17 14 87 99 98 86 23 72 65 53 15 33 14 82 28 35 78 92 84 41 54 50 16 20 20 16 95 78 67 71 61 84 36 99 34 85 84 56 9 1 60 23 85 74 4 65 60 81 56 43 73 9 93 88 81 64 4 27 41 22 97 53 5 84 51 39 68 87 94 76 39 54 99 23 79 2 87 38 35 95 80 7 55 24 95 35 87 50 13 27 71 61 79 28 44 82 66 12 20 11 39 58 16 37 80 94 91 19 31 25 13 63 31 67 86 77 54 73 26 18 51 49 79 82 76 22 63 41 85 82 3 24 39 19 12 70 64 2 88 47 26 100 9 9 19 46 85 24 18 63 41 21 11 71 2 86 93 16 78 29 49 80 52 39 50 16 8 14 17 96 12 95 47 20 55 17 17 91 92 87 53 33 7 15 3 8 100 47 75 29 76 23 9 79 61 10 94 68 75 63 15 86 57 14 57 11 82 74 53 74 11 99 8 92 99 74 11 45 83 26 50 60 75 24 50 38 51 6 93 43 94 71 66 74 78 53 82 3 22 55 97 84 53 4 75 4 29 37 48 11 15 50 22 89 25 23 78 28 28 70 22 74 93 88 47 70 92 80 72 13 34 21 48 39 24 75 42 53 11 41 15 77 42 37 66 67 59 95 94 39 65 67 12 9 54 10 78 46 90 1 10 75 21 58 13 45 84 54 49 94 47 63 71 88 51 88 54 62 82 99 100 98 66 63 6 71 24 35 68 13 36 30 88 8 39 100 4 22 6 52 15 52 67 37 91 17 24 45 78 58 95 29 55 12 91 13 35 15 47 2 79 82 31 18 42 69 70 45 90 75 97 57 78 63 93 68 31 69 64 9 26 11 89 32 22 80 44 8 46 91 10 76 24 92 94 65 61 15 10 2 89 58 58 18 72 3 85 2 71 49 62 48 11 51 79 84 82 23 92 27 13 1 54 88 44 99 53 4 13 14 58 53 71 67 70 94 69 7 95 91 7 57 38 17 7 69 100 88 91 43 66 55 43 71 94 87 70 46 42 34 11 51 39 81 18 8 74 38 66 21 29 72 77 18 40 35 86 40 74 28 82 91 34 77 61 28 15 82 25 8 68 36 59 6 68 76 65 94 13 31 14 93 2 42 63 42 76 100 33 1 84 87 59 10 54 47 92 48 75 56 45 18 66 92 56 1 74 98 17 82 46 3 41 33 89 45 84 12 18 3 26 43 28 36 4 81 83 96 80 9 3 24 27 68 68 82 21 41 31 89 74 28 91 66 13 79 10 96 42 28 50 19 22 77 55 25 9 89 72 41 97 26 64 75 94 31 8 66 23 90 54 96 70 96 62 82 26 23 77 67 2 79 38 75 55 44 100 16 84 23 56 32 49 71 7 94 54 66 59 76 8 64 24 77 59 37 58 84 59 86 2 13 64 91 87 71 34 38 38 69 13 93 1 13 15 59 6 68 24 16 44 31 31 19 7 89 55 16 72 65 54 25 29 69 16 16 39 1 5 28 70 17 72 70 81 87 28 38 54 3 53 49 86 35 67 44 23 73 60 46 38 65 71 66 33 86 33 24 38 90 51 7 58 23 28 39 9 7 76 62 62 81 11 47 15 29 90 38 2 1 35 91 65 5 8 98 42 93 73 80 82 23 38 39 45 18 77 5 24 5 19 85 85 81 31 99 9 73 88 62 73 75 52 90 31 60 87 73 52 11 4 85 33 93 23 30 10 52 86 34 56 4 70 92 84 53 90 45 25 30 6 49 56 10 38 86 69 76 10 72 86 13 56 71 58 30 100 67 81 37 52 36 41 74 27 76 26 69 20 2 50 78 36 87
0 3 60
0 23 6
0 25 58
0 45 18
0 109 20
0 146 60
0 171 25
0 176 72
0 188 59
0 194 51
0 246 52
0 271 86
0 279 73
0 281 60
0 284 16
0 292 33
1 3 22
1 28 10
1 58 52
1 123 96
1 129 72
1 145 19
1 175 34
1 212 80
1 235 32
1 261 90
1 282 42
2 8 13
2 12 15
2 17 94
2 65 38
2 88 26
2 104 51
2 117 95
2 119 43
2 130 71
2 148 7
2 157 19
2 203 94
2 213 17
2 218 69
2 247 45
2 266 2
2 290 41
3 8 57
3 23 17
3 50 25
3 64 30
3 65 78
3 99 77
3 103 25
3 161 49
3 180 47
3 192 10
3 208 80
3 216 78
3 241 100
3 274 21
3 281 42
3 289 66
4 15 15
4 22 32
4 32 92
4 51 65
4 55 26
4 58 34
4 62 87
4 87 84
4 105 53
4 159 32
4 169 100
4 206 73
4 214 29
4 247 1
4 287 14
5 14 37
5 33 18
5 40 90
5 99 66
5 109 95
5 124 18
5 126 42
5 127 96
5 158 64
5 171 52
5 193 75
5 208 93
5 230 3
5 255 48
5 270 87
5 272 68
5 293 14
6 15 18
6 19 59
6 69 30
6 73 43
6 80 45
6 81 17
6 85 27
6 97 49
6 102 100
6 104 78
6 105 21
6 132 28
6 141 79
6 159 86
6 165 64
6 189 48
6 195 76
6 209 29
6 221 94
6 268 93
6 284 23
7 43 41
7 70 9
7 76 74
7 102 68
7 106 1
7 114 76
7 146 15
7 162 87
7 171 43
7 193 28
7 223 4
7 248 54
7 269 57
7 277 99
7 279 50
7 285 25
7 287 77
7 295 98
8 42 77
8 47 54
8 71 70
8 102 56
8 118 84
8 229 56
8 235 20
8 241 31
8 245 83
8 255 100
8 269 25
8 272 75
8 278 22
9 20 65
9 107 83
9 161 47
9 168 84
9 173 36
9 186 22
9 219 98
9 239 22
9 249 17
9 297 77
10 60 26
10 102 22
10 116 86
10 122 76
10 228 71
10 239 10
10 256 52
10 263 20
10 268 38
10 285 57
10 293 89
11 14 94
11 70 41
11 93 44
11 124 65
11 133 71
11 177 26
11 190 16
11 200 47
11 204 53
11 211 38
11 216 64
11 246 87
11 265 36
11 268 47
11 279 74
12 27 58
12 33 45
12 37 96
12 43 26
12 90 73
12 108 73
12 109 47
12 115 58
12 128 48
12 145 17
12 173 20
12 203 51
12 214 36
12 215 57
12 236 7
12 291 24
13 20 2
13 28 47
13 35 20
13 39 66
13 55 70
13 60 97
13 61 82
13 75 16
13 90 1
13 139 71
13 145 31
13 153 40
13 166 6
13 204 78
13 213 13
14 21 15
14 63 74
14 72 8
14 192 40
14 206 46
14 218 32
14 259 86
15 20 56
15 71 79
15 72 2
15 78 75
15 121 81
15 136 89
15 169 83
15 186 88
15 262 65
15 278 85
15 287 86
16 19 84
16 76 50
16 101 55
16 107 32
16 147 83
16 182 71
16 200 33
16 213 53
16 232 53
16 240 72
16 249 11
16 270 30
16 282 36
16 287 25
17 23 55
17 37 96
17 64 65
17 103 53
17 115 27
17 128 50
17 135 8
17 166 58
17 169 4
17 204 34
17 212 38
17 243 92
18 28 68
18 38 77
18 69 56
18 87 52
18 92 63
18 112 91
18 151 54
18 161 17
18 172 23
18 253 36
18 255 39
18 277 55
18 290 41
18 297 92
19 25 78
19 36 51
19 51 73
19 68 13
19 85 75
19 89 28
19 139 60
19 196 91
19 235 32
19 239 87
19 240 41
19 262 39
19 271 96
19 273 44
19 281 24
19 294 85
20 50 87
20 122 91
20 126 62
20 127 43
20 170 95
20 180 24
20 189 33
20 205 48
20 210 92
20 231 55
20 243 35
20 246 31
20 280 61
20 292 27
20 298 74
20 299 38
21 33 77
21 47 46
21 63 3
21 66 4
21 133 25
21 158 62
21 201 94
21 207 56
22 51 100
22 67 86
22 70 46
22 91 47
22 93 29
22 143 21
22 165 32
22 171 16
22 174 12
22 186 45
22 203 10
22 204 6
22 222 20
22 237 94
22 245 5
22 292 11
23 74 49
23 96 39
23 111 93
23 125 61
23 133 18
23 143 66
23 144 51
23 150 94
23 182 64
23 201 53
23 244 49
23 248 40
23 255 66
23 270 95
23 283 48
23 291 18
23 295 80
23 296 93
24 68 16
24 85 61
24 90 14
24 97 47
24 109 28
24 148 77
24 149 43
24 195 37
24 206 34
24 223 62
24 224 30
24 229 38
24 271 73
24 278 30
24 282 28
25 38 17
25 56 91
25 115 45
25 180 83
25 240 41
26 75 91
26 101 98
26 105 45
26 119 91
26 154 37
26 180 62
26 187 85
26 191 84
26 206 79
26 232 17
26 246 29
26 257 95
26 282 77
27 30 94
27 36 93
27 42 4
27 44 22
27 121 36
27 128 40
27 195 55
27 197 49
27 208 21
27 211 44
27 225 73
27 263 3
28 69 71
28 104 90
28 236 45
28 245 68
29 209 24
29 243 37
29 282 10
29 297 21
30 97 81
30 125 52
30 137 9
30 156 94
30 160 37
30 167 45
30 203 73
30 212 53
30 215 25
30 219 19
30 253 81
30 262 18
30 268 63
31 37 84
31 49 39
31 62 50
31 71 75
31 73 45
31 89 99
31 93 95
31 95 88
31 103 71
31 115 49
31 122 10
31 178 12
31 209 93
31 217 29
31 256 35
32 47 29
32 64 38
32 96 7
32 110 61
32 129 90
32 132 68
32 136 55
32 141 78
32 145 12
32 153 79
32 159 82
32 178 88
32 217 97
32 267 62
33 63 5
33 64 11
33 77 97
33 92 95
33 96 61
33 108 71
33 120 39
33 155 11
33 161 17
33 173 78
33 202 33
33 214 66
33 215 87
33 246 45
33 255 10
33 269 68
33 289 31
33 292 91
34 39 5
34 41 90
34 78 51
34 127 46
34 129 57
34 131 57
34 133 75
34 134 20
34 156 35
34 194 56
34 212 7
34 228 83
34 238 69
34 260 63
34 264 46
34 265 65
35 47 9
35 49 6
35 76 35
35 97 99
35 127 16
35 158 4
35 165 76
35 172 100
35 180 69
35 227 14
35 243 44
35 298 30
36 57 81
36 69 27
36 70 20
36 71 38
36 93 16
36 94 23
36 104 35
36 127 24
36 135 79
36 181 10
36 184 95
36 203 66
36 222 17
36 227 53
36 264 100
36 265 86
36 285 15
37 52 45
37 77 2
37 112 23
37 129 50
37 141 37
37 156 21
37 184 17
37 210 92
37 283 48
38 61 17
38 62 12
38 70 13
38 82 12
38 111 41
38 125 94
38 130 38
38 167 61
38 175 83
38 177 5
38 270 35
38 283 17
38 298 28
39 56 13
39 120 78
39 126 22
39 144 30
39 163 95
39 177 26
39 225 30
39 226 32
39 243 40
39 256 74
39 264 33
40 57 14
40 98 76
40 100 21
40 113 86
40 143 92
40 146 12
40 181 33
40 197 60
40 202 23
40 250 98
40 253 24
40 265 64
40 271 91
40 273 13
40 292 76
41 54 25
41 81 18
41 88 10
41 89 41
41 101 97
41 103 74
41 118 19
41 126 71
41 158 4
41 162 65
41 164 96
41 196 85
41 207 96
41 216 88
41 217 58
41 233 28
41 260 1
41 286 33
42 45 49
42 67 87
42 99 77
42 135 12
42 140 71
42 167 36
42 178 35
42 189 68
42 262 59
43 63 50
43 71 10
43 83 72
43 89 25
43 114 34
43 131 41
43 170 86
43 173 27
43 179 37
43 196 11
43 200 97
43 201 59
43 225 14
43 232 13
43 270 55
43 273 98
43 292 8
44 68 42
44 114 8
44 174 87
44 191 94
44 205 40
44 224 87
44 227 32
44 247 16
44 257 99
44 262 3
44 273 4
44 287 33
45 80 22
45 102 14
45 128 82
45 130 84
45 219 37
45 251 58
45 295 69
45 297 77
45 298 43
45 299 47
46 81 66
46 97 53
46 102 95
46 183 24
46 186 19
46 224 7
46 245 30
46 262 68
46 286 14
46 295 71
47 84 27
47 87 53
47 115 65
47 134 67
47 135 39
47 144 96
47 172 34
47 180 37
47 191 50
47 213 89
47 234 21
47 238 24
47 242 3
47 254 54
47 265 59
47 285 39
48 84 11
48 130 79
48 140 68
48 151 5
48 167 26
48 212 33
48 265 10
48 287 20
48 289 8
49 52 80
49 66 79
49 75 38
49 78 47
49 89 44
49 93 60
49 124 26
49 151 96
49 180 76
49 212 92
49 241 87
49 243 24
49 264 77
49 279 23
50 53 73
50 56 66
50 83 96
50 90 48
50 92 68
50 126 49
50 164 6
50 167 58
50 213 60
50 215 85
50 248 25
51 72 16
51 105 62
51 116 9
51 157 25
51 172 33
51 231 69
51 268 4
51 270 11
51 297 58
52 69 3
52 84 55
52 87 17
52 125 28
52 129 2
52 184 93
52 189 71
52 195 88
52 216 16
52 232 47
52 248 11
52 271 40
52 272 64
52 283 58
53 89 88
53 115 83
53 147 6
53 159 45
53 168 41
53 182 17
53 192 81
53 266 17
53 275 33
54 57 94
54 58 78
54 96 9
54 101 27
54 150 46
54 164 13
54 168 37
54 173 3
54 184 15
54 255 43
54 292 71
54 298 42
55 56 45
55 66 15
55 105 12
55 112 32
55 114 30
55 117 10
55 124 94
55 153 22
55 168 74
55 228 51
55 244 61
55 261 56
55 270 9
55 274 5
56 59 48
56 112 77
56 113 38
56 117 65
56 142 61
56 145 31
56 178 94
56 197 70
56 203 57
56 213 91
56 239 82
56 274 46
56 287 93
56 292 48
56 298 40
57 65 15
57 75 41
57 93 84
57 129 30
57 170 4
57 196 68
57 201 11
57 222 13
57 245 61
57 258 32
58 85 38
58 113 64
58 161 92
58 174 46
58 195 24
58 198 49
58 203 93
58 212 100
58 221 86
58 294 9
58 296 61
59 63 16
59 69 2
59 117 82
59 133 25
59 147 92
59 158 15
59 167 22
59 176 36
59 182 62
59 194 61
59 239 51
59 247 54
59 252 97
59 258 32
59 278 57
59 299 16
60 78 42
60 86 21
60 99 28
60 106 74
60 109 11
60 113 91
60 127 17
60 158 56
60 193 66
60 203 65
60 207 48
60 218 66
60 236 2
60 239 57
60 241 78
61 77 70
61 94 10
61 112 11
61 159 46
61 162 54
61 179 25
61 233 67
61 247 89
61 263 86
61 292 79
61 293 91
62 123 91
62 170 27
62 188 74
62 201 47
62 250 42
62 253 16
62 263 19
62 265 70
62 267 41
62 285 29
63 73 12
63 75 9
63 82 84
63 91 78
63 136 26
63 153 84
63 156 95
63 160 27
63 239 40
63 249 24
63 259 96
64 116 1
64 155 34
64 176 93
64 197 54
65 84 58
65 101 11
65 104 95
65 115 95
65 146 90
65 151 85
65 166 85
65 179 16
66 81 59
66 99 83
66 104 10
66 137 26
66 143 1
66 158 79
66 170 18
66 210 82
66 211 90
66 222 26
66 243 17
66 283 19
67 76 51
67 77 100
67 90 65
67 119 78
67 163 91
67 168 88
67 180 25
67 183 92
67 218 21
67 239 18
67 288 45
68 70 30
68 89 28
68 119 39
68 163 24
68 176 69
68 179 76
68 190 60
68 259 37
68 290 86
69 82 94
69 114 46
69 136 11
69 139 95
69 155 76
69 158 28
69 166 28
69 173 65
69 181 53
69 200 44
69 215 36
69 227 56
69 248 44
69 276 100
69 280 33
70 98 86
70 134 88
70 137 9
70 161 77
70 181 60
70 186 78
70 222 74
70 234 90
70 237 58
70 250 64
70 252 65
70 278 26
71 90 91
71 101 77
71 121 14
71 129 76
71 146 70
71 175 59
71 199 38
71 279 16
71 282 34
72 74 17
72 78 43
72 107 51
72 115 70
72 145 39
72 160 86
72 176 77
72 211 34
72 233 37
72 244 9
72 285 19
72 298 24
73 100 69
73 108 48
73 123 36
73 170 47
73 187 73
73 271 77
73 281 4
73 291 36
73 295 93
73 299 81
74 96 27
74 145 69
74 150 95
74 165 54
74 232 39
74 234 5
74 290 92
75 80 54
75 86 39
75 156 8
75 168 49
75 220 41
75 230 29
75 276 39
76 83 78
76 93 5
76 99 72
76 104 14
76 146 65
76 151 42
76 154 90
76 167 34
76 178 89
76 195 25
76 255 80
76 274 61
76 290 1
77 85 35
77 88 49
77 107 93
77 139 67
77 158 75
77 168 14
77 185 13
77 192 28
77 215 52
77 258 18
77 265 71
77 268 57
77 269 8
78 115 79
78 142 57
78 178 48
78 182 7
78 184 95
78 185 77
78 255 64
78 262 18
78 264 90
78 265 28
78 267 60
78 273 79
79 82 61
79 116 48
79 129 55
79 139 92
79 149 61
79 184 7
79 190 78
79 276 9
79 294 52
80 82 45
80 84 35
80 89 65
80 111 9
80 168 14
80 170 68
80 227 26
80 229 37
80 240 76
80 247 85
80 280 15
80 285 33
80 291 32
81 85 73
81 157 79
81 178 60
81 198 36
81 245 97
81 263 50
81 285 64
81 299 56
82 89 80
82 146 76
82 171 55
82 182 35
82 211 20
82 227 67
82 263 93
82 279 97
83 85 27
83 116 44
83 157 93
83 175 13
83 180 60
83 193 2
83 198 27
83 200 27
83 201 79
83 202 63
83 221 55
83 243 64
83 266 29
83 271 39
83 275 47
83 291 1
83 293 17
84 149 7
84 217 89
84 226 65
84 271 8
84 296 4
85 87 20
85 88 87
85 90 79
85 107 27
85 112 73
85 163 98
85 164 45
85 165 18
85 173 47
85 192 72
85 237 61
85 262 91
85 265 84
86 129 73
86 148 44
86 213 62
86 223 99
87 94 23
87 96 76
87 97 5
87 99 38
87 100 4
87 110 43
87 113 36
87 138 57
87 163 60
87 205 42
87 257 45
87 266 24
88 128 1
88 130 48
88 149 96
88 179 40
88 203 78
88 219 74
88 223 64
88 227 28
88 251 18
88 260 81
88 269 74
88 272 89
88 278 94
88 293 16
89 92 73
89 173 66
89 238 60
89 241 86
89 296 16
89 297 34
90 98 62
90 101 21
90 115 23
90 130 65
90 177 63
90 191 58
90 207 73
90 220 22
90 224 52
90 234 17
90 247 98
90 251 52
91 96 16
91 109 45
91 172 91
91 180 94
91 182 18
91 223 55
91 230 21
91 252 35
91 279 35
91 281 46
91 290 76
92 122 28
92 125 61
92 133 100
92 135 45
92 155 72
92 187 85
92 202 61
92 204 5
92 215 98
92 219 81
92 260 27
92 261 63
92 269 95
92 274 37
92 297 35
93 122 17
93 124 88
93 128 4
93 130 66
93 169 39
93 181 19
93 194 10
93 198 30
93 200 12
93 204 79
93 252 36
93 264 84
93 278 65
93 297 70
94 98 29
94 103 92
94 106 50
94 116 42
94 152 91
94 158 94
94 169 13
94 174 28
94 179 6
94 243 70
94 272 25
94 282 86
94 287 96
94 297 39
95 106 81
95 116 32
95 132 26
95 179 49
95 184 71
95 188 29
95 204 66
95 215 10
95 224 99
95 243 27
95 252 91
95 265 63
95 268 5
96 111 26
96 145 46
96 202 21
96 272 47
96 277 75
96 293 13
97 101 96
97 150 16
97 152 55
97 180 42
97 186 80
97 203 34
97 255 47
97 269 49
98 149 59
98 167 85
98 173 97
98 176 49
98 197 17
98 205 80
98 242 74
98 259 17
98 262 51
98 264 54
98 271 82
98 277 60
98 287 53
99 104 8
99 149 50
99 165 67
99 197 64
99 225 27
99 226 12
99 229 36
99 231 73
99 235 38
99 246 48
99 248 69
99 266 5
100 106 55
100 109 62
100 145 85
100 149 88
100 151 60
100 161 33
100 180 98
100 201 44
100 247 81
100 253 47
100 255 60
100 269 61
100 272 72
100 274 28
100 282 63
101 148 78
101 201 9
101 202 22
101 210 30
101 227 68
101 260 23
101 276 96
101 279 83
101 290 49
101 295 59
102 110 19
102 132 21
102 177 97
102 185 18
102 187 41
102 190 1
102 293 72
103 106 54
103 119 85
103 160 60
103 165 14
103 172 70
103 194 9
103 208 9
103 234 50
103 264 55
103 270 69
103 280 62
103 291 27
103 292 96
104 106 24
104 123 4
104 144 57
104 161 97
104 189 85
104 228 24
105 108 19
105 128 32
105 144 59
105 157 19
105 193 42
105 205 77
105 211 92
105 269 38
106 111 94
106 154 84
106 156 39
106 162 18
106 171 38
106 185 75
106 187 29
106 190 51
106 194 96
106 245 37
106 253 59
107 147 46
107 198 92
107 202 79
107 205 59
107 234 70
107 243 27
107 246 83
107 249 25
107 251 35
107 259 79
108 114 61
108 116 10
108 130 50
108 180 44
108 182 68
108 188 20
108 196 85
108 211 96
108 234 11
108 274 75
109 115 90
109 125 47
109 162 65
109 221 59
109 251 84
109 255 39
109 280 87
110 132 86
110 134 35
110 139 23
110 153 96
110 189 32
110 191 66
110 241 27
110 248 90
110 261 87
111 117 5
111 118 24
111 125 63
111 130 39
111 136 55
111 174 75
111 189 100
111 216 56
111 221 18
111 230 68
111 242 75
111 243 55
111 245 63
111 270 38
112 128 29
112 137 4
112 162 84
112 178 93
112 185 62
112 192 19
112 256 83
112 264 100
113 129 56
113 134 69
113 160 75
113 170 3
113 183 52
113 202 92
113 276 29
113 282 94
113 294 79
114 122 85
114 129 69
114 130 93
114 132 23
114 133 23
114 168 68
114 268 75
114 269 78
114 272 37
114 288 42
114 290 5
114 297 91
115 127 56
115 155 94
115 214 71
115 230 12
115 240 77
115 270 15
115 277 73
115 283 47
115 289 50
116 153 25
116 175 54
116 186 18
116 190 99
116 224 56
116 232 22
116 267 90
116 276 37
117 146 67
117 169 20
117 177 21
117 181 35
117 213 65
117 222 96
117 240 58
117 242 32
117 257 70
117 286 87
118 128 68
118 138 11
118 185 43
118 188 11
118 202 18
118 207 36
118 226 33
118 259 29
118 292 64
118 293 48
119 125 54
119 154 10
119 165 97
119 168 78
119 181 15
119 195 66
119 240 76
119 247 71
119 249 39
119 275 17
119 293 7
120 123 5
120 129 89
120 146 27
120 149 40
120 165 53
120 169 74
120 180 49
120 217 84
120 221 43
120 226 87
120 244 3
120 264 5
120 277 30
120 283 65
120 284 23
120 294 65
121 148 98
121 149 3
121 210 29
121 224 97
121 229 56
121 243 90
121 278 45
122 130 33
122 161 5
122 172 62
122 192 60
122 195 75
122 229 1
122 232 29
122 239 33
122 248 57
122 271 17
122 295 11
123 125 96
123 152 69
123 197 85
123 207 96
123 214 4
123 236 27
123 249 83
123 273 58
123 275 84
123 283 12
123 287 75
124 151 6
124 155 76
124 204 72
124 217 8
124 261 56
124 268 20
124 279 64
125 141 46
125 142 64
125 202 48
125 208 50
125 215 77
125 225 60
125 234 76
125 235 29
125 266 88
125 268 60
125 286 86
125 294 56
126 221 70
126 230 33
126 294 24
127 159 6
127 171 29
127 203 79
127 205 85
127 283 63
127 290 36
128 130 68
128 161 74
128 162 10
128 163 73
128 221 1
128 222 33
128 273 32
128 281 9
128 286 4
128 298 47
129 155 54
129 231 19
129 238 47
129 259 55
129 268 96
130 162 6
130 228 82
130 231 24
130 283 93
130 286 41
131 143 9
131 166 100
131 177 62
131 179 42
131 189 23
131 203 68
131 229 22
131 272 53
131 286 52
131 294 84
132 141 40
132 147 71
132 159 9
132 184 2
132 191 43
132 197 61
132 211 34
132 261 26
132 275 69
132 281 90
132 290 25
132 296 22
133 161 8
133 217 71
133 237 28
133 261 55
133 299 76
134 150 9
134 152 79
134 167 20
134 168 1
134 173 39
134 182 19
134 191 63
134 197 32
134 257 93
134 283 82
135 153 53
135 160 45
135 173 85
135 287 88
136 158 36
136 183 55
136 216 48
136 224 37
136 246 49
136 247 9
136 270 23
136 287 74
136 297 77
137 144 12
137 165 50
137 171 51
137 188 19
137 199 20
137 220 78
137 245 74
137 275 47
137 276 39
137 288 4
138 160 66
138 186 39
138 196 42
138 202 36
138 215 53
138 218 26
138 221 80
138 226 86
138 248 78
138 256 76
138 280 70
138 289 18
138 294 12
138 297 24
139 142 65
139 235 48
139 254 72
139 281 73
139 284 70
139 299 98
140 161 2
140 166 81
140 170 47
140 184 4
140 199 52
140 209 19
140 210 33
140 251 77
140 263 65
140 274 71
140 286 32
141 143 83
141 192 62
141 195 73
141 219 18
141 223 66
141 271 98
141 280 50
141 299 52
142 175 28
142 178 25
142 211 21
142 243 97
142 283 36
142 291 97
143 171 13
143 179 84
143 190 20
143 220 86
143 224 53
144 145 69
144 151 39
144 197 86
144 205 16
144 206 42
144 218 37
144 246 86
144 247 74
144 278 65
144 286 50
144 288 97
144 290 96
144 295 32
145 146 58
145 149 20
145 173 2
145 203 75
145 224 70
145 232 51
145 270 26
145 275 49
145 287 75
145 296 99
146 156 45
146 199 11
146 212 95
146 227 57
146 249 94
146 292 14
147 152 94
147 157 98
147 183 35
147 198 84
147 200 83
147 220 2
147 222 25
147 247 71
147 273 87
147 281 99
147 299 87
148 181 36
148 199 47
148 237 82
148 247 20
148 286 56
148 288 54
149 163 21
149 164 30
149 196 23
149 222 23
149 229 8
149 233 71
149 260 97
149 267 6
149 277 67
150 171 59
150 198 52
150 233 75
150 263 4
150 293 17
150 294 21
150 298 2
151 170 51
151 183 4
151 218 36
151 236 52
151 254 29
151 257 59
151 265 38
151 278 79
152 172 45
152 183 26
152 197 25
152 215 79
152 223 45
152 243 80
152 253 84
152 271 17
152 282 61
152 283 6
153 196 39
153 220 68
153 233 28
153 243 87
153 250 73
154 175 46
154 205 46
154 218 76
154 233 20
154 240 1
154 264 93
155 197 40
155 218 2
155 219 43
155 225 44
155 230 90
155 232 95
155 250 24
155 258 48
155 267 84
156 166 54
156 168 44
156 188 9
156 210 78
156 216 74
156 232 5
156 266 9
156 270 57
156 272 21
156 277 21
156 283 62
156 289 11
157 168 89
157 195 41
157 230 98
157 242 13
157 259 86
157 294 95
157 298 89
158 187 58
158 238 95
158 271 81
159 210 97
159 259 49
160 169 75
160 172 92
160 209 38
160 237 21
160 268 67
160 271 37
160 286 5
161 163 20
161 219 80
161 233 13
161 247 49
161 276 6
162 163 70
162 164 9
162 176 62
162 193 90
162 206 30
162 241 76
162 267 1
162 285 18
163 169 16
163 181 98
163 228 82
163 242 54
163 274 44
163 283 22
164 169 11
164 170 38
164 171 2
164 187 59
164 200 86
164 232 29
164 239 3
164 285 75
165 182 49
165 185 69
165 186 11
165 208 53
165 216 89
165 226 43
165 293 18
166 193 37
166 220 48
166 234 87
166 251 46
166 274 9
167 180 28
167 198 27
167 210 84
167 222 28
167 238 44
167 256 52
167 277 77
167 292 77
168 217 5
168 221 20
168 227 99
168 232 67
168 259 58
168 260 52
168 261 25
168 292 95
168 293 80
168 299 27
169 190 70
169 231 29
169 239 48
169 245 80
169 287 33
170 188 36
170 198 74
170 209 50
170 210 24
170 229 21
170 232 88
170 268 21
170 269 82
170 285 16
171 176 47
171 197 65
171 203 43
171 224 42
171 251 68
172 183 72
172 184 19
172 193 72
172 217 91
172 218 69
172 226 38
172 240 100
172 245 20
172 247 15
172 291 47
173 198 100
173 229 93
173 241 16
173 248 80
173 255 40
173 260 47
173 267 12
174 193 27
174 199 73
174 239 14
174 285 51
174 296 93
175 184 53
175 192 23
175 193 74
175 195 68
175 252 70
175 286 91
175 295 63
176 196 63
176 205 58
176 216 34
176 243 81
176 255 82
176 265 76
176 267 1
176 270 71
176 297 28
177 187 21
177 214 85
177 226 74
177 234 72
177 283 30
178 214 41
178 245 3
178 250 69
178 270 39
178 298 66
179 238 48
179 256 11
179 267 79
180 191 50
180 211 4
180 237 32
181 185 72
181 210 29
181 252 51
181 261 93
181 275 71
182 183 13
182 199 56
182 221 81
182 225 98
182 248 88
182 289 62
182 295 26
182 299 89
183 185 32
183 198 5
183 206 9
183 257 69
183 282 78
184 225 32
184 283 98
185 194 70
185 216 34
185 246 18
185 255 8
186 206 99
186 229 65
186 240 19
186 259 30
186 260 14
186 261 74
186 285 13
186 298 86
187 216 54
187 260 15
187 276 78
187 286 25
187 291 80
188 192 85
188 213 5
188 220 29
188 235 73
188 253 18
188 261 54
188 263 61
188 291 1
189 197 58
189 200 21
189 219 69
189 236 87
189 264 4
189 282 18
189 297 56
190 238 37
190 243 36
190 247 16
190 259 87
190 260 100
190 284 86
191 232 68
191 249 66
191 258 59
191 265 32
191 270 51
192 204 64
192 266 47
192 288 80
192 289 40
193 196 26
193 231 65
193 240 96
193 262 54
193 282 89
193 283 13
194 219 60
194 226 1
194 229 66
194 240 69
194 249 21
194 251 34
194 265 56
194 292 24
195 201 52
195 211 63
195 216 12
195 238 39
195 260 78
195 277 50
196 202 90
196 209 63
196 238 70
196 278 55
196 291 73
197 210 1
197 224 5
197 259 89
197 261 99
197 272 37
197 274 28
197 281 76
197 297 53
198 246 76
198 278 82
198 284 93
199 218 88
199 292 41
199 296 93
200 217 53
200 218 9
200 224 13
200 227 39
200 263 16
201 223 88
201 229 42
201 243 79
201 294 99
202 203 80
202 206 8
202 233 100
202 259 69
202 282 23
202 294 69
202 296 76
203 234 47
203 240 70
203 270 32
203 277 35
204 213 68
205 208 68
205 223 63
205 225 44
205 229 72
205 276 90
205 279 25
206 212 64
206 228 77
206 229 17
206 237 56
206 255 82
206 260 77
206 278 20
206 282 72
207 226 45
207 236 7
207 240 65
207 245 75
207 260 57
207 281 44
208 222 82
208 225 57
208 239 64
208 241 56
208 249 25
208 263 91
208 269 3
209 229 46
209 247 23
209 264 37
209 266 66
209 296 42
210 239 51
210 261 61
210 267 14
211 218 40
211 231 37
211 232 77
211 247 69
211 269 53
211 285 85
212 213 2
212 256 81
212 293 4
213 224 73
213 228 25
213 238 11
213 248 37
213 254 99
213 270 19
213 275 32
214 215 33
214 269 75
214 287 47
214 289 88
215 240 52
215 243 38
215 249 90
215 252 97
216 237 12
216 239 27
216 240 14
216 255 53
217 248 77
217 290 74
218 250 66
218 259 69
218 264 62
218 277 95
219 229 37
219 240 14
219 248 31
219 276 38
219 291 47
220 248 34
220 249 62
220 251 71
220 261 96
220 274 50
221 225 22
221 239 15
221 268 81
221 275 54
221 286 41
221 295 79
221 299 93
222 233 92
222 238 68
222 284 83
223 229 41
223 234 79
223 242 61
223 252 54
223 254 32
223 276 37
223 291 80
224 264 49
224 265 5
225 231 41
225 253 43
225 254 93
225 271 7
225 289 73
226 232 30
226 243 53
226 251 59
226 256 43
227 273 75
228 235 54
228 251 92
229 232 48
229 244 20
229 265 24
230 239 53
230 267 13
230 270 55
231 239 46
231 263 4
231 266 22
231 273 28
231 277 96
231 295 53
232 276 88
232 280 2
232 284 84
233 262 76
233 273 81
234 247 32
234 253 33
234 256 73
234 262 27
234 278 25
234 282 31
234 290 99
234 292 7
235 249 35
235 261 9
236 256 1
236 268 10
237 270 15
237 272 93
237 299 9
238 252 34
238 279 68
238 285 62
238 291 46
239 246 22
239 264 7
239 276 2
240 244 44
240 247 34
240 259 97
241 263 96
242 258 73
242 268 50
242 270 31
242 279 48
242 281 82
243 251 14
243 252 32
243 259 55
243 269 40
243 285 9
243 297 37
243 298 91
244 255 15
244 260 72
245 260 99
245 276 67
245 280 33
246 252 13
246 270 59
246 288 41
247 272 99
247 278 27
247 298 2
248 262 44
248 286 100
249 253 8
249 277 97
249 283 43
249 291 93
250 277 46
250 299 90
251 272 17
252 256 95
252 257 72
252 260 17
252 272 29
252 278 86
252 287 48
252 295 83
253 280 25
254 278 56
255 269 19
255 289 15
256 261 22
256 266 42
256 279 66
256 285 89
257 259 74
257 274 78
257 297 99
258 261 15
258 278 76
259 260 77
259 267 16
259 274 72
261 262 77
262 264 76
262 287 20
263 293 71
263 299 20
264 272 65
264 298 61
265 289 89
266 273 12
266 298 84
267 281 5
269 281 40
269 293 69
270 287 4
271 289 74
272 288 94
273 284 12
273 297 44
274 279 60
274 280 33
274 294 86
275 286 25
277 281 73
277 289 59
278 280 55
283 289 24
283 294 73
286 298 82
287 290 52
289 298 41
290 291 5
291 295 28
294 295 68
294 297 25
300 319 28
300 332 16
300 346 41
300 347 13
300 353 44
300 368 3
300 380 40
300 421 8
300 453 35
300 488 17
300 504 18
300 515 2
300 539 2
300 567 26
300 587 7
300 592 19
301 321 3
301 334 21
301 367 12
301 371 17
301 372 3
301 403 25
301 415 10
301 450 5
301 452 18
301 467 22
301 485 48
301 527 45
301 535 23
301 571 32
302 330 45
302 333 50
302 378 47
302 386 37
302 395 15
302 403 41
302 417 40
302 461 6
302 469 50
302 482 24
302 486 22
302 488 19
302 494 27
302 538 23
302 564 44
302 572 33
302 580 44
302 599 48
303 306 5
303 308 5
303 322 15
303 347 8
303 364 32
303 377 26
303 418 14
303 427 49
303 445 49
303 513 13
303 527 44
303 541 21
303 558 44
303 572 40
303 584 23
304 306 42
304 333 27
304 357 37
304 362 34
304 369 16
304 372 42
304 379 36
304 390 41
304 393 14
304 406 4
304 418 17
304 437 38
304 459 50
304 463 49
304 475 31
304 499 47
304 515 5
304 545 38
304 555 13
305 306 14
305 315 19
305 327 40
305 377 27
305 410 19
305 435 40
305 437 39
305 480 14
305 498 11
305 530 34
305 541 4
305 569 35
306 335 26
306 388 32
306 407 23
306 418 11
306 426 47
306 443 16
306 457 46
306 505 37
306 514 31
306 527 50
306 571 5
306 588 19
307 316 49
307 369 5
307 377 1
307 392 45
307 405 9
307 412 38
307 424 10
307 429 23
307 456 8
307 473 49
307 533 1
307 554 29
307 557 39
307 599 42
308 312 42
308 346 1
308 357 25
308 416 47
308 421 35
308 488 2
308 489 28
308 508 9
308 551 13
308 559 26
308 568 24
308 592 8
309 347 14
309 351 5
309 406 7
309 408 18
309 463 23
309 464 7
309 481 22
309 502 25
309 504 4
309 524 33
309 528 13
309 559 13
309 567 7
309 577 22
309 583 11
309 589 7
310 314 50
310 329 1
310 336 48
310 370 42
310 375 1
310 394 25
310 414 40
310 417 37
310 489 28
310 510 18
310 511 45
310 516 40
310 519 45
310 530 21
310 536 50
310 586 9
310 592 25
311 317 6
311 384 26
311 431 49
311 450 15
311 455 50
311 457 23
311 465 18
311 467 32
311 485 35
311 491 30
311 529 38
311 551 9
311 567 42
311 580 46
312 372 8
312 394 43
312 411 46
312 418 49
312 429 45
312 432 22
312 449 41
312 456 32
312 460 49
312 525 8
312 552 28
313 329 39
313 384 2
313 389 48
313 395 38
313 410 12
313 471 24
313 474 45
313 487 40
313 491 22
313 496 11
313 509 39
313 511 45
313 513 28
313 534 22
313 553 31
313 565 7
313 567 11
313 578 39
313 590 49
314 315 6
314 459 49
314 489 43
314 491 3
314 500 49
314 502 37
314 528 24
314 531 39
314 540 20
314 546 23
314 590 46
315 345 50
315 371 13
315 373 50
315 376 49
315 419 2
315 447 13
315 453 23
315 460 48
315 509 2
315 532 46
315 536 9
315 550 42
315 561 40
315 565 36
316 339 15
316 356 23
316 360 45
316 365 25
316 367 13
316 388 43
316 396 33
316 415 11
316 432 37
316 496 35
316 541 10
316 573 25
317 326 9
317 356 50
317 429 45
317 438 31
317 466 48
317 482 46
317 492 43
317 527 47
317 541 44
317 542 46
317 552 9
317 568 18
318 322 43
318 336 13
318 356 14
318 360 1
318 368 4
318 373 5
318 378 37
318 399 21
318 413 29
318 507 31
318 510 45
318 517 42
318 523 25
318 533 27
318 581 4
318 598 11
319 322 14
319 324 15
319 331 37
319 378 22
319 379 15
319 383 31
319 384 4
319 395 12
319 429 26
319 441 48
319 455 10
319 473 22
319 483 43
319 518 20
319 520 39
319 553 35
320 340 32
320 347 4
320 363 36
320 365 38
320 391 9
320 397 24
320 419 8
320 433 37
320 439 6
320 445 4
320 479 30
320 506 30
320 537 33
320 547 34
320 570 42
321 368 46
321 377 50
321 408 28
321 412 19
321 440 16
321 458 11
321 466 24
321 479 27
321 481 38
321 486 21
321 491 38
321 509 9
321 557 15
322 338 8
322 375 50
322 379 1
322 414 41
322 438 5
322 449 38
322 551 30
322 587 13
323 339 11
323 355 39
323 420 2
323 433 16
323 502 43
323 514 33
323 530 47
323 533 27
323 565 18
323 582 38
323 595 22
324 363 18
324 373 18
324 384 42
324 472 33
324 483 30
324 490 15
324 495 12
324 506 17
324 509 37
324 511 49
324 527 28
324 533 1
324 554 8
324 571 29
324 576 3
325 364 49
325 398 33
325 475 41
325 510 28
325 511 48
325 517 3
325 558 19
325 568 1
326 372 19
326 395 11
326 399 33
326 401 17
326 407 37
326 412 1
326 452 7
326 467 10
326 471 18
326 491 24
326 534 3
326 542 2
326 546 3
326 570 17
327 335 13
327 355 21
327 374 5
327 388 14
327 418 48
327 463 5
327 500 21
327 506 26
327 517 9
327 531 19
327 566 11
327 589 49
328 350 49
328 414 8
328 421 2
328 471 17
328 478 8
328 506 22
328 521 29
328 552 42
328 579 38
328 583 17
329 334 42
329 338 46
329 347 26
329 353 11
329 362 19
329 369 30
329 382 13
329 440 23
329 446 46
329 462 27
329 497 44
329 534 50
329 548 40
329 557 43
329 563 6
329 571 11
329 588 21
329 591 14
330 337 31
330 352 31
330 406 15
330 415 31
330 443 40
330 452 18
330 462 47
330 498 49
330 516 39
330 521 25
330 553 40
330 560 28
330 580 41
330 586 32
331 357 24
331 370 18
331 384 44
331 390 44
331 412 47
331 532 6
331 539 19
331 566 44
331 567 35
331 575 14
331 590 45
332 344 26
332 365 6
332 417 50
332 421 36
332 444 28
332 456 16
332 458 19
332 499 10
332 502 30
332 506 49
332 511 49
332 527 47
332 534 48
332 536 47
332 588 37
332 589 22
333 356 39
333 361 16
333 366 15
333 426 20
333 434 39
333 445 34
333 462 13
333 485 35
333 534 33
333 555 21
333 560 3
333 588 28
334 335 7
334 342 16
334 352 23
334 358 32
334 410 23
334 413 24
334 422 20
334 423 1
334 439 39
334 452 38
334 467 12
334 498 20
334 501 38
334 526 11
334 563 18
335 343 35
335 437 9
335 438 6
335 454 9
335 485 47
335 508 22
335 540 25
335 559 18
336 362 12
336 366 8
336 398 33
336 406 46
336 590 42
336 593 5
337 378 50
337 428 20
337 492 11
337 503 17
337 505 42
337 512 42
337 547 40
337 551 17
337 553 11
337 559 42
337 562 8
338 380 50
338 382 3
338 385 29
338 441 38
338 597 15
339 354 47
339 355 22
339 385 24
339 458 4
339 488 32
339 520 22
339 526 25
339 527 6
339 587 40
339 589 39
340 439 14
340 451 24
340 458 34
340 491 7
340 505 28
340 509 36
340 517 26
340 530 38
340 580 2
340 590 19
341 352 31
341 371 41
341 388 38
341 409 42
341 424 34
341 456 45
341 464 41
341 481 39
341 495 23
341 509 30
341 512 3
341 520 21
341 555 2
341 564 28
342 356 25
342 361 35
342 362 50
342 385 1
342 396 41
342 403 41
342 415 39
342 454 6
342 473 16
342 483 25
342 529 12
342 546 43
342 549 10
342 550 40
342 562 32
342 592 11
343 372 10
343 431 12
343 438 4
343 449 47
343 454 5
343 457 39
343 472 41
343 531 46
343 534 27
343 537 16
343 538 25
343 546 30
343 569 36
343 572 28
344 368 7
344 377 12
344 456 15
344 479 8
344 492 15
344 512 5
344 538 50
344 565 3
344 573 10
344 594 15
345 370 29
345 383 23
345 399 7
345 406 38
345 417 12
345 424 38
345 447 1
345 451 22
345 474 2
345 486 4
345 491 18
345 497 6
345 509 42
345 514 11
345 542 3
345 566 21
345 595 28
346 364 30
346 456 50
346 480 13
346 494 9
346 495 8
346 533 27
346 554 23
346 555 16
346 560 41
346 589 27
346 590 15
346 593 45
347 382 36
347 393 32
347 426 24
347 473 11
347 499 38
347 516 13
347 524 22
347 525 28
347 539 13
347 562 45
347 569 29
348 363 18
348 370 15
348 385 36
348 388 10
348 391 25
348 403 39
348 412 30
348 436 2
348 455 18
348 458 31
348 481 16
348 489 26
348 549 40
348 554 44
348 558 49
348 562 5
348 564 34
348 583 27
348 592 22
349 371 31
349 395 13
349 405 3
349 440 4
349 453 23
349 472 42
349 480 16
349 503 46
349 514 21
349 533 29
349 537 41
349 546 49
349 555 48
349 573 5
350 370 37
350 373 9
350 383 31
350 389 25
350 395 40
350 415 34
350 439 44
350 468 20
350 482 49
350 526 19
351 372 10
351 419 43
351 444 19
351 465 16
351 479 28
351 491 46
351 498 39
351 532 8
351 553 10
351 576 43
351 583 13
352 354 34
352 362 35
352 403 29
352 428 29
352 438 5
352 484 9
352 510 21
352 517 6
352 528 6
352 534 27
352 550 44
352 558 15
352 565 7
352 582 18
352 588 4
352 591 40
353 359 13
353 401 26
353 423 41
353 434 31
353 442 37
353 449 33
353 457 2
353 460 2
353 463 12
353 491 47
353 503 43
353 507 22
353 559 8
353 577 35
353 594 34
354 406 41
354 412 21
354 422 14
354 429 21
354 439 28
354 440 22
354 441 44
354 463 33
354 491 30
354 562 20
354 584 26
355 356 46
355 359 27
355 361 45
355 382 1
355 385 18
355 393 7
355 460 28
355 493 8
355 497 39
355 514 14
355 557 42
355 578 42
355 585 18
355 595 4
356 374 38
356 377 10
356 379 25
356 391 47
356 396 46
356 409 8
356 420 39
356 445 17
356 503 22
356 509 10
356 517 44
356 541 45
356 549 5
356 584 28
356 585 26
356 587 24
356 592 3
357 365 21
357 368 2
357 380 49
357 398 22
357 414 20
357 419 7
357 424 1
357 433 27
357 440 45
357 476 15
357 509 19
357 542 37
357 567 32
357 570 22
358 360 26
358 365 43
358 382 48
358 387 25
358 409 38
358 427 7
358 455 13
358 462 4
358 489 28
358 491 24
358 492 49
358 496 25
358 526 28
358 532 26
358 565 50
358 574 2
358 577 30
358 588 23
359 385 5
359 389 28
359 447 46
359 483 24
359 513 34
359 523 46
359 564 1
359 579 31
359 582 10
360 372 21
360 408 19
360 442 43
360 473 44
360 497 46
360 506 35
360 517 41
360 524 20
360 532 23
360 566 47
360 582 33
360 585 28
360 595 27
361 387 6
361 392 29
361 430 3
361 474 36
361 478 4
361 479 2
361 480 39
361 484 34
361 486 24
361 513 43
361 524 13
361 544 19
361 582 17
361 591 49
362 374 15
362 377 19
362 390 31
362 402 26
362 416 41
362 474 49
362 492 19
362 501 34
362 517 44
362 523 5
362 527 26
362 563 16
363 379 29
363 381 22
363 412 48
363 447 7
363 470 50
363 488 5
363 542 35
363 544 2
363 557 40
363 558 40
363 562 6
363 577 30
364 428 23
364 453 29
364 523 23
364 524 38
364 551 50
364 557 41
364 559 36
364 591 16
364 595 11
364 597 16
365 366 43
365 370 1
365 373 16
365 452 11
365 549 36
366 396 11
366 426 16
366 461 11
366 463 26
366 479 44
366 481 32
366 488 25
366 489 2
366 546 34
366 578 32
367 382 38
367 464 37
367 469 23
367 485 28
367 510 42
367 526 3
367 527 2
367 542 23
367 559 25
367 577 41
367 585 24
367 586 17
367 592 26
367 596 39
368 369 27
368 409 43
368 435 31
368 466 29
368 502 10
368 534 44
368 540 14
368 553 23
368 590 11
369 447 24
369 460 48
369 539 4
369 558 7
369 571 25
369 586 8
369 595 42
369 599 6
370 385 47
370 407 29
370 416 30
370 418 24
370 423 20
370 428 32
370 444 28
370 449 44
370 472 8
370 489 18
370 510 17
370 514 24
370 523 46
370 524 7
370 537 2
370 539 40
370 545 40
370 548 32
370 561 2
370 563 33
370 577 45
370 593 24
371 390 43
371 393 20
371 424 23
371 432 48
371 437 29
371 453 47
371 486 7
371 488 22
371 493 4
371 496 4
371 501 50
371 530 34
371 534 29
371 543 22
371 558 17
371 562 8
371 567 15
371 594 25
371 597 28
372 419 34
372 427 50
372 461 23
372 483 40
372 534 4
372 558 14
372 573 29
372 588 35
372 593 15
372 596 13
373 400 32
373 433 40
373 441 7
373 465 3
373 473 13
373 506 5
373 513 31
373 555 11
373 581 13
374 379 3
374 383 15
374 436 16
374 450 4
374 459 50
374 484 47
374 508 25
374 581 18
375 380 4
375 415 42
375 416 42
375 444 31
375 487 25
375 491 44
375 510 5
375 527 16
375 539 47
375 564 21
375 570 47
375 583 33
375 585 35
376 384 9
376 407 14
376 430 25
376 432 16
376 434 17
376 455 39
376 472 22
376 494 49
376 509 49
376 551 34
376 564 3
376 565 13
377 397 2
377 399 7
377 422 14
377 437 48
377 479 33
377 495 32
377 586 1
377 588 26
378 384 25
378 401 34
378 425 2
378 440 20
378 451 38
378 454 18
378 461 16
378 481 8
378 496 16
378 512 1
378 541 45
378 547 24
378 559 14
378 563 21
378 586 41
378 597 32
379 393 9
379 404 12
379 413 33
379 476 7
379 524 48
379 581 35
379 583 22
380 381 49
380 432 43
380 433 37
380 437 46
380 467 26
380 500 18
380 508 48
380 555 3
380 582 45
381 383 31
381 385 5
381 390 14
381 400 21
381 411 24
381 429 32
381 445 30
381 468 39
381 478 32
381 490 26
381 508 14
381 522 47
381 524 46
381 564 5
381 565 31
381 592 6
382 419 18
382 441 13
382 447 13
382 453 15
382 457 47
382 472 36
382 482 13
382 494 40
382 497 22
382 508 10
382 514 17
382 516 42
382 519 8
382 522 19
382 529 38
382 536 38
382 542 25
382 546 1
382 547 10
382 576 48
383 393 34
383 453 40
383 497 36
383 498 15
383 520 15
383 526 50
383 527 14
383 550 13
383 556 6
383 586 44
384 421 18
384 441 23
384 456 6
384 469 32
384 471 38
384 523 4
384 528 19
384 537 50
384 550 45
384 556 43
384 557 10
384 577 11
384 586 34
385 390 19
385 472 32
385 492 21
385 515 8
385 538 6
385 549 23
385 569 18
385 577 6
385 590 7
386 465 9
386 470 41
386 485 23
386 488 25
386 498 42
386 514 36
386 567 39
387 406 47
387 407 31
387 453 9
387 490 20
387 525 38
387 529 40
388 417 9
388 461 42
388 464 11
388 473 10
388 483 36
388 494 3
388 558 21
388 578 49
389 417 38
389 436 39
389 462 32
389 492 8
389 578 47
389 580 39
390 405 32
390 423 16
390 436 44
390 447 38
390 454 26
390 462 37
390 465 13
390 503 50
390 568 28
390 584 50
391 401 39
391 415 25
391 420 31
391 464 47
391 468 46
391 485 18
391 591 38
391 593 4
392 414 11
392 431 48
392 488 15
392 491 49
392 522 2
392 550 36
392 576 49
392 598 39
393 407 24
393 424 30
393 504 48
393 543 22
393 583 18
393 594 30
394 420 37
394 433 14
394 448 19
394 465 12
394 473 50
394 475 31
394 495 14
394 501 27
394 581 31
394 587 4
395 417 3
395 438 11
395 449 2
395 467 50
395 492 30
395 515 39
395 531 3
395 571 43
396 419 39
396 457 18
396 474 41
396 484 42
396 486 5
396 494 41
396 506 31
396 512 28
396 532 20
397 400 28
397 427 2
397 434 39
397 457 9
397 476 40
397 490 2
397 494 28
397 495 2
397 497 1
397 498 8
397 506 17
397 526 30
397 542 38
397 549 20
397 564 32
397 575 50
398 399 21
398 412 32
398 457 32
398 466 11
398 505 36
398 507 24
398 510 1
399 462 5
399 486 16
399 487 43
399 521 9
399 557 6
399 558 23
399 562 39
399 563 27
400 481 2
400 502 40
400 503 15
400 518 11
400 522 29
400 529 19
400 546 38
400 548 32
400 552 19
400 566 45
400 572 48
401 404 48
401 467 35
401 500 19
401 517 32
401 538 34
401 539 41
401 581 13
401 584 15
401 592 4
401 593 50
401 595 40
401 599 4
402 531 5
402 556 5
402 561 46
402 567 13
402 572 12
402 589 20
403 405 3
403 412 38
403 427 24
403 435 42
403 473 5
403 477 34
403 521 23
403 522 23
403 545 23
403 548 4
403 553 43
403 557 19
403 578 4
404 405 43
404 444 3
404 463 24
404 482 24
404 491 39
404 509 15
404 522 38
404 535 3
404 556 18
404 563 37
404 568 45
404 585 21
404 586 41
405 421 49
405 472 19
405 485 6
405 490 13
405 524 40
405 527 8
405 534 50
405 554 13
406 412 2
406 416 6
406 471 48
406 486 24
406 487 30
406 517 20
406 537 27
406 542 23
406 596 39
407 437 32
407 448 17
407 460 43
407 462 6
407 475 40
407 482 31
407 535 20
407 538 29
407 539 36
407 584 39
407 587 15
407 592 30
408 505 9
408 512 8
408 520 30
408 523 29
408 541 15
408 577 42
408 582 19
408 584 22
409 419 44
409 432 33
409 451 23
409 525 49
409 531 31
409 550 46
409 566 31
409 569 2
409 576 25
409 577 3
410 465 42
410 526 6
410 533 21
410 537 35
410 545 11
410 571 12
410 574 15
410 576 32
410 593 40
411 423 2
411 430 20
411 433 6
411 449 31
411 457 31
411 468 15
411 476 11
411 504 11
411 544 29
411 597 4
412 434 31
412 435 1
412 436 49
412 444 14
412 486 25
412 496 50
412 504 46
412 512 23
412 518 30
412 537 47
413 425 49
413 481 34
413 501 39
413 518 4
413 528 4
413 573 25
413 587 17
413 594 15
414 420 39
414 423 48
414 453 4
414 463 43
414 526 20
414 532 11
414 547 23
414 556 50
414 577 26
414 579 35
414 587 12
415 421 4
415 447 41
415 448 43
415 472 6
415 494 39
415 544 6
415 583 33
416 424 38
416 430 1
416 442 5
416 446 19
416 458 49
416 478 3
416 494 2
416 532 39
416 537 8
416 550 5
416 555 13
417 418 26
417 419 21
417 424 4
417 434 26
417 443 24
417 453 46
417 460 45
417 480 37
417 500 20
417 510 46
417 518 12
417 527 7
417 533 7
418 421 17
418 443 47
418 444 49
418 538 23
418 563 37
418 585 6
418 589 7
419 453 25
419 461 8
419 464 11
419 466 45
419 471 7
419 472 15
419 494 47
419 498 45
419 519 24
419 521 3
419 529 8
419 538 50
419 555 24
419 568 13
419 593 25
420 453 49
420 492 8
420 505 19
420 514 35
420 522 27
420 523 16
420 550 48
420 569 33
420 571 22
420 593 15
421 423 29
421 425 23
421 430 39
421 448 18
421 467 28
421 484 45
421 498 44
421 511 38
421 514 7
421 516 38
421 517 46
421 523 21
421 544 34
421 550 40
421 557 44
421 594 39
422 428 49
422 458 43
422 462 12
422 465 11
422 479 19
422 498 10
422 512 20
422 516 37
422 542 47
422 592 47
423 424 2
423 445 44
423 465 31
423 473 26
423 485 10
423 494 12
423 529 50
423 531 48
423 539 29
423 552 29
423 567 42
423 580 22
424 425 16
424 435 48
424 460 9
424 515 11
424 521 20
424 577 45
424 585 3
425 427 16
425 464 33
425 515 3
425 596 8
426 427 46
426 434 16
426 449 29
426 478 7
426 483 35
426 505 15
426 527 3
426 531 33
426 587 19
426 589 49
427 442 14
427 494 46
427 520 8
427 577 27
428 431 45
428 438 6
428 451 5
428 471 23
428 472 49
428 477 28
428 504 39
428 505 47
428 506 38
428 510 1
428 532 18
428 560 32
428 578 3
429 439 33
429 453 16
429 462 8
429 465 43
429 477 11
429 483 23
429 492 21
429 523 18
429 526 9
429 528 37
429 542 20
429 544 42
429 548 5
429 551 20
429 559 7
430 438 50
430 439 28
430 459 33
430 465 46
430 492 35
430 509 39
430 513 19
430 542 33
430 544 18
430 563 9
430 571 31
430 573 5
430 574 9
431 432 1
431 444 37
431 448 14
431 465 33
431 484 2
431 511 21
431 512 25
431 529 15
431 540 43
431 549 47
431 568 32
431 577 1
432 436 34
432 437 3
432 449 44
432 457 38
432 471 23
432 493 2
432 537 40
432 570 2
432 580 36
433 443 35
433 485 38
433 499 26
433 531 5
433 540 22
434 446 43
434 447 13
434 453 5
434 494 48
434 500 24
434 521 5
434 555 36
434 570 37
435 438 37
435 458 39
435 462 9
435 475 14
435 493 3
435 502 3
435 525 10
435 572 34
435 574 5
435 577 43
435 598 39
436 476 49
436 510 33
436 515 11
436 526 50
436 527 24
436 544 14
436 548 38
436 567 8
437 443 1
437 491 13
437 555 15
437 581 22
438 449 6
438 519 29
438 531 26
438 558 3
438 572 2
438 581 30
438 593 38
439 449 40
439 467 19
439 478 28
439 497 48
439 523 32
439 535 31
439 566 50
440 477 43
440 488 16
440 504 5
440 506 38
440 513 4
440 517 5
440 529 20
440 540 16
440 561 6
440 577 43
440 595 29
441 471 43
441 498 2
441 507 29
441 514 6
441 536 18
441 570 1
441 584 13
442 471 47
442 485 26
442 520 15
442 525 48
442 534 8
442 540 4
442 565 40
442 573 26
443 448 31
443 468 39
443 488 9
443 492 13
443 493 39
443 509 3
443 535 29
443 536 45
443 542 40
443 559 32
443 580 1
443 586 11
444 459 48
444 485 8
444 527 5
444 537 26
444 542 1
444 553 9
444 592 7
445 459 8
445 469 26
445 491 7
445 492 20
445 513 22
445 527 34
445 549 36
445 554 22
445 567 43
445 572 41
445 592 11
445 595 20
445 596 23
445 598 1
446 458 30
446 522 38
446 527 41
446 557 33
447 454 16
447 467 35
447 486 24
447 552 47
447 563 37
447 565 37
447 589 46
448 449 45
448 559 41
449 454 24
449 464 47
449 490 1
449 504 30
449 520 6
449 530 27
449 532 38
449 535 27
449 559 50
449 581 23
450 452 14
450 484 23
450 485 16
450 488 6
450 502 35
450 561 35
450 567 28
450 579 36
450 589 15
451 459 15
451 466 26
451 475 49
451 518 32
451 524 13
451 535 22
451 552 31
451 569 49
452 454 8
452 506 26
452 537 45
452 540 1
452 545 49
452 552 43
452 572 1
453 487 30
453 508 48
453 522 29
453 525 17
453 550 24
453 570 31
454 469 40
454 493 37
454 501 3
454 513 7
454 546 44
454 571 38
454 577 43
454 591 22
455 499 23
455 503 9
455 505 38
455 506 50
455 512 7
455 519 20
455 555 12
455 578 31
455 597 2
456 495 13
456 503 40
456 572 27
456 578 7
457 458 42
457 463 28
457 468 50
457 481 43
457 492 7
457 494 47
457 507 23
457 515 24
457 567 23
457 580 3
457 587 15
458 465 11
458 466 8
458 470 23
458 476 5
458 494 47
458 503 15
459 478 28
459 495 21
459 499 26
459 505 17
459 527 20
459 535 34
459 544 38
460 461 32
460 473 14
460 484 39
460 491 44
460 498 6
460 521 16
460 546 50
460 565 47
461 472 43
461 474 1
461 477 41
461 484 1
461 513 50
461 570 14
462 466 26
462 472 22
462 484 18
462 513 42
462 572 34
463 481 27
463 499 14
463 505 38
463 525 23
463 535 31
463 543 17
463 549 43
463 554 8
464 497 34
464 498 13
464 538 41
464 557 21
464 579 46
465 476 7
465 484 10
465 491 39
465 520 12
465 524 27
465 558 40
465 567 10
466 489 21
466 517 41
466 566 1
467 477 21
467 491 42
467 492 16
467 496 49
467 515 13
467 583 35
467 589 40
467 596 48
468 475 12
468 483 6
468 494 36
468 520 34
468 594 36
469 533 4
469 537 29
469 547 43
469 565 37
470 488 41
470 498 35
470 511 10
470 571 38
470 589 41
470 598 19
471 472 26
471 477 4
471 525 47
471 534 17
471 565 14
472 476 17
472 518 9
472 546 14
472 548 39
472 556 50
472 575 31
472 598 37
473 487 14
473 504 15
473 509 29
473 513 12
473 514 28
473 518 34
473 537 49
473 544 14
473 550 19
473 594 2
474 483 42
474 485 13
474 501 41
474 511 34
474 538 47
474 544 50
474 572 21
474 585 38
475 482 20
475 484 48
475 511 41
475 537 16
475 545 14
475 553 6
475 555 32
475 587 23
475 593 19
476 486 22
476 497 24
476 511 1
476 513 9
476 522 38
476 538 16
476 563 37
476 564 1
477 485 45
477 524 22
477 532 49
477 585 8
477 591 40
478 482 2
478 504 49
478 528 4
478 545 42
479 485 32
479 489 2
479 531 43
479 534 4
479 553 39
479 569 12
479 589 1
480 508 32
480 510 27
480 558 17
480 578 39
480 580 10
480 585 41
480 598 8
481 484 32
481 498 14
481 521 10
481 527 42
482 495 3
482 521 27
482 544 30
482 556 3
482 586 22
482 587 1
483 542 3
483 546 29
483 568 42
484 517 7
484 519 28
484 528 47
484 552 50
484 576 11
484 589 48
485 489 43
485 534 17
485 535 39
485 537 4
485 538 17
485 550 20
485 553 31
485 554 35
485 555 8
485 585 40
485 597 25
486 511 17
486 514 23
486 575 39
487 506 29
487 513 14
487 545 41
487 557 5
487 558 45
487 559 46
487 563 26
487 579 45
487 596 50
488 497 5
488 514 38
488 534 6
488 543 34
488 558 34
488 563 6
488 577 46
488 585 32
489 505 48
489 510 12
489 511 20
489 566 3
489 582 31
489 590 41
489 596 33
490 532 15
490 550 50
490 566 25
490 585 42
491 535 19
491 548 47
491 593 30
491 597 47
492 500 13
492 525 22
492 534 1
492 566 9
493 495 19
493 501 29
493 506 6
493 545 19
493 551 33
493 564 43
493 580 24
494 503 18
494 513 29
494 538 31
494 541 15
494 554 10
494 588 30
495 514 27
495 561 31
495 579 33
495 598 9
496 505 23
496 536 17
496 549 25
496 560 24
496 595 41
496 596 16
497 533 42
497 544 40
497 556 47
497 572 40
497 596 4
498 508 19
498 518 43
498 525 12
498 535 37
498 549 21
499 506 17
499 511 7
499 514 5
499 521 12
500 509 33
500 512 24
500 527 40
500 557 13
500 596 38
501 513 1
501 528 45
501 530 16
501 546 33
501 557 27
501 561 26
501 575 5
501 598 45
502 520 1
502 549 28
502 560 36
502 582 18
502 589 22
503 518 27
503 534 17
503 561 11
503 597 30
504 547 37
505 515 5
505 529 41
505 553 23
505 568 25
505 579 10
505 595 32
506 521 31
506 524 21
506 530 14
506 538 4
506 542 10
507 546 26
507 550 44
507 565 12
507 569 22
507 571 9
509 537 44
509 569 48
510 526 35
510 550 48
510 565 45
510 573 37
511 513 27
511 531 30
511 540 6
511 555 48
511 584 8
511 594 22
511 598 11
512 515 37
512 539 8
512 545 15
512 547 29
512 555 33
512 570 42
512 584 40
513 537 14
513 541 24
513 552 10
513 554 27
513 565 30
513 576 21
513 592 4
514 522 23
514 530 32
514 531 26
514 558 33
514 572 25
515 535 25
515 543 19
515 574 24
515 593 19
516 519 7
516 539 1
516 568 50
516 573 13
516 574 50
516 594 7
518 537 36
518 542 12
518 565 45
518 575 46
518 588 29
518 598 26
520 547 30
520 549 20
520 564 15
521 538 45
521 549 45
521 557 25
521 563 23
521 586 24
522 549 47
522 558 28
522 577 46
522 578 29
522 584 3
522 586 31
522 598 5
523 545 30
523 560 49
523 563 31
523 587 50
524 527 6
524 539 33
524 557 2
525 535 20
525 550 32
525 559 10
525 563 7
525 575 46
525 588 5
525 594 4
525 598 24
526 529 30
526 542 33
526 554 45
526 558 46
526 560 29
526 569 39
526 574 20
526 583 1
527 552 13
527 553 19
527 568 29
527 589 10
528 556 49
528 568 33
528 579 40
528 585 3
529 556 14
530 555 39
531 532 35
531 533 14
531 545 46
531 549 17
531 580 17
531 598 15
532 535 1
532 546 26
533 579 21
534 548 46
534 553 30
534 568 25
535 536 19
535 543 11
535 574 9
535 585 13
536 558 7
536 576 38
537 540 1
537 582 28
537 585 38
538 547 13
538 569 46
538 574 18
539 549 25
539 588 46
539 589 1
540 561 14
540 564 49
540 571 14
541 547 4
541 560 35
541 568 29
542 562 49
542 595 2
543 547 45
543 555 13
543 582 2
543 590 23
543 596 36
544 555 47
547 550 4
547 554 12
547 557 17
547 583 15
548 562 22
548 570 29
548 589 23
548 596 9
551 556 29
551 576 50
551 592 49
552 591 44
552 597 48
553 577 18
553 579 20
554 580 43
554 584 18
554 596 33
555 570 43
556 568 34
556 598 37
557 580 28
558 562 14
558 590 37
559 562 31
559 564 9
559 573 2
559 583 32
559 593 33
560 566 37
560 593 30
562 586 36
562 587 50
563 576 46
563 579 50
563 583 21
563 590 26
564 581 24
564 599 30
565 572 4
565 574 26
566 580 30
568 586 49
568 593 23
569 593 47
570 591 20
571 586 17
571 596 17
574 597 3
575 579 12
575 594 50
578 579 41
580 599 41
581 582 15
583 593 29
584 587 21
585 598 25
585 599 30
588 591 4
589 596 7
593 594 18
594 596 35
600 299 78
601 599 16
600 601 94
602 641 2
602 701 5
602 703 12
602 741 15
602 750 17
602 766 5
602 863 17
602 865 2
602 871 3
603 614 5
603 622 16
603 659 8
603 668 25
603 701 23
603 733 12
603 736 1
603 749 17
603 755 20
603 761 12
603 786 20
603 787 7
603 863 4
603 875 18
603 876 9
603 880 5
604 667 20
604 683 4
604 701 1
604 735 23
604 741 5
604 747 3
604 761 25
604 804 11
604 812 14
604 853 16
604 869 2
604 873 20
604 895 9
605 609 3
605 615 22
605 624 13
605 665 21
605 669 6
605 683 14
605 686 18
605 741 20
605 751 16
605 784 11
605 785 14
605 786 5
605 824 6
605 844 20
605 858 8
605 866 25
606 607 5
606 610 14
606 635 22
606 639 10
606 652 15
606 670 19
606 678 14
606 694 19
606 697 20
606 726 1
606 732 8
606 768 12
606 772 3
606 780 2
606 847 21
606 874 7
606 882 24
606 895 10
607 638 2
607 675 6
607 696 24
607 723 22
607 743 25
607 767 16
607 772 9
607 773 13
607 802 22
607 809 16
607 831 8
607 855 7
607 870 16
607 880 12
607 898 20
608 656 14
608 682 22
608 693 11
608 717 7
608 728 12
608 757 5
608 796 4
608 819 13
608 826 12
608 862 15
609 617 17
609 638 15
609 670 10
609 677 25
609 681 15
609 685 22
609 686 4
609 715 21
609 745 20
609 760 2
609 842 20
609 883 12
610 612 10
610 628 8
610 632 9
610 633 1
610 649 17
610 697 15
610 723 18
610 759 5
610 761 11
610 768 6
610 781 3
610 787 22
610 819 14
610 831 15
610 848 3
610 873 17
610 886 4
610 900 16
611 615 9
611 655 22
611 694 5
611 708 20
611 728 23
611 749 22
611 757 16
611 801 1
611 817 17
611 837 12
611 839 4
611 896 11
612 650 24
612 652 14
612 657 20
612 683 7
612 694 16
612 697 13
612 699 23
612 704 10
612 726 18
612 730 8
612 745 15
612 787 20
612 792 6
612 800 5
612 814 11
612 826 8
612 845 24
612 847 16
612 851 23
612 852 7
612 854 12
612 892 5
613 627 1
613 643 10
613 672 1
613 705 17
613 722 12
613 729 19
613 765 3
613 766 16
613 776 6
613 785 3
613 820 4
613 857 1
613 859 11
613 864 21
613 869 13
614 616 8
614 630 5
614 634 7
614 641 18
614 648 21
614 672 2
614 697 23
614 709 2
614 735 14
614 743 8
614 751 25
614 756 5
614 790 7
614 792 8
614 793 16
614 827 11
614 849 11
614 854 2
614 857 13
614 877 4
614 882 14
615 637 6
615 663 8
615 667 4
615 674 12
615 693 11
615 694 9
615 700 14
615 722 21
615 784 4
615 816 3
615 888 6
616 617 10
616 646 10
616 667 23
616 678 7
616 720 13
616 743 22
616 750 8
616 771 1
616 793 4
616 811 10
616 824 7
616 872 11
616 899 17
617 666 23
617 667 23
617 676 2
617 678 1
617 688 13
617 733 5
617 746 14
617 749 18
617 753 15
617 767 17
617 785 6
617 793 25
617 814 2
617 833 21
617 841 22
617 844 7
617 845 1
617 856 2
617 869 16
617 894 12
618 621 1
618 624 24
618 692 24
618 700 23
618 755 7
618 758 1
618 782 1
618 800 16
618 839 8
618 886 13
618 895 9
619 633 7
619 659 11
619 678 11
619 739 7
619 766 23
619 817 17
619 839 21
619 842 17
619 862 6
619 864 14
619 873 25
620 629 7
620 657 18
620 680 22
620 696 4
620 703 24
620 721 22
620 727 5
620 748 17
620 750 8
620 764 6
620 768 15
620 777 8
620 821 5
620 844 21
620 863 11
620 869 5
620 879 13
621 636 20
621 786 20
621 789 22
621 794 1
621 796 5
621 819 9
621 839 9
621 840 4
621 853 2
621 871 6
621 886 22
621 896 8
622 642 20
622 718 21
622 732 16
622 749 12
622 753 18
622 771 19
622 780 12
622 783 16
622 806 24
622 810 3
622 814 1
622 828 6
622 835 20
622 873 8
622 875 10
622 897 17
623 624 20
623 637 16
623 710 5
623 718 14
623 764 10
623 780 1
623 812 14
623 845 16
623 863 11
624 630 25
624 656 19
624 666 12
624 673 5
624 684 16
624 695 19
624 758 24
624 770 13
624 771 10
624 812 12
624 840 7
624 843 5
624 867 1
624 889 23
625 627 5
625 630 5
625 639 25
625 653 10
625 654 24
625 665 9
625 736 21
625 747 16
625 751 4
625 806 14
625 822 20
625 826 17
625 836 25
625 841 22
625 844 8
625 865 16
625 871 7
625 879 7
625 900 11
626 649 18
626 655 11
626 667 3
626 674 14
626 697 12
626 711 16
626 716 25
626 722 25
626 724 24
626 740 4
626 749 2
626 753 23
626 775 11
626 800 7
626 827 22
626 855 22
627 644 5
627 662 6
627 718 18
627 724 20
627 731 9
627 759 8
627 765 16
627 771 2
627 801 7
627 817 14
627 818 11
627 835 24
627 844 22
627 846 17
627 865 12
627 866 15
627 878 5
627 900 14
628 634 5
628 640 18
628 646 6
628 660 6
628 670 19
628 680 7
628 694 11
628 701 21
628 711 4
628 713 21
628 732 2
628 740 1
628 744 18
628 776 6
628 788 8
628 807 12
628 872 3
628 884 18
629 637 19
629 658 20
629 672 19
629 682 2
629 693 9
629 702 5
629 710 3
629 717 5
629 744 23
629 745 14
629 806 21
629 850 4
629 892 4
629 897 2
630 634 23
630 635 12
630 674 7
630 710 17
630 720 18
630 724 18
630 736 12
630 741 21
630 771 13
630 791 13
630 796 23
630 803 7
630 868 20
630 889 5
630 891 18
630 898 24
631 653 22
631 657 13
631 672 19
631 677 18
631 681 17
631 690 4
631 713 24
631 724 19
631 781 10
631 785 21
631 807 9
631 813 6
631 834 2
631 892 12
631 895 9
631 898 24
632 633 23
632 642 16
632 668 15
632 711 17
632 728 10
632 752 3
632 827 13
632 832 24
632 865 15
632 873 12
633 660 6
633 665 12
633 699 17
633 751 25
633 806 12
633 869 15
633 876 13
633 880 7
633 888 9
634 732 6
634 734 10
634 815 7
634 833 24
634 847 22
635 677 3
635 681 9
635 765 2
635 768 6
635 814 22
635 822 10
635 839 4
635 857 22
635 864 2
636 675 21
636 676 13
636 682 11
636 728 23
636 739 2
636 813 10
636 824 15
636 834 14
636 848 17
636 886 1
637 691 7
637 697 16
637 736 12
637 742 21
637 760 5
637 777 21
637 778 5
637 796 10
637 803 5
637 816 13
637 829 10
637 883 1
638 758 17
638 765 20
638 778 4
638 782 22
638 784 17
638 824 16
638 833 3
638 858 13
638 868 19
638 886 23
639 656 25
639 658 5
639 662 20
639 688 4
639 740 16
639 778 9
639 792 17
639 884 9
640 641 11
640 658 23
640 662 24
640 665 25
640 675 20
640 703 6
640 733 20
640 761 1
640 769 17
640 794 1
640 797 14
640 800 2
640 804 4
640 805 5
640 816 21
640 835 7
641 696 2
641 706 14
641 724 24
641 734 4
641 741 1
641 754 18
641 789 3
641 799 3
641 811 24
641 815 22
641 817 6
641 830 16
641 833 8
641 845 24
641 874 24
641 888 18
641 891 23
641 897 24
642 655 17
642 657 17
642 663 4
642 680 13
642 687 20
642 721 21
642 745 14
642 787 8
642 842 24
642 863 17
642 879 14
643 660 21
643 700 25
643 709 17
643 721 10
643 728 1
643 741 22
643 786 12
643 794 20
643 806 24
643 822 16
643 854 20
643 859 23
643 878 23
643 882 10
643 890 5
643 895 21
644 648 10
644 668 22
644 725 18
644 748 8
644 770 16
644 774 12
644 781 14
644 866 3
645 646 6
645 647 11
645 657 18
645 667 15
645 679 9
645 690 9
645 707 5
645 722 4
645 731 11
645 755 22
645 757 15
645 762 11
645 823 20
645 829 4
645 850 5
645 862 19
646 691 19
646 779 24
646 848 18
646 858 17
647 661 10
647 692 22
647 723 14
647 743 19
647 822 20
647 850 7
647 856 3
647 861 12
647 864 20
647 879 16
647 880 17
648 676 2
648 706 1
648 770 9
648 802 16
648 816 11
648 856 20
648 868 20
649 687 17
649 701 5
649 735 18
649 828 8
649 830 17
649 831 13
649 836 11
649 839 21
649 843 8
649 865 5
649 879 21
650 719 25
650 729 21
650 734 5
650 760 23
650 812 11
650 814 25
650 860 17
650 862 17
650 891 2
651 667 4
651 670 13
651 693 20
651 717 22
651 721 14
651 747 22
651 773 5
651 849 6
651 874 8
651 884 24
652 658 3
652 659 1
652 665 5
652 670 20
652 689 8
652 715 21
652 718 9
652 727 19
652 741 18
652 746 16
652 759 25
652 768 15
652 788 17
652 799 20
652 838 21
652 867 14
652 872 7
652 886 20
652 896 8
653 681 24
653 687 24
653 720 13
653 727 13
653 740 20
653 755 9
653 763 2
653 850 16
653 852 13
653 853 7
653 887 25
653 894 14
654 676 9
654 678 2
654 694 20
654 724 6
654 759 10
654 769 16
654 805 14
654 808 5
654 829 10
654 846 7
654 860 4
654 880 25
654 882 25
654 895 25
655 689 20
655 698 14
655 706 6
655 712 17
655 744 21
655 748 6
655 798 15
655 828 10
655 842 19
655 873 11
655 875 18
655 889 20
656 662 1
656 713 7
656 746 3
656 765 3
656 770 22
656 858 14
656 884 4
657 668 17
657 684 21
657 687 13
657 741 9
657 774 11
657 777 17
657 816 18
657 837 17
657 851 22
657 852 19
657 859 19
657 861 21
657 873 16
657 882 7
657 883 2
657 899 7
658 748 4
658 754 7
658 756 23
658 765 13
658 779 2
658 782 8
658 787 7
658 807 23
658 810 8
658 851 13
658 892 1
658 901 12
659 663 10
659 675 16
659 676 16
659 679 3
659 686 11
659 706 5
659 707 11
659 737 21
659 739 24
659 758 5
659 774 15
659 791 20
659 854 24
659 861 10
659 882 16
659 899 14
660 670 16
660 676 19
660 735 20
660 737 21
660 738 25
660 764 19
660 770 10
660 861 2
660 870 1
660 897 16
660 899 1
661 669 10
661 709 3
661 717 1
661 724 22
661 762 14
661 767 18
661 790 14
661 818 16
661 822 5
661 826 18
661 872 1
661 892 3
662 689 16
662 717 8
662 730 17
662 794 11
662 832 6
662 842 1
662 880 3
662 894 21
662 900 18
663 674 21
663 677 17
663 696 15
663 742 22
663 836 10
663 846 24
663 865 25
663 897 12
664 675 14
664 724 1
664 726 21
664 743 18
664 747 3
664 750 19
664 787 9
664 813 21
664 814 7
664 865 24
664 868 25
664 880 2
664 887 2
664 888 2
665 675 17
665 678 9
665 694 20
665 707 4
665 724 16
665 727 22
665 733 6
665 736 11
665 743 16
665 749 1
665 750 2
665 752 7
665 763 25
665 873 13
666 670 5
666 690 24
666 745 24
666 750 20
666 751 24
666 819 21
666 824 15
666 837 2
666 874 17
666 877 23
666 886 24
667 695 23
667 697 23
667 714 25
667 727 1
667 729 24
667 743 4
667 772 20
667 775 7
667 796 23
667 825 23
667 828 24
667 836 22
667 873 6
667 886 9
667 897 14
668 669 8
668 674 12
668 737 21
668 740 7
668 806 24
668 814 2
668 853 6
668 855 24
668 862 22
668 886 4
668 891 20
668 901 13
669 693 7
669 697 11
669 739 10
669 740 5
669 751 10
669 798 7
669 857 5
669 888 11
669 892 8
669 893 8
670 718 5
670 759 14
670 768 7
670 769 4
670 800 15
670 815 5
670 853 9
670 859 23
670 868 19
670 869 17
670 881 12
670 893 16
671 674 23
671 706 10
671 720 17
671 732 5
671 746 9
671 755 15
671 758 11
671 796 5
671 821 2
671 823 17
671 842 15
671 851 11
671 862 22
671 865 1
671 868 20
671 887 3
672 682 11
672 705 2
672 725 12
672 742 17
672 761 17
672 773 18
672 777 21
672 786 6
672 790 25
672 801 6
672 847 6
672 852 20
672 855 24
672 859 17
672 861 10
672 873 24
672 885 3
672 898 3
673 727 3
673 746 11
673 760 18
673 787 13
673 791 17
673 824 19
673 828 7
673 849 6
673 867 7
673 879 5
674 676 7
674 689 3
674 693 7
674 694 19
674 720 6
674 734 20
674 751 13
674 760 22
674 769 12
674 775 10
674 807 5
674 808 13
674 810 15
674 832 10
674 886 7
674 890 14
675 678 3
675 709 16
675 745 14
675 746 5
675 747 21
675 803 16
675 829 18
675 833 13
675 862 6
675 863 9
675 868 8
675 881 12
675 901 17
676 691 16
676 702 16
676 746 23
676 811 18
676 812 24
676 844 18
676 898 23
677 678 18
677 685 7
677 718 22
677 723 6
677 745 16
677 751 1
677 780 19
677 816 8
677 854 12
677 861 2
677 865 23
677 871 14
677 884 20
678 690 11
678 751 20
678 810 15
678 813 1
678 847 12
678 871 2
678 895 8
679 688 21
679 730 11
679 734 21
679 786 12
679 816 2
679 850 13
679 853 11
679 861 19
680 706 13
680 790 5
680 800 19
680 809 5
680 825 12
680 836 17
680 839 13
680 841 2
680 844 17
680 876 8
681 688 9
681 698 5
681 707 11
681 715 6
681 767 20
681 772 5
681 783 18
681 785 14
681 802 19
681 805 21
681 864 3
681 867 22
681 881 3
682 695 23
682 697 8
682 728 24
682 802 11
682 846 9
682 848 13
682 884 21
682 886 4
683 704 1
683 729 2
683 734 24
683 737 7
683 738 13
683 753 15
683 777 19
683 792 17
683 801 8
683 819 3
683 832 2
683 855 12
684 695 14
684 700 10
684 733 8
684 760 20
684 779 2
684 800 24
684 807 14
684 858 22
684 860 1
685 688 10
685 698 2
685 730 23
685 732 19
685 818 2
685 819 10
685 839 4
685 843 14
685 845 7
685 864 8
685 883 14
685 899 8
686 693 6
686 715 21
686 722 23
686 729 23
686 743 16
686 744 14
686 807 5
686 829 21
686 863 17
686 870 17
687 695 11
687 711 1
687 730 1
687 736 5
687 742 5
687 753 24
687 768 18
687 795 3
687 821 24
687 829 5
687 830 4
687 833 23
687 848 23
687 877 5
687 901 7
688 738 2
688 739 19
688 752 13
688 763 11
688 796 9
688 848 23
688 853 18
688 855 4
688 872 20
688 886 15
688 889 22
689 695 10
689 706 20
689 713 17
689 721 1
689 724 13
689 728 2
689 770 4
689 836 13
689 851 6
689 854 8
689 857 14
689 871 1
689 875 10
689 889 12
690 709 5
690 717 16
690 745 12
690 752 4
690 769 20
690 779 20
690 789 7
690 790 15
690 795 10
690 798 17
690 832 24
690 865 7
691 693 12
691 696 4
691 714 1
691 716 1
691 732 25
691 750 10
691 784 20
691 789 16
691 825 12
691 851 9
691 886 19
691 890 17
692 693 24
692 714 25
692 720 24
692 724 12
692 737 2
692 772 11
692 795 25
692 812 6
692 821 3
692 832 13
692 835 11
692 838 22
692 844 8
692 899 18
693 707 14
693 710 17
693 717 11
693 720 12
693 754 23
693 757 22
693 758 15
693 772 25
693 792 23
693 852 15
693 855 11
693 873 19
693 886 7
693 889 24
694 704 5
694 708 3
694 718 16
694 726 3
694 764 4
694 772 16
694 774 16
694 805 5
694 811 1
694 813 15
694 819 12
694 833 3
694 887 5
694 897 22
695 720 2
695 723 12
695 762 14
695 767 15
695 789 5
695 843 25
695 868 3
695 882 2
695 886 23
696 713 19
696 718 3
696 734 20
696 772 8
696 776 15
696 784 16
696 791 17
696 874 13
697 723 20
697 729 21
697 742 3
697 812 22
697 822 24
697 836 19
697 870 14
697 875 3
697 881 21
697 885 5
698 700 14
698 726 1
698 731 9
698 759 12
698 787 4
698 789 20
698 830 1
698 838 20
698 890 24
699 725 2
699 737 22
699 786 2
699 834 24
699 839 15
700 712 6
700 727 21
700 728 25
700 786 20
700 889 11
700 897 18
701 735 8
701 746 7
701 757 13
701 775 12
701 812 5
701 824 11
701 897 5
701 899 18
701 900 15
702 703 3
702 718 22
702 719 5
702 724 3
702 799 6
702 842 16
702 853 6
702 858 2
702 859 16
703 714 25
703 718 3
703 725 19
703 727 23
703 728 6
703 732 20
703 757 12
703 769 14
703 777 15
703 824 13
703 898 8
704 718 2
704 740 5
704 784 17
704 827 8
704 844 17
704 847 4
704 848 12
704 864 4
704 870 10
704 872 6
704 873 18
704 886 12
705 723 2
705 730 22
705 749 14
705 773 9
705 779 13
705 782 21
705 790 13
705 797 5
705 801 22
705 816 17
705 819 1
705 820 19
705 836 24
705 837 20
705 841 6
705 890 12
706 707 9
706 708 18
706 727 22
706 747 12
706 759 23
706 760 13
706 773 19
706 786 16
706 800 18
706 801 7
706 814 20
706 835 3
706 857 12
706 886 14
707 775 14
707 779 15
707 800 13
707 804 5
707 806 1
707 814 25
707 825 2
707 843 15
707 868 6
707 897 24
707 898 6
708 718 6
708 734 17
708 747 6
708 792 25
708 803 24
708 825 18
708 851 10
708 860 17
708 880 14
708 895 21
709 727 16
709 755 1
709 780 16
709 787 8
709 805 19
709 888 24
709 889 4
710 724 23
710 739 12
710 747 18
710 826 13
710 839 2
710 880 5
711 714 19
711 726 4
711 731 6
711 777 21
711 790 18
711 791 13
711 803 21
711 814 25
711 864 19
711 882 12
711 896 5
712 734 20
712 799 11
712 802 22
712 807 7
712 814 4
712 825 12
712 861 4
712 899 19
713 724 15
713 746 22
713 768 3
713 771 10
713 793 20
713 810 7
713 813 7
713 862 7
713 893 1
714 718 19
714 735 10
714 751 7
714 781 15
714 798 13
714 802 12
714 804 10
714 834 7
714 842 1
715 736 5
715 754 6
715 776 21
715 787 18
715 792 10
715 825 16
715 844 3
715 852 9
715 861 24
715 863 8
715 873 20
715 886 2
716 728 3
716 739 9
716 782 25
716 841 6
716 865 18
716 873 20
717 724 12
717 727 1
717 731 3
717 755 12
717 771 20
717 779 14
717 796 18
717 815 9
717 828 3
717 858 6
717 879 20
717 889 9
717 899 6
718 759 1
718 783 14
718 787 4
718 796 18
718 824 25
718 861 19
718 862 23
719 722 8
719 725 19
719 776 5
719 802 5
719 804 22
719 830 8
719 839 13
719 887 22
720 734 15
720 738 8
720 800 18
720 815 3
720 816 8
720 821 22
720 841 16
720 847 4
720 856 10
720 863 10
720 877 12
720 892 14
721 756 15
721 765 8
721 814 22
721 836 22
721 842 8
721 854 12
721 877 25
721 886 3
721 891 13
721 898 20
722 734 25
722 739 21
722 742 15
722 752 6
722 788 25
722 810 12
722 812 15
722 818 14
722 825 8
722 833 4
722 841 21
723 730 2
723 747 6
723 749 6
723 760 23
723 825 21
723 857 9
723 860 9
723 878 5
723 889 23
723 891 22
724 735 21
724 743 5
724 748 20
724 754 20
724 768 15
724 820 8
724 837 21
724 849 17
724 865 20
724 876 18
724 879 18
724 888 17
724 900 7
725 745 23
725 793 18
725 846 20
725 866 13
725 882 7
726 755 4
726 762 18
726 788 4
726 791 5
726 798 1
726 831 9
726 834 4
726 846 23
726 870 20
726 873 14
726 879 3
726 884 17
727 786 12
727 824 25
727 843 23
727 861 6
727 866 21
727 871 12
727 872 15
727 879 19
727 890 5
728 757 10
728 763 13
728 786 22
728 798 1
728 826 21
728 838 22
728 844 19
728 850 16
728 895 9
729 755 2
729 785 19
729 815 3
729 818 5
729 843 1
729 879 3
729 882 16
730 743 4
730 773 1
730 816 10
730 831 18
730 832 5
730 868 1
731 749 4
731 759 6
731 768 23
731 808 12
731 837 4
731 848 12
731 877 1
731 897 22
732 744 16
732 763 12
732 767 9
732 776 13
732 830 13
732 853 4
732 896 9
733 735 8
733 771 21
733 799 19
733 806 9
733 845 15
733 876 23
733 882 15
734 754 17
734 756 1
734 763 7
734 772 20
734 811 3
734 813 16
734 840 14
734 856 7
734 859 18
734 862 20
734 872 14
734 882 18
734 889 8
734 894 17
734 895 4
735 752 10
735 773 15
735 787 19
735 806 22
735 832 23
735 847 8
735 848 11
735 857 4
735 877 18
735 880 20
735 885 1
736 752 13
736 761 3
736 766 15
736 793 11
736 882 19
736 899 8
737 763 13
737 781 1
737 785 3
737 790 15
737 816 18
737 827 18
737 861 23
738 764 11
738 790 14
738 805 11
738 808 3
738 838 21
738 842 5
738 853 8
739 741 8
739 772 19
739 782 1
739 786 4
739 789 19
739 791 11
739 815 14
739 833 22
739 846 5
739 872 10
739 886 24
740 742 18
740 744 12
740 821 14
740 823 5
740 829 7
740 848 23
740 849 17
740 860 7
740 890 25
741 767 8
741 771 2
741 782 20
741 793 7
741 813 12
741 818 8
741 837 19
742 765 16
742 784 6
742 790 23
742 797 23
742 805 13
742 855 17
742 872 25
742 874 18
742 885 10
743 811 10
743 813 8
743 830 8
743 831 15
743 843 17
743 863 6
743 874 9
743 888 3
743 896 21
744 752 13
744 766 11
744 776 19
744 788 6
744 792 20
744 794 20
744 809 13
744 847 21
744 875 14
744 892 21
745 753 7
745 768 24
745 779 14
745 781 24
745 794 6
745 796 12
745 811 21
745 816 18
745 826 3
745 853 20
745 855 12
745 880 14
745 883 5
746 749 19
746 752 23
746 775 21
746 808 10
746 818 3
746 829 4
746 834 14
746 876 1
746 880 16
747 773 24
747 782 19
747 786 21
747 838 18
747 855 15
747 861 10
747 890 15
748 764 6
748 784 5
748 828 23
748 833 6
748 856 18
748 857 21
748 880 11
748 896 6
749 768 16
749 780 5
749 790 8
749 832 11
749 884 16
749 891 23
750 786 17
750 819 9
750 825 20
750 833 12
750 839 20
750 843 25
751 769 15
751 770 8
751 788 25
751 816 7
751 827 6
751 851 20
751 894 4
751 897 1
752 766 9
752 781 15
752 814 17
752 826 16
752 842 21
752 899 15
753 779 21
753 832 15
753 840 10
753 850 8
753 877 21
753 888 1
753 892 12
754 817 5
754 820 11
754 836 4
754 861 3
754 900 2
755 821 12
755 826 22
755 855 15
755 872 6
755 881 21
755 885 6
755 894 15
756 806 22
756 818 12
756 832 23
756 874 16
756 891 17
757 781 25
757 784 2
757 799 8
757 808 16
757 819 17
757 825 3
757 836 5
757 874 15
758 764 17
758 766 15
758 786 22
758 801 12
758 806 15
758 815 9
758 832 17
758 835 2
758 839 12
758 843 19
758 852 5
758 853 1
758 854 17
758 856 19
758 863 8
758 864 15
758 869 1
759 775 23
759 776 11
759 778 14
759 803 22
759 809 4
759 816 5
759 817 21
759 831 5
759 848 12
759 865 11
759 877 23
759 883 16
759 894 16
760 761 12
760 764 7
760 779 7
760 781 9
760 788 19
760 803 21
761 774 19
761 836 12
761 842 24
761 855 5
761 898 7
762 764 3
762 769 7
762 811 25
762 829 23
762 865 15
762 877 14
762 889 23
762 892 14
763 804 2
763 829 11
763 857 10
763 864 7
763 879 17
764 797 7
764 805 13
764 844 5
764 862 17
764 879 10
764 900 20
765 769 9
765 784 24
765 785 1
765 795 15
765 855 7
765 887 21
766 774 12
766 793 25
766 805 7
766 806 10
766 833 6
766 851 15
766 863 14
766 883 15
767 775 15
767 796 11
767 816 4
767 819 5
767 825 10
767 833 19
767 856 6
767 865 20
767 877 5
768 803 12
768 812 13
768 857 11
768 890 1
769 773 17
769 783 4
769 794 11
769 801 11
769 802 13
769 816 11
769 826 14
769 863 4
769 898 17
770 809 11
770 843 16
770 872 18
770 899 20
771 809 2
771 831 25
771 851 9
771 865 16
772 783 14
772 798 23
772 804 3
772 806 19
772 812 3
772 838 13
772 844 14
772 849 10
772 872 9
772 882 18
773 774 24
773 787 22
773 796 5
773 813 24
773 849 15
773 864 9
773 887 11
774 812 1
774 814 23
774 839 21
774 850 16
774 884 3
775 780 14
775 785 1
775 807 20
775 886 8
775 888 20
775 895 22
776 784 8
776 792 6
776 819 14
776 835 23
776 854 5
777 787 16
777 813 19
777 821 9
777 836 3
777 882 7
777 899 19
778 782 14
778 790 2
778 801 19
778 819 10
778 838 6
778 841 19
778 859 24
779 786 16
779 834 5
780 815 1
780 820 13
780 851 2
780 854 16
780 873 18
780 887 16
781 827 19
781 832 12
781 888 25
781 892 15
782 792 8
782 801 9
782 829 20
782 834 21
782 837 7
782 888 25
782 890 14
782 899 25
783 790 8
783 829 16
783 839 6
783 851 3
783 863 6
783 883 9
784 810 23
784 826 15
784 837 15
784 873 17
784 879 16
784 888 5
785 815 23
785 825 16
785 842 20
785 854 24
785 877 9
785 887 12
785 900 16
786 827 4
786 839 25
786 901 16
787 799 18
787 828 8
788 807 24
788 823 15
788 828 5
788 865 7
788 877 16
789 808 18
789 818 8
789 833 23
789 841 11
789 848 16
789 861 3
789 869 16
789 888 24
789 889 25
790 809 8
790 823 13
790 832 16
791 805 23
791 834 20
791 841 15
791 847 15
791 853 16
791 897 14
791 898 25
792 797 4
792 809 6
792 823 5
792 848 3
793 801 23
793 803 25
793 821 12
793 865 22
793 877 14
793 879 17
793 889 5
794 795 4
794 837 11
794 841 13
794 850 3
794 858 23
794 872 3
795 799 5
795 817 14
795 827 1
795 850 7
795 858 23
795 896 16
796 809 24
796 831 22
796 833 12
796 837 14
796 875 13
796 879 2
797 901 4
798 804 15
798 810 5
798 820 9
798 823 19
798 826 9
798 829 7
798 848 18
798 857 21
798 867 5
798 880 6
798 893 14
799 820 9
799 846 11
799 856 24
799 865 23
799 873 14
799 885 22
799 888 2
800 808 20
800 817 12
800 850 3
800 874 3
800 878 9
800 888 20
801 804 2
801 815 5
801 820 6
801 826 17
802 838 19
802 840 7
803 823 22
803 829 8
803 855 13
803 862 5
803 892 2
804 872 21
805 813 13
805 816 19
805 841 18
805 844 17
805 864 2
805 873 6
805 883 3
805 890 12
806 813 5
806 816 2
806 856 2
806 881 3
807 846 4
807 868 24
807 890 14
808 818 8
808 820 1
808 830 22
808 831 4
808 833 4
808 845 3
808 892 9
809 830 22
809 832 21
809 844 17
809 850 18
810 839 4
810 845 6
810 891 23
811 812 7
811 862 3
811 864 10
811 866 2
811 867 21
811 875 4
811 878 3
812 824 1
812 825 8
812 837 17
812 838 7
812 840 11
812 845 20
812 852 9
812 861 14
813 814 18
813 838 22
813 839 23
813 852 21
813 892 20
814 818 1
814 835 24
814 886 22
814 891 9
814 895 21
815 861 20
815 872 2
815 900 13
816 854 25
816 874 7
817 824 12
817 865 6
817 874 10
817 892 24
818 821 7
818 849 5
818 881 4
818 898 12
819 822 7
819 880 11
819 884 5
819 888 14
819 901 21
820 884 24
821 859 22
822 846 12
822 850 19
822 866 19
822 873 9
822 886 14
823 825 15
823 855 10
823 873 12
823 884 12
823 885 20
823 895 9
823 898 8
824 900 22
825 848 24
825 870 7
825 873 3
825 879 10
825 901 14
826 881 14
826 892 10
827 833 20
827 851 18
827 874 13
827 875 8
827 887 25
827 893 25
827 895 12
828 860 15
828 887 23
829 856 13
829 857 11
829 871 9
829 888 6
830 838 6
830 843 19
830 844 19
830 852 21
830 895 5
831 860 7
831 867 9
831 895 25
832 896 16
833 850 16
833 871 23
833 874 16
833 891 24
833 893 2
834 846 25
834 851 12
834 897 16
835 838 10
835 867 8
836 843 10
836 851 22
836 870 18
837 854 11
837 855 24
837 857 4
837 870 25
837 874 21
838 899 16
838 900 11
839 861 4
839 882 21
839 889 16
840 877 24
840 886 16
840 888 13
840 890 4
840 891 23
841 872 21
841 899 3
842 855 15
842 866 11
842 868 25
842 875 5
842 885 11
842 900 1
843 845 6
843 856 22
843 875 18
843 893 17
844 877 7
844 885 3
846 872 16
847 853 24
847 893 13
847 901 14
848 889 4
848 901 15
849 865 9
849 887 22
850 867 2
850 887 14
851 853 19
852 877 17
852 881 12
852 889 10
852 893 7
853 890 15
853 891 9
853 894 2
854 876 17
854 886 25
854 889 15
854 890 18
855 897 4
856 879 25
857 864 21
860 864 11
860 877 24
860 897 13
861 888 3
862 863 5
862 865 17
862 867 18
862 898 5
863 880 7
864 869 6
864 891 8
865 875 21
865 886 16
866 897 6
867 877 22
868 885 4
871 890 25
872 893 15
873 885 17
873 894 11
874 882 21
874 887 7
875 881 19
875 889 23
876 894 25
876 899 18
877 883 14
877 891 20
878 900 23
883 896 13
884 887 15
884 897 8
885 893 11
887 897 4
891 897 12
895 900 17
896 898 21
902 601 93
903 901 25
902 903 22
