904 6735
4 95 52 5 75 77 43 35 68 32 40 85 77 5 64 28 44 39 3 36 89 28 96 80 57 73 8 70 15 72 27 18 19 30 74 93 59 17 80 26 100 19 62 76 75 25 55 71 15 57 6 4 85 1 35 93 26 42 15 40 66 93 9 84 22 83 28 32 51 7 58 2 78 71 30 4 96 84 74 62 93 80 17 29 32 52 73 57 45 87 96 10 31 57 45 5 39 25 36 41 31 45 42 60 16 71 64 11 7 37 24 99 68 41 79 100 92 51 8 36 90 56 98 20 12 42 76 2 66 12 42 49 56 35 60 71 58 23 33 64 12 57 14 79 97 44 30 40 46 90 27 35 45 24 7 56 18 82 9 35 93 50 83 1 36 95 71 93 17 56 8 80 12 73 11 60 16 92 51 62 81 77 48 77 1 6 32 18 88 92 4 32 93 39 84 29 33 55 73 1 62 33 81 73 57 43 84 25 34 34 38 67 62 85 43 62 43 27 31 82 18 35 13 11 73 49 39 57 3 63 57 16 95 89 88 4 31 23 28 17 8 65 83 69 49 25 31 43 51 13 24 69 99 37 79 23 37 69 79 39 83 88 54 30 76 93 33 7 67 60 23 74 24 57 42 24 81 24 67 32 89 90 52 87 78 82 62 14 50 40 4 32 79 9 13 55 53 45 13 19 55 94 69 100 1 34 42 73 18 97 21 64 71 89 83 58 48 27 41 40 28 100 46 61 16 55 97 76 10 59 53 16 4 21 15 4 7 8 28 76 4 48 39 27 88 21 84 87 99 76 26 27 76 24 39 43 30 36 70 39 94 22 54 49 95 21 52 53 28 80 80 84 79 18 10 19 91 45 5 89 73 83 15 100 58 54 42 87 41 64 26 86 37 31 34 83 3 37 35 83 68 14 18 99 84 27 17 74 23 73 14 95 55 81 46 12 86 88 51 26 3 76 63 39 58 96 22 13 84 8 95 4 74 64 2 57 90 18 82 64 42 47 11 97 27 56 60 12 95 10 89 97 37 51 36 47 98 9 59 34 16 5 37 89 68 38 97 9 7 30 72 48 29 34 44 55 90 56 19 36 17 7 33 54 10 20 52 59 28 10 92 95 66 28 36 33 65 84 93 23 66 64 71 94 50 66 48 91 21 18 26 90 25 10 95 86 29 46 44 8 55 36 55 72 15 42 4 32 25 96 54 90 11 24 35 12 42 83 2 62 52 28 3 76 89 97 13 70 42 57 29 48 44 83 19 10 24 74 41 1 21 95 42 32 70 77 95 11 11 97 25 62 76 27 90 64 24 2 33 17 10 62 65 5 96 35 15 20 9 55 72 29 1 65 12 23 41 7 33 3 84 87 34 93 4 45 44 48 37 41 63 26 9 74 95 75 28 51 15 89 96 58 50 94 37 99 58 91 77 23 57 63 59 90 7 62 86 51 61 75 91 23 100 51 48 46 26 76 97 40 64 92 49 66 85 85 64 94 76 93 16 84 55 26 73 61 39 10 63 99 84 6 22 35 56 21 81 81 48 29 73 64 20 73 29 56 58 44 49 85 36 17 68 42 42 92 3 33 1 17 31 37 22 4 71 78 25 3 58 72 31 82 87 50 55 15 57 64 11 58 48 46 74 67 88 67 58 42 99 10 58 82 46 80 37 17 57 61 19 66 85 2 100 71 3 54 38 60 17 48 69 16 45 94 82 84 60 91 25 11 100 35 44 98 66 80 66 74 93 36 39 29 37 38 51 40 43 88 99 11 87 67 26 32 12 59 15 23 1 92 33 53 26 28 50 91 60 15 64 52 50 54 80 87 44 30 26 38 70 76 49 56 94 26 39 5 37 54 27 37 97 12 89 22 39 38 64 50 4 79 1 54 84 32 92 27 14 69 17 83 44 65 90 37 90 29 93 78 34 19 15 30 82 55 3 73 45 66 22 48 96 23 53 79 6 96 58 19 64 74 53 7 38 95 95 79 23 39 57 8 10 23 37 91 77 91 63 21 8 85 21 3 59 73 81 64 69 90 35 32 63 87 36 87
0 16 4
0 23 37
0 56 44
0 58 29
0 65 43
0 67 38
0 80 3
0 98 23
0 134 11
0 205 21
0 214 6
0 233 1
0 274 12
0 282 7
1 78 40
1 81 40
1 120 38
1 145 1
1 163 5
1 213 39
1 231 42
1 238 9
1 242 23
1 243 21
1 244 19
1 260 35
1 262 25
1 275 24
1 283 30
2 20 37
2 27 42
2 32 35
2 52 23
2 59 38
2 78 14
2 118 17
2 155 25
2 174 18
2 178 39
2 185 37
2 217 40
2 232 47
2 254 38
2 273 1
2 296 3
3 24 27
3 33 42
3 103 43
3 106 29
3 112 47
3 123 31
3 136 20
3 147 7
3 155 5
3 201 42
3 211 25
3 231 40
3 236 18
3 243 48
4 5 21
4 9 4
4 39 42
4 53 7
4 69 28
4 79 31
4 103 22
4 110 46
4 121 5
4 127 39
4 148 35
4 163 41
4 174 30
4 177 31
4 179 30
4 184 31
4 185 35
4 254 8
4 256 22
4 281 27
4 298 38
5 15 20
5 19 10
5 28 8
5 32 26
5 53 14
5 110 1
5 129 3
5 146 5
5 174 19
5 179 2
5 185 25
5 189 24
5 194 45
5 201 32
5 220 4
5 221 25
5 222 3
5 264 49
5 270 31
5 294 44
6 45 35
6 93 22
6 133 25
6 139 17
6 160 3
6 171 7
6 202 2
6 234 13
6 240 31
6 248 30
6 295 50
6 297 50
7 30 41
7 69 9
7 89 28
7 116 5
7 126 10
7 143 32
7 153 9
7 171 28
7 194 33
7 198 36
7 234 3
7 251 30
7 254 19
7 270 6
8 12 4
8 59 23
8 61 5
8 134 35
8 139 18
8 213 41
8 247 8
8 261 43
8 269 8
8 279 12
8 299 49
9 38 11
9 93 24
9 96 29
9 101 40
9 102 24
9 108 29
9 123 31
9 130 32
9 146 8
9 167 37
9 180 41
9 186 39
9 199 47
9 221 20
9 222 21
9 236 34
10 29 23
10 48 2
10 53 2
10 59 30
10 76 6
10 104 25
10 129 34
10 174 42
10 187 42
10 202 27
10 208 1
10 218 36
10 255 34
10 283 12
10 290 35
10 292 44
11 34 36
11 35 13
11 36 35
11 37 9
11 48 43
11 74 17
11 91 42
11 109 50
11 172 3
11 181 35
11 186 38
11 209 2
11 217 4
11 222 11
11 244 35
11 277 28
12 39 12
12 46 39
12 63 8
12 79 19
12 110 13
12 113 43
12 164 10
12 201 6
12 227 19
12 297 10
13 81 42
13 88 2
13 100 22
13 117 28
13 125 47
13 136 9
13 178 40
13 205 32
13 231 19
13 266 35
13 274 48
13 289 10
13 295 34
14 41 3
14 46 44
14 105 24
14 165 4
14 167 50
14 183 36
14 193 40
14 210 27
14 224 47
14 235 28
14 248 36
14 259 18
14 267 40
14 271 29
14 277 27
14 284 48
14 294 49
15 48 39
15 56 41
15 78 1
15 96 12
15 119 18
15 145 49
15 147 20
15 157 7
15 163 30
15 210 40
15 222 43
15 234 30
15 235 49
15 243 29
15 256 32
15 266 45
15 274 2
15 298 35
16 29 46
16 39 39
16 61 24
16 80 24
16 115 37
16 123 2
16 140 10
16 159 4
16 208 43
16 214 40
16 238 33
16 284 42
16 295 38
17 21 21
17 43 32
17 52 40
17 70 34
17 86 49
17 90 41
17 106 5
17 111 8
17 171 20
17 182 44
17 191 50
17 202 49
17 205 44
17 224 28
17 241 30
17 246 40
17 288 31
18 32 16
18 90 35
18 147 19
18 164 42
18 178 9
18 179 8
18 184 45
18 243 20
18 248 11
18 285 39
18 290 11
18 293 43
19 120 31
19 135 50
19 152 15
19 156 12
19 171 40
19 192 48
19 212 11
19 239 30
19 249 2
19 267 18
19 285 1
19 299 45
20 23 19
20 30 2
20 61 41
20 78 47
20 90 33
20 138 30
20 142 29
20 148 49
20 149 15
20 169 50
20 221 42
20 265 25
20 287 7
21 45 36
21 74 46
21 90 17
21 178 24
21 200 6
21 210 12
21 225 4
21 227 5
21 239 26
21 247 18
21 274 46
21 292 24
21 298 28
22 61 27
22 83 27
22 114 47
22 118 28
22 130 24
22 155 15
22 161 31
22 169 14
22 205 13
22 245 13
23 43 45
23 47 42
23 71 11
23 77 11
23 86 43
23 125 4
23 148 35
23 156 49
23 174 39
23 180 32
23 191 17
23 202 15
23 209 37
23 214 28
23 220 20
23 248 44
23 254 4
23 278 37
23 293 39
24 65 29
24 66 16
24 77 16
24 96 7
24 101 14
24 125 45
24 132 32
24 133 29
24 143 25
24 163 45
24 184 43
24 206 37
24 216 42
24 239 36
24 251 50
24 276 2
24 279 28
24 288 5
24 298 37
25 27 26
25 60 46
25 64 18
25 76 43
25 79 10
25 82 7
25 91 22
25 104 31
25 106 50
25 111 27
25 112 20
25 186 40
25 203 7
25 215 37
25 255 7
25 264 14
25 286 1
25 288 3
26 47 45
26 70 31
26 83 27
26 96 42
26 113 23
26 122 16
26 146 33
26 227 9
26 241 17
26 252 34
26 276 36
27 28 23
27 38 22
27 74 14
27 76 18
27 115 42
27 120 8
27 157 29
27 198 48
27 275 29
28 33 10
28 57 49
28 109 6
28 201 31
28 223 38
28 224 12
28 228 17
28 235 45
28 251 27
28 292 17
29 85 47
29 108 22
29 117 47
29 125 26
29 152 15
29 178 22
29 193 43
29 198 47
29 201 32
29 225 11
29 233 32
29 236 17
29 267 33
29 280 4
30 32 32
30 78 1
30 97 45
30 113 39
30 116 29
30 120 42
30 125 20
30 133 40
30 170 40
30 205 27
30 206 20
30 254 29
30 274 40
30 299 37
31 44 23
31 63 17
31 144 5
31 162 22
31 199 40
31 218 4
31 219 47
31 237 4
31 258 25
31 294 39
32 34 50
32 46 6
32 69 49
32 81 33
32 86 24
32 130 31
32 141 36
32 199 8
32 208 33
32 243 30
32 255 46
33 75 14
33 102 23
33 120 17
33 131 3
33 136 14
33 153 43
33 154 23
33 155 43
33 174 33
33 178 11
33 199 17
33 201 1
33 232 15
33 256 38
33 264 40
33 265 20
33 275 34
34 39 43
34 50 44
34 87 24
34 91 44
34 105 1
34 126 24
34 134 26
34 154 27
34 159 7
34 176 14
34 181 34
34 195 39
34 212 43
34 221 31
34 255 2
34 267 18
34 269 48
35 45 5
35 60 33
35 104 42
35 131 29
35 134 25
35 140 26
35 160 41
35 218 42
35 223 26
35 235 7
35 241 31
35 244 17
35 262 27
35 267 15
35 273 9
35 285 22
35 298 40
36 60 4
36 71 25
36 111 14
36 149 32
36 189 1
36 213 20
36 217 45
36 231 34
36 244 10
36 245 39
36 250 14
36 252 12
37 72 8
37 112 13
37 116 18
37 181 41
37 182 5
37 268 48
37 276 17
37 288 30
37 294 38
38 44 8
38 50 8
38 70 46
38 87 41
38 120 24
38 128 22
38 135 7
38 136 35
38 172 46
38 181 46
38 189 40
38 220 20
38 224 9
38 234 21
38 264 20
38 277 30
38 283 17
38 298 3
39 110 40
39 147 8
39 167 18
39 178 3
39 203 17
39 231 31
39 254 22
39 275 7
40 88 37
40 109 21
40 120 24
40 130 18
40 135 10
40 158 33
40 188 25
40 250 5
40 278 23
40 284 49
41 43 29
41 81 29
41 126 35
41 136 24
41 143 25
41 156 24
41 173 45
41 174 35
41 177 47
41 191 14
41 212 17
41 213 15
41 216 18
41 224 8
41 233 24
41 262 37
41 270 12
41 296 41
42 53 19
42 74 35
42 75 47
42 83 5
42 86 5
42 120 22
42 151 23
42 160 14
42 229 5
42 280 49
43 75 20
43 81 29
43 102 49
43 137 48
43 149 8
43 213 33
43 226 23
43 228 34
43 243 7
43 244 19
44 61 20
44 90 5
44 110 34
44 133 38
44 219 19
44 226 1
44 228 45
44 229 43
44 251 40
44 271 8
44 285 33
44 296 8
45 59 42
45 98 31
45 114 13
45 132 48
45 154 3
45 155 37
45 159 11
45 236 9
45 249 37
45 264 33
45 277 37
46 65 36
46 74 32
46 82 46
46 101 18
46 122 7
46 127 29
46 159 26
46 162 25
46 163 1
46 195 30
46 198 9
46 216 38
46 223 1
46 289 11
46 296 35
47 67 45
47 84 50
47 106 44
47 114 29
47 129 8
47 133 36
47 152 9
47 159 22
47 194 33
47 210 13
47 213 10
47 260 46
47 274 21
47 278 46
47 296 28
48 71 8
48 88 31
48 114 11
48 158 3
48 190 1
48 214 17
48 229 34
48 238 26
48 264 42
48 270 34
49 59 8
49 67 50
49 97 23
49 183 10
49 186 12
49 191 9
49 195 4
49 264 12
49 287 3
50 62 32
50 84 21
50 105 40
50 115 42
50 121 42
50 125 24
50 146 5
50 157 3
50 160 19
50 209 25
50 226 48
50 229 48
50 248 32
50 254 31
50 257 9
50 299 37
51 87 31
51 89 25
51 132 20
51 138 8
51 140 18
51 186 5
51 193 17
51 227 19
51 230 29
51 252 26
51 265 31
51 295 38
52 86 31
52 140 44
52 146 42
52 178 12
52 203 14
52 258 31
52 269 4
53 75 7
53 82 4
53 96 10
53 159 9
53 163 25
53 170 34
53 179 8
53 191 22
53 193 18
53 200 38
53 228 32
53 237 4
53 270 18
54 58 9
54 74 25
54 95 28
54 99 28
54 129 31
54 144 44
54 168 47
54 217 9
54 218 20
54 227 29
54 267 46
54 271 50
54 282 22
55 78 39
55 95 14
55 158 37
55 163 19
55 208 19
55 269 43
55 272 25
56 79 28
56 98 1
56 137 49
56 147 11
56 148 10
56 164 22
56 192 30
56 197 48
56 203 4
56 253 33
56 267 17
57 74 12
57 87 9
57 134 44
57 188 41
57 267 39
58 65 38
58 113 37
58 147 48
58 164 9
58 174 17
58 207 45
58 209 8
58 223 38
58 225 36
58 233 23
58 254 24
58 290 4
59 60 41
59 61 18
59 73 28
59 107 20
59 114 20
59 128 28
59 140 33
59 169 30
59 194 50
59 196 12
59 205 27
59 208 3
59 245 47
59 249 45
59 257 16
59 287 5
60 115 39
60 122 6
60 125 46
60 165 28
60 176 45
60 192 43
60 198 36
60 224 11
60 225 39
60 230 45
60 251 1
60 285 24
60 299 18
61 80 24
61 114 30
61 134 10
61 137 44
61 143 9
61 159 30
61 163 13
61 218 37
61 219 12
61 229 42
61 232 36
61 297 23
62 89 20
62 117 38
62 120 19
62 143 15
62 151 5
62 178 26
62 186 5
62 195 12
62 262 21
63 94 34
63 101 6
63 104 15
63 122 19
63 130 17
63 133 5
63 135 13
63 155 17
63 158 29
63 179 32
63 181 42
63 237 10
63 250 42
63 262 35
63 284 18
63 285 23
64 65 50
64 69 4
64 128 34
64 144 41
64 151 39
64 157 8
64 166 13
64 198 28
64 238 29
64 240 29
64 241 34
64 279 4
65 150 33
65 152 46
65 173 26
65 201 16
65 224 1
65 253 40
65 257 36
65 271 19
65 287 44
66 76 50
66 101 37
66 102 24
66 108 34
66 110 31
66 114 33
66 159 27
66 161 15
66 166 3
66 199 49
66 204 14
66 227 6
66 282 34
66 294 7
67 82 47
67 97 43
67 163 19
67 202 26
67 230 21
67 273 49
67 282 12
68 76 24
68 110 31
68 116 7
68 123 1
68 129 48
68 160 9
68 170 40
68 194 35
68 261 28
69 96 34
69 99 36
69 100 16
69 111 7
69 152 19
69 182 46
69 200 42
69 258 45
69 259 13
69 261 44
69 283 45
70 77 28
70 79 1
70 102 28
70 154 36
70 186 49
70 195 21
70 226 4
70 247 25
70 261 41
70 274 4
70 277 36
70 293 17
71 115 34
71 118 44
71 160 17
71 188 33
71 206 2
71 219 9
71 264 19
71 275 31
71 290 42
71 297 5
72 75 47
72 92 50
72 124 23
72 137 44
72 152 43
72 182 18
72 204 8
72 206 36
72 229 14
72 232 36
72 242 37
72 252 42
72 258 21
72 271 35
72 274 12
72 292 27
73 77 11
73 92 4
73 99 30
73 141 48
73 144 22
73 151 16
73 153 41
73 170 41
73 174 50
73 199 45
73 208 49
73 209 19
73 210 25
73 212 42
73 270 25
74 87 23
74 94 43
74 98 47
74 109 17
74 113 36
74 121 16
74 150 26
74 158 21
74 162 30
74 193 11
74 197 9
74 224 23
74 240 34
74 257 46
74 262 36
74 277 10
74 298 8
75 91 41
75 116 41
75 125 6
75 140 13
75 141 8
75 218 48
75 243 5
75 286 8
75 292 42
76 93 3
76 99 28
76 105 17
76 160 46
76 193 2
76 207 41
76 295 38
76 299 50
77 115 9
77 164 23
77 171 18
77 185 35
77 190 46
77 196 47
77 257 45
77 293 4
77 296 21
78 148 28
78 150 1
78 152 6
78 184 39
78 198 9
78 200 46
78 232 30
78 246 14
78 263 10
79 82 37
79 101 11
79 138 14
79 151 46
79 186 3
79 232 18
79 257 23
79 266 21
80 86 13
80 87 26
80 97 11
80 108 1
80 120 26
80 126 20
80 201 25
80 239 43
80 242 6
80 253 20
81 106 41
81 110 50
81 124 26
81 149 11
81 168 30
81 176 26
81 203 16
81 213 18
81 235 34
81 244 13
81 250 49
81 268 49
81 286 23
81 292 38
82 111 12
82 132 36
82 140 35
82 178 16
82 189 4
82 199 10
82 248 36
82 259 18
82 288 35
82 295 48
82 299 20
83 169 12
83 174 19
83 176 45
83 177 6
83 187 24
83 192 14
83 194 46
83 199 26
83 235 41
83 252 8
83 265 5
83 289 17
83 293 25
84 110 24
84 112 2
84 184 38
84 185 25
84 219 1
84 237 10
84 240 14
84 257 14
84 279 47
84 285 48
85 91 29
85 99 2
85 150 9
85 182 16
85 187 20
85 195 44
85 208 15
85 235 41
85 244 7
85 252 34
85 262 35
85 295 13
86 100 9
86 105 1
86 111 10
86 131 34
86 133 41
86 138 20
86 141 38
86 206 9
86 217 44
86 220 14
86 257 11
86 261 33
86 274 38
86 277 13
87 145 44
87 147 3
87 161 26
87 162 41
87 169 50
87 191 6
87 201 44
87 218 9
87 275 23
87 287 15
87 294 4
88 107 37
88 114 6
88 115 10
88 126 22
88 160 42
88 181 24
88 183 31
88 205 42
88 218 36
88 242 14
88 250 35
88 284 5
89 100 4
89 105 43
89 193 48
89 210 17
89 295 5
90 108 31
90 110 6
90 113 19
90 144 24
90 154 8
90 166 46
90 178 16
90 179 9
90 184 1
90 197 10
90 236 19
90 296 23
91 144 26
91 233 22
91 250 12
91 257 31
91 260 34
92 128 33
92 155 23
92 157 9
92 182 13
92 191 16
92 238 44
92 240 27
92 243 2
92 297 48
93 100 32
93 101 45
93 112 46
93 117 48
93 186 1
93 207 28
93 208 5
93 212 20
93 215 3
93 232 14
93 262 15
93 273 19
94 104 22
94 126 18
94 154 30
94 155 41
94 176 42
94 198 5
94 206 14
94 227 3
94 239 36
94 273 49
94 277 36
94 284 10
95 102 8
95 104 50
95 105 27
95 119 3
95 156 28
95 157 29
95 175 1
95 180 9
95 183 25
95 207 48
95 213 8
95 226 25
95 240 25
95 258 12
95 261 46
95 281 27
95 286 25
96 115 11
96 124 47
96 165 49
96 179 30
96 195 26
96 196 41
96 229 21
96 286 31
97 98 6
97 106 26
97 149 18
97 152 5
97 154 11
97 158 29
97 193 14
97 218 12
97 263 5
97 264 16
97 280 40
98 104 33
98 160 16
98 186 48
98 190 7
98 207 15
98 235 6
98 244 34
98 294 39
99 101 19
99 103 29
99 122 18
99 145 46
99 157 41
99 170 14
99 188 44
99 215 22
99 259 42
99 263 36
99 280 43
99 291 22
100 104 41
100 111 20
100 135 41
100 149 47
100 157 32
100 164 19
100 168 10
100 169 43
100 170 23
100 199 28
100 239 32
100 297 8
101 128 43
101 141 30
101 164 16
101 178 10
101 192 37
101 200 49
101 223 48
101 230 5
101 245 30
101 298 17
102 133 50
102 151 22
102 176 33
102 203 45
102 241 44
102 246 24
102 260 30
103 137 38
103 152 47
103 175 21
103 181 7
103 182 37
103 212 19
103 235 38
103 254 5
103 263 29
103 266 30
103 274 29
104 128 6
104 153 12
104 155 36
104 171 50
104 226 43
104 228 2
104 235 9
104 272 29
105 127 2
105 139 9
105 144 35
105 170 33
105 181 27
105 201 35
105 202 5
105 216 9
105 256 31
105 267 50
105 269 32
105 284 11
106 107 37
106 115 28
106 131 33
106 159 45
106 160 16
106 216 1
106 257 32
107 117 20
107 131 31
107 140 13
107 162 1
107 166 38
107 229 26
107 246 38
107 262 40
107 278 18
107 281 41
108 110 50
108 118 48
108 136 43
108 205 10
108 219 35
108 274 25
108 283 37
109 155 19
109 157 31
109 163 45
109 193 1
109 202 30
109 205 29
109 243 13
109 289 18
110 130 8
110 135 45
110 139 12
110 147 24
110 184 48
110 214 43
110 223 45
110 237 30
110 243 8
110 245 45
110 258 20
110 277 33
111 127 33
111 129 9
111 146 3
111 155 23
111 157 10
111 236 2
111 244 17
111 290 20
112 124 36
112 135 44
112 149 6
112 154 6
112 165 24
112 179 2
112 205 7
112 214 6
112 219 32
112 233 19
112 235 23
112 240 40
112 242 16
112 292 35
112 299 13
113 114 15
113 159 29
113 163 7
113 173 44
113 177 36
113 195 4
113 203 15
113 223 21
113 246 36
113 256 23
113 264 23
113 273 10
114 125 35
114 129 26
114 130 29
114 172 4
114 177 12
114 179 22
114 195 11
114 211 17
114 219 47
114 222 14
114 295 25
115 121 2
115 140 46
115 174 46
115 184 25
115 190 37
115 199 11
115 200 11
115 232 1
115 255 27
115 265 39
115 283 7
116 173 22
116 191 27
116 193 12
116 243 37
116 244 47
116 274 47
116 285 11
116 286 19
116 287 9
116 298 45
117 203 44
117 224 37
117 233 50
117 250 7
117 254 8
117 259 10
117 264 26
117 289 6
118 127 26
118 145 2
118 175 8
118 199 23
118 201 47
118 237 34
118 251 9
118 261 9
118 262 46
119 154 9
119 157 35
119 159 34
119 179 17
119 230 7
119 247 12
119 261 29
119 265 45
119 290 8
120 136 25
120 153 5
120 175 28
120 182 35
120 188 2
120 194 22
120 198 21
120 227 1
120 269 30
120 275 30
120 284 13
120 294 5
121 127 38
121 135 38
121 167 7
121 186 47
121 193 10
121 248 5
121 276 30
121 289 20
122 128 14
122 130 27
122 160 28
122 162 50
122 173 12
122 189 44
122 195 8
122 199 24
122 204 22
122 209 2
122 214 31
122 237 49
122 279 9
123 129 9
123 147 35
123 148 12
123 175 32
123 199 8
123 204 12
123 206 11
123 236 37
123 256 26
123 260 18
123 266 26
123 271 15
123 288 26
124 128 22
124 148 26
124 151 30
124 167 3
124 168 45
124 176 45
124 187 29
124 221 24
124 248 45
124 280 41
124 287 18
125 202 2
125 244 14
125 272 41
125 276 6
125 282 46
126 144 41
126 193 14
126 205 4
126 294 26
127 137 25
127 140 37
127 147 35
127 151 38
127 170 50
127 188 23
127 195 16
127 206 17
127 210 49
127 220 30
128 140 44
128 148 20
128 163 6
128 168 25
128 228 23
128 229 2
128 255 20
129 139 1
129 191 26
129 203 16
129 213 43
129 245 45
129 253 17
129 259 6
129 286 35
130 142 22
130 228 2
130 261 28
130 266 37
131 147 7
131 152 5
131 182 13
131 224 44
131 234 39
131 265 1
131 272 43
131 273 11
132 135 16
132 136 11
132 152 9
132 207 47
132 212 6
132 218 31
132 227 4
132 228 30
132 234 3
132 242 6
132 247 1
132 253 5
132 263 31
132 277 16
132 279 48
132 294 27
133 141 33
133 174 3
133 189 11
133 206 6
133 245 6
133 265 40
134 169 43
134 177 15
134 191 44
134 199 5
134 232 10
134 251 34
134 256 7
134 293 2
135 167 47
135 228 24
135 241 14
135 268 7
135 293 23
136 211 19
136 228 37
136 236 26
136 239 50
136 245 39
136 272 31
136 279 1
137 155 44
137 159 13
137 164 16
137 201 41
137 213 39
137 229 50
137 265 45
137 269 2
137 282 6
138 182 3
138 185 43
138 188 50
138 191 17
138 209 39
138 268 6
138 270 28
139 141 22
139 149 15
139 205 29
139 247 18
139 257 38
139 261 44
139 268 25
139 280 10
139 291 14
140 165 13
140 174 38
140 205 13
140 221 2
140 244 20
140 251 13
140 264 47
140 298 35
141 149 29
141 152 39
141 153 23
141 201 30
141 202 35
141 206 26
141 215 35
141 234 37
141 236 19
141 242 36
141 250 5
141 260 7
141 282 44
141 296 32
142 148 30
142 156 8
142 185 12
142 189 50
142 225 47
142 241 7
142 255 24
142 264 9
142 268 20
142 270 38
143 161 46
143 182 33
143 183 39
143 189 15
143 204 47
143 213 37
143 254 49
143 277 27
143 282 25
144 153 24
144 161 7
144 188 12
144 237 1
144 253 43
144 268 50
145 193 19
145 201 29
145 205 7
145 217 27
145 251 22
145 274 38
145 281 7
145 296 31
146 165 2
146 178 6
146 185 27
146 189 10
146 231 31
146 282 35
146 289 30
146 296 18
146 299 30
147 167 14
147 182 9
147 184 47
147 287 10
148 166 47
148 179 45
148 238 37
148 264 24
148 280 20
149 164 45
149 193 35
149 200 21
149 201 37
149 205 34
149 208 39
149 222 15
149 242 40
150 197 18
150 227 38
150 234 30
150 242 26
150 271 18
150 284 33
151 155 33
151 158 45
151 160 42
151 171 15
151 173 29
151 187 23
151 214 34
151 277 11
152 171 36
152 180 42
152 201 7
152 210 48
152 228 41
153 231 3
153 244 36
153 245 14
153 272 23
153 278 30
154 183 48
154 218 43
154 232 16
154 282 31
154 286 33
154 296 33
155 163 23
155 194 50
155 204 22
155 207 2
155 215 27
155 219 42
155 299 36
156 208 9
156 221 38
156 247 27
156 269 23
156 292 18
156 295 50
156 298 7
157 162 28
157 168 37
157 223 50
157 244 36
157 248 36
157 250 40
157 261 39
157 264 21
157 271 3
157 280 11
157 284 2
157 299 2
158 181 3
158 263 20
158 275 35
158 299 37
159 173 4
159 204 7
159 212 39
159 215 27
159 224 10
159 245 15
159 273 18
159 278 45
159 281 24
160 185 5
160 260 23
160 273 48
160 276 23
160 283 24
160 297 4
161 186 2
161 245 11
161 259 6
161 274 38
161 281 48
161 289 45
162 171 26
162 173 21
162 183 50
162 198 38
162 279 22
162 282 1
163 168 42
163 180 43
163 212 37
163 218 28
163 250 46
163 252 43
164 166 16
164 251 23
164 281 2
164 286 33
165 210 42
165 231 48
165 242 8
165 243 49
165 281 21
165 288 5
166 196 21
166 203 44
166 235 11
166 249 24
166 256 6
166 265 16
166 267 11
167 171 4
167 186 12
167 188 38
167 240 24
167 269 13
167 272 25
167 278 47
167 279 16
167 290 16
168 186 40
168 191 2
168 279 46
169 175 37
169 208 47
169 243 13
170 171 11
170 177 50
170 229 45
170 250 5
170 282 48
171 223 2
171 229 3
171 282 20
171 283 7
172 208 25
172 212 13
172 235 19
172 239 48
172 244 21
172 291 36
172 294 11
172 298 24
173 178 47
173 189 48
173 265 49
173 272 12
174 183 25
174 197 47
174 214 27
174 228 42
174 242 36
174 248 30
174 250 37
174 279 25
174 281 26
174 286 50
175 250 37
176 184 26
176 215 46
176 218 41
176 236 23
176 237 48
176 259 43
176 266 42
176 294 6
177 188 19
177 221 6
177 223 24
177 225 17
177 237 26
177 239 9
177 257 29
177 260 1
177 261 7
177 264 26
177 268 49
177 283 18
177 298 2
178 186 46
178 195 46
178 218 44
178 273 33
178 294 26
179 243 30
179 252 9
179 287 3
179 296 31
180 196 46
180 222 28
180 228 27
180 239 38
180 242 2
180 265 26
181 239 33
181 266 45
181 291 31
182 194 1
182 203 3
182 211 6
182 224 19
182 227 28
182 282 16
182 283 47
182 286 29
183 188 22
183 199 23
183 221 29
183 239 42
183 244 26
183 270 26
183 278 39
183 280 19
183 293 11
183 297 14
184 198 1
184 201 19
184 218 19
184 232 33
184 235 16
184 255 46
184 280 11
184 298 4
185 190 50
185 193 36
185 194 36
185 220 46
185 222 18
185 236 38
185 239 48
185 279 25
185 290 7
185 294 26
185 297 40
186 219 3
186 235 6
186 282 14
187 189 27
187 200 36
187 204 5
187 222 3
187 240 12
187 243 43
187 286 23
188 209 24
188 249 9
188 264 23
188 288 42
188 299 27
189 198 6
189 218 8
189 220 24
189 235 16
189 248 13
190 260 23
190 262 4
190 287 48
191 210 21
191 219 23
191 249 37
191 266 18
191 293 48
192 220 43
192 227 45
192 233 37
192 246 48
193 214 2
193 219 50
193 286 26
193 290 38
194 216 6
194 259 28
194 288 1
194 289 1
194 298 3
195 227 24
196 200 9
196 206 25
196 217 17
196 229 37
196 243 32
196 253 24
196 297 12
197 212 50
197 222 36
197 233 37
197 240 3
197 258 35
197 259 7
197 272 25
198 240 22
198 260 24
198 278 22
199 212 16
199 216 19
199 280 11
199 291 13
199 298 20
200 220 12
200 223 39
200 265 9
200 278 18
200 285 18
200 291 11
201 202 20
201 208 20
201 251 36
201 254 28
201 260 47
201 269 3
201 271 16
201 294 28
202 247 28
202 255 27
202 270 29
202 279 16
203 226 13
204 288 31
205 256 2
205 274 19
205 276 8
205 282 25
205 295 43
207 209 31
207 251 41
207 256 13
207 259 41
207 277 5
207 297 34
208 230 5
208 238 45
208 243 43
208 248 22
208 272 13
208 276 5
208 287 43
209 211 34
209 232 41
209 236 20
209 284 32
210 240 45
210 266 37
210 292 10
211 255 22
211 281 13
212 214 40
212 242 39
212 266 26
212 272 21
212 289 41
213 218 46
213 241 30
213 279 15
214 237 38
214 242 10
214 260 7
214 263 2
214 271 3
214 297 12
215 222 36
215 241 7
215 270 6
216 226 30
216 237 30
216 246 20
216 249 34
216 267 22
216 289 6
216 299 26
217 219 43
217 235 37
217 238 20
217 242 29
217 245 48
217 266 44
217 288 41
218 233 38
218 249 32
218 275 18
218 276 10
218 284 22
219 249 14
219 251 39
219 265 39
219 274 3
220 230 48
220 261 45
220 264 5
220 269 2
220 290 8
221 222 40
221 227 8
221 230 16
221 253 19
221 261 37
221 282 35
222 230 4
222 234 8
222 238 42
222 239 30
222 261 2
222 265 29
222 281 49
222 299 30
223 245 26
223 254 42
223 263 21
223 280 15
224 233 26
224 247 40
224 269 24
224 280 49
224 295 3
225 262 12
225 264 37
225 271 6
225 295 12
226 279 34
227 235 10
227 258 13
227 261 41
227 290 1
228 234 23
228 275 6
228 286 19
229 273 9
229 283 43
229 284 24
230 231 19
230 238 34
230 266 3
230 270 20
231 234 12
231 264 2
231 273 2
231 275 40
231 279 45
232 249 24
232 262 6
232 265 20
232 280 13
232 290 30
232 292 21
233 263 18
233 277 43
234 266 7
235 276 23
236 270 6
236 285 40
236 299 34
237 263 21
238 244 33
238 253 36
239 253 43
239 283 38
239 291 4
240 248 3
240 250 32
240 297 29
241 256 21
241 273 16
241 284 32
242 247 43
242 254 29
242 258 35
242 280 46
242 294 20
242 295 29
243 253 19
243 274 26
243 279 1
243 285 31
244 246 5
245 261 21
245 279 50
245 284 49
245 286 29
245 289 22
245 294 5
245 295 21
246 262 7
246 268 25
247 250 3
247 262 42
247 274 17
247 279 42
247 288 47
247 289 19
247 291 26
248 251 26
248 270 42
248 276 41
248 295 9
248 298 36
249 276 21
249 279 43
249 281 31
249 283 43
249 292 23
250 261 49
253 269 18
253 278 25
254 296 31
255 277 24
255 288 47
256 269 31
256 294 24
256 295 26
257 264 4
257 274 28
257 294 48
258 264 13
258 278 4
259 272 50
260 275 6
260 286 22
260 287 43
261 294 3
262 266 43
263 269 18
263 275 30
263 292 34
264 288 10
265 268 38
265 269 21
265 294 33
268 280 30
268 287 1
271 293 25
272 288 4
272 297 1
273 298 44
274 279 29
274 284 33
275 280 17
275 287 25
275 294 15
277 279 40
278 292 2
278 298 19
278 299 20
281 285 49
281 290 33
283 285 25
283 288 50
283 297 38
284 292 47
285 294 43
286 287 42
286 294 39
287 290 12
289 294 23
289 297 24
291 299 24
296 298 10
300 314 5
300 320 9
300 325 17
300 344 30
300 355 36
300 373 6
300 381 43
300 406 11
300 462 9
300 492 28
300 494 29
300 510 21
300 569 39
301 424 45
301 446 27
301 461 34
301 462 30
301 480 41
301 553 5
302 316 40
302 359 48
302 366 28
302 414 20
302 444 50
302 458 43
302 544 34
302 566 22
302 576 35
302 592 42
302 595 7
303 316 38
303 348 46
303 357 15
303 412 4
303 426 25
303 436 2
303 442 11
303 448 19
303 458 14
303 487 21
303 500 46
303 541 43
303 561 41
303 569 36
303 570 37
303 586 20
303 596 22
304 354 18
304 368 10
304 374 26
304 384 7
304 390 9
304 393 4
304 422 29
304 442 9
304 466 48
304 490 12
304 512 32
304 577 32
304 581 3
304 590 38
304 595 19
305 370 50
305 393 3
305 414 24
305 434 24
305 479 6
305 483 36
305 488 44
305 499 20
305 503 7
305 517 42
305 550 12
305 562 49
305 568 27
305 569 50
306 310 18
306 360 50
306 403 18
306 406 30
306 466 26
306 471 26
306 476 38
306 501 31
306 517 4
306 529 48
306 534 28
306 544 17
306 553 30
306 595 9
306 596 19
307 317 17
307 326 30
307 332 18
307 334 21
307 348 5
307 355 43
307 361 27
307 364 41
307 371 39
307 375 46
307 420 49
307 424 32
307 446 9
307 458 49
307 464 8
307 479 8
307 507 17
307 513 10
307 520 27
307 527 48
307 533 35
307 543 3
307 547 37
307 580 17
308 310 8
308 336 35
308 356 44
308 360 25
308 442 16
308 449 4
308 458 45
308 464 34
308 479 33
308 509 15
308 519 7
308 540 40
308 552 9
309 330 33
309 338 30
309 369 47
309 424 30
309 447 30
309 465 28
309 475 40
309 483 28
309 521 38
309 524 47
309 570 44
309 574 47
309 578 26
309 595 43
309 599 33
310 318 28
310 336 30
310 337 49
310 352 37
310 353 16
310 392 44
310 400 11
310 413 31
310 453 47
310 456 8
310 473 14
310 478 32
310 496 22
310 517 22
310 549 23
310 556 30
310 564 4
310 595 2
311 339 29
311 344 35
311 373 31
311 375 8
311 415 24
311 491 8
311 571 45
311 572 23
311 592 4
312 325 43
312 333 48
312 335 48
312 418 25
312 424 27
312 471 27
312 487 25
312 489 13
312 504 44
312 508 20
312 519 24
312 549 26
312 550 19
312 590 31
313 330 42
313 342 2
313 349 4
313 352 13
313 357 24
313 360 33
313 375 17
313 383 27
313 385 11
313 414 3
313 448 7
313 452 19
313 470 27
313 484 16
313 513 15
313 522 1
313 546 21
313 547 10
313 550 48
313 566 21
313 587 36
314 319 24
314 369 47
314 401 11
314 403 36
314 408 43
314 426 32
314 451 11
314 490 18
314 542 50
314 551 43
314 567 9
314 572 1
315 319 46
315 334 22
315 335 24
315 372 31
315 392 40
315 394 50
315 417 43
315 436 42
315 439 8
315 464 13
315 481 20
315 485 26
315 533 28
315 535 20
315 537 46
315 540 39
316 327 17
316 349 18
316 357 24
316 366 40
316 368 15
316 381 36
316 396 28
316 433 9
316 439 18
316 479 40
316 486 26
316 513 17
316 535 33
316 540 35
316 592 18
317 346 28
317 410 8
317 426 43
317 442 8
317 460 47
317 489 43
317 504 1
317 535 38
317 540 2
317 547 15
317 571 8
317 598 27
318 324 42
318 339 27
318 426 25
318 506 30
318 535 46
318 539 42
318 563 6
318 592 37
318 593 8
318 594 41
318 595 14
319 346 16
319 356 8
319 439 4
319 459 44
319 475 25
319 493 38
319 514 30
319 539 44
320 343 15
320 356 37
320 391 38
320 401 25
320 428 33
320 430 32
320 439 27
320 441 22
320 467 34
320 472 41
320 500 29
320 505 12
320 520 35
320 521 8
320 579 38
320 586 16
321 333 3
321 355 30
321 390 21
321 439 39
321 450 39
321 466 12
321 488 5
321 493 7
321 539 21
321 546 10
321 554 2
322 330 45
322 378 47
322 390 31
322 426 40
322 462 11
322 525 17
322 527 28
322 531 37
322 543 1
322 557 9
323 330 15
323 341 22
323 358 44
323 361 6
323 385 3
323 416 6
323 459 42
323 483 12
323 492 43
323 500 7
323 511 14
323 529 24
323 587 28
323 588 4
324 339 15
324 367 41
324 386 8
324 388 21
324 395 11
324 431 19
324 473 22
324 484 8
324 503 15
324 510 4
324 517 47
324 523 28
324 540 20
324 546 26
324 578 14
325 353 22
325 390 37
325 440 29
325 442 45
325 460 32
325 477 36
325 480 49
325 493 37
325 524 27
325 531 10
325 538 32
325 547 33
325 564 23
325 580 7
326 340 12
326 361 29
326 385 21
326 406 2
326 408 38
326 416 43
326 470 15
326 498 7
326 520 16
326 525 22
326 538 21
326 546 19
326 555 20
326 577 50
326 595 40
327 363 48
327 366 16
327 383 11
327 397 34
327 398 46
327 410 8
327 418 17
327 465 31
327 478 6
327 529 6
327 533 9
327 559 16
327 584 37
327 589 43
328 364 40
328 410 45
328 438 7
328 456 18
328 459 16
328 468 10
328 479 6
328 521 10
328 549 24
328 596 14
329 331 26
329 349 45
329 353 36
329 386 44
329 395 17
329 427 36
329 433 34
329 445 14
329 454 3
329 467 46
329 479 49
329 482 48
329 526 3
329 558 15
329 571 30
329 583 9
330 359 20
330 363 38
330 367 24
330 414 8
330 452 32
330 545 15
330 585 3
331 334 38
331 411 33
331 434 20
331 435 48
331 436 40
331 452 31
331 473 23
331 484 5
331 491 6
331 530 18
331 548 40
331 577 2
331 595 34
332 334 27
332 344 37
332 347 49
332 382 29
332 385 32
332 388 47
332 396 28
332 403 37
332 438 13
332 455 7
332 457 45
332 471 33
332 489 46
332 533 20
332 565 42
332 593 30
332 594 34
333 367 46
333 415 17
333 435 18
333 440 15
333 446 16
333 447 9
333 451 46
333 456 39
333 478 13
333 536 3
333 587 8
333 594 5
334 340 4
334 413 43
334 414 31
334 431 42
334 439 43
334 441 12
334 453 24
334 499 39
334 504 41
334 521 10
334 545 1
334 555 48
334 557 6
334 569 35
334 573 45
334 588 27
334 591 27
335 362 24
335 370 12
335 371 22
335 373 43
335 384 30
335 407 39
335 427 10
335 430 40
335 441 36
335 450 50
335 505 3
335 534 40
335 544 9
335 557 7
335 566 44
335 585 3
336 338 39
336 360 35
336 374 45
336 380 50
336 386 10
336 387 33
336 432 41
336 452 21
336 512 36
336 514 40
336 543 28
336 578 22
336 585 36
337 338 6
337 356 50
337 376 12
337 405 18
337 489 22
337 522 6
337 570 49
337 574 12
337 587 15
337 599 38
338 348 47
338 368 17
338 370 42
338 373 38
338 380 25
338 403 48
338 421 33
338 428 28
338 435 37
338 459 20
338 472 24
338 513 38
338 545 29
338 548 7
338 552 30
338 562 2
338 573 44
338 588 21
339 349 31
339 366 15
339 376 7
339 386 37
339 391 17
339 398 20
339 406 6
339 434 38
339 440 25
339 442 4
339 484 1
339 493 41
339 498 43
339 541 49
339 555 9
339 557 35
339 577 36
339 586 36
339 595 34
340 357 19
340 369 13
340 385 22
340 388 38
340 393 38
340 396 10
340 486 18
340 491 44
340 524 41
340 525 19
340 527 39
340 541 12
340 542 50
341 342 6
341 373 20
341 396 36
341 407 22
341 414 39
341 429 41
341 449 11
341 469 15
341 485 46
341 495 11
341 519 7
341 540 40
341 582 11
342 348 16
342 361 26
342 367 46
342 426 1
342 481 10
342 491 16
342 523 15
342 540 31
342 586 3
343 364 2
343 382 42
343 389 21
343 399 48
343 405 33
343 414 41
343 433 36
343 455 44
343 484 42
343 505 43
343 517 15
343 518 27
343 530 14
343 573 5
343 581 19
344 355 24
344 359 19
344 364 16
344 380 36
344 419 27
344 446 8
344 488 46
344 492 42
344 508 33
344 530 44
344 554 44
344 575 42
345 348 9
345 373 10
345 378 25
345 402 12
345 417 12
345 432 16
345 442 34
345 475 11
345 514 48
345 529 24
345 570 48
345 571 43
345 587 16
346 392 41
346 404 7
346 408 44
346 417 6
346 441 13
346 453 15
346 478 32
346 516 33
346 522 32
346 580 19
346 585 10
346 594 39
347 365 15
347 387 3
347 401 22
347 406 8
347 432 47
347 439 15
347 460 18
347 477 6
347 484 39
347 516 29
347 537 19
347 565 5
347 573 14
348 353 29
348 368 4
348 401 40
348 402 29
348 425 47
348 449 7
348 475 19
348 520 5
348 527 2
348 560 26
348 573 18
348 592 18
348 596 7
349 353 2
349 373 50
349 376 26
349 377 11
349 378 40
349 386 42
349 389 14
349 390 13
349 412 1
349 439 12
349 460 28
349 490 18
349 496 17
349 524 18
349 545 49
349 561 38
349 577 24
350 361 12
350 386 18
350 422 28
350 424 3
350 431 46
350 456 26
350 464 9
350 477 16
350 483 32
350 493 11
350 500 42
350 503 1
350 535 30
350 536 50
350 548 3
350 588 29
351 353 25
351 354 13
351 365 21
351 382 18
351 419 26
351 420 33
351 447 18
351 451 39
351 453 12
351 455 36
351 459 6
351 487 30
351 493 36
351 524 45
351 553 3
351 558 49
351 559 12
352 400 32
352 433 2
352 447 10
352 469 7
352 493 12
352 518 25
352 524 39
352 548 24
352 550 18
352 551 39
352 562 4
352 568 18
352 577 41
352 583 34
352 590 44
353 377 6
353 414 4
353 418 12
353 428 33
353 435 37
353 458 31
353 459 22
353 469 48
353 475 18
353 487 29
353 582 29
353 595 3
354 356 23
354 393 32
354 413 2
354 423 36
354 427 13
354 462 5
354 464 45
354 513 22
354 522 16
354 529 22
354 539 12
354 581 42
355 364 39
355 368 50
355 369 45
355 378 8
355 393 43
355 395 28
355 421 4
355 434 48
355 460 32
355 498 15
355 526 32
356 365 20
356 415 47
356 428 3
356 430 19
356 533 15
356 538 31
356 550 48
356 561 17
356 567 3
357 375 31
357 384 20
357 417 39
357 434 45
357 454 24
357 455 35
357 480 18
357 510 42
357 512 6
357 548 29
357 566 33
357 594 47
358 415 31
358 489 29
358 524 6
358 580 23
359 386 8
359 399 9
359 401 22
359 408 39
359 422 25
359 459 3
359 532 10
359 559 22
359 564 6
359 596 31
360 369 36
360 395 38
360 431 30
360 556 4
360 576 41
360 581 10
361 371 24
361 440 31
361 496 6
361 508 49
361 542 17
361 544 24
361 558 42
361 582 25
361 589 2
362 372 24
362 374 23
362 380 32
362 449 4
362 453 28
362 468 6
362 499 12
362 505 39
362 527 29
362 537 2
362 539 13
362 544 32
363 380 12
363 388 36
363 421 39
363 521 44
363 533 23
363 540 26
363 555 23
363 584 27
363 588 18
364 414 34
364 426 2
364 474 50
364 487 39
364 488 50
364 509 17
364 535 14
364 538 42
364 549 41
364 551 18
364 580 17
365 371 13
365 379 1
365 406 21
365 407 42
365 450 7
365 478 32
365 485 30
365 489 35
365 492 35
365 500 43
365 536 18
365 538 46
365 543 30
365 551 8
365 559 41
365 589 3
366 406 34
366 436 13
366 445 29
366 447 3
366 448 46
366 459 30
366 464 3
366 497 37
366 529 29
366 556 21
366 576 50
367 414 22
367 425 11
367 439 17
367 442 39
367 524 25
367 550 18
367 571 11
367 573 18
367 588 26
368 399 44
368 450 48
368 490 10
368 500 28
368 512 42
368 526 30
368 536 26
368 565 21
368 589 37
369 395 16
369 427 23
369 434 22
369 441 29
369 473 1
369 479 25
369 497 24
369 552 32
369 566 29
370 394 10
370 428 13
370 432 49
370 454 12
370 463 34
370 485 11
370 513 28
370 559 24
370 563 35
370 569 47
371 381 34
371 392 2
371 480 22
371 481 27
371 507 1
371 520 34
371 541 7
371 564 42
371 595 15
372 381 32
372 407 13
372 416 1
372 444 47
372 462 37
372 476 25
372 484 25
372 488 40
372 491 49
372 551 1
372 561 21
372 572 27
372 597 12
372 598 33
373 386 27
373 398 23
373 435 19
373 472 37
373 519 3
373 544 42
373 565 21
373 577 49
373 585 28
374 378 24
374 436 23
374 451 6
374 469 25
374 486 6
374 496 12
374 498 18
374 509 22
374 511 45
374 515 30
374 527 22
374 533 42
374 540 19
374 553 46
374 555 16
374 556 8
374 566 46
374 571 18
375 406 28
375 408 24
375 413 32
375 414 13
375 424 50
375 429 4
375 505 31
375 525 36
375 540 8
375 575 24
376 390 8
376 401 9
376 402 3
376 430 34
376 450 31
376 451 11
376 469 8
376 493 38
376 520 24
376 525 25
376 534 11
376 541 19
376 554 7
376 560 32
376 571 10
376 581 25
376 592 30
377 438 27
377 464 34
377 467 27
377 487 47
377 496 11
377 541 3
377 542 28
377 561 25
377 563 2
378 434 33
378 447 5
378 519 40
378 521 41
378 531 31
378 541 49
378 565 1
378 588 35
378 596 32
379 382 33
379 392 45
379 468 39
379 470 22
379 502 21
379 504 16
380 434 32
380 442 39
380 448 24
380 483 13
380 543 50
380 585 50
381 424 44
381 435 26
381 443 33
381 458 23
381 460 22
381 472 45
381 475 25
381 543 49
381 550 20
381 598 28
382 387 32
382 390 26
382 398 19
382 399 24
382 437 6
382 442 18
382 444 24
382 457 43
382 514 49
382 532 6
382 571 39
382 581 40
382 589 27
383 387 9
383 394 5
383 407 8
383 418 47
383 473 30
383 493 22
383 523 46
383 525 31
383 586 18
384 393 24
384 409 13
384 435 42
384 441 47
384 454 7
384 480 16
384 488 48
384 499 28
384 502 45
384 510 31
384 520 4
384 521 14
384 536 4
384 574 11
384 596 31
385 413 29
385 416 3
385 434 29
385 437 36
385 508 42
385 522 18
385 534 14
385 545 50
386 405 24
386 427 23
386 459 49
386 477 3
386 478 46
386 484 46
386 522 35
386 524 13
386 527 21
386 537 47
386 559 4
386 578 18
387 388 6
387 411 21
387 428 15
387 450 33
387 471 16
387 523 45
387 554 36
387 564 31
387 587 50
388 421 47
388 441 11
388 451 30
388 452 1
388 479 41
388 483 15
388 485 42
388 495 11
388 510 28
388 526 44
388 534 34
388 539 50
388 557 44
388 562 39
388 585 45
388 586 39
389 397 23
389 407 10
389 435 10
389 436 22
389 459 15
389 470 29
389 506 27
389 544 36
389 597 43
390 401 11
390 429 3
390 449 39
390 473 49
390 482 35
390 490 40
390 501 47
390 523 45
390 527 19
390 543 47
390 559 37
391 416 33
391 463 41
391 478 47
391 547 12
392 401 36
392 426 31
392 439 11
392 481 29
392 498 21
392 505 7
392 519 19
392 528 43
392 551 16
392 568 30
392 569 16
392 589 33
392 593 8
392 597 44
393 403 20
393 408 2
393 414 5
393 424 22
393 487 42
393 501 5
393 520 8
393 530 31
393 578 1
393 583 2
393 593 1
394 400 49
394 457 40
394 466 35
394 504 41
394 515 37
394 537 46
394 570 26
395 399 19
395 428 8
395 430 6
395 446 39
395 461 17
395 466 27
395 496 33
395 513 34
395 528 8
395 534 49
395 535 16
395 538 16
395 568 42
395 596 35
396 403 19
396 413 48
396 426 8
396 434 13
396 510 2
396 526 15
396 529 45
396 537 4
396 552 18
396 557 46
396 568 5
396 597 10
397 412 32
397 421 45
397 458 46
397 484 30
397 492 23
397 494 14
397 500 37
397 517 30
397 538 4
397 540 5
397 555 6
398 421 36
398 424 39
398 451 14
398 514 36
398 515 6
398 547 31
399 402 30
399 448 43
399 460 1
399 499 27
399 500 50
399 504 15
399 538 31
399 539 17
399 553 10
399 559 34
400 441 36
400 442 7
400 467 40
400 486 45
400 538 38
400 543 35
401 412 40
401 426 17
401 430 9
401 474 5
401 481 6
401 495 40
401 499 10
401 502 12
401 521 46
401 550 46
401 576 50
401 578 11
401 581 33
401 583 6
401 585 43
402 418 12
402 421 48
402 435 45
402 450 41
402 481 49
402 485 10
402 486 21
402 522 17
402 550 21
402 562 6
402 573 3
402 582 27
402 594 46
403 445 49
403 447 16
403 452 32
403 478 41
403 491 35
403 519 42
403 536 45
403 555 42
403 562 31
403 573 5
403 592 3
404 407 26
404 410 2
404 432 5
404 441 38
404 479 34
404 496 12
404 594 32
405 406 48
405 425 11
405 426 29
405 463 38
405 474 9
405 539 38
405 549 10
405 555 28
406 455 10
406 507 15
406 516 30
406 527 36
406 546 12
407 411 30
407 426 3
407 435 43
407 446 20
407 451 37
407 453 34
407 529 15
408 422 30
408 430 15
408 505 21
408 517 33
408 571 42
408 584 24
409 418 37
409 425 32
409 430 9
409 455 48
409 486 15
409 491 6
409 492 8
409 517 43
409 555 45
409 566 18
409 583 32
410 416 4
410 425 45
410 470 41
410 488 19
410 496 26
410 510 28
410 559 32
411 458 6
411 460 31
411 468 25
411 470 25
411 483 19
411 486 10
411 491 41
411 497 49
411 499 26
411 534 13
411 539 33
411 548 20
411 569 36
411 578 19
412 487 3
412 513 45
412 530 18
412 546 17
412 547 2
412 555 27
412 563 10
412 571 47
413 450 44
413 473 41
413 511 50
413 533 41
413 538 34
413 567 20
413 590 16
414 415 11
414 436 2
414 451 23
414 453 41
414 479 28
414 483 50
414 485 10
414 505 39
414 520 40
414 533 10
414 535 15
414 582 3
415 444 42
415 490 36
415 494 40
415 496 12
415 516 38
415 526 34
415 565 31
416 474 4
416 503 38
416 528 7
416 545 15
416 577 34
417 425 2
417 426 8
417 477 33
417 495 42
417 519 41
417 524 5
417 557 10
417 564 1
417 574 6
417 577 34
417 590 42
418 426 35
418 436 33
418 442 3
418 459 23
418 469 25
418 477 14
418 489 39
418 493 29
418 504 7
418 541 24
418 556 18
418 573 18
418 579 11
418 589 4
419 439 48
419 467 17
419 493 41
419 508 6
419 523 31
419 530 26
419 537 7
419 540 38
419 551 10
420 435 1
420 437 30
420 468 14
420 485 12
420 497 31
420 519 21
420 557 47
420 560 24
420 564 5
420 571 30
420 582 28
420 583 30
421 436 4
421 462 41
421 473 18
421 481 34
421 483 47
421 497 42
421 501 1
421 506 16
421 518 4
421 528 6
421 532 15
421 553 20
421 572 46
421 588 20
421 590 3
422 427 21
422 451 28
422 491 42
422 492 31
422 493 30
422 524 22
422 525 46
422 527 41
422 544 4
422 556 17
422 564 38
422 571 27
422 590 23
422 595 19
422 599 6
423 486 2
423 501 24
423 531 46
423 541 20
423 552 7
423 553 44
423 560 13
424 448 9
424 495 11
424 519 16
424 534 15
424 550 25
424 571 38
424 585 10
424 589 46
425 475 40
425 483 33
425 495 25
425 500 31
425 529 15
425 539 5
425 584 2
426 492 10
426 499 47
426 522 5
426 525 26
426 532 36
426 535 33
426 549 49
426 551 4
426 574 38
426 575 2
426 593 29
427 461 35
427 467 23
427 472 35
427 486 30
427 491 35
427 504 46
427 533 40
427 573 3
427 583 10
428 444 16
428 458 40
428 490 19
428 502 11
428 548 29
428 573 3
428 575 36
428 599 9
429 466 17
429 474 40
429 532 13
429 544 27
429 556 38
430 454 19
430 459 4
430 488 24
430 494 2
430 507 4
430 560 29
430 561 41
430 584 6
430 593 8
431 441 26
431 491 28
431 513 44
431 531 5
431 538 15
431 545 39
431 555 47
431 586 17
431 593 48
432 434 12
432 447 6
432 521 19
432 588 23
433 466 34
433 478 23
433 495 10
433 509 44
433 541 40
433 547 1
433 554 8
433 579 18
433 586 38
434 474 27
434 501 21
434 503 11
434 512 30
434 515 27
434 553 40
434 557 20
434 582 34
435 440 49
435 470 47
435 486 13
435 508 42
435 552 4
435 558 27
435 565 33
435 567 50
436 442 45
436 446 30
436 465 13
436 472 50
436 474 50
436 503 35
436 536 35
436 564 23
437 454 46
437 476 31
437 500 12
437 530 46
437 545 38
437 548 31
437 578 34
437 587 14
438 447 3
438 449 44
438 453 45
438 482 29
438 509 35
438 526 17
438 532 12
438 541 33
438 561 13
438 564 27
438 571 25
439 481 18
439 486 3
439 499 7
439 506 19
439 531 48
439 535 38
439 556 32
439 589 49
439 596 38
440 449 18
440 490 36
440 496 12
440 518 14
440 541 16
440 554 25
441 474 9
441 475 3
441 478 5
441 510 42
441 571 19
441 573 7
441 575 38
441 589 13
442 501 38
442 504 22
442 519 29
442 528 1
442 536 7
442 580 44
442 582 27
442 595 33
443 452 13
443 459 32
443 477 41
443 481 32
443 488 31
443 499 28
443 536 13
443 550 31
443 551 17
443 565 32
443 581 16
443 588 28
444 456 45
444 495 33
444 499 2
444 509 6
444 512 38
444 566 8
444 582 49
445 503 6
445 554 17
445 563 36
445 573 20
445 578 6
446 461 10
446 462 1
446 474 6
446 476 16
446 487 46
446 488 35
446 516 50
446 525 8
446 535 18
446 570 40
446 597 39
447 464 48
447 468 19
447 505 3
447 534 30
448 461 36
448 486 35
448 513 46
448 523 15
448 538 31
448 555 28
448 563 19
448 588 36
448 599 17
449 481 26
449 530 35
449 574 24
449 585 44
449 599 22
450 453 44
450 484 49
450 503 33
450 518 46
450 535 7
450 542 50
450 543 41
450 566 43
450 569 49
450 579 50
451 501 10
451 518 38
451 525 39
452 462 9
452 481 7
452 484 43
452 485 38
452 530 44
452 538 29
452 582 33
453 459 8
453 472 10
453 479 13
453 502 28
453 509 47
453 511 29
453 525 6
453 548 33
453 572 3
453 586 49
453 591 5
454 479 48
454 486 50
454 493 37
454 503 43
454 524 6
454 536 37
454 537 35
454 572 48
454 575 37
454 595 34
454 596 7
455 480 25
455 483 24
455 515 15
455 534 33
455 538 19
455 544 2
455 567 26
455 569 47
455 570 37
456 460 33
456 479 8
456 482 1
456 495 11
456 500 7
456 514 31
456 530 18
456 583 39
457 464 35
457 481 16
457 500 45
457 523 32
457 562 15
457 569 34
457 570 26
457 594 22
457 597 22
458 479 12
458 487 19
458 541 8
458 562 48
458 569 27
459 461 32
459 483 21
459 487 43
459 488 14
459 497 41
459 510 47
459 517 39
459 539 38
459 540 35
459 559 24
459 568 47
459 574 35
459 582 36
460 489 3
460 544 17
460 562 3
460 573 44
461 558 2
461 571 20
461 584 38
461 596 35
462 485 37
462 511 21
462 545 13
462 551 8
462 597 42
463 473 24
463 478 29
463 501 2
463 502 21
463 524 7
463 555 33
463 591 44
463 596 50
464 504 49
464 520 34
464 522 48
464 531 39
464 542 23
464 554 34
464 587 12
464 596 20
465 473 20
465 479 49
465 489 24
465 505 36
465 546 3
465 549 19
465 594 39
466 526 23
466 530 7
466 566 24
466 580 9
467 469 29
467 481 36
467 516 18
467 532 23
467 549 11
468 472 46
468 485 24
468 493 34
468 515 3
468 526 8
468 539 27
468 552 4
468 566 6
468 576 12
469 481 3
469 491 45
469 493 37
469 497 36
469 526 8
469 546 6
469 578 5
469 587 9
471 484 31
471 531 42
471 570 11
471 596 50
472 493 31
472 507 35
472 511 8
472 535 4
472 540 45
472 567 38
472 572 41
472 585 13
473 475 10
473 481 3
473 484 8
473 500 35
473 512 36
473 520 12
473 532 45
473 583 14
473 593 15
474 489 50
474 497 28
474 511 19
474 541 46
474 565 14
474 566 4
474 594 6
475 500 21
475 505 10
475 517 16
475 581 1
475 590 2
476 484 28
476 501 2
476 536 32
476 542 13
476 554 9
476 570 37
476 575 9
476 589 49
476 593 29
477 510 23
477 545 8
478 483 31
478 533 31
478 539 45
478 579 17
479 488 44
479 505 39
479 581 32
480 494 11
480 505 40
480 513 9
480 548 29
480 574 36
480 578 22
480 581 33
481 487 43
481 511 42
481 512 42
481 523 8
481 528 45
481 556 45
481 580 35
481 584 46
481 585 26
482 489 49
482 496 7
482 521 12
482 526 8
482 543 5
482 544 40
482 547 30
482 548 14
482 573 23
482 578 12
482 585 10
482 587 41
483 484 8
483 486 48
483 489 22
483 498 18
483 502 38
483 503 31
483 547 48
483 560 25
483 582 4
483 596 30
484 487 19
484 489 48
484 517 24
484 520 26
484 526 42
484 531 18
484 539 12
484 551 39
484 554 46
484 558 11
484 599 45
485 489 9
485 519 20
485 531 1
485 532 1
485 551 1
485 568 17
485 572 23
485 587 15
486 521 26
486 533 13
486 561 22
486 588 24
487 508 36
487 512 41
487 529 13
487 536 16
487 540 38
487 548 39
487 587 22
488 503 20
488 510 7
488 547 19
489 500 45
489 508 32
489 550 10
489 567 14
489 568 45
490 504 48
490 507 9
490 519 7
490 539 45
490 546 18
491 523 28
491 533 47
491 536 20
491 549 29
491 587 13
492 501 42
492 509 45
492 540 39
492 569 6
492 593 18
493 528 12
493 540 41
493 541 10
493 564 26
493 569 9
493 581 47
493 593 14
494 515 30
494 517 18
494 525 20
494 547 48
494 551 12
494 582 3
494 587 9
495 505 26
495 508 47
495 533 8
495 549 34
495 565 6
496 521 4
496 543 3
496 570 33
496 587 1
497 555 22
497 561 13
497 572 13
497 592 15
498 525 7
498 551 1
498 561 22
498 573 26
498 582 14
499 530 13
499 534 35
499 539 39
499 548 21
499 552 34
499 573 2
499 580 2
499 591 1
500 571 21
500 578 1
500 586 15
501 529 25
501 559 9
501 582 40
502 505 22
502 507 18
502 521 25
502 536 27
502 539 22
502 582 30
502 584 11
502 596 22
503 520 3
503 527 24
503 536 36
503 561 20
504 506 32
504 580 37
505 525 41
505 527 8
505 547 2
505 549 3
505 556 44
505 568 41
505 589 25
506 514 27
506 531 44
506 569 26
506 579 30
506 590 15
507 526 26
507 585 44
507 588 41
508 522 36
508 531 35
508 555 12
508 572 4
508 594 11
509 525 40
509 548 25
509 554 40
509 560 1
509 562 48
509 572 45
510 525 26
510 527 33
510 553 14
510 570 7
510 587 21
511 562 4
511 599 16
512 533 23
512 534 9
512 541 12
512 549 15
512 581 33
513 551 40
513 558 8
513 569 11
514 518 19
514 524 24
514 525 38
514 536 14
514 590 15
515 540 24
515 559 50
515 569 26
515 571 29
515 572 11
515 577 18
515 597 3
516 544 2
516 551 20
516 583 2
516 598 46
517 524 45
517 528 34
517 543 9
517 579 3
517 581 7
518 521 15
518 548 21
519 557 29
519 589 23
520 581 32
520 590 43
521 543 7
521 546 21
521 579 50
521 581 17
521 586 42
521 599 24
522 564 7
522 590 7
522 591 40
523 533 30
523 537 9
523 545 17
523 589 8
524 549 19
524 572 34
524 593 12
525 554 22
526 535 3
526 565 13
526 576 18
527 554 49
527 563 48
527 564 28
527 572 4
527 577 4
527 584 42
527 593 24
528 544 34
528 549 16
528 553 7
528 563 26
528 568 25
528 570 27
528 584 28
528 588 41
529 540 20
529 581 3
529 591 49
530 569 29
530 582 42
531 537 28
531 548 37
531 586 8
532 559 37
532 581 7
533 566 44
534 541 48
534 547 28
534 591 48
535 539 12
535 543 47
535 548 47
535 560 12
535 565 27
535 567 2
535 577 15
536 539 20
536 547 25
536 578 1
536 588 36
537 539 31
537 570 28
537 576 10
537 597 9
538 550 5
538 558 2
538 562 31
538 564 9
538 574 1
538 576 11
538 596 2
539 541 30
539 544 47
539 555 10
539 578 17
539 584 5
540 549 3
540 551 16
540 563 34
540 581 2
540 585 28
540 588 33
541 563 48
541 575 39
541 580 9
541 593 49
542 560 5
542 562 28
542 573 25
542 587 5
543 546 15
544 548 7
544 569 33
544 573 24
544 580 16
544 581 39
545 561 28
546 549 46
546 553 50
546 579 30
546 585 8
547 553 1
547 567 9
547 583 4
548 549 10
549 552 27
549 557 10
549 567 14
549 588 43
551 556 43
551 578 16
552 585 20
552 587 25
553 562 15
553 591 10
554 586 35
555 559 16
555 563 14
556 582 13
557 570 40
557 589 21
558 574 27
558 587 47
559 580 5
559 583 3
560 577 14
561 567 43
561 582 32
562 565 11
562 567 42
563 568 11
564 567 18
564 571 45
564 592 21
564 596 23
565 572 4
565 590 50
566 595 32
568 583 20
569 572 42
570 577 26
570 593 35
570 595 13
571 580 3
571 599 1
573 584 24
574 578 39
574 588 16
576 591 39
576 596 1
579 592 8
580 582 9
582 596 30
583 588 6
583 590 13
584 586 32
584 591 21
585 595 8
586 588 15
586 592 31
588 598 1
591 597 27
592 595 50
595 596 45
600 299 28
601 599 16
600 601 44
602 619 1
602 647 2
602 688 1
602 703 7
602 724 3
602 762 5
602 791 6
602 796 1
602 821 2
602 825 5
602 833 3
602 836 10
602 837 7
602 845 1
602 855 10
602 874 10
602 878 2
603 613 7
603 627 6
603 655 2
603 660 1
603 676 6
603 734 6
603 796 4
603 837 1
603 846 4
603 860 3
603 868 5
603 875 8
603 898 8
603 900 4
604 613 10
604 649 9
604 654 6
604 705 6
604 723 3
604 756 3
604 806 3
604 832 3
604 836 6
604 843 7
604 853 7
604 858 6
604 877 6
604 887 8
605 609 7
605 611 7
605 619 1
605 627 6
605 649 2
605 663 2
605 680 6
605 683 9
605 709 9
605 770 9
605 782 9
605 789 3
605 805 2
605 824 6
605 842 2
606 655 9
606 727 1
606 761 1
606 762 9
606 766 8
606 803 6
606 804 2
606 805 10
606 817 1
606 827 4
606 849 6
606 850 9
606 855 1
606 856 3
606 872 4
607 613 10
607 615 9
607 646 10
607 647 10
607 654 4
607 655 3
607 668 3
607 675 2
607 686 1
607 733 1
607 740 10
607 746 2
607 751 5
607 753 3
607 773 7
607 791 6
607 805 1
607 855 9
607 857 6
607 868 2
608 615 6
608 636 4
608 651 3
608 684 6
608 689 4
608 695 8
608 718 3
608 729 2
608 751 10
608 753 5
608 757 6
608 771 9
608 775 3
608 777 5
608 844 8
608 870 9
608 877 8
609 611 2
609 654 10
609 659 10
609 698 3
609 701 9
609 759 1
609 773 7
609 805 2
609 807 9
609 813 3
609 821 4
609 859 7
609 883 10
610 629 5
610 660 5
610 690 3
610 722 9
610 723 10
610 751 8
610 766 7
610 785 2
610 790 2
610 796 6
610 797 6
610 801 7
610 834 7
610 838 10
610 865 3
610 884 6
610 891 10
611 627 2
611 658 8
611 660 9
611 671 4
611 720 10
611 760 10
611 776 4
611 798 8
611 799 3
611 819 5
611 835 2
611 844 8
611 854 3
611 855 2
611 856 3
611 862 7
611 863 6
611 891 3
612 615 8
612 632 4
612 649 9
612 662 9
612 679 5
612 694 7
612 730 6
612 776 3
612 778 3
612 819 8
613 617 7
613 709 8
613 714 7
613 764 1
613 778 7
613 779 8
613 785 4
613 808 8
613 834 7
613 838 7
613 848 6
613 860 1
613 863 3
613 871 7
613 873 8
613 877 6
613 901 10
614 619 2
614 633 2
614 659 6
614 678 5
614 753 10
614 794 1
614 831 3
614 835 10
615 629 7
615 664 1
615 670 8
615 686 1
615 690 3
615 693 5
615 715 7
615 720 3
615 729 3
615 743 7
615 770 9
615 792 10
615 799 2
615 819 7
615 893 8
615 898 9
616 648 4
616 653 10
616 672 3
616 689 10
616 692 8
616 693 8
616 695 10
616 697 9
616 702 10
616 708 7
616 711 5
616 742 9
616 750 9
616 815 10
616 836 10
616 841 5
616 869 10
616 874 7
617 618 7
617 621 5
617 665 3
617 667 5
617 677 7
617 719 6
617 731 4
617 755 5
617 760 7
617 770 5
617 798 3
617 803 7
617 842 5
617 850 6
617 870 6
617 876 8
618 648 8
618 662 5
618 745 5
618 757 9
618 832 4
618 833 4
618 855 7
618 864 10
618 877 4
618 887 5
619 636 9
619 647 6
619 668 1
619 670 1
619 690 2
619 692 7
619 701 5
619 706 5
619 725 1
619 795 1
619 797 2
619 814 4
619 822 7
619 825 10
619 870 9
619 879 2
619 883 8
620 658 5
620 667 7
620 712 4
620 716 2
620 725 4
620 740 8
620 751 7
620 764 4
620 775 3
620 824 2
620 826 10
620 838 3
620 848 8
620 859 4
620 883 3
621 641 3
621 650 6
621 652 3
621 656 4
621 680 2
621 684 7
621 716 10
621 735 5
621 773 9
621 873 3
621 886 10
622 634 8
622 669 5
622 672 10
622 682 9
622 688 2
622 711 5
622 713 7
622 729 7
622 746 6
622 835 1
622 866 5
622 887 4
622 892 6
622 893 9
623 636 6
623 663 6
623 698 3
623 753 3
623 771 1
623 781 6
623 796 7
623 798 7
623 800 10
623 842 2
623 851 10
623 858 9
623 861 4
623 887 4
624 645 9
624 654 8
624 713 6
624 726 6
624 775 2
624 776 5
624 808 6
624 809 6
624 817 1
624 824 3
624 873 2
624 874 9
625 642 5
625 672 8
625 703 2
625 715 10
625 722 7
625 730 9
625 747 5
625 818 1
625 855 1
626 628 8
626 638 8
626 661 9
626 672 4
626 687 10
626 688 1
626 699 3
626 707 8
626 725 4
626 744 9
626 754 8
626 765 1
626 774 4
626 810 4
626 816 5
626 817 10
626 824 9
626 846 10
626 897 1
627 630 1
627 632 3
627 645 9
627 671 5
627 672 1
627 686 2
627 695 7
627 699 9
627 708 1
627 726 3
627 734 9
627 735 3
627 763 10
627 804 9
627 823 2
627 854 3
627 855 8
628 664 2
628 672 8
628 688 7
628 731 7
628 733 6
628 747 4
628 759 9
628 776 1
628 809 7
628 813 5
628 831 10
629 636 8
629 648 6
629 655 2
629 664 10
629 682 9
629 723 10
629 768 7
629 793 1
629 808 4
629 811 3
629 816 1
629 820 4
629 826 7
629 828 1
630 647 6
630 726 7
630 752 9
630 758 7
630 797 1
630 849 6
630 893 10
631 633 10
631 661 2
631 674 8
631 682 5
631 687 6
631 689 9
631 691 7
631 693 4
631 701 3
631 727 7
631 743 3
631 780 9
631 785 10
631 796 5
631 818 9
631 827 2
631 840 1
632 637 9
632 662 5
632 664 5
632 672 9
632 678 8
632 688 1
632 691 9
632 710 3
632 712 9
632 721 10
632 774 10
632 777 2
632 794 5
632 893 1
632 899 1
633 653 9
633 778 9
633 847 6
633 895 6
634 644 7
634 651 4
634 680 1
634 750 1
634 766 10
634 828 4
634 836 9
634 874 2
634 875 8
634 886 9
634 890 3
634 893 10
635 660 7
635 681 7
635 715 6
635 717 7
635 725 4
635 743 8
635 747 8
635 764 8
635 807 7
635 821 7
635 828 9
635 837 8
635 842 1
635 857 10
636 638 10
636 647 1
636 652 10
636 667 5
636 677 6
636 719 8
636 734 9
636 742 7
636 760 8
636 784 10
636 859 2
636 889 7
636 900 3
637 642 1
637 689 7
637 709 5
637 724 2
637 736 4
637 754 3
637 778 7
637 802 2
637 826 6
637 847 6
637 871 9
637 873 6
637 876 4
637 897 5
638 660 4
638 665 3
638 676 8
638 677 5
638 689 3
638 690 10
638 691 4
638 705 9
638 707 6
638 735 1
638 744 9
638 772 4
638 785 9
638 790 1
638 811 7
638 820 7
638 834 3
638 854 7
639 650 3
639 651 8
639 652 10
639 664 8
639 669 10
639 677 8
639 683 2
639 688 8
639 708 3
639 715 10
639 720 3
639 727 9
639 741 7
639 746 8
639 759 1
639 812 6
639 822 3
639 841 5
639 846 5
639 849 6
639 853 4
639 863 2
640 642 9
640 686 2
640 693 7
640 717 9
640 739 2
640 760 3
640 783 7
640 852 5
641 642 1
641 646 1
641 667 4
641 680 10
641 732 1
641 745 5
641 749 9
641 821 2
641 847 2
641 851 4
641 882 3
642 645 6
642 651 2
642 654 9
642 663 4
642 699 4
642 706 6
642 738 6
642 759 9
642 761 1
642 771 3
642 775 2
642 791 2
642 797 1
642 798 5
642 886 1
642 897 1
642 899 9
643 664 3
643 682 7
643 701 5
643 702 4
643 833 8
643 859 8
643 872 5
643 877 8
643 901 2
644 652 4
644 678 1
644 704 6
644 727 7
644 775 3
644 791 1
644 799 10
644 812 2
644 825 4
644 872 3
644 878 7
644 884 9
644 889 3
645 657 9
645 669 4
645 746 6
645 767 3
645 778 6
645 786 1
645 789 3
645 811 7
645 869 1
645 879 5
645 884 5
646 665 5
646 687 10
646 696 2
646 700 4
646 701 7
646 721 1
646 723 7
646 752 2
646 777 1
646 783 2
646 796 10
646 806 6
646 858 3
646 868 9
646 875 7
646 896 8
647 684 3
647 687 5
647 723 9
647 730 6
647 802 6
647 805 2
647 814 1
647 825 8
647 834 7
647 848 3
647 853 10
647 875 5
648 670 3
648 705 6
648 730 10
648 736 7
648 762 8
648 766 3
648 832 2
648 835 4
648 846 6
648 848 9
648 854 5
649 675 8
649 676 2
649 680 4
649 681 3
649 683 4
649 700 4
649 778 1
649 780 4
649 791 6
649 824 6
649 826 2
649 845 1
649 873 1
649 879 5
649 891 4
650 671 10
650 740 1
650 743 6
650 765 1
650 781 8
650 804 9
650 865 6
650 877 7
651 678 7
651 685 5
651 697 1
651 699 9
651 704 8
651 707 6
651 719 9
651 724 4
651 743 4
651 753 10
651 787 7
651 806 8
651 820 6
651 836 2
651 886 9
651 892 9
652 653 8
652 668 6
652 705 2
652 718 10
652 725 8
652 728 6
652 744 3
652 747 7
652 763 8
652 766 9
652 802 7
652 809 5
652 822 9
652 840 4
652 847 3
652 873 7
652 882 9
652 901 4
653 658 5
653 696 8
653 707 9
653 744 5
653 747 2
653 749 4
653 756 5
653 781 10
653 789 2
653 805 2
653 809 2
653 810 2
653 811 2
653 817 9
654 695 7
654 702 3
654 728 8
654 759 4
654 762 8
654 776 3
654 831 10
654 833 7
654 847 1
654 848 8
654 879 2
654 885 1
655 674 1
655 687 4
655 785 7
655 810 1
656 687 9
656 705 4
656 722 9
656 726 10
656 751 8
656 773 2
656 779 5
656 781 4
656 785 1
656 803 6
656 824 5
656 828 2
656 858 9
657 661 8
657 663 10
657 688 5
657 692 10
657 729 10
657 749 8
657 756 9
657 768 2
657 783 9
657 811 6
657 893 4
658 683 6
658 686 9
658 695 4
658 708 9
658 711 4
658 736 10
658 761 1
658 770 3
658 785 5
658 802 9
658 824 2
658 885 3
658 896 2
659 694 6
659 728 8
659 763 3
659 774 4
659 782 3
659 792 4
659 814 4
659 824 2
659 831 6
659 839 9
659 873 2
659 888 5
660 686 6
660 722 10
660 778 8
660 810 7
660 812 7
660 836 1
660 860 2
660 861 5
660 868 6
660 888 2
660 894 9
661 673 7
661 677 3
661 731 1
661 741 2
661 742 3
661 761 4
661 791 6
661 793 5
661 799 1
661 804 3
661 807 7
661 835 6
661 868 7
661 877 2
661 883 10
661 888 9
662 675 7
662 680 8
662 684 10
662 708 3
662 712 5
662 727 1
662 754 10
662 813 1
662 814 8
662 822 2
662 824 5
662 871 4
662 875 7
662 896 8
663 677 2
663 681 4
663 729 10
663 743 4
663 762 7
663 769 5
663 790 7
663 832 2
663 850 9
663 851 8
663 854 4
663 871 7
664 687 5
664 707 1
664 739 8
664 741 4
664 759 1
664 761 7
664 833 3
665 671 10
665 725 9
665 735 8
665 756 2
665 764 9
665 784 10
665 789 9
665 829 2
665 830 6
665 850 3
666 669 9
666 674 4
666 727 6
666 736 4
666 742 3
666 753 10
666 830 2
666 885 9
667 706 6
667 712 3
667 753 7
667 770 5
667 796 8
667 809 5
667 834 2
667 876 10
667 886 5
667 893 5
667 894 10
668 689 1
668 711 10
668 772 9
668 791 1
668 796 7
668 805 3
668 810 1
668 817 8
668 827 3
668 835 3
668 842 4
668 883 5
669 671 1
669 674 7
669 702 3
669 707 6
669 752 1
669 778 2
669 780 7
669 781 10
669 796 9
669 801 1
669 805 8
669 817 6
669 818 8
669 836 3
669 838 7
669 866 8
670 672 9
670 682 3
670 707 7
670 731 1
670 756 2
670 759 8
670 777 1
670 808 8
670 832 2
670 833 4
670 837 8
670 838 4
670 840 6
670 883 1
671 731 1
671 737 8
671 765 9
671 770 3
671 776 3
671 786 9
671 810 4
671 812 1
671 850 8
671 852 4
671 890 1
672 675 8
672 721 9
672 757 10
672 766 2
672 772 5
672 801 9
672 836 10
672 840 8
672 842 8
672 868 2
672 871 9
673 689 7
673 702 4
673 703 9
673 757 8
673 765 7
673 766 6
673 775 1
673 806 2
673 828 8
673 859 1
673 868 1
674 761 8
674 797 3
674 809 5
674 815 6
674 818 8
674 832 5
674 846 6
674 892 2
674 897 7
675 680 3
675 689 10
675 690 9
675 746 4
675 754 5
675 800 7
675 804 5
675 817 4
675 822 4
675 863 6
675 870 4
675 873 2
675 886 1
675 892 2
676 709 9
676 735 8
676 756 9
676 777 10
676 843 1
676 895 8
677 685 2
677 696 2
677 714 5
677 737 7
677 762 6
677 768 1
677 899 4
678 679 3
678 686 8
678 718 5
678 731 1
678 746 2
678 758 7
678 759 9
678 780 7
678 809 3
678 815 8
678 836 1
678 865 6
678 880 3
678 887 8
679 702 9
679 713 5
679 716 8
679 722 3
679 749 3
679 756 7
679 770 1
679 802 4
679 810 8
679 824 1
679 858 8
679 866 9
679 887 5
680 704 4
680 709 6
680 720 7
680 742 7
680 768 8
680 770 4
680 775 4
680 787 9
680 821 7
680 848 10
680 849 7
680 861 3
680 890 2
680 901 6
681 691 5
681 692 7
681 722 9
681 833 2
681 847 7
681 857 3
681 870 2
681 890 9
682 699 7
682 718 8
682 776 2
682 812 1
682 868 5
682 874 2
682 883 10
683 690 5
683 721 8
683 751 3
683 793 1
683 833 5
683 834 9
683 854 8
683 872 10
684 704 2
684 726 8
684 745 7
684 748 1
684 751 7
684 795 1
684 801 4
684 806 2
684 880 6
684 883 2
684 895 10
684 901 9
685 709 9
685 722 2
685 739 10
685 740 9
685 742 1
685 766 8
685 768 2
685 788 3
685 795 4
685 811 3
685 835 2
685 839 9
685 844 3
685 863 4
685 879 9
686 694 7
686 738 2
686 753 8
686 780 8
686 781 6
686 792 6
686 808 6
686 810 8
686 846 4
686 856 7
686 883 2
686 885 5
686 894 4
687 721 3
687 737 5
687 755 2
687 765 3
687 826 8
687 838 2
687 858 2
687 874 10
687 889 1
687 899 3
688 709 2
688 738 4
688 755 8
688 760 3
688 773 4
688 789 2
688 834 8
688 850 4
688 852 8
688 865 2
688 878 2
688 880 7
688 884 7
688 900 9
689 695 3
689 707 6
689 740 2
689 742 1
689 820 7
690 694 8
690 697 4
690 702 2
690 712 4
690 735 5
690 737 4
690 752 4
690 757 8
690 778 7
690 795 3
690 838 8
690 846 2
690 867 5
690 880 4
691 698 1
691 715 9
691 744 7
691 772 2
691 796 7
691 797 1
691 807 1
691 815 8
691 828 4
691 835 7
691 843 6
691 872 2
691 886 1
691 891 1
692 742 5
692 756 3
692 802 8
692 807 2
692 809 6
692 866 1
692 877 8
693 706 3
693 749 4
693 752 1
693 759 10
693 814 3
693 837 3
693 860 10
693 870 4
694 710 7
694 712 3
694 727 6
694 731 8
694 757 1
694 758 7
694 765 4
694 795 1
694 799 9
694 832 3
694 842 6
694 843 7
694 848 8
694 874 9
695 725 10
695 727 8
695 728 3
695 731 2
695 857 7
695 894 7
696 707 10
696 712 7
696 747 4
696 761 4
696 768 3
696 803 4
696 808 5
696 838 7
696 845 8
696 866 4
696 870 10
696 885 7
696 892 8
697 718 7
697 739 4
697 777 9
697 846 3
697 862 7
697 894 1
698 709 3
698 718 1
698 743 7
698 763 9
698 846 8
698 849 5
698 871 8
699 722 5
699 741 10
699 754 10
699 787 4
699 803 8
699 811 1
699 834 10
699 838 1
699 859 4
699 860 4
699 865 6
699 866 8
699 870 10
699 885 3
699 892 4
700 715 1
700 738 9
700 751 1
700 754 7
700 759 4
700 768 1
700 787 1
700 791 10
700 850 2
700 863 3
701 712 10
701 732 10
701 747 4
701 758 9
701 761 6
701 763 1
701 797 4
701 803 5
701 818 2
701 823 7
701 881 2
701 882 2
702 708 8
702 729 4
702 756 7
702 760 4
702 786 9
702 830 5
702 832 3
702 837 4
702 856 8
702 875 4
703 727 4
703 733 10
703 757 2
703 792 8
703 834 1
703 838 3
703 855 9
703 875 2
704 817 7
704 826 1
704 828 3
704 841 10
704 845 9
704 870 8
704 878 1
704 882 4
704 884 3
704 886 4
704 899 2
705 710 6
705 732 8
705 763 10
705 768 10
705 816 4
705 817 5
705 840 10
705 850 10
705 874 7
706 755 5
706 765 7
706 805 2
706 822 9
706 839 9
706 850 4
706 880 6
707 749 9
707 769 8
707 778 4
707 784 2
707 799 4
707 838 4
707 851 4
707 870 6
707 899 5
708 744 1
708 761 8
708 791 8
708 826 3
708 829 1
708 830 10
708 834 1
708 856 8
709 718 1
709 728 10
709 759 4
709 769 5
709 792 1
709 815 3
710 730 3
710 819 6
710 828 2
710 842 7
710 865 6
710 880 10
711 715 10
711 729 1
711 746 8
711 758 9
711 772 6
711 789 9
711 859 4
711 862 2
712 747 2
712 804 9
712 812 6
712 831 2
712 844 8
712 882 3
713 722 7
713 724 9
713 730 4
713 743 7
713 744 8
713 747 6
713 777 8
713 807 1
713 816 2
713 819 10
713 847 6
713 885 5
714 744 7
714 755 7
714 770 1
714 771 2
714 817 6
714 830 2
714 844 2
714 862 5
715 771 2
715 792 10
715 800 3
715 814 5
715 835 1
715 866 6
716 717 6
716 736 6
716 761 9
716 769 3
716 771 10
716 783 7
716 812 3
716 830 6
716 837 5
716 859 1
716 861 1
716 871 4
716 874 3
716 881 5
717 720 4
717 729 8
717 740 1
717 745 10
717 752 6
717 766 1
717 768 4
717 835 3
717 838 4
717 841 7
717 846 7
717 891 5
717 895 6
718 749 1
718 765 1
718 787 6
718 788 8
718 799 6
718 834 3
718 870 7
718 893 1
718 896 3
719 753 3
719 760 3
719 776 10
719 795 10
719 802 5
719 814 2
719 842 3
719 859 8
719 864 6
719 885 6
719 889 7
720 740 6
720 766 8
720 775 3
720 797 8
720 804 3
720 810 7
720 832 1
720 838 9
720 844 4
720 845 7
720 849 5
720 851 6
720 856 10
720 860 10
721 733 4
721 735 7
721 765 5
721 793 10
721 794 7
721 798 7
721 828 4
721 881 2
722 740 8
722 746 3
722 798 6
722 806 9
722 809 8
722 826 5
723 751 5
723 752 3
723 777 4
723 783 10
723 788 2
723 812 6
723 818 8
723 875 4
724 734 4
724 735 10
724 798 3
724 800 7
724 812 9
724 873 9
725 749 3
725 769 8
725 775 8
725 790 6
725 810 6
725 815 4
725 826 7
725 859 3
725 861 10
725 863 2
725 878 6
726 737 7
726 801 7
726 816 1
726 826 8
726 848 4
726 882 8
726 888 2
727 735 8
727 738 1
727 741 3
727 756 2
727 809 8
727 841 2
727 848 5
727 857 1
727 879 2
727 899 9
728 752 10
728 760 2
728 830 9
728 888 2
729 738 1
729 800 9
729 814 9
729 853 6
729 871 2
729 888 7
729 897 10
730 744 2
730 759 8
730 789 5
730 800 10
730 824 6
730 848 8
730 869 9
731 734 9
731 761 5
731 792 10
731 825 7
731 859 7
732 771 3
732 782 10
732 790 4
732 802 4
732 814 6
732 821 6
732 828 7
732 830 5
732 834 5
732 883 10
732 889 3
732 900 6
733 749 10
733 777 1
733 795 6
733 858 6
734 772 3
734 786 2
734 789 7
734 800 6
734 822 2
734 823 2
734 835 7
734 836 7
735 741 1
735 744 6
735 787 6
735 791 5
735 799 7
735 801 4
735 813 1
735 845 1
735 862 3
736 741 6
736 802 7
736 811 8
736 821 1
736 823 3
736 894 4
737 767 6
737 777 3
737 802 9
737 811 3
737 825 4
737 834 1
737 895 9
738 759 1
738 762 5
738 770 2
738 774 8
738 787 2
738 797 3
738 802 1
738 824 1
738 874 10
738 882 1
738 885 8
738 893 7
739 765 5
739 785 4
739 800 2
739 823 7
739 843 7
739 863 6
739 874 4
739 893 3
740 790 3
740 794 4
740 817 5
740 819 9
740 834 1
740 841 9
740 847 9
740 852 6
740 871 5
740 887 1
741 744 4
741 764 5
741 765 6
741 786 5
741 792 4
741 805 9
741 820 10
741 824 4
741 851 1
741 871 9
741 899 4
742 746 8
742 770 7
742 794 10
742 808 4
742 821 8
742 825 8
742 830 10
742 841 3
742 842 1
742 848 2
742 879 7
742 885 7
743 745 8
743 774 7
743 775 9
743 779 9
743 809 5
744 749 4
744 750 3
744 783 6
744 796 9
744 808 9
744 830 3
744 841 6
744 863 3
744 880 3
744 882 5
745 747 8
745 791 4
745 806 5
745 809 4
745 848 1
745 850 1
745 878 3
745 889 4
746 749 8
746 788 3
746 882 5
746 886 10
747 817 5
747 839 6
747 849 8
747 856 3
747 861 4
747 863 5
747 896 2
747 900 2
748 790 9
748 813 7
748 883 6
749 770 6
749 787 6
749 799 4
749 806 10
749 861 1
749 873 8
749 888 5
749 899 7
749 900 6
750 767 8
750 771 1
750 780 9
750 785 10
750 809 1
750 817 3
750 820 6
750 846 10
750 847 5
750 858 10
750 897 1
751 779 10
751 850 6
751 855 8
751 873 4
751 876 1
751 877 2
751 900 5
752 759 2
752 763 3
752 783 4
752 784 9
752 800 10
752 884 9
753 773 2
753 776 10
753 814 1
753 815 10
753 833 4
753 894 7
754 768 5
754 769 3
754 778 7
754 786 3
754 817 2
754 831 7
754 863 7
754 886 9
755 770 6
755 773 2
755 813 9
755 825 6
755 840 3
756 782 6
756 808 5
756 832 6
756 834 6
756 848 7
756 881 3
756 893 9
757 760 1
757 780 6
757 818 7
757 826 10
757 847 6
757 848 8
757 851 1
757 867 6
757 875 9
757 881 6
758 787 2
758 788 5
758 799 8
758 810 8
758 811 9
758 866 2
758 882 6
758 901 6
759 764 10
759 767 3
759 786 7
759 790 8
759 794 10
759 819 1
759 853 5
759 861 4
759 865 8
759 884 10
760 787 2
760 794 10
760 800 8
760 820 4
760 853 7
760 884 4
760 891 4
760 897 2
761 775 4
762 791 6
762 826 9
762 834 2
762 879 2
762 890 10
763 772 9
763 874 1
763 887 9
763 898 7
763 900 2
764 821 6
764 827 2
764 829 4
764 837 8
764 842 8
764 856 3
764 870 9
764 881 10
764 884 8
765 773 5
765 775 8
765 779 7
765 782 8
765 803 9
765 812 7
765 851 2
765 862 6
765 870 2
766 767 5
766 794 9
766 804 5
766 805 2
766 815 8
766 817 9
766 820 3
766 822 7
766 824 7
766 832 4
766 865 8
766 873 3
766 874 7
766 881 3
767 773 7
767 797 2
767 799 3
767 817 6
767 828 5
767 881 1
768 801 6
768 803 2
768 804 7
768 826 3
768 829 10
768 888 5
768 891 1
769 779 6
769 786 6
769 803 8
769 810 8
769 827 2
769 843 7
769 852 4
769 859 3
769 863 4
769 898 2
770 779 8
770 783 2
770 794 10
770 843 3
770 852 9
770 859 5
770 880 1
770 890 4
770 896 1
770 897 3
770 901 6
771 791 6
771 795 7
771 823 8
771 832 1
771 870 10
771 876 7
771 891 5
772 775 9
772 790 1
772 792 8
772 846 7
772 872 8
773 792 5
773 800 6
773 808 9
773 816 1
773 819 9
773 850 3
773 884 6
774 793 3
774 796 10
774 819 10
774 824 2
774 831 4
774 837 10
774 889 8
775 789 5
775 813 3
775 817 8
775 849 7
776 778 10
776 797 6
776 844 5
776 846 10
776 852 8
776 860 4
776 869 6
776 877 3
777 818 4
777 844 8
777 850 10
777 867 10
778 815 5
778 823 6
778 834 7
778 874 5
778 894 7
779 788 6
779 849 7
779 850 4
780 781 8
780 797 9
780 821 3
780 850 1
780 861 2
780 889 3
781 782 1
781 814 8
781 836 7
781 848 10
781 854 4
781 865 7
781 882 5
782 796 8
782 797 8
782 809 3
782 841 3
782 863 3
782 880 5
782 890 7
782 893 10
783 786 6
783 810 8
783 815 6
783 850 1
783 851 5
783 883 10
783 901 9
784 786 2
784 803 6
784 805 5
784 815 1
784 824 6
784 827 7
784 835 3
784 863 10
784 885 1
784 888 3
784 901 7
785 790 10
785 794 3
785 864 3
785 898 8
786 790 7
786 795 2
786 799 5
786 822 1
786 823 7
786 829 9
786 856 5
786 869 3
786 880 10
786 886 2
786 896 2
786 901 5
787 820 5
787 857 8
788 809 4
788 819 3
788 824 9
788 849 1
789 848 7
789 866 9
789 896 7
790 794 6
790 822 2
790 837 8
790 892 8
791 803 4
791 829 4
791 832 7
791 844 8
791 855 8
791 875 4
791 878 7
791 883 2
792 817 10
792 836 7
792 840 8
792 886 8
792 887 4
793 804 10
793 831 7
793 838 5
793 842 3
793 869 1
794 795 9
794 833 1
794 841 4
794 849 4
794 851 1
794 874 7
794 894 2
795 801 10
795 822 3
795 849 9
795 860 3
795 890 10
796 811 7
796 819 8
796 852 5
796 858 5
796 868 6
796 870 5
796 874 9
796 875 2
796 897 6
797 838 8
797 884 8
797 888 3
797 898 8
798 826 1
798 847 4
798 860 4
798 887 8
799 805 6
799 826 7
799 837 8
799 855 8
799 871 10
799 899 3
800 801 9
800 821 6
800 828 5
800 836 10
800 841 10
800 853 3
800 858 2
801 836 1
801 841 1
801 898 9
802 806 8
802 813 6
802 827 4
802 828 2
802 837 6
802 856 7
803 805 7
803 834 3
803 876 7
804 844 1
804 861 10
804 899 9
805 813 4
805 819 6
805 844 6
805 860 1
805 861 2
805 868 6
805 869 9
805 880 3
806 823 8
806 834 9
806 873 1
807 815 2
807 852 8
807 855 2
807 868 7
807 877 9
807 881 3
807 887 7
807 889 9
807 894 2
808 849 4
808 851 5
808 865 3
808 874 9
809 815 1
809 832 1
809 835 4
809 838 7
809 856 3
809 883 5
809 898 8
810 835 6
810 839 10
810 875 3
811 818 6
811 819 3
811 846 8
811 856 6
811 861 6
811 881 8
812 814 4
812 822 8
812 844 9
812 896 3
813 820 9
813 840 7
814 816 1
814 837 3
814 850 4
814 872 2
814 880 4
814 884 7
814 897 6
815 820 8
815 826 8
815 898 8
815 900 10
816 822 1
816 850 7
816 859 2
816 864 5
816 872 4
816 895 7
817 853 5
817 855 6
817 861 5
817 862 7
817 880 6
817 893 2
817 896 4
818 841 3
818 848 8
818 853 1
818 858 3
818 864 10
818 866 2
818 871 10
818 881 3
818 890 4
819 826 5
819 848 4
819 878 8
819 898 3
820 841 9
820 849 7
820 856 10
820 857 6
821 856 7
821 862 10
821 887 2
822 864 8
822 879 7
823 832 5
823 834 7
823 886 3
824 832 3
824 863 3
824 888 9
826 842 10
826 855 4
826 875 5
826 892 2
827 843 3
827 875 7
827 888 6
827 892 3
828 839 8
828 866 5
828 871 7
829 832 4
829 840 9
829 841 10
829 848 1
829 899 4
830 835 10
830 880 9
831 835 3
831 849 5
831 897 5
832 848 5
832 854 9
832 874 3
832 887 1
832 899 5
833 845 1
833 861 3
834 842 7
834 855 3
834 857 3
834 867 6
834 873 8
835 851 9
836 851 9
836 869 3
837 839 6
837 863 5
837 881 5
837 901 5
838 842 1
838 846 1
838 852 8
838 869 2
838 871 2
838 873 10
838 883 5
838 901 1
839 849 9
839 897 9
839 901 7
840 843 5
840 844 5
840 848 5
840 896 9
841 843 7
841 866 2
841 867 9
841 892 9
841 893 10
842 864 3
842 869 4
842 870 8
842 883 1
842 884 4
842 889 6
843 855 3
843 874 1
843 885 2
843 894 9
844 849 8
844 863 3
844 890 1
845 875 5
845 878 4
845 890 2
845 896 7
845 897 10
846 886 4
846 895 7
847 876 8
847 882 10
847 886 1
848 863 5
848 864 7
849 869 10
849 888 1
850 890 10
850 894 8
851 880 2
851 882 9
851 887 3
851 890 5
851 900 6
851 901 5
852 860 10
852 894 4
853 867 9
853 890 1
856 901 7
857 876 7
857 884 8
857 886 1
859 883 9
859 886 4
859 890 6
860 864 2
860 872 10
860 881 5
860 896 5
860 900 6
861 877 5
862 892 6
863 880 9
863 890 9
866 896 2
868 876 8
868 890 9
869 892 1
870 885 7
871 876 10
872 874 2
872 877 9
872 881 6
873 878 7
874 890 3
876 890 6
877 878 2
877 879 1
879 895 8
881 884 9
881 891 9
881 893 7
882 888 9
883 890 9
883 900 10
884 885 7
884 886 10
886 898 2
890 896 1
893 899 6
895 899 9
902 601 43
903 901 10
902 903 22
