904 6735
7 5 54 58 62 51 52 69 46 78 56 81 76 37 96 38 76 94 73 38 93 63 20 15 88 3 64 72 71 39 93 29 43 46 86 4 48 89 25 46 66 80 26 42 68 21 79 95 14 3 33 58 66 4 73 5 6 88 29 76 27 21 57 69 18 42 25 18 31 49 63 96 80 88 89 100 8 67 94 73 22 78 30 39 81 54 95 38 42 23 66 20 95 22 40 65 63 16 82 45 16 44 41 96 83 29 47 90 48 92 62 69 22 43 7 2 97 1 92 38 76 57 9 22 78 48 38 92 64 19 37 31 14 29 78 96 57 24 37 56 68 50 76 89 93 34 42 89 87 33 78 62 89 86 35 18 85 73 10 100 43 98 31 57 26 8 4 34 32 93 90 51 42 17 39 34 51 80 22 37 13 51 50 53 36 84 23 73 8 84 72 51 81 2 59 6 62 62 91 45 6 80 95 48 49 33 81 99 12 55 35 76 57 36 81 93 19 3 17 27 86 88 77 18 42 87 23 55 100 13 99 6 45 93 53 45 77 85 43 40 39 29 68 96 64 48 40 34 50 56 60 87 95 88 4 88 74 78 42 74 42 40 79 38 84 83 82 12 67 24 52 58 4 19 5 67 18 44 1 67 51 12 5 97 100 8 85 25 37 26 50 78 18 28 16 53 62 97 65 29 70 36 15 75 35 7 67 31 9 14 42 93 80 39 37 2 47 77 89 41 50 28 71 57 4 3 97 85 80 16 6 49 4 72 76 90 79 42 20 39 7 62 83 38 52 19 40 99 95 28 39 44 7 61 53 11 64 1 95 95 16 53 43 71 24 18 61 54 11 80 92 18 93 75 55 45 45 94 95 40 74 33 35 80 45 87 42 60 39 37 54 7 41 49 77 16 18 37 70 29 69 61 46 61 87 100 57 32 94 51 23 19 35 57 98 32 96 40 91 34 28 45 40 20 45 69 35 62 5 4 90 25 17 35 38 55 87 94 86 32 97 60 50 83 69 99 14 64 38 57 49 17 53 89 36 97 9 71 58 13 26 48 90 94 34 27 49 20 72 86 51 20 46 52 3 14 51 68 29 40 24 77 57 28 17 44 24 25 66 34 90 44 33 79 37 66 57 85 38 28 23 40 100 68 92 2 33 94 21 61 33 97 89 41 24 6 37 100 82 2 33 71 45 65 1 34 82 57 18 19 37 40 59 36 59 2 89 91 95 9 3 79 57 92 72 33 49 8 32 30 61 16 1 58 32 1 91 13 10 60 84 98 52 42 33 10 95 73 53 89 33 7 19 90 98 90 22 46 49 5 28 62 72 28 19 3 80 61 67 41 20 50 38 71 43 70 33 37 94 37 84 87 53 95 35 14 50 48 19 42 43 14 52 98 56 73 91 54 45 84 38 93 24 25 62 64 74 69 23 42 41 90 45 45 36 31 58 85 30 28 26 73 41 30 70 49 2 61 54 99 96 91 91 71 67 52 34 41 72 57 34 12 98 31 56 86 13 13 22 43 40 100 15 33 29 36 81 82 96 86 80 91 76 22 13 95 25 99 87 96 7 72 7 56 54 14 41 67 26 15 9 18 66 23 2 94 10 34 27 6 19 59 48 94 80 13 40 5 11 26 100 17 50 59 72 3 72 65 69 50 79 77 19 44 51 20 89 61 53 67 18 23 25 17 68 57 29 8 13 39 85 64 7 34 22 79 37 46 43 57 47 21 86 17 16 36 36 4 48 40 22 17 62 99 86 29 55 14 88 19 5 73 82 11 58 56 89 46 1 83 3 99 55 88 15 70 75 2 25 75 93 47 91 6 45 76 86 51 42 74 69 46 98 50 8 55 57 97 1 57 31 55 7 86 42 21 7 68 74 32 42 66 30 33 71 26 60 9 76 1 82 96 46 31 97 54 85 54 2 37 62 32 91 69 69 84 41 76 52 15 59 93 32 88 77 55 65 37 63 40 37 96 87 35 26 83 40 62 36 41 99 98 24 41 18 45 77 58 72 28 24 30 72 8 69 1 62 33 37 76 24 25 36 87
0 53 23
0 73 18
0 79 11
0 98 1
0 110 11
0 113 15
0 133 20
0 144 3
0 151 10
0 170 20
0 177 21
0 194 10
0 195 6
0 242 2
0 283 8
1 54 7
1 74 9
1 82 17
1 85 7
1 89 22
1 150 20
1 156 6
1 183 24
1 185 14
1 204 11
1 228 16
1 231 18
1 233 22
1 236 15
1 299 7
2 49 25
2 59 12
2 63 24
2 135 10
2 137 14
2 138 11
2 156 1
2 179 8
2 186 13
2 187 10
2 205 4
2 219 10
2 234 21
2 236 10
2 251 11
2 273 4
3 31 16
3 49 21
3 54 22
3 60 24
3 72 17
3 88 18
3 139 5
3 151 16
3 172 8
3 193 15
3 202 8
3 211 1
3 231 13
3 234 22
3 258 7
4 8 13
4 14 10
4 66 8
4 84 24
4 113 24
4 170 18
4 186 25
4 249 8
4 277 8
4 278 11
5 29 12
5 36 17
5 53 7
5 58 21
5 95 5
5 108 12
5 110 13
5 154 25
5 209 10
5 213 12
5 239 19
5 251 3
6 40 18
6 75 11
6 100 12
6 123 7
6 129 18
6 132 12
6 211 19
6 218 15
6 222 21
6 236 8
6 247 24
6 258 3
7 49 9
7 73 24
7 96 22
7 104 8
7 127 7
7 135 4
7 233 20
7 246 18
7 259 23
7 270 3
7 291 15
7 292 4
8 34 14
8 55 4
8 103 5
8 129 1
8 149 17
8 174 23
8 194 5
8 199 9
8 204 8
8 210 16
8 235 17
8 238 3
8 275 3
8 279 13
8 282 17
8 292 25
9 45 20
9 68 17
9 78 2
9 92 3
9 105 16
9 130 23
9 136 12
9 178 24
9 179 4
9 199 9
9 236 18
9 278 1
10 11 11
10 21 9
10 48 4
10 73 2
10 77 12
10 149 8
10 182 2
10 185 6
10 206 8
10 214 6
10 215 14
10 224 15
10 251 21
10 258 6
10 260 19
10 264 25
10 268 20
10 271 10
11 28 24
11 52 14
11 54 4
11 62 2
11 74 19
11 109 21
11 124 25
11 163 7
11 167 19
11 172 5
11 190 15
11 191 11
11 261 5
11 290 1
12 17 19
12 84 10
12 97 2
12 100 7
12 118 19
12 146 5
12 152 12
12 157 1
12 160 10
12 186 3
12 200 18
12 237 7
12 257 10
12 274 11
12 289 7
12 298 4
13 35 23
13 65 7
13 72 19
13 87 1
13 91 9
13 118 12
13 126 21
13 150 10
13 181 21
13 184 16
13 189 14
13 197 10
13 200 1
13 201 20
13 221 12
13 243 21
13 284 6
14 63 15
14 66 2
14 83 24
14 125 19
14 131 16
14 132 25
14 134 5
14 139 18
14 166 19
14 210 12
14 227 2
14 237 4
14 262 20
14 263 5
14 267 3
14 292 3
15 17 23
15 33 3
15 63 11
15 78 12
15 112 25
15 114 22
15 138 9
15 151 17
15 165 12
15 171 18
15 184 17
15 185 8
15 189 7
15 209 14
15 210 13
15 228 21
15 238 18
15 253 12
15 255 17
15 281 8
15 285 13
15 294 21
16 22 2
16 66 6
16 84 9
16 88 5
16 110 11
16 122 3
16 126 11
16 130 14
16 166 6
16 168 10
16 191 18
16 226 18
16 242 21
16 249 20
16 298 15
17 26 4
17 42 11
17 56 3
17 62 24
17 97 5
17 129 11
17 147 7
17 150 18
17 169 25
17 221 4
17 224 12
17 231 13
17 242 22
18 26 21
18 68 2
18 74 18
18 117 22
18 214 9
18 223 1
18 238 3
19 35 20
19 37 6
19 42 13
19 43 10
19 46 11
19 67 23
19 110 2
19 117 3
19 133 20
19 192 23
19 210 19
19 230 1
19 244 11
19 245 24
19 250 1
20 53 15
20 57 11
20 58 9
20 72 9
20 79 10
20 89 12
20 111 21
20 113 25
20 142 9
20 156 18
20 162 1
20 170 3
20 171 17
20 200 10
20 214 5
20 241 19
20 295 6
21 31 10
21 59 9
21 61 15
21 127 20
21 130 8
21 138 18
21 149 25
21 157 4
21 165 16
21 180 18
21 184 4
21 185 1
21 188 16
21 285 6
22 27 17
22 38 3
22 52 16
22 66 2
22 81 13
22 84 3
22 143 22
22 169 14
22 204 13
22 207 17
22 209 14
22 227 17
22 238 8
22 249 25
22 287 21
23 34 1
23 64 5
23 105 6
23 111 11
23 177 21
23 219 25
23 240 18
23 257 14
23 260 24
23 276 22
23 281 6
24 34 19
24 42 2
24 79 8
24 82 11
24 113 8
24 121 1
24 132 14
24 139 23
24 151 2
24 191 3
24 203 2
24 204 1
24 239 16
24 244 16
24 279 17
24 281 6
24 286 7
25 68 1
25 72 6
25 77 3
25 82 1
25 100 12
25 122 8
25 126 12
25 195 8
25 212 9
25 213 4
25 231 23
25 249 10
25 255 2
25 276 5
25 298 3
26 95 4
26 120 14
26 123 15
26 137 13
26 231 16
26 246 3
26 248 10
26 265 17
26 292 7
27 30 14
27 75 19
27 86 24
27 106 4
27 107 12
27 108 5
27 116 13
27 125 12
27 134 10
27 148 15
27 158 13
27 163 23
27 171 24
27 181 1
27 208 7
27 212 7
27 213 6
27 218 4
27 229 16
27 232 8
27 237 10
27 241 20
27 244 13
27 291 23
28 42 10
28 61 25
28 67 15
28 80 14
28 106 11
28 134 7
28 139 23
28 181 24
28 186 2
28 213 21
28 226 5
28 259 14
28 297 25
29 45 19
29 60 25
29 81 11
29 107 8
29 135 14
29 144 11
29 173 8
29 192 16
29 202 17
29 208 16
29 239 22
29 282 21
29 296 9
30 34 6
30 40 7
30 49 3
30 51 18
30 71 7
30 72 14
30 115 19
30 176 21
30 178 5
30 248 4
30 250 4
30 254 2
30 266 5
30 277 6
30 284 22
30 295 9
31 38 19
31 46 24
31 49 4
31 56 20
31 58 11
31 86 11
31 109 9
31 118 21
31 132 20
31 166 24
31 190 13
31 249 10
31 250 22
31 256 10
31 285 18
32 62 4
32 66 16
32 93 23
32 96 21
32 101 22
32 116 11
32 139 14
32 149 18
32 206 17
32 210 20
32 240 21
32 257 18
32 287 24
32 295 3
32 296 17
33 37 9
33 39 21
33 69 17
33 87 12
33 96 18
33 97 2
33 122 24
33 128 1
33 194 23
33 236 18
33 238 1
33 244 12
33 258 2
33 259 25
33 277 21
33 278 22
33 291 3
34 42 13
34 46 19
34 59 1
34 78 10
34 86 6
34 117 14
34 174 4
34 206 23
34 215 10
34 219 1
34 227 17
34 248 8
34 251 4
34 266 8
34 281 16
34 298 1
35 71 24
35 234 2
35 236 18
36 40 3
36 61 25
36 62 20
36 66 2
36 74 19
36 90 23
36 110 13
36 114 23
36 140 22
36 150 10
36 152 19
36 161 24
36 190 22
36 229 14
36 230 24
36 261 6
36 263 21
36 285 15
36 299 11
37 68 18
37 111 24
37 132 12
37 136 10
37 203 7
37 205 17
37 212 19
37 218 24
37 222 19
37 271 20
37 296 3
38 53 14
38 58 22
38 61 4
38 81 10
38 96 25
38 125 23
38 134 7
38 150 12
38 157 22
38 217 3
38 257 21
38 268 15
39 56 4
39 83 17
39 93 5
39 110 2
39 113 25
39 128 25
39 130 18
39 147 10
39 161 20
39 176 17
39 186 23
39 188 6
39 202 25
39 253 16
39 272 24
39 298 25
40 85 12
40 111 20
40 115 2
40 134 2
40 139 18
40 181 6
40 200 11
40 253 17
40 254 5
40 267 18
40 288 3
40 289 1
40 294 22
41 75 25
41 96 17
41 97 25
41 110 19
41 115 21
41 134 4
41 145 20
41 171 22
41 176 21
41 178 4
41 215 16
41 236 12
41 237 4
41 248 21
41 262 13
41 275 21
42 44 20
42 45 13
42 50 9
42 54 16
42 102 16
42 134 10
42 143 9
42 147 21
42 159 21
42 179 25
42 204 2
42 205 15
42 249 5
42 282 2
42 283 11
42 291 6
43 55 20
43 63 13
43 66 24
43 86 15
43 97 16
43 103 18
43 114 12
43 139 11
43 145 24
43 192 4
43 195 25
43 206 4
43 215 25
43 269 14
43 276 1
44 54 21
44 129 1
44 138 10
44 156 11
44 183 17
44 210 19
44 221 21
44 261 14
44 283 16
45 58 21
45 61 18
45 87 5
45 89 2
45 98 21
45 124 16
45 126 9
45 142 16
45 147 5
45 156 10
45 176 7
45 258 20
45 279 4
45 298 20
46 77 7
46 109 2
46 114 24
46 135 8
46 158 7
46 167 23
46 181 22
46 182 8
46 191 20
46 218 24
46 282 19
46 286 5
46 293 17
47 78 12
47 91 1
47 115 6
47 132 3
47 142 23
47 150 25
47 159 9
47 176 1
47 199 20
47 230 1
47 236 9
47 278 10
47 282 5
47 285 18
48 52 17
48 77 1
48 85 22
48 117 11
48 156 8
48 162 25
48 164 9
48 204 15
48 235 9
48 262 8
48 266 11
48 273 18
48 282 2
48 289 10
49 77 11
49 78 9
49 108 3
49 125 24
49 131 11
49 164 10
49 171 3
49 176 10
49 214 9
49 234 12
49 237 12
49 247 4
49 263 14
49 275 20
49 285 13
49 287 19
49 296 15
50 74 6
50 130 19
50 134 13
50 163 17
50 169 3
50 183 14
50 212 2
50 232 18
50 242 22
50 248 12
50 264 5
50 268 16
50 270 13
51 77 16
51 80 1
51 87 23
51 108 19
51 109 2
51 139 8
51 196 3
51 214 6
52 57 19
52 69 14
52 96 19
52 110 5
52 121 17
52 132 8
52 165 25
52 168 6
52 203 3
52 215 16
52 232 12
52 271 21
52 278 5
52 280 5
52 284 1
53 54 18
53 73 6
53 79 20
53 111 17
53 170 17
53 172 24
53 175 9
53 180 7
53 208 17
53 222 12
53 246 6
53 255 12
53 273 13
53 285 14
53 290 16
54 58 20
54 70 7
54 77 4
54 94 14
54 120 14
54 133 20
54 146 23
54 159 15
54 212 1
54 221 25
54 241 5
54 251 14
54 285 22
55 62 11
55 64 18
55 78 22
55 91 5
55 101 25
55 106 16
55 115 23
55 128 19
55 199 17
55 200 7
55 234 25
55 235 8
55 262 18
55 279 5
56 106 21
56 116 7
56 141 20
56 192 11
56 218 1
56 232 4
56 244 15
56 286 16
57 65 17
57 77 9
57 114 13
57 118 6
57 124 11
57 137 12
57 150 12
57 152 24
57 158 11
57 165 22
57 191 16
57 200 7
57 205 3
57 214 16
57 221 25
57 237 1
57 246 9
57 281 18
57 293 7
58 61 10
58 62 25
58 72 24
58 75 16
58 99 22
58 105 7
58 135 13
58 143 7
58 146 7
58 148 18
58 185 21
58 244 23
58 253 9
58 261 7
58 269 12
58 288 16
59 62 17
59 76 24
59 81 4
59 84 16
59 88 11
59 89 2
59 142 8
59 145 19
59 162 4
59 174 25
59 184 18
59 191 4
59 207 10
59 215 10
59 254 10
60 63 21
60 69 11
60 84 10
60 88 14
60 99 7
60 105 16
60 119 1
60 132 14
60 141 25
60 157 18
60 171 11
60 174 24
60 190 3
61 96 17
61 112 10
61 126 20
61 139 9
61 228 10
62 79 23
62 87 1
62 196 20
62 235 24
62 255 8
62 261 14
62 280 2
63 108 10
63 111 8
63 122 8
63 132 21
63 263 18
63 275 19
63 283 17
63 290 5
63 296 4
64 72 5
64 84 12
64 100 21
64 106 7
64 109 2
64 122 20
64 165 24
64 171 12
64 193 20
64 230 3
64 231 4
64 262 5
64 264 22
64 268 14
64 296 14
65 83 21
65 102 14
65 106 11
65 125 21
65 138 23
65 163 24
65 188 24
65 190 7
65 195 8
65 229 6
65 239 3
65 246 25
65 248 25
65 269 21
65 284 7
65 291 3
66 70 25
66 84 20
66 95 25
66 101 6
66 119 21
66 189 22
66 269 6
66 289 9
67 94 16
67 118 10
67 128 12
67 129 20
67 138 8
67 164 25
67 187 11
67 216 3
67 221 15
67 290 21
67 295 23
68 76 13
68 77 21
68 113 21
68 114 19
68 122 3
68 125 4
68 131 23
68 141 5
68 167 3
68 169 18
68 203 11
68 206 7
68 227 19
68 239 5
68 269 6
68 283 24
69 95 2
69 168 4
69 242 6
69 266 10
69 290 20
69 299 15
70 78 24
70 135 16
70 139 22
70 147 25
70 162 1
70 177 1
70 187 15
70 197 23
70 205 25
70 223 2
70 247 18
70 259 21
70 271 22
70 283 23
71 108 24
71 169 20
71 202 2
71 221 3
71 222 14
71 253 14
71 271 9
71 272 8
72 75 20
72 79 16
72 84 8
72 160 21
72 177 20
72 188 16
72 251 7
72 256 14
73 83 5
73 109 5
73 110 4
73 146 4
73 199 5
73 215 7
73 243 4
73 256 19
73 288 4
73 294 4
74 97 20
74 103 24
74 133 1
74 142 18
74 181 21
74 198 1
74 232 14
74 250 24
75 93 3
75 106 3
75 119 14
75 121 13
75 122 12
75 127 8
75 129 5
75 150 19
75 164 5
75 165 24
75 181 9
75 251 11
75 252 14
76 84 16
76 94 18
76 97 20
76 105 21
76 111 22
76 131 1
76 163 24
76 179 17
76 217 6
76 229 4
76 288 13
76 292 4
77 99 6
77 113 5
77 127 1
77 128 6
77 244 19
77 254 1
77 261 10
77 270 23
77 276 14
77 277 24
78 85 9
78 94 23
78 128 4
78 146 4
78 149 4
78 248 2
78 250 15
78 277 17
79 135 18
79 136 5
79 169 9
79 197 12
80 92 25
80 120 7
80 206 12
80 212 25
80 213 25
80 275 19
80 299 6
81 85 12
81 91 23
81 94 13
81 99 18
81 108 25
81 157 21
81 173 13
81 174 1
81 228 5
81 261 10
81 286 16
82 85 6
82 117 18
82 175 16
82 251 9
82 278 22
82 298 19
83 96 12
83 115 11
83 118 12
83 132 4
83 137 17
83 143 22
83 152 17
83 212 18
83 256 3
83 277 5
84 94 19
84 97 2
84 98 24
84 101 1
84 107 15
84 112 23
84 136 14
84 140 8
84 166 22
84 173 9
84 192 20
84 207 24
84 237 15
84 299 7
85 111 15
85 125 20
85 129 24
85 182 7
85 223 5
85 266 22
85 277 2
86 104 19
86 131 9
86 154 14
86 169 22
86 171 2
86 178 10
86 188 16
87 136 21
87 141 15
87 205 20
87 236 15
87 254 16
87 291 18
88 134 15
88 139 8
88 152 15
88 163 3
88 165 15
88 250 12
88 257 11
88 261 11
88 264 12
88 273 3
88 288 17
88 296 1
89 104 22
89 105 18
89 137 7
89 142 2
89 159 16
89 191 9
89 259 20
89 265 2
89 278 24
89 284 18
89 286 5
90 95 8
90 122 8
90 129 1
90 144 22
90 165 5
90 190 15
90 197 15
90 200 22
90 210 6
90 221 22
90 257 14
90 262 9
90 271 13
90 294 2
91 127 21
91 139 25
91 155 13
91 157 25
91 169 19
91 186 14
91 203 22
91 236 11
91 247 22
91 260 25
91 284 3
92 100 7
92 103 21
92 106 6
92 108 5
92 116 15
92 118 11
92 128 15
92 136 25
92 147 11
92 156 13
92 202 4
92 212 25
92 228 2
92 239 2
92 273 7
92 274 25
92 281 15
92 296 15
93 120 14
93 132 16
93 141 13
93 188 14
93 207 4
93 226 12
93 255 7
93 291 19
94 120 10
94 166 19
94 169 17
94 175 11
94 184 21
94 240 24
94 244 6
94 256 2
94 269 5
94 272 23
95 98 14
95 141 21
95 145 22
95 156 24
95 203 9
95 211 2
95 215 25
95 249 12
95 263 3
95 265 6
95 278 12
95 296 18
96 132 23
96 140 25
96 148 10
96 166 12
96 195 15
96 198 15
96 229 23
96 230 21
96 244 8
96 246 10
96 280 16
96 289 25
97 120 20
97 122 12
97 157 25
97 197 3
97 217 15
97 239 4
97 249 25
97 256 3
97 273 25
97 299 23
98 106 3
98 125 10
98 131 24
98 154 2
98 162 21
98 165 3
98 199 7
98 238 9
99 164 22
99 167 6
99 168 11
99 169 7
99 189 17
99 194 25
99 216 21
99 224 17
99 284 23
99 286 4
99 288 1
99 299 13
100 101 5
100 107 22
100 134 1
100 145 4
100 151 24
100 178 17
100 205 9
100 237 25
100 258 19
100 271 10
100 286 22
101 119 21
101 124 19
101 131 22
101 143 24
101 165 17
101 182 25
101 215 8
101 226 25
101 229 21
101 238 13
101 256 10
102 106 4
102 119 7
102 120 12
102 125 25
102 141 23
102 149 9
102 181 5
102 240 25
102 295 23
103 115 11
103 160 23
103 178 24
103 190 14
103 210 24
103 211 15
103 212 24
103 214 23
103 217 11
103 237 9
103 253 22
104 132 8
104 142 4
104 147 20
104 190 9
104 216 20
104 220 21
104 241 16
104 272 20
104 278 17
105 115 5
105 131 6
105 149 22
105 157 11
105 160 17
105 167 21
105 173 8
105 174 2
105 212 2
105 240 9
105 243 25
105 267 12
105 282 7
105 287 25
106 111 2
106 121 5
106 130 16
106 137 1
106 146 4
106 151 1
106 153 11
106 166 2
106 210 11
106 220 14
106 235 22
106 244 19
106 252 11
106 256 17
106 296 9
107 110 5
107 125 10
107 177 13
107 212 12
107 221 7
107 232 24
107 292 4
107 297 4
108 111 8
108 115 7
108 153 6
108 175 19
108 185 6
108 226 19
108 257 2
108 287 7
108 296 21
108 297 6
109 148 23
109 191 23
109 197 11
109 198 23
109 244 10
109 257 13
109 263 8
109 269 25
110 114 11
110 121 1
110 197 10
110 242 2
110 246 11
110 299 16
111 132 14
111 152 1
111 165 3
111 202 20
111 215 1
111 266 8
112 149 23
112 151 10
112 161 14
112 189 5
112 198 3
112 210 22
112 230 24
112 233 4
112 251 3
112 266 21
113 115 11
113 180 25
113 207 20
113 215 22
113 219 25
113 235 4
113 270 11
113 284 7
114 129 5
114 207 21
114 237 10
114 254 15
114 255 24
114 258 22
115 116 7
115 126 12
115 129 22
115 133 11
115 134 8
115 166 22
115 183 18
115 198 6
115 209 7
115 217 9
115 238 10
115 240 9
115 269 5
115 284 10
115 285 15
116 129 7
116 211 5
116 212 25
116 232 9
116 253 24
116 270 23
116 285 8
116 290 4
117 265 8
117 271 16
117 287 9
117 291 5
118 136 25
118 172 25
118 174 4
118 186 22
118 226 8
118 271 17
118 276 20
118 280 19
119 121 25
119 180 17
119 210 13
119 215 5
119 218 23
119 240 21
119 268 16
120 147 8
120 171 2
120 185 3
120 189 22
120 236 11
120 247 7
120 254 24
120 256 19
121 129 8
121 130 21
121 155 3
121 157 13
121 164 6
121 179 18
121 208 23
121 245 10
121 257 20
121 273 22
121 277 15
122 158 18
122 178 7
122 193 7
122 197 12
122 211 2
122 229 8
122 278 3
123 144 14
123 160 14
123 204 2
123 220 12
123 224 4
123 225 12
123 235 15
123 237 6
123 262 8
123 268 25
123 284 15
123 288 8
124 130 20
124 134 22
124 139 6
124 161 22
124 168 11
124 171 11
124 209 15
124 213 9
124 244 22
124 274 11
124 277 7
124 295 14
124 296 3
125 144 13
125 174 20
125 254 14
125 264 14
125 267 4
125 293 19
125 295 5
126 146 17
126 166 22
126 182 16
126 202 22
126 207 8
126 224 7
126 241 5
126 298 18
127 153 7
127 157 19
127 187 25
127 205 3
127 253 17
127 269 5
127 276 25
128 167 2
128 196 17
128 201 16
128 207 10
128 250 14
128 251 1
128 290 17
129 134 2
129 190 5
129 205 6
129 228 23
129 242 20
129 255 22
129 257 1
129 269 13
129 284 1
129 288 19
130 142 12
130 170 18
130 194 15
130 230 19
130 242 24
130 298 19
131 165 11
131 168 7
131 206 14
131 236 13
131 237 10
131 289 5
132 135 17
132 138 9
132 143 9
132 144 9
132 182 1
132 184 20
132 212 24
132 244 1
132 287 13
132 298 25
133 149 7
133 152 19
133 184 24
133 192 1
133 196 15
133 203 1
133 208 14
133 228 17
133 245 19
133 275 25
133 295 9
133 296 8
134 193 20
134 215 7
134 226 2
134 235 8
134 238 14
134 249 15
134 291 20
135 179 23
135 199 22
135 218 13
135 221 8
135 257 5
135 259 23
135 268 8
135 272 1
135 279 21
135 295 10
136 138 14
136 209 22
136 224 16
136 262 7
136 281 22
136 294 16
136 295 23
137 143 22
137 153 6
137 163 14
137 219 15
137 224 7
137 231 22
137 237 23
137 254 4
137 261 5
138 154 1
138 177 11
138 178 20
138 206 17
138 207 5
138 217 19
138 222 15
138 232 19
138 260 1
138 295 19
138 297 17
139 188 10
139 200 20
139 205 12
139 268 21
139 284 10
140 192 11
140 196 11
140 237 16
140 251 7
140 268 4
141 152 15
141 167 4
141 219 11
141 278 3
142 172 20
142 182 20
142 210 1
142 214 19
142 215 23
142 218 7
142 234 19
142 244 8
142 245 4
142 254 13
142 263 14
142 281 22
142 291 2
143 146 7
143 148 25
143 167 23
143 170 23
143 184 9
143 228 19
144 160 12
144 203 5
144 205 3
144 206 22
144 247 17
144 254 20
144 296 5
145 151 22
145 163 9
145 173 10
145 174 8
145 227 13
145 233 5
145 253 2
145 275 15
145 298 23
146 161 1
146 174 23
146 204 19
146 225 8
146 259 1
146 267 6
146 283 21
147 171 23
147 173 9
147 197 2
147 201 22
147 224 6
147 228 2
147 240 7
147 242 24
147 273 13
147 294 13
147 297 3
148 156 11
148 168 7
148 192 24
148 204 15
148 216 3
148 250 7
148 271 2
149 190 12
149 197 21
149 213 6
149 241 15
149 263 12
149 275 5
149 286 15
149 297 10
150 184 25
150 214 24
150 232 10
150 236 5
150 258 19
150 271 7
150 277 16
150 294 23
151 154 5
151 158 21
151 162 24
151 165 14
151 170 22
151 189 13
151 221 3
151 224 1
151 264 23
152 175 9
152 198 25
152 210 14
152 212 14
152 245 8
152 266 15
152 281 2
153 161 4
153 165 22
153 214 19
153 244 17
153 247 4
153 298 8
154 157 1
154 173 3
154 177 9
154 209 13
154 250 10
154 255 2
154 257 21
154 267 25
155 181 1
155 206 1
155 236 20
155 262 24
156 161 16
156 174 18
156 207 11
156 219 18
156 221 19
156 222 10
156 265 4
156 283 18
156 294 24
156 295 19
156 297 25
157 164 15
157 165 20
157 204 5
157 217 14
157 223 15
157 257 24
157 264 17
157 296 23
157 299 24
158 188 19
158 212 6
158 230 13
158 235 3
158 271 9
158 282 9
159 185 2
159 198 12
159 213 11
159 215 24
159 227 10
159 247 1
159 256 16
159 276 23
160 164 20
160 200 11
160 202 9
160 229 25
161 164 5
161 222 7
161 254 18
161 260 7
161 277 24
162 192 15
162 202 13
162 206 12
162 226 6
162 249 11
162 260 3
163 172 3
163 184 12
163 232 23
163 256 10
163 259 24
163 273 1
163 283 21
163 290 7
163 292 4
164 171 7
164 173 19
164 190 4
164 223 18
164 227 19
164 252 22
164 274 17
165 202 16
165 208 7
165 228 1
165 233 17
165 241 12
165 243 9
165 250 12
165 267 18
165 296 7
166 188 3
166 196 5
166 198 20
166 202 8
166 203 18
166 218 22
166 258 13
166 263 4
166 265 20
167 172 24
167 220 2
167 237 22
167 269 19
167 284 11
167 298 2
168 173 2
168 221 4
168 228 8
168 229 22
168 234 25
168 236 4
168 260 13
169 180 17
169 273 10
169 280 15
169 287 8
169 293 23
169 295 24
169 297 19
170 189 17
170 196 7
170 199 21
170 215 24
170 216 2
170 244 6
170 264 16
170 269 25
171 188 18
171 219 21
172 175 21
172 241 16
172 251 24
172 252 19
172 290 12
173 188 9
173 207 21
173 244 13
173 256 15
173 278 3
174 188 9
174 230 16
174 270 8
174 287 24
175 180 7
175 191 19
175 193 13
175 204 16
175 244 17
175 249 13
176 245 12
176 279 10
177 189 20
177 234 9
177 244 8
177 249 21
177 278 14
178 187 25
178 199 20
178 209 6
178 220 20
178 226 16
178 235 24
178 248 19
178 266 11
178 278 10
179 198 4
179 202 6
179 213 24
180 230 18
180 245 10
180 247 10
180 267 10
180 277 19
180 292 8
181 183 16
181 204 13
181 214 22
181 231 9
181 233 6
181 246 10
181 261 20
181 269 15
181 278 6
182 199 3
182 215 25
182 231 1
182 243 19
182 251 24
182 297 22
183 211 24
183 213 19
183 217 14
183 228 24
183 232 12
183 260 25
184 189 10
184 201 17
184 213 7
184 244 9
184 246 10
184 257 19
184 270 20
184 280 19
185 208 12
185 211 4
185 218 12
185 224 24
185 229 25
185 231 22
185 278 4
186 199 11
186 204 18
186 212 21
186 219 16
186 229 20
186 295 20
187 208 18
187 220 15
187 223 18
188 196 17
188 241 14
189 190 13
189 192 5
189 274 14
189 284 1
189 285 6
189 287 24
190 191 18
190 217 15
190 223 7
190 225 2
190 278 8
190 280 3
190 288 22
190 290 21
191 200 6
191 220 10
191 227 20
191 236 7
191 252 8
191 257 25
192 253 18
192 261 25
192 271 22
192 275 8
192 286 22
192 291 16
193 204 3
193 232 11
193 235 11
193 275 19
193 286 1
194 222 23
194 238 25
194 288 15
195 197 24
195 231 6
195 260 13
195 271 16
195 280 20
195 282 21
196 209 19
196 241 4
196 260 23
196 268 17
196 273 24
196 281 5
197 235 2
197 242 20
198 208 11
198 210 11
198 226 22
198 240 3
198 246 11
198 273 18
198 277 13
199 286 7
199 288 11
199 291 17
200 215 17
200 217 21
200 229 10
200 232 18
200 250 18
200 270 9
200 279 9
201 202 16
201 213 16
201 240 21
201 251 8
202 205 10
202 211 18
202 219 1
202 264 15
203 222 15
203 239 18
203 246 14
203 279 21
203 280 21
203 290 8
204 229 6
204 234 6
205 230 6
205 234 11
205 254 18
205 261 24
205 263 25
205 272 24
206 281 9
206 282 16
206 294 18
207 221 6
207 252 25
207 253 12
207 285 23
207 292 10
208 215 20
208 264 16
209 231 1
209 232 15
209 274 25
210 295 10
211 219 9
211 228 1
211 242 2
211 267 23
212 224 20
212 261 15
212 265 18
212 267 15
212 269 24
212 292 25
213 216 22
213 231 5
213 259 10
213 266 15
213 295 3
214 241 9
215 220 15
215 253 13
215 257 24
215 259 7
215 282 18
215 287 25
215 288 20
215 289 17
216 226 10
216 227 14
216 252 7
216 266 10
216 275 5
216 282 7
217 227 21
217 229 13
217 244 9
217 294 22
218 247 12
218 251 3
218 257 13
218 270 6
218 280 19
219 226 12
219 251 6
219 256 17
219 268 16
219 277 17
219 281 6
219 283 20
219 292 1
220 295 23
221 244 9
221 250 1
222 226 4
222 234 1
222 255 3
222 277 1
222 287 17
222 292 12
222 294 14
223 227 1
223 281 23
223 292 19
224 233 9
224 292 20
224 293 8
224 297 17
224 299 19
225 238 20
225 243 21
225 265 6
225 277 2
225 278 14
226 241 17
226 256 7
226 278 5
226 290 9
227 229 1
227 239 13
227 243 5
227 259 1
227 264 10
227 278 13
228 240 3
228 261 15
229 260 13
229 282 5
229 289 15
229 297 7
230 231 18
230 238 6
230 245 7
230 260 15
231 255 1
232 251 15
232 272 12
233 236 8
233 244 8
233 248 5
233 260 4
233 279 3
233 284 10
233 288 6
234 242 18
234 252 4
234 258 14
234 267 24
234 282 14
235 249 14
235 270 13
235 271 19
235 279 16
235 288 24
236 250 6
237 251 19
237 267 14
238 277 21
239 240 25
239 287 5
240 262 2
240 284 18
240 294 10
241 275 10
241 278 9
242 274 10
242 278 1
242 289 20
243 245 20
243 247 8
243 256 24
243 288 23
243 295 12
244 249 11
245 253 3
245 262 6
245 264 16
246 276 17
247 280 6
247 291 4
247 297 7
248 254 19
248 271 24
248 278 23
248 284 17
248 294 5
249 282 16
249 297 7
250 271 25
250 274 15
250 279 12
250 281 3
250 286 9
251 270 23
252 272 12
253 265 18
253 269 10
253 273 12
253 297 12
254 258 4
254 286 21
255 275 13
255 295 3
255 299 9
256 281 25
257 274 8
258 285 14
259 262 15
259 274 1
261 294 21
263 274 20
263 291 7
263 294 14
263 296 19
264 272 4
264 289 6
265 299 25
266 268 21
266 269 14
266 297 1
266 298 11
267 272 25
267 276 3
267 297 21
268 278 25
268 297 16
269 276 13
271 276 9
271 288 2
272 279 2
273 289 14
274 286 24
275 290 14
276 278 16
278 291 7
278 298 13
279 299 23
280 298 22
281 283 4
284 298 23
286 290 17
287 291 23
289 295 5
292 297 8
296 298 18
300 333 2
300 334 2
300 342 18
300 348 21
300 392 16
300 398 18
300 425 12
300 446 14
300 468 15
300 480 11
300 490 20
300 500 17
300 514 22
300 516 16
300 533 21
300 535 17
300 544 20
300 555 3
301 307 2
301 314 11
301 327 18
301 376 23
301 381 13
301 398 6
301 411 21
301 433 5
301 454 2
301 456 3
301 496 17
301 506 21
301 519 16
301 530 18
301 531 24
301 561 8
301 574 15
301 596 14
302 311 25
302 323 2
302 339 4
302 340 15
302 346 14
302 360 23
302 366 8
302 367 10
302 368 15
302 379 4
302 422 1
302 457 9
302 506 6
302 520 4
303 324 21
303 383 25
303 417 1
303 423 8
303 439 7
303 442 21
303 450 15
303 495 11
303 499 23
303 510 8
303 514 8
303 544 13
303 555 25
303 582 6
303 594 23
304 318 17
304 321 21
304 323 24
304 350 20
304 359 24
304 383 13
304 413 8
304 435 23
304 497 23
304 529 17
304 545 14
305 345 1
305 350 19
305 354 24
305 362 8
305 399 22
305 423 19
305 439 9
305 453 22
305 473 4
305 474 16
305 480 18
305 532 18
305 558 3
305 581 17
306 362 25
306 370 10
306 372 7
306 381 1
306 401 17
306 402 4
306 403 19
306 419 12
306 443 2
306 445 13
306 461 12
306 477 17
306 503 20
306 513 11
306 515 16
306 519 11
306 539 24
306 548 18
306 585 6
307 313 22
307 329 2
307 349 2
307 353 17
307 354 10
307 360 1
307 373 20
307 401 2
307 424 20
307 425 14
307 433 4
307 443 11
307 491 15
307 503 15
307 506 17
307 512 16
307 537 6
307 549 22
307 561 9
307 576 17
307 579 1
307 592 24
308 323 5
308 330 19
308 331 18
308 360 15
308 383 9
308 448 6
308 467 15
308 485 1
308 489 11
308 500 13
308 520 2
308 537 15
308 545 5
308 561 13
308 574 15
309 312 1
309 316 15
309 329 9
309 332 17
309 345 20
309 357 21
309 359 6
309 375 10
309 376 15
309 404 23
309 410 15
309 442 13
309 458 9
309 480 9
309 495 13
309 513 7
309 530 13
309 536 8
309 553 24
309 578 5
309 596 16
310 328 6
310 337 19
310 355 18
310 373 17
310 384 9
310 399 21
310 424 8
310 440 15
310 459 9
310 477 24
310 513 15
310 516 23
310 532 7
310 562 8
310 564 19
310 593 4
310 595 16
311 363 3
311 377 18
311 380 13
311 386 18
311 435 6
311 438 23
311 466 3
311 498 20
311 504 4
311 506 17
311 559 3
311 584 5
312 329 21
312 332 20
312 337 10
312 450 17
312 453 15
312 462 3
312 473 25
312 481 10
312 534 10
312 540 14
312 584 18
313 316 8
313 345 5
313 347 17
313 374 16
313 384 13
313 415 11
313 426 22
313 440 3
313 472 13
313 541 14
313 567 17
314 329 7
314 393 21
314 473 15
314 479 11
314 514 18
314 556 20
314 566 3
314 570 20
314 588 24
315 319 23
315 330 16
315 359 11
315 361 16
315 371 5
315 382 13
315 426 15
315 427 15
315 429 23
315 455 3
315 456 9
315 462 7
315 477 10
315 480 3
315 482 25
315 487 24
315 507 13
315 517 21
315 535 1
315 538 2
315 558 11
316 400 19
316 421 11
316 424 7
316 431 8
316 461 21
316 481 24
316 489 3
316 527 23
316 572 20
316 579 3
317 323 23
317 335 10
317 346 13
317 390 13
317 400 17
317 415 1
317 418 5
317 439 8
317 443 25
317 450 9
317 487 16
317 557 8
317 559 18
317 569 18
318 353 7
318 359 16
318 371 7
318 386 4
318 430 18
318 511 11
318 541 15
318 547 12
318 563 21
319 346 21
319 359 21
319 373 18
319 442 21
319 470 25
319 486 18
319 487 15
319 499 3
319 510 15
319 532 1
319 534 17
319 555 4
319 558 17
319 580 19
319 595 8
320 374 24
320 375 20
320 389 17
320 404 17
320 450 5
320 548 11
320 581 11
321 333 11
321 341 2
321 349 18
321 354 15
321 430 19
321 442 5
321 460 4
321 490 7
321 495 25
321 550 1
322 327 5
322 333 19
322 334 21
322 345 4
322 399 11
322 452 12
322 487 8
322 492 25
322 506 12
322 508 2
322 524 6
322 539 6
322 571 20
322 593 13
323 326 6
323 355 17
323 357 6
323 366 24
323 415 21
323 431 17
323 451 10
323 465 6
323 473 20
323 494 4
323 517 22
323 535 13
324 337 8
324 353 2
324 363 22
324 405 9
324 417 4
324 465 1
324 473 2
324 494 1
324 531 6
324 532 13
324 547 12
324 552 14
324 566 14
324 595 1
325 349 17
325 351 21
325 366 8
325 369 11
325 372 11
325 402 15
325 416 2
325 445 16
325 455 14
325 557 22
325 572 7
325 580 25
325 581 5
325 583 1
325 596 3
326 359 3
326 373 16
326 392 12
326 419 7
326 423 14
326 444 22
326 466 10
326 502 16
326 507 23
326 525 13
326 570 21
326 587 12
326 596 1
327 364 11
327 398 3
327 448 1
327 467 2
327 479 23
327 489 10
327 569 15
328 351 8
328 373 25
328 376 18
328 393 24
328 405 15
328 433 17
328 486 7
328 509 14
328 528 21
328 575 10
329 360 18
329 378 25
329 424 2
329 463 4
329 467 8
329 474 17
329 494 2
329 506 20
329 538 7
329 578 24
329 592 7
330 336 4
330 513 13
330 519 7
330 565 15
330 586 15
331 338 10
331 341 18
331 344 14
331 368 19
331 383 7
331 441 22
331 456 20
331 463 25
331 513 22
331 591 9
331 593 16
332 363 5
332 394 22
332 414 13
332 429 16
332 437 16
332 467 14
332 491 19
332 498 21
332 505 22
332 528 10
332 547 22
332 550 16
332 554 16
333 336 23
333 361 22
333 371 22
333 372 10
333 389 3
333 395 11
333 444 1
333 447 14
333 468 3
333 525 14
333 545 10
333 563 12
334 344 12
334 357 4
334 359 11
334 379 8
334 380 15
334 392 3
334 418 15
334 419 11
334 423 15
334 433 5
334 475 4
334 490 3
334 518 24
334 522 24
334 549 24
334 552 10
334 580 21
335 369 16
335 393 3
335 445 18
335 446 12
335 449 24
335 453 4
335 466 17
335 538 9
335 544 4
335 562 5
335 582 13
335 595 19
336 341 14
336 372 24
336 382 6
336 411 20
336 426 11
336 427 15
336 433 9
336 442 13
336 443 4
336 471 21
336 515 2
336 516 11
336 540 24
336 553 7
336 560 11
336 577 23
336 588 7
337 344 20
337 354 18
337 359 23
337 376 24
337 397 12
337 404 9
337 427 22
337 483 15
337 497 2
337 502 7
337 508 20
337 514 9
337 522 20
337 576 13
337 589 24
338 362 20
338 401 20
338 428 18
338 433 6
338 465 10
338 476 3
338 496 18
338 513 15
338 536 24
338 575 22
339 347 2
339 364 22
339 382 3
339 398 12
339 420 21
339 493 11
339 502 9
339 514 15
339 531 8
339 576 7
340 348 1
340 364 19
340 382 4
340 389 17
340 400 20
340 410 12
340 441 11
340 458 5
340 498 6
340 524 24
340 542 4
340 548 3
340 594 20
340 599 23
341 378 8
341 400 4
341 401 1
341 410 2
341 411 21
341 413 1
341 420 23
341 457 22
341 479 24
341 481 2
341 482 11
341 495 20
341 539 13
341 565 19
341 566 9
342 405 22
342 415 2
342 416 12
342 418 15
342 456 5
342 460 5
342 481 12
342 492 17
342 494 16
342 515 16
342 516 24
342 517 16
342 592 21
342 597 1
343 348 10
343 355 19
343 358 10
343 362 16
343 396 21
343 407 12
343 417 11
343 450 21
343 468 9
343 477 9
343 533 19
343 544 13
343 555 19
343 567 13
343 574 25
343 596 12
344 355 24
344 433 23
344 454 16
344 457 12
344 468 13
344 470 20
344 504 16
344 520 1
344 524 13
344 528 8
344 554 18
345 372 14
345 381 23
345 385 14
345 412 16
345 454 8
345 473 9
345 482 1
345 515 25
345 516 4
345 528 12
345 535 10
345 543 1
345 572 22
345 592 18
345 599 19
346 349 11
346 363 14
346 386 9
346 388 12
346 397 2
346 410 9
346 518 10
346 521 17
346 528 22
347 411 22
347 420 14
347 433 12
347 449 24
347 465 3
347 467 22
347 481 16
347 489 16
347 510 19
347 572 4
347 587 9
347 598 3
348 390 12
348 402 9
348 445 2
348 505 17
348 510 22
348 514 13
348 534 17
348 587 20
349 380 8
349 386 11
349 387 6
349 419 21
349 426 21
349 431 17
349 450 22
349 476 4
349 503 1
349 556 14
349 587 25
349 589 24
350 352 2
350 358 13
350 388 22
350 439 6
350 441 9
350 455 13
350 457 22
350 495 5
350 505 18
350 513 5
350 527 7
350 534 7
350 564 15
350 582 11
350 590 23
351 354 13
351 392 23
351 394 17
351 456 7
351 473 5
351 499 4
351 536 12
351 562 25
352 362 24
352 376 6
352 389 24
352 401 4
352 454 6
352 460 14
352 470 5
352 498 7
352 510 15
352 515 17
352 528 3
352 533 20
352 545 3
352 549 17
352 558 18
353 379 7
353 381 10
353 448 24
353 453 15
353 461 16
353 490 13
353 494 25
353 504 15
353 508 2
353 520 25
353 531 6
353 558 9
353 574 6
354 359 11
354 377 20
354 382 8
354 395 9
354 400 25
354 404 6
354 416 14
354 422 8
354 423 19
354 472 18
354 487 14
354 499 10
354 517 10
354 522 18
354 532 6
354 555 14
355 395 10
355 399 1
355 412 22
355 460 21
355 476 24
355 490 11
355 503 13
355 508 14
355 544 13
355 579 2
355 586 15
356 375 14
356 398 10
356 415 23
356 423 19
356 440 20
356 449 20
356 470 1
356 473 6
356 479 21
356 483 8
356 551 19
356 567 5
356 572 1
357 379 12
357 440 20
357 453 10
357 480 23
357 483 13
357 503 18
357 508 11
357 512 24
357 580 18
357 599 9
358 381 19
358 412 16
358 424 19
358 445 8
358 453 6
358 469 8
358 507 9
358 530 21
358 532 21
358 567 20
358 568 20
358 576 17
358 581 15
358 589 16
359 361 19
359 369 22
359 377 14
359 387 2
359 391 15
359 399 18
359 443 2
359 457 3
359 469 13
359 495 14
359 496 25
359 499 2
359 503 6
359 514 12
359 515 25
359 523 25
359 530 20
359 531 20
359 555 15
359 556 16
359 577 2
360 415 23
360 428 25
360 449 12
360 465 20
360 475 23
360 478 7
360 501 14
360 526 14
360 539 23
360 545 7
360 555 7
361 391 19
361 392 20
361 393 10
361 413 10
361 433 12
361 445 12
361 452 13
361 471 1
361 496 2
361 501 14
361 502 2
361 540 9
361 546 1
361 570 1
361 584 8
362 373 22
362 383 22
362 412 24
362 414 14
362 435 23
362 454 21
362 457 16
362 472 12
362 530 15
362 544 13
362 546 18
362 547 6
362 583 3
362 586 17
363 397 12
363 431 11
363 525 12
363 562 6
363 589 21
364 365 21
364 388 19
364 394 9
364 418 8
364 431 20
364 435 10
364 457 22
364 469 21
364 499 18
364 537 24
364 540 24
364 555 25
364 559 22
364 572 20
365 368 23
365 380 11
365 384 20
365 397 21
365 439 1
365 465 6
365 488 10
365 491 15
365 540 25
365 541 17
365 545 17
365 546 16
365 576 3
365 580 4
365 588 2
366 418 10
366 421 24
366 439 24
366 457 6
366 462 9
366 468 7
366 484 2
366 539 18
366 545 5
366 552 24
366 595 12
367 383 5
367 416 22
367 422 11
367 446 1
367 469 19
367 478 11
367 499 13
367 526 15
367 530 8
367 573 13
367 575 20
368 377 17
368 387 4
368 393 19
368 440 9
368 444 20
368 449 11
368 476 13
368 480 1
368 504 12
368 505 25
368 530 1
368 549 10
368 550 7
368 571 10
368 576 18
369 372 8
369 379 4
369 382 24
369 408 6
369 420 16
369 477 3
369 486 5
369 491 3
369 504 6
369 508 23
369 509 15
369 525 18
369 560 12
370 376 22
370 399 8
370 430 8
370 450 14
370 484 11
370 514 3
370 520 24
370 570 8
370 571 13
370 590 13
371 373 10
371 396 1
371 402 14
371 451 10
371 532 12
371 550 20
371 562 19
372 387 7
372 472 2
372 494 23
372 550 5
372 570 10
372 586 15
372 593 10
373 411 14
373 456 17
373 480 17
373 492 13
373 559 7
373 563 11
373 597 24
374 422 5
374 433 20
374 454 8
374 455 20
374 494 8
374 509 10
374 558 18
374 571 15
374 578 24
374 591 8
375 403 1
375 412 24
375 435 23
375 455 10
375 472 10
375 475 18
375 498 6
375 547 18
375 579 21
375 582 5
376 416 25
376 445 5
376 500 19
376 504 11
376 524 18
376 525 12
376 526 2
376 558 5
376 583 20
376 587 12
377 396 5
377 398 25
377 401 7
377 443 14
377 449 19
377 465 14
377 470 23
377 471 14
377 472 5
377 492 21
377 497 23
377 508 7
377 534 21
377 550 20
377 556 16
377 557 8
377 575 12
377 585 23
377 590 25
377 591 10
377 598 2
378 379 24
378 386 14
378 405 22
378 453 9
378 459 9
378 467 11
378 489 12
378 572 13
379 425 5
379 431 1
379 433 20
379 434 6
379 440 9
379 451 8
379 467 25
379 468 24
379 546 8
379 551 15
379 567 5
380 388 5
380 455 12
380 482 11
380 490 1
380 505 6
380 517 3
380 522 8
380 539 20
380 583 1
381 382 9
381 401 4
381 409 4
381 417 10
381 492 19
381 547 3
381 568 20
381 573 2
381 598 13
382 428 7
382 509 17
382 510 19
382 514 7
382 553 11
382 554 25
382 594 17
383 385 20
383 386 24
383 392 15
383 421 2
383 422 13
383 424 21
383 494 9
383 518 1
383 541 6
383 543 9
383 548 6
383 581 8
383 588 18
383 599 2
384 386 10
384 394 1
384 409 7
384 421 14
384 455 12
384 461 1
384 468 18
384 469 7
384 507 2
384 531 5
384 552 13
384 555 18
385 426 23
385 447 21
385 460 5
385 482 22
385 484 14
385 507 25
385 516 22
385 531 3
385 542 3
385 551 11
386 414 23
386 432 13
386 449 11
386 455 5
386 461 21
386 470 19
386 481 14
386 502 15
386 504 20
386 523 24
386 528 18
386 545 2
386 589 14
387 395 4
387 399 4
387 416 6
387 421 10
387 434 5
387 443 12
387 453 24
387 478 25
387 481 9
387 483 19
387 489 4
387 503 8
387 506 7
387 510 5
387 521 6
387 527 11
387 560 10
387 579 17
387 593 10
388 432 22
388 443 2
388 448 16
388 457 20
388 465 22
388 481 5
388 488 9
388 554 19
389 482 5
389 483 3
389 501 20
389 502 20
389 510 7
389 526 25
389 530 2
389 560 18
389 594 4
389 597 13
390 391 17
390 405 5
390 456 23
390 469 12
390 496 9
390 532 7
390 553 21
390 562 15
390 563 13
391 401 6
391 458 24
391 463 4
391 481 18
391 494 23
391 545 7
391 547 8
391 571 17
391 592 4
392 404 14
392 439 2
392 444 22
392 446 20
392 503 5
392 535 18
392 557 14
392 584 13
392 588 17
392 599 17
393 411 5
393 420 22
393 431 4
393 498 21
393 505 2
393 507 4
393 508 10
393 552 12
393 589 10
394 423 5
394 446 1
394 453 22
394 476 12
394 483 2
394 552 2
394 553 4
394 556 24
394 558 9
395 401 14
395 479 17
395 510 14
395 566 4
395 599 18
396 408 12
396 552 24
396 568 22
396 587 6
396 591 14
396 596 11
397 484 24
397 491 6
397 499 16
397 582 20
397 598 11
398 426 13
398 439 23
398 462 14
398 512 22
398 518 9
398 522 24
398 524 1
398 537 12
398 560 20
398 584 13
399 402 13
399 420 22
399 435 18
399 438 11
399 444 7
399 459 8
399 483 4
399 515 22
399 532 12
399 537 21
399 555 8
399 561 12
399 574 20
399 593 15
399 597 25
400 413 5
400 471 13
400 480 7
400 500 20
400 509 9
400 549 18
400 567 10
400 585 7
401 425 6
401 428 6
401 447 15
401 462 6
401 467 9
401 482 1
401 486 3
401 488 21
401 504 15
401 519 1
401 527 15
401 528 2
401 532 7
401 536 23
401 548 5
401 549 5
401 552 11
401 553 1
401 574 12
402 410 22
402 425 22
402 435 3
402 458 23
402 472 1
402 484 15
402 503 5
402 508 23
402 513 23
402 520 24
402 521 7
402 533 4
402 537 4
403 423 14
403 462 21
403 463 10
403 505 22
403 506 23
403 535 12
404 414 19
404 421 13
404 491 12
404 502 9
404 518 16
404 545 20
404 562 8
404 598 21
405 408 24
405 437 18
405 485 23
405 517 12
405 526 16
405 527 21
405 545 14
405 581 15
405 582 21
405 590 3
405 599 21
406 412 20
406 446 2
406 474 19
406 495 3
406 503 6
406 531 25
406 532 17
406 590 3
406 591 11
406 596 13
407 422 25
407 457 24
407 462 7
407 475 14
407 491 12
407 496 17
407 497 7
407 511 6
407 519 24
407 552 4
407 586 6
407 599 18
408 423 1
408 445 19
408 452 10
408 458 21
408 467 7
408 471 24
408 477 18
408 494 11
408 557 20
408 560 15
409 418 12
409 434 15
409 436 17
409 469 19
409 481 14
409 485 8
409 506 23
409 597 24
410 466 23
410 507 25
410 514 24
410 527 6
410 532 15
410 537 10
410 548 22
410 566 21
411 413 17
411 421 22
411 428 24
411 432 22
411 447 16
411 464 1
411 471 17
411 489 25
411 500 23
411 504 23
411 522 25
411 525 18
411 532 10
411 533 21
411 584 7
412 485 24
412 499 11
412 510 23
412 527 19
412 536 1
412 556 8
413 414 17
413 432 2
413 436 5
413 443 18
413 463 25
413 468 10
413 470 7
413 484 10
413 509 6
413 529 5
413 535 1
413 542 4
413 553 5
413 585 25
413 588 19
414 424 8
414 433 16
414 506 20
414 510 5
414 564 16
414 574 19
414 581 24
414 595 25
415 419 15
415 427 7
415 444 25
415 445 2
415 501 5
415 503 19
415 530 2
415 592 12
415 594 12
416 422 3
416 425 18
416 430 4
416 437 3
416 461 2
416 464 12
416 465 14
416 477 9
416 501 16
416 504 14
416 509 12
416 522 21
416 525 15
416 561 7
416 570 3
417 422 8
417 459 1
417 464 9
417 465 23
417 485 19
417 486 10
417 517 24
417 524 10
417 535 16
417 560 1
417 593 11
418 424 22
418 478 19
418 519 13
418 525 10
418 569 7
418 591 15
419 442 2
419 447 10
419 450 19
419 497 3
419 520 23
419 549 7
420 423 13
420 449 14
420 461 23
420 515 24
420 543 11
420 589 12
421 431 7
421 432 15
421 448 21
421 454 7
421 467 23
421 472 18
421 502 3
421 517 9
421 554 19
421 555 12
421 571 25
421 577 19
422 429 23
422 449 23
422 454 14
422 455 10
422 463 8
422 464 20
422 468 1
422 483 9
422 496 6
422 501 20
422 503 14
422 505 3
422 524 1
422 543 1
422 576 16
422 581 23
422 598 2
423 425 3
423 432 12
423 446 8
423 509 17
423 516 7
423 557 15
423 564 17
423 584 2
424 431 19
424 436 25
424 455 22
424 478 5
424 506 1
424 511 17
424 526 2
424 552 24
424 565 5
424 566 13
424 575 6
424 585 24
424 598 14
425 435 14
425 436 4
425 441 10
425 487 4
425 499 8
426 440 12
426 462 5
426 471 24
426 489 12
426 494 8
426 498 3
426 500 25
426 521 15
426 523 20
426 529 6
426 553 6
426 578 11
426 587 9
427 431 24
427 440 10
427 456 5
427 457 6
427 464 11
427 527 21
427 529 7
427 564 9
427 571 2
427 584 22
428 451 14
428 457 2
428 464 10
428 510 4
428 513 7
428 523 21
429 472 10
429 478 15
429 518 7
429 582 14
429 595 15
430 438 20
430 458 23
430 466 17
430 483 19
430 492 14
430 495 11
430 552 25
430 559 22
430 575 21
431 453 10
431 471 20
431 476 8
431 507 17
431 519 2
431 533 18
431 544 14
431 548 9
431 556 3
431 564 16
431 577 5
431 579 18
431 583 17
431 595 16
432 461 23
432 480 24
432 486 13
432 491 7
432 497 13
432 515 21
432 519 22
432 525 4
432 546 16
432 553 19
432 572 20
432 579 9
433 479 8
433 510 6
433 517 10
433 530 4
433 562 3
434 435 22
434 444 25
434 456 10
434 525 13
434 538 2
434 539 4
434 543 1
434 546 12
434 581 8
434 595 18
435 439 18
435 462 25
435 471 12
435 498 10
435 509 25
435 565 10
435 585 24
435 586 6
435 593 24
436 473 19
436 488 5
436 532 2
436 538 9
436 548 23
436 561 23
436 579 20
436 587 7
436 589 5
436 593 6
437 453 12
437 469 8
437 477 2
437 507 14
437 548 19
437 581 14
437 583 17
438 537 25
438 541 17
438 568 3
438 599 7
439 466 11
439 503 22
439 505 9
439 540 22
439 592 8
439 596 8
440 458 6
440 483 6
440 487 15
440 493 6
440 497 24
440 513 19
440 527 9
440 597 10
441 476 19
441 486 7
441 488 6
441 492 2
441 493 11
441 501 11
441 525 14
442 451 20
442 455 13
442 457 2
442 460 14
442 504 3
442 512 18
442 543 13
442 554 19
442 564 22
442 574 21
442 580 5
443 452 20
443 456 4
443 460 3
443 475 2
443 496 11
443 497 11
443 498 7
443 506 3
443 549 16
443 560 7
443 590 23
443 596 2
444 465 18
444 480 16
444 486 8
444 488 23
444 491 18
444 590 20
444 595 9
445 446 8
445 459 17
445 477 21
445 482 9
445 484 5
445 503 25
445 546 3
445 553 19
445 594 19
445 598 1
446 471 14
446 534 25
446 549 20
446 575 20
447 465 4
447 481 21
447 493 7
447 511 14
447 512 4
447 513 9
447 517 5
447 579 12
448 452 7
448 453 8
448 478 5
448 528 24
448 557 17
449 485 2
449 486 16
449 493 13
449 522 12
449 529 23
449 560 4
449 580 9
450 461 8
450 508 10
450 528 9
450 540 12
451 469 3
451 483 4
451 498 12
451 597 19
452 481 5
452 499 6
452 548 15
452 550 8
452 580 3
453 467 21
453 551 22
453 552 8
453 578 5
453 593 3
454 457 20
454 490 13
454 522 10
454 547 1
454 565 11
454 599 3
455 510 4
456 458 4
456 467 15
456 479 16
456 488 3
456 489 19
456 491 1
456 503 11
456 584 3
457 460 9
457 469 22
457 490 8
457 516 12
457 517 11
457 527 3
457 534 18
457 544 16
457 545 17
457 547 1
457 557 21
457 561 12
457 580 24
458 511 3
458 529 18
458 555 1
458 590 24
458 592 7
459 462 12
459 463 1
459 480 20
459 484 14
459 487 5
459 515 23
459 534 3
459 571 22
459 586 2
460 482 21
460 567 22
461 467 12
461 470 1
461 487 8
461 501 11
461 510 8
461 517 21
461 534 21
461 562 12
461 586 14
461 589 13
461 597 3
461 598 14
462 472 8
462 473 14
462 498 12
462 525 13
462 531 9
462 544 14
462 567 13
462 569 15
462 574 2
462 596 14
463 488 11
463 499 15
463 504 18
463 508 8
463 528 19
463 549 16
463 579 10
463 591 17
463 595 12
464 485 23
464 507 17
464 525 19
464 536 10
464 542 1
464 554 15
464 564 5
464 565 12
464 587 5
464 596 20
465 484 14
465 516 20
465 542 4
466 467 4
466 469 8
466 560 16
466 579 14
466 585 21
466 590 6
467 496 6
467 510 22
467 513 19
467 516 16
467 521 13
467 527 13
467 553 24
467 574 6
467 589 3
467 591 10
468 504 22
468 526 16
468 531 9
468 543 13
468 556 12
468 565 19
468 595 13
469 474 3
469 496 23
469 517 1
469 520 7
469 526 19
469 553 14
469 590 1
470 476 23
470 519 20
470 549 8
471 474 13
471 498 8
471 517 5
471 522 18
471 531 13
471 542 3
471 562 13
471 598 4
472 501 15
472 508 25
472 518 4
472 525 20
472 575 4
472 585 15
472 597 17
473 551 22
473 557 23
473 578 6
473 582 8
473 584 16
474 525 21
474 541 12
474 557 16
474 570 21
474 576 18
475 477 9
475 494 12
475 497 20
475 540 6
475 559 8
476 483 2
476 521 21
476 529 17
476 563 8
476 565 15
476 580 5
477 490 10
477 491 5
477 502 10
477 514 24
477 528 6
477 536 15
477 537 18
477 569 10
477 573 4
477 597 11
478 491 8
478 492 3
478 494 19
478 513 15
478 530 19
478 536 14
478 542 1
479 525 11
479 546 11
479 551 20
479 556 19
479 567 24
479 593 14
480 539 2
480 591 6
480 592 17
481 483 24
481 492 23
481 493 24
481 511 15
481 521 4
481 529 8
481 558 19
481 582 15
481 583 8
482 489 2
482 490 4
482 491 2
482 492 11
482 500 9
482 540 13
482 558 18
482 569 11
482 570 6
482 586 9
483 531 6
483 567 21
483 576 11
484 499 16
484 535 6
484 550 7
484 553 12
484 561 5
485 488 20
485 557 15
485 565 12
485 583 13
486 551 15
486 557 9
486 572 11
486 595 6
487 492 12
487 502 20
487 503 25
487 519 1
487 563 2
487 573 3
487 591 6
488 495 5
488 500 13
488 508 16
488 523 17
488 544 7
488 578 2
488 580 24
488 589 17
488 590 9
489 507 21
489 550 4
489 559 2
489 565 4
489 582 10
489 583 15
489 586 8
490 499 6
490 514 4
490 520 21
490 531 18
490 573 20
490 593 5
491 495 5
491 505 25
491 511 18
491 540 1
491 544 1
492 520 21
492 533 4
492 535 3
492 550 3
492 586 8
493 507 17
493 522 19
493 528 2
493 531 25
493 542 22
493 553 2
493 568 16
493 575 5
493 586 23
494 495 21
494 504 8
494 511 1
494 518 7
494 520 22
494 562 10
495 538 12
495 555 2
495 566 5
495 596 6
496 514 21
496 539 11
496 566 10
496 577 21
496 589 6
497 547 10
497 595 23
497 598 1
498 590 15
499 518 1
499 571 5
499 583 23
499 596 19
500 502 23
500 550 24
501 518 19
501 521 19
501 531 25
501 534 11
501 543 1
501 545 24
501 550 7
501 566 10
501 567 24
501 577 13
503 509 7
503 566 10
504 524 2
504 566 8
504 579 17
504 582 7
505 558 4
506 509 2
506 512 17
506 516 1
506 531 7
506 563 3
507 510 25
507 520 9
507 539 18
507 544 2
507 570 14
507 576 17
508 538 21
509 521 13
509 529 17
509 553 16
509 566 9
510 512 18
510 524 1
510 540 9
510 546 17
510 551 9
510 566 18
510 567 17
510 569 24
510 577 1
511 514 2
511 518 25
511 543 9
511 548 18
511 570 6
511 582 14
511 596 21
512 520 24
512 521 16
512 533 5
512 572 4
512 574 17
512 581 13
512 584 23
512 585 19
513 548 3
513 553 16
513 566 14
513 579 16
514 529 7
514 534 4
514 542 24
514 550 24
515 548 6
515 558 9
515 565 15
515 583 15
516 528 3
516 530 9
516 544 15
516 553 6
516 560 10
516 568 14
516 593 14
516 597 4
517 538 21
517 552 4
517 553 24
517 564 22
517 582 21
518 521 3
518 544 2
518 552 12
518 566 18
518 581 24
519 567 5
519 596 20
519 598 14
520 583 20
521 525 12
521 553 22
521 582 25
522 587 12
523 542 20
523 543 6
523 582 22
523 591 12
523 598 22
524 532 25
524 548 20
524 551 11
524 591 5
524 598 6
525 551 1
525 555 20
525 563 9
525 581 21
525 586 25
525 595 9
526 532 17
526 536 20
526 589 12
527 552 18
527 577 6
527 580 6
527 589 18
527 595 13
528 530 2
528 531 8
528 536 9
528 566 14
528 574 4
528 580 9
528 591 2
529 540 1
529 590 16
530 533 24
530 548 12
530 561 12
530 587 23
531 541 6
531 545 24
531 552 4
531 576 11
531 587 24
531 591 25
531 598 21
532 558 19
532 562 24
532 570 4
533 542 13
533 553 18
534 535 17
534 537 7
534 555 25
534 565 22
535 541 2
535 543 14
535 548 24
535 571 9
535 584 23
535 589 14
535 595 15
536 548 8
536 560 15
536 592 15
538 564 23
538 593 13
538 599 1
539 563 11
539 592 12
539 597 8
540 548 9
540 555 17
540 573 18
540 586 7
541 544 16
541 550 13
541 551 2
541 559 14
541 560 18
542 583 16
542 591 8
543 591 10
543 592 23
544 566 10
544 571 6
544 578 24
544 580 25
544 595 6
545 549 9
545 558 24
545 573 19
545 586 23
546 561 6
546 565 11
546 570 12
546 572 5
546 574 25
546 575 14
546 585 15
546 588 12
547 594 21
548 564 25
548 572 5
548 576 15
549 555 8
549 570 21
549 586 4
550 585 10
551 553 11
551 594 22
552 576 25
552 589 19
553 584 6
554 570 24
554 571 5
554 575 11
555 583 24
555 599 4
556 570 19
556 576 8
557 579 3
557 590 12
558 569 5
558 570 10
559 587 24
560 592 19
561 563 15
562 568 24
562 583 7
562 585 6
563 572 12
563 579 5
564 578 6
565 573 16
565 574 19
566 585 15
567 576 11
567 595 23
569 576 1
569 578 24
571 580 21
571 583 3
572 574 19
573 577 1
573 587 1
573 591 23
574 592 13
575 577 25
576 583 3
578 581 6
578 595 9
578 598 7
580 590 20
580 592 13
582 583 17
587 593 18
590 597 8
591 592 8
591 593 16
592 598 17
600 299 3
601 599 16
600 601 19
602 695 1
602 718 10
602 754 9
602 755 8
602 773 4
602 791 10
602 799 9
602 874 10
602 875 2
602 896 7
603 606 9
603 628 6
603 650 10
603 651 6
603 675 2
603 704 6
603 716 5
603 749 3
603 750 5
603 795 1
603 802 2
603 822 6
603 826 8
603 831 2
603 855 6
603 885 1
604 627 4
604 651 4
604 655 6
604 683 9
604 696 9
604 708 8
604 714 10
604 732 9
604 735 5
604 746 3
604 750 9
604 773 3
604 787 4
604 792 10
604 849 2
604 864 2
604 880 7
604 892 1
605 607 9
605 640 8
605 665 6
605 696 6
605 707 10
605 708 2
605 722 6
605 735 3
605 753 7
605 756 5
605 777 6
605 779 5
605 805 7
605 817 1
605 835 8
605 844 4
605 894 9
605 897 6
606 618 1
606 620 10
606 701 7
606 710 7
606 722 3
606 734 5
606 758 1
606 767 8
606 782 6
606 784 2
606 825 2
606 840 3
606 844 4
606 846 10
606 851 2
606 854 1
606 860 7
606 884 4
606 896 2
607 699 4
607 718 8
607 729 9
607 749 10
607 810 4
607 826 5
607 854 6
608 623 4
608 640 2
608 665 9
608 667 3
608 672 10
608 673 1
608 685 4
608 687 6
608 716 7
608 725 8
608 726 2
608 756 8
608 775 6
608 832 7
608 881 1
609 655 7
609 676 1
609 680 5
609 684 8
609 708 3
609 717 5
609 728 5
609 729 8
609 731 7
609 763 8
609 772 5
609 774 7
609 790 10
609 817 8
609 834 1
609 846 5
609 856 2
609 870 4
609 881 6
609 887 6
609 889 5
609 895 6
609 896 9
609 899 10
609 900 5
610 619 7
610 623 3
610 631 4
610 716 4
610 730 2
610 753 4
610 812 10
610 813 2
610 816 8
610 828 7
610 860 6
610 895 5
610 899 3
611 617 3
611 631 3
611 636 3
611 642 10
611 651 9
611 653 2
611 680 7
611 686 1
611 714 6
611 719 10
611 720 6
611 726 3
611 755 7
611 786 1
611 792 9
611 795 6
611 805 10
611 809 3
611 825 4
611 855 5
611 858 6
611 871 9
611 878 6
612 636 1
612 638 8
612 645 9
612 648 1
612 658 6
612 660 7
612 661 5
612 689 1
612 705 1
612 707 7
612 708 3
612 724 10
612 733 7
612 744 6
612 771 9
612 778 7
612 787 3
612 795 8
612 798 4
612 858 6
612 859 5
613 617 4
613 619 4
613 632 2
613 647 6
613 690 8
613 714 7
613 736 10
613 747 5
613 748 5
613 754 7
613 761 7
613 783 4
613 811 7
613 822 7
613 844 1
613 845 3
613 850 1
613 851 1
613 869 4
614 615 7
614 643 5
614 653 5
614 688 5
614 689 10
614 753 3
614 755 3
614 775 3
614 796 1
614 838 7
614 841 10
614 865 7
614 885 10
614 901 5
615 639 10
615 651 5
615 667 2
615 683 6
615 734 6
615 773 8
615 807 2
615 851 2
615 860 4
615 885 5
615 889 9
615 898 1
616 620 5
616 643 1
616 644 3
616 667 8
616 698 6
616 773 10
616 814 2
616 830 1
616 838 6
616 886 4
617 660 3
617 735 9
617 750 8
617 757 5
617 758 5
617 786 7
617 796 1
617 803 6
617 810 1
617 811 10
617 818 1
617 845 4
617 849 7
617 874 6
617 879 1
617 894 8
618 620 10
618 624 6
618 688 4
618 702 8
618 723 6
618 742 9
618 743 10
618 797 9
618 812 8
618 822 6
618 853 10
618 893 9
619 638 8
619 643 7
619 648 4
619 652 10
619 676 5
619 711 1
619 746 7
619 759 1
619 760 7
619 766 9
619 780 7
619 791 7
619 793 9
619 807 7
619 855 10
619 862 7
619 866 4
619 870 2
620 645 5
620 654 3
620 657 8
620 730 8
620 743 2
620 771 5
620 779 8
620 800 2
620 811 5
620 840 5
620 888 9
620 890 6
621 642 6
621 648 8
621 682 3
621 707 1
621 728 9
621 729 9
621 768 2
621 777 5
621 813 10
621 826 8
621 839 4
621 852 6
621 875 7
622 624 4
622 629 4
622 642 8
622 648 10
622 658 9
622 713 10
622 721 4
622 746 4
622 751 9
622 803 4
622 808 5
622 814 5
622 861 3
622 870 8
622 885 10
622 888 10
622 899 8
623 661 7
623 678 5
623 704 5
623 706 9
623 744 7
623 754 4
623 761 8
623 791 8
623 794 8
623 798 9
623 810 8
623 854 3
623 862 6
623 866 4
623 879 6
624 628 1
624 630 3
624 655 6
624 672 9
624 705 2
624 720 1
624 724 2
624 738 2
624 743 4
624 759 9
624 761 7
624 878 9
625 687 6
625 691 8
625 697 8
625 740 4
625 752 4
625 770 4
625 772 10
625 784 5
625 858 10
625 868 3
625 870 2
625 886 8
625 893 3
625 894 2
625 900 5
626 630 5
626 651 7
626 690 10
626 704 3
626 722 7
626 735 2
626 762 8
626 823 5
626 846 6
626 850 10
627 653 9
627 658 9
627 673 6
627 748 7
627 807 7
627 813 4
627 824 4
627 826 4
627 829 1
627 853 9
628 667 8
628 701 4
628 721 9
628 741 2
628 753 3
628 780 3
628 782 5
628 790 2
628 823 5
628 852 6
628 887 8
628 895 2
629 643 4
629 649 9
629 659 4
629 669 10
629 679 3
629 702 3
629 706 6
629 711 10
629 726 2
629 764 4
629 773 8
629 783 7
629 790 2
629 799 5
629 801 2
629 816 8
629 821 8
629 835 2
629 836 6
629 854 7
629 874 7
629 877 6
629 888 10
629 896 2
630 642 9
630 669 6
630 670 3
630 671 5
630 698 3
630 709 3
630 710 6
630 803 6
630 818 1
630 850 9
630 866 5
630 874 3
630 885 3
631 647 1
631 656 2
631 691 5
631 692 6
631 700 10
631 702 3
631 718 8
631 807 6
631 817 5
631 830 5
631 841 5
631 878 8
631 890 2
632 659 2
632 686 7
632 690 8
632 700 3
632 750 8
632 771 6
632 780 9
632 802 10
632 804 10
632 826 1
632 832 4
632 846 8
632 862 9
632 885 5
633 653 6
633 750 3
633 798 7
633 832 9
633 837 3
633 848 1
633 856 5
633 885 9
634 636 2
634 642 9
634 650 8
634 655 7
634 676 5
634 681 4
634 683 1
634 692 5
634 763 5
634 790 4
634 804 1
634 816 2
634 823 9
634 830 8
634 862 9
634 888 9
634 891 9
634 894 1
635 665 1
635 686 3
635 688 8
635 718 9
635 786 7
635 827 3
635 840 2
635 851 5
635 862 3
635 879 6
635 883 5
636 650 9
636 686 6
636 687 8
636 693 8
636 732 3
636 751 4
636 754 2
636 777 6
636 785 7
636 798 6
636 819 1
636 873 2
636 886 8
636 890 4
636 901 10
637 662 5
637 675 3
637 713 8
637 725 4
637 737 3
637 753 9
637 766 6
637 776 10
637 787 7
637 798 4
637 851 4
637 861 10
637 866 10
638 653 9
638 711 6
638 747 5
638 761 9
638 768 3
638 789 2
638 796 6
638 846 6
638 847 8
638 861 10
638 880 3
638 883 6
639 649 7
639 653 5
639 661 7
639 665 5
639 667 1
639 672 9
639 674 1
639 718 3
639 730 6
639 741 4
639 743 7
639 749 6
639 751 1
639 759 8
639 794 5
639 809 6
639 819 3
639 845 4
639 848 6
639 883 3
639 894 1
640 641 2
640 661 2
640 670 4
640 693 5
640 715 9
640 732 1
640 753 2
640 774 8
640 784 5
640 823 7
640 831 7
640 863 2
640 870 6
640 873 3
640 883 2
641 685 4
641 714 3
641 740 6
641 757 1
641 789 9
641 802 2
641 826 7
641 827 9
641 870 1
641 872 3
641 895 7
642 653 5
642 657 8
642 706 2
642 735 8
642 790 1
642 840 5
642 873 9
642 897 6
642 899 9
643 675 7
643 688 6
643 717 3
643 744 7
643 747 2
643 752 1
643 775 5
643 790 3
643 795 6
643 805 7
643 808 4
643 868 9
643 900 9
644 710 9
644 747 10
644 752 7
644 758 2
644 759 8
644 761 8
644 816 4
644 822 2
644 836 6
644 858 9
644 867 9
644 868 7
644 885 6
644 886 9
644 895 3
645 672 6
645 683 6
645 714 1
645 762 2
645 766 3
645 769 3
645 795 10
645 842 5
645 869 4
646 649 4
646 678 9
646 704 1
646 706 10
646 729 5
646 737 10
646 747 1
646 750 3
646 755 1
646 765 7
646 791 7
646 797 10
646 863 6
647 654 10
647 694 3
647 704 1
647 718 8
647 729 1
647 754 9
647 778 5
647 803 2
647 807 1
647 809 10
647 850 7
647 856 4
647 857 4
647 881 2
647 891 8
647 896 3
648 681 6
648 692 1
648 719 9
648 758 4
648 766 4
648 777 10
648 804 8
648 816 3
648 826 10
648 845 3
648 897 5
649 651 9
649 681 1
649 698 6
649 750 6
649 773 2
649 786 8
649 802 7
649 806 10
649 839 10
649 852 7
649 879 4
649 900 3
650 660 8
650 691 6
650 709 2
650 760 3
650 783 9
650 792 3
650 821 10
650 823 3
650 838 8
650 844 3
650 857 1
650 863 3
650 868 6
650 879 3
650 893 3
651 652 10
651 676 2
651 697 7
651 701 4
651 706 2
651 746 9
651 766 1
651 767 8
651 795 10
651 811 8
651 812 4
651 826 9
651 828 9
651 838 10
651 871 5
651 886 2
652 676 9
652 708 2
652 709 3
652 717 1
652 728 10
652 750 5
652 762 3
652 771 4
652 775 4
652 796 5
652 876 7
653 663 8
653 665 10
653 697 9
653 742 2
653 763 9
653 779 10
653 810 8
653 820 4
653 868 2
653 877 8
653 888 6
653 899 9
654 655 8
654 669 5
654 676 4
654 683 8
654 686 3
654 705 5
654 706 2
654 712 4
654 732 4
654 769 5
654 779 6
654 803 6
654 823 6
654 826 2
654 860 8
654 866 10
654 885 5
655 703 4
655 732 6
655 742 5
655 746 5
655 754 4
655 761 6
655 765 3
655 779 5
655 816 6
655 828 8
655 845 8
655 846 3
655 850 3
655 860 6
655 880 10
655 887 7
655 900 1
656 664 8
656 688 2
656 697 6
656 698 1
656 726 5
656 743 1
656 744 8
656 789 3
656 790 8
656 792 3
656 811 6
656 823 8
656 839 2
656 868 1
656 888 1
657 658 7
657 682 7
657 699 6
657 720 2
657 759 2
657 810 10
657 824 7
657 836 9
657 860 10
657 874 4
657 878 2
657 881 4
657 887 2
658 662 3
658 674 3
658 678 2
658 709 2
658 737 4
658 744 9
658 764 5
658 801 8
658 814 9
658 850 2
658 880 2
658 881 7
659 664 4
659 672 8
659 695 4
659 735 8
659 746 10
659 776 6
659 783 6
659 795 6
659 824 1
659 841 8
659 842 9
659 843 3
659 868 6
659 874 8
659 879 2
659 893 1
660 670 1
660 676 5
660 698 2
660 699 5
660 731 7
660 769 6
660 786 9
660 823 10
660 835 4
660 860 3
660 871 10
660 888 5
660 898 6
661 688 3
661 695 1
661 708 9
661 741 2
661 748 6
661 768 8
661 770 1
661 805 1
661 821 4
661 823 8
661 833 4
661 849 1
661 858 9
661 866 6
661 876 6
661 882 6
662 667 9
662 688 6
662 699 8
662 765 3
662 804 10
662 808 2
662 834 2
662 860 5
662 877 2
662 892 3
662 893 10
662 899 4
663 684 4
663 690 4
663 706 9
663 717 9
663 749 6
663 752 10
663 787 10
663 791 1
663 792 7
663 804 3
663 833 4
663 842 10
663 857 10
664 736 9
664 737 2
664 740 8
664 756 6
664 805 9
664 806 5
664 826 4
664 828 7
664 868 4
664 870 8
664 880 8
664 882 8
664 890 1
665 667 2
665 681 9
665 695 4
665 713 3
665 731 3
665 785 9
665 790 7
665 794 3
665 804 7
665 806 4
665 858 4
665 865 9
665 868 5
665 876 1
666 686 1
666 708 10
666 716 2
666 718 10
666 778 8
666 791 6
666 811 10
666 832 5
666 835 4
666 892 4
666 898 8
667 693 2
667 695 10
667 710 7
667 715 9
667 729 7
667 758 8
667 759 2
667 770 5
667 776 3
667 790 5
667 797 9
667 800 1
667 827 3
667 865 2
667 881 10
668 686 6
668 702 5
668 741 8
668 747 2
668 785 7
668 806 8
668 842 3
668 869 1
669 674 7
669 676 2
669 709 6
669 713 8
669 742 6
669 743 1
669 761 4
669 803 5
669 851 5
669 890 3
670 675 2
670 690 3
670 702 9
670 705 9
670 708 7
670 725 3
670 755 1
670 770 3
670 771 4
671 685 1
671 716 7
671 727 5
671 745 10
671 754 2
671 768 1
671 780 9
671 802 6
671 813 10
671 832 6
671 837 10
671 895 10
672 686 5
672 719 2
672 737 7
672 766 2
672 786 9
672 792 9
672 829 5
672 881 4
673 688 3
673 696 7
673 759 5
673 772 8
673 777 7
673 781 3
673 799 4
673 827 2
673 831 5
673 834 8
673 846 5
673 878 7
673 894 4
674 708 9
674 727 9
674 772 5
674 810 1
674 835 7
674 870 2
674 879 10
674 890 3
675 689 4
675 710 1
675 714 7
675 724 5
675 728 7
675 745 8
675 748 5
675 788 6
675 789 5
675 791 8
675 800 10
675 801 3
675 810 2
675 821 7
675 824 10
675 880 6
675 896 2
675 897 1
676 684 2
676 715 9
676 734 5
676 757 9
676 805 2
676 816 5
676 827 7
676 858 9
676 874 7
676 875 3
677 694 10
677 702 7
677 741 5
677 786 3
677 859 7
678 689 3
678 730 9
678 759 6
678 793 3
678 836 4
678 881 1
679 685 7
679 699 3
679 708 2
679 713 9
679 725 7
679 741 9
679 754 10
679 828 2
679 835 10
679 838 10
679 894 6
679 897 1
679 900 6
680 688 4
680 723 2
680 760 2
680 792 10
680 802 10
680 805 1
680 828 4
680 843 2
680 860 7
680 868 9
680 880 6
680 892 5
681 685 3
681 727 7
681 737 2
681 740 5
681 756 2
681 763 4
681 776 1
681 796 4
681 811 6
681 817 2
681 878 10
682 707 4
682 709 1
682 712 4
682 715 5
682 718 3
682 726 9
682 731 5
682 776 10
682 794 2
682 848 9
682 872 4
682 876 3
682 884 8
682 893 4
683 700 6
683 706 1
683 710 2
683 720 6
683 739 7
683 776 8
683 788 9
683 826 5
683 851 10
684 685 3
684 733 6
684 765 3
684 772 6
684 790 9
684 802 10
684 814 9
684 816 9
684 822 5
684 894 1
685 735 4
685 784 10
685 785 3
685 849 2
685 854 6
685 857 5
685 858 5
685 891 4
686 703 10
686 710 7
686 716 4
686 724 3
686 742 2
686 749 4
686 761 4
686 810 10
686 817 2
686 825 3
686 848 8
686 865 6
687 691 4
687 695 2
687 709 1
687 762 9
687 763 9
687 790 2
687 848 8
687 850 7
687 853 2
687 891 3
687 896 8
688 694 5
688 703 4
688 705 2
688 716 8
688 727 9
688 763 6
688 833 2
688 847 5
688 870 5
688 874 8
688 896 8
689 717 9
689 761 1
689 785 3
689 811 4
689 815 10
689 886 5
690 691 7
690 696 9
690 699 10
690 700 10
690 713 1
690 729 3
690 740 8
690 838 9
690 852 6
690 857 8
691 737 8
691 756 7
691 778 2
691 792 5
691 794 1
691 830 5
691 852 6
691 885 10
692 694 5
692 705 4
692 714 1
692 731 9
692 737 10
692 738 10
692 744 8
692 777 1
692 798 10
692 833 1
692 897 4
693 719 2
693 753 5
693 851 2
693 857 2
694 704 6
694 731 4
694 796 2
694 799 10
694 834 3
694 841 3
694 845 5
694 862 10
694 881 2
694 887 3
695 716 1
695 726 6
695 734 5
695 743 7
695 758 3
695 760 4
695 770 2
695 803 8
695 888 4
695 889 2
696 757 10
696 780 3
696 782 10
696 894 10
697 713 5
697 732 2
697 768 5
697 787 6
697 815 6
697 817 7
697 880 7
697 890 3
698 717 10
698 719 1
698 734 3
698 740 2
698 751 5
698 783 9
698 814 4
698 822 6
698 829 2
698 834 6
698 858 3
698 862 6
698 883 3
698 890 7
698 896 10
699 705 4
699 787 5
699 791 5
699 793 5
699 803 6
699 825 8
699 873 6
700 709 5
700 736 2
700 751 7
700 753 9
700 770 9
700 797 4
700 808 7
700 815 7
700 854 9
700 874 6
700 880 9
700 882 1
700 886 10
700 890 3
700 893 1
700 894 5
701 741 10
701 754 2
701 774 10
701 782 4
701 786 10
701 797 2
701 826 1
701 859 1
701 869 7
701 878 7
701 894 5
701 895 4
702 704 2
702 706 2
702 708 9
702 783 8
702 794 5
702 842 8
702 843 6
702 868 3
702 869 3
702 874 5
702 892 10
702 898 1
703 708 10
703 721 8
703 724 1
703 726 1
703 810 3
703 844 4
703 867 7
704 748 4
704 755 7
704 781 7
704 822 8
704 858 6
704 873 10
704 880 10
705 723 8
705 744 7
705 769 6
705 772 3
705 773 10
705 775 9
705 777 6
705 781 10
705 784 6
705 842 1
705 844 9
705 885 3
705 886 5
705 892 2
706 714 7
706 715 6
706 718 2
706 754 9
706 803 6
706 854 5
706 858 9
706 864 8
706 878 8
707 736 8
707 743 3
707 748 6
707 754 4
707 768 10
707 778 4
707 801 5
707 845 9
707 861 1
707 866 1
707 898 6
708 716 3
708 717 2
708 740 4
708 750 9
708 767 4
708 806 9
708 819 9
708 831 2
708 856 2
709 735 3
709 744 5
709 756 8
709 761 1
709 788 7
709 796 6
709 798 6
709 857 1
709 864 7
709 865 3
709 872 10
710 839 4
710 856 7
710 877 5
710 883 9
710 896 7
710 898 8
711 716 3
711 764 7
711 785 9
711 812 6
711 818 3
711 832 3
711 860 9
711 876 6
711 896 1
711 900 4
712 724 7
712 757 1
712 798 6
712 832 8
712 872 6
713 723 10
713 747 7
713 768 6
713 803 8
713 813 5
713 821 1
713 828 10
713 831 3
713 844 5
713 847 9
713 855 8
713 859 1
713 867 6
713 892 6
714 722 9
714 743 3
714 779 10
714 800 8
714 833 3
714 851 7
714 884 10
714 899 6
715 719 6
715 724 7
715 772 8
715 799 9
715 816 3
715 849 1
715 868 6
715 872 2
715 879 6
716 719 8
716 738 1
716 798 3
716 847 5
716 850 5
716 866 5
717 718 7
717 720 7
717 726 9
717 727 5
717 735 4
717 760 1
717 765 10
717 826 1
718 734 2
718 761 5
718 780 10
718 787 9
718 802 9
718 850 9
718 875 8
718 877 6
718 897 6
719 767 6
719 768 4
719 786 4
719 787 1
719 801 4
719 805 2
719 820 2
719 823 1
719 849 1
719 851 2
719 896 3
720 725 7
720 743 8
720 762 7
720 766 3
720 784 4
720 849 7
720 887 8
720 889 9
721 742 9
721 778 9
721 780 9
721 781 10
721 783 5
721 787 1
721 794 8
721 851 4
721 892 9
722 727 7
722 805 9
722 854 4
722 895 5
722 901 4
723 743 9
723 748 5
723 758 9
723 762 10
723 768 8
723 775 1
723 819 10
723 850 2
723 853 5
723 860 7
723 866 9
724 730 3
724 748 9
724 775 3
724 781 9
724 857 8
724 881 3
724 895 10
725 752 9
725 767 2
725 831 9
725 833 3
726 731 2
726 738 9
726 772 8
726 853 10
726 857 7
726 858 9
726 865 3
726 866 1
726 879 2
726 895 3
727 744 5
727 822 3
727 828 3
727 885 3
728 736 3
728 742 4
728 749 6
728 779 8
728 802 2
728 811 4
728 820 10
728 839 3
728 843 8
728 892 1
729 733 2
729 749 1
729 753 10
729 804 10
729 812 2
729 825 10
729 831 5
729 850 5
729 859 10
729 888 2
730 767 4
730 794 7
730 806 10
730 840 8
730 882 7
731 732 4
731 734 2
731 744 4
731 746 6
731 754 4
731 774 8
731 782 10
731 808 10
731 901 3
732 756 9
732 798 3
732 808 8
732 821 1
732 871 5
732 876 6
732 892 3
733 747 9
733 755 8
733 780 4
733 786 8
733 807 9
733 809 3
733 820 2
733 834 5
733 838 3
733 887 6
734 745 8
734 751 1
734 871 5
734 894 7
734 896 9
734 899 8
735 768 8
735 803 2
735 806 3
735 808 4
735 810 1
735 816 5
735 827 5
735 849 3
736 759 3
736 779 7
736 781 1
736 789 3
736 843 4
736 864 8
736 883 7
736 898 2
737 747 5
737 778 10
737 787 1
737 793 5
737 796 3
737 811 5
737 817 9
737 826 7
737 844 10
737 862 8
737 880 7
738 742 4
738 788 4
738 811 5
738 829 4
738 848 3
738 891 9
739 742 6
739 750 8
739 798 9
739 811 2
739 850 2
739 852 4
739 857 5
739 868 1
739 876 4
739 883 9
740 810 6
740 825 3
740 847 6
740 884 7
741 754 7
741 769 5
741 773 9
741 799 1
741 803 9
741 824 5
741 849 9
741 873 7
742 847 4
742 848 6
742 868 3
743 819 10
743 823 1
743 865 10
743 889 3
744 750 5
744 801 8
744 830 10
744 839 3
744 864 8
744 877 2
744 881 6
744 899 1
745 771 8
745 786 6
745 817 6
745 832 8
745 850 1
745 851 8
745 854 5
746 751 9
746 752 4
746 757 2
746 820 10
747 760 6
747 767 10
747 784 4
747 809 4
747 844 7
747 865 10
747 880 1
747 891 1
748 786 9
748 787 3
748 810 2
748 819 3
748 853 10
748 878 1
748 893 2
748 900 2
749 761 9
749 778 5
749 798 9
749 806 1
749 822 4
749 863 5
750 751 7
750 763 4
750 807 7
750 888 4
751 755 8
751 773 6
751 777 10
751 778 9
751 812 5
751 820 5
751 832 1
751 853 10
751 858 1
751 870 9
751 879 9
751 894 1
752 795 1
752 799 7
752 806 6
752 809 5
752 813 1
752 840 5
752 846 5
752 857 5
752 862 8
752 872 5
752 895 9
753 766 6
753 769 6
753 796 5
753 804 2
753 810 2
753 842 8
753 859 9
753 873 7
753 899 7
754 772 6
754 776 6
754 780 8
754 797 10
754 852 1
754 882 8
754 886 1
754 888 1
755 763 8
755 793 10
755 804 3
755 830 10
755 888 8
756 773 10
756 813 4
756 868 9
757 778 4
757 792 9
757 796 3
757 804 3
757 807 3
757 822 3
757 833 1
757 858 10
757 874 7
757 884 2
757 885 3
758 768 6
758 786 2
758 790 10
758 795 3
758 811 7
758 823 5
758 832 10
758 862 8
758 867 5
759 771 9
759 778 9
759 779 7
759 823 6
759 870 8
760 793 10
760 807 5
760 822 5
760 827 9
760 842 1
760 843 3
760 865 5
760 880 9
760 887 7
760 896 9
761 786 3
761 809 10
761 812 9
761 820 5
761 839 6
761 851 3
761 855 7
761 876 2
761 897 4
762 774 6
762 790 6
762 797 1
762 805 1
762 806 5
762 827 8
762 898 7
763 776 3
763 782 6
763 783 4
763 789 8
763 791 3
763 793 5
763 798 4
763 806 10
763 813 3
763 845 6
763 858 4
763 873 9
763 878 4
763 901 1
764 776 8
764 862 9
765 782 10
765 795 6
765 798 3
765 803 7
765 847 8
766 775 9
766 779 10
766 818 4
766 821 7
766 852 5
766 872 4
766 876 7
766 882 1
766 883 3
767 784 5
767 812 3
767 820 9
767 826 10
767 842 2
767 845 3
767 869 4
768 782 8
768 785 4
768 794 9
768 798 3
768 861 8
768 863 7
768 887 9
769 772 10
769 821 6
769 871 7
769 884 9
770 804 2
770 816 1
770 819 7
770 835 1
770 838 1
770 839 9
770 856 6
770 887 7
771 785 5
771 786 9
771 804 5
771 814 6
772 774 2
772 792 10
772 863 8
772 868 2
772 873 9
772 884 2
773 788 4
773 804 5
773 824 9
773 830 8
773 833 3
773 851 1
774 780 7
774 793 1
774 805 9
774 819 6
774 823 7
774 878 7
774 887 6
775 789 10
775 817 9
775 819 4
775 839 2
775 848 10
775 880 2
775 897 8
776 783 6
776 786 9
776 798 6
776 809 1
776 840 4
776 846 9
776 879 2
777 792 3
777 806 10
777 827 2
777 838 4
777 839 6
777 843 6
777 869 2
777 876 5
777 882 10
778 808 5
778 820 1
778 842 1
778 899 5
779 832 8
779 855 7
780 803 2
780 816 3
780 898 6
781 795 10
781 811 6
781 850 7
781 851 1
781 877 10
781 888 4
781 892 7
782 793 8
782 796 2
782 881 9
783 794 1
783 799 2
783 827 2
783 839 5
783 841 4
783 873 3
783 877 9
783 885 9
784 794 9
784 819 2
784 826 5
784 830 10
784 836 6
784 863 7
784 869 10
784 870 3
784 873 4
784 880 6
784 885 4
784 887 8
785 802 3
785 822 5
785 833 3
785 857 2
785 877 8
785 882 4
785 886 7
786 848 6
786 873 1
786 889 10
787 791 4
787 832 3
787 845 2
787 869 5
788 792 10
788 827 5
788 856 9
788 871 8
788 889 5
789 839 9
790 851 1
790 869 9
790 871 9
790 872 7
790 878 5
790 888 8
790 893 1
791 801 10
791 829 6
791 831 4
791 885 7
792 825 10
792 876 10
792 890 1
793 812 3
793 825 7
793 831 5
793 839 10
793 874 2
793 875 7
793 881 9
793 890 7
794 800 2
794 815 10
794 839 3
794 881 1
795 806 6
795 812 4
795 848 10
795 861 10
795 878 2
795 881 10
796 825 10
796 832 10
796 853 8
796 862 6
796 885 10
797 804 8
797 812 5
797 816 7
797 821 3
797 822 1
797 837 6
797 855 3
798 820 4
798 824 9
798 843 1
798 859 10
798 862 10
798 869 5
798 887 6
798 889 8
799 812 3
799 849 9
799 884 10
799 894 8
799 899 9
800 802 7
800 815 1
800 837 8
800 854 9
801 870 2
801 879 8
801 883 8
802 806 4
802 827 5
802 840 4
802 856 3
802 865 5
802 889 10
802 893 1
803 830 7
803 848 3
803 853 8
803 868 1
803 869 6
804 832 8
804 869 4
804 870 5
804 888 7
805 807 8
805 821 2
805 854 7
805 860 2
805 874 1
806 822 8
806 829 9
806 839 9
806 863 4
806 888 9
806 894 9
807 815 4
807 834 1
807 840 8
807 841 2
807 870 6
807 877 4
807 886 7
808 835 10
808 874 8
808 878 6
808 885 10
808 891 5
808 895 8
808 898 7
809 824 7
809 849 3
809 853 7
809 854 10
809 870 9
809 882 3
810 870 9
811 813 1
811 866 1
811 877 1
811 878 1
812 855 8
812 863 9
812 875 1
812 893 4
813 836 10
813 854 1
813 890 7
815 843 2
815 852 8
815 864 10
815 866 7
815 878 4
815 891 6
816 844 6
816 859 1
816 865 2
816 867 7
816 879 7
816 883 9
816 893 5
817 835 4
817 842 4
817 848 1
817 863 5
817 876 2
817 881 4
817 901 4
818 820 2
818 830 6
818 857 4
818 883 4
818 885 6
818 889 4
819 858 7
819 885 9
820 841 3
820 862 7
820 874 7
821 830 6
821 883 7
821 896 9
822 823 2
822 844 10
822 845 4
822 890 9
823 835 2
823 874 5
823 893 5
824 829 1
824 845 6
824 867 10
824 876 4
824 883 9
824 890 10
824 899 8
825 839 10
825 853 5
825 876 3
825 879 4
825 891 3
825 896 6
826 884 7
826 894 8
826 897 2
827 835 5
827 836 8
827 838 6
827 862 4
827 877 6
829 833 2
829 843 2
829 858 4
829 887 3
829 891 3
830 832 8
830 897 4
830 899 4
831 834 4
831 853 8
831 869 4
831 874 9
831 884 9
831 899 9
832 844 9
832 863 1
833 848 9
833 852 9
833 868 7
833 892 1
834 877 4
835 837 9
835 851 9
835 887 2
836 848 6
836 858 2
836 862 7
837 840 5
837 871 7
837 877 10
837 899 1
838 870 8
838 888 3
838 900 4
839 841 3
839 842 5
839 846 1
839 849 6
839 877 8
840 877 7
840 890 5
840 898 4
841 878 7
841 884 6
841 897 4
842 849 6
842 857 8
842 863 4
842 870 6
843 844 4
843 848 7
843 859 9
843 861 3
843 863 7
843 871 10
843 875 10
844 847 8
844 854 8
844 866 5
844 868 4
844 875 9
845 846 5
845 889 4
845 890 1
846 871 10
846 876 8
846 896 5
847 851 3
847 865 5
847 875 5
848 866 9
848 869 9
848 885 8
850 872 5
851 883 6
852 869 3
852 885 2
852 897 3
853 855 7
853 860 7
853 863 7
853 890 3
854 860 7
855 866 1
855 873 9
855 898 7
856 864 2
857 872 8
858 859 6
858 873 8
858 898 1
859 865 5
859 868 4
859 870 6
860 868 5
860 870 4
860 874 3
860 896 10
860 901 6
861 881 7
862 886 4
863 883 6
863 887 8
863 894 3
863 898 10
864 873 5
864 893 7
865 882 4
866 873 8
866 895 5
867 893 10
869 885 6
869 894 7
870 875 7
871 889 8
873 882 7
873 888 5
875 882 1
877 899 6
878 882 10
878 887 9
878 901 7
879 896 4
882 896 2
885 893 4
885 894 1
885 896 7
885 899 7
886 894 2
887 889 4
889 897 5
897 901 7
902 601 18
903 901 10
902 903 22
