904 6735
11 14 82 35 80 66 37 89 51 8 47 54 7 88 45 48 96 38 91 66 61 27 14 9 98 60 12 9 77 3 12 87 68 45 74 48 62 10 36 64 69 82 18 27 22 14 74 17 51 64 83 11 43 48 71 40 59 82 100 36 36 12 74 3 8 47 50 70 8 37 33 29 19 50 55 40 15 81 8 65 96 90 27 38 89 97 29 48 30 29 35 65 92 8 68 51 7 69 20 66 6 5 94 76 6 1 15 21 33 74 37 28 64 64 18 4 60 46 51 90 26 85 6 69 45 25 20 3 94 91 68 99 47 14 74 5 14 40 25 46 13 61 25 28 76 42 32 88 88 34 29 65 71 34 86 67 59 57 69 4 99 88 2 46 1 27 50 66 18 26 63 30 38 88 10 14 29 93 1 68 78 29 33 48 62 70 66 72 26 34 75 24 74 28 21 74 54 70 92 71 47 54 53 85 41 14 98 70 6 98 37 83 78 21 83 39 90 48 63 15 34 37 91 7 65 11 32 70 33 23 41 31 77 45 15 17 58 64 38 15 61 75 49 38 47 31 29 37 79 91 3 64 79 45 70 43 8 1 13 92 76 5 22 52 1 37 20 58 100 10 24 13 84 72 2 30 3 82 18 33 72 73 96 3 17 17 45 24 69 9 15 44 65 37 47 65 25 19 74 76 7 5 54 58 62 51 52 69 46 78 56 81 76 37 96 38 76 94 73 38 93 63 20 15 88 3 64 72 71 39 93 29 43 46 86 4 48 89 25 46 66 80 26 42 68 21 79 95 14 3 33 58 66 4 73 5 6 88 29 76 27 21 57 69 18 42 25 18 31 49 63 96 80 88 89 100 8 67 94 73 22 78 30 39 81 54 95 38 42 23 66 20 95 22 40 65 63 16 82 45 16 44 41 96 83 29 47 90 48 92 62 69 22 43 7 2 97 1 92 38 76 57 9 22 78 48 38 92 64 19 37 31 14 29 78 96 57 24 37 56 68 50 76 89 93 34 42 89 87 33 78 62 89 86 35 18 85 73 10 100 43 98 31 57 26 8 4 34 32 93 90 51 42 17 39 34 51 80 22 37 13 51 50 53 36 84 23 73 8 84 72 51 81 2 59 6 62 62 91 45 6 80 95 48 49 33 81 99 12 55 35 76 57 36 81 93 19 3 17 27 86 88 77 18 42 87 23 55 100 13 99 6 45 93 53 45 77 85 43 40 39 29 68 96 64 48 40 34 50 56 60 87 95 88 4 88 74 78 42 74 42 40 79 38 84 83 82 12 67 24 52 58 4 19 5 67 18 44 1 67 51 12 5 97 100 8 85 25 37 26 50 78 18 28 16 53 62 97 65 29 84 87 43 87 63 28 61 97 69 95 100 23 23 69 57 47 66 92 82 24 98 10 37 62 14 65 79 49 34 11 28 72 80 70 58 42 50 70 90 18 65 89 40 39 9 96 37 75 39 18 98 37 28 86 98 93 2 29 41 35 91 69 59 70 90 68 11 39 38 53 57 54 93 96 92 2 44 29 76 82 98 25 18 25 62 68 17 64 48 10 98 38 78 56 8 67 24 70 6 13 22 14 66 67 61 9 68 4 89 95 86 87 71 55 63 32 74 80 95 21 89 45 59 18 52 66 36 27 87 93 39 61 6 56 27 67 17 94 22 5 40 59 43 10 14 6 41 39 85 88 60 25 84 18 94 35 35 29 62 21 22 52 33 79 60 59 97 76 4 19 32 43 77 75 52 42 80 45 33 16 84 92 40 67 61 33 1 47 13 14 19 86 18 52 17 29 10 13 4 14 83 87 56 12 61 60 5 40 56 37 55 39 28 46 5 40 30 57 86 95 23 57 80 92 8 96 20 17 61 75 82 43 61 90 54 22 1 59 13 56 95 20 46 75 65 2 14 47 58 52 41 32 8 72 23 15 68 42 83 80 68 17 22 29 6 76 50 6 34 14 13 80 33 58 54 50 59 20 96 68 71 88 100 78 59 74 44 78 68 26 57 35 94 79 63 99 54 64 56 39 78 20 36 87
0 56 28
0 62 47
0 86 40
0 102 13
0 104 19
0 114 42
0 132 44
0 136 23
0 140 25
0 142 14
0 215 7
0 229 47
0 254 36
1 10 4
1 22 49
1 64 2
1 93 20
1 105 45
1 108 28
1 120 40
1 162 6
1 218 44
1 234 36
1 280 20
1 290 32
2 30 34
2 31 35
2 61 6
2 81 2
2 94 8
2 97 32
2 130 31
2 134 7
2 139 23
2 154 43
2 182 27
2 209 14
2 215 39
2 228 1
2 279 39
2 288 2
2 292 7
2 293 37
2 294 37
3 15 10
3 33 37
3 39 40
3 60 31
3 67 33
3 97 19
3 117 22
3 158 38
3 162 13
3 172 7
3 227 8
3 240 44
4 49 41
4 88 44
4 94 2
4 118 44
4 127 3
4 131 35
4 146 27
4 174 9
4 253 7
4 270 21
4 290 35
4 299 23
5 6 9
5 74 35
5 97 13
5 158 10
5 209 43
5 211 1
5 217 48
5 255 2
5 275 39
5 283 40
6 8 34
6 13 21
6 43 8
6 45 8
6 57 11
6 78 20
6 96 14
6 126 20
6 130 16
6 160 6
6 167 13
6 183 17
6 192 2
6 210 15
6 232 1
6 249 28
6 274 24
6 287 7
6 291 48
6 298 10
6 299 29
7 24 7
7 25 45
7 33 43
7 65 18
7 92 37
7 98 43
7 99 16
7 139 41
7 161 31
7 165 7
7 167 26
7 241 2
7 286 14
8 27 33
8 35 12
8 36 36
8 103 49
8 128 33
8 157 1
8 182 4
8 185 45
8 197 19
8 207 7
8 221 9
8 227 21
8 243 34
8 251 34
8 261 27
8 267 32
8 276 44
8 298 8
9 10 40
9 29 40
9 32 50
9 37 7
9 45 28
9 49 45
9 103 24
9 119 20
9 120 25
9 151 30
9 185 48
9 223 26
9 230 46
9 252 30
9 270 39
9 284 31
10 15 30
10 34 21
10 62 33
10 81 36
10 108 17
10 155 3
10 236 42
10 264 26
10 269 23
10 298 26
11 34 11
11 41 1
11 53 9
11 102 6
11 120 10
11 144 50
11 156 47
11 171 12
11 205 8
11 229 25
11 237 6
11 278 32
11 284 46
11 286 30
12 65 13
12 126 43
12 143 8
12 165 10
12 193 25
12 242 48
12 253 40
12 291 4
12 294 19
12 299 24
13 36 41
13 53 37
13 56 26
13 90 33
13 93 14
13 118 50
13 129 8
13 150 25
13 155 1
13 159 18
13 164 30
13 200 10
13 215 17
13 224 29
13 243 21
13 256 24
13 281 5
13 296 26
13 299 7
14 20 50
14 77 8
14 105 22
14 114 45
14 121 15
14 182 31
14 184 21
14 205 12
14 209 21
14 250 26
14 258 32
14 272 46
15 76 17
15 115 19
15 122 24
15 123 49
15 128 32
15 152 23
15 161 8
15 190 8
15 193 23
15 221 25
16 76 40
16 82 35
16 108 43
16 112 18
16 147 7
16 166 18
16 167 22
16 219 35
16 298 25
17 43 23
17 121 42
17 242 46
17 253 17
17 265 8
17 292 26
18 19 37
18 37 19
18 48 48
18 56 13
18 72 3
18 78 46
18 108 29
18 121 21
18 139 19
18 144 29
18 150 4
18 161 43
18 201 36
18 220 12
18 234 18
18 239 12
18 244 1
18 265 2
18 297 6
19 22 20
19 27 10
19 94 23
19 118 41
19 135 44
19 137 49
19 140 13
19 153 35
19 205 46
19 220 30
19 253 42
20 40 22
20 51 18
20 70 13
20 72 21
20 89 32
20 135 17
20 151 18
20 157 12
20 158 39
20 183 38
20 194 40
20 195 42
20 216 31
20 238 27
20 240 5
20 251 48
20 257 38
20 261 5
20 266 1
20 279 45
20 284 24
20 295 10
21 66 18
21 73 16
21 113 4
21 114 16
21 142 29
21 185 40
21 195 12
21 209 10
21 248 34
21 269 35
22 37 29
22 94 48
22 97 7
22 144 11
22 152 14
22 176 25
22 253 22
22 271 2
23 65 12
23 101 12
23 109 45
23 130 44
23 135 40
23 154 50
23 168 43
23 220 28
23 221 6
23 251 43
23 287 22
24 108 32
24 122 5
24 126 41
24 138 47
24 186 8
24 227 9
24 258 27
24 277 49
25 58 22
25 89 36
25 94 32
25 117 8
25 120 17
25 159 31
25 177 14
25 196 27
25 223 44
25 247 40
25 249 50
25 269 47
25 275 4
25 281 13
25 283 42
26 28 49
26 59 3
26 76 41
26 78 42
26 80 32
26 96 48
26 101 34
26 131 5
26 172 29
26 193 38
26 224 46
26 231 26
26 252 47
26 261 6
26 272 2
26 281 48
26 296 27
27 29 40
27 50 29
27 75 36
27 89 8
27 90 10
27 108 49
27 130 36
27 155 5
27 182 41
27 203 35
27 219 2
27 237 46
27 242 50
27 246 45
27 256 44
27 266 2
27 269 37
27 277 35
27 283 35
27 286 34
28 54 21
28 84 39
28 170 13
28 171 10
28 181 36
28 189 40
28 193 9
28 211 41
28 215 43
28 223 6
28 232 19
28 274 34
28 275 36
28 278 4
28 291 41
29 68 47
29 74 5
29 77 26
29 78 2
29 120 47
29 129 13
29 131 5
29 140 42
29 187 12
29 205 49
29 225 37
29 231 15
29 243 35
29 255 22
29 265 49
29 284 20
30 45 44
30 69 39
30 71 32
30 88 3
30 98 25
30 128 21
30 136 13
30 147 17
30 177 14
30 186 18
30 202 38
30 242 47
30 263 4
30 278 41
30 280 40
30 284 2
30 291 47
30 292 15
30 293 3
30 294 43
31 47 29
31 56 9
31 58 36
31 64 40
31 73 9
31 197 23
31 221 6
31 230 45
31 267 46
31 287 6
31 296 15
31 297 39
32 40 45
32 51 46
32 95 43
32 152 21
32 155 19
32 163 6
32 168 37
32 186 32
32 196 25
32 201 24
32 245 30
32 262 28
32 270 17
32 281 21
33 50 30
33 69 15
33 78 38
33 89 34
33 106 8
33 122 16
33 145 45
33 176 45
33 181 8
33 197 3
33 199 17
33 201 13
33 252 50
33 257 12
33 261 19
33 289 14
33 295 2
34 39 15
34 79 11
34 119 45
34 143 35
34 158 29
34 163 2
34 167 21
34 184 12
34 191 26
34 217 47
34 224 44
34 266 6
34 267 15
34 273 14
34 298 37
35 39 29
35 78 1
35 89 22
35 100 38
35 108 17
35 126 16
35 159 35
35 181 26
35 183 21
35 211 1
35 242 38
35 243 20
36 72 15
36 87 8
36 101 35
36 121 18
36 128 22
36 132 45
36 133 14
36 148 6
36 151 24
36 161 15
36 177 29
36 183 35
36 194 43
36 215 27
36 242 28
36 283 50
36 284 41
37 44 44
37 68 36
37 85 21
37 97 44
37 106 7
37 202 11
37 220 12
37 236 25
37 244 45
37 262 37
37 297 47
37 299 47
38 39 27
38 55 18
38 78 13
38 82 34
38 91 2
38 110 31
38 120 8
38 125 46
38 135 46
38 141 13
38 143 21
39 74 13
39 75 43
39 78 8
39 81 5
39 89 19
39 138 35
39 166 4
39 173 11
39 181 30
39 199 41
39 201 34
39 210 24
39 224 49
39 246 46
39 255 37
39 290 25
39 294 42
39 299 24
40 72 21
40 79 38
40 80 2
40 100 40
40 105 3
40 114 37
40 115 41
40 138 35
40 209 44
40 210 39
40 218 30
40 229 9
40 255 11
40 257 42
40 295 1
41 73 18
41 82 48
41 86 22
41 123 5
41 143 3
41 169 32
41 170 34
41 177 45
41 180 17
41 190 7
41 203 44
41 241 12
41 276 46
42 74 18
42 96 3
42 154 21
42 157 41
42 163 43
42 178 22
42 191 32
42 208 45
42 225 8
42 237 25
42 248 29
42 254 2
42 260 13
43 81 10
43 88 10
43 93 23
43 110 4
43 126 12
43 129 41
43 168 3
43 177 33
43 197 45
43 233 6
43 245 15
43 296 30
44 69 50
44 89 31
44 95 37
44 96 45
44 106 45
44 111 34
44 113 15
44 147 47
44 153 4
44 160 5
44 165 39
44 166 25
44 169 36
44 196 35
44 198 32
44 211 10
44 220 15
44 223 35
44 245 24
45 56 27
45 79 46
45 86 49
45 99 30
45 111 8
45 127 41
45 132 32
45 138 40
45 149 37
45 165 39
45 192 6
45 193 16
45 203 39
45 207 39
45 225 4
45 248 35
45 299 33
46 65 37
46 101 49
46 115 29
46 125 40
46 174 3
46 187 20
46 200 14
46 224 41
46 235 6
46 277 48
46 299 2
47 85 21
47 87 32
47 134 28
47 139 47
47 144 28
47 163 26
47 205 28
47 210 35
47 212 18
47 217 9
47 245 26
47 275 4
48 68 50
48 81 32
48 139 19
48 153 38
48 163 20
48 181 23
48 190 24
48 193 2
48 242 9
48 298 23
49 65 32
49 67 1
49 75 27
49 85 3
49 106 16
49 123 19
49 149 9
49 174 13
49 188 21
49 239 31
49 240 47
49 252 50
49 254 29
49 267 26
49 286 27
49 299 8
50 53 12
50 63 44
50 64 18
50 65 37
50 66 47
50 71 17
50 135 18
50 139 15
50 143 6
50 144 39
50 160 39
50 167 30
50 186 40
50 187 50
50 190 2
50 195 24
50 202 50
50 207 28
50 230 26
50 235 15
50 252 49
50 259 36
50 267 30
50 293 19
50 294 18
51 57 26
51 65 20
51 68 48
51 98 3
51 102 46
51 103 5
51 173 14
51 209 39
51 211 23
51 232 50
51 250 35
51 288 41
51 294 20
52 87 1
52 111 47
52 133 8
52 135 42
52 139 26
52 153 50
52 227 41
52 247 29
52 248 23
52 278 42
52 280 8
53 124 50
53 125 8
53 162 6
53 203 38
53 217 39
53 243 26
53 257 5
53 264 16
53 291 45
54 58 5
54 135 18
54 165 40
54 194 11
54 197 31
54 266 28
54 269 33
54 296 33
55 71 14
55 88 26
55 121 4
55 140 15
55 147 22
55 151 11
55 168 8
55 169 49
55 211 12
55 229 50
55 248 29
55 280 36
55 282 41
55 290 36
56 68 36
56 87 50
56 202 44
56 209 23
56 210 39
56 276 19
56 289 29
57 75 4
57 102 16
57 111 33
57 116 22
57 128 5
57 161 46
57 201 4
57 206 35
57 249 30
57 254 38
57 256 48
57 278 5
57 279 41
58 77 14
58 79 28
58 91 4
58 101 21
58 137 26
58 142 15
58 148 22
58 199 6
58 236 1
58 239 12
58 251 42
58 255 38
58 269 14
58 270 37
59 114 12
59 135 2
59 136 7
59 149 40
59 175 7
59 178 22
59 188 25
59 193 30
59 194 29
59 209 22
59 233 34
59 238 13
59 254 1
59 257 21
59 283 12
60 73 6
60 88 14
60 138 28
60 154 33
60 165 17
60 171 48
60 201 11
60 210 31
61 79 20
61 81 16
61 87 33
61 90 33
61 217 7
61 240 22
61 244 48
61 254 45
61 265 33
61 278 49
62 82 2
62 133 25
62 174 8
62 190 23
62 191 1
62 202 37
62 229 1
62 232 22
62 234 22
62 244 15
62 247 22
62 256 45
62 258 27
62 262 27
62 276 8
62 292 4
62 293 12
63 119 24
63 147 3
63 182 22
63 190 6
63 204 24
63 210 37
63 264 41
64 77 9
64 111 46
64 155 12
64 163 6
64 196 40
64 209 45
64 216 7
64 224 41
64 244 21
64 265 14
64 294 16
65 89 21
65 99 2
65 116 18
65 202 44
65 259 24
65 268 33
65 272 15
65 278 18
65 292 11
65 299 44
66 67 27
66 101 16
66 112 5
66 121 2
66 135 18
66 148 26
66 167 7
66 240 44
66 241 12
66 245 49
66 256 4
66 289 9
67 83 11
67 87 9
67 95 49
67 97 7
67 105 17
67 128 41
67 145 27
67 186 30
67 277 6
68 70 49
68 83 34
68 86 24
68 98 42
68 116 7
68 120 8
68 122 8
68 125 26
68 145 18
68 177 1
68 183 4
68 184 35
68 219 5
68 222 5
68 232 4
68 249 32
68 256 11
68 259 47
68 263 46
68 268 10
68 295 50
69 74 4
69 94 22
69 100 11
69 106 2
69 143 28
69 147 27
69 162 45
69 194 6
69 205 9
69 218 50
69 231 6
69 290 42
70 93 25
70 112 49
70 138 50
70 198 34
70 218 6
70 246 27
70 261 3
70 270 7
70 288 30
71 102 37
71 118 13
71 121 34
71 138 41
71 144 45
71 175 46
71 194 39
71 230 40
71 256 5
71 260 41
71 270 43
71 292 28
72 76 3
72 90 47
72 98 7
72 191 31
72 209 41
72 277 14
72 290 39
73 88 42
73 121 19
73 136 32
73 139 19
73 140 19
73 151 33
73 164 4
73 217 25
73 258 9
73 270 7
73 281 33
73 284 40
73 285 45
74 79 45
74 92 23
74 110 35
74 118 41
74 136 19
74 154 26
74 173 30
74 181 25
74 210 16
74 236 25
74 242 5
74 254 18
75 82 23
75 91 11
75 130 48
75 182 15
75 211 25
75 215 39
75 243 8
75 244 45
75 249 22
75 251 28
76 79 14
76 113 5
76 160 32
76 163 40
76 204 15
76 212 38
76 216 22
76 221 5
76 232 32
76 249 16
76 253 27
76 267 19
76 293 7
76 299 47
77 78 44
77 99 38
77 136 24
77 160 11
77 161 14
77 167 28
77 177 30
77 226 38
77 243 38
77 260 27
78 102 4
78 107 14
78 130 17
78 133 12
78 153 9
78 185 39
78 193 39
78 216 24
78 237 45
78 238 20
78 245 13
78 265 9
78 274 9
78 298 34
79 86 13
79 102 43
79 106 1
79 109 42
79 148 11
79 193 9
79 205 40
79 213 6
79 231 49
79 235 13
79 247 16
79 289 14
80 99 40
80 193 47
80 220 4
80 222 30
80 223 25
80 229 7
80 263 43
80 268 42
80 279 20
81 86 3
81 106 32
81 110 9
81 124 28
81 154 26
81 219 30
81 249 40
81 252 36
81 270 41
81 276 25
82 88 1
82 122 33
82 126 28
82 137 42
82 177 45
82 202 36
82 209 33
82 269 2
82 299 36
83 97 46
83 106 19
83 112 50
83 122 37
83 142 15
83 211 3
83 217 16
83 233 39
83 257 9
83 266 11
83 287 30
83 293 31
83 295 15
84 125 13
84 135 39
84 140 43
84 156 38
84 173 20
84 176 32
84 202 26
84 216 10
84 221 9
84 233 26
84 254 44
84 266 36
84 283 19
84 289 38
85 86 23
85 92 1
85 137 39
85 170 9
85 184 48
85 208 7
85 215 8
85 224 35
85 229 21
85 280 12
85 282 2
85 285 12
85 294 22
86 110 12
86 170 41
86 242 2
86 270 27
86 282 4
86 283 42
86 291 19
87 125 43
87 148 12
87 199 2
87 246 18
87 250 23
87 270 10
88 102 45
88 118 17
88 124 47
88 127 13
88 138 6
88 154 20
88 191 16
88 245 47
88 266 28
89 94 13
89 111 3
89 126 37
89 144 47
89 145 26
89 158 48
89 178 49
89 240 37
89 246 19
89 273 10
89 277 29
90 121 23
90 132 38
90 140 34
90 171 14
90 182 6
90 206 29
90 263 25
90 267 10
90 279 48
90 297 50
91 100 19
91 103 43
91 132 16
91 138 18
91 142 7
91 155 23
91 193 37
91 214 22
91 219 19
91 220 14
91 262 35
91 289 22
92 119 50
92 140 33
92 143 49
92 163 49
92 167 31
92 186 37
92 264 19
92 273 43
92 282 17
92 288 41
93 112 32
93 123 1
93 124 5
93 187 38
93 214 31
93 215 31
93 220 49
93 246 28
93 250 30
93 254 19
93 288 22
93 289 47
94 99 36
94 132 29
94 139 20
94 152 22
94 199 2
94 214 38
94 250 37
94 260 38
95 128 11
95 135 38
95 157 21
95 163 9
95 185 36
95 187 3
95 199 47
95 201 5
95 205 47
95 243 14
95 283 45
96 129 29
96 138 14
96 165 1
96 180 18
96 207 46
96 220 32
96 222 16
96 231 23
96 251 11
96 256 34
96 258 45
96 275 8
96 287 22
97 105 25
97 119 27
97 129 43
97 138 26
97 156 16
97 160 32
97 185 14
97 210 27
97 266 19
98 100 36
98 104 37
98 115 7
98 150 38
98 171 34
98 178 13
98 237 37
98 253 47
98 257 9
98 261 15
99 110 12
99 127 10
99 131 32
99 149 7
99 163 41
99 182 49
99 184 31
99 194 3
99 215 34
99 216 25
99 227 12
99 270 5
99 274 1
100 102 38
100 117 50
100 162 29
100 170 6
100 177 31
100 248 44
100 264 32
101 121 1
101 128 29
101 135 18
101 137 9
101 178 18
101 230 1
101 254 21
101 256 4
101 270 49
101 297 32
102 127 20
102 142 12
102 149 41
102 162 3
102 242 18
102 246 33
102 256 3
102 273 1
102 279 37
102 298 37
103 126 25
103 130 49
103 145 41
103 165 28
103 167 38
103 168 42
103 208 6
103 214 43
103 237 22
103 253 49
103 266 24
103 267 25
103 287 29
104 133 44
104 144 35
104 149 46
104 203 44
104 243 8
104 245 2
104 247 45
104 257 39
104 267 21
105 130 6
105 134 31
105 149 26
105 159 26
105 212 13
105 248 28
105 270 26
105 291 49
106 109 14
106 183 2
106 212 49
106 222 7
106 223 29
106 224 37
106 229 48
106 250 36
106 259 29
106 290 22
106 292 34
107 155 3
107 184 48
107 206 12
107 212 46
107 274 32
108 136 10
108 146 41
108 174 39
108 198 11
108 256 37
109 110 27
109 114 33
109 124 45
109 145 9
109 185 10
109 203 22
109 220 21
109 229 38
109 232 47
109 233 22
109 235 3
109 249 50
109 257 20
110 147 11
110 206 31
110 234 6
110 245 9
110 259 16
110 263 37
110 273 32
110 282 50
111 145 39
111 161 29
111 188 13
111 199 36
111 219 12
111 221 22
111 259 28
111 262 1
111 285 34
112 119 17
112 155 29
112 169 19
112 174 11
112 230 38
112 238 28
112 255 32
112 278 10
112 281 17
113 132 30
113 157 33
113 173 20
113 196 29
113 211 3
113 251 30
113 266 9
113 288 10
113 289 40
114 123 27
114 140 46
114 141 21
114 155 26
114 179 36
114 231 1
114 237 40
114 265 23
114 292 15
114 298 14
115 122 1
115 124 17
115 125 47
115 180 17
115 197 47
115 198 15
115 205 29
115 266 34
115 269 45
115 280 10
115 282 46
115 284 11
115 296 39
115 297 28
116 147 30
116 148 19
116 151 32
116 160 12
116 162 28
116 180 44
116 217 1
116 224 4
116 248 39
116 265 24
116 268 31
116 277 27
116 279 26
116 283 22
117 123 49
117 133 40
117 147 35
117 205 1
117 225 8
117 246 34
117 270 19
117 275 5
117 297 50
118 126 47
118 182 38
118 206 44
118 252 6
119 151 35
119 154 5
119 167 46
119 171 13
119 185 36
119 206 15
119 226 46
119 231 49
119 246 44
119 257 39
119 281 50
119 296 49
120 203 30
120 210 25
120 261 31
120 284 6
120 294 50
121 130 2
121 132 6
121 146 42
121 205 39
121 216 7
121 226 49
121 261 22
121 263 25
121 294 3
121 297 23
122 126 22
122 152 43
122 166 17
122 218 29
122 281 27
122 291 23
123 124 25
123 127 41
123 159 10
123 165 41
123 170 39
123 172 9
123 173 34
123 186 27
123 192 10
123 226 34
123 233 8
123 247 34
123 255 14
123 260 15
123 267 35
124 153 17
124 214 21
124 220 28
124 230 5
124 235 29
124 252 29
124 266 28
124 272 3
124 276 33
124 290 1
125 134 26
125 142 25
125 147 17
125 165 7
125 230 4
125 243 41
125 251 33
125 269 46
125 277 50
126 152 23
126 170 34
126 174 10
126 179 8
126 248 13
126 261 19
126 277 41
126 286 22
126 287 4
126 293 6
126 297 37
127 135 39
127 144 22
127 170 7
127 188 18
127 203 29
127 236 37
127 255 46
127 275 6
128 145 39
128 146 29
128 167 6
128 210 17
128 231 5
128 249 24
128 267 23
128 288 8
129 162 16
129 177 5
129 185 6
129 194 16
129 220 29
129 227 39
129 229 25
129 248 38
129 260 3
129 261 46
129 281 28
129 290 25
129 297 49
130 135 35
130 138 11
130 186 37
130 195 6
130 205 19
130 214 7
130 216 34
130 219 5
130 228 2
130 245 40
130 248 45
130 251 30
130 286 47
131 138 13
131 148 35
131 160 23
131 201 35
131 295 44
132 147 38
132 148 41
132 172 49
132 194 3
132 195 21
132 206 40
132 216 30
132 220 8
132 241 42
132 244 27
132 247 37
132 285 18
132 292 25
133 191 21
133 219 30
133 244 14
133 248 27
133 277 50
133 283 20
133 287 10
134 149 6
134 164 21
134 168 1
134 182 1
134 186 3
134 208 50
134 243 15
134 247 39
134 257 22
134 282 50
135 189 34
135 190 9
135 209 42
135 275 33
135 277 14
136 140 13
136 147 24
136 163 45
136 232 22
136 241 15
136 265 21
136 269 9
136 287 35
137 145 47
137 175 29
137 187 14
137 246 10
137 251 5
137 262 14
137 289 31
137 298 17
138 156 19
138 160 4
138 161 19
138 220 21
138 231 6
138 267 18
138 273 36
138 276 46
138 278 41
138 281 37
138 290 29
139 169 50
139 177 30
139 189 13
139 194 15
139 214 44
139 235 36
139 275 9
139 280 16
140 168 3
140 196 31
140 204 24
140 225 37
140 259 27
140 262 2
141 164 50
141 170 37
141 219 9
141 232 15
141 237 19
141 282 27
141 284 36
141 290 22
141 298 47
142 143 6
142 198 27
142 216 17
142 229 43
142 245 24
142 261 7
142 277 29
142 286 3
143 156 8
143 174 9
143 180 15
143 221 22
143 223 4
143 224 3
143 226 32
143 233 19
143 249 5
143 284 12
143 299 44
144 159 41
144 179 41
144 225 48
144 249 42
144 251 29
144 258 6
144 274 7
144 275 47
145 146 34
145 156 42
145 182 19
145 201 30
145 233 49
145 243 47
145 260 46
145 272 42
145 292 21
146 180 3
146 223 22
146 238 25
146 265 12
146 270 30
146 278 41
146 291 34
147 187 34
147 195 43
147 247 17
147 282 4
148 155 47
148 156 29
148 177 48
148 207 39
148 213 19
148 218 45
148 248 31
148 252 47
148 265 2
148 277 39
148 278 43
148 286 35
148 299 32
149 225 13
149 259 16
150 155 32
150 157 10
150 181 12
150 232 23
150 270 30
150 290 16
150 298 45
151 164 4
151 197 27
151 252 26
151 261 44
151 265 12
151 276 11
151 278 39
152 164 29
152 166 15
152 177 35
152 181 7
152 200 14
152 210 24
152 214 27
152 236 8
152 273 6
153 157 25
153 168 11
153 219 46
153 242 19
153 255 45
153 274 29
154 170 32
154 183 10
154 191 10
154 208 41
154 214 23
154 280 35
154 297 22
155 157 38
155 198 29
155 202 25
155 261 17
155 284 6
155 288 20
156 183 28
156 206 17
156 238 8
156 281 6
156 298 33
157 160 45
157 175 14
157 186 46
157 188 20
157 190 40
157 267 5
157 270 27
158 169 14
158 183 15
158 294 22
159 171 35
159 174 11
159 196 2
159 207 16
159 242 22
159 279 11
159 287 6
159 288 45
160 182 45
160 192 27
160 206 34
160 223 25
161 168 3
161 175 50
161 194 31
161 214 24
161 227 28
161 246 47
161 248 34
162 196 33
162 236 29
162 298 28
163 214 49
163 225 26
163 242 47
163 245 38
163 247 30
163 250 23
163 251 4
163 259 44
164 189 46
164 194 38
164 212 4
164 216 47
164 227 3
164 246 27
164 253 9
165 168 10
165 236 21
165 286 6
165 290 38
166 177 5
166 185 30
166 245 42
166 263 6
166 266 10
167 168 15
167 172 33
167 205 8
167 208 48
167 220 18
167 229 38
167 247 25
167 272 16
167 278 13
168 245 23
168 276 5
168 280 44
168 285 47
168 297 8
168 298 39
169 172 44
169 200 47
169 209 42
169 230 42
169 259 49
169 269 21
169 278 3
169 279 10
170 174 41
170 182 8
170 196 47
170 203 47
170 208 37
170 216 38
170 248 3
170 264 49
170 289 5
170 296 37
171 200 8
171 226 4
171 229 4
171 235 46
171 236 31
172 189 21
172 199 10
172 215 3
172 265 26
172 267 4
172 275 2
173 230 35
173 236 42
173 287 45
174 291 32
175 197 36
175 199 39
175 218 32
175 230 6
175 244 41
175 269 42
175 281 48
176 181 48
176 205 40
176 249 45
176 258 36
176 263 30
177 186 49
177 234 34
177 281 36
177 285 35
177 290 44
178 183 39
178 184 41
178 198 39
178 215 19
178 226 13
178 256 50
178 260 22
178 269 38
178 298 5
179 193 25
179 222 25
179 239 49
179 240 19
179 251 8
179 259 34
179 267 9
179 293 39
180 189 41
180 221 49
180 251 32
180 269 40
181 251 46
181 262 24
182 184 34
182 194 32
182 225 3
182 244 32
182 245 17
182 254 38
182 261 19
182 272 12
182 292 26
183 187 9
183 197 2
183 238 47
183 245 21
183 248 2
183 250 18
183 257 11
183 269 6
183 274 44
183 281 37
183 297 4
184 195 14
184 234 44
184 241 39
184 268 23
184 276 32
185 191 31
186 229 21
186 266 16
186 268 21
186 279 19
186 297 39
187 228 6
187 254 2
187 271 41
187 278 40
187 281 20
187 293 30
188 213 8
188 217 32
188 231 7
189 193 18
189 198 33
189 214 3
189 236 40
189 248 34
189 279 22
190 194 50
190 197 42
190 209 15
190 247 38
190 278 47
190 294 29
191 225 31
191 234 38
191 260 1
191 263 15
191 264 18
191 270 21
191 274 30
192 231 40
192 256 41
192 259 18
192 285 46
192 291 42
193 212 10
193 226 35
193 254 12
193 255 39
193 265 42
193 279 43
194 207 47
194 242 11
194 251 25
194 260 50
194 269 50
194 274 11
195 197 21
195 212 2
195 214 4
195 215 38
195 221 39
195 252 2
195 273 16
195 279 20
195 284 39
195 290 18
196 213 34
196 256 9
196 259 40
197 224 13
197 227 48
197 234 31
197 239 32
197 240 45
197 277 22
198 200 41
198 216 29
198 229 33
198 249 29
198 273 22
198 293 27
199 209 25
199 211 32
199 236 4
199 239 26
199 261 34
199 280 14
199 287 49
199 296 35
200 206 19
200 254 36
201 225 23
201 266 20
201 294 1
202 249 44
203 207 11
203 241 18
203 247 27
203 280 19
203 299 7
204 243 41
204 247 18
204 256 37
204 266 22
204 295 13
205 236 11
205 239 12
205 242 43
205 244 45
205 257 42
205 263 15
205 275 22
206 235 19
206 254 48
206 281 25
206 288 44
207 216 31
207 258 40
207 274 42
207 291 17
208 209 8
208 246 27
208 250 40
209 250 29
209 263 29
209 268 33
209 276 39
210 223 48
210 225 12
210 249 7
210 255 5
210 277 2
210 288 27
211 226 43
211 237 24
211 242 39
211 249 5
211 263 37
211 281 31
212 217 50
212 247 29
212 257 47
212 260 23
212 288 47
212 292 47
213 245 47
213 265 42
213 291 29
214 228 38
214 275 36
214 277 46
215 251 47
215 253 12
215 259 37
215 277 25
215 298 43
216 220 21
216 245 14
216 292 40
217 230 32
217 292 20
217 296 46
218 239 36
218 275 46
218 277 41
218 285 11
218 286 36
218 287 47
219 262 47
220 225 19
220 236 46
220 240 25
220 261 17
220 268 18
220 270 23
220 277 13
220 296 16
221 227 17
221 261 44
221 279 5
221 289 2
222 230 39
222 246 1
222 249 15
223 235 27
223 242 26
223 244 7
223 257 47
223 267 39
223 274 49
223 276 31
223 280 10
223 288 44
224 239 18
224 278 6
225 293 36
226 239 28
226 260 43
226 262 33
226 265 24
226 276 11
226 289 30
226 295 1
227 243 28
227 245 50
227 268 23
228 230 42
228 239 15
228 245 39
228 251 35
229 262 22
229 267 42
229 292 25
230 284 22
230 287 7
231 259 1
231 263 47
231 278 13
231 280 50
232 263 35
232 278 11
232 289 32
232 297 47
232 299 7
233 289 49
233 291 4
234 249 44
234 252 26
234 261 46
234 291 26
234 297 1
235 238 7
235 256 8
235 295 1
236 237 36
236 253 7
236 292 26
237 262 27
237 276 23
237 281 16
237 282 12
238 246 44
238 247 8
238 258 38
239 289 16
239 299 14
240 275 39
240 277 14
241 270 26
241 283 38
242 269 1
242 271 39
242 295 21
243 245 47
243 247 47
243 252 19
243 284 50
244 251 40
244 293 46
245 256 45
245 275 18
245 289 46
246 251 3
247 254 25
247 261 47
247 278 38
247 293 31
248 252 22
248 265 17
248 266 5
249 257 37
249 280 30
250 267 49
250 287 46
250 295 17
251 270 14
251 279 9
251 296 7
253 269 27
254 274 37
254 296 46
255 275 27
255 287 27
255 288 16
255 289 25
256 260 23
258 270 34
258 289 24
258 295 14
259 298 29
260 281 19
260 284 33
261 270 25
261 292 23
263 285 9
263 295 23
265 299 13
266 282 39
266 283 44
267 294 31
268 277 44
268 284 32
268 285 10
268 291 44
269 286 30
269 291 28
270 271 7
272 297 38
273 275 35
277 292 35
277 297 24
278 291 30
278 295 14
279 287 2
279 293 48
286 292 38
286 296 24
287 294 31
287 295 14
290 294 40
294 295 12
300 353 23
300 373 18
300 379 11
300 398 1
300 410 11
300 413 15
300 433 20
300 444 3
300 451 10
300 470 20
300 477 21
300 494 10
300 495 6
300 542 2
300 583 8
301 354 7
301 374 9
301 382 17
301 385 7
301 389 22
301 450 20
301 456 6
301 483 24
301 485 14
301 504 11
301 528 16
301 531 18
301 533 22
301 536 15
301 599 7
302 349 25
302 359 12
302 363 24
302 435 10
302 437 14
302 438 11
302 456 1
302 479 8
302 486 13
302 487 10
302 505 4
302 519 10
302 534 21
302 536 10
302 551 11
302 573 4
303 331 16
303 349 21
303 354 22
303 360 24
303 372 17
303 388 18
303 439 5
303 451 16
303 472 8
303 493 15
303 502 8
303 511 1
303 531 13
303 534 22
303 558 7
304 308 13
304 314 10
304 366 8
304 384 24
304 413 24
304 470 18
304 486 25
304 549 8
304 577 8
304 578 11
305 329 12
305 336 17
305 353 7
305 358 21
305 395 5
305 408 12
305 410 13
305 454 25
305 509 10
305 513 12
305 539 19
305 551 3
306 340 18
306 375 11
306 400 12
306 423 7
306 429 18
306 432 12
306 511 19
306 518 15
306 522 21
306 536 8
306 547 24
306 558 3
307 349 9
307 373 24
307 396 22
307 404 8
307 427 7
307 435 4
307 533 20
307 546 18
307 559 23
307 570 3
307 591 15
307 592 4
308 334 14
308 355 4
308 403 5
308 429 1
308 449 17
308 474 23
308 494 5
308 499 9
308 504 8
308 510 16
308 535 17
308 538 3
308 575 3
308 579 13
308 582 17
308 592 25
309 345 20
309 368 17
309 378 2
309 392 3
309 405 16
309 430 23
309 436 12
309 478 24
309 479 4
309 499 9
309 536 18
309 578 1
310 311 11
310 321 9
310 348 4
310 373 2
310 377 12
310 449 8
310 482 2
310 485 6
310 506 8
310 514 6
310 515 14
310 524 15
310 551 21
310 558 6
310 560 19
310 564 25
310 568 20
310 571 10
311 328 24
311 352 14
311 354 4
311 362 2
311 374 19
311 409 21
311 424 25
311 463 7
311 467 19
311 472 5
311 490 15
311 491 11
311 561 5
311 590 1
312 317 19
312 384 10
312 397 2
312 400 7
312 418 19
312 446 5
312 452 12
312 457 1
312 460 10
312 486 3
312 500 18
312 537 7
312 557 10
312 574 11
312 589 7
312 598 4
313 335 23
313 365 7
313 372 19
313 387 1
313 391 9
313 418 12
313 426 21
313 450 10
313 481 21
313 484 16
313 489 14
313 497 10
313 500 1
313 501 20
313 521 12
313 543 21
313 584 6
314 363 15
314 366 2
314 383 24
314 425 19
314 431 16
314 432 25
314 434 5
314 439 18
314 466 19
314 510 12
314 527 2
314 537 4
314 562 20
314 563 5
314 567 3
314 592 3
315 317 23
315 333 3
315 363 11
315 378 12
315 412 25
315 414 22
315 438 9
315 451 17
315 465 12
315 471 18
315 484 17
315 485 8
315 489 7
315 509 14
315 510 13
315 528 21
315 538 18
315 553 12
315 555 17
315 581 8
315 585 13
315 594 21
316 322 2
316 366 6
316 384 9
316 388 5
316 410 11
316 422 3
316 426 11
316 430 14
316 466 6
316 468 10
316 491 18
316 526 18
316 542 21
316 549 20
316 598 15
317 326 4
317 342 11
317 356 3
317 362 24
317 397 5
317 429 11
317 447 7
317 450 18
317 469 25
317 521 4
317 524 12
317 531 13
317 542 22
318 326 21
318 368 2
318 374 18
318 417 22
318 514 9
318 523 1
318 538 3
319 335 20
319 337 6
319 342 13
319 343 10
319 346 11
319 367 23
319 410 2
319 417 3
319 433 20
319 492 23
319 510 19
319 530 1
319 544 11
319 545 24
319 550 1
320 353 15
320 357 11
320 358 9
320 372 9
320 379 10
320 389 12
320 411 21
320 413 25
320 442 9
320 456 18
320 462 1
320 470 3
320 471 17
320 500 10
320 514 5
320 541 19
320 595 6
321 331 10
321 359 9
321 361 15
321 427 20
321 430 8
321 438 18
321 449 25
321 457 4
321 465 16
321 480 18
321 484 4
321 485 1
321 488 16
321 585 6
322 327 17
322 338 3
322 352 16
322 366 2
322 381 13
322 384 3
322 443 22
322 469 14
322 504 13
322 507 17
322 509 14
322 527 17
322 538 8
322 549 25
322 587 21
323 334 1
323 364 5
323 405 6
323 411 11
323 477 21
323 519 25
323 540 18
323 557 14
323 560 24
323 576 22
323 581 6
324 334 19
324 342 2
324 379 8
324 382 11
324 413 8
324 421 1
324 432 14
324 439 23
324 451 2
324 491 3
324 503 2
324 504 1
324 539 16
324 544 16
324 579 17
324 581 6
324 586 7
325 368 1
325 372 6
325 377 3
325 382 1
325 400 12
325 422 8
325 426 12
325 495 8
325 512 9
325 513 4
325 531 23
325 549 10
325 555 2
325 576 5
325 598 3
326 395 4
326 420 14
326 423 15
326 437 13
326 531 16
326 546 3
326 548 10
326 565 17
326 592 7
327 330 14
327 375 19
327 386 24
327 406 4
327 407 12
327 408 5
327 416 13
327 425 12
327 434 10
327 448 15
327 458 13
327 463 23
327 471 24
327 481 1
327 508 7
327 512 7
327 513 6
327 518 4
327 529 16
327 532 8
327 537 10
327 541 20
327 544 13
327 591 23
328 342 10
328 361 25
328 367 15
328 380 14
328 406 11
328 434 7
328 439 23
328 481 24
328 486 2
328 513 21
328 526 5
328 559 14
328 597 25
329 345 19
329 360 25
329 381 11
329 407 8
329 435 14
329 444 11
329 473 8
329 492 16
329 502 17
329 508 16
329 539 22
329 582 21
329 596 9
330 334 6
330 340 7
330 349 3
330 351 18
330 371 7
330 372 14
330 415 19
330 476 21
330 478 5
330 548 4
330 550 4
330 554 2
330 566 5
330 577 6
330 584 22
330 595 9
331 338 19
331 346 24
331 349 4
331 356 20
331 358 11
331 386 11
331 409 9
331 418 21
331 432 20
331 466 24
331 490 13
331 549 10
331 550 22
331 556 10
331 585 18
332 362 4
332 366 16
332 393 23
332 396 21
332 401 22
332 416 11
332 439 14
332 449 18
332 506 17
332 510 20
332 540 21
332 557 18
332 587 24
332 595 3
332 596 17
333 337 9
333 339 21
333 369 17
333 387 12
333 396 18
333 397 2
333 422 24
333 428 1
333 494 23
333 536 18
333 538 1
333 544 12
333 558 2
333 559 25
333 577 21
333 578 22
333 591 3
334 342 13
334 346 19
334 359 1
334 378 10
334 386 6
334 417 14
334 474 4
334 506 23
334 515 10
334 519 1
334 527 17
334 548 8
334 551 4
334 566 8
334 581 16
334 598 1
335 371 24
335 534 2
335 536 18
336 340 3
336 361 25
336 362 20
336 366 2
336 374 19
336 390 23
336 410 13
336 414 23
336 440 22
336 450 10
336 452 19
336 461 24
336 490 22
336 529 14
336 530 24
336 561 6
336 563 21
336 585 15
336 599 11
337 368 18
337 411 24
337 432 12
337 436 10
337 503 7
337 505 17
337 512 19
337 518 24
337 522 19
337 571 20
337 596 3
338 353 14
338 358 22
338 361 4
338 381 10
338 396 25
338 425 23
338 434 7
338 450 12
338 457 22
338 517 3
338 557 21
338 568 15
339 356 4
339 383 17
339 393 5
339 410 2
339 413 25
339 428 25
339 430 18
339 447 10
339 461 20
339 476 17
339 486 23
339 488 6
339 502 25
339 553 16
339 572 24
339 598 25
340 385 12
340 411 20
340 415 2
340 434 2
340 439 18
340 481 6
340 500 11
340 553 17
340 554 5
340 567 18
340 588 3
340 589 1
340 594 22
341 375 25
341 396 17
341 397 25
341 410 19
341 415 21
341 434 4
341 445 20
341 471 22
341 476 21
341 478 4
341 515 16
341 536 12
341 537 4
341 548 21
341 562 13
341 575 21
342 344 20
342 345 13
342 350 9
342 354 16
342 402 16
342 434 10
342 443 9
342 447 21
342 459 21
342 479 25
342 504 2
342 505 15
342 549 5
342 582 2
342 583 11
342 591 6
343 355 20
343 363 13
343 366 24
343 386 15
343 397 16
343 403 18
343 414 12
343 439 11
343 445 24
343 492 4
343 495 25
343 506 4
343 515 25
343 569 14
343 576 1
344 354 21
344 429 1
344 438 10
344 456 11
344 483 17
344 510 19
344 521 21
344 561 14
344 583 16
345 358 21
345 361 18
345 387 5
345 389 2
345 398 21
345 424 16
345 426 9
345 442 16
345 447 5
345 456 10
345 476 7
345 558 20
345 579 4
345 598 20
346 377 7
346 409 2
346 414 24
346 435 8
346 458 7
346 467 23
346 481 22
346 482 8
346 491 20
346 518 24
346 582 19
346 586 5
346 593 17
347 378 12
347 391 1
347 415 6
347 432 3
347 442 23
347 450 25
347 459 9
347 476 1
347 499 20
347 530 1
347 536 9
347 578 10
347 582 5
347 585 18
348 352 17
348 377 1
348 385 22
348 417 11
348 456 8
348 462 25
348 464 9
348 504 15
348 535 9
348 562 8
348 566 11
348 573 18
348 582 2
348 589 10
349 377 11
349 378 9
349 408 3
349 425 24
349 431 11
349 464 10
349 471 3
349 476 10
349 514 9
349 534 12
349 537 12
349 547 4
349 563 14
349 575 20
349 585 13
349 587 19
349 596 15
350 374 6
350 430 19
350 434 13
350 463 17
350 469 3
350 483 14
350 512 2
350 532 18
350 542 22
350 548 12
350 564 5
350 568 16
350 570 13
351 377 16
351 380 1
351 387 23
351 408 19
351 409 2
351 439 8
351 496 3
351 514 6
352 357 19
352 369 14
352 396 19
352 410 5
352 421 17
352 432 8
352 465 25
352 468 6
352 503 3
352 515 16
352 532 12
352 571 21
352 578 5
352 580 5
352 584 1
353 354 18
353 373 6
353 379 20
353 411 17
353 470 17
353 472 24
353 475 9
353 480 7
353 508 17
353 522 12
353 546 6
353 555 12
353 573 13
353 585 14
353 590 16
354 358 20
354 370 7
354 377 4
354 394 14
354 420 14
354 433 20
354 446 23
354 459 15
354 512 1
354 521 25
354 541 5
354 551 14
354 585 22
355 362 11
355 364 18
355 378 22
355 391 5
355 401 25
355 406 16
355 415 23
355 428 19
355 499 17
355 500 7
355 534 25
355 535 8
355 562 18
355 579 5
356 406 21
356 416 7
356 441 20
356 492 11
356 518 1
356 532 4
356 544 15
356 586 16
357 365 17
357 377 9
357 414 13
357 418 6
357 424 11
357 437 12
357 450 12
357 452 24
357 458 11
357 465 22
357 491 16
357 500 7
357 505 3
357 514 16
357 521 25
357 537 1
357 546 9
357 581 18
357 593 7
358 361 10
358 362 25
358 372 24
358 375 16
358 399 22
358 405 7
358 435 13
358 443 7
358 446 7
358 448 18
358 485 21
358 544 23
358 553 9
358 561 7
358 569 12
358 588 16
359 362 17
359 376 24
359 381 4
359 384 16
359 388 11
359 389 2
359 442 8
359 445 19
359 462 4
359 474 25
359 484 18
359 491 4
359 507 10
359 515 10
359 554 10
360 363 21
360 369 11
360 384 10
360 388 14
360 399 7
360 405 16
360 419 1
360 432 14
360 441 25
360 457 18
360 471 11
360 474 24
360 490 3
361 396 17
361 412 10
361 426 20
361 439 9
361 528 10
362 379 23
362 387 1
362 496 20
362 535 24
362 555 8
362 561 14
362 580 2
363 408 10
363 411 8
363 422 8
363 432 21
363 563 18
363 575 19
363 583 17
363 590 5
363 596 4
364 372 5
364 384 12
364 400 21
364 406 7
364 409 2
364 422 20
364 465 24
364 471 12
364 493 20
364 530 3
364 531 4
364 562 5
364 564 22
364 568 14
364 596 14
365 383 21
365 402 14
365 406 11
365 425 21
365 438 23
365 463 24
365 488 24
365 490 7
365 495 8
365 529 6
365 539 3
365 546 25
365 548 25
365 569 21
365 584 7
365 591 3
366 370 25
366 384 20
366 395 25
366 401 6
366 419 21
366 489 22
366 569 6
366 589 9
367 394 16
367 418 10
367 428 12
367 429 20
367 438 8
367 464 25
367 487 11
367 516 3
367 521 15
367 590 21
367 595 23
368 376 13
368 377 21
368 413 21
368 414 19
368 422 3
368 425 4
368 431 23
368 441 5
368 467 3
368 469 18
368 503 11
368 506 7
368 527 19
368 539 5
368 569 6
368 583 24
369 395 2
369 468 4
369 542 6
369 566 10
369 590 20
369 599 15
370 378 24
370 435 16
370 439 22
370 447 25
370 462 1
370 477 1
370 487 15
370 497 23
370 505 25
370 523 2
370 547 18
370 559 21
370 571 22
370 583 23
371 408 24
371 469 20
371 502 2
371 521 3
371 522 14
371 553 14
371 571 9
371 572 8
372 375 20
372 379 16
372 384 8
372 460 21
372 477 20
372 488 16
372 551 7
372 556 14
373 383 5
373 409 5
373 410 4
373 446 4
373 499 5
373 515 7
373 543 4
373 556 19
373 588 4
373 594 4
374 397 20
374 403 24
374 433 1
374 442 18
374 481 21
374 498 1
374 532 14
374 550 24
375 393 3
375 406 3
375 419 14
375 421 13
375 422 12
375 427 8
375 429 5
375 450 19
375 464 5
375 465 24
375 481 9
375 551 11
375 552 14
376 384 16
376 394 18
376 397 20
376 405 21
376 411 22
376 431 1
376 463 24
376 479 17
376 517 6
376 529 4
376 588 13
376 592 4
377 399 6
377 413 5
377 427 1
377 428 6
377 544 19
377 554 1
377 561 10
377 570 23
377 576 14
377 577 24
378 385 9
378 394 23
378 428 4
378 446 4
378 449 4
378 548 2
378 550 15
378 577 17
379 435 18
379 436 5
379 469 9
379 497 12
380 392 25
380 420 7
380 506 12
380 512 25
380 513 25
380 575 19
380 599 6
381 385 12
381 391 23
381 394 13
381 399 18
381 408 25
381 457 21
381 473 13
381 474 1
381 528 5
381 561 10
381 586 16
382 385 6
382 417 18
382 475 16
382 551 9
382 578 22
382 598 19
383 396 12
383 415 11
383 418 12
383 432 4
383 437 17
383 443 22
383 452 17
383 512 18
383 556 3
383 577 5
384 394 19
384 397 2
384 398 24
384 401 1
384 407 15
384 412 23
384 436 14
384 440 8
384 466 22
384 473 9
384 492 20
384 507 24
384 537 15
384 599 7
385 411 15
385 425 20
385 429 24
385 482 7
385 523 5
385 566 22
385 577 2
386 404 19
386 431 9
386 454 14
386 469 22
386 471 2
386 478 10
386 488 16
387 436 21
387 441 15
387 505 20
387 536 15
387 554 16
387 591 18
388 434 15
388 439 8
388 452 15
388 463 3
388 465 15
388 550 12
388 557 11
388 561 11
388 564 12
388 573 3
388 588 17
388 596 1
389 404 22
389 405 18
389 437 7
389 442 2
389 459 16
389 491 9
389 559 20
389 565 2
389 578 24
389 584 18
389 586 5
390 395 8
390 422 8
390 429 1
390 444 22
390 465 5
390 490 15
390 497 15
390 500 22
390 510 6
390 521 22
390 557 14
390 562 9
390 571 13
390 594 2
391 427 21
391 439 25
391 455 13
391 457 25
391 469 19
391 486 14
391 503 22
391 536 11
391 547 22
391 560 25
391 584 3
392 400 7
392 403 21
392 406 6
392 408 5
392 416 15
392 418 11
392 428 15
392 436 25
392 447 11
392 456 13
392 502 4
392 512 25
392 528 2
392 539 2
392 573 7
392 574 25
392 581 15
392 596 15
393 420 14
393 432 16
393 441 13
393 488 14
393 507 4
393 526 12
393 555 7
393 591 19
394 420 10
394 466 19
394 469 17
394 475 11
394 484 21
394 540 24
394 544 6
394 556 2
394 569 5
394 572 23
395 398 14
395 441 21
395 445 22
395 456 24
395 503 9
395 511 2
395 515 25
395 549 12
395 563 3
395 565 6
395 578 12
395 596 18
396 432 23
396 440 25
396 448 10
396 466 12
396 495 15
396 498 15
396 529 23
396 530 21
396 544 8
396 546 10
396 580 16
396 589 25
397 420 20
397 422 12
397 457 25
397 497 3
397 517 15
397 539 4
397 549 25
397 556 3
397 573 25
397 599 23
398 406 3
398 425 10
398 431 24
398 454 2
398 462 21
398 465 3
398 499 7
398 538 9
399 464 22
399 467 6
399 468 11
399 469 7
399 489 17
399 494 25
399 516 21
399 524 17
399 584 23
399 586 4
399 588 1
399 599 13
400 401 5
400 407 22
400 434 1
400 445 4
400 451 24
400 478 17
400 505 9
400 537 25
400 558 19
400 571 10
400 586 22
401 419 21
401 424 19
401 431 22
401 443 24
401 465 17
401 482 25
401 515 8
401 526 25
401 529 21
401 538 13
401 556 10
402 406 4
402 419 7
402 420 12
402 425 25
402 441 23
402 449 9
402 481 5
402 540 25
402 595 23
403 415 11
403 460 23
403 478 24
403 490 14
403 510 24
403 511 15
403 512 24
403 514 23
403 517 11
403 537 9
403 553 22
404 432 8
404 442 4
404 447 20
404 490 9
404 516 20
404 520 21
404 541 16
404 572 20
404 578 17
405 415 5
405 431 6
405 449 22
405 457 11
405 460 17
405 467 21
405 473 8
405 474 2
405 512 2
405 540 9
405 543 25
405 567 12
405 582 7
405 587 25
406 411 2
406 421 5
406 430 16
406 437 1
406 446 4
406 451 1
406 453 11
406 466 2
406 510 11
406 520 14
406 535 22
406 544 19
406 552 11
406 556 17
406 596 9
407 410 5
407 425 10
407 477 13
407 512 12
407 521 7
407 532 24
407 592 4
407 597 4
408 411 8
408 415 7
408 453 6
408 475 19
408 485 6
408 526 19
408 557 2
408 587 7
408 596 21
408 597 6
409 448 23
409 491 23
409 497 11
409 498 23
409 544 10
409 557 13
409 563 8
409 569 25
410 414 11
410 421 1
410 497 10
410 542 2
410 546 11
410 599 16
411 432 14
411 452 1
411 465 3
411 502 20
411 515 1
411 566 8
412 449 23
412 451 10
412 461 14
412 489 5
412 498 3
412 510 22
412 530 24
412 533 4
412 551 3
412 566 21
413 415 11
413 480 25
413 507 20
413 515 22
413 519 25
413 535 4
413 570 11
413 584 7
414 429 5
414 507 21
414 537 10
414 554 15
414 555 24
414 558 22
415 416 7
415 426 12
415 429 22
415 433 11
415 434 8
415 466 22
415 483 18
415 498 6
415 509 7
415 517 9
415 538 10
415 540 9
415 569 5
415 584 10
415 585 15
416 429 7
416 511 5
416 512 25
416 532 9
416 553 24
416 570 23
416 585 8
416 590 4
417 565 8
417 571 16
417 587 9
417 591 5
418 436 25
418 472 25
418 474 4
418 486 22
418 526 8
418 571 17
418 576 20
418 580 19
419 421 25
419 480 17
419 510 13
419 515 5
419 518 23
419 540 21
419 568 16
420 447 8
420 471 2
420 485 3
420 489 22
420 536 11
420 547 7
420 554 24
420 556 19
421 429 8
421 430 21
421 455 3
421 457 13
421 464 6
421 479 18
421 508 23
421 545 10
421 557 20
421 573 22
421 577 15
422 458 18
422 478 7
422 493 7
422 497 12
422 511 2
422 529 8
422 578 3
423 444 14
423 460 14
423 504 2
423 520 12
423 524 4
423 525 12
423 535 15
423 537 6
423 562 8
423 568 25
423 584 15
423 588 8
424 430 20
424 434 22
424 439 6
424 461 22
424 468 11
424 471 11
424 509 15
424 513 9
424 544 22
424 574 11
424 577 7
424 595 14
424 596 3
425 444 13
425 474 20
425 554 14
425 564 14
425 567 4
425 593 19
425 595 5
426 446 17
426 466 22
426 482 16
426 502 22
426 507 8
426 524 7
426 541 5
426 598 18
427 453 7
427 457 19
427 487 25
427 505 3
427 553 17
427 569 5
427 576 25
428 467 2
428 496 17
428 501 16
428 507 10
428 550 14
428 551 1
428 590 17
429 434 2
429 490 5
429 505 6
429 528 23
429 542 20
429 555 22
429 557 1
429 569 13
429 584 1
429 588 19
430 442 12
430 470 18
430 494 15
430 530 19
430 542 24
430 598 19
431 465 11
431 468 7
431 506 14
431 536 13
431 537 10
431 589 5
432 435 17
432 438 9
432 443 9
432 444 9
432 482 1
432 484 20
432 512 24
432 544 1
432 587 13
432 598 25
433 449 7
433 452 19
433 484 24
433 492 1
433 496 15
433 503 1
433 508 14
433 528 17
433 545 19
433 575 25
433 595 9
433 596 8
434 493 20
434 515 7
434 526 2
434 535 8
434 538 14
434 549 15
434 591 20
435 479 23
435 499 22
435 518 13
435 521 8
435 557 5
435 559 23
435 568 8
435 572 1
435 579 21
435 595 10
436 438 14
436 509 22
436 524 16
436 562 7
436 581 22
436 594 16
436 595 23
437 443 22
437 453 6
437 463 14
437 519 15
437 524 7
437 531 22
437 537 23
437 554 4
437 561 5
438 454 1
438 477 11
438 478 20
438 506 17
438 507 5
438 517 19
438 522 15
438 532 19
438 560 1
438 595 19
438 597 17
439 488 10
439 500 20
439 505 12
439 568 21
439 584 10
440 492 11
440 496 11
440 537 16
440 551 7
440 568 4
441 452 15
441 467 4
441 519 11
441 578 3
442 472 20
442 482 20
442 510 1
442 514 19
442 515 23
442 518 7
442 534 19
442 544 8
442 545 4
442 554 13
442 563 14
442 581 22
442 591 2
443 446 7
443 448 25
443 467 23
443 470 23
443 484 9
443 528 19
444 460 12
444 503 5
444 505 3
444 506 22
444 547 17
444 554 20
444 596 5
445 451 22
445 463 9
445 473 10
445 474 8
445 527 13
445 533 5
445 553 2
445 575 15
445 598 23
446 461 1
446 474 23
446 504 19
446 525 8
446 559 1
446 567 6
446 583 21
447 471 23
447 473 9
447 497 2
447 501 22
447 524 6
447 528 2
447 540 7
447 542 24
447 573 13
447 594 13
447 597 3
448 456 11
448 468 7
448 492 24
448 504 15
448 516 3
448 550 7
448 571 2
449 490 12
449 497 21
449 513 6
449 541 15
449 563 12
449 575 5
449 586 15
449 597 10
450 484 25
450 514 24
450 532 10
450 536 5
450 558 19
450 571 7
450 577 16
450 594 23
451 454 5
451 458 21
451 462 24
451 465 14
451 470 22
451 489 13
451 521 3
451 524 1
451 564 23
452 475 9
452 498 25
452 510 14
452 512 14
452 545 8
452 566 15
452 581 2
453 461 4
453 465 22
453 514 19
453 544 17
453 547 4
453 598 8
454 457 1
454 473 3
454 477 9
454 509 13
454 550 10
454 555 2
454 557 21
454 567 25
455 481 1
455 506 1
455 536 20
455 562 24
456 461 16
456 474 18
456 507 11
456 519 18
456 521 19
456 522 10
456 565 4
456 583 18
456 594 24
456 595 19
456 597 25
457 464 15
457 465 20
457 504 5
457 517 14
457 523 15
457 557 24
457 564 17
457 596 23
457 599 24
458 488 19
458 512 6
458 530 13
458 535 3
458 571 9
458 582 9
459 485 2
459 498 12
459 513 11
459 515 24
459 527 10
459 547 1
459 556 16
459 576 23
460 464 20
460 500 11
460 502 9
460 529 25
461 464 5
461 522 7
461 554 18
461 560 7
461 577 24
462 492 15
462 502 13
462 506 12
462 526 6
462 549 11
462 560 3
463 472 3
463 484 12
463 532 23
463 556 10
463 559 24
463 573 1
463 583 21
463 590 7
463 592 4
464 471 7
464 473 19
464 490 4
464 523 18
464 527 19
464 552 22
464 574 17
465 502 16
465 508 7
465 528 1
465 533 17
465 541 12
465 543 9
465 550 12
465 567 18
465 596 7
466 488 3
466 496 5
466 498 20
466 502 8
466 503 18
466 518 22
466 558 13
466 563 4
466 565 20
467 472 24
467 520 2
467 537 22
467 569 19
467 584 11
467 598 2
468 473 2
468 521 4
468 528 8
468 529 22
468 534 25
468 536 4
468 560 13
469 480 17
469 573 10
469 580 15
469 587 8
469 593 23
469 595 24
469 597 19
470 489 17
470 496 7
470 499 21
470 515 24
470 516 2
470 544 6
470 564 16
470 569 25
471 488 18
471 519 21
472 475 21
472 541 16
472 551 24
472 552 19
472 590 12
473 488 9
473 507 21
473 544 13
473 556 15
473 578 3
474 488 9
474 530 16
474 570 8
474 587 24
475 480 7
475 491 19
475 493 13
475 504 16
475 544 17
475 549 13
476 545 12
476 579 10
477 489 20
477 534 9
477 544 8
477 549 21
477 578 14
478 487 25
478 499 20
478 509 6
478 520 20
478 526 16
478 535 24
478 548 19
478 566 11
478 578 10
479 498 4
479 502 6
479 513 24
480 530 18
480 545 10
480 547 10
480 567 10
480 577 19
480 592 8
481 483 16
481 504 13
481 514 22
481 531 9
481 533 6
481 546 10
481 561 20
481 569 15
481 578 6
482 499 3
482 515 25
482 531 1
482 543 19
482 551 24
482 597 22
483 511 24
483 513 19
483 517 14
483 528 24
483 532 12
483 560 25
484 489 10
484 501 17
484 513 7
484 544 9
484 546 10
484 557 19
484 570 20
484 580 19
485 508 12
485 511 4
485 518 12
485 524 24
485 529 25
485 531 22
485 578 4
486 499 11
486 504 18
486 512 21
486 519 16
486 529 20
486 595 20
487 508 18
487 520 15
487 523 18
488 496 17
488 541 14
489 490 13
489 492 5
489 574 14
489 584 1
489 585 6
489 587 24
490 491 18
490 517 15
490 523 7
490 525 2
490 578 8
490 580 3
490 588 22
490 590 21
491 500 6
491 520 10
491 527 20
491 536 7
491 552 8
491 557 25
492 553 18
492 561 25
492 571 22
492 575 8
492 586 22
492 591 16
493 504 3
493 532 11
493 535 11
493 575 19
493 586 1
494 522 23
494 538 25
494 588 15
495 497 24
495 531 6
495 560 13
495 571 16
495 580 20
495 582 21
496 509 19
496 541 4
496 560 23
496 568 17
496 573 24
496 581 5
497 535 2
497 542 20
498 508 11
498 510 11
498 526 22
498 540 3
498 546 11
498 573 18
498 577 13
499 586 7
499 588 11
499 591 17
500 515 17
500 517 21
500 529 10
500 532 18
500 550 18
500 570 9
500 579 9
501 502 16
501 513 16
501 540 21
501 551 8
502 505 10
502 511 18
502 519 1
502 564 15
503 522 15
503 539 18
503 546 14
503 579 21
503 580 21
503 590 8
504 529 6
504 534 6
505 530 6
505 534 11
505 554 18
505 561 24
505 563 25
505 572 24
506 581 9
506 582 16
506 594 18
507 521 6
507 552 25
507 553 12
507 585 23
507 592 10
508 515 20
508 564 16
509 531 1
509 532 15
509 574 25
510 595 10
511 519 9
511 528 1
511 542 2
511 567 23
512 524 20
512 561 15
512 565 18
512 567 15
512 569 24
512 592 25
513 516 22
513 531 5
513 559 10
513 566 15
513 595 3
514 541 9
515 520 15
515 553 13
515 557 24
515 559 7
515 582 18
515 587 25
515 588 20
515 589 17
516 526 10
516 527 14
516 552 7
516 566 10
516 575 5
516 582 7
517 527 21
517 529 13
517 544 9
517 594 22
518 547 12
518 551 3
518 557 13
518 570 6
518 580 19
519 526 12
519 551 6
519 556 17
519 568 16
519 577 17
519 581 6
519 583 20
519 592 1
520 595 23
521 544 9
521 550 1
522 526 4
522 534 1
522 555 3
522 577 1
522 587 17
522 592 12
522 594 14
523 527 1
523 581 23
523 592 19
524 533 9
524 592 20
524 593 8
524 597 17
524 599 19
525 538 20
525 543 21
525 565 6
525 577 2
525 578 14
526 541 17
526 556 7
526 578 5
526 590 9
527 529 1
527 539 13
527 543 5
527 559 1
527 564 10
527 578 13
528 540 3
528 561 15
529 560 13
529 582 5
529 589 15
529 597 7
530 531 18
530 538 6
530 545 7
530 560 15
531 555 1
532 551 15
532 572 12
533 536 8
533 544 8
533 548 5
533 560 4
533 579 3
533 584 10
533 588 6
534 542 18
534 552 4
534 558 14
534 567 24
534 582 14
535 549 14
535 570 13
535 571 19
535 579 16
535 588 24
536 550 6
537 551 19
537 567 14
538 577 21
539 540 25
539 587 5
540 562 2
540 584 18
540 594 10
541 575 10
541 578 9
542 574 10
542 578 1
542 589 20
543 545 20
543 547 8
543 556 24
543 588 23
543 595 12
544 549 11
545 553 3
545 562 6
545 564 16
546 576 17
547 580 6
547 591 4
547 597 7
548 554 19
548 571 24
548 578 23
548 584 17
548 594 5
549 582 16
549 597 7
550 571 25
550 574 15
550 579 12
550 581 3
550 586 9
551 570 23
552 572 12
553 565 18
553 569 10
553 573 12
553 597 12
554 558 4
554 586 21
555 575 13
555 595 3
555 599 9
556 581 25
557 574 8
558 585 14
559 562 15
559 574 1
561 594 21
563 574 20
563 591 7
563 594 14
563 596 19
564 572 4
564 589 6
565 599 25
566 568 21
566 569 14
566 597 1
566 598 11
567 572 25
567 576 3
567 597 21
568 578 25
568 597 16
569 576 13
571 576 9
571 588 2
572 579 2
573 589 14
574 586 24
575 590 14
576 578 16
578 591 7
578 598 13
579 599 23
580 598 22
581 583 4
584 598 23
586 590 17
587 591 23
589 595 5
592 597 8
596 598 18
600 299 28
601 599 16
600 601 44
602 627 10
602 629 2
602 633 9
602 636 4
602 637 1
602 687 9
602 728 3
602 763 6
602 782 7
602 792 5
602 809 3
602 843 8
602 874 2
602 887 2
603 610 3
603 703 7
603 710 1
603 711 10
603 872 4
603 900 8
604 632 7
604 670 8
604 712 6
604 716 1
604 764 8
604 785 1
604 794 7
604 801 6
604 821 1
604 832 4
604 878 5
604 886 10
604 888 7
605 611 4
605 614 5
605 722 8
605 727 2
605 755 9
605 767 3
605 774 10
605 795 3
605 869 8
605 888 9
605 898 4
605 901 1
606 615 2
606 619 2
606 632 1
606 644 3
606 658 6
606 664 8
606 684 9
606 696 3
606 719 5
606 722 10
606 751 10
606 763 5
606 773 6
606 780 5
606 807 7
606 879 1
606 894 2
607 678 9
607 703 7
607 709 5
607 713 3
607 728 6
607 788 8
607 812 2
607 832 9
607 841 10
607 844 4
607 848 8
608 629 8
608 655 10
608 684 8
608 714 9
608 731 1
608 761 8
608 802 2
608 811 6
608 841 8
609 610 2
609 625 10
609 653 2
609 656 3
609 659 10
609 685 9
609 695 8
609 723 6
609 729 5
609 731 10
609 745 7
609 762 3
609 763 9
609 769 3
609 770 8
609 801 4
609 842 1
609 855 9
609 868 4
609 877 10
610 651 4
610 667 1
610 670 9
610 671 5
610 723 10
610 735 8
610 756 8
610 765 8
610 799 1
610 817 5
610 851 7
610 857 2
610 861 5
610 863 8
610 881 5
610 895 6
611 646 6
611 665 4
611 711 1
611 735 3
611 741 6
611 782 8
611 806 5
611 813 6
611 816 10
611 838 4
611 839 1
611 858 2
611 860 2
611 868 7
612 641 3
612 660 8
612 666 7
612 702 2
612 710 4
612 732 9
612 736 1
612 762 1
612 833 8
612 840 1
612 851 8
612 853 4
612 861 4
612 892 4
612 901 1
613 615 10
613 659 9
613 705 9
613 731 4
613 736 1
613 754 1
613 763 1
613 779 10
613 792 7
613 807 6
613 815 10
613 818 1
613 827 8
613 832 3
613 835 4
613 868 4
614 624 6
614 660 1
614 676 1
614 677 9
614 693 7
614 702 1
614 737 9
614 739 9
614 755 8
614 765 9
614 798 6
614 805 1
614 827 2
614 837 1
614 848 1
614 861 4
614 863 1
614 868 9
614 884 7
614 887 2
615 719 1
615 734 9
615 745 1
615 748 8
615 754 4
615 758 2
615 769 8
615 802 1
615 831 5
615 839 1
615 861 5
616 625 2
616 626 4
616 659 7
616 698 10
616 712 10
616 730 9
616 770 8
616 779 8
616 800 6
616 804 8
616 863 6
616 882 6
617 628 1
617 658 6
617 712 8
617 795 4
617 843 7
617 847 9
617 850 2
617 873 8
617 880 9
617 893 10
617 898 10
618 672 6
618 714 5
618 740 4
618 759 5
618 768 8
618 784 10
618 795 8
618 812 4
618 829 1
618 893 1
619 628 2
619 637 2
619 643 2
619 706 10
619 753 9
619 767 9
619 780 5
619 783 8
619 796 6
619 805 10
619 821 8
619 834 2
619 842 9
619 844 4
619 869 8
619 885 7
620 638 5
620 639 7
620 675 6
620 740 5
620 742 8
620 754 3
620 770 1
620 783 1
620 795 8
620 805 8
620 811 10
620 852 5
620 858 1
620 871 2
620 892 7
620 893 2
620 894 3
621 622 8
621 629 1
621 637 3
621 675 8
621 692 7
621 695 10
621 700 4
621 713 6
621 748 10
621 817 5
621 841 5
621 884 3
622 636 4
622 701 1
622 704 9
622 709 10
622 723 8
622 729 3
622 760 7
622 786 1
622 787 6
622 803 10
622 826 10
622 832 3
622 837 9
622 857 4
622 881 6
622 882 1
623 658 2
623 660 7
623 662 3
623 673 9
623 715 10
623 716 6
623 739 6
623 814 6
623 844 7
623 846 1
623 900 4
624 625 6
624 648 5
624 658 10
624 681 10
624 719 8
624 751 2
624 784 9
624 809 9
624 823 10
624 834 3
624 841 8
624 848 2
624 885 8
625 655 7
625 661 1
625 708 3
625 712 7
625 742 6
625 826 8
625 842 9
625 843 7
625 856 6
625 875 2
625 886 5
625 893 5
625 894 9
626 628 2
626 653 3
626 670 7
626 709 3
626 712 6
626 721 5
626 753 9
626 778 7
626 786 4
626 831 9
626 846 8
626 862 4
626 869 9
627 641 9
627 672 7
627 732 8
627 749 10
627 758 6
627 759 6
627 813 2
627 832 8
627 835 3
627 863 7
627 867 7
627 886 1
627 889 3
628 643 3
628 645 4
628 646 9
628 660 7
628 669 4
628 682 3
628 707 1
628 724 1
628 747 7
628 748 8
628 796 7
628 799 5
628 839 4
628 840 10
628 861 5
629 696 4
629 764 6
629 832 4
629 850 2
629 857 4
629 887 1
630 635 2
630 665 9
630 714 7
630 737 5
630 759 9
630 779 1
630 807 2
630 819 5
630 852 1
630 889 4
631 667 7
631 677 7
631 690 5
631 703 6
631 713 10
631 717 7
631 772 8
631 799 2
631 804 5
631 825 6
631 837 8
631 846 9
631 870 1
631 873 10
631 875 6
632 708 4
632 709 7
632 730 9
632 732 6
632 784 10
632 786 1
632 788 9
632 797 10
632 883 9
632 896 3
633 646 10
633 652 9
633 695 4
633 706 5
633 714 2
633 720 10
633 734 3
633 741 8
633 785 6
633 805 10
633 850 9
633 865 4
633 880 8
633 883 3
634 676 8
634 714 5
634 764 10
634 769 8
634 820 5
634 875 1
634 885 3
634 891 9
635 636 7
635 693 3
635 712 4
635 721 6
635 735 4
635 747 4
635 767 8
635 781 4
635 821 6
635 845 7
635 851 3
635 864 2
635 877 3
636 662 6
636 676 3
636 689 6
636 691 5
636 738 8
636 801 7
636 808 3
636 829 3
636 852 6
636 856 7
636 861 10
636 863 10
637 661 7
637 683 7
637 688 5
637 697 9
637 704 2
637 733 3
637 799 6
637 807 4
637 809 8
637 834 3
637 840 9
637 842 1
637 852 10
637 857 5
638 665 8
638 695 9
638 769 7
638 772 1
638 787 1
638 790 2
638 815 5
638 864 8
638 865 8
639 651 4
639 656 5
639 669 2
639 698 6
639 705 10
639 749 9
639 752 5
639 807 10
639 815 7
640 644 4
640 658 6
640 684 5
640 721 7
640 731 8
640 757 2
640 773 2
640 793 7
640 808 5
640 832 3
640 892 9
641 732 6
641 734 7
641 736 8
641 739 4
641 753 3
641 771 9
641 776 5
641 800 6
641 827 3
641 831 2
641 842 5
642 646 7
642 656 8
642 658 6
642 659 4
642 680 8
642 706 4
642 749 9
642 842 9
642 899 10
643 648 4
643 774 4
643 837 5
644 669 10
644 689 3
644 694 6
644 705 3
644 711 9
644 720 2
644 727 5
644 770 9
644 785 8
644 788 1
644 809 6
644 850 3
644 856 5
644 860 4
644 870 9
644 874 2
645 683 9
645 684 3
645 720 6
645 749 7
645 758 10
645 774 2
645 779 10
645 782 9
645 805 5
645 814 10
645 834 9
645 878 5
646 662 5
646 726 2
646 764 1
646 783 6
646 792 6
646 864 6
646 874 9
646 882 6
646 901 10
647 663 3
647 674 4
647 679 9
647 716 4
647 722 10
647 734 1
647 745 10
647 749 5
647 768 2
647 780 2
647 812 5
647 822 4
647 826 7
647 851 1
647 883 5
648 660 10
648 669 3
648 674 4
648 680 5
648 682 2
648 711 2
648 726 1
648 728 9
648 736 6
648 796 1
648 801 4
648 840 3
648 853 8
649 671 2
649 707 9
649 730 7
649 738 7
649 741 4
649 744 5
649 752 2
649 783 3
649 786 8
649 793 1
649 795 10
649 844 9
649 847 2
649 882 4
649 883 4
650 657 1
650 662 5
650 674 8
650 702 10
650 762 9
650 768 1
650 776 6
650 806 2
650 826 5
650 836 8
650 885 10
650 896 2
651 739 8
651 756 4
651 781 4
651 782 8
651 803 7
651 814 4
651 821 6
651 888 3
652 673 8
652 685 3
652 687 4
652 712 10
652 760 10
652 788 5
652 797 9
652 820 10
652 828 8
652 852 3
652 863 3
652 873 10
652 878 9
653 699 10
653 705 2
653 710 7
653 718 3
653 776 7
653 787 8
653 890 7
654 692 5
654 696 8
654 711 10
654 757 4
654 807 3
654 835 3
654 866 3
655 671 9
655 687 7
655 697 9
655 698 4
655 712 4
655 731 3
655 830 7
655 833 5
655 846 4
655 847 3
655 866 6
655 874 3
655 888 3
656 693 8
656 696 7
656 710 2
656 728 8
656 755 6
656 756 3
656 787 4
656 808 10
656 818 2
656 830 3
656 865 8
656 871 8
657 664 2
657 673 7
657 701 3
657 722 4
657 731 10
657 737 6
657 749 5
657 762 8
657 769 6
657 775 8
657 777 3
657 788 8
657 798 4
657 814 7
657 848 3
657 866 9
657 882 2
657 891 5
658 671 1
658 681 1
658 694 1
658 711 4
658 770 10
658 807 8
658 809 7
658 823 5
658 833 10
658 845 10
658 873 8
658 896 7
658 901 7
659 673 9
659 678 4
659 684 1
659 689 5
659 704 5
659 747 8
659 751 9
659 754 2
659 758 3
659 772 6
659 812 4
659 816 2
659 817 1
659 819 2
659 833 4
659 841 1
659 867 4
659 874 10
660 663 1
660 683 6
660 708 2
660 719 7
660 737 6
660 821 2
660 827 3
660 850 10
660 860 1
660 877 4
660 881 9
660 888 7
661 665 2
661 670 8
661 674 2
661 690 2
661 697 4
661 703 6
661 773 10
661 784 2
661 797 7
661 805 4
661 841 9
661 873 2
661 877 8
661 888 1
662 681 4
662 682 3
662 692 2
662 732 9
662 747 5
662 750 4
662 769 4
662 791 6
662 799 10
662 808 1
662 821 9
662 885 4
662 896 3
663 690 9
663 699 9
663 702 1
663 705 8
663 754 10
663 755 10
663 770 9
663 771 2
663 773 3
663 789 7
663 817 3
663 822 6
663 823 5
663 824 8
663 859 6
663 875 7
663 879 5
664 707 7
664 719 2
664 724 10
664 740 10
664 767 10
664 768 4
664 770 5
664 784 5
664 813 9
664 815 7
664 854 8
664 901 8
665 680 2
665 697 10
665 730 8
665 737 1
665 762 2
665 764 7
665 797 10
665 803 2
665 812 8
665 824 3
665 837 6
665 857 4
665 865 5
665 880 4
665 886 8
665 893 3
665 897 9
666 670 6
666 686 9
666 711 7
666 714 7
666 742 8
666 770 8
666 783 8
666 789 1
666 814 5
666 839 5
666 874 2
666 887 1
667 687 4
667 695 1
667 704 2
667 732 3
667 783 10
667 785 2
667 849 6
667 876 7
667 890 2
668 674 9
668 684 4
668 685 6
668 690 5
668 755 9
668 782 1
668 783 10
668 798 6
668 827 5
668 864 8
668 869 4
668 873 3
669 674 7
669 683 2
669 743 3
669 776 6
669 795 2
669 839 5
669 840 10
669 841 6
669 862 8
669 900 10
670 697 9
670 730 8
670 736 4
670 741 3
670 745 10
670 746 5
670 748 8
670 750 6
670 779 8
670 791 7
670 794 1
670 818 4
670 866 3
670 895 9
671 684 6
671 695 2
671 725 6
671 726 10
671 770 1
671 782 1
671 786 4
671 815 9
671 836 3
671 839 8
671 848 5
671 863 4
671 874 3
672 691 4
672 704 1
672 804 10
672 833 6
672 839 9
672 852 10
672 864 9
673 695 3
673 724 9
673 733 3
673 750 2
673 752 6
673 767 3
673 821 8
673 824 6
673 830 6
673 863 2
673 870 6
673 890 1
673 892 3
674 687 3
674 716 2
674 737 6
674 755 4
674 780 5
674 797 4
674 825 6
674 842 3
674 868 8
674 881 9
675 676 7
675 744 4
675 748 9
675 758 6
675 833 9
675 862 9
675 863 7
676 678 7
676 690 3
676 697 7
676 721 1
676 798 4
676 800 2
676 818 3
676 827 4
676 833 9
676 842 10
676 845 5
676 862 4
676 868 10
676 884 10
676 886 7
677 681 3
677 703 7
677 708 10
677 740 8
677 757 10
677 766 7
677 767 2
677 780 10
677 787 7
677 850 8
677 852 3
677 855 7
677 886 5
678 686 1
678 687 5
678 705 4
678 715 9
678 730 9
678 740 10
678 744 9
678 764 2
678 812 2
678 833 4
678 850 7
678 878 10
678 879 3
678 894 2
678 901 6
679 695 3
679 712 3
679 713 2
679 725 5
679 758 1
679 796 3
679 800 4
679 805 10
679 810 9
679 815 7
679 829 1
679 851 5
679 863 4
679 878 3
679 891 1
679 892 1
679 895 5
680 681 7
680 729 4
680 776 5
680 832 5
680 840 3
680 867 4
680 896 8
681 686 6
681 707 7
681 712 5
681 718 6
681 721 1
681 744 8
681 757 1
681 773 5
681 812 2
681 843 4
681 850 2
681 858 2
681 897 6
682 719 5
682 725 3
682 781 6
682 795 2
682 807 4
682 826 2
682 838 7
682 879 8
682 896 2
683 710 9
683 812 3
683 815 10
683 879 4
684 734 7
684 746 6
684 752 7
684 755 2
684 785 5
684 787 4
684 839 10
684 878 9
685 732 9
685 767 1
685 806 8
685 828 1
685 838 5
685 850 9
685 861 4
685 898 6
686 742 2
686 770 1
686 785 3
686 822 5
686 825 6
686 826 6
686 865 8
687 688 7
687 702 4
687 712 5
687 724 10
687 758 3
687 765 9
687 788 1
687 799 6
687 807 8
687 823 8
687 875 4
687 889 9
688 690 3
688 699 10
688 707 1
688 737 3
688 760 8
688 774 3
688 813 1
688 820 1
688 822 7
688 885 1
689 692 6
689 708 5
689 709 3
689 713 7
689 757 7
689 763 7
689 768 4
689 778 4
689 816 6
689 822 3
689 823 7
689 828 2
689 871 2
689 875 1
689 891 1
689 893 5
690 691 9
690 719 10
690 736 2
690 744 4
690 766 10
690 783 4
690 785 3
690 803 10
690 849 7
690 865 3
690 869 2
690 871 9
690 877 3
690 879 1
691 778 9
691 780 8
691 784 7
691 799 1
691 818 6
691 828 3
691 886 9
692 716 10
692 717 8
692 723 4
692 726 2
692 764 4
692 766 6
692 786 5
692 838 5
692 866 8
693 715 1
693 723 5
693 736 7
693 740 3
693 755 8
693 758 8
693 759 8
693 762 1
693 768 10
694 695 6
694 738 3
694 779 1
694 799 4
694 818 7
694 843 3
694 858 3
694 888 4
694 891 9
695 711 5
695 712 10
695 717 3
695 726 4
695 753 1
695 757 10
695 786 7
695 804 2
695 824 6
695 851 4
695 853 8
695 861 2
695 864 3
696 718 9
696 725 6
696 726 1
696 748 1
696 752 5
696 773 9
696 822 10
696 857 7
696 888 8
696 895 6
696 896 1
697 702 10
697 775 1
697 787 7
697 789 5
697 825 3
697 862 3
697 868 3
697 872 8
697 884 2
698 709 8
698 734 3
698 804 2
698 820 9
698 822 9
698 827 5
698 840 6
698 864 5
698 885 2
698 889 7
698 896 7
698 901 2
699 716 4
699 722 8
699 736 4
699 747 1
699 771 8
699 798 4
699 803 7
699 818 5
699 847 1
699 881 8
699 898 6
700 716 1
700 742 4
700 753 10
700 785 6
700 793 6
700 794 5
700 796 5
700 808 9
700 813 2
700 826 7
700 836 2
700 883 2
700 887 7
700 893 8
700 896 8
701 705 1
701 707 2
701 786 6
701 796 10
701 803 3
701 806 2
701 830 9
701 837 7
701 849 2
701 863 6
701 877 2
702 713 8
702 727 2
702 729 2
702 762 7
702 770 7
702 781 4
702 798 1
702 812 7
702 813 1
702 848 8
702 859 1
702 866 5
702 890 9
703 712 4
703 721 3
703 778 10
703 796 7
703 822 10
703 844 8
703 872 4
703 877 2
703 878 9
704 751 2
704 818 1
704 823 3
704 848 3
704 863 9
704 900 1
705 711 4
705 720 4
705 783 2
705 789 3
705 800 5
705 814 5
705 818 10
705 822 4
705 866 1
705 881 2
706 776 2
706 782 1
706 798 1
706 806 2
706 842 8
706 857 9
706 860 7
706 870 10
706 872 9
706 873 3
706 877 9
707 723 8
707 724 9
707 728 3
707 742 8
707 747 10
707 779 3
707 810 10
707 814 2
708 732 4
708 754 3
708 757 7
708 760 9
708 772 6
708 774 1
708 778 6
708 784 3
708 790 10
708 806 9
708 823 3
708 836 3
708 844 10
708 897 5
709 744 4
709 768 3
709 774 2
709 817 2
709 832 9
709 847 2
709 885 2
709 887 3
710 769 2
710 773 9
710 791 1
710 801 4
710 862 6
711 715 2
711 758 9
711 795 8
711 811 3
711 825 2
711 842 10
711 884 1
712 726 10
712 800 7
712 801 2
712 833 5
712 848 9
712 854 3
712 863 5
713 725 3
713 839 6
713 858 4
713 864 8
713 869 1
713 872 6
713 876 9
713 896 2
714 780 6
714 824 2
714 838 6
715 730 1
715 749 6
715 757 4
715 815 3
715 845 9
715 894 2
716 736 5
716 788 7
716 805 9
716 876 9
716 881 10
716 884 10
717 727 2
717 729 2
717 735 8
717 753 3
717 780 6
717 793 7
717 826 5
717 839 1
717 853 9
717 893 2
718 729 6
718 790 8
718 820 4
718 840 4
718 851 9
718 872 8
718 879 1
718 891 10
718 892 3
719 722 1
719 747 5
719 772 6
719 785 6
719 794 6
719 798 9
719 802 2
719 839 4
719 840 9
719 842 10
719 867 6
720 733 10
720 784 1
720 787 7
720 829 8
720 849 5
720 888 2
721 724 4
721 767 2
721 773 4
721 783 4
721 823 5
721 840 2
721 856 2
722 724 9
722 753 5
722 758 10
722 761 6
722 768 7
722 778 1
722 793 10
722 802 10
722 824 8
722 826 5
723 730 5
723 734 5
723 774 4
723 783 6
723 785 8
723 814 4
723 833 7
723 874 3
724 753 4
724 796 10
724 824 1
724 837 1
724 839 6
724 885 3
725 739 6
725 742 7
725 748 8
725 763 9
725 779 2
725 800 9
725 821 2
725 825 2
725 829 5
725 880 3
726 727 9
726 733 2
726 734 4
726 736 8
726 745 1
726 766 3
726 827 4
726 838 7
726 846 7
726 855 9
726 856 4
726 868 6
726 889 3
726 900 10
727 754 1
727 755 6
727 790 1
727 791 1
727 863 6
728 730 7
728 733 5
728 746 1
728 772 3
728 781 3
728 784 1
728 799 6
728 820 3
728 839 3
728 871 9
728 899 10
729 736 5
729 737 7
729 764 3
729 775 10
729 779 4
729 788 5
729 834 2
729 872 8
729 882 1
730 742 8
730 756 8
730 791 4
730 804 4
730 807 10
730 816 5
730 831 4
730 832 5
730 836 6
730 849 4
730 877 10
730 883 4
730 885 9
730 888 2
730 893 8
730 895 3
731 743 3
731 783 6
731 821 7
731 822 5
731 851 4
731 859 6
731 865 1
731 890 1
732 738 10
732 750 1
732 759 6
732 789 4
732 792 2
732 813 5
732 817 4
732 857 2
732 865 3
732 878 9
732 882 7
733 742 2
733 747 6
733 763 2
733 819 7
733 839 3
733 870 5
733 883 8
733 886 6
734 748 5
734 749 10
734 798 5
734 872 9
735 772 2
735 801 10
735 804 8
735 825 8
735 826 4
735 832 3
735 834 8
735 894 6
736 785 5
736 873 8
736 874 1
736 878 8
736 892 2
737 738 8
737 747 4
737 748 3
737 773 10
737 826 4
737 828 9
737 841 3
737 885 9
737 886 10
738 739 1
738 749 1
738 753 6
738 760 9
738 771 8
738 797 3
738 837 10
738 844 3
738 845 3
738 878 1
738 900 2
739 758 10
739 760 10
739 769 5
739 786 5
739 793 7
739 833 10
740 768 9
740 815 7
740 819 3
740 821 8
740 834 8
740 835 10
740 853 1
740 885 2
740 891 1
741 760 5
741 762 2
741 784 3
741 796 3
741 883 3
741 887 4
741 894 6
741 897 8
742 762 4
742 793 5
742 879 2
742 884 3
742 901 7
743 746 7
743 748 5
743 763 1
743 824 6
743 833 4
743 864 7
743 890 2
744 785 2
744 788 9
744 815 2
744 832 8
744 856 1
744 885 10
744 891 7
744 898 2
745 764 10
745 776 8
745 821 4
745 822 6
745 827 9
745 834 8
745 848 9
745 878 1
745 880 1
745 882 6
745 884 1
745 890 6
746 747 10
746 805 4
746 809 8
746 832 9
746 856 10
746 874 4
746 880 1
746 882 8
746 889 7
746 900 7
747 768 9
747 781 1
747 796 5
747 805 1
747 854 8
747 866 7
747 888 2
748 758 5
748 778 10
748 799 1
748 803 4
748 824 3
748 837 7
748 884 5
749 756 1
749 764 7
749 776 5
749 796 3
749 816 4
749 818 7
749 850 1
749 894 5
750 775 3
750 787 10
750 853 3
750 872 4
750 900 4
751 770 3
751 775 1
751 776 2
751 778 2
751 816 2
751 861 2
751 867 6
751 895 4
752 757 2
752 771 5
752 772 5
752 810 6
752 839 4
752 877 5
752 878 1
752 881 9
752 882 3
752 899 5
752 900 9
753 756 1
753 778 2
753 779 3
753 813 4
753 834 8
753 841 3
753 844 9
753 854 2
754 767 3
754 783 3
754 803 6
754 806 8
754 807 8
754 812 6
754 820 9
754 873 9
754 886 9
754 901 3
755 777 6
755 783 2
755 797 4
755 816 10
755 827 6
755 832 9
756 765 6
756 804 3
756 814 9
756 815 4
756 839 7
756 850 4
756 857 4
756 859 8
756 866 7
756 875 8
757 764 3
757 770 4
757 794 1
757 808 1
757 815 8
757 826 5
757 850 4
757 860 3
757 861 2
757 868 1
757 884 10
758 762 2
758 778 1
758 781 9
758 802 4
758 805 6
758 806 2
758 815 7
758 827 8
758 832 10
758 834 7
758 856 3
759 860 4
760 791 8
760 838 8
760 842 10
760 847 3
760 867 1
760 879 9
760 881 9
760 897 8
761 776 2
761 797 4
761 798 10
761 816 2
761 832 1
761 846 6
761 851 7
761 876 5
761 896 9
762 764 9
762 771 5
762 776 1
762 834 9
762 890 5
763 822 6
763 831 7
763 876 6
763 877 5
763 881 4
763 896 5
764 769 1
764 772 6
764 779 8
764 807 10
764 873 3
764 885 10
765 792 2
765 812 5
765 838 8
765 849 2
765 873 4
766 803 9
766 862 6
766 872 6
766 901 3
767 772 8
767 792 1
767 800 9
767 801 3
767 831 10
767 861 10
767 879 9
767 885 2
767 900 10
768 806 3
768 808 7
768 828 6
768 835 8
768 855 1
768 868 9
769 800 5
769 840 4
769 878 6
770 811 2
770 832 3
770 854 10
770 870 1
771 787 5
771 788 6
771 791 1
771 799 8
771 804 10
771 807 1
771 827 3
771 829 5
771 856 3
771 874 3
771 881 5
771 893 4
771 901 7
772 786 6
772 811 5
772 815 5
772 842 7
772 864 4
772 874 7
772 899 4
773 779 10
773 788 6
773 812 6
773 823 10
773 825 10
773 847 9
773 881 6
774 797 4
774 805 2
774 828 7
774 829 6
774 831 8
774 886 3
774 888 6
774 900 5
775 783 2
775 786 7
775 795 10
775 801 8
775 805 1
775 810 2
775 820 4
775 823 6
775 829 8
775 838 10
775 895 10
775 897 2
775 898 6
776 787 4
776 796 10
776 827 1
776 841 3
776 842 5
776 869 7
776 877 2
776 879 7
776 888 5
777 781 9
777 816 10
777 843 6
777 873 6
778 782 7
778 783 5
778 789 8
778 791 5
778 849 10
778 886 1
778 889 1
778 892 9
779 819 8
779 842 3
779 846 10
780 786 1
780 810 9
780 812 9
780 842 2
780 862 10
780 881 2
780 891 8
781 834 3
781 837 1
781 839 10
781 857 7
781 880 7
781 881 6
781 882 1
781 890 5
781 895 3
782 803 9
782 809 4
782 818 10
782 828 6
782 841 3
782 845 5
782 847 5
782 849 7
782 854 4
782 858 5
782 875 9
783 784 2
783 798 4
783 808 1
783 826 3
783 836 7
783 863 1
783 891 1
783 897 8
784 791 1
784 820 2
784 827 7
784 836 5
784 858 4
784 870 9
784 884 2
785 799 2
785 800 6
785 863 2
785 876 7
786 788 8
786 800 2
786 866 2
787 804 10
787 812 8
787 874 4
787 877 4
787 897 2
788 795 10
788 802 9
788 818 9
788 840 8
788 847 2
788 854 4
788 855 1
788 864 6
788 874 10
789 791 3
789 796 6
789 799 10
789 806 5
789 879 9
789 893 8
790 814 10
790 851 4
790 860 6
790 896 1
791 867 5
791 898 2
792 825 4
792 835 1
792 849 1
793 794 5
793 803 3
793 815 10
793 849 4
793 865 6
793 868 5
793 870 8
793 874 8
793 875 3
793 892 8
793 899 7
794 812 6
794 865 1
794 879 7
795 796 1
795 814 3
795 821 2
795 828 8
795 867 2
795 884 6
795 897 8
796 813 1
796 836 5
797 810 1
797 833 7
797 864 7
797 870 6
797 883 10
797 895 10
798 815 8
798 823 10
798 866 7
798 890 10
799 809 2
799 816 2
799 886 8
799 888 6
799 893 9
799 898 5
800 821 1
800 858 6
800 860 1
800 862 8
800 873 9
801 805 10
801 818 1
801 823 1
801 853 1
801 858 8
801 872 4
801 884 6
802 807 8
802 851 4
802 868 3
802 879 8
802 882 2
802 887 9
802 889 5
802 898 3
803 817 1
803 833 5
803 840 5
803 862 9
804 875 4
804 890 6
804 896 10
804 899 3
805 812 3
805 836 1
805 857 7
805 859 5
805 862 6
805 869 10
805 889 3
805 899 4
806 878 1
806 899 3
807 829 6
807 841 1
807 883 2
808 813 9
808 833 8
808 851 9
808 858 5
808 881 2
809 811 9
809 819 8
809 821 3
809 882 5
810 832 1
810 838 3
810 845 9
810 857 5
810 860 3
810 867 5
810 871 2
811 844 2
811 877 7
811 887 4
811 896 2
811 900 6
811 901 1
812 826 10
812 835 5
812 843 5
812 879 5
812 881 7
812 887 9
812 897 1
813 851 7
813 866 10
813 878 1
814 822 6
814 825 1
814 864 5
814 867 10
814 872 1
815 836 3
815 843 2
815 862 5
815 866 5
815 868 6
815 881 4
815 882 9
816 818 8
816 841 8
816 843 10
816 860 9
816 897 6
817 828 5
817 861 3
817 885 1
818 825 5
818 835 4
818 836 5
818 870 9
818 875 8
818 880 1
818 888 7
818 895 10
818 897 9
819 834 9
819 856 1
819 875 7
819 884 9
820 826 5
820 860 6
820 878 9
820 880 9
821 839 9
821 841 5
821 842 3
821 851 4
821 870 8
821 897 1
822 823 1
822 838 7
822 847 2
822 882 1
822 888 3
822 891 7
823 845 3
823 846 3
823 849 3
823 850 8
823 884 10
824 830 2
824 842 6
824 844 2
824 847 10
824 870 5
825 845 3
825 861 8
825 867 5
825 879 1
826 847 8
826 860 2
826 870 8
826 877 8
826 901 2
827 836 6
827 842 3
827 850 5
827 856 9
827 876 2
827 878 7
827 896 9
827 897 9
828 838 9
828 852 1
828 868 3
829 842 7
829 871 4
829 873 7
829 878 9
829 886 1
830 851 8
830 853 2
830 855 8
830 879 10
830 889 2
830 892 3
830 894 4
831 833 9
831 859 9
831 876 6
832 844 9
832 848 2
833 882 3
834 878 6
834 880 4
835 860 8
835 867 8
835 883 8
835 894 8
836 879 2
836 892 6
836 897 8
837 843 10
837 869 6
837 895 8
837 901 4
838 846 2
838 896 1
839 870 2
840 860 3
840 871 4
840 894 10
840 897 6
841 864 3
841 897 1
842 865 7
843 848 7
843 856 4
843 882 8
844 848 6
844 850 9
844 857 6
844 865 9
844 867 3
844 870 3
844 883 2
844 885 10
844 893 1
845 854 1
845 899 9
846 862 2
846 872 7
846 873 6
846 884 3
846 885 2
846 887 3
846 893 8
846 901 6
847 863 6
847 870 9
847 873 8
847 879 9
848 852 8
848 860 5
848 883 3
848 888 8
849 854 2
849 862 10
849 869 3
849 886 1
849 892 7
850 862 3
850 878 8
850 887 5
850 894 5
851 855 10
851 880 9
851 882 6
851 887 2
851 893 9
852 863 4
852 878 5
852 882 5
852 890 9
852 896 9
853 865 9
853 881 2
854 876 6
854 898 4
854 901 7
855 883 7
855 888 3
856 858 7
856 868 4
856 874 7
857 858 1
857 868 4
857 879 10
857 890 10
858 873 8
859 896 10
860 866 8
861 862 1
861 871 7
862 868 3
862 869 7
862 871 9
863 870 3
863 876 3
863 899 10
864 870 1
864 877 6
864 891 5
866 889 8
867 878 7
867 886 5
867 901 6
868 879 10
868 899 3
869 898 9
870 888 8
871 882 9
873 877 3
873 883 6
873 891 4
874 891 9
874 896 6
874 897 9
875 878 9
875 884 8
875 893 7
875 896 10
876 884 5
878 883 9
878 891 7
878 897 9
879 880 5
879 894 7
880 891 1
883 895 7
885 897 6
886 899 4
888 895 5
889 894 2
889 895 1
894 898 3
895 899 7
896 899 6
897 898 2
900 901 1
902 601 43
903 901 10
902 903 22
