904 6735
72 40 94 34 59 82 91 22 51 30 74 27 75 28 41 45 72 23 59 85 72 79 97 3 33 14 96 70 77 69 5 48 60 50 82 70 84 24 91 34 54 16 61 28 95 53 24 66 76 82 2 99 13 51 53 45 64 49 15 92 69 71 40 80 21 73 49 56 48 91 89 1 6 1 81 53 54 4 18 29 38 72 79 50 74 32 94 37 32 60 28 100 83 19 79 55 43 79 10 91 69 98 43 26 51 23 78 4 79 48 84 16 19 62 65 92 93 10 80 24 22 59 75 56 30 5 10 24 83 71 14 51 20 9 29 70 31 6 73 61 53 56 76 23 18 92 66 62 54 97 86 75 8 12 82 37 17 91 60 99 61 26 2 80 34 30 50 16 87 74 77 40 30 4 14 99 96 32 12 1 28 97 27 87 61 8 23 77 98 83 27 10 8 28 41 93 9 90 8 96 16 84 87 97 88 52 95 35 83 6 87 63 55 13 49 15 20 24 43 69 6 69 30 65 49 70 57 9 12 16 4 27 100 42 23 39 94 69 25 76 74 11 90 80 75 39 46 46 62 40 14 19 9 43 35 9 64 43 17 75 58 73 1 9 14 75 99 7 43 75 35 69 85 24 100 11 14 46 56 27 37 69 97 45 63 31 5 27 25 74 53 83 46 6 43 59 80 42 18 23 52 50 30 59 19 78 11 7 64 100 66 89 33 56 36 65 84 51 20 33 1 42 54 17 12 17 95 92 79 98 71 82 47 1 92 17 30 3 23 93 2 40 81 86 95 68 50 78 71 21 63 71 62 16 40 26 84 34 69 62 83 40 43 29 92 35 46 73 89 20 66 90 60 98 76 54 18 77 84 88 98 46 58 11 13 97 36 96 82 57 9 64 48 51 93 39 37 90 11 25 9 28 67 20 78 94 74 95 70 9 82 67 6 39 78 18 88 65 13 69 73 21 33 20 23 77 10 12 66 73 88 26 52 6 46 29 99 71 75 69 79 56 87 36 47 16 53 34 81 17 2 5 89 34 77 11 10 86 74 27 10 14 53 14 19 50 42 18 20 17 86 50 24 24 85 70 40 89 55 20 5 57 76 93 42 52 55 4 90 29 82 51 42 34 64 60 35 58 29 54 26 66 55 49 90 39 71 29 27 25 100 83 33 75 75 27 79 30 82 68 10 63 18 3 49 82 14 83 39 43 37 64 8 91 64 97 82 86 77 60 11 76 43 95 3 17 73 81 98 54 100 7 17 17 61 65 50 75 99 40 17 87 55 76 78 19 25 11 56 1 70 18 29 64 13 31 81 85 63 30 91 62 89 7 30 49 23 80 23 21 71 91 8 26 67 37 96 43 99 51 84 87 11 14 82 35 80 66 37 89 51 8 47 54 7 88 45 48 96 38 91 66 61 27 14 9 98 60 12 9 77 3 12 87 68 45 74 48 62 10 36 64 69 82 18 27 22 14 74 17 51 64 83 11 43 48 71 40 59 82 100 36 36 12 74 3 8 47 50 70 8 37 33 29 19 50 55 40 15 81 8 65 96 90 27 38 89 97 29 48 30 29 35 65 92 8 68 51 7 69 20 66 6 5 94 76 6 1 15 21 33 74 37 28 64 64 18 4 60 46 51 90 26 85 6 69 45 25 20 3 94 91 68 99 47 14 74 5 14 40 25 46 13 61 25 28 76 42 32 88 88 34 29 65 71 34 86 67 59 57 69 4 99 88 2 46 1 27 50 66 18 26 63 30 38 88 10 14 29 93 1 68 78 29 33 48 62 70 66 72 26 34 75 24 74 28 21 74 54 70 92 71 47 54 53 85 41 14 98 70 6 98 37 83 78 21 83 39 90 48 63 15 34 37 91 7 65 11 32 70 33 23 41 31 77 45 15 17 58 64 38 15 61 75 49 38 47 31 29 37 79 91 3 64 79 45 70 43 8 1 13 92 76 5 22 52 1 37 20 58 100 10 24 13 84 72 2 30 3 82 18 33 72 73 96 3 17 17 45 24 69 9 15 44 65 37 47 65 25 19 74 76 36 87
0 20 16
0 74 52
0 82 43
0 93 53
0 124 75
0 127 42
0 130 63
0 136 41
0 139 39
0 154 71
0 155 67
0 161 76
0 164 91
0 253 16
0 270 72
0 293 54
1 19 46
1 42 29
1 44 32
1 66 23
1 78 2
1 86 36
1 103 5
1 104 47
1 107 41
1 123 99
1 163 57
1 245 21
1 246 40
1 258 74
1 271 95
2 24 8
2 33 25
2 54 89
2 72 12
2 87 52
2 92 30
2 98 26
2 128 92
2 140 21
2 156 96
2 174 10
2 178 96
2 232 87
2 247 25
2 255 19
2 284 92
3 14 23
3 38 47
3 55 75
3 62 45
3 87 48
3 109 10
3 112 1
3 116 46
3 118 51
3 123 99
3 132 3
3 141 23
3 161 91
3 175 76
3 178 17
3 182 50
3 193 1
3 205 5
3 206 61
3 222 4
3 248 86
3 274 38
4 21 47
4 47 58
4 52 86
4 62 56
4 73 5
4 102 72
4 122 33
4 158 24
4 176 15
4 180 7
4 184 22
4 203 89
4 205 3
4 209 70
4 263 98
5 10 3
5 41 15
5 51 100
5 97 53
5 105 17
5 135 22
5 145 95
5 168 45
5 170 90
5 175 44
5 222 97
5 255 46
5 266 56
5 290 100
6 11 84
6 37 94
6 51 46
6 53 41
6 60 79
6 83 53
6 106 46
6 112 2
6 127 85
6 130 21
6 184 16
6 205 43
6 274 42
6 275 56
7 20 45
7 34 11
7 57 5
7 67 99
7 73 78
7 89 5
7 98 4
7 100 46
7 137 78
7 148 98
7 181 90
7 186 20
7 198 42
7 203 86
7 224 65
7 244 97
7 248 37
7 267 48
7 293 42
8 29 82
8 53 41
8 90 72
8 124 35
8 128 86
8 145 73
8 169 71
8 170 6
8 214 40
8 238 14
8 249 99
8 264 95
8 272 58
9 11 62
9 25 100
9 37 9
9 38 39
9 42 56
9 67 12
9 122 36
9 132 33
9 137 9
9 162 26
9 191 52
9 261 2
9 284 63
10 14 69
10 24 99
10 35 100
10 42 68
10 79 92
10 130 33
10 134 8
10 154 64
10 157 67
10 170 45
10 200 88
10 212 38
10 215 2
10 223 28
10 238 51
10 251 1
11 33 22
11 40 60
11 45 62
11 118 73
11 132 20
11 141 52
11 149 28
11 191 31
11 208 87
11 209 61
11 255 40
11 272 64
11 276 64
11 277 93
11 279 79
12 18 32
12 34 43
12 38 78
12 65 100
12 70 35
12 86 10
12 96 59
12 98 50
12 155 29
12 163 4
12 168 37
12 170 66
12 189 5
12 192 64
12 235 68
12 241 57
12 263 86
12 274 79
12 275 18
13 21 10
13 23 99
13 30 69
13 57 38
13 95 81
13 107 8
13 138 98
13 145 72
13 148 71
13 149 13
13 152 65
13 154 49
13 157 45
13 166 7
13 171 78
13 183 96
13 187 41
13 203 40
13 209 54
13 219 90
13 225 20
13 265 57
14 61 27
14 67 37
14 86 14
14 105 42
14 107 4
14 122 70
14 162 79
14 181 34
14 225 40
14 233 89
14 242 32
14 246 8
14 276 26
15 22 13
15 43 67
15 45 75
15 112 36
15 116 38
15 124 87
15 125 100
15 170 38
15 172 31
15 177 7
15 195 68
15 197 78
15 198 99
15 200 59
15 226 32
15 254 89
15 279 78
15 294 88
15 297 67
16 20 14
16 36 1
16 38 8
16 110 69
16 230 23
16 237 39
16 290 2
16 292 62
17 49 27
17 57 86
17 60 21
17 90 52
17 94 50
17 119 88
17 124 78
17 172 85
17 184 77
17 206 64
17 211 85
17 260 14
17 286 47
17 295 91
18 22 33
18 92 24
18 106 89
18 129 91
18 133 55
18 134 29
18 135 68
18 169 95
18 172 47
18 189 33
18 199 47
18 237 7
18 246 1
18 263 69
18 284 45
19 110 3
19 160 82
19 174 71
19 194 40
19 199 3
19 206 74
19 210 89
19 226 90
19 234 51
19 262 73
19 267 66
19 297 14
20 25 9
20 173 31
20 179 12
20 197 51
20 199 16
20 207 36
20 249 92
20 292 6
20 295 42
21 23 20
21 37 26
21 52 88
21 59 19
21 82 58
21 85 35
21 90 25
21 103 59
21 121 55
21 148 69
21 161 13
21 167 37
21 173 91
21 176 52
21 209 91
21 234 64
21 280 92
21 282 80
22 29 14
22 30 16
22 62 97
22 64 79
22 66 25
22 102 79
22 110 91
22 160 27
22 165 94
22 168 78
22 182 18
22 232 52
22 256 71
23 32 90
23 33 29
23 34 59
23 132 8
23 137 86
23 143 45
23 176 84
23 182 96
23 195 51
23 196 52
23 237 60
23 263 87
23 276 42
23 285 63
24 43 29
24 44 5
24 106 54
24 175 8
24 256 70
24 286 22
25 54 56
25 72 48
25 85 46
25 103 35
25 111 90
25 116 72
25 136 80
25 166 67
25 170 42
25 187 31
25 194 38
25 195 31
25 210 59
25 212 48
25 274 90
25 276 97
26 65 92
26 77 73
26 139 44
26 158 42
26 161 24
26 165 4
26 166 81
26 193 17
26 223 18
26 239 9
26 262 73
26 282 72
27 43 69
27 50 42
27 55 93
27 85 76
27 104 41
27 115 90
27 127 10
27 210 31
27 217 13
27 227 42
27 253 49
27 255 54
27 260 24
27 277 38
27 278 36
27 284 35
27 294 85
27 298 25
28 45 31
28 73 28
28 78 49
28 117 26
28 124 22
28 164 24
28 177 81
28 192 54
28 221 40
28 223 99
28 244 14
28 250 64
28 255 22
28 271 34
28 299 5
29 57 66
29 92 10
29 108 98
29 141 55
29 154 71
29 208 80
29 234 19
29 236 12
29 252 28
29 254 25
29 259 36
29 283 18
30 33 12
30 36 70
30 48 54
30 73 89
30 121 52
30 131 82
30 145 37
30 153 77
30 179 55
30 207 61
30 222 58
30 227 60
30 237 52
30 282 56
30 296 73
31 41 16
31 52 77
31 57 7
31 69 72
31 112 42
31 113 68
31 122 21
31 152 48
31 161 38
31 212 100
31 236 18
31 237 50
31 242 80
31 263 42
31 286 85
32 75 97
32 84 54
32 101 6
32 107 50
32 117 42
32 121 57
32 157 83
32 187 30
32 190 33
32 191 89
32 228 42
32 230 42
32 241 48
32 252 94
32 265 49
32 286 21
33 35 61
33 116 25
33 147 79
33 157 32
33 198 18
33 202 46
33 215 53
33 254 17
33 258 83
33 285 4
34 38 35
34 53 84
34 66 83
34 69 28
34 82 20
34 95 31
34 120 33
34 126 25
34 131 81
34 242 26
34 268 81
35 80 15
35 98 56
35 104 66
35 119 4
35 129 97
35 136 59
35 144 51
35 146 42
35 155 8
35 189 23
35 212 2
35 221 84
35 224 53
35 235 86
35 248 2
35 252 98
35 258 90
35 262 70
35 272 33
36 42 93
36 67 4
36 100 68
36 128 76
36 156 84
36 175 88
36 191 6
36 198 16
36 213 12
36 215 38
36 234 42
36 241 45
36 250 5
36 270 49
36 272 62
36 273 8
36 289 97
37 64 20
37 114 10
37 139 39
37 141 79
37 161 33
37 172 92
37 260 63
37 266 85
38 76 77
38 107 64
38 126 35
38 135 66
38 169 33
38 181 19
38 204 59
38 228 89
38 264 86
38 277 86
39 52 72
39 61 73
39 82 43
39 95 39
39 127 37
39 132 33
39 209 80
39 287 33
40 90 37
40 157 80
40 183 94
40 188 96
40 191 77
40 209 65
40 215 5
40 247 67
40 283 44
40 289 89
41 92 58
41 118 6
41 135 26
41 171 35
41 189 21
41 191 60
41 194 52
41 196 5
41 206 30
41 216 62
41 260 93
42 53 15
42 101 99
42 113 16
42 131 40
42 154 94
42 186 55
42 187 28
42 274 26
42 285 86
42 289 60
43 52 14
43 76 18
43 77 5
43 80 9
43 85 46
43 96 21
43 119 65
43 120 12
43 190 16
43 203 54
43 210 69
43 242 73
43 249 79
43 263 55
43 290 93
44 62 90
44 63 59
44 97 50
44 123 19
44 147 20
44 174 94
44 185 85
44 189 19
44 237 10
44 282 76
44 294 12
44 296 16
45 60 3
45 108 89
45 133 53
45 139 14
45 141 2
45 213 70
46 56 70
46 62 62
46 84 15
46 96 43
46 99 26
46 100 78
46 117 58
46 142 79
46 182 47
46 212 31
46 238 9
46 246 53
46 268 75
46 291 98
47 81 11
47 110 24
47 130 68
47 147 83
47 149 70
47 154 5
47 162 1
47 179 31
47 180 80
47 191 64
47 198 46
47 268 35
47 273 4
47 295 50
48 50 100
48 99 5
48 171 72
48 186 70
48 187 66
48 197 86
48 215 12
48 234 43
48 244 16
48 245 21
48 256 74
48 267 14
48 293 3
49 60 82
49 142 66
49 146 30
49 161 32
49 166 29
49 177 5
49 241 99
49 254 11
49 265 74
49 281 3
49 297 63
50 58 4
50 59 35
50 95 26
50 101 1
50 102 69
50 108 81
50 122 51
50 126 68
50 144 85
50 150 22
50 161 89
50 175 2
50 202 59
50 210 52
50 232 44
50 238 74
50 245 25
50 246 17
50 264 87
50 265 27
50 270 51
50 271 5
50 286 56
50 287 82
51 67 33
51 74 61
51 174 32
51 184 43
51 195 34
51 215 87
51 220 57
51 242 90
51 270 21
51 282 34
51 291 90
52 55 41
52 161 14
52 168 40
52 172 60
52 176 98
52 181 61
52 215 49
52 227 51
52 262 72
52 286 52
52 291 94
53 56 45
53 66 76
53 74 63
53 76 84
53 117 55
53 234 13
53 276 88
53 291 10
54 55 94
54 61 72
54 82 22
54 166 77
54 168 66
54 206 8
54 209 63
54 239 22
54 273 97
55 83 35
55 100 55
55 135 86
55 136 75
55 148 68
55 186 26
55 195 87
55 196 17
55 248 38
55 255 87
55 270 67
55 277 61
56 58 38
56 90 12
56 92 58
56 102 66
56 117 74
56 123 41
56 124 20
56 142 38
56 189 80
56 191 29
56 210 83
56 221 51
56 264 3
56 271 60
56 284 16
56 294 10
56 298 74
57 60 37
57 65 6
57 78 9
57 88 43
57 105 91
57 178 35
57 210 10
57 221 68
57 228 21
57 285 78
58 126 6
58 158 7
58 206 44
58 217 66
58 219 97
58 226 55
58 228 23
58 245 62
58 261 81
58 296 15
59 87 81
59 89 18
59 156 94
59 188 61
59 197 53
59 227 96
59 233 63
59 235 12
59 268 11
59 273 24
59 283 85
59 287 99
59 291 29
59 295 45
60 83 41
60 103 20
60 118 80
60 123 2
60 156 39
60 176 52
60 224 79
60 240 44
60 245 11
60 250 74
60 267 62
60 276 7
60 282 81
60 286 36
60 290 68
60 293 61
61 62 3
61 104 100
61 133 30
61 138 48
61 150 60
61 158 82
61 196 44
61 204 75
61 235 45
61 241 6
61 245 98
61 262 82
61 265 5
61 294 79
62 80 26
62 101 97
62 115 50
62 130 57
62 140 51
62 166 88
62 178 61
62 209 81
62 217 84
62 253 71
63 72 55
63 88 97
63 89 77
63 100 35
63 139 32
63 179 96
63 186 47
63 193 86
63 200 95
63 202 76
63 211 34
63 237 6
64 66 10
64 80 77
64 88 80
64 101 6
64 107 82
64 147 30
64 164 87
64 171 38
64 202 60
64 219 65
64 234 87
64 277 9
65 105 73
65 122 37
65 129 96
65 133 33
65 158 69
65 201 31
65 211 3
65 213 23
65 223 27
65 251 31
65 252 57
65 259 11
65 283 26
65 298 3
66 73 96
66 150 20
66 155 31
66 171 29
66 188 26
66 233 92
67 83 57
67 122 57
67 127 49
67 160 39
67 162 38
67 193 88
67 239 28
67 254 97
67 295 52
68 90 66
68 91 57
68 93 76
68 94 54
68 104 5
68 126 9
68 187 23
68 205 35
68 215 63
68 257 45
68 258 62
68 283 94
69 122 54
69 125 24
69 127 19
69 155 8
69 192 19
69 209 91
69 255 90
69 259 100
69 275 68
70 95 81
70 105 56
70 107 76
70 120 82
70 134 46
70 138 14
70 148 69
70 171 26
70 236 62
70 250 72
70 265 91
71 77 19
71 92 47
71 97 45
71 105 23
71 150 7
71 154 67
71 170 9
71 190 70
71 202 63
71 203 70
71 206 63
71 232 16
71 240 93
72 79 33
72 98 24
72 152 64
72 154 23
72 176 13
72 178 63
72 180 90
72 209 46
72 228 70
72 277 18
72 288 27
72 292 16
73 74 31
73 85 95
73 163 41
73 208 44
73 259 66
73 264 83
73 273 14
73 294 64
74 120 27
74 149 88
74 164 71
74 190 45
74 198 97
74 212 40
74 223 8
74 228 18
74 247 54
74 254 23
74 258 63
75 131 86
75 133 98
75 138 26
75 169 61
75 193 63
75 213 40
75 283 50
76 86 8
76 106 9
76 109 67
76 119 34
76 145 76
76 154 49
76 206 80
76 214 68
76 277 45
77 78 97
77 110 51
77 115 10
77 145 60
77 150 29
77 184 98
77 203 30
77 205 74
77 228 46
77 239 69
77 249 33
77 271 63
77 278 22
77 298 7
78 92 25
78 113 60
78 206 5
78 257 2
79 81 20
79 85 67
79 95 93
79 108 69
79 133 26
79 134 2
79 189 88
79 202 11
79 208 29
79 214 88
79 228 90
79 248 49
79 265 84
79 267 86
79 268 99
79 290 94
80 134 45
80 135 79
80 150 91
80 194 27
80 207 4
80 266 36
80 297 95
81 89 36
81 95 50
81 98 69
81 122 43
81 133 27
81 185 28
81 208 99
81 221 28
81 237 47
81 240 17
81 251 73
81 259 67
81 278 94
81 281 26
81 294 6
82 101 4
82 102 54
82 118 46
82 137 93
82 147 2
82 156 29
82 180 30
82 181 52
82 189 22
82 191 26
82 218 83
82 270 12
83 154 52
83 164 86
83 191 99
83 193 99
83 213 22
83 223 49
83 241 67
83 260 16
83 295 27
84 94 46
84 119 66
84 156 6
84 173 92
84 196 34
84 234 78
84 247 10
84 284 27
84 299 3
85 91 16
85 115 30
85 118 9
85 134 61
85 212 74
85 254 62
85 276 89
85 284 55
85 290 66
86 88 63
86 105 80
86 123 48
86 125 26
86 128 84
86 130 33
86 137 25
86 143 82
86 154 6
86 174 25
86 188 100
86 219 73
86 242 51
86 258 45
86 276 38
87 108 8
87 125 88
87 131 23
87 137 86
87 202 97
87 231 49
87 286 40
87 298 64
88 90 30
88 98 48
88 112 76
88 115 3
88 123 10
88 172 17
88 178 57
88 194 75
88 206 79
88 210 89
88 219 22
88 230 4
88 280 72
89 92 6
89 95 80
89 107 5
89 125 12
89 143 4
89 192 4
89 207 84
89 210 6
89 215 100
89 235 74
89 298 14
90 93 87
90 105 96
90 117 51
90 135 35
90 167 97
90 178 90
90 199 99
90 252 26
90 253 90
90 254 26
90 259 81
90 278 99
90 291 42
90 295 89
91 111 25
91 140 72
91 146 77
91 148 98
91 185 28
92 98 100
92 108 55
92 115 7
92 139 4
92 141 66
92 167 63
92 181 59
92 182 2
92 184 20
92 185 58
92 213 27
92 220 33
92 228 96
92 261 22
92 271 35
92 299 31
93 150 70
93 175 25
93 187 81
93 196 96
93 277 14
94 112 6
94 120 76
94 142 64
94 171 100
94 190 16
94 237 40
94 268 23
94 276 93
94 279 89
94 280 50
94 293 44
95 112 43
95 115 9
95 131 100
95 204 61
95 218 71
95 231 58
95 236 62
95 287 42
96 130 68
96 142 88
96 175 27
96 208 63
96 245 61
96 257 61
96 268 93
96 278 31
96 283 37
96 291 25
96 292 78
96 294 2
97 98 83
97 99 5
97 154 17
97 158 34
97 169 20
97 186 56
97 220 56
97 254 64
97 256 96
97 295 58
98 128 8
98 140 39
98 143 18
98 147 7
98 189 99
98 212 40
98 234 16
98 259 12
98 263 81
98 272 35
98 289 51
99 105 7
99 163 98
99 166 11
99 206 68
99 234 42
99 257 93
99 266 56
99 267 67
99 276 70
100 114 58
100 121 49
100 229 74
100 289 26
100 292 82
100 293 46
101 112 34
101 146 89
101 151 9
101 159 29
101 169 46
101 244 16
101 271 67
101 281 63
102 148 74
102 178 17
102 191 54
102 209 42
102 220 28
102 222 35
102 226 76
102 238 78
102 280 41
103 104 73
103 129 41
103 135 60
103 139 67
103 144 85
103 148 16
103 154 33
103 164 55
103 232 25
103 240 33
103 270 80
103 283 50
103 292 66
104 124 25
104 133 83
104 148 54
104 165 34
104 232 64
104 244 52
104 250 1
104 254 30
104 258 66
104 260 27
105 120 99
105 134 20
105 147 68
105 165 78
105 181 54
105 249 95
105 254 56
105 288 46
105 290 20
106 114 48
106 155 6
106 180 86
106 189 32
106 193 73
106 213 70
106 232 38
106 260 49
107 130 2
107 143 70
107 155 50
107 244 67
107 258 94
107 261 85
107 269 20
107 295 79
108 149 48
108 168 23
108 172 32
108 178 77
108 182 89
108 184 58
108 204 27
108 208 8
108 223 77
108 229 5
108 248 13
109 120 71
109 123 12
109 129 58
109 152 90
109 174 11
109 176 15
109 199 27
109 217 42
109 274 39
110 134 96
110 166 32
110 167 87
110 171 97
110 178 1
110 220 89
110 268 63
110 283 46
111 116 73
111 150 35
111 156 25
111 184 20
111 185 57
111 188 8
111 267 48
111 296 97
112 113 65
112 133 75
112 137 56
112 152 93
112 260 79
112 266 68
112 273 63
112 274 42
112 277 78
112 284 5
112 287 52
112 294 92
112 298 31
113 122 45
113 140 31
113 216 27
113 225 76
113 230 69
113 235 75
113 247 76
113 248 57
113 290 38
113 293 74
114 150 29
114 174 24
114 177 50
114 201 100
114 205 32
114 232 57
114 242 48
114 267 29
114 275 73
114 277 22
114 288 36
115 121 65
115 134 52
115 148 4
115 150 27
115 151 45
115 161 81
115 164 83
115 176 96
115 222 24
115 240 14
115 258 40
115 269 6
115 271 92
116 159 68
116 163 27
116 174 66
116 179 95
116 183 83
116 199 55
116 212 68
116 218 64
116 251 78
116 277 17
116 292 63
116 294 62
117 176 25
117 183 62
117 190 42
117 193 97
117 195 35
117 225 77
117 263 61
117 266 38
117 286 32
117 292 40
118 121 82
118 130 64
118 170 22
118 177 29
118 189 40
118 199 35
118 205 69
118 222 45
118 270 78
118 280 88
119 151 71
119 166 44
119 199 82
119 242 6
119 273 98
119 279 50
119 281 21
119 298 28
120 183 18
120 185 35
120 186 41
120 230 43
120 236 97
120 253 34
120 262 39
120 281 31
120 289 10
121 126 100
121 146 69
121 148 94
121 153 39
121 195 2
121 205 9
121 206 12
121 229 31
121 232 48
121 250 99
121 277 51
121 281 45
121 295 76
121 299 38
122 151 15
122 160 71
122 171 19
122 259 72
122 284 21
123 150 20
123 196 44
123 200 100
123 221 90
123 226 79
123 237 40
123 254 32
123 262 27
124 130 73
124 131 22
124 137 9
124 145 34
124 181 73
124 211 29
124 216 79
124 236 63
124 266 31
124 272 88
124 291 75
124 293 61
125 152 35
125 162 73
125 174 63
125 176 79
125 209 100
125 240 100
125 249 46
125 253 71
125 270 70
125 282 69
125 288 91
125 293 42
126 133 13
126 135 90
126 137 31
126 180 43
126 199 81
126 207 14
126 228 69
127 147 5
127 154 87
127 160 29
127 192 90
127 233 60
127 264 58
127 269 69
127 287 74
127 296 88
128 140 56
128 162 48
128 168 100
128 182 42
128 183 72
128 210 62
128 233 73
128 259 24
129 130 61
129 132 18
129 146 94
129 149 82
129 150 38
129 154 36
129 160 23
129 177 50
129 190 77
129 198 5
129 235 44
129 237 57
129 260 18
129 279 64
129 299 13
130 140 5
130 147 93
130 162 2
130 190 16
130 222 50
130 227 70
130 231 89
130 236 37
130 239 77
130 257 89
130 297 88
131 132 71
131 165 60
131 209 49
131 229 43
131 289 35
132 133 61
132 134 60
132 179 28
132 181 42
132 196 97
132 204 15
132 211 17
132 217 99
132 251 91
132 289 73
132 290 94
133 141 99
133 150 43
133 152 10
133 181 11
133 229 99
133 234 2
133 248 13
133 279 14
133 297 3
134 137 34
134 139 54
134 143 39
134 177 63
134 204 42
134 261 26
134 269 33
135 152 54
135 153 26
135 164 75
135 172 88
135 186 86
135 187 86
135 200 68
135 228 79
135 238 34
135 288 82
135 293 47
135 294 84
136 260 73
136 261 20
136 278 78
137 156 71
137 184 62
137 219 87
137 225 34
137 261 60
137 264 40
137 265 46
137 277 25
137 280 42
137 281 31
138 242 78
138 290 32
138 298 93
139 177 20
139 191 9
139 210 25
139 211 73
139 218 34
139 242 51
139 248 12
139 289 71
140 144 36
140 150 79
140 151 49
140 152 70
140 177 61
140 235 48
140 242 53
140 271 33
140 274 67
140 285 30
141 148 55
141 152 80
141 172 68
141 207 40
141 220 39
141 233 7
141 252 37
141 291 63
142 145 48
142 148 68
142 199 40
142 203 79
142 207 12
142 240 11
142 244 87
142 246 89
142 262 35
142 273 72
142 277 39
143 167 47
143 171 42
143 189 75
143 235 25
143 245 43
143 261 44
143 280 85
144 147 90
144 169 48
144 173 69
144 185 8
144 219 30
144 222 76
144 235 87
144 269 97
144 286 15
145 146 25
145 152 56
145 175 52
145 177 39
145 203 3
145 236 71
145 255 78
146 203 34
146 252 82
146 262 41
146 272 72
146 292 70
147 173 75
147 189 44
147 209 9
147 216 21
147 217 85
147 226 35
147 239 46
147 274 79
147 277 30
147 278 82
148 179 68
148 271 77
149 186 3
149 188 75
149 199 6
149 205 78
149 208 61
149 244 55
149 263 44
149 292 37
149 294 10
149 296 47
150 198 75
150 209 64
150 232 17
150 237 5
150 251 49
150 270 99
150 289 97
151 157 21
151 162 20
151 163 71
151 164 16
151 171 80
151 177 92
151 254 52
152 167 14
152 171 89
152 197 31
152 233 43
152 237 70
152 257 98
152 279 72
152 284 72
153 156 25
153 186 77
153 188 1
153 235 37
153 247 83
153 266 97
154 163 74
154 167 44
154 176 43
154 188 100
154 218 8
154 278 60
154 292 56
155 168 56
155 220 10
155 278 52
156 217 28
156 222 29
156 229 23
156 231 43
156 235 61
157 160 66
157 173 95
157 179 74
157 208 54
157 216 25
157 224 69
157 283 75
157 288 74
157 290 40
157 297 99
158 159 50
158 221 68
158 230 51
158 240 87
158 246 51
158 256 47
158 267 12
158 283 94
158 285 90
159 167 63
159 168 53
159 169 1
159 176 19
159 192 61
159 222 10
159 244 22
159 246 88
159 267 90
159 291 96
160 209 83
160 212 50
160 222 61
160 258 29
160 268 76
160 293 66
161 220 5
161 237 44
161 240 41
161 241 30
162 166 35
162 184 91
162 200 80
162 216 54
162 220 41
162 227 18
162 284 56
162 287 88
163 170 29
163 180 50
163 195 29
163 200 91
163 201 54
163 212 29
163 214 61
163 233 14
163 240 90
163 251 83
163 286 54
164 174 79
164 200 30
164 211 88
164 263 81
164 286 91
164 287 16
164 293 8
165 176 8
165 181 20
165 186 51
165 192 100
165 201 49
165 202 37
165 203 90
165 210 80
165 214 90
165 217 83
165 237 97
165 246 46
165 267 22
165 269 77
165 273 47
166 167 50
166 195 20
166 207 100
166 208 30
166 228 80
166 229 66
166 232 19
166 256 14
166 274 71
167 168 97
167 187 44
167 190 58
167 210 29
167 220 86
167 225 25
167 267 36
167 293 93
168 197 96
168 218 38
168 222 93
168 233 96
168 237 74
168 243 82
168 260 76
168 265 16
168 290 16
168 295 24
169 175 13
169 186 37
169 195 1
169 202 59
169 214 86
169 223 20
169 237 10
169 260 15
169 267 99
169 272 27
169 282 85
169 296 65
170 179 97
170 187 34
170 194 60
170 210 6
170 216 62
170 221 45
170 234 82
170 241 50
170 244 37
170 251 77
170 253 87
170 264 81
170 271 73
171 174 13
171 195 15
171 223 48
171 241 28
171 245 30
171 275 71
171 289 92
171 292 67
172 181 23
172 204 50
172 251 4
173 201 42
173 221 11
173 238 19
173 246 93
173 297 38
174 187 55
174 190 57
174 197 86
174 210 88
174 236 16
174 239 44
174 241 50
174 242 12
174 245 25
174 255 99
175 188 100
175 254 2
175 266 37
176 202 81
176 244 26
176 280 49
176 293 95
177 178 25
177 211 28
177 231 76
177 266 47
178 179 19
178 196 42
178 204 70
178 208 20
178 241 46
178 243 11
178 280 31
179 207 16
179 223 3
179 248 20
179 257 70
179 288 11
179 298 57
180 234 58
180 278 78
180 292 100
181 182 59
181 218 89
181 227 77
181 273 9
182 186 89
182 220 30
182 260 45
182 283 21
182 293 55
183 205 46
183 253 67
184 232 79
184 236 73
184 253 42
184 256 25
184 286 44
185 211 36
185 227 94
185 233 63
185 241 33
185 253 57
185 266 45
185 286 100
185 291 11
186 198 64
186 224 21
187 221 22
187 237 73
187 249 30
187 252 51
187 280 72
188 194 88
188 199 40
188 253 100
188 257 96
188 265 80
188 298 29
189 288 93
190 197 52
190 225 83
190 232 38
190 233 70
190 249 13
190 286 10
191 193 11
191 274 90
191 289 5
192 206 98
192 218 35
192 229 68
192 243 30
192 256 91
192 263 64
192 269 81
192 270 54
192 273 80
192 297 2
193 223 75
193 234 52
193 252 31
193 254 77
193 270 75
193 282 71
193 289 68
194 207 75
194 211 66
194 230 47
194 250 3
194 280 58
195 199 50
195 224 38
195 259 47
195 260 19
195 282 2
196 230 57
196 237 82
196 277 91
196 284 61
197 211 31
197 219 26
197 246 80
197 293 61
197 297 68
198 202 44
198 246 93
198 248 21
198 251 75
198 274 94
198 281 47
198 296 26
198 299 77
199 296 24
200 278 100
201 206 47
202 223 91
202 236 26
202 258 12
202 280 90
203 207 81
203 226 22
203 227 91
203 231 70
203 232 68
203 254 62
203 270 71
203 271 76
203 277 43
203 281 14
203 291 89
204 223 73
204 229 91
204 236 20
204 272 85
204 280 58
204 290 15
205 223 30
205 233 31
205 240 89
205 245 23
206 244 29
206 253 66
206 287 99
207 266 4
208 234 66
208 249 45
208 260 47
209 214 91
209 226 9
209 232 88
209 260 23
209 290 82
210 227 78
210 243 92
210 259 1
210 274 39
211 234 63
211 283 29
211 285 33
211 290 76
211 293 69
211 296 58
212 218 18
212 256 88
212 279 94
213 263 27
214 239 55
214 254 23
214 264 57
214 281 95
215 238 46
215 277 38
215 290 61
216 255 96
216 281 41
216 296 78
217 219 93
217 257 39
217 264 68
217 283 1
218 286 26
218 298 91
219 230 34
219 232 56
219 245 82
219 251 34
219 252 46
220 241 96
220 250 14
220 256 31
220 283 23
220 292 82
222 253 88
222 259 40
222 261 22
222 280 81
223 232 67
223 248 76
223 253 56
223 261 75
223 280 70
223 293 53
224 250 12
224 282 82
226 252 48
226 254 5
226 276 59
227 232 40
227 238 95
227 273 79
227 295 92
228 249 21
229 262 69
230 233 77
230 251 76
230 299 2
231 242 11
231 260 73
231 267 50
231 268 24
231 280 3
232 233 72
232 236 58
232 252 90
232 270 64
232 279 79
232 282 23
232 283 82
232 284 6
232 289 78
232 297 56
233 234 75
233 249 82
233 263 20
233 267 57
233 287 29
234 247 76
234 257 15
234 261 21
234 299 70
235 243 93
235 245 64
235 254 42
236 264 13
236 282 41
236 289 69
237 269 67
238 266 3
238 271 42
238 281 68
239 242 78
239 247 44
239 257 91
239 259 35
239 282 86
240 294 54
241 243 13
241 269 60
241 270 35
241 289 18
242 260 89
243 251 43
243 264 45
244 247 70
244 252 62
244 282 53
244 292 98
245 258 89
245 293 19
245 294 70
246 255 58
246 259 64
246 261 34
247 257 100
248 268 76
248 283 26
248 297 68
249 252 94
249 265 28
249 270 61
250 252 61
251 255 5
251 266 57
251 267 4
251 278 40
251 283 42
251 291 57
252 260 4
253 269 53
254 258 44
254 263 74
254 277 41
254 286 86
254 287 70
255 276 10
256 287 99
257 272 22
257 273 59
257 287 39
258 266 92
258 271 29
258 280 48
259 264 55
259 293 14
260 263 99
260 272 83
261 291 39
261 299 19
262 270 76
262 282 18
262 289 79
263 268 89
263 290 22
265 271 35
266 273 92
266 279 13
267 286 28
267 287 100
269 270 69
269 279 80
269 282 43
270 276 42
270 278 20
270 293 80
272 282 63
272 295 29
273 281 30
273 289 36
274 281 40
276 284 68
276 287 27
276 297 20
276 298 16
278 286 82
281 283 85
282 298 14
283 291 64
288 290 23
288 298 32
289 296 91
289 298 40
290 293 63
292 299 31
300 304 43
300 327 20
300 328 19
300 336 23
300 419 34
300 426 33
300 444 3
300 459 16
300 502 19
300 507 15
300 522 45
300 542 9
300 589 28
301 309 33
301 350 17
301 390 8
301 399 34
301 407 41
301 413 39
301 432 6
301 441 14
301 448 9
301 449 49
301 454 23
301 477 36
301 504 17
301 544 9
301 590 31
302 303 9
302 342 9
302 361 34
302 363 3
302 419 28
302 444 4
302 454 26
302 463 11
302 464 36
302 483 30
302 498 26
302 510 6
302 516 47
302 519 23
302 528 15
302 579 24
303 354 5
303 358 33
303 367 33
303 383 40
303 399 24
303 416 21
303 433 48
303 460 37
303 489 30
303 510 46
303 523 9
303 529 15
303 546 14
304 314 19
304 355 48
304 365 24
304 382 27
304 447 33
304 451 26
304 465 6
304 481 36
304 517 3
304 532 19
304 558 21
304 560 33
304 575 46
305 306 28
305 376 29
305 395 18
305 401 42
305 402 4
305 418 25
305 423 25
305 427 37
305 439 14
305 459 50
305 465 7
305 483 11
305 518 36
305 540 38
305 543 8
305 544 46
305 546 5
306 326 21
306 373 14
306 390 4
306 444 44
306 481 42
306 503 36
306 562 22
306 595 47
307 319 21
307 320 24
307 345 17
307 346 43
307 365 6
307 386 13
307 419 20
307 557 36
307 559 30
307 562 14
307 599 40
308 332 6
308 337 38
308 382 28
308 412 20
308 419 39
308 452 36
308 469 32
308 499 24
308 534 26
308 535 42
308 573 19
308 587 30
309 312 12
309 317 34
309 318 35
309 340 8
309 376 25
309 389 20
309 397 29
309 438 23
309 442 42
309 454 4
309 494 40
309 501 34
309 509 10
309 530 4
310 384 5
310 390 47
310 391 35
310 419 18
310 523 38
310 532 41
310 539 7
310 575 15
310 586 12
311 312 45
311 319 1
311 344 45
311 366 20
311 371 28
311 379 36
311 382 38
311 389 7
311 402 50
311 468 23
311 482 41
311 487 9
311 533 47
311 554 12
312 329 37
312 332 22
312 333 3
312 344 40
312 368 13
312 393 38
312 455 1
312 527 16
312 591 42
313 331 50
313 342 2
313 420 12
313 457 37
313 463 44
313 464 18
313 471 2
313 490 5
313 496 15
313 497 4
313 500 2
313 531 34
313 555 31
313 594 39
314 334 24
314 344 39
314 356 38
314 364 46
314 366 31
314 369 46
314 373 45
314 400 42
314 420 34
314 432 16
314 450 46
314 496 26
314 507 30
314 518 33
314 550 28
314 551 47
314 585 26
315 326 27
315 348 48
315 365 37
315 375 16
315 377 42
315 419 5
315 420 19
315 425 48
315 436 21
315 459 22
315 481 1
315 502 4
315 519 4
315 523 40
315 524 27
315 543 44
316 356 29
316 365 25
316 385 24
316 413 25
316 425 19
316 438 17
316 507 10
316 593 36
317 320 14
317 331 35
317 338 17
317 393 48
317 400 15
317 411 13
317 447 23
317 479 43
317 485 12
317 493 10
317 504 8
317 528 5
317 529 16
317 546 26
317 576 5
318 359 38
318 366 49
318 367 5
318 385 41
318 397 2
318 401 46
318 504 20
318 512 47
318 519 25
318 546 46
318 565 22
318 569 1
318 580 14
319 320 40
319 327 10
319 364 1
319 395 3
319 400 47
319 409 19
319 469 2
319 512 11
319 533 31
319 561 25
319 563 3
319 576 44
319 579 36
319 585 13
320 340 49
320 376 3
320 397 38
320 438 5
320 445 40
320 465 37
320 488 9
320 524 32
320 543 40
320 544 5
320 550 1
320 567 37
320 597 31
321 328 48
321 348 10
321 402 31
321 417 11
321 437 50
321 442 40
321 448 13
321 500 4
321 514 36
321 519 31
321 526 6
321 532 48
321 543 13
321 544 30
322 326 3
322 363 9
322 364 17
322 365 15
322 372 9
322 374 19
322 395 4
322 442 13
322 456 10
322 460 40
322 468 23
322 507 41
322 515 30
322 527 27
322 539 44
322 549 18
322 557 9
322 559 41
322 567 27
322 568 39
323 386 4
323 404 28
323 408 29
323 412 18
323 431 32
323 440 16
323 464 1
323 498 39
323 503 16
323 521 13
323 534 18
323 570 18
323 582 21
323 593 36
323 596 34
324 344 31
324 351 6
324 352 37
324 370 43
324 389 15
324 439 29
324 488 16
324 555 5
324 588 10
324 589 44
325 335 50
325 341 27
325 366 3
325 417 41
325 437 5
325 475 41
325 493 44
325 500 35
325 521 21
325 543 11
325 551 16
325 560 39
325 563 11
325 591 6
326 342 4
326 350 26
326 395 23
326 401 23
326 402 48
326 403 10
326 450 6
326 525 29
326 597 15
327 347 44
327 365 23
327 381 29
327 398 22
327 424 38
327 440 35
327 456 31
327 520 32
327 524 35
327 570 9
327 595 36
327 597 25
328 330 16
328 331 26
328 342 20
328 344 50
328 345 47
328 358 32
328 364 17
328 387 37
328 396 45
328 408 22
328 416 40
328 440 22
328 445 46
328 446 12
328 452 21
328 454 5
328 472 19
328 503 1
328 504 21
328 529 12
328 572 24
328 598 49
329 336 36
329 337 11
329 347 33
329 394 18
329 438 44
329 446 19
329 469 27
329 476 29
329 478 45
329 489 44
329 516 5
329 520 14
329 534 43
329 562 3
330 346 48
330 348 11
330 353 39
330 359 44
330 386 34
330 407 30
330 411 15
330 420 29
330 434 41
330 448 35
330 456 35
330 462 11
330 467 36
330 477 5
330 499 24
330 523 9
330 529 5
330 557 9
330 570 21
330 571 39
331 339 27
331 353 15
331 355 8
331 414 5
331 417 43
331 423 4
331 443 48
331 444 49
331 457 20
331 514 40
331 546 1
332 354 17
332 367 2
332 380 41
332 407 10
332 444 35
332 478 20
332 480 26
332 520 15
332 540 12
332 542 12
332 544 1
332 545 22
332 557 49
332 587 5
332 593 46
332 599 9
333 340 11
333 358 4
333 380 30
333 395 49
333 413 32
333 434 44
333 436 8
333 457 36
333 479 38
333 485 14
333 488 33
333 528 37
333 544 33
333 564 24
333 572 39
333 574 49
333 596 27
334 345 30
334 387 10
334 399 11
334 406 49
334 413 37
334 420 25
334 443 11
334 454 48
334 467 25
334 482 34
334 486 47
334 543 31
334 559 29
335 354 7
335 365 43
335 377 35
335 392 36
335 420 44
335 428 16
335 432 31
335 434 1
335 441 2
335 495 19
335 507 16
335 509 36
335 549 7
335 559 48
335 577 12
335 590 45
336 348 48
336 362 38
336 363 24
336 368 7
336 377 49
336 379 25
336 389 45
336 426 25
336 446 37
336 450 43
336 465 2
336 469 20
336 493 41
336 526 34
336 544 1
336 550 47
336 560 27
336 594 35
337 344 35
337 365 20
337 391 50
337 416 17
337 439 22
337 441 3
337 442 35
337 447 38
337 449 41
337 452 41
337 456 37
337 527 2
337 583 38
338 351 35
338 381 39
338 403 11
338 425 41
338 447 39
338 453 35
338 456 38
338 556 16
338 559 23
338 581 30
339 343 19
339 355 43
339 359 22
339 382 2
339 386 43
339 400 20
339 419 30
339 428 29
339 430 6
339 471 1
339 489 28
339 494 23
339 529 25
339 535 33
339 539 9
339 548 14
339 561 23
339 562 2
339 593 50
340 359 26
340 363 39
340 377 34
340 385 14
340 390 49
340 396 27
340 411 5
340 437 36
340 461 14
340 465 20
340 511 8
340 516 45
340 520 38
340 549 2
340 563 18
341 364 41
341 372 46
341 373 37
341 386 21
341 406 24
341 407 43
341 413 23
341 416 4
341 420 17
341 431 47
341 436 38
341 442 25
341 454 10
341 464 10
341 466 26
341 482 10
341 484 37
341 506 14
341 559 45
341 584 50
342 344 15
342 403 21
342 407 6
342 443 2
342 448 36
342 457 27
342 486 9
342 519 30
342 520 14
342 530 13
342 535 47
342 545 7
342 565 8
342 569 36
342 582 29
343 393 34
343 401 30
343 402 1
343 411 37
343 433 46
343 522 48
343 564 24
343 568 22
343 581 9
343 588 35
344 393 48
344 400 20
344 409 21
344 412 13
344 471 17
344 500 22
344 537 29
344 574 39
344 578 28
345 371 30
345 397 25
345 410 4
345 420 39
345 423 6
345 465 20
345 477 3
345 500 5
345 550 26
345 558 10
345 564 42
345 584 4
345 588 43
345 594 21
346 407 6
346 428 31
346 468 18
346 472 5
346 481 4
346 493 39
346 506 14
346 516 40
346 553 38
346 586 35
346 593 10
347 387 1
347 408 1
347 413 34
347 429 29
347 437 40
347 450 11
347 551 11
347 553 16
347 559 16
347 584 1
347 588 21
348 353 35
348 443 3
348 463 27
348 466 12
348 495 14
348 512 18
348 514 17
348 521 7
348 537 38
348 538 23
348 545 39
349 369 5
349 421 29
349 427 43
349 430 46
349 472 44
349 502 34
349 508 33
349 517 29
349 519 44
349 522 35
349 536 31
349 539 27
349 591 16
350 375 22
350 379 39
350 425 26
350 453 37
350 485 4
350 522 26
350 591 8
350 595 41
351 359 30
351 363 34
351 364 4
351 369 43
351 387 4
351 404 21
351 412 49
351 429 41
351 440 45
351 457 38
351 463 48
351 487 23
351 529 32
351 535 45
351 542 17
351 545 15
351 548 27
351 551 47
351 575 10
351 580 14
351 581 27
352 357 38
352 359 29
352 404 49
352 410 26
352 462 6
352 463 35
352 468 32
352 495 33
352 530 44
352 544 24
352 564 12
352 580 30
353 360 27
353 374 4
353 377 33
353 383 47
353 406 5
353 417 25
353 421 43
353 498 44
353 503 24
353 523 16
353 544 27
353 582 18
354 355 34
354 411 43
354 439 47
354 451 30
354 493 3
354 529 10
354 531 8
354 535 42
354 591 40
355 357 8
355 383 20
355 402 45
355 447 43
355 453 1
355 465 27
355 472 38
355 504 26
355 520 38
355 542 19
355 563 2
356 414 43
356 449 3
356 455 1
356 463 47
356 470 28
356 473 43
356 476 40
356 495 3
356 577 8
356 595 16
357 365 23
357 396 43
357 405 9
357 471 19
357 492 22
357 514 13
357 522 30
357 584 32
357 592 4
358 366 19
358 398 39
358 416 23
358 447 13
358 483 33
358 484 25
358 536 41
358 559 21
358 571 2
358 573 30
358 582 41
358 593 4
359 385 22
359 389 44
359 481 4
359 491 21
359 527 23
359 534 48
359 548 10
359 559 27
359 561 6
359 571 28
359 599 49
360 387 50
360 434 38
360 439 17
360 444 24
360 475 2
360 479 46
360 499 5
360 519 5
360 533 14
360 550 43
361 372 30
361 405 28
361 500 26
361 520 6
361 529 20
361 549 48
361 584 8
361 598 1
362 367 38
362 432 13
362 454 23
362 486 33
362 526 16
362 549 43
362 558 5
362 584 15
362 597 4
362 599 32
363 393 22
363 403 33
363 448 32
363 476 22
363 511 22
363 517 49
363 534 45
363 567 23
363 571 46
363 582 49
364 366 30
364 377 12
364 391 41
364 405 9
364 446 39
364 466 18
364 468 16
364 525 11
364 531 15
364 539 25
364 557 11
364 585 5
364 587 37
364 589 35
364 590 37
365 473 4
365 488 29
365 495 44
365 527 19
365 559 35
365 587 27
365 590 40
366 411 17
366 438 8
366 447 11
366 452 39
366 461 8
366 480 5
366 501 11
366 517 4
366 518 5
366 522 40
366 536 15
366 541 48
366 594 50
367 382 5
367 384 15
367 392 18
367 402 17
367 416 32
367 424 42
367 426 28
367 435 38
367 456 29
367 494 14
367 520 26
367 526 32
367 540 43
367 544 21
367 574 50
367 575 27
367 585 47
368 396 42
368 426 45
368 440 7
368 466 2
368 477 35
368 510 16
368 512 9
368 554 48
368 559 21
368 581 15
369 375 37
369 386 35
369 390 12
369 392 39
369 422 42
369 423 27
369 506 6
369 525 8
369 528 10
369 530 47
369 535 37
369 557 47
369 582 27
370 407 1
370 416 22
370 438 9
370 442 43
370 474 43
370 488 10
370 508 21
370 509 41
370 527 1
370 539 17
370 541 49
370 545 5
370 593 2
370 594 17
371 374 15
371 391 49
371 417 37
371 439 29
371 451 37
371 471 22
371 489 41
371 517 25
371 542 15
371 548 19
371 563 32
371 598 22
372 378 30
372 388 31
372 393 9
372 405 26
372 462 7
372 534 9
372 547 49
372 548 15
372 556 3
372 584 43
373 387 27
373 421 25
373 464 34
373 467 29
373 476 41
373 477 34
373 493 33
373 501 42
373 502 50
373 515 49
373 547 40
373 554 37
373 587 30
374 375 27
374 384 10
374 396 20
374 403 3
374 418 24
374 419 40
374 455 37
374 496 45
374 517 21
374 554 17
374 564 5
374 575 46
375 400 23
375 422 15
375 469 46
375 495 40
375 506 19
375 519 39
375 541 16
375 543 43
375 582 24
375 587 46
375 589 36
376 398 7
376 422 31
376 423 29
376 447 7
376 469 29
376 515 19
376 519 45
376 525 8
376 532 47
376 558 4
376 569 29
377 382 1
377 398 29
377 402 20
377 409 37
377 416 23
377 423 40
377 430 3
377 449 28
377 481 37
377 491 28
377 514 44
377 550 33
377 588 17
378 392 13
378 401 23
378 413 34
378 453 7
378 486 46
378 502 29
378 541 42
378 546 2
379 390 9
379 413 21
379 417 10
379 418 40
379 423 41
379 426 6
379 457 49
379 471 39
379 514 9
379 538 28
379 555 39
379 569 37
379 582 49
379 587 28
380 382 12
380 387 41
380 393 32
380 400 41
380 437 27
380 443 11
380 457 34
380 468 11
380 473 29
380 495 48
380 507 33
380 510 12
380 513 5
380 524 30
380 528 43
380 531 46
380 570 34
380 591 3
380 599 18
381 394 45
381 444 44
381 454 8
381 489 1
381 509 43
381 511 48
381 533 11
381 543 22
382 405 39
382 407 50
382 470 20
382 475 16
382 485 13
382 507 10
382 526 49
382 536 3
382 580 39
383 437 10
383 455 38
383 467 49
383 484 38
383 487 36
383 508 34
383 516 2
383 530 42
383 538 15
383 547 46
383 550 39
383 562 48
383 593 48
383 597 7
384 543 43
384 592 42
385 395 16
385 400 43
385 401 34
385 419 16
385 425 5
385 438 7
385 460 4
385 465 4
385 479 26
385 488 21
385 493 16
385 510 38
385 515 21
385 516 20
386 398 26
386 411 30
386 435 10
386 464 26
386 465 20
386 485 47
386 488 9
386 506 23
386 515 38
386 520 24
386 534 18
386 541 26
386 569 23
386 580 17
386 582 34
386 590 15
387 399 10
387 400 2
387 402 9
387 407 45
387 415 17
387 417 14
387 457 1
387 460 22
387 474 19
387 516 27
387 532 42
387 555 37
388 417 16
388 420 12
388 435 6
388 477 41
388 489 44
388 493 15
388 494 16
388 497 15
388 508 11
388 590 27
389 392 37
389 415 50
389 446 2
389 448 6
389 450 28
389 476 24
389 485 24
389 520 11
390 439 41
390 460 34
390 483 14
390 511 1
390 523 28
390 526 32
390 546 14
390 560 29
391 443 3
391 471 35
391 484 7
391 498 44
391 521 21
391 539 22
391 579 8
391 593 28
392 437 14
392 456 3
392 461 45
392 511 31
392 537 17
393 401 5
393 407 9
393 413 5
393 424 7
393 452 10
393 479 12
393 497 34
393 499 36
393 506 35
393 513 46
393 517 28
393 538 18
394 398 10
394 406 28
394 444 46
394 446 41
394 466 44
394 538 26
394 568 46
394 570 28
394 573 34
395 413 41
395 426 50
395 444 7
395 458 48
395 472 27
395 508 20
395 522 2
395 523 21
395 526 2
396 417 18
396 420 28
396 425 11
396 531 24
396 542 34
396 573 22
396 583 35
397 409 19
397 410 9
397 437 22
397 442 14
397 474 36
397 488 39
397 494 25
397 498 14
397 538 36
397 544 18
397 572 9
397 577 13
397 584 13
397 585 36
398 416 48
398 455 3
398 458 35
398 473 4
398 500 3
398 516 13
398 533 25
398 580 4
398 585 34
399 401 27
399 413 24
399 442 13
399 446 39
399 451 47
399 468 46
399 490 12
399 510 34
399 516 16
399 548 21
399 551 7
399 557 29
399 568 8
399 580 45
399 591 6
399 599 23
400 402 33
400 405 23
400 434 31
400 464 47
400 488 37
400 500 16
400 503 45
400 507 39
400 532 2
400 539 48
400 597 43
401 436 15
401 437 25
401 439 47
401 448 50
401 459 3
401 547 20
401 566 12
401 584 41
401 587 18
401 589 9
401 594 2
402 408 3
402 416 26
402 438 24
402 466 9
402 493 4
402 495 32
402 508 6
402 572 11
402 574 4
402 587 38
402 590 33
402 596 35
403 438 36
403 461 19
403 474 2
403 479 30
403 495 10
403 519 4
403 520 30
403 524 2
403 528 20
403 536 4
403 558 48
403 571 21
403 593 6
404 430 19
404 434 34
404 457 48
404 464 37
404 470 44
404 480 1
404 575 39
404 596 19
405 451 25
405 462 48
405 469 24
405 498 8
405 514 3
405 561 35
405 571 13
405 592 42
405 597 17
406 412 49
406 429 27
406 435 38
406 436 1
406 470 9
406 483 47
406 500 6
406 511 38
406 559 50
407 427 27
407 439 43
407 444 48
407 505 49
407 516 50
407 521 18
407 526 32
407 528 47
407 538 4
407 542 25
407 556 47
407 582 45
407 597 45
408 458 23
408 472 44
408 478 18
408 487 32
408 492 48
408 499 4
408 519 45
408 524 41
408 530 23
408 532 43
408 551 19
408 562 10
408 586 45
409 464 27
409 482 8
409 525 2
409 544 16
409 549 7
409 561 28
409 575 10
409 598 6
410 461 26
410 464 9
410 486 24
410 498 9
410 516 5
410 520 29
410 583 35
411 440 4
411 449 25
411 461 29
411 496 26
411 518 18
411 583 49
412 456 10
412 458 15
412 467 4
412 488 4
412 558 7
412 582 26
412 583 48
413 422 26
413 435 37
413 447 45
413 455 2
413 459 46
413 485 46
413 489 20
413 528 5
413 539 26
413 581 29
414 442 12
414 444 3
414 465 38
414 570 37
414 580 12
414 581 44
414 588 16
415 419 48
415 435 49
415 539 42
415 546 29
415 578 27
415 582 10
416 470 27
416 489 36
416 495 26
416 531 32
416 539 39
416 547 33
416 556 8
416 591 38
416 594 8
417 432 46
417 440 32
417 528 11
417 547 42
417 564 30
417 586 30
418 424 46
418 431 5
418 447 11
418 460 7
418 464 9
418 498 50
418 505 46
418 533 20
418 543 45
418 558 11
419 428 20
419 477 44
419 481 2
419 497 48
419 551 20
419 561 13
419 586 26
419 589 5
419 599 41
420 429 7
420 448 45
420 458 23
420 473 16
420 487 32
420 501 32
420 513 12
420 523 16
420 540 44
420 546 5
420 584 47
421 441 26
421 504 50
421 521 1
421 540 36
421 563 8
421 574 11
421 585 37
421 597 5
422 425 31
422 440 31
422 468 15
422 481 2
422 511 24
422 517 19
422 521 49
422 532 43
422 537 33
422 547 24
422 548 47
422 551 23
422 568 30
422 585 43
423 431 47
423 504 48
423 510 27
423 511 30
423 544 9
423 548 42
423 567 24
423 585 13
424 425 38
424 456 49
424 524 14
424 529 40
424 553 36
424 565 23
424 594 50
425 432 22
425 435 28
425 448 32
425 478 2
425 495 44
425 500 33
425 532 28
425 565 14
425 577 31
426 437 20
426 440 47
426 472 6
426 490 19
426 492 21
426 506 38
426 515 11
426 535 20
426 582 35
427 463 37
427 568 49
427 588 43
427 597 30
428 462 22
428 523 7
428 548 19
428 564 22
428 576 22
428 594 8
428 596 9
429 446 44
429 469 10
429 491 32
429 492 23
429 525 43
429 547 34
429 559 17
429 563 26
430 450 13
430 455 32
430 486 8
430 490 32
430 491 28
430 495 16
430 507 2
430 553 1
431 438 3
431 522 13
431 530 20
431 575 37
432 464 1
432 475 18
432 513 31
432 532 31
432 537 42
432 578 37
432 580 49
432 594 15
433 450 8
433 458 9
433 478 26
433 509 3
433 516 20
433 536 7
433 541 26
433 549 12
433 589 42
434 471 44
434 472 39
434 480 4
434 488 25
434 491 47
434 499 36
434 528 5
434 533 12
434 551 37
434 592 5
435 449 14
435 476 1
435 510 26
435 516 2
435 524 4
435 546 45
435 587 32
435 599 34
436 478 38
436 500 18
436 503 34
436 547 3
436 554 27
436 565 44
436 593 28
436 597 29
437 453 13
437 477 36
437 554 6
437 565 25
437 577 28
437 578 49
438 458 13
438 471 31
438 502 24
438 525 11
438 571 18
438 583 28
439 441 24
439 449 7
439 462 34
439 471 39
439 513 9
439 536 9
439 538 40
439 540 12
439 555 3
439 560 21
439 566 47
439 580 41
440 450 40
440 459 33
440 462 45
440 467 18
440 468 26
440 486 24
440 500 49
440 519 41
440 521 9
440 553 4
440 563 17
440 582 36
440 590 3
441 442 31
441 447 19
441 515 28
441 559 42
441 598 36
442 451 7
442 493 17
442 518 42
442 522 40
442 548 6
442 570 1
442 584 50
442 595 45
442 596 14
443 447 4
443 456 18
443 457 11
443 463 44
443 476 9
443 484 43
443 496 40
443 499 29
443 518 20
443 542 15
443 570 27
443 574 10
443 594 24
444 555 30
444 563 26
444 579 11
444 583 34
444 587 7
444 595 31
445 447 13
445 473 50
445 474 17
445 527 19
445 544 16
445 590 10
445 597 8
445 599 21
446 450 12
446 459 9
446 497 18
446 531 26
446 533 13
446 538 37
446 560 38
446 564 8
446 585 45
446 598 30
447 469 48
447 495 23
447 502 49
447 513 14
447 534 1
447 538 9
447 572 37
447 595 33
448 466 36
448 523 50
448 550 16
448 553 42
448 568 30
448 593 29
449 493 43
449 495 48
449 568 49
449 593 9
450 554 10
451 453 9
451 466 29
451 467 21
451 476 17
451 480 48
451 482 48
451 527 29
451 553 34
451 556 35
451 559 39
451 593 31
451 598 16
452 457 38
452 458 3
452 459 15
452 467 1
453 457 6
453 499 25
453 554 40
453 566 38
453 596 10
454 483 39
454 487 3
454 488 4
454 520 20
454 544 33
454 566 46
455 457 20
455 470 32
455 475 6
455 476 29
455 515 40
455 555 37
455 556 1
455 572 8
455 582 34
455 588 1
456 475 39
456 486 18
456 510 35
456 511 27
456 516 48
456 542 1
456 543 14
457 479 2
457 549 17
458 469 14
458 517 7
458 539 41
458 547 3
458 565 46
458 585 2
458 588 43
459 463 49
459 498 7
459 502 13
459 514 33
459 541 3
459 543 34
459 552 16
459 554 8
459 585 12
460 492 7
460 499 44
460 504 12
460 505 15
460 509 30
460 514 14
460 558 3
460 562 47
460 563 49
461 472 31
461 516 46
461 524 1
461 536 44
461 546 49
461 565 19
461 566 7
462 472 8
462 486 9
462 500 10
462 513 3
462 516 12
462 576 2
462 584 3
463 530 19
463 531 16
463 541 36
463 562 23
463 567 49
463 587 3
464 474 32
464 475 12
464 489 12
464 493 28
464 519 26
464 520 28
464 545 7
464 587 39
464 590 32
465 466 5
465 480 39
465 481 12
465 501 50
465 512 39
465 539 5
465 548 50
465 574 7
466 473 11
466 495 7
466 534 17
466 545 22
466 580 10
467 493 31
467 565 26
468 469 12
468 476 49
468 494 43
468 519 49
468 528 21
468 536 44
468 552 2
468 554 2
468 599 5
469 493 15
469 500 29
469 565 30
469 585 42
469 592 37
469 594 19
470 471 23
470 481 41
470 484 7
470 488 34
470 493 42
470 508 48
470 512 38
470 545 42
470 548 6
470 554 50
470 556 50
470 561 25
470 563 24
470 582 9
470 595 5
471 488 1
471 492 23
471 505 5
471 514 43
471 518 21
471 531 27
471 536 36
471 548 24
471 559 30
471 569 43
471 571 38
472 476 11
472 494 22
472 552 29
472 562 47
472 596 42
473 507 1
473 530 40
473 546 1
473 550 36
473 570 33
473 582 50
473 594 25
474 480 24
474 491 7
474 499 27
474 520 24
474 523 31
474 543 50
474 544 34
475 493 37
475 519 2
475 527 6
475 568 43
475 572 44
475 592 29
476 497 19
476 500 32
476 509 2
476 515 1
476 541 24
476 542 40
476 580 11
477 478 47
477 482 20
477 486 9
477 496 39
477 520 23
477 526 50
477 533 41
477 538 8
477 546 33
477 563 40
477 569 35
477 587 8
478 483 46
478 484 11
478 501 33
478 516 29
478 520 12
478 554 17
479 485 15
479 487 15
479 511 24
479 557 10
479 591 8
480 506 2
480 590 30
480 592 41
480 595 4
481 492 30
481 513 16
481 522 45
481 528 42
481 538 13
481 565 14
481 570 3
481 594 1
482 568 38
482 573 2
483 486 43
483 496 48
483 506 34
483 514 32
483 517 32
483 520 42
483 524 29
483 532 44
483 549 24
483 566 7
483 581 7
483 586 42
483 591 24
483 596 21
484 510 16
484 577 33
485 493 30
485 509 17
485 519 12
485 546 21
485 557 20
485 559 44
485 564 36
485 577 16
485 594 35
486 521 50
486 535 32
486 537 39
486 543 2
486 551 19
486 558 41
486 583 44
487 519 16
487 561 24
487 598 25
488 492 49
488 498 17
488 547 4
488 559 42
488 567 43
489 491 10
489 553 50
489 555 34
489 557 35
489 559 20
489 579 49
489 594 17
490 549 50
490 551 18
490 555 31
490 557 22
490 562 39
490 565 24
490 578 9
490 594 5
491 507 10
491 512 9
491 513 36
491 539 49
491 575 10
491 579 4
492 497 39
492 502 4
492 533 22
492 537 14
492 543 30
492 598 20
493 499 33
493 505 35
493 544 14
493 551 25
493 563 47
493 576 13
493 596 8
494 536 31
494 547 35
494 551 9
494 554 48
494 584 34
495 497 26
495 503 30
495 549 7
495 555 14
495 570 5
495 573 15
495 597 18
496 507 14
496 511 25
496 531 5
496 545 14
496 559 35
497 508 9
497 535 2
497 561 40
497 576 32
498 522 18
498 524 19
499 526 1
500 510 2
500 521 4
500 548 16
500 577 26
501 502 50
501 522 29
501 530 35
502 544 32
502 558 13
502 598 43
503 527 31
503 544 48
503 557 18
503 559 10
503 576 4
503 586 32
504 510 14
504 515 20
504 517 1
504 529 30
504 535 45
504 565 6
504 573 43
504 592 31
504 596 16
505 511 47
505 520 20
505 556 47
505 557 14
505 561 38
505 593 49
505 599 15
506 529 43
506 538 17
506 566 42
506 570 44
506 599 45
507 524 26
507 527 26
507 550 9
507 552 19
507 554 6
507 569 8
508 549 38
508 566 18
508 599 13
509 518 21
509 550 31
509 551 32
509 576 22
509 586 10
509 595 28
510 521 29
510 526 3
510 555 8
510 561 46
510 576 49
511 530 29
511 534 44
511 585 14
511 598 19
512 527 42
512 544 30
512 559 11
512 567 10
512 596 21
513 521 7
513 524 4
513 576 48
513 590 32
514 515 14
514 517 16
514 521 39
514 526 23
514 547 4
514 552 6
514 574 35
514 579 24
514 598 39
515 518 19
515 553 47
516 531 48
516 548 48
516 552 27
516 565 2
516 598 6
517 522 22
517 565 2
517 573 36
517 584 15
518 519 17
518 549 4
518 594 9
518 597 48
519 548 15
519 553 18
520 529 18
520 549 23
520 556 24
520 565 18
520 593 4
520 598 37
521 526 33
521 536 44
521 543 10
521 550 38
521 559 50
521 566 46
521 571 14
522 567 40
522 580 14
522 581 12
523 571 37
523 576 14
523 584 39
524 554 41
524 567 21
524 575 10
524 584 44
524 593 6
525 542 25
525 548 11
525 577 10
525 586 33
525 598 8
526 544 26
526 562 50
526 564 28
526 572 48
527 539 25
527 563 45
527 572 3
527 594 12
527 595 29
528 529 46
528 536 23
528 552 19
528 574 47
528 596 20
530 545 34
530 582 36
531 559 36
532 537 45
532 547 25
532 552 49
532 565 33
532 567 15
532 578 19
533 551 45
534 548 8
534 579 24
534 583 19
535 571 20
535 584 33
536 549 3
536 563 28
537 540 8
537 551 4
537 575 7
537 591 5
537 598 29
538 563 3
538 572 7
538 584 42
539 541 31
539 577 5
539 589 16
540 550 1
540 588 1
541 548 35
541 550 34
541 555 37
541 559 20
541 561 31
541 578 13
542 562 18
543 575 13
543 576 27
544 560 36
545 559 9
545 582 36
545 596 12
546 581 29
547 564 8
549 570 44
549 593 31
550 558 37
550 567 4
551 570 37
551 591 43
552 560 10
552 567 17
552 588 47
552 595 19
552 599 8
553 593 29
554 571 23
555 578 23
555 583 30
555 596 25
555 599 7
556 559 15
556 569 13
557 577 29
557 591 45
557 594 25
558 564 48
558 578 10
559 579 3
559 586 34
559 588 18
560 570 41
561 574 47
562 573 47
563 578 48
564 584 42
565 579 29
565 592 34
567 569 47
568 580 15
568 584 28
568 593 7
569 570 33
569 574 24
569 587 25
569 592 40
572 581 2
572 595 49
573 599 14
574 592 33
574 597 25
576 584 23
576 592 48
577 588 38
579 594 1
581 584 42
581 586 14
581 589 48
581 595 3
582 598 17
585 587 33
585 597 23
586 594 7
586 599 31
589 595 19
589 596 6
589 597 23
590 591 49
600 299 78
601 599 16
600 601 94
602 658 28
602 664 47
602 688 40
602 704 13
602 706 19
602 716 42
602 734 44
602 738 23
602 742 25
602 744 14
602 817 7
602 831 47
602 856 36
603 612 4
603 624 49
603 666 2
603 695 20
603 707 45
603 710 28
603 722 40
603 764 6
603 820 44
603 836 36
603 882 20
603 892 32
604 632 34
604 633 35
604 663 6
604 683 2
604 696 8
604 699 32
604 732 31
604 736 7
604 741 23
604 756 43
604 784 27
604 811 14
604 817 39
604 830 1
604 881 39
604 890 2
604 894 7
604 895 37
604 896 37
605 617 10
605 635 37
605 641 40
605 662 31
605 669 33
605 699 19
605 719 22
605 760 38
605 764 13
605 774 7
605 829 8
605 842 44
606 651 41
606 690 44
606 696 2
606 720 44
606 729 3
606 733 35
606 748 27
606 776 9
606 855 7
606 872 21
606 892 35
606 901 23
607 608 9
607 676 35
607 699 13
607 760 10
607 811 43
607 813 1
607 819 48
607 857 2
607 877 39
607 885 40
608 610 34
608 615 21
608 645 8
608 647 8
608 659 11
608 680 20
608 698 14
608 728 20
608 732 16
608 762 6
608 769 13
608 785 17
608 794 2
608 812 15
608 834 1
608 851 28
608 876 24
608 889 7
608 893 48
608 900 10
608 901 29
609 626 7
609 627 45
609 635 43
609 667 18
609 694 37
609 700 43
609 701 16
609 741 41
609 763 31
609 767 7
609 769 26
609 843 2
609 888 14
610 629 33
610 637 12
610 638 36
610 705 49
610 730 33
610 759 1
610 784 4
610 787 45
610 799 19
610 809 7
610 823 9
610 829 21
610 845 34
610 853 34
610 863 27
610 869 32
610 878 44
610 900 8
611 612 40
611 631 40
611 634 50
611 639 7
611 647 28
611 651 45
611 705 24
611 721 20
611 722 25
611 753 30
611 787 48
611 825 26
611 832 46
611 854 30
611 872 39
611 886 31
612 617 30
612 636 21
612 664 33
612 683 36
612 710 17
612 757 3
612 838 42
612 866 26
612 871 23
612 900 26
613 636 11
613 643 1
613 655 9
613 704 6
613 722 10
613 746 50
613 758 47
613 773 12
613 807 8
613 831 25
613 839 6
613 880 32
613 886 46
613 888 30
614 667 13
614 728 43
614 745 8
614 767 10
614 795 25
614 844 48
614 855 40
614 893 4
614 896 19
614 901 24
615 638 41
615 655 37
615 658 26
615 692 33
615 695 14
615 720 50
615 731 8
615 752 25
615 757 1
615 761 18
615 766 30
615 802 10
615 817 17
615 826 29
615 845 21
615 858 24
615 883 5
615 898 26
615 901 7
616 622 50
616 679 8
616 707 22
616 716 45
616 723 15
616 784 31
616 786 21
616 807 12
616 811 21
616 852 26
616 860 32
616 874 46
617 678 17
617 717 19
617 724 24
617 725 49
617 730 32
617 754 23
617 763 8
617 792 8
617 795 23
617 823 25
618 678 40
618 684 35
618 710 43
618 714 18
618 749 7
618 768 18
618 769 22
618 821 35
618 900 25
619 645 23
619 723 42
619 844 46
619 855 17
619 867 8
619 894 26
620 621 37
620 639 19
620 650 48
620 658 13
620 674 3
620 680 46
620 710 29
620 723 21
620 741 19
620 746 29
620 752 4
620 763 43
620 803 36
620 822 12
620 836 18
620 841 12
620 846 1
620 867 2
620 899 6
621 624 20
621 629 10
621 696 23
621 720 41
621 737 44
621 739 49
621 742 13
621 755 35
621 807 46
621 822 30
621 855 42
622 642 22
622 653 18
622 672 13
622 674 21
622 691 32
622 737 17
622 753 18
622 759 12
622 760 39
622 785 38
622 796 40
622 797 42
622 818 31
622 840 27
622 842 5
622 853 48
622 859 38
622 863 5
622 868 1
622 881 45
622 886 24
622 897 10
623 668 18
623 675 16
623 715 4
623 716 16
623 744 29
623 787 40
623 797 12
623 811 10
623 850 34
623 871 35
624 639 29
624 696 48
624 699 7
624 746 11
624 754 14
624 778 25
624 855 22
624 873 2
625 667 12
625 703 12
625 711 45
625 732 44
625 737 40
625 756 50
625 770 43
625 822 28
625 823 6
625 853 43
625 889 22
626 710 32
626 724 5
626 728 41
626 740 47
626 788 8
626 829 9
626 860 27
626 879 49
627 660 22
627 691 36
627 696 32
627 719 8
627 722 17
627 761 31
627 779 14
627 798 27
627 825 44
627 849 40
627 851 50
627 871 47
627 877 4
627 883 13
627 885 42
628 630 49
628 661 3
628 678 41
628 680 42
628 682 32
628 698 48
628 703 34
628 733 5
628 774 29
628 795 38
628 826 46
628 833 26
628 854 47
628 863 6
628 874 2
628 883 48
628 898 27
629 631 40
629 652 29
629 677 36
629 691 8
629 692 10
629 710 49
629 732 36
629 757 5
629 784 41
629 805 35
629 821 2
629 839 46
629 844 50
629 848 45
629 858 44
629 868 2
629 871 37
629 879 35
629 885 35
629 888 34
630 656 21
630 686 39
630 772 13
630 773 10
630 783 36
630 791 40
630 795 9
630 813 41
630 817 43
630 825 6
630 834 19
630 876 34
630 877 36
630 880 4
630 893 41
631 670 47
631 676 5
631 679 26
631 680 2
631 722 47
631 731 13
631 733 5
631 742 42
631 789 12
631 807 49
631 827 37
631 833 15
631 845 35
631 857 22
631 867 49
631 886 20
632 647 44
632 671 39
632 673 32
632 690 3
632 700 25
632 730 21
632 738 13
632 749 17
632 779 14
632 788 18
632 804 38
632 844 47
632 865 4
632 880 41
632 882 40
632 886 2
632 893 47
632 894 15
632 895 3
632 896 43
633 649 29
633 658 9
633 660 36
633 666 40
633 675 9
633 799 23
633 823 6
633 832 45
633 869 46
633 889 6
633 898 15
633 899 39
634 642 45
634 653 46
634 697 43
634 754 21
634 757 19
634 765 6
634 770 37
634 788 32
634 798 25
634 803 24
634 847 30
634 864 28
634 872 17
634 883 21
635 652 30
635 671 15
635 680 38
635 691 34
635 708 8
635 724 16
635 747 45
635 778 45
635 783 8
635 799 3
635 801 17
635 803 13
635 854 50
635 859 12
635 863 19
635 891 14
635 897 2
636 641 15
636 681 11
636 721 45
636 745 35
636 760 29
636 765 2
636 769 21
636 786 12
636 793 26
636 819 47
636 826 44
636 868 6
636 869 15
636 875 14
636 900 37
637 641 29
637 680 1
637 691 22
637 702 38
637 710 17
637 728 16
637 761 35
637 783 26
637 785 21
637 813 1
637 844 38
637 845 20
638 674 15
638 689 8
638 703 35
638 723 18
638 730 22
638 734 45
638 735 14
638 750 6
638 753 24
638 763 15
638 779 29
638 785 35
638 796 43
638 817 27
638 844 28
638 885 50
638 886 41
639 646 44
639 670 36
639 687 21
639 699 44
639 708 7
639 804 11
639 822 12
639 838 25
639 846 45
639 864 37
639 899 47
639 901 47
640 641 27
640 657 18
640 680 13
640 684 34
640 693 2
640 712 31
640 722 8
640 727 46
640 737 46
640 743 13
640 745 21
641 676 13
641 677 43
641 680 8
641 683 5
641 691 19
641 740 35
641 768 4
641 775 11
641 783 30
641 801 41
641 803 34
641 812 24
641 826 49
641 848 46
641 857 37
641 892 25
641 896 42
641 901 24
642 674 21
642 681 38
642 682 2
642 702 40
642 707 3
642 716 37
642 717 41
642 740 35
642 811 44
642 812 39
642 820 30
642 831 9
642 857 11
642 859 42
642 897 1
643 675 18
643 684 48
643 688 22
643 725 5
643 745 3
643 771 32
643 772 34
643 779 45
643 782 17
643 792 7
643 805 44
643 843 12
643 878 46
644 676 18
644 698 3
644 756 21
644 759 41
644 765 43
644 780 22
644 793 32
644 810 45
644 827 8
644 839 25
644 850 29
644 856 2
644 862 13
645 683 10
645 690 10
645 695 23
645 712 4
645 728 12
645 731 41
645 770 3
645 779 33
645 799 45
645 835 6
645 847 15
645 898 30
646 671 50
646 691 31
646 697 37
646 698 45
646 708 45
646 713 34
646 715 15
646 749 47
646 755 4
646 762 5
646 767 39
646 768 25
646 771 36
646 798 35
646 800 32
646 813 10
646 822 15
646 825 35
646 847 24
647 658 27
647 681 46
647 688 49
647 701 30
647 713 8
647 729 41
647 734 32
647 740 40
647 751 37
647 767 39
647 794 6
647 795 16
647 805 39
647 809 39
647 827 4
647 850 35
647 901 33
648 667 37
648 703 49
648 717 29
648 727 40
648 776 3
648 789 20
648 802 14
648 826 41
648 837 6
648 879 48
648 901 2
649 687 21
649 689 32
649 736 28
649 741 47
649 746 28
649 765 26
649 807 28
649 812 35
649 814 18
649 819 9
649 847 26
649 877 4
650 670 50
650 683 32
650 741 19
650 755 38
650 765 20
650 783 23
650 792 24
650 795 2
650 844 9
650 900 23
651 667 32
651 669 1
651 677 27
651 687 3
651 708 16
651 725 19
651 751 9
651 776 13
651 790 21
651 841 31
651 842 47
651 854 50
651 856 29
651 869 26
651 888 27
651 901 8
652 655 12
652 665 44
652 666 18
652 667 37
652 668 47
652 673 17
652 737 18
652 741 15
652 745 6
652 746 39
652 762 39
652 769 30
652 788 40
652 789 50
652 792 2
652 797 24
652 804 50
652 809 28
652 832 26
652 837 15
652 854 49
652 861 36
652 869 30
652 895 19
652 896 18
653 659 26
653 667 20
653 670 48
653 700 3
653 704 46
653 705 5
653 775 14
653 811 39
653 813 23
653 834 50
653 852 35
653 890 41
653 896 20
654 689 1
654 713 47
654 735 8
654 737 42
654 741 26
654 755 50
654 829 41
654 849 29
654 850 23
654 880 42
654 882 8
655 726 50
655 727 8
655 764 6
655 805 38
655 819 39
655 845 26
655 859 5
655 866 16
655 893 45
656 660 5
656 737 18
656 767 40
656 796 11
656 799 31
656 868 28
656 871 33
656 898 33
657 673 14
657 690 26
657 723 4
657 742 15
657 749 22
657 753 11
657 770 8
657 771 49
657 813 12
657 831 50
657 850 29
657 882 36
657 884 41
657 892 36
658 670 36
658 689 50
658 804 44
658 811 23
658 812 39
658 878 19
658 891 29
659 677 4
659 704 16
659 713 33
659 718 22
659 730 5
659 763 46
659 803 4
659 808 35
659 851 30
659 856 38
659 858 48
659 880 5
659 881 41
660 679 14
660 681 28
660 693 4
660 703 21
660 739 26
660 744 15
660 750 22
660 801 6
660 838 1
660 841 12
660 853 42
660 857 38
660 871 14
660 872 37
661 716 12
661 737 2
661 738 7
661 751 40
661 777 7
661 780 22
661 790 25
661 795 30
661 796 29
661 811 22
661 835 34
661 840 13
661 856 1
661 859 21
661 885 12
662 675 6
662 690 14
662 740 28
662 756 33
662 767 17
662 773 48
662 803 11
662 812 31
663 681 20
663 683 16
663 689 33
663 692 33
663 819 7
663 842 22
663 846 48
663 856 45
663 867 33
663 880 49
664 684 2
664 735 25
664 776 8
664 792 23
664 793 1
664 804 37
664 831 1
664 834 22
664 836 22
664 846 15
664 849 22
664 858 45
664 860 27
664 864 27
664 878 8
664 894 4
664 895 12
665 721 24
665 749 3
665 784 22
665 792 6
665 806 24
665 812 37
665 866 41
666 679 9
666 713 46
666 757 12
666 765 6
666 798 40
666 811 45
666 818 7
666 826 41
666 846 21
666 867 14
666 896 16
667 691 21
667 701 2
667 718 18
667 804 44
667 861 24
667 870 33
667 874 15
667 880 18
667 894 11
667 901 44
668 669 27
668 703 16
668 714 5
668 723 2
668 737 18
668 750 26
668 769 7
668 842 44
668 843 12
668 847 49
668 858 4
668 891 9
669 685 11
669 689 9
669 697 49
669 699 7
669 707 17
669 730 41
669 747 27
669 788 30
669 879 6
670 672 49
670 685 34
670 688 24
670 700 42
670 718 7
670 722 8
670 724 8
670 727 26
670 747 18
670 779 1
670 785 4
670 786 35
670 821 5
670 824 5
670 834 4
670 851 32
670 858 11
670 861 47
670 865 46
670 870 10
670 897 50
671 676 4
671 696 22
671 702 11
671 708 2
671 745 28
671 749 27
671 764 45
671 796 6
671 807 9
671 820 50
671 833 6
671 892 42
672 695 25
672 714 49
672 740 50
672 800 34
672 820 6
672 848 27
672 863 3
672 872 7
672 890 30
673 704 37
673 720 13
673 723 34
673 740 41
673 746 45
673 777 46
673 796 39
673 832 40
673 858 5
673 862 41
673 872 43
673 894 28
674 678 3
674 692 47
674 700 7
674 793 31
674 811 41
674 879 14
674 892 39
675 690 42
675 723 19
675 738 32
675 741 19
675 742 19
675 753 33
675 766 4
675 819 25
675 860 9
675 872 7
675 883 33
675 886 40
675 887 45
676 681 45
676 694 23
676 712 35
676 720 41
676 738 19
676 756 26
676 775 30
676 783 25
676 812 16
676 838 25
676 844 5
676 856 18
677 684 23
677 693 11
677 732 48
677 784 15
677 813 25
677 817 39
677 845 8
677 846 45
677 851 22
677 853 28
678 681 14
678 715 5
678 762 32
678 765 40
678 806 15
678 814 38
678 818 22
678 823 5
678 834 32
678 851 16
678 855 27
678 869 19
678 895 7
678 901 47
679 680 44
679 701 38
679 738 24
679 762 11
679 763 14
679 769 28
679 779 30
679 828 38
679 845 38
679 862 27
680 704 4
680 709 14
680 732 17
680 735 12
680 755 9
680 787 39
680 795 39
680 818 24
680 839 45
680 840 20
680 847 13
680 867 9
680 876 9
680 900 34
681 688 13
681 704 43
681 708 1
681 711 42
681 750 11
681 795 9
681 807 40
681 815 6
681 833 49
681 837 13
681 849 16
681 891 14
682 701 40
682 795 47
682 822 4
682 824 30
682 825 25
682 831 7
682 865 43
682 870 42
682 881 20
683 688 3
683 708 32
683 712 9
683 726 28
683 756 26
683 821 30
683 851 40
683 854 36
683 872 41
683 878 25
684 690 1
684 724 33
684 728 28
684 739 42
684 779 45
684 804 36
684 811 33
684 871 2
684 901 36
685 699 46
685 708 19
685 714 50
685 724 37
685 744 15
685 813 3
685 819 16
685 835 39
685 859 9
685 868 11
685 889 30
685 895 31
685 897 15
686 727 13
686 737 39
686 742 43
686 758 38
686 775 20
686 778 32
686 804 26
686 818 10
686 823 9
686 835 26
686 856 44
686 868 36
686 885 19
686 891 38
687 688 23
687 694 1
687 739 39
687 772 9
687 786 48
687 810 7
687 817 8
687 826 35
687 831 21
687 882 12
687 884 2
687 887 12
687 896 22
688 712 12
688 772 41
688 844 2
688 872 27
688 884 4
688 885 42
688 893 19
689 727 43
689 750 12
689 801 2
689 848 18
689 852 23
689 872 10
690 704 45
690 720 17
690 726 47
690 729 13
690 740 6
690 756 20
690 793 16
690 847 47
690 868 28
691 696 13
691 713 3
691 728 37
691 746 47
691 747 26
691 760 48
691 780 49
691 842 37
691 848 19
691 875 10
691 879 29
692 723 23
692 734 38
692 742 34
692 773 14
692 784 6
692 808 29
692 865 25
692 869 10
692 881 48
692 899 50
693 702 19
693 705 43
693 734 16
693 740 18
693 744 7
693 757 23
693 795 37
693 816 22
693 821 19
693 822 14
693 864 35
693 891 22
694 721 50
694 742 33
694 745 49
694 765 49
694 769 31
694 788 37
694 866 19
694 875 43
694 884 17
694 890 41
695 714 32
695 725 1
695 726 5
695 789 38
695 816 31
695 817 31
695 822 49
695 848 28
695 852 30
695 856 19
695 890 22
695 891 47
696 701 36
696 734 29
696 741 20
696 754 22
696 801 2
696 816 38
696 852 37
696 862 38
697 730 11
697 737 38
697 759 21
697 765 9
697 787 36
697 789 3
697 801 47
697 803 5
697 807 47
697 845 14
697 885 45
698 731 29
698 740 14
698 767 1
698 782 18
698 809 46
698 822 32
698 824 16
698 833 23
698 853 11
698 858 34
698 860 45
698 877 8
698 889 22
699 707 25
699 721 27
699 731 43
699 740 26
699 758 16
699 762 32
699 787 14
699 812 27
699 868 19
700 702 36
700 706 37
700 717 7
700 752 38
700 773 34
700 780 13
700 839 37
700 855 47
700 859 9
700 863 15
701 712 12
701 729 10
701 733 32
701 751 7
701 765 41
701 784 49
701 786 31
701 796 3
701 817 34
701 818 25
701 829 12
701 872 5
701 876 1
702 704 38
702 719 50
702 764 29
702 772 6
702 779 31
702 850 44
702 866 32
703 723 1
703 730 29
703 737 18
703 739 9
703 780 18
703 832 1
703 856 21
703 858 4
703 872 49
703 899 32
704 729 20
704 744 12
704 751 41
704 764 3
704 844 18
704 848 33
704 858 3
704 875 1
704 881 37
704 900 37
705 728 25
705 732 49
705 747 41
705 767 28
705 769 38
705 770 42
705 810 6
705 816 43
705 839 22
705 855 49
705 868 24
705 869 25
705 889 29
706 735 44
706 746 35
706 751 46
706 805 44
706 845 8
706 847 2
706 849 45
706 859 39
706 869 21
707 732 6
707 736 31
707 751 26
707 761 26
707 814 13
707 850 28
707 872 26
707 893 49
708 711 14
708 785 2
708 814 49
708 824 7
708 825 29
708 826 37
708 831 48
708 852 36
708 861 29
708 892 22
708 894 34
709 757 3
709 786 48
709 808 12
709 814 46
709 876 32
710 738 10
710 748 41
710 776 39
710 800 11
710 858 37
711 712 27
711 716 33
711 726 45
711 747 9
711 787 10
711 805 22
711 822 21
711 831 38
711 834 47
711 835 22
711 837 3
711 851 50
711 859 20
712 749 11
712 808 31
712 836 6
712 847 9
712 861 16
712 865 37
712 875 32
712 884 50
713 747 39
713 763 29
713 790 13
713 801 36
713 821 12
713 823 22
713 861 28
713 864 1
713 887 34
714 721 17
714 757 29
714 771 19
714 776 11
714 832 38
714 840 28
714 857 32
714 880 10
714 883 17
715 734 30
715 759 33
715 775 20
715 798 29
715 813 3
715 853 30
715 868 9
715 890 10
715 891 40
716 725 27
716 742 46
716 743 21
716 757 26
716 781 36
716 833 1
716 839 40
716 867 23
716 894 15
716 900 14
717 724 1
717 726 17
717 727 47
717 782 17
717 799 47
717 800 15
717 807 29
717 868 34
717 871 45
717 882 10
717 884 46
717 886 11
717 898 39
717 899 28
718 749 30
718 750 19
718 753 32
718 762 12
718 764 28
718 782 44
718 819 1
718 826 4
718 850 39
718 867 24
718 870 31
718 879 27
718 881 26
718 885 22
719 725 49
719 735 40
719 749 35
719 807 1
719 827 8
719 848 34
719 872 19
719 877 5
719 899 50
720 728 47
720 784 38
720 808 44
720 854 6
721 753 35
721 756 5
721 769 46
721 773 13
721 787 36
721 808 15
721 828 46
721 833 49
721 848 44
721 859 39
721 883 50
721 898 49
722 805 30
722 812 25
722 863 31
722 886 6
722 896 50
723 732 2
723 734 6
723 748 42
723 807 39
723 818 7
723 828 49
723 863 22
723 865 25
723 896 3
723 899 23
724 728 22
724 754 43
724 768 17
724 820 29
724 883 27
724 893 23
725 726 25
725 729 41
725 761 10
725 767 41
725 772 39
725 774 9
725 775 34
725 788 27
725 794 10
725 828 34
725 835 8
725 849 34
725 857 14
725 862 15
725 869 35
726 755 17
726 816 21
726 822 28
726 832 5
726 837 29
726 854 29
726 868 28
726 874 3
726 878 33
726 892 1
727 736 26
727 744 25
727 749 17
727 767 7
727 832 4
727 845 41
727 853 33
727 871 46
727 879 50
728 754 23
728 772 34
728 776 10
728 781 8
728 850 13
728 863 19
728 879 41
728 888 22
728 889 4
728 895 6
728 899 37
729 737 39
729 746 22
729 772 7
729 790 18
729 805 29
729 838 37
729 857 46
729 877 6
730 747 39
730 748 29
730 769 6
730 812 17
730 833 5
730 851 24
730 869 23
730 890 8
731 764 16
731 779 5
731 787 6
731 796 16
731 822 29
731 829 39
731 831 25
731 850 38
731 862 3
731 863 46
731 883 28
731 892 25
731 899 49
732 737 35
732 740 11
732 788 37
732 797 6
732 807 19
732 816 7
732 818 34
732 821 5
732 830 2
732 847 40
732 850 45
732 853 30
732 888 47
733 740 13
733 750 35
733 762 23
733 803 35
733 897 44
734 749 38
734 750 41
734 774 49
734 796 3
734 797 21
734 808 40
734 818 30
734 822 8
734 843 42
734 846 27
734 849 37
734 887 18
734 894 25
735 793 21
735 821 30
735 846 14
735 850 27
735 879 50
735 885 20
735 889 10
736 751 6
736 766 21
736 770 1
736 784 1
736 788 3
736 810 50
736 845 15
736 849 39
736 859 22
736 884 50
737 791 34
737 792 9
737 811 42
737 877 33
737 879 14
738 742 13
738 749 24
738 765 45
738 834 22
738 843 15
738 867 21
738 871 9
738 889 35
739 747 47
739 777 29
739 789 14
739 848 10
739 853 5
739 864 14
739 891 31
739 900 17
740 758 19
740 762 4
740 763 19
740 822 21
740 833 6
740 869 18
740 875 36
740 878 46
740 880 41
740 883 37
740 892 29
741 771 50
741 779 30
741 791 13
741 796 15
741 816 44
741 837 36
741 877 9
741 882 16
742 770 3
742 798 31
742 806 24
742 827 37
742 861 27
742 864 2
743 766 50
743 772 37
743 821 9
743 834 15
743 839 19
743 884 27
743 886 36
743 892 22
743 900 47
744 745 6
744 800 27
744 818 17
744 831 43
744 847 24
744 863 7
744 879 29
744 888 3
745 758 8
745 776 9
745 782 15
745 823 22
745 825 4
745 826 3
745 828 32
745 835 19
745 851 5
745 886 12
745 901 44
746 761 41
746 781 41
746 827 48
746 851 42
746 853 29
746 860 6
746 876 7
746 877 47
747 748 34
747 758 42
747 784 19
747 803 30
747 835 49
747 845 47
747 862 46
747 874 42
747 894 21
748 782 3
748 825 22
748 840 25
748 867 12
748 872 30
748 880 41
748 893 34
749 789 34
749 797 43
749 849 17
749 884 4
750 757 47
750 758 29
750 779 48
750 809 39
750 815 19
750 820 45
750 850 31
750 854 47
750 867 2
750 879 39
750 880 43
750 888 35
750 901 32
751 827 13
751 861 16
752 757 32
752 759 10
752 783 12
752 834 23
752 872 30
752 892 16
752 900 45
753 766 4
753 799 27
753 854 26
753 863 44
753 867 12
753 878 11
753 880 39
754 766 29
754 768 15
754 779 35
754 783 7
754 802 14
754 812 24
754 816 27
754 838 8
754 875 6
755 759 25
755 770 11
755 821 46
755 844 19
755 857 45
755 876 29
756 772 32
756 785 10
756 793 10
756 810 41
756 816 23
756 882 35
756 899 22
757 759 38
757 800 29
757 804 25
757 863 17
757 886 6
757 890 20
758 785 28
758 808 17
758 840 8
758 883 6
758 900 33
759 762 45
759 777 14
759 788 46
759 790 20
759 792 40
759 869 5
759 872 27
760 771 14
760 785 15
760 896 22
761 773 35
761 776 11
761 798 2
761 809 16
761 844 22
761 881 11
761 889 6
761 890 45
762 784 45
762 794 27
762 808 34
762 825 25
763 770 3
763 777 50
763 796 31
763 816 24
763 829 28
763 848 47
763 850 34
764 798 33
764 838 29
764 900 28
765 816 49
765 827 26
765 844 47
765 847 38
765 849 30
765 852 23
765 853 4
765 861 44
766 791 46
766 796 38
766 814 4
766 818 47
766 829 3
766 848 27
766 855 9
767 770 10
767 838 21
767 888 6
767 892 38
768 779 5
768 787 30
768 847 42
768 865 6
768 868 10
769 770 15
769 774 33
769 807 8
769 810 48
769 822 18
769 831 38
769 849 25
769 874 16
769 880 13
770 847 23
770 878 5
770 882 44
770 887 47
770 899 8
770 900 39
771 774 44
771 802 47
771 811 42
771 832 42
771 861 49
771 871 21
771 880 3
771 881 10
772 776 41
772 784 8
772 798 47
772 805 47
772 810 37
772 818 38
772 850 3
772 866 49
772 891 5
772 898 37
773 802 8
773 828 4
773 831 4
773 837 46
773 838 31
774 791 21
774 801 10
774 817 3
774 867 26
774 869 4
774 877 2
775 832 35
775 838 42
775 889 45
776 893 32
777 799 36
777 801 39
777 820 32
777 832 6
777 846 41
777 871 42
777 883 48
778 783 48
778 807 40
778 851 45
778 860 36
778 865 30
779 788 49
779 836 34
779 883 36
779 887 35
779 892 44
780 785 39
780 786 41
780 800 39
780 817 19
780 828 13
780 858 50
780 862 22
780 871 38
780 900 5
781 795 25
781 824 25
781 841 49
781 842 19
781 853 8
781 861 34
781 869 9
781 895 39
782 791 41
782 823 49
782 853 32
782 871 40
783 853 46
783 864 24
784 786 34
784 796 32
784 827 3
784 846 32
784 847 17
784 856 38
784 863 19
784 874 12
784 894 26
785 789 9
785 799 2
785 840 47
785 847 21
785 850 2
785 852 18
785 859 11
785 871 6
785 876 44
785 883 37
785 899 4
786 797 14
786 836 44
786 843 39
786 870 23
786 878 32
787 793 31
788 831 21
788 868 16
788 870 21
788 881 19
788 899 39
789 830 6
789 856 2
789 873 41
789 880 40
789 883 20
789 895 30
790 815 8
790 819 32
790 833 7
791 795 18
791 800 33
791 816 3
791 838 40
791 850 34
791 881 22
792 796 50
792 799 42
792 811 15
792 849 38
792 880 47
792 896 29
793 827 31
793 836 38
793 862 1
793 865 15
793 866 18
793 872 21
793 876 30
794 833 40
794 858 41
794 861 18
794 887 46
794 893 42
795 814 10
795 828 35
795 856 12
795 857 39
795 867 42
795 881 43
796 809 47
796 844 11
796 853 25
796 862 50
796 871 50
796 876 11
797 799 21
797 814 2
797 816 4
797 817 38
797 823 39
797 854 2
797 875 16
797 881 20
797 886 39
797 892 18
798 815 34
798 858 9
798 861 40
799 826 13
799 829 48
799 836 31
799 841 32
799 842 45
799 879 22
800 802 41
800 818 29
800 831 33
800 851 29
800 875 22
800 895 27
801 811 25
801 813 32
801 838 4
801 841 26
801 863 34
801 882 14
801 889 49
801 898 35
802 808 19
802 856 36
803 827 23
803 868 20
803 896 1
804 851 44
805 809 11
805 843 18
805 849 27
805 882 19
805 901 7
806 845 41
806 849 18
806 858 37
806 868 22
806 897 13
807 838 11
807 841 12
807 844 43
807 846 45
807 859 42
807 865 15
807 877 22
808 837 19
808 856 48
808 883 25
808 890 44
809 818 31
809 860 40
809 876 42
809 893 17
810 811 8
810 848 27
810 852 40
811 852 29
811 865 29
811 870 33
811 878 39
812 825 48
812 827 12
812 851 7
812 857 5
812 879 2
812 890 27
813 828 43
813 839 24
813 844 39
813 851 5
813 865 37
813 883 31
814 819 50
814 849 29
814 859 47
814 862 23
814 890 47
814 894 47
815 847 47
815 867 42
815 893 29
816 830 38
816 877 36
816 879 46
817 853 47
817 855 12
817 861 37
817 879 25
817 900 43
818 822 21
818 847 14
818 894 40
819 832 32
819 894 20
819 898 46
820 841 36
820 877 46
820 879 41
820 887 11
820 888 36
820 889 47
821 864 47
822 827 19
822 838 46
822 842 25
822 863 17
822 870 18
822 872 23
822 879 13
822 898 16
823 829 17
823 863 44
823 881 5
823 891 2
824 832 39
824 848 1
824 851 15
825 837 27
825 844 26
825 846 7
825 859 47
825 869 39
825 876 49
825 878 31
825 882 10
825 890 44
826 841 18
826 880 6
827 895 36
828 841 28
828 862 43
828 864 33
828 867 24
828 878 11
828 891 30
828 897 1
829 845 28
829 847 50
829 870 23
830 832 42
830 841 15
830 847 39
830 853 35
831 864 22
831 869 42
831 894 25
832 886 22
832 889 7
833 861 1
833 865 47
833 880 13
833 882 50
834 865 35
834 880 11
834 891 32
834 899 47
834 901 7
835 891 49
835 893 4
836 851 44
836 854 26
836 863 46
836 893 26
836 899 1
837 840 7
837 858 8
837 897 1
838 839 36
838 855 7
838 894 26
839 864 27
839 878 23
839 883 16
839 884 12
840 848 44
840 849 8
840 860 38
841 891 16
841 901 14
842 877 39
842 879 14
843 872 26
843 885 38
844 871 1
844 873 39
844 897 21
845 847 47
845 849 47
845 854 19
845 886 50
846 853 40
846 895 46
847 858 45
847 877 18
847 891 46
848 853 3
849 856 25
849 863 47
849 880 38
849 895 31
850 854 22
850 867 17
850 868 5
851 859 37
851 882 30
852 869 49
852 889 46
852 897 17
853 872 14
853 881 9
853 898 7
855 871 27
856 876 37
856 898 46
857 877 27
857 889 27
857 890 16
857 891 25
858 862 23
860 872 34
860 891 24
860 897 14
861 900 29
862 883 19
862 886 33
863 872 25
863 894 23
865 887 9
865 897 23
867 901 13
868 884 39
868 885 44
869 896 31
870 879 44
870 886 32
870 887 10
870 893 44
871 888 30
871 893 28
872 873 7
874 899 38
875 877 35
879 894 35
879 899 24
880 893 30
880 897 14
881 889 2
881 895 48
888 894 38
888 898 24
889 896 31
889 897 14
892 896 40
896 897 12
902 601 93
903 901 50
902 903 22
