904 6735
98 57 17 74 95 91 18 28 52 70 7 91 32 55 39 15 86 29 40 94 60 36 66 100 82 22 94 41 68 88 27 65 44 44 90 38 34 7 18 37 28 24 28 12 30 18 26 16 46 17 61 58 4 26 57 85 99 50 78 66 90 4 83 85 47 72 23 80 31 92 17 10 67 96 21 97 13 98 64 10 15 24 67 70 1 23 7 100 25 84 17 14 87 99 98 86 23 72 65 53 15 33 14 82 28 35 78 92 84 41 54 50 16 20 20 16 95 78 67 71 61 84 36 99 34 85 84 56 9 1 60 23 85 74 4 65 60 81 56 43 73 9 93 88 81 64 4 27 41 22 97 53 5 84 51 39 68 87 94 76 39 54 99 23 79 2 87 38 35 95 80 7 55 24 95 35 87 50 13 27 71 61 79 28 44 82 66 12 20 11 39 58 16 37 80 94 91 19 31 25 13 63 31 67 86 77 54 73 26 18 51 49 79 82 76 22 63 41 85 82 3 24 39 19 12 70 64 2 88 47 26 100 9 9 19 46 85 24 18 63 41 21 11 71 2 86 93 16 78 29 49 80 52 39 50 16 8 14 17 96 12 95 47 20 55 17 17 91 92 87 53 33 7 15 3 8 100 47 75 29 76 23 9 79 61 10 94 68 75 63 15 86 57 14 57 11 82 74 53 74 4 95 52 5 75 77 43 35 68 32 40 85 77 5 64 28 44 39 3 36 89 28 96 80 57 73 8 70 15 72 27 18 19 30 74 93 59 17 80 26 100 19 62 76 75 25 55 71 15 57 6 4 85 1 35 93 26 42 15 40 66 93 9 84 22 83 28 32 51 7 58 2 78 71 30 4 96 84 74 62 93 80 17 29 32 52 73 57 45 87 96 10 31 57 45 5 39 25 36 41 31 45 42 60 16 71 64 11 7 37 24 99 68 41 79 100 92 51 8 36 90 56 98 20 12 42 76 2 66 12 42 49 56 35 60 71 58 23 33 64 12 57 14 79 97 44 30 40 46 90 27 35 45 24 7 56 18 82 9 35 93 50 83 1 36 95 71 93 17 56 8 80 12 73 11 60 16 92 51 62 81 77 48 77 1 6 32 18 88 92 4 32 93 39 84 29 33 55 73 1 62 33 81 73 57 43 84 25 34 34 38 67 62 85 43 62 43 27 31 82 18 35 13 11 73 49 39 57 3 63 57 16 95 89 88 4 31 23 28 17 8 65 83 69 49 25 31 43 51 13 24 69 99 37 79 23 37 69 79 39 83 88 54 30 76 93 33 7 67 60 23 74 24 57 42 24 81 24 67 32 89 90 52 87 78 82 62 14 50 40 4 32 79 9 13 55 53 45 13 19 84 87 37 59 15 99 43 35 9 31 29 60 22 11 88 39 80 73 51 41 99 79 89 17 38 2 86 5 95 69 37 47 33 25 57 47 23 99 33 83 30 61 42 3 23 30 93 55 54 43 95 52 73 84 20 11 85 5 15 31 73 3 29 5 27 85 3 2 36 35 84 65 47 78 19 70 7 11 24 12 6 70 15 78 5 34 40 89 39 7 72 63 9 52 20 88 37 74 41 72 61 24 88 7 1 6 28 59 68 3 70 25 73 36 3 29 70 94 70 60 100 41 74 61 92 93 100 80 67 40 3 27 15 90 85 16 47 65 26 67 67 48 91 91 83 45 20 4 39 41 15 90 81 89 50 24 33 49 56 99 88 58 77 55 100 14 22 98 78 47 64 96 46 7 39 81 3 10 84 41 50 99 31 82 87 32 5 19 81 60 70 20 70 98 74 69 63 95 18 40 94 82 88 39 40 26 19 42 87 55 35 36 53 17 17 91 48 73 61 80 85 82 52 6 32 77 74 94 24 91 86 17 24 73 7 15 50 78 9 88 32 43 23 36 59 91 78 58 15 90 38 51 24 41 56 55 17 81 48 40 24 85 8 99 9 15 14 10 44 74 97 75 16 71 62 26 13 91 35 28 80 24 30 3 64 86 9 81 18 57 72 41 93 80 40 2 94 5 63 37 78 60 36 87
0 3 60
0 23 6
0 25 58
0 45 18
0 109 20
0 146 60
0 171 25
0 176 72
0 188 59
0 194 51
0 246 52
0 271 86
0 279 73
0 281 60
0 284 16
0 292 33
1 3 22
1 28 10
1 58 52
1 123 96
1 129 72
1 145 19
1 175 34
1 212 80
1 235 32
1 261 90
1 282 42
2 8 13
2 12 15
2 17 94
2 65 38
2 88 26
2 104 51
2 117 95
2 119 43
2 130 71
2 148 7
2 157 19
2 203 94
2 213 17
2 218 69
2 247 45
2 266 2
2 290 41
3 8 57
3 23 17
3 50 25
3 64 30
3 65 78
3 99 77
3 103 25
3 161 49
3 180 47
3 192 10
3 208 80
3 216 78
3 241 100
3 274 21
3 281 42
3 289 66
4 15 15
4 22 32
4 32 92
4 51 65
4 55 26
4 58 34
4 62 87
4 87 84
4 105 53
4 159 32
4 169 100
4 206 73
4 214 29
4 247 1
4 287 14
5 14 37
5 33 18
5 40 90
5 99 66
5 109 95
5 124 18
5 126 42
5 127 96
5 158 64
5 171 52
5 193 75
5 208 93
5 230 3
5 255 48
5 270 87
5 272 68
5 293 14
6 15 18
6 19 59
6 69 30
6 73 43
6 80 45
6 81 17
6 85 27
6 97 49
6 102 100
6 104 78
6 105 21
6 132 28
6 141 79
6 159 86
6 165 64
6 189 48
6 195 76
6 209 29
6 221 94
6 268 93
6 284 23
7 43 41
7 70 9
7 76 74
7 102 68
7 106 1
7 114 76
7 146 15
7 162 87
7 171 43
7 193 28
7 223 4
7 248 54
7 269 57
7 277 99
7 279 50
7 285 25
7 287 77
7 295 98
8 42 77
8 47 54
8 71 70
8 102 56
8 118 84
8 229 56
8 235 20
8 241 31
8 245 83
8 255 100
8 269 25
8 272 75
8 278 22
9 20 65
9 107 83
9 161 47
9 168 84
9 173 36
9 186 22
9 219 98
9 239 22
9 249 17
9 297 77
10 60 26
10 102 22
10 116 86
10 122 76
10 228 71
10 239 10
10 256 52
10 263 20
10 268 38
10 285 57
10 293 89
11 14 94
11 70 41
11 93 44
11 124 65
11 133 71
11 177 26
11 190 16
11 200 47
11 204 53
11 211 38
11 216 64
11 246 87
11 265 36
11 268 47
11 279 74
12 27 58
12 33 45
12 37 96
12 43 26
12 90 73
12 108 73
12 109 47
12 115 58
12 128 48
12 145 17
12 173 20
12 203 51
12 214 36
12 215 57
12 236 7
12 291 24
13 20 2
13 28 47
13 35 20
13 39 66
13 55 70
13 60 97
13 61 82
13 75 16
13 90 1
13 139 71
13 145 31
13 153 40
13 166 6
13 204 78
13 213 13
14 21 15
14 63 74
14 72 8
14 192 40
14 206 46
14 218 32
14 259 86
15 20 56
15 71 79
15 72 2
15 78 75
15 121 81
15 136 89
15 169 83
15 186 88
15 262 65
15 278 85
15 287 86
16 19 84
16 76 50
16 101 55
16 107 32
16 147 83
16 182 71
16 200 33
16 213 53
16 232 53
16 240 72
16 249 11
16 270 30
16 282 36
16 287 25
17 23 55
17 37 96
17 64 65
17 103 53
17 115 27
17 128 50
17 135 8
17 166 58
17 169 4
17 204 34
17 212 38
17 243 92
18 28 68
18 38 77
18 69 56
18 87 52
18 92 63
18 112 91
18 151 54
18 161 17
18 172 23
18 253 36
18 255 39
18 277 55
18 290 41
18 297 92
19 25 78
19 36 51
19 51 73
19 68 13
19 85 75
19 89 28
19 139 60
19 196 91
19 235 32
19 239 87
19 240 41
19 262 39
19 271 96
19 273 44
19 281 24
19 294 85
20 50 87
20 122 91
20 126 62
20 127 43
20 170 95
20 180 24
20 189 33
20 205 48
20 210 92
20 231 55
20 243 35
20 246 31
20 280 61
20 292 27
20 298 74
20 299 38
21 33 77
21 47 46
21 63 3
21 66 4
21 133 25
21 158 62
21 201 94
21 207 56
22 51 100
22 67 86
22 70 46
22 91 47
22 93 29
22 143 21
22 165 32
22 171 16
22 174 12
22 186 45
22 203 10
22 204 6
22 222 20
22 237 94
22 245 5
22 292 11
23 74 49
23 96 39
23 111 93
23 125 61
23 133 18
23 143 66
23 144 51
23 150 94
23 182 64
23 201 53
23 244 49
23 248 40
23 255 66
23 270 95
23 283 48
23 291 18
23 295 80
23 296 93
24 68 16
24 85 61
24 90 14
24 97 47
24 109 28
24 148 77
24 149 43
24 195 37
24 206 34
24 223 62
24 224 30
24 229 38
24 271 73
24 278 30
24 282 28
25 38 17
25 56 91
25 115 45
25 180 83
25 240 41
26 75 91
26 101 98
26 105 45
26 119 91
26 154 37
26 180 62
26 187 85
26 191 84
26 206 79
26 232 17
26 246 29
26 257 95
26 282 77
27 30 94
27 36 93
27 42 4
27 44 22
27 121 36
27 128 40
27 195 55
27 197 49
27 208 21
27 211 44
27 225 73
27 263 3
28 69 71
28 104 90
28 236 45
28 245 68
29 209 24
29 243 37
29 282 10
29 297 21
30 97 81
30 125 52
30 137 9
30 156 94
30 160 37
30 167 45
30 203 73
30 212 53
30 215 25
30 219 19
30 253 81
30 262 18
30 268 63
31 37 84
31 49 39
31 62 50
31 71 75
31 73 45
31 89 99
31 93 95
31 95 88
31 103 71
31 115 49
31 122 10
31 178 12
31 209 93
31 217 29
31 256 35
32 47 29
32 64 38
32 96 7
32 110 61
32 129 90
32 132 68
32 136 55
32 141 78
32 145 12
32 153 79
32 159 82
32 178 88
32 217 97
32 267 62
33 63 5
33 64 11
33 77 97
33 92 95
33 96 61
33 108 71
33 120 39
33 155 11
33 161 17
33 173 78
33 202 33
33 214 66
33 215 87
33 246 45
33 255 10
33 269 68
33 289 31
33 292 91
34 39 5
34 41 90
34 78 51
34 127 46
34 129 57
34 131 57
34 133 75
34 134 20
34 156 35
34 194 56
34 212 7
34 228 83
34 238 69
34 260 63
34 264 46
34 265 65
35 47 9
35 49 6
35 76 35
35 97 99
35 127 16
35 158 4
35 165 76
35 172 100
35 180 69
35 227 14
35 243 44
35 298 30
36 57 81
36 69 27
36 70 20
36 71 38
36 93 16
36 94 23
36 104 35
36 127 24
36 135 79
36 181 10
36 184 95
36 203 66
36 222 17
36 227 53
36 264 100
36 265 86
36 285 15
37 52 45
37 77 2
37 112 23
37 129 50
37 141 37
37 156 21
37 184 17
37 210 92
37 283 48
38 61 17
38 62 12
38 70 13
38 82 12
38 111 41
38 125 94
38 130 38
38 167 61
38 175 83
38 177 5
38 270 35
38 283 17
38 298 28
39 56 13
39 120 78
39 126 22
39 144 30
39 163 95
39 177 26
39 225 30
39 226 32
39 243 40
39 256 74
39 264 33
40 57 14
40 98 76
40 100 21
40 113 86
40 143 92
40 146 12
40 181 33
40 197 60
40 202 23
40 250 98
40 253 24
40 265 64
40 271 91
40 273 13
40 292 76
41 54 25
41 81 18
41 88 10
41 89 41
41 101 97
41 103 74
41 118 19
41 126 71
41 158 4
41 162 65
41 164 96
41 196 85
41 207 96
41 216 88
41 217 58
41 233 28
41 260 1
41 286 33
42 45 49
42 67 87
42 99 77
42 135 12
42 140 71
42 167 36
42 178 35
42 189 68
42 262 59
43 63 50
43 71 10
43 83 72
43 89 25
43 114 34
43 131 41
43 170 86
43 173 27
43 179 37
43 196 11
43 200 97
43 201 59
43 225 14
43 232 13
43 270 55
43 273 98
43 292 8
44 68 42
44 114 8
44 174 87
44 191 94
44 205 40
44 224 87
44 227 32
44 247 16
44 257 99
44 262 3
44 273 4
44 287 33
45 80 22
45 102 14
45 128 82
45 130 84
45 219 37
45 251 58
45 295 69
45 297 77
45 298 43
45 299 47
46 81 66
46 97 53
46 102 95
46 183 24
46 186 19
46 224 7
46 245 30
46 262 68
46 286 14
46 295 71
47 84 27
47 87 53
47 115 65
47 134 67
47 135 39
47 144 96
47 172 34
47 180 37
47 191 50
47 213 89
47 234 21
47 238 24
47 242 3
47 254 54
47 265 59
47 285 39
48 84 11
48 130 79
48 140 68
48 151 5
48 167 26
48 212 33
48 265 10
48 287 20
48 289 8
49 52 80
49 66 79
49 75 38
49 78 47
49 89 44
49 93 60
49 124 26
49 151 96
49 180 76
49 212 92
49 241 87
49 243 24
49 264 77
49 279 23
50 53 73
50 56 66
50 83 96
50 90 48
50 92 68
50 126 49
50 164 6
50 167 58
50 213 60
50 215 85
50 248 25
51 72 16
51 105 62
51 116 9
51 157 25
51 172 33
51 231 69
51 268 4
51 270 11
51 297 58
52 69 3
52 84 55
52 87 17
52 125 28
52 129 2
52 184 93
52 189 71
52 195 88
52 216 16
52 232 47
52 248 11
52 271 40
52 272 64
52 283 58
53 89 88
53 115 83
53 147 6
53 159 45
53 168 41
53 182 17
53 192 81
53 266 17
53 275 33
54 57 94
54 58 78
54 96 9
54 101 27
54 150 46
54 164 13
54 168 37
54 173 3
54 184 15
54 255 43
54 292 71
54 298 42
55 56 45
55 66 15
55 105 12
55 112 32
55 114 30
55 117 10
55 124 94
55 153 22
55 168 74
55 228 51
55 244 61
55 261 56
55 270 9
55 274 5
56 59 48
56 112 77
56 113 38
56 117 65
56 142 61
56 145 31
56 178 94
56 197 70
56 203 57
56 213 91
56 239 82
56 274 46
56 287 93
56 292 48
56 298 40
57 65 15
57 75 41
57 93 84
57 129 30
57 170 4
57 196 68
57 201 11
57 222 13
57 245 61
57 258 32
58 85 38
58 113 64
58 161 92
58 174 46
58 195 24
58 198 49
58 203 93
58 212 100
58 221 86
58 294 9
58 296 61
59 63 16
59 69 2
59 117 82
59 133 25
59 147 92
59 158 15
59 167 22
59 176 36
59 182 62
59 194 61
59 239 51
59 247 54
59 252 97
59 258 32
59 278 57
59 299 16
60 78 42
60 86 21
60 99 28
60 106 74
60 109 11
60 113 91
60 127 17
60 158 56
60 193 66
60 203 65
60 207 48
60 218 66
60 236 2
60 239 57
60 241 78
61 77 70
61 94 10
61 112 11
61 159 46
61 162 54
61 179 25
61 233 67
61 247 89
61 263 86
61 292 79
61 293 91
62 123 91
62 170 27
62 188 74
62 201 47
62 250 42
62 253 16
62 263 19
62 265 70
62 267 41
62 285 29
63 73 12
63 75 9
63 82 84
63 91 78
63 136 26
63 153 84
63 156 95
63 160 27
63 239 40
63 249 24
63 259 96
64 116 1
64 155 34
64 176 93
64 197 54
65 84 58
65 101 11
65 104 95
65 115 95
65 146 90
65 151 85
65 166 85
65 179 16
66 81 59
66 99 83
66 104 10
66 137 26
66 143 1
66 158 79
66 170 18
66 210 82
66 211 90
66 222 26
66 243 17
66 283 19
67 76 51
67 77 100
67 90 65
67 119 78
67 163 91
67 168 88
67 180 25
67 183 92
67 218 21
67 239 18
67 288 45
68 70 30
68 89 28
68 119 39
68 163 24
68 176 69
68 179 76
68 190 60
68 259 37
68 290 86
69 82 94
69 114 46
69 136 11
69 139 95
69 155 76
69 158 28
69 166 28
69 173 65
69 181 53
69 200 44
69 215 36
69 227 56
69 248 44
69 276 100
69 280 33
70 98 86
70 134 88
70 137 9
70 161 77
70 181 60
70 186 78
70 222 74
70 234 90
70 237 58
70 250 64
70 252 65
70 278 26
71 90 91
71 101 77
71 121 14
71 129 76
71 146 70
71 175 59
71 199 38
71 279 16
71 282 34
72 74 17
72 78 43
72 107 51
72 115 70
72 145 39
72 160 86
72 176 77
72 211 34
72 233 37
72 244 9
72 285 19
72 298 24
73 100 69
73 108 48
73 123 36
73 170 47
73 187 73
73 271 77
73 281 4
73 291 36
73 295 93
73 299 81
74 96 27
74 145 69
74 150 95
74 165 54
74 232 39
74 234 5
74 290 92
75 80 54
75 86 39
75 156 8
75 168 49
75 220 41
75 230 29
75 276 39
76 83 78
76 93 5
76 99 72
76 104 14
76 146 65
76 151 42
76 154 90
76 167 34
76 178 89
76 195 25
76 255 80
76 274 61
76 290 1
77 85 35
77 88 49
77 107 93
77 139 67
77 158 75
77 168 14
77 185 13
77 192 28
77 215 52
77 258 18
77 265 71
77 268 57
77 269 8
78 115 79
78 142 57
78 178 48
78 182 7
78 184 95
78 185 77
78 255 64
78 262 18
78 264 90
78 265 28
78 267 60
78 273 79
79 82 61
79 116 48
79 129 55
79 139 92
79 149 61
79 184 7
79 190 78
79 276 9
79 294 52
80 82 45
80 84 35
80 89 65
80 111 9
80 168 14
80 170 68
80 227 26
80 229 37
80 240 76
80 247 85
80 280 15
80 285 33
80 291 32
81 85 73
81 157 79
81 178 60
81 198 36
81 245 97
81 263 50
81 285 64
81 299 56
82 89 80
82 146 76
82 171 55
82 182 35
82 211 20
82 227 67
82 263 93
82 279 97
83 85 27
83 116 44
83 157 93
83 175 13
83 180 60
83 193 2
83 198 27
83 200 27
83 201 79
83 202 63
83 221 55
83 243 64
83 266 29
83 271 39
83 275 47
83 291 1
83 293 17
84 149 7
84 217 89
84 226 65
84 271 8
84 296 4
85 87 20
85 88 87
85 90 79
85 107 27
85 112 73
85 163 98
85 164 45
85 165 18
85 173 47
85 192 72
85 237 61
85 262 91
85 265 84
86 129 73
86 148 44
86 213 62
86 223 99
87 94 23
87 96 76
87 97 5
87 99 38
87 100 4
87 110 43
87 113 36
87 138 57
87 163 60
87 205 42
87 257 45
87 266 24
88 128 1
88 130 48
88 149 96
88 179 40
88 203 78
88 219 74
88 223 64
88 227 28
88 251 18
88 260 81
88 269 74
88 272 89
88 278 94
88 293 16
89 92 73
89 173 66
89 238 60
89 241 86
89 296 16
89 297 34
90 98 62
90 101 21
90 115 23
90 130 65
90 177 63
90 191 58
90 207 73
90 220 22
90 224 52
90 234 17
90 247 98
90 251 52
91 96 16
91 109 45
91 172 91
91 180 94
91 182 18
91 223 55
91 230 21
91 252 35
91 279 35
91 281 46
91 290 76
92 122 28
92 125 61
92 133 100
92 135 45
92 155 72
92 187 85
92 202 61
92 204 5
92 215 98
92 219 81
92 260 27
92 261 63
92 269 95
92 274 37
92 297 35
93 122 17
93 124 88
93 128 4
93 130 66
93 169 39
93 181 19
93 194 10
93 198 30
93 200 12
93 204 79
93 252 36
93 264 84
93 278 65
93 297 70
94 98 29
94 103 92
94 106 50
94 116 42
94 152 91
94 158 94
94 169 13
94 174 28
94 179 6
94 243 70
94 272 25
94 282 86
94 287 96
94 297 39
95 106 81
95 116 32
95 132 26
95 179 49
95 184 71
95 188 29
95 204 66
95 215 10
95 224 99
95 243 27
95 252 91
95 265 63
95 268 5
96 111 26
96 145 46
96 202 21
96 272 47
96 277 75
96 293 13
97 101 96
97 150 16
97 152 55
97 180 42
97 186 80
97 203 34
97 255 47
97 269 49
98 149 59
98 167 85
98 173 97
98 176 49
98 197 17
98 205 80
98 242 74
98 259 17
98 262 51
98 264 54
98 271 82
98 277 60
98 287 53
99 104 8
99 149 50
99 165 67
99 197 64
99 225 27
99 226 12
99 229 36
99 231 73
99 235 38
99 246 48
99 248 69
99 266 5
100 106 55
100 109 62
100 145 85
100 149 88
100 151 60
100 161 33
100 180 98
100 201 44
100 247 81
100 253 47
100 255 60
100 269 61
100 272 72
100 274 28
100 282 63
101 148 78
101 201 9
101 202 22
101 210 30
101 227 68
101 260 23
101 276 96
101 279 83
101 290 49
101 295 59
102 110 19
102 132 21
102 177 97
102 185 18
102 187 41
102 190 1
102 293 72
103 106 54
103 119 85
103 160 60
103 165 14
103 172 70
103 194 9
103 208 9
103 234 50
103 264 55
103 270 69
103 280 62
103 291 27
103 292 96
104 106 24
104 123 4
104 144 57
104 161 97
104 189 85
104 228 24
105 108 19
105 128 32
105 144 59
105 157 19
105 193 42
105 205 77
105 211 92
105 269 38
106 111 94
106 154 84
106 156 39
106 162 18
106 171 38
106 185 75
106 187 29
106 190 51
106 194 96
106 245 37
106 253 59
107 147 46
107 198 92
107 202 79
107 205 59
107 234 70
107 243 27
107 246 83
107 249 25
107 251 35
107 259 79
108 114 61
108 116 10
108 130 50
108 180 44
108 182 68
108 188 20
108 196 85
108 211 96
108 234 11
108 274 75
109 115 90
109 125 47
109 162 65
109 221 59
109 251 84
109 255 39
109 280 87
110 132 86
110 134 35
110 139 23
110 153 96
110 189 32
110 191 66
110 241 27
110 248 90
110 261 87
111 117 5
111 118 24
111 125 63
111 130 39
111 136 55
111 174 75
111 189 100
111 216 56
111 221 18
111 230 68
111 242 75
111 243 55
111 245 63
111 270 38
112 128 29
112 137 4
112 162 84
112 178 93
112 185 62
112 192 19
112 256 83
112 264 100
113 129 56
113 134 69
113 160 75
113 170 3
113 183 52
113 202 92
113 276 29
113 282 94
113 294 79
114 122 85
114 129 69
114 130 93
114 132 23
114 133 23
114 168 68
114 268 75
114 269 78
114 272 37
114 288 42
114 290 5
114 297 91
115 127 56
115 155 94
115 214 71
115 230 12
115 240 77
115 270 15
115 277 73
115 283 47
115 289 50
116 153 25
116 175 54
116 186 18
116 190 99
116 224 56
116 232 22
116 267 90
116 276 37
117 146 67
117 169 20
117 177 21
117 181 35
117 213 65
117 222 96
117 240 58
117 242 32
117 257 70
117 286 87
118 128 68
118 138 11
118 185 43
118 188 11
118 202 18
118 207 36
118 226 33
118 259 29
118 292 64
118 293 48
119 125 54
119 154 10
119 165 97
119 168 78
119 181 15
119 195 66
119 240 76
119 247 71
119 249 39
119 275 17
119 293 7
120 123 5
120 129 89
120 146 27
120 149 40
120 165 53
120 169 74
120 180 49
120 217 84
120 221 43
120 226 87
120 244 3
120 264 5
120 277 30
120 283 65
120 284 23
120 294 65
121 148 98
121 149 3
121 210 29
121 224 97
121 229 56
121 243 90
121 278 45
122 130 33
122 161 5
122 172 62
122 192 60
122 195 75
122 229 1
122 232 29
122 239 33
122 248 57
122 271 17
122 295 11
123 125 96
123 152 69
123 197 85
123 207 96
123 214 4
123 236 27
123 249 83
123 273 58
123 275 84
123 283 12
123 287 75
124 151 6
124 155 76
124 204 72
124 217 8
124 261 56
124 268 20
124 279 64
125 141 46
125 142 64
125 202 48
125 208 50
125 215 77
125 225 60
125 234 76
125 235 29
125 266 88
125 268 60
125 286 86
125 294 56
126 221 70
126 230 33
126 294 24
127 159 6
127 171 29
127 203 79
127 205 85
127 283 63
127 290 36
128 130 68
128 161 74
128 162 10
128 163 73
128 221 1
128 222 33
128 273 32
128 281 9
128 286 4
128 298 47
129 155 54
129 231 19
129 238 47
129 259 55
129 268 96
130 162 6
130 228 82
130 231 24
130 283 93
130 286 41
131 143 9
131 166 100
131 177 62
131 179 42
131 189 23
131 203 68
131 229 22
131 272 53
131 286 52
131 294 84
132 141 40
132 147 71
132 159 9
132 184 2
132 191 43
132 197 61
132 211 34
132 261 26
132 275 69
132 281 90
132 290 25
132 296 22
133 161 8
133 217 71
133 237 28
133 261 55
133 299 76
134 150 9
134 152 79
134 167 20
134 168 1
134 173 39
134 182 19
134 191 63
134 197 32
134 257 93
134 283 82
135 153 53
135 160 45
135 173 85
135 287 88
136 158 36
136 183 55
136 216 48
136 224 37
136 246 49
136 247 9
136 270 23
136 287 74
136 297 77
137 144 12
137 165 50
137 171 51
137 188 19
137 199 20
137 220 78
137 245 74
137 275 47
137 276 39
137 288 4
138 160 66
138 186 39
138 196 42
138 202 36
138 215 53
138 218 26
138 221 80
138 226 86
138 248 78
138 256 76
138 280 70
138 289 18
138 294 12
138 297 24
139 142 65
139 235 48
139 254 72
139 281 73
139 284 70
139 299 98
140 161 2
140 166 81
140 170 47
140 184 4
140 199 52
140 209 19
140 210 33
140 251 77
140 263 65
140 274 71
140 286 32
141 143 83
141 192 62
141 195 73
141 219 18
141 223 66
141 271 98
141 280 50
141 299 52
142 175 28
142 178 25
142 211 21
142 243 97
142 283 36
142 291 97
143 171 13
143 179 84
143 190 20
143 220 86
143 224 53
144 145 69
144 151 39
144 197 86
144 205 16
144 206 42
144 218 37
144 246 86
144 247 74
144 278 65
144 286 50
144 288 97
144 290 96
144 295 32
145 146 58
145 149 20
145 173 2
145 203 75
145 224 70
145 232 51
145 270 26
145 275 49
145 287 75
145 296 99
146 156 45
146 199 11
146 212 95
146 227 57
146 249 94
146 292 14
147 152 94
147 157 98
147 183 35
147 198 84
147 200 83
147 220 2
147 222 25
147 247 71
147 273 87
147 281 99
147 299 87
148 181 36
148 199 47
148 237 82
148 247 20
148 286 56
148 288 54
149 163 21
149 164 30
149 196 23
149 222 23
149 229 8
149 233 71
149 260 97
149 267 6
149 277 67
150 171 59
150 198 52
150 233 75
150 263 4
150 293 17
150 294 21
150 298 2
151 170 51
151 183 4
151 218 36
151 236 52
151 254 29
151 257 59
151 265 38
151 278 79
152 172 45
152 183 26
152 197 25
152 215 79
152 223 45
152 243 80
152 253 84
152 271 17
152 282 61
152 283 6
153 196 39
153 220 68
153 233 28
153 243 87
153 250 73
154 175 46
154 205 46
154 218 76
154 233 20
154 240 1
154 264 93
155 197 40
155 218 2
155 219 43
155 225 44
155 230 90
155 232 95
155 250 24
155 258 48
155 267 84
156 166 54
156 168 44
156 188 9
156 210 78
156 216 74
156 232 5
156 266 9
156 270 57
156 272 21
156 277 21
156 283 62
156 289 11
157 168 89
157 195 41
157 230 98
157 242 13
157 259 86
157 294 95
157 298 89
158 187 58
158 238 95
158 271 81
159 210 97
159 259 49
160 169 75
160 172 92
160 209 38
160 237 21
160 268 67
160 271 37
160 286 5
161 163 20
161 219 80
161 233 13
161 247 49
161 276 6
162 163 70
162 164 9
162 176 62
162 193 90
162 206 30
162 241 76
162 267 1
162 285 18
163 169 16
163 181 98
163 228 82
163 242 54
163 274 44
163 283 22
164 169 11
164 170 38
164 171 2
164 187 59
164 200 86
164 232 29
164 239 3
164 285 75
165 182 49
165 185 69
165 186 11
165 208 53
165 216 89
165 226 43
165 293 18
166 193 37
166 220 48
166 234 87
166 251 46
166 274 9
167 180 28
167 198 27
167 210 84
167 222 28
167 238 44
167 256 52
167 277 77
167 292 77
168 217 5
168 221 20
168 227 99
168 232 67
168 259 58
168 260 52
168 261 25
168 292 95
168 293 80
168 299 27
169 190 70
169 231 29
169 239 48
169 245 80
169 287 33
170 188 36
170 198 74
170 209 50
170 210 24
170 229 21
170 232 88
170 268 21
170 269 82
170 285 16
171 176 47
171 197 65
171 203 43
171 224 42
171 251 68
172 183 72
172 184 19
172 193 72
172 217 91
172 218 69
172 226 38
172 240 100
172 245 20
172 247 15
172 291 47
173 198 100
173 229 93
173 241 16
173 248 80
173 255 40
173 260 47
173 267 12
174 193 27
174 199 73
174 239 14
174 285 51
174 296 93
175 184 53
175 192 23
175 193 74
175 195 68
175 252 70
175 286 91
175 295 63
176 196 63
176 205 58
176 216 34
176 243 81
176 255 82
176 265 76
176 267 1
176 270 71
176 297 28
177 187 21
177 214 85
177 226 74
177 234 72
177 283 30
178 214 41
178 245 3
178 250 69
178 270 39
178 298 66
179 238 48
179 256 11
179 267 79
180 191 50
180 211 4
180 237 32
181 185 72
181 210 29
181 252 51
181 261 93
181 275 71
182 183 13
182 199 56
182 221 81
182 225 98
182 248 88
182 289 62
182 295 26
182 299 89
183 185 32
183 198 5
183 206 9
183 257 69
183 282 78
184 225 32
184 283 98
185 194 70
185 216 34
185 246 18
185 255 8
186 206 99
186 229 65
186 240 19
186 259 30
186 260 14
186 261 74
186 285 13
186 298 86
187 216 54
187 260 15
187 276 78
187 286 25
187 291 80
188 192 85
188 213 5
188 220 29
188 235 73
188 253 18
188 261 54
188 263 61
188 291 1
189 197 58
189 200 21
189 219 69
189 236 87
189 264 4
189 282 18
189 297 56
190 238 37
190 243 36
190 247 16
190 259 87
190 260 100
190 284 86
191 232 68
191 249 66
191 258 59
191 265 32
191 270 51
192 204 64
192 266 47
192 288 80
192 289 40
193 196 26
193 231 65
193 240 96
193 262 54
193 282 89
193 283 13
194 219 60
194 226 1
194 229 66
194 240 69
194 249 21
194 251 34
194 265 56
194 292 24
195 201 52
195 211 63
195 216 12
195 238 39
195 260 78
195 277 50
196 202 90
196 209 63
196 238 70
196 278 55
196 291 73
197 210 1
197 224 5
197 259 89
197 261 99
197 272 37
197 274 28
197 281 76
197 297 53
198 246 76
198 278 82
198 284 93
199 218 88
199 292 41
199 296 93
200 217 53
200 218 9
200 224 13
200 227 39
200 263 16
201 223 88
201 229 42
201 243 79
201 294 99
202 203 80
202 206 8
202 233 100
202 259 69
202 282 23
202 294 69
202 296 76
203 234 47
203 240 70
203 270 32
203 277 35
204 213 68
205 208 68
205 223 63
205 225 44
205 229 72
205 276 90
205 279 25
206 212 64
206 228 77
206 229 17
206 237 56
206 255 82
206 260 77
206 278 20
206 282 72
207 226 45
207 236 7
207 240 65
207 245 75
207 260 57
207 281 44
208 222 82
208 225 57
208 239 64
208 241 56
208 249 25
208 263 91
208 269 3
209 229 46
209 247 23
209 264 37
209 266 66
209 296 42
210 239 51
210 261 61
210 267 14
211 218 40
211 231 37
211 232 77
211 247 69
211 269 53
211 285 85
212 213 2
212 256 81
212 293 4
213 224 73
213 228 25
213 238 11
213 248 37
213 254 99
213 270 19
213 275 32
214 215 33
214 269 75
214 287 47
214 289 88
215 240 52
215 243 38
215 249 90
215 252 97
216 237 12
216 239 27
216 240 14
216 255 53
217 248 77
217 290 74
218 250 66
218 259 69
218 264 62
218 277 95
219 229 37
219 240 14
219 248 31
219 276 38
219 291 47
220 248 34
220 249 62
220 251 71
220 261 96
220 274 50
221 225 22
221 239 15
221 268 81
221 275 54
221 286 41
221 295 79
221 299 93
222 233 92
222 238 68
222 284 83
223 229 41
223 234 79
223 242 61
223 252 54
223 254 32
223 276 37
223 291 80
224 264 49
224 265 5
225 231 41
225 253 43
225 254 93
225 271 7
225 289 73
226 232 30
226 243 53
226 251 59
226 256 43
227 273 75
228 235 54
228 251 92
229 232 48
229 244 20
229 265 24
230 239 53
230 267 13
230 270 55
231 239 46
231 263 4
231 266 22
231 273 28
231 277 96
231 295 53
232 276 88
232 280 2
232 284 84
233 262 76
233 273 81
234 247 32
234 253 33
234 256 73
234 262 27
234 278 25
234 282 31
234 290 99
234 292 7
235 249 35
235 261 9
236 256 1
236 268 10
237 270 15
237 272 93
237 299 9
238 252 34
238 279 68
238 285 62
238 291 46
239 246 22
239 264 7
239 276 2
240 244 44
240 247 34
240 259 97
241 263 96
242 258 73
242 268 50
242 270 31
242 279 48
242 281 82
243 251 14
243 252 32
243 259 55
243 269 40
243 285 9
243 297 37
243 298 91
244 255 15
244 260 72
245 260 99
245 276 67
245 280 33
246 252 13
246 270 59
246 288 41
247 272 99
247 278 27
247 298 2
248 262 44
248 286 100
249 253 8
249 277 97
249 283 43
249 291 93
250 277 46
250 299 90
251 272 17
252 256 95
252 257 72
252 260 17
252 272 29
252 278 86
252 287 48
252 295 83
253 280 25
254 278 56
255 269 19
255 289 15
256 261 22
256 266 42
256 279 66
256 285 89
257 259 74
257 274 78
257 297 99
258 261 15
258 278 76
259 260 77
259 267 16
259 274 72
261 262 77
262 264 76
262 287 20
263 293 71
263 299 20
264 272 65
264 298 61
265 289 89
266 273 12
266 298 84
267 281 5
269 281 40
269 293 69
270 287 4
271 289 74
272 288 94
273 284 12
273 297 44
274 279 60
274 280 33
274 294 86
275 286 25
277 281 73
277 289 59
278 280 55
283 289 24
283 294 73
286 298 82
287 290 52
289 298 41
290 291 5
291 295 28
294 295 68
294 297 25
300 316 4
300 323 37
300 356 44
300 358 29
300 365 43
300 367 38
300 380 3
300 398 23
300 434 11
300 505 21
300 514 6
300 533 1
300 574 12
300 582 7
301 378 40
301 381 40
301 420 38
301 445 1
301 463 5
301 513 39
301 531 42
301 538 9
301 542 23
301 543 21
301 544 19
301 560 35
301 562 25
301 575 24
301 583 30
302 320 37
302 327 42
302 332 35
302 352 23
302 359 38
302 378 14
302 418 17
302 455 25
302 474 18
302 478 39
302 485 37
302 517 40
302 532 47
302 554 38
302 573 1
302 596 3
303 324 27
303 333 42
303 403 43
303 406 29
303 412 47
303 423 31
303 436 20
303 447 7
303 455 5
303 501 42
303 511 25
303 531 40
303 536 18
303 543 48
304 305 21
304 309 4
304 339 42
304 353 7
304 369 28
304 379 31
304 403 22
304 410 46
304 421 5
304 427 39
304 448 35
304 463 41
304 474 30
304 477 31
304 479 30
304 484 31
304 485 35
304 554 8
304 556 22
304 581 27
304 598 38
305 315 20
305 319 10
305 328 8
305 332 26
305 353 14
305 410 1
305 429 3
305 446 5
305 474 19
305 479 2
305 485 25
305 489 24
305 494 45
305 501 32
305 520 4
305 521 25
305 522 3
305 564 49
305 570 31
305 594 44
306 345 35
306 393 22
306 433 25
306 439 17
306 460 3
306 471 7
306 502 2
306 534 13
306 540 31
306 548 30
306 595 50
306 597 50
307 330 41
307 369 9
307 389 28
307 416 5
307 426 10
307 443 32
307 453 9
307 471 28
307 494 33
307 498 36
307 534 3
307 551 30
307 554 19
307 570 6
308 312 4
308 359 23
308 361 5
308 434 35
308 439 18
308 513 41
308 547 8
308 561 43
308 569 8
308 579 12
308 599 49
309 338 11
309 393 24
309 396 29
309 401 40
309 402 24
309 408 29
309 423 31
309 430 32
309 446 8
309 467 37
309 480 41
309 486 39
309 499 47
309 521 20
309 522 21
309 536 34
310 329 23
310 348 2
310 353 2
310 359 30
310 376 6
310 404 25
310 429 34
310 474 42
310 487 42
310 502 27
310 508 1
310 518 36
310 555 34
310 583 12
310 590 35
310 592 44
311 334 36
311 335 13
311 336 35
311 337 9
311 348 43
311 374 17
311 391 42
311 409 50
311 472 3
311 481 35
311 486 38
311 509 2
311 517 4
311 522 11
311 544 35
311 577 28
312 339 12
312 346 39
312 363 8
312 379 19
312 410 13
312 413 43
312 464 10
312 501 6
312 527 19
312 597 10
313 381 42
313 388 2
313 400 22
313 417 28
313 425 47
313 436 9
313 478 40
313 505 32
313 531 19
313 566 35
313 574 48
313 589 10
313 595 34
314 341 3
314 346 44
314 405 24
314 465 4
314 467 50
314 483 36
314 493 40
314 510 27
314 524 47
314 535 28
314 548 36
314 559 18
314 567 40
314 571 29
314 577 27
314 584 48
314 594 49
315 348 39
315 356 41
315 378 1
315 396 12
315 419 18
315 445 49
315 447 20
315 457 7
315 463 30
315 510 40
315 522 43
315 534 30
315 535 49
315 543 29
315 556 32
315 566 45
315 574 2
315 598 35
316 329 46
316 339 39
316 361 24
316 380 24
316 415 37
316 423 2
316 440 10
316 459 4
316 508 43
316 514 40
316 538 33
316 584 42
316 595 38
317 321 21
317 343 32
317 352 40
317 370 34
317 386 49
317 390 41
317 406 5
317 411 8
317 471 20
317 482 44
317 491 50
317 502 49
317 505 44
317 524 28
317 541 30
317 546 40
317 588 31
318 332 16
318 390 35
318 447 19
318 464 42
318 478 9
318 479 8
318 484 45
318 543 20
318 548 11
318 585 39
318 590 11
318 593 43
319 420 31
319 435 50
319 452 15
319 456 12
319 471 40
319 492 48
319 512 11
319 539 30
319 549 2
319 567 18
319 585 1
319 599 45
320 323 19
320 330 2
320 361 41
320 378 47
320 390 33
320 438 30
320 442 29
320 448 49
320 449 15
320 469 50
320 521 42
320 565 25
320 587 7
321 345 36
321 374 46
321 390 17
321 478 24
321 500 6
321 510 12
321 525 4
321 527 5
321 539 26
321 547 18
321 574 46
321 592 24
321 598 28
322 361 27
322 383 27
322 414 47
322 418 28
322 430 24
322 455 15
322 461 31
322 469 14
322 505 13
322 545 13
323 343 45
323 347 42
323 371 11
323 377 11
323 386 43
323 425 4
323 448 35
323 456 49
323 474 39
323 480 32
323 491 17
323 502 15
323 509 37
323 514 28
323 520 20
323 548 44
323 554 4
323 578 37
323 593 39
324 365 29
324 366 16
324 377 16
324 396 7
324 401 14
324 425 45
324 432 32
324 433 29
324 443 25
324 463 45
324 484 43
324 506 37
324 516 42
324 539 36
324 551 50
324 576 2
324 579 28
324 588 5
324 598 37
325 327 26
325 360 46
325 364 18
325 376 43
325 379 10
325 382 7
325 391 22
325 404 31
325 406 50
325 411 27
325 412 20
325 486 40
325 503 7
325 515 37
325 555 7
325 564 14
325 586 1
325 588 3
326 347 45
326 370 31
326 383 27
326 396 42
326 413 23
326 422 16
326 446 33
326 527 9
326 541 17
326 552 34
326 576 36
327 328 23
327 338 22
327 374 14
327 376 18
327 415 42
327 420 8
327 457 29
327 498 48
327 575 29
328 333 10
328 357 49
328 409 6
328 501 31
328 523 38
328 524 12
328 528 17
328 535 45
328 551 27
328 592 17
329 385 47
329 408 22
329 417 47
329 425 26
329 452 15
329 478 22
329 493 43
329 498 47
329 501 32
329 525 11
329 533 32
329 536 17
329 567 33
329 580 4
330 332 32
330 378 1
330 397 45
330 413 39
330 416 29
330 420 42
330 425 20
330 433 40
330 470 40
330 505 27
330 506 20
330 554 29
330 574 40
330 599 37
331 344 23
331 363 17
331 444 5
331 462 22
331 499 40
331 518 4
331 519 47
331 537 4
331 558 25
331 594 39
332 334 50
332 346 6
332 369 49
332 381 33
332 386 24
332 430 31
332 441 36
332 499 8
332 508 33
332 543 30
332 555 46
333 375 14
333 402 23
333 420 17
333 431 3
333 436 14
333 453 43
333 454 23
333 455 43
333 474 33
333 478 11
333 499 17
333 501 1
333 532 15
333 556 38
333 564 40
333 565 20
333 575 34
334 339 43
334 350 44
334 387 24
334 391 44
334 405 1
334 426 24
334 434 26
334 454 27
334 459 7
334 476 14
334 481 34
334 495 39
334 512 43
334 521 31
334 555 2
334 567 18
334 569 48
335 345 5
335 360 33
335 404 42
335 431 29
335 434 25
335 440 26
335 460 41
335 518 42
335 523 26
335 535 7
335 541 31
335 544 17
335 562 27
335 567 15
335 573 9
335 585 22
335 598 40
336 360 4
336 371 25
336 411 14
336 449 32
336 489 1
336 513 20
336 517 45
336 531 34
336 544 10
336 545 39
336 550 14
336 552 12
337 372 8
337 412 13
337 416 18
337 481 41
337 482 5
337 568 48
337 576 17
337 588 30
337 594 38
338 344 8
338 350 8
338 370 46
338 387 41
338 420 24
338 428 22
338 435 7
338 436 35
338 472 46
338 481 46
338 489 40
338 520 20
338 524 9
338 534 21
338 564 20
338 577 30
338 583 17
338 598 3
339 410 40
339 447 8
339 467 18
339 478 3
339 503 17
339 531 31
339 554 22
339 575 7
340 388 37
340 409 21
340 420 24
340 430 18
340 435 10
340 458 33
340 488 25
340 550 5
340 578 23
340 584 49
341 343 29
341 381 29
341 426 35
341 436 24
341 443 25
341 456 24
341 473 45
341 474 35
341 477 47
341 491 14
341 512 17
341 513 15
341 516 18
341 524 8
341 533 24
341 562 37
341 570 12
341 596 41
342 353 19
342 374 35
342 375 47
342 383 5
342 386 5
342 420 22
342 451 23
342 460 14
342 529 5
342 580 49
343 375 20
343 381 29
343 402 49
343 437 48
343 449 8
343 513 33
343 526 23
343 528 34
343 543 7
343 544 19
344 361 20
344 390 5
344 410 34
344 433 38
344 519 19
344 526 1
344 528 45
344 529 43
344 551 40
344 571 8
344 585 33
344 596 8
345 359 42
345 398 31
345 414 13
345 432 48
345 454 3
345 455 37
345 459 11
345 536 9
345 549 37
345 564 33
345 577 37
346 365 36
346 374 32
346 382 46
346 401 18
346 422 7
346 427 29
346 459 26
346 462 25
346 463 1
346 495 30
346 498 9
346 516 38
346 523 1
346 589 11
346 596 35
347 367 45
347 384 50
347 406 44
347 414 29
347 429 8
347 433 36
347 452 9
347 459 22
347 494 33
347 510 13
347 513 10
347 560 46
347 574 21
347 578 46
347 596 28
348 371 8
348 388 31
348 414 11
348 458 3
348 490 1
348 514 17
348 529 34
348 538 26
348 564 42
348 570 34
349 359 8
349 367 50
349 397 23
349 483 10
349 486 12
349 491 9
349 495 4
349 564 12
349 587 3
350 362 32
350 384 21
350 405 40
350 415 42
350 421 42
350 425 24
350 446 5
350 457 3
350 460 19
350 509 25
350 526 48
350 529 48
350 548 32
350 554 31
350 557 9
350 599 37
351 387 31
351 389 25
351 432 20
351 438 8
351 440 18
351 486 5
351 493 17
351 527 19
351 530 29
351 552 26
351 565 31
351 595 38
352 386 31
352 440 44
352 446 42
352 478 12
352 503 14
352 558 31
352 569 4
353 375 7
353 382 4
353 396 10
353 459 9
353 463 25
353 470 34
353 479 8
353 491 22
353 493 18
353 500 38
353 528 32
353 537 4
353 570 18
354 358 9
354 374 25
354 395 28
354 399 28
354 429 31
354 444 44
354 468 47
354 517 9
354 518 20
354 527 29
354 567 46
354 571 50
354 582 22
355 378 39
355 395 14
355 458 37
355 463 19
355 508 19
355 569 43
355 572 25
356 379 28
356 398 1
356 437 49
356 447 11
356 448 10
356 464 22
356 492 30
356 497 48
356 503 4
356 553 33
356 567 17
357 374 12
357 387 9
357 434 44
357 488 41
357 567 39
358 365 38
358 413 37
358 447 48
358 464 9
358 474 17
358 507 45
358 509 8
358 523 38
358 525 36
358 533 23
358 554 24
358 590 4
359 360 41
359 361 18
359 373 28
359 407 20
359 414 20
359 428 28
359 440 33
359 469 30
359 494 50
359 496 12
359 505 27
359 508 3
359 545 47
359 549 45
359 557 16
359 587 5
360 415 39
360 422 6
360 425 46
360 465 28
360 476 45
360 492 43
360 498 36
360 524 11
360 525 39
360 530 45
360 551 1
360 585 24
360 599 18
361 380 24
361 414 30
361 434 10
361 437 44
361 443 9
361 459 30
361 463 13
361 518 37
361 519 12
361 529 42
361 532 36
361 597 23
362 389 20
362 417 38
362 420 19
362 443 15
362 451 5
362 478 26
362 486 5
362 495 12
362 562 21
363 394 34
363 401 6
363 404 15
363 422 19
363 430 17
363 433 5
363 435 13
363 455 17
363 458 29
363 479 32
363 481 42
363 537 10
363 550 42
363 562 35
363 584 18
363 585 23
364 365 50
364 369 4
364 428 34
364 444 41
364 451 39
364 457 8
364 466 13
364 498 28
364 538 29
364 540 29
364 541 34
364 579 4
365 450 33
365 452 46
365 473 26
365 501 16
365 524 1
365 553 40
365 557 36
365 571 19
365 587 44
366 376 50
366 401 37
366 402 24
366 408 34
366 410 31
366 414 33
366 459 27
366 461 15
366 466 3
366 499 49
366 504 14
366 527 6
366 582 34
366 594 7
367 382 47
367 397 43
367 463 19
367 502 26
367 530 21
367 573 49
367 582 12
368 376 24
368 410 31
368 416 7
368 423 1
368 429 48
368 460 9
368 470 40
368 494 35
368 561 28
369 396 34
369 399 36
369 400 16
369 411 7
369 452 19
369 482 46
369 500 42
369 558 45
369 559 13
369 561 44
369 583 45
370 377 28
370 379 1
370 402 28
370 454 36
370 486 49
370 495 21
370 526 4
370 547 25
370 561 41
370 574 4
370 577 36
370 593 17
371 415 34
371 418 44
371 460 17
371 488 33
371 506 2
371 519 9
371 564 19
371 575 31
371 590 42
371 597 5
372 375 47
372 392 50
372 424 23
372 437 44
372 452 43
372 482 18
372 504 8
372 506 36
372 529 14
372 532 36
372 542 37
372 552 42
372 558 21
372 571 35
372 574 12
372 592 27
373 377 11
373 392 4
373 399 30
373 441 48
373 444 22
373 451 16
373 453 41
373 470 41
373 474 50
373 499 45
373 508 49
373 509 19
373 510 25
373 512 42
373 570 25
374 387 23
374 394 43
374 398 47
374 409 17
374 413 36
374 421 16
374 450 26
374 458 21
374 462 30
374 493 11
374 497 9
374 524 23
374 540 34
374 557 46
374 562 36
374 577 10
374 598 8
375 391 41
375 416 41
375 425 6
375 440 13
375 441 8
375 518 48
375 543 5
375 586 8
375 592 42
376 393 3
376 399 28
376 405 17
376 460 46
376 493 2
376 507 41
376 595 38
376 599 50
377 415 9
377 464 23
377 471 18
377 485 35
377 490 46
377 496 47
377 557 45
377 593 4
377 596 21
378 448 28
378 450 1
378 452 6
378 484 39
378 498 9
378 500 46
378 532 30
378 546 14
378 563 10
379 382 37
379 401 11
379 438 14
379 451 46
379 486 3
379 532 18
379 557 23
379 566 21
380 386 13
380 387 26
380 397 11
380 408 1
380 420 26
380 426 20
380 501 25
380 539 43
380 542 6
380 553 20
381 406 41
381 410 50
381 424 26
381 449 11
381 468 30
381 476 26
381 503 16
381 513 18
381 535 34
381 544 13
381 550 49
381 568 49
381 586 23
381 592 38
382 411 12
382 432 36
382 440 35
382 478 16
382 489 4
382 499 10
382 548 36
382 559 18
382 588 35
382 595 48
382 599 20
383 469 12
383 474 19
383 476 45
383 477 6
383 487 24
383 492 14
383 494 46
383 499 26
383 535 41
383 552 8
383 565 5
383 589 17
383 593 25
384 410 24
384 412 2
384 484 38
384 485 25
384 519 1
384 537 10
384 540 14
384 557 14
384 579 47
384 585 48
385 391 29
385 399 2
385 450 9
385 482 16
385 487 20
385 495 44
385 508 15
385 535 41
385 544 7
385 552 34
385 562 35
385 595 13
386 400 9
386 405 1
386 411 10
386 431 34
386 433 41
386 438 20
386 441 38
386 506 9
386 517 44
386 520 14
386 557 11
386 561 33
386 574 38
386 577 13
387 445 44
387 447 3
387 461 26
387 462 41
387 469 50
387 491 6
387 501 44
387 518 9
387 575 23
387 587 15
387 594 4
388 407 37
388 414 6
388 415 10
388 426 22
388 460 42
388 481 24
388 483 31
388 505 42
388 518 36
388 542 14
388 550 35
388 584 5
389 400 4
389 405 43
389 493 48
389 510 17
389 595 5
390 408 31
390 410 6
390 413 19
390 444 24
390 454 8
390 466 46
390 478 16
390 479 9
390 484 1
390 497 10
390 536 19
390 596 23
391 444 26
391 533 22
391 550 12
391 557 31
391 560 34
392 428 33
392 455 23
392 457 9
392 482 13
392 491 16
392 538 44
392 540 27
392 543 2
392 597 48
393 400 32
393 401 45
393 412 46
393 417 48
393 486 1
393 507 28
393 508 5
393 512 20
393 515 3
393 532 14
393 562 15
393 573 19
394 404 22
394 426 18
394 454 30
394 455 41
394 476 42
394 498 5
394 506 14
394 527 3
394 539 36
394 573 49
394 577 36
394 584 10
395 402 8
395 404 50
395 405 27
395 419 3
395 456 28
395 457 29
395 475 1
395 480 9
395 483 25
395 507 48
395 513 8
395 526 25
395 540 25
395 558 12
395 561 46
395 581 27
395 586 25
396 415 11
396 424 47
396 465 49
396 479 30
396 495 26
396 496 41
396 529 21
396 586 31
397 398 6
397 406 26
397 449 18
397 452 5
397 454 11
397 458 29
397 493 14
397 518 12
397 563 5
397 564 16
397 580 40
398 404 33
398 460 16
398 486 48
398 490 7
398 507 15
398 535 6
398 544 34
398 594 39
399 401 19
399 403 29
399 422 18
399 445 46
399 457 41
399 470 14
399 488 44
399 515 22
399 559 42
399 563 36
399 580 43
399 591 22
400 404 41
400 411 20
400 435 41
400 449 47
400 457 32
400 464 19
400 468 10
400 469 43
400 470 23
400 499 28
400 539 32
400 597 8
401 428 43
401 441 30
401 464 16
401 478 10
401 492 37
401 500 49
401 523 48
401 530 5
401 545 30
401 598 17
402 433 50
402 451 22
402 476 33
402 503 45
402 541 44
402 546 24
402 560 30
403 437 38
403 452 47
403 475 21
403 481 7
403 482 37
403 512 19
403 535 38
403 554 5
403 563 29
403 566 30
403 574 29
404 428 6
404 453 12
404 455 36
404 471 50
404 526 43
404 528 2
404 535 9
404 572 29
405 427 2
405 439 9
405 444 35
405 470 33
405 481 27
405 501 35
405 502 5
405 516 9
405 556 31
405 567 50
405 569 32
405 584 11
406 407 37
406 415 28
406 431 33
406 459 45
406 460 16
406 516 1
406 557 32
407 417 20
407 431 31
407 440 13
407 462 1
407 466 38
407 529 26
407 546 38
407 562 40
407 578 18
407 581 41
408 410 50
408 418 48
408 436 43
408 505 10
408 519 35
408 574 25
408 583 37
409 455 19
409 457 31
409 463 45
409 493 1
409 502 30
409 505 29
409 543 13
409 589 18
410 430 8
410 435 45
410 439 12
410 447 24
410 484 48
410 514 43
410 523 45
410 537 30
410 543 8
410 545 45
410 558 20
410 577 33
411 427 33
411 429 9
411 446 3
411 455 23
411 457 10
411 536 2
411 544 17
411 590 20
412 424 36
412 435 44
412 449 6
412 454 6
412 465 24
412 479 2
412 505 7
412 514 6
412 519 32
412 533 19
412 535 23
412 540 40
412 542 16
412 592 35
412 599 13
413 414 15
413 459 29
413 463 7
413 473 44
413 477 36
413 495 4
413 503 15
413 523 21
413 546 36
413 556 23
413 564 23
413 573 10
414 425 35
414 429 26
414 430 29
414 472 4
414 477 12
414 479 22
414 495 11
414 511 17
414 519 47
414 522 14
414 595 25
415 421 2
415 440 46
415 474 46
415 484 25
415 490 37
415 499 11
415 500 11
415 532 1
415 555 27
415 565 39
415 583 7
416 473 22
416 491 27
416 493 12
416 543 37
416 544 47
416 574 47
416 585 11
416 586 19
416 587 9
416 598 45
417 503 44
417 524 37
417 533 50
417 550 7
417 554 8
417 559 10
417 564 26
417 589 6
418 427 26
418 445 2
418 475 8
418 499 23
418 501 47
418 537 34
418 551 9
418 561 9
418 562 46
419 454 9
419 457 35
419 459 34
419 479 17
419 530 7
419 547 12
419 561 29
419 565 45
419 590 8
420 436 25
420 453 5
420 475 28
420 482 35
420 488 2
420 494 22
420 498 21
420 527 1
420 569 30
420 575 30
420 584 13
420 594 5
421 427 38
421 435 38
421 467 7
421 486 47
421 493 10
421 548 5
421 576 30
421 589 20
422 428 14
422 430 27
422 460 28
422 462 50
422 473 12
422 489 44
422 495 8
422 499 24
422 504 22
422 509 2
422 514 31
422 537 49
422 579 9
423 429 9
423 447 35
423 448 12
423 475 32
423 499 8
423 504 12
423 506 11
423 536 37
423 556 26
423 560 18
423 566 26
423 571 15
423 588 26
424 428 22
424 448 26
424 451 30
424 467 3
424 468 45
424 476 45
424 487 29
424 521 24
424 548 45
424 580 41
424 587 18
425 502 2
425 544 14
425 572 41
425 576 6
425 582 46
426 444 41
426 493 14
426 505 4
426 594 26
427 437 25
427 440 37
427 447 35
427 451 38
427 470 50
427 488 23
427 495 16
427 506 17
427 510 49
427 520 30
428 440 44
428 448 20
428 463 6
428 468 25
428 528 23
428 529 2
428 555 20
429 439 1
429 491 26
429 503 16
429 513 43
429 545 45
429 553 17
429 559 6
429 586 35
430 442 22
430 528 2
430 561 28
430 566 37
431 447 7
431 452 5
431 482 13
431 524 44
431 534 39
431 565 1
431 572 43
431 573 11
432 435 16
432 436 11
432 452 9
432 507 47
432 512 6
432 518 31
432 527 4
432 528 30
432 534 3
432 542 6
432 547 1
432 553 5
432 563 31
432 577 16
432 579 48
432 594 27
433 441 33
433 474 3
433 489 11
433 506 6
433 545 6
433 565 40
434 469 43
434 477 15
434 491 44
434 499 5
434 532 10
434 551 34
434 556 7
434 593 2
435 467 47
435 528 24
435 541 14
435 568 7
435 593 23
436 511 19
436 528 37
436 536 26
436 539 50
436 545 39
436 572 31
436 579 1
437 455 44
437 459 13
437 464 16
437 501 41
437 513 39
437 529 50
437 565 45
437 569 2
437 582 6
438 482 3
438 485 43
438 488 50
438 491 17
438 509 39
438 568 6
438 570 28
439 441 22
439 449 15
439 505 29
439 547 18
439 557 38
439 561 44
439 568 25
439 580 10
439 591 14
440 465 13
440 474 38
440 505 13
440 521 2
440 544 20
440 551 13
440 564 47
440 598 35
441 449 29
441 452 39
441 453 23
441 501 30
441 502 35
441 506 26
441 515 35
441 534 37
441 536 19
441 542 36
441 550 5
441 560 7
441 582 44
441 596 32
442 448 30
442 456 8
442 485 12
442 489 50
442 525 47
442 541 7
442 555 24
442 564 9
442 568 20
442 570 38
443 461 46
443 482 33
443 483 39
443 489 15
443 504 47
443 513 37
443 554 49
443 577 27
443 582 25
444 453 24
444 461 7
444 488 12
444 537 1
444 553 43
444 568 50
445 493 19
445 501 29
445 505 7
445 517 27
445 551 22
445 574 38
445 581 7
445 596 31
446 465 2
446 478 6
446 485 27
446 489 10
446 531 31
446 582 35
446 589 30
446 596 18
446 599 30
447 467 14
447 482 9
447 484 47
447 587 10
448 466 47
448 479 45
448 538 37
448 564 24
448 580 20
449 464 45
449 493 35
449 500 21
449 501 37
449 505 34
449 508 39
449 522 15
449 542 40
450 497 18
450 527 38
450 534 30
450 542 26
450 571 18
450 584 33
451 455 33
451 458 45
451 460 42
451 471 15
451 473 29
451 487 23
451 514 34
451 577 11
452 471 36
452 480 42
452 501 7
452 510 48
452 528 41
453 531 3
453 544 36
453 545 14
453 572 23
453 578 30
454 483 48
454 518 43
454 532 16
454 582 31
454 586 33
454 596 33
455 463 23
455 494 50
455 504 22
455 507 2
455 515 27
455 519 42
455 599 36
456 508 9
456 521 38
456 547 27
456 569 23
456 592 18
456 595 50
456 598 7
457 462 28
457 468 37
457 523 50
457 544 36
457 548 36
457 550 40
457 561 39
457 564 21
457 571 3
457 580 11
457 584 2
457 599 2
458 481 3
458 563 20
458 575 35
458 599 37
459 473 4
459 504 7
459 512 39
459 515 27
459 524 10
459 545 15
459 573 18
459 578 45
459 581 24
460 485 5
460 560 23
460 573 48
460 576 23
460 583 24
460 597 4
461 486 2
461 545 11
461 559 6
461 574 38
461 581 48
461 589 45
462 471 26
462 473 21
462 483 50
462 498 38
462 579 22
462 582 1
463 468 42
463 480 43
463 512 37
463 518 28
463 550 46
463 552 43
464 466 16
464 551 23
464 581 2
464 586 33
465 510 42
465 531 48
465 542 8
465 543 49
465 581 21
465 588 5
466 496 21
466 503 44
466 535 11
466 549 24
466 556 6
466 565 16
466 567 11
467 471 4
467 486 12
467 488 38
467 540 24
467 569 13
467 572 25
467 578 47
467 579 16
467 590 16
468 486 40
468 491 2
468 579 46
469 475 37
469 508 47
469 543 13
470 471 11
470 477 50
470 529 45
470 550 5
470 582 48
471 523 2
471 529 3
471 582 20
471 583 7
472 508 25
472 512 13
472 535 19
472 539 48
472 544 21
472 591 36
472 594 11
472 598 24
473 478 47
473 489 48
473 565 49
473 572 12
474 483 25
474 497 47
474 514 27
474 528 42
474 542 36
474 548 30
474 550 37
474 579 25
474 581 26
474 586 50
475 550 37
476 484 26
476 515 46
476 518 41
476 536 23
476 537 48
476 559 43
476 566 42
476 594 6
477 488 19
477 521 6
477 523 24
477 525 17
477 537 26
477 539 9
477 557 29
477 560 1
477 561 7
477 564 26
477 568 49
477 583 18
477 598 2
478 486 46
478 495 46
478 518 44
478 573 33
478 594 26
479 543 30
479 552 9
479 587 3
479 596 31
480 496 46
480 522 28
480 528 27
480 539 38
480 542 2
480 565 26
481 539 33
481 566 45
481 591 31
482 494 1
482 503 3
482 511 6
482 524 19
482 527 28
482 582 16
482 583 47
482 586 29
483 488 22
483 499 23
483 521 29
483 539 42
483 544 26
483 570 26
483 578 39
483 580 19
483 593 11
483 597 14
484 498 1
484 501 19
484 518 19
484 532 33
484 535 16
484 555 46
484 580 11
484 598 4
485 490 50
485 493 36
485 494 36
485 520 46
485 522 18
485 536 38
485 539 48
485 579 25
485 590 7
485 594 26
485 597 40
486 519 3
486 535 6
486 582 14
487 489 27
487 500 36
487 504 5
487 522 3
487 540 12
487 543 43
487 586 23
488 509 24
488 549 9
488 564 23
488 588 42
488 599 27
489 498 6
489 518 8
489 520 24
489 535 16
489 548 13
490 560 23
490 562 4
490 587 48
491 510 21
491 519 23
491 549 37
491 566 18
491 593 48
492 520 43
492 527 45
492 533 37
492 546 48
493 514 2
493 519 50
493 586 26
493 590 38
494 516 6
494 559 28
494 588 1
494 589 1
494 598 3
495 527 24
496 500 9
496 506 25
496 517 17
496 529 37
496 543 32
496 553 24
496 597 12
497 512 50
497 522 36
497 533 37
497 540 3
497 558 35
497 559 7
497 572 25
498 540 22
498 560 24
498 578 22
499 512 16
499 516 19
499 580 11
499 591 13
499 598 20
500 520 12
500 523 39
500 565 9
500 578 18
500 585 18
500 591 11
501 502 20
501 508 20
501 551 36
501 554 28
501 560 47
501 569 3
501 571 16
501 594 28
502 547 28
502 555 27
502 570 29
502 579 16
503 526 13
504 588 31
505 556 2
505 574 19
505 576 8
505 582 25
505 595 43
507 509 31
507 551 41
507 556 13
507 559 41
507 577 5
507 597 34
508 530 5
508 538 45
508 543 43
508 548 22
508 572 13
508 576 5
508 587 43
509 511 34
509 532 41
509 536 20
509 584 32
510 540 45
510 566 37
510 592 10
511 555 22
511 581 13
512 514 40
512 542 39
512 566 26
512 572 21
512 589 41
513 518 46
513 541 30
513 579 15
514 537 38
514 542 10
514 560 7
514 563 2
514 571 3
514 597 12
515 522 36
515 541 7
515 570 6
516 526 30
516 537 30
516 546 20
516 549 34
516 567 22
516 589 6
516 599 26
517 519 43
517 535 37
517 538 20
517 542 29
517 545 48
517 566 44
517 588 41
518 533 38
518 549 32
518 575 18
518 576 10
518 584 22
519 549 14
519 551 39
519 565 39
519 574 3
520 530 48
520 561 45
520 564 5
520 569 2
520 590 8
521 522 40
521 527 8
521 530 16
521 553 19
521 561 37
521 582 35
522 530 4
522 534 8
522 538 42
522 539 30
522 561 2
522 565 29
522 581 49
522 599 30
523 545 26
523 554 42
523 563 21
523 580 15
524 533 26
524 547 40
524 569 24
524 580 49
524 595 3
525 562 12
525 564 37
525 571 6
525 595 12
526 579 34
527 535 10
527 558 13
527 561 41
527 590 1
528 534 23
528 575 6
528 586 19
529 573 9
529 583 43
529 584 24
530 531 19
530 538 34
530 566 3
530 570 20
531 534 12
531 564 2
531 573 2
531 575 40
531 579 45
532 549 24
532 562 6
532 565 20
532 580 13
532 590 30
532 592 21
533 563 18
533 577 43
534 566 7
535 576 23
536 570 6
536 585 40
536 599 34
537 563 21
538 544 33
538 553 36
539 553 43
539 583 38
539 591 4
540 548 3
540 550 32
540 597 29
541 556 21
541 573 16
541 584 32
542 547 43
542 554 29
542 558 35
542 580 46
542 594 20
542 595 29
543 553 19
543 574 26
543 579 1
543 585 31
544 546 5
545 561 21
545 579 50
545 584 49
545 586 29
545 589 22
545 594 5
545 595 21
546 562 7
546 568 25
547 550 3
547 562 42
547 574 17
547 579 42
547 588 47
547 589 19
547 591 26
548 551 26
548 570 42
548 576 41
548 595 9
548 598 36
549 576 21
549 579 43
549 581 31
549 583 43
549 592 23
550 561 49
553 569 18
553 578 25
554 596 31
555 577 24
555 588 47
556 569 31
556 594 24
556 595 26
557 564 4
557 574 28
557 594 48
558 564 13
558 578 4
559 572 50
560 575 6
560 586 22
560 587 43
561 594 3
562 566 43
563 569 18
563 575 30
563 592 34
564 588 10
565 568 38
565 569 21
565 594 33
568 580 30
568 587 1
571 593 25
572 588 4
572 597 1
573 598 44
574 579 29
574 584 33
575 580 17
575 587 25
575 594 15
577 579 40
578 592 2
578 598 19
578 599 20
581 585 49
581 590 33
583 585 25
583 588 50
583 597 38
584 592 47
585 594 43
586 587 42
586 594 39
587 590 12
589 594 23
589 597 24
591 599 24
596 598 10
600 299 78
601 599 16
600 601 94
602 619 3
602 634 5
602 679 10
602 696 6
602 724 2
602 742 5
602 752 6
602 762 6
602 771 2
602 793 7
602 814 10
602 879 3
602 889 10
603 628 5
603 644 8
603 645 8
603 658 5
603 661 6
603 673 6
603 689 7
603 703 8
603 707 1
603 714 6
603 759 9
603 763 2
603 789 1
603 813 5
603 824 4
603 825 9
604 611 4
604 631 5
604 646 3
604 667 8
604 668 7
604 731 8
604 735 1
604 740 1
604 772 5
604 791 7
604 793 4
604 839 1
604 845 8
604 866 6
604 877 10
604 893 2
605 614 6
605 628 10
605 642 9
605 650 3
605 661 7
605 670 7
605 685 2
605 735 7
605 770 4
605 780 1
605 798 10
605 833 4
605 861 7
606 619 6
606 649 4
606 662 1
606 742 10
606 748 6
606 761 10
606 816 8
606 853 5
606 869 1
607 626 8
607 638 9
607 660 9
607 752 3
607 771 9
607 795 6
607 796 1
607 802 1
607 810 9
607 829 8
607 861 2
607 867 9
607 872 10
607 873 8
607 883 5
607 888 1
607 895 7
608 609 8
608 625 3
608 695 6
608 701 3
608 795 10
608 808 1
608 842 6
608 843 10
608 845 3
608 851 3
608 860 9
608 866 10
608 871 7
608 874 1
608 890 10
609 643 7
609 656 9
609 667 4
609 678 8
609 688 6
609 724 4
609 737 10
609 767 5
609 788 1
609 791 1
609 793 3
609 795 2
609 805 10
609 809 10
609 827 5
609 877 6
609 883 7
609 885 7
610 624 4
610 651 2
610 694 8
610 710 4
610 720 9
610 724 9
610 739 8
610 742 2
610 756 8
610 779 8
611 643 10
611 661 10
611 667 9
611 677 9
611 687 9
611 761 2
611 763 6
611 776 4
611 780 6
611 857 5
611 900 10
612 679 8
612 721 5
612 734 5
612 752 10
612 764 6
612 778 4
612 786 4
612 795 2
612 806 2
612 824 2
612 831 7
612 867 3
613 630 10
613 632 10
613 645 4
613 703 8
613 724 10
613 730 5
613 746 7
613 755 7
613 799 6
613 802 7
613 809 7
613 811 4
613 840 7
613 846 8
614 649 9
614 660 2
614 663 5
614 664 5
614 714 2
614 722 3
614 760 1
614 801 8
614 811 4
614 862 7
614 874 3
615 641 7
615 659 10
615 662 6
615 664 10
615 686 6
615 701 9
615 725 9
615 726 7
615 765 2
615 774 9
615 793 6
615 830 8
615 863 7
615 887 4
616 641 5
616 643 5
616 645 10
616 667 9
616 687 1
616 716 10
616 721 9
616 747 3
616 752 4
616 753 4
616 774 6
616 833 8
616 838 6
616 839 5
616 845 1
616 860 4
617 631 7
617 648 7
617 693 3
617 709 2
617 724 9
617 752 10
617 755 2
617 793 7
617 827 7
617 831 5
617 901 7
618 627 4
618 636 4
618 660 4
618 666 8
618 679 9
618 682 8
618 687 9
618 711 7
618 730 1
618 762 8
618 784 7
618 787 5
618 803 4
618 821 2
618 881 10
618 884 1
618 901 8
619 622 6
619 629 2
619 639 1
619 663 2
619 668 10
619 686 6
619 694 5
619 705 8
619 709 5
619 721 9
619 760 7
619 776 3
619 819 3
619 850 5
619 858 7
619 893 7
619 898 8
620 653 6
620 685 7
620 696 8
620 703 6
620 728 5
620 731 8
620 750 6
620 765 1
620 769 2
620 779 9
620 791 5
620 800 3
620 807 1
620 827 2
620 833 8
620 854 2
620 858 4
620 876 1
620 885 4
620 893 1
621 625 5
621 626 1
621 667 6
621 672 3
621 684 9
621 728 10
621 731 8
621 766 4
621 768 6
621 784 6
621 816 3
621 835 3
621 856 2
621 890 10
621 895 1
622 672 6
622 677 9
622 709 6
622 761 8
622 795 2
622 809 6
622 813 2
622 854 6
622 881 6
623 665 5
623 668 3
623 682 10
623 687 1
623 743 5
623 763 3
623 804 1
623 824 2
623 826 5
623 832 8
623 854 6
623 862 6
623 868 8
623 876 3
623 882 9
623 893 5
623 900 10
624 642 3
624 646 10
624 649 3
624 675 5
624 681 10
624 723 10
624 744 3
624 773 7
624 778 8
624 815 7
624 846 2
624 858 1
624 882 2
625 640 9
625 664 8
625 690 7
625 718 8
625 737 8
625 745 1
625 784 2
625 785 10
625 791 2
625 813 7
625 824 10
625 845 10
625 876 2
625 881 7
625 885 4
625 898 2
626 630 3
626 645 4
626 668 4
626 676 2
626 690 6
626 694 8
626 720 3
626 743 6
626 747 3
626 768 9
626 785 5
626 856 9
626 881 2
626 884 7
627 636 10
627 669 3
627 690 4
627 700 6
627 726 10
627 730 3
627 822 9
627 833 2
627 870 3
627 899 2
628 653 10
628 666 2
628 677 1
628 711 1
628 731 10
628 778 5
628 800 4
628 804 2
628 808 10
628 847 7
628 863 6
628 864 5
628 867 7
629 637 8
629 663 2
629 680 9
629 696 9
629 700 8
629 744 7
629 762 2
629 763 5
629 779 8
629 784 4
629 818 8
629 822 6
629 827 6
629 831 1
629 865 4
629 881 9
630 753 5
630 754 5
630 769 8
630 790 8
630 810 8
630 834 10
630 852 7
631 645 2
631 651 3
631 654 8
631 658 3
631 660 1
631 688 5
631 714 9
631 737 7
631 745 5
631 806 1
631 831 7
631 842 5
631 851 10
631 891 3
631 894 6
632 695 4
632 697 3
632 753 2
632 768 2
632 791 8
632 830 9
632 839 4
632 844 1
632 869 7
632 879 8
632 883 7
632 888 6
632 900 5
633 656 4
633 671 5
633 698 3
633 710 7
633 740 9
633 745 2
633 746 9
633 759 1
633 764 7
633 780 10
633 782 10
633 819 1
633 825 10
633 888 6
633 892 5
633 897 9
634 654 1
634 676 2
634 726 5
634 730 3
634 734 5
634 855 8
634 869 2
634 880 3
634 892 1
635 638 2
635 653 9
635 656 10
635 662 10
635 701 4
635 703 6
635 708 6
635 710 10
635 735 8
635 748 4
635 770 10
635 771 9
635 772 5
635 847 1
635 879 7
635 896 4
636 657 10
636 665 9
636 687 5
636 690 7
636 748 5
636 786 3
636 795 7
636 806 7
636 808 9
636 851 9
636 901 1
637 662 6
637 676 10
637 689 6
637 741 6
637 793 3
637 799 4
637 808 7
637 822 5
637 830 10
637 853 2
637 874 10
637 881 1
637 895 9
637 899 3
638 664 1
638 680 10
638 719 9
638 781 3
638 787 6
638 797 2
638 802 4
638 839 5
638 870 6
638 871 10
638 872 9
638 889 1
638 899 7
639 654 7
639 686 9
639 694 7
639 707 10
639 731 5
639 795 9
639 802 5
639 814 2
639 824 3
639 868 10
639 873 9
639 875 7
639 890 9
640 641 10
640 642 8
640 666 2
640 717 1
640 719 3
640 765 4
640 790 2
640 901 1
641 679 6
641 685 9
641 703 3
641 715 1
641 731 5
641 750 10
641 756 10
641 766 4
641 808 10
641 809 8
641 821 2
641 839 9
641 845 7
641 847 1
641 852 5
641 853 5
641 863 7
642 663 6
642 668 9
642 682 7
642 705 6
642 735 8
642 746 7
642 759 6
642 811 5
642 816 8
642 825 8
642 826 9
642 845 1
642 879 9
643 659 10
643 662 8
643 680 9
643 692 4
643 706 8
643 742 4
643 747 3
643 768 10
643 792 9
643 810 5
643 827 7
643 834 10
643 860 5
643 890 5
644 695 3
644 701 9
644 735 1
644 740 1
644 750 6
644 768 10
644 777 7
644 789 2
644 804 7
644 815 6
644 821 9
644 822 3
644 829 5
644 839 6
644 858 2
644 861 6
644 866 6
644 888 3
645 658 5
645 673 4
645 678 6
645 694 3
645 696 7
645 706 10
645 760 2
645 803 5
645 804 4
645 805 10
645 860 7
646 664 10
646 692 5
646 703 1
646 711 8
646 745 7
646 783 1
646 787 6
646 815 6
646 874 10
646 894 7
647 667 4
647 676 5
647 701 5
647 713 7
647 722 9
647 730 2
647 743 8
647 749 6
647 758 7
647 760 10
647 766 1
647 770 2
647 774 7
647 796 5
647 797 1
647 817 8
647 840 8
647 842 7
647 854 4
647 859 7
647 899 3
648 658 3
648 715 3
648 716 3
648 733 3
648 753 10
648 758 4
648 768 8
648 778 7
648 798 3
648 801 4
648 813 1
648 824 9
648 857 10
648 872 7
648 873 7
648 874 1
649 734 6
649 743 3
649 749 9
649 771 7
649 776 5
649 795 2
649 812 5
649 826 9
650 684 2
650 691 2
650 698 6
650 710 9
650 715 7
650 727 4
650 743 1
650 774 10
650 781 7
650 792 6
650 799 4
650 809 8
650 825 1
650 829 1
650 862 6
650 870 5
650 871 6
650 897 6
651 683 3
651 742 5
651 751 4
651 763 9
651 785 7
651 794 1
651 799 3
651 804 7
651 813 9
651 845 7
651 851 8
651 857 3
651 869 7
652 654 10
652 662 7
652 669 2
652 684 8
652 698 3
652 699 8
652 741 10
652 830 4
652 884 6
653 654 5
653 680 7
653 694 3
653 757 7
653 758 7
653 785 8
653 800 1
653 815 4
653 838 6
653 842 3
653 851 8
653 869 1
653 885 4
654 719 6
654 737 2
654 746 6
654 792 2
654 819 10
654 826 5
654 829 10
654 882 5
654 890 3
655 720 9
655 733 1
655 734 5
655 767 8
655 788 3
655 825 2
655 847 9
655 878 9
655 879 9
655 897 6
656 664 5
656 679 1
656 705 2
656 760 4
656 764 10
656 780 3
656 784 7
656 817 7
656 821 5
656 874 7
656 881 8
657 720 8
657 726 2
657 740 1
657 751 6
657 776 6
657 783 10
657 801 2
657 818 5
657 854 4
657 878 4
657 889 5
657 891 6
658 662 10
658 704 4
658 708 1
658 721 3
658 730 2
658 731 9
658 745 1
658 762 7
658 842 3
658 851 3
658 888 9
659 662 6
659 686 5
659 696 3
659 707 5
659 736 1
659 753 7
659 755 1
659 769 10
659 777 7
659 781 4
659 808 10
659 811 4
659 836 9
660 731 2
660 752 7
660 792 5
660 803 7
660 825 2
660 846 1
660 895 3
660 899 4
661 667 4
661 671 5
661 674 6
661 712 8
661 736 3
661 753 9
661 773 6
661 809 7
661 811 3
661 842 6
661 850 5
661 862 9
661 868 8
661 884 9
661 896 10
662 671 7
662 703 9
662 722 1
662 773 5
662 776 2
662 807 3
662 814 8
662 855 3
662 892 4
662 899 4
663 666 7
663 683 2
663 734 7
663 756 8
663 785 6
663 791 10
663 792 3
663 847 10
663 848 8
663 864 2
663 866 4
664 669 6
664 695 8
664 699 1
664 747 10
664 760 3
664 785 5
664 801 9
664 817 1
664 829 3
664 830 10
664 844 9
664 857 3
664 875 10
664 882 3
665 677 4
665 700 4
665 708 10
665 710 8
665 713 9
665 716 5
665 728 5
665 794 1
665 795 1
665 816 4
665 820 6
666 673 1
666 678 6
666 693 8
666 709 8
666 732 8
666 733 1
666 788 5
666 791 7
666 792 1
666 802 6
666 809 9
666 857 5
666 872 4
666 875 1
667 673 9
667 682 5
667 685 9
667 730 1
667 750 7
667 760 1
667 792 7
667 797 10
667 799 2
667 809 4
667 839 9
667 848 8
667 854 8
667 857 9
667 858 9
667 897 3
668 699 6
668 740 1
668 849 1
668 851 3
668 869 10
668 880 10
668 899 4
669 711 6
669 712 6
669 756 6
669 819 1
669 848 4
669 865 1
669 877 7
669 882 7
669 889 1
669 892 1
670 674 5
670 718 2
670 733 7
670 735 8
670 816 10
670 826 9
670 835 1
670 850 3
670 858 7
670 860 9
670 874 3
670 884 7
671 672 9
671 677 5
671 715 4
671 722 9
671 735 7
671 749 7
671 756 10
671 757 6
671 766 2
671 804 5
671 806 1
671 808 7
671 860 7
671 880 7
672 693 9
672 696 5
672 715 5
672 729 10
672 741 6
672 744 9
672 761 3
672 766 4
672 767 8
672 778 2
672 785 4
672 808 9
672 811 6
672 815 10
672 852 7
672 870 10
673 721 8
673 730 5
673 767 5
673 782 2
673 790 5
673 796 3
673 818 10
673 833 6
673 850 9
673 867 1
673 870 2
674 712 1
674 725 9
674 729 8
674 793 7
674 800 8
674 847 3
674 874 1
674 892 9
675 679 10
675 725 2
675 735 3
675 756 5
675 776 1
675 778 6
675 791 9
675 813 9
675 822 1
675 841 8
675 857 7
675 866 3
675 872 8
676 707 3
676 710 9
676 711 1
676 713 7
676 731 1
676 736 10
676 737 4
676 770 9
676 773 2
676 790 5
676 793 10
676 804 10
676 829 3
676 852 8
676 855 9
676 901 7
677 688 9
677 741 9
677 756 6
677 806 2
677 900 1
678 719 10
678 728 2
678 786 8
678 815 10
678 821 3
678 865 9
678 898 10
679 708 9
679 729 3
679 790 7
679 798 4
679 808 1
679 815 7
679 832 2
679 833 1
679 845 6
680 701 6
680 729 10
680 787 7
680 803 10
680 806 1
680 821 8
680 844 4
680 850 8
680 870 7
681 743 10
681 763 8
681 775 5
681 816 7
681 838 9
681 850 8
681 852 9
681 853 3
681 898 5
682 710 8
682 716 7
682 722 5
682 761 7
682 803 7
682 836 7
682 852 5
682 865 10
683 696 7
683 704 1
683 756 2
683 758 8
683 761 8
683 767 9
683 773 7
683 831 6
683 835 8
683 845 9
683 875 4
683 876 4
683 890 6
684 690 2
684 730 3
684 739 4
684 754 6
684 770 2
684 771 4
684 774 3
684 811 2
684 825 8
684 836 8
684 863 1
684 893 4
685 712 2
685 743 10
685 754 1
685 765 9
685 804 4
685 813 2
685 824 7
685 851 7
685 861 5
686 700 4
686 750 6
686 782 3
686 813 2
686 833 2
686 851 1
686 868 10
687 690 7
687 722 4
687 734 8
687 744 8
687 746 8
687 762 3
687 775 5
687 797 1
687 816 6
687 822 8
687 825 4
688 722 6
688 786 7
688 793 5
688 802 1
688 825 10
688 842 4
688 848 3
688 856 10
688 860 9
688 862 5
689 692 7
689 751 5
689 760 9
689 768 10
689 772 1
689 775 2
689 784 4
689 792 4
689 817 4
689 824 5
689 880 10
690 704 9
690 716 2
690 732 7
690 750 8
690 752 4
690 760 3
690 818 1
690 821 2
690 827 10
690 875 4
691 704 7
691 716 8
691 717 8
691 718 7
691 723 8
691 730 3
691 784 10
691 826 9
691 841 2
691 858 4
691 897 5
692 714 6
692 725 4
692 746 7
692 779 8
692 784 7
692 791 2
692 818 1
692 827 2
692 849 6
692 850 10
692 859 10
693 698 8
693 706 8
693 722 10
693 760 1
693 794 1
693 809 10
693 818 4
693 833 2
693 842 5
693 852 10
694 721 2
694 775 3
694 812 7
694 816 9
694 818 5
694 870 8
694 893 9
694 895 8
695 698 3
695 709 4
695 716 4
695 717 6
695 729 2
695 736 3
695 744 5
695 854 3
695 864 4
696 698 6
696 729 10
696 744 5
696 765 8
696 787 7
696 789 5
696 816 9
696 836 10
696 838 5
696 873 10
696 886 3
697 706 8
697 725 4
697 740 5
697 744 9
697 751 6
697 759 3
697 828 9
697 841 3
697 868 10
697 889 8
698 704 10
698 710 2
698 717 3
698 732 5
698 734 9
698 748 4
698 793 8
698 796 5
698 826 8
698 841 3
698 847 1
698 850 7
698 866 7
698 889 10
699 710 6
699 765 1
699 774 8
699 786 7
699 794 7
699 803 9
699 813 9
699 820 7
699 826 2
699 835 3
699 859 5
699 887 10
699 894 5
700 715 6
700 725 4
700 749 6
700 782 3
700 810 3
700 858 9
700 865 7
700 874 10
700 886 10
700 896 2
700 900 9
701 739 4
701 753 9
701 759 1
701 829 6
701 841 7
701 853 9
701 857 5
701 859 4
701 862 10
701 872 4
701 892 10
702 704 8
702 718 2
702 742 1
702 762 4
702 789 6
702 795 3
702 804 1
702 829 5
702 869 10
702 885 6
703 723 8
703 800 7
703 826 10
703 861 2
703 885 6
704 781 6
704 787 3
704 793 5
704 797 9
704 810 1
704 872 8
704 888 9
705 728 1
705 736 6
705 752 5
705 761 10
705 769 10
705 770 1
705 787 1
705 791 6
705 796 10
705 805 10
705 813 9
705 835 10
705 836 4
705 841 4
705 847 5
706 721 6
706 733 10
706 757 6
706 767 1
706 789 7
706 803 2
706 824 2
706 849 9
706 898 7
707 735 9
707 742 1
707 804 3
707 900 7
708 752 4
708 759 1
708 767 5
708 786 6
708 796 6
708 814 1
708 832 7
708 873 7
708 882 1
708 889 7
708 897 4
709 714 1
709 721 7
709 728 5
709 757 2
709 782 2
709 788 8
709 822 6
709 871 7
710 719 8
710 720 1
710 722 9
710 732 6
710 776 5
710 846 10
710 859 4
710 884 3
711 728 8
711 733 7
711 760 6
711 772 6
711 819 2
711 841 8
711 864 10
711 901 7
712 734 5
712 774 10
712 777 4
712 789 1
712 804 3
712 825 2
712 859 7
712 893 3
712 894 10
713 738 1
713 743 6
713 749 1
713 754 10
713 763 2
713 787 9
713 795 7
713 862 4
713 868 7
713 869 3
713 877 10
714 718 8
714 719 8
714 739 3
714 770 7
714 773 6
714 780 8
714 819 2
714 839 7
714 854 5
714 855 3
714 859 6
715 727 9
715 734 5
715 759 9
715 808 1
715 817 7
715 818 2
715 886 7
715 892 1
716 719 2
716 722 9
716 754 6
716 774 4
716 788 9
716 791 9
716 816 3
716 820 7
716 848 5
716 861 1
716 878 1
716 900 4
717 776 9
717 789 9
717 791 6
717 826 5
717 849 6
717 865 3
717 887 9
718 727 5
718 729 9
718 733 1
718 742 10
718 797 7
718 814 5
718 853 10
718 878 10
719 739 1
719 748 1
719 756 8
719 772 3
719 779 4
719 800 7
719 832 9
719 842 8
719 843 7
719 861 9
719 871 10
719 872 3
719 878 3
719 901 10
720 760 4
720 778 7
720 821 10
720 833 4
720 843 2
720 862 5
720 875 1
720 880 7
721 722 3
721 724 5
721 725 5
721 730 5
721 745 6
721 788 4
721 802 10
721 803 7
721 830 5
721 836 2
721 842 8
721 863 2
721 868 5
721 888 3
721 895 10
722 726 5
722 731 10
722 737 6
722 754 5
722 770 1
722 804 1
722 866 8
722 882 1
722 895 4
722 896 6
722 897 10
723 735 9
723 738 9
723 739 6
723 771 9
723 786 5
723 821 10
723 893 6
724 728 2
724 729 5
724 735 1
724 747 7
724 751 6
724 795 8
724 815 1
724 824 7
724 844 7
724 852 4
724 863 3
724 883 9
725 732 6
725 738 9
725 742 1
725 794 1
725 798 4
725 799 1
725 822 3
725 889 3
726 747 3
726 771 8
726 786 8
726 796 5
726 797 6
726 852 6
726 866 10
726 868 5
726 889 3
727 754 2
727 772 10
727 789 6
727 798 6
727 811 2
727 813 4
727 828 1
727 846 9
727 849 6
727 868 9
728 773 7
728 774 9
728 779 4
728 813 8
728 817 6
728 886 2
729 770 8
729 810 9
729 817 7
729 829 10
729 843 1
729 856 9
729 863 3
730 758 9
730 771 6
730 773 7
730 808 4
730 843 4
730 855 6
730 894 10
731 736 8
731 741 7
731 754 9
731 770 3
731 807 4
731 816 1
731 830 6
731 831 6
731 894 1
732 746 1
732 758 5
732 771 10
732 785 1
732 800 10
732 805 9
732 815 7
732 867 1
732 890 6
733 747 7
733 780 8
733 804 5
734 759 7
734 805 8
734 831 9
734 840 5
734 865 4
734 901 5
735 746 1
735 769 9
735 786 3
735 789 10
735 795 6
735 799 1
735 865 1
735 883 8
736 771 5
736 780 3
736 788 5
736 869 2
737 741 3
737 789 7
737 820 8
737 832 4
737 837 9
737 880 7
737 891 2
738 740 7
738 745 8
738 787 9
738 856 3
738 862 7
738 876 6
738 877 10
738 887 6
738 891 4
739 768 6
739 781 9
739 808 9
739 809 8
739 818 9
739 820 3
739 828 8
739 844 4
739 851 3
739 856 8
739 867 3
739 875 9
739 877 10
739 887 9
739 894 1
740 742 4
740 768 5
740 770 8
740 788 10
740 791 6
740 802 5
740 820 1
740 838 2
740 855 4
740 862 10
741 757 7
741 833 2
741 861 7
741 881 8
742 744 7
742 748 10
742 782 3
742 789 8
742 804 10
742 848 1
742 855 6
742 859 2
742 885 10
742 887 2
743 783 7
743 786 9
743 808 4
743 812 5
743 821 10
743 847 3
743 849 5
743 864 3
743 867 9
743 893 5
743 895 4
743 899 4
744 775 1
744 779 5
744 790 8
744 792 6
744 803 6
744 833 4
744 836 9
744 846 2
744 860 1
744 884 7
744 897 3
745 751 5
745 755 4
745 789 5
745 797 7
745 816 2
745 833 6
745 847 6
745 850 5
745 878 2
746 747 4
746 759 10
746 772 9
746 781 5
746 786 4
746 803 5
746 825 8
746 877 3
746 879 9
746 893 3
746 899 8
747 760 1
747 764 7
747 767 7
747 770 6
747 775 4
747 807 10
747 814 4
747 817 7
747 839 2
747 885 1
748 772 2
748 784 9
748 800 6
748 802 6
748 805 5
748 806 9
748 807 3
748 848 3
748 865 3
748 881 7
749 767 8
749 788 5
749 797 5
749 814 3
749 820 8
749 845 9
749 864 2
749 868 10
749 871 10
749 889 4
750 768 10
750 770 10
750 805 3
750 846 6
750 854 8
750 863 6
750 890 8
750 896 3
750 900 5
751 757 9
751 786 3
751 810 6
751 812 9
751 823 1
751 824 3
751 849 4
752 776 1
752 780 5
752 813 6
752 820 4
752 827 3
752 836 3
752 850 8
752 852 7
752 856 5
752 857 7
752 870 8
752 886 6
753 761 7
753 777 9
753 834 2
753 846 8
753 850 8
753 860 4
754 765 5
754 768 7
754 777 9
754 780 2
754 807 10
754 814 3
754 842 3
754 863 4
755 773 10
755 774 1
755 781 4
755 789 2
755 794 6
755 824 5
755 832 9
755 854 1
755 855 10
755 894 1
756 772 6
756 779 9
756 781 10
756 791 2
756 829 5
756 831 7
756 853 10
756 856 3
756 876 7
756 881 1
757 769 2
757 779 6
757 812 4
757 865 7
757 874 3
758 770 4
758 780 8
758 807 2
758 813 9
758 818 2
758 827 5
758 850 8
758 870 3
758 874 1
758 895 2
759 771 8
759 800 7
759 820 10
759 843 1
759 870 8
759 883 2
759 884 6
759 893 8
760 767 1
760 784 9
760 809 4
760 840 9
761 794 8
761 809 7
761 852 5
761 884 8
761 885 10
761 888 1
762 787 3
762 811 6
762 830 3
762 868 7
762 887 6
763 766 6
763 780 5
763 782 7
763 793 2
763 820 4
763 831 1
763 834 2
763 890 5
764 779 1
764 809 10
764 824 6
764 863 1
764 867 9
764 883 8
764 894 8
764 900 6
765 769 8
765 776 6
765 782 10
765 797 7
765 820 6
765 845 8
765 858 1
765 859 5
765 866 9
765 888 1
766 778 8
766 822 5
766 824 5
766 845 4
766 853 10
766 889 10
767 786 10
767 797 8
767 803 4
767 805 3
767 871 9
767 880 7
767 881 8
767 888 9
768 772 7
768 783 3
768 821 1
768 838 7
768 849 2
768 853 8
768 854 3
768 862 10
768 874 5
769 786 4
769 793 8
769 886 2
769 896 3
770 801 8
770 804 7
770 811 1
770 817 1
770 833 4
770 856 7
770 857 7
770 858 9
770 868 8
770 875 9
770 890 10
771 776 6
771 792 2
771 831 2
771 861 6
771 871 8
771 895 1
772 807 6
772 817 6
772 844 4
772 855 8
772 866 3
773 788 5
773 797 7
773 806 5
773 815 6
773 867 1
773 887 10
773 896 3
774 850 5
774 871 4
774 898 3
775 793 1
775 804 6
775 805 5
775 836 6
775 866 3
775 868 1
775 880 6
775 885 10
775 897 9
776 790 5
776 831 7
776 845 10
776 847 6
776 850 4
776 874 10
776 887 7
777 788 1
777 801 5
777 841 2
778 798 8
778 800 7
778 855 8
778 861 4
778 865 3
778 874 4
778 896 7
779 829 4
779 859 8
779 896 1
780 784 7
780 786 10
780 809 3
780 811 3
780 826 4
780 827 8
780 835 5
780 838 7
780 847 3
780 893 6
781 827 7
781 837 9
781 882 5
782 793 9
782 794 6
782 849 8
782 868 8
782 885 4
783 785 9
783 854 2
783 870 5
784 792 8
784 796 9
784 821 5
784 829 2
784 844 3
784 847 10
784 859 10
785 790 7
785 799 7
785 803 10
785 823 3
785 826 9
785 872 2
785 896 7
786 799 2
786 800 1
786 824 1
786 845 10
786 878 5
786 880 9
786 896 7
787 789 3
787 801 3
787 815 5
787 818 8
787 819 2
787 880 2
788 805 2
788 816 2
788 817 5
788 819 8
788 859 10
788 867 3
788 877 2
789 825 1
789 827 8
789 842 1
789 894 2
790 793 4
790 803 10
790 831 1
790 854 8
791 812 8
791 862 4
791 864 5
792 812 1
792 822 4
792 832 7
793 795 1
793 801 8
793 804 5
793 819 7
793 843 2
793 857 9
793 888 1
793 894 1
794 816 1
794 825 4
794 848 4
794 868 4
795 797 8
795 845 4
795 867 3
795 877 3
795 892 5
796 826 5
796 843 10
796 853 8
796 856 6
796 893 5
797 838 9
797 850 8
797 853 2
797 887 6
798 804 1
798 808 8
798 826 6
798 875 4
798 897 5
799 822 8
799 835 3
799 839 1
799 863 6
799 868 6
799 871 2
799 880 8
800 816 7
800 823 2
800 834 1
800 845 2
800 854 5
800 862 1
800 868 5
801 807 10
801 818 3
801 843 2
801 864 4
801 900 4
802 827 1
802 871 2
802 877 8
802 889 9
803 834 9
803 837 1
803 899 4
803 900 10
803 901 9
804 820 1
804 821 5
804 825 5
804 843 1
804 886 10
804 887 7
804 892 6
805 807 5
805 824 8
805 892 4
806 885 3
807 808 9
807 815 6
807 853 5
807 873 6
808 818 6
808 833 1
808 868 7
808 889 10
808 896 2
809 811 10
809 816 3
809 818 4
809 828 1
809 843 2
809 847 2
810 824 10
810 843 5
810 871 7
810 873 1
811 821 5
811 824 10
811 848 5
811 893 9
812 814 10
812 825 4
812 879 5
812 887 7
813 816 1
813 822 3
813 831 10
813 833 3
813 852 3
813 857 6
813 870 9
813 886 10
814 830 3
814 863 10
814 865 6
814 901 3
815 823 3
815 828 8
815 874 5
815 875 9
815 876 10
815 877 9
815 893 10
816 831 1
816 859 3
816 896 9
817 818 1
817 858 7
817 859 8
818 830 8
818 848 7
818 867 9
818 874 1
818 899 3
819 831 5
819 846 3
819 851 5
819 855 7
819 900 6
820 832 10
820 873 4
820 879 6
820 885 1
820 891 6
821 826 7
821 835 9
821 838 8
821 841 2
821 893 6
822 824 5
822 843 10
822 846 7
822 853 3
822 866 1
822 874 8
823 824 5
823 827 9
823 828 10
823 837 3
823 842 8
823 850 7
823 872 9
823 877 8
825 843 10
825 875 1
825 876 3
825 897 2
826 838 8
826 853 1
826 855 9
826 869 9
827 838 4
827 840 5
827 847 9
827 850 9
827 857 1
827 887 7
827 890 7
827 891 2
827 900 4
828 830 1
828 852 3
828 856 3
828 870 5
828 887 4
828 890 2
829 844 1
829 860 4
829 868 1
829 889 3
829 897 2
830 837 10
830 872 3
830 884 1
831 833 9
831 845 5
831 898 5
832 839 2
832 851 4
832 885 5
833 845 3
833 858 2
833 868 8
833 879 7
834 841 3
834 846 7
834 859 9
834 874 1
834 897 5
834 901 3
835 849 5
835 864 7
835 866 5
836 838 9
836 856 1
836 884 10
836 893 10
837 841 1
837 844 4
837 853 10
837 855 5
837 859 7
837 871 9
837 900 7
838 874 7
838 898 9
839 840 3
839 843 2
839 884 3
839 901 7
840 855 6
840 869 5
840 875 8
841 896 6
842 887 3
843 877 10
843 891 2
844 880 1
844 901 1
845 854 8
845 872 5
845 890 7
845 898 4
846 892 10
846 899 5
847 854 6
847 871 1
847 877 4
847 888 8
848 853 4
848 871 3
848 888 2
850 863 10
850 875 4
850 876 10
851 858 9
851 892 4
852 860 2
852 900 10
853 854 6
855 865 8
855 872 7
856 869 2
857 886 6
858 867 2
858 886 4
858 893 7
859 877 5
859 880 5
860 868 7
860 889 2
861 868 9
861 886 5
861 895 7
862 878 10
862 891 9
863 889 4
863 897 1
864 874 2
864 892 1
864 895 6
864 899 7
865 872 2
866 876 6
866 890 2
867 890 1
869 881 6
869 901 7
870 871 3
870 887 5
870 893 3
873 885 2
873 894 3
874 891 4
875 896 7
876 897 5
877 880 10
877 889 4
879 887 1
884 885 4
886 889 2
887 897 3
892 900 4
894 895 7
894 896 1
902 601 93
903 901 10
902 903 22
