904 6735
11 14 82 35 80 66 37 89 51 8 47 54 7 88 45 48 96 38 91 66 61 27 14 9 98 60 12 9 77 3 12 87 68 45 74 48 62 10 36 64 69 82 18 27 22 14 74 17 51 64 83 11 43 48 71 40 59 82 100 36 36 12 74 3 8 47 50 70 8 37 33 29 19 50 55 40 15 81 8 65 96 90 27 38 89 97 29 48 30 29 35 65 92 8 68 51 7 69 20 66 6 5 94 76 6 1 15 21 33 74 37 28 64 64 18 4 60 46 51 90 26 85 6 69 45 25 20 3 94 91 68 99 47 14 74 5 14 40 25 46 13 61 25 28 76 42 32 88 88 34 29 65 71 34 86 67 59 57 69 4 99 88 2 46 1 27 50 66 18 26 63 30 38 88 10 14 29 93 1 68 78 29 33 48 62 70 66 72 26 34 75 24 74 28 21 74 54 70 92 71 47 54 53 85 41 14 98 70 6 98 37 83 78 21 83 39 90 48 63 15 34 37 91 7 65 11 32 70 33 23 41 31 77 45 15 17 58 64 38 15 61 75 49 38 47 31 29 37 79 91 3 64 79 45 70 43 8 1 13 92 76 5 22 52 1 37 20 58 100 10 24 13 84 72 2 30 3 82 18 33 72 73 96 3 17 17 45 24 69 9 15 44 65 37 47 65 25 19 74 76 56 83 90 100 85 62 46 99 7 97 88 90 18 48 28 52 88 82 2 76 51 83 100 94 31 2 41 100 35 55 84 91 89 25 42 73 87 87 23 93 35 11 34 52 58 62 56 97 43 9 72 45 91 71 39 73 25 31 72 11 37 7 1 26 32 42 98 70 81 73 62 15 83 47 19 92 8 26 41 2 34 12 47 76 35 37 48 11 67 71 21 55 77 22 80 60 15 30 29 47 2 42 62 36 89 80 27 96 57 19 50 90 31 96 17 17 32 64 27 50 34 47 4 62 20 84 22 87 65 2 33 18 44 46 53 32 77 31 79 33 50 28 74 32 75 90 48 58 53 26 7 38 24 11 52 44 46 73 82 62 26 14 79 69 12 31 52 88 13 31 21 62 10 94 45 37 84 44 94 88 69 1 78 93 63 81 88 60 5 69 21 30 34 99 99 97 81 2 85 45 84 57 59 94 50 3 30 85 47 23 25 15 75 54 59 37 34 46 48 90 66 68 19 52 18 69 48 50 71 84 95 54 40 53 99 42 55 80 78 53 55 54 68 29 7 78 18 92 76 65 81 93 33 100 44 2 20 44 52 90 27 98 44 19 2 42 60 8 22 37 61 76 91 80 56 49 57 73 41 32 90 73 25 74 24 20 75 44 15 78 33 42 75 28 60 28 22 71 36 95 84 87 34 93 4 45 44 48 37 41 63 26 9 74 95 75 28 51 15 89 96 58 50 94 37 99 58 91 77 23 57 63 59 90 7 62 86 51 61 75 91 23 100 51 48 46 26 76 97 40 64 92 49 66 85 85 64 94 76 93 16 84 55 26 73 61 39 10 63 99 84 6 22 35 56 21 81 81 48 29 73 64 20 73 29 56 58 44 49 85 36 17 68 42 42 92 3 33 1 17 31 37 22 4 71 78 25 3 58 72 31 82 87 50 55 15 57 64 11 58 48 46 74 67 88 67 58 42 99 10 58 82 46 80 37 17 57 61 19 66 85 2 100 71 3 54 38 60 17 48 69 16 45 94 82 84 60 91 25 11 100 35 44 98 66 80 66 74 93 36 39 29 37 38 51 40 43 88 99 11 87 67 26 32 12 59 15 23 1 92 33 53 26 28 50 91 60 15 64 52 50 54 80 87 44 30 26 38 70 76 49 56 94 26 39 5 37 54 27 37 97 12 89 22 39 38 64 50 4 79 1 54 84 32 92 27 14 69 17 83 44 65 90 37 90 29 93 78 34 19 15 30 82 55 3 73 45 66 22 48 96 23 53 79 6 96 58 19 64 74 53 7 38 95 95 79 23 39 57 8 10 23 37 91 77 91 63 21 8 85 21 3 59 73 81 64 69 90 35 32 63 87 36 87
0 56 28
0 62 47
0 86 40
0 102 13
0 104 19
0 114 42
0 132 44
0 136 23
0 140 25
0 142 14
0 215 7
0 229 47
0 254 36
1 10 4
1 22 49
1 64 2
1 93 20
1 105 45
1 108 28
1 120 40
1 162 6
1 218 44
1 234 36
1 280 20
1 290 32
2 30 34
2 31 35
2 61 6
2 81 2
2 94 8
2 97 32
2 130 31
2 134 7
2 139 23
2 154 43
2 182 27
2 209 14
2 215 39
2 228 1
2 279 39
2 288 2
2 292 7
2 293 37
2 294 37
3 15 10
3 33 37
3 39 40
3 60 31
3 67 33
3 97 19
3 117 22
3 158 38
3 162 13
3 172 7
3 227 8
3 240 44
4 49 41
4 88 44
4 94 2
4 118 44
4 127 3
4 131 35
4 146 27
4 174 9
4 253 7
4 270 21
4 290 35
4 299 23
5 6 9
5 74 35
5 97 13
5 158 10
5 209 43
5 211 1
5 217 48
5 255 2
5 275 39
5 283 40
6 8 34
6 13 21
6 43 8
6 45 8
6 57 11
6 78 20
6 96 14
6 126 20
6 130 16
6 160 6
6 167 13
6 183 17
6 192 2
6 210 15
6 232 1
6 249 28
6 274 24
6 287 7
6 291 48
6 298 10
6 299 29
7 24 7
7 25 45
7 33 43
7 65 18
7 92 37
7 98 43
7 99 16
7 139 41
7 161 31
7 165 7
7 167 26
7 241 2
7 286 14
8 27 33
8 35 12
8 36 36
8 103 49
8 128 33
8 157 1
8 182 4
8 185 45
8 197 19
8 207 7
8 221 9
8 227 21
8 243 34
8 251 34
8 261 27
8 267 32
8 276 44
8 298 8
9 10 40
9 29 40
9 32 50
9 37 7
9 45 28
9 49 45
9 103 24
9 119 20
9 120 25
9 151 30
9 185 48
9 223 26
9 230 46
9 252 30
9 270 39
9 284 31
10 15 30
10 34 21
10 62 33
10 81 36
10 108 17
10 155 3
10 236 42
10 264 26
10 269 23
10 298 26
11 34 11
11 41 1
11 53 9
11 102 6
11 120 10
11 144 50
11 156 47
11 171 12
11 205 8
11 229 25
11 237 6
11 278 32
11 284 46
11 286 30
12 65 13
12 126 43
12 143 8
12 165 10
12 193 25
12 242 48
12 253 40
12 291 4
12 294 19
12 299 24
13 36 41
13 53 37
13 56 26
13 90 33
13 93 14
13 118 50
13 129 8
13 150 25
13 155 1
13 159 18
13 164 30
13 200 10
13 215 17
13 224 29
13 243 21
13 256 24
13 281 5
13 296 26
13 299 7
14 20 50
14 77 8
14 105 22
14 114 45
14 121 15
14 182 31
14 184 21
14 205 12
14 209 21
14 250 26
14 258 32
14 272 46
15 76 17
15 115 19
15 122 24
15 123 49
15 128 32
15 152 23
15 161 8
15 190 8
15 193 23
15 221 25
16 76 40
16 82 35
16 108 43
16 112 18
16 147 7
16 166 18
16 167 22
16 219 35
16 298 25
17 43 23
17 121 42
17 242 46
17 253 17
17 265 8
17 292 26
18 19 37
18 37 19
18 48 48
18 56 13
18 72 3
18 78 46
18 108 29
18 121 21
18 139 19
18 144 29
18 150 4
18 161 43
18 201 36
18 220 12
18 234 18
18 239 12
18 244 1
18 265 2
18 297 6
19 22 20
19 27 10
19 94 23
19 118 41
19 135 44
19 137 49
19 140 13
19 153 35
19 205 46
19 220 30
19 253 42
20 40 22
20 51 18
20 70 13
20 72 21
20 89 32
20 135 17
20 151 18
20 157 12
20 158 39
20 183 38
20 194 40
20 195 42
20 216 31
20 238 27
20 240 5
20 251 48
20 257 38
20 261 5
20 266 1
20 279 45
20 284 24
20 295 10
21 66 18
21 73 16
21 113 4
21 114 16
21 142 29
21 185 40
21 195 12
21 209 10
21 248 34
21 269 35
22 37 29
22 94 48
22 97 7
22 144 11
22 152 14
22 176 25
22 253 22
22 271 2
23 65 12
23 101 12
23 109 45
23 130 44
23 135 40
23 154 50
23 168 43
23 220 28
23 221 6
23 251 43
23 287 22
24 108 32
24 122 5
24 126 41
24 138 47
24 186 8
24 227 9
24 258 27
24 277 49
25 58 22
25 89 36
25 94 32
25 117 8
25 120 17
25 159 31
25 177 14
25 196 27
25 223 44
25 247 40
25 249 50
25 269 47
25 275 4
25 281 13
25 283 42
26 28 49
26 59 3
26 76 41
26 78 42
26 80 32
26 96 48
26 101 34
26 131 5
26 172 29
26 193 38
26 224 46
26 231 26
26 252 47
26 261 6
26 272 2
26 281 48
26 296 27
27 29 40
27 50 29
27 75 36
27 89 8
27 90 10
27 108 49
27 130 36
27 155 5
27 182 41
27 203 35
27 219 2
27 237 46
27 242 50
27 246 45
27 256 44
27 266 2
27 269 37
27 277 35
27 283 35
27 286 34
28 54 21
28 84 39
28 170 13
28 171 10
28 181 36
28 189 40
28 193 9
28 211 41
28 215 43
28 223 6
28 232 19
28 274 34
28 275 36
28 278 4
28 291 41
29 68 47
29 74 5
29 77 26
29 78 2
29 120 47
29 129 13
29 131 5
29 140 42
29 187 12
29 205 49
29 225 37
29 231 15
29 243 35
29 255 22
29 265 49
29 284 20
30 45 44
30 69 39
30 71 32
30 88 3
30 98 25
30 128 21
30 136 13
30 147 17
30 177 14
30 186 18
30 202 38
30 242 47
30 263 4
30 278 41
30 280 40
30 284 2
30 291 47
30 292 15
30 293 3
30 294 43
31 47 29
31 56 9
31 58 36
31 64 40
31 73 9
31 197 23
31 221 6
31 230 45
31 267 46
31 287 6
31 296 15
31 297 39
32 40 45
32 51 46
32 95 43
32 152 21
32 155 19
32 163 6
32 168 37
32 186 32
32 196 25
32 201 24
32 245 30
32 262 28
32 270 17
32 281 21
33 50 30
33 69 15
33 78 38
33 89 34
33 106 8
33 122 16
33 145 45
33 176 45
33 181 8
33 197 3
33 199 17
33 201 13
33 252 50
33 257 12
33 261 19
33 289 14
33 295 2
34 39 15
34 79 11
34 119 45
34 143 35
34 158 29
34 163 2
34 167 21
34 184 12
34 191 26
34 217 47
34 224 44
34 266 6
34 267 15
34 273 14
34 298 37
35 39 29
35 78 1
35 89 22
35 100 38
35 108 17
35 126 16
35 159 35
35 181 26
35 183 21
35 211 1
35 242 38
35 243 20
36 72 15
36 87 8
36 101 35
36 121 18
36 128 22
36 132 45
36 133 14
36 148 6
36 151 24
36 161 15
36 177 29
36 183 35
36 194 43
36 215 27
36 242 28
36 283 50
36 284 41
37 44 44
37 68 36
37 85 21
37 97 44
37 106 7
37 202 11
37 220 12
37 236 25
37 244 45
37 262 37
37 297 47
37 299 47
38 39 27
38 55 18
38 78 13
38 82 34
38 91 2
38 110 31
38 120 8
38 125 46
38 135 46
38 141 13
38 143 21
39 74 13
39 75 43
39 78 8
39 81 5
39 89 19
39 138 35
39 166 4
39 173 11
39 181 30
39 199 41
39 201 34
39 210 24
39 224 49
39 246 46
39 255 37
39 290 25
39 294 42
39 299 24
40 72 21
40 79 38
40 80 2
40 100 40
40 105 3
40 114 37
40 115 41
40 138 35
40 209 44
40 210 39
40 218 30
40 229 9
40 255 11
40 257 42
40 295 1
41 73 18
41 82 48
41 86 22
41 123 5
41 143 3
41 169 32
41 170 34
41 177 45
41 180 17
41 190 7
41 203 44
41 241 12
41 276 46
42 74 18
42 96 3
42 154 21
42 157 41
42 163 43
42 178 22
42 191 32
42 208 45
42 225 8
42 237 25
42 248 29
42 254 2
42 260 13
43 81 10
43 88 10
43 93 23
43 110 4
43 126 12
43 129 41
43 168 3
43 177 33
43 197 45
43 233 6
43 245 15
43 296 30
44 69 50
44 89 31
44 95 37
44 96 45
44 106 45
44 111 34
44 113 15
44 147 47
44 153 4
44 160 5
44 165 39
44 166 25
44 169 36
44 196 35
44 198 32
44 211 10
44 220 15
44 223 35
44 245 24
45 56 27
45 79 46
45 86 49
45 99 30
45 111 8
45 127 41
45 132 32
45 138 40
45 149 37
45 165 39
45 192 6
45 193 16
45 203 39
45 207 39
45 225 4
45 248 35
45 299 33
46 65 37
46 101 49
46 115 29
46 125 40
46 174 3
46 187 20
46 200 14
46 224 41
46 235 6
46 277 48
46 299 2
47 85 21
47 87 32
47 134 28
47 139 47
47 144 28
47 163 26
47 205 28
47 210 35
47 212 18
47 217 9
47 245 26
47 275 4
48 68 50
48 81 32
48 139 19
48 153 38
48 163 20
48 181 23
48 190 24
48 193 2
48 242 9
48 298 23
49 65 32
49 67 1
49 75 27
49 85 3
49 106 16
49 123 19
49 149 9
49 174 13
49 188 21
49 239 31
49 240 47
49 252 50
49 254 29
49 267 26
49 286 27
49 299 8
50 53 12
50 63 44
50 64 18
50 65 37
50 66 47
50 71 17
50 135 18
50 139 15
50 143 6
50 144 39
50 160 39
50 167 30
50 186 40
50 187 50
50 190 2
50 195 24
50 202 50
50 207 28
50 230 26
50 235 15
50 252 49
50 259 36
50 267 30
50 293 19
50 294 18
51 57 26
51 65 20
51 68 48
51 98 3
51 102 46
51 103 5
51 173 14
51 209 39
51 211 23
51 232 50
51 250 35
51 288 41
51 294 20
52 87 1
52 111 47
52 133 8
52 135 42
52 139 26
52 153 50
52 227 41
52 247 29
52 248 23
52 278 42
52 280 8
53 124 50
53 125 8
53 162 6
53 203 38
53 217 39
53 243 26
53 257 5
53 264 16
53 291 45
54 58 5
54 135 18
54 165 40
54 194 11
54 197 31
54 266 28
54 269 33
54 296 33
55 71 14
55 88 26
55 121 4
55 140 15
55 147 22
55 151 11
55 168 8
55 169 49
55 211 12
55 229 50
55 248 29
55 280 36
55 282 41
55 290 36
56 68 36
56 87 50
56 202 44
56 209 23
56 210 39
56 276 19
56 289 29
57 75 4
57 102 16
57 111 33
57 116 22
57 128 5
57 161 46
57 201 4
57 206 35
57 249 30
57 254 38
57 256 48
57 278 5
57 279 41
58 77 14
58 79 28
58 91 4
58 101 21
58 137 26
58 142 15
58 148 22
58 199 6
58 236 1
58 239 12
58 251 42
58 255 38
58 269 14
58 270 37
59 114 12
59 135 2
59 136 7
59 149 40
59 175 7
59 178 22
59 188 25
59 193 30
59 194 29
59 209 22
59 233 34
59 238 13
59 254 1
59 257 21
59 283 12
60 73 6
60 88 14
60 138 28
60 154 33
60 165 17
60 171 48
60 201 11
60 210 31
61 79 20
61 81 16
61 87 33
61 90 33
61 217 7
61 240 22
61 244 48
61 254 45
61 265 33
61 278 49
62 82 2
62 133 25
62 174 8
62 190 23
62 191 1
62 202 37
62 229 1
62 232 22
62 234 22
62 244 15
62 247 22
62 256 45
62 258 27
62 262 27
62 276 8
62 292 4
62 293 12
63 119 24
63 147 3
63 182 22
63 190 6
63 204 24
63 210 37
63 264 41
64 77 9
64 111 46
64 155 12
64 163 6
64 196 40
64 209 45
64 216 7
64 224 41
64 244 21
64 265 14
64 294 16
65 89 21
65 99 2
65 116 18
65 202 44
65 259 24
65 268 33
65 272 15
65 278 18
65 292 11
65 299 44
66 67 27
66 101 16
66 112 5
66 121 2
66 135 18
66 148 26
66 167 7
66 240 44
66 241 12
66 245 49
66 256 4
66 289 9
67 83 11
67 87 9
67 95 49
67 97 7
67 105 17
67 128 41
67 145 27
67 186 30
67 277 6
68 70 49
68 83 34
68 86 24
68 98 42
68 116 7
68 120 8
68 122 8
68 125 26
68 145 18
68 177 1
68 183 4
68 184 35
68 219 5
68 222 5
68 232 4
68 249 32
68 256 11
68 259 47
68 263 46
68 268 10
68 295 50
69 74 4
69 94 22
69 100 11
69 106 2
69 143 28
69 147 27
69 162 45
69 194 6
69 205 9
69 218 50
69 231 6
69 290 42
70 93 25
70 112 49
70 138 50
70 198 34
70 218 6
70 246 27
70 261 3
70 270 7
70 288 30
71 102 37
71 118 13
71 121 34
71 138 41
71 144 45
71 175 46
71 194 39
71 230 40
71 256 5
71 260 41
71 270 43
71 292 28
72 76 3
72 90 47
72 98 7
72 191 31
72 209 41
72 277 14
72 290 39
73 88 42
73 121 19
73 136 32
73 139 19
73 140 19
73 151 33
73 164 4
73 217 25
73 258 9
73 270 7
73 281 33
73 284 40
73 285 45
74 79 45
74 92 23
74 110 35
74 118 41
74 136 19
74 154 26
74 173 30
74 181 25
74 210 16
74 236 25
74 242 5
74 254 18
75 82 23
75 91 11
75 130 48
75 182 15
75 211 25
75 215 39
75 243 8
75 244 45
75 249 22
75 251 28
76 79 14
76 113 5
76 160 32
76 163 40
76 204 15
76 212 38
76 216 22
76 221 5
76 232 32
76 249 16
76 253 27
76 267 19
76 293 7
76 299 47
77 78 44
77 99 38
77 136 24
77 160 11
77 161 14
77 167 28
77 177 30
77 226 38
77 243 38
77 260 27
78 102 4
78 107 14
78 130 17
78 133 12
78 153 9
78 185 39
78 193 39
78 216 24
78 237 45
78 238 20
78 245 13
78 265 9
78 274 9
78 298 34
79 86 13
79 102 43
79 106 1
79 109 42
79 148 11
79 193 9
79 205 40
79 213 6
79 231 49
79 235 13
79 247 16
79 289 14
80 99 40
80 193 47
80 220 4
80 222 30
80 223 25
80 229 7
80 263 43
80 268 42
80 279 20
81 86 3
81 106 32
81 110 9
81 124 28
81 154 26
81 219 30
81 249 40
81 252 36
81 270 41
81 276 25
82 88 1
82 122 33
82 126 28
82 137 42
82 177 45
82 202 36
82 209 33
82 269 2
82 299 36
83 97 46
83 106 19
83 112 50
83 122 37
83 142 15
83 211 3
83 217 16
83 233 39
83 257 9
83 266 11
83 287 30
83 293 31
83 295 15
84 125 13
84 135 39
84 140 43
84 156 38
84 173 20
84 176 32
84 202 26
84 216 10
84 221 9
84 233 26
84 254 44
84 266 36
84 283 19
84 289 38
85 86 23
85 92 1
85 137 39
85 170 9
85 184 48
85 208 7
85 215 8
85 224 35
85 229 21
85 280 12
85 282 2
85 285 12
85 294 22
86 110 12
86 170 41
86 242 2
86 270 27
86 282 4
86 283 42
86 291 19
87 125 43
87 148 12
87 199 2
87 246 18
87 250 23
87 270 10
88 102 45
88 118 17
88 124 47
88 127 13
88 138 6
88 154 20
88 191 16
88 245 47
88 266 28
89 94 13
89 111 3
89 126 37
89 144 47
89 145 26
89 158 48
89 178 49
89 240 37
89 246 19
89 273 10
89 277 29
90 121 23
90 132 38
90 140 34
90 171 14
90 182 6
90 206 29
90 263 25
90 267 10
90 279 48
90 297 50
91 100 19
91 103 43
91 132 16
91 138 18
91 142 7
91 155 23
91 193 37
91 214 22
91 219 19
91 220 14
91 262 35
91 289 22
92 119 50
92 140 33
92 143 49
92 163 49
92 167 31
92 186 37
92 264 19
92 273 43
92 282 17
92 288 41
93 112 32
93 123 1
93 124 5
93 187 38
93 214 31
93 215 31
93 220 49
93 246 28
93 250 30
93 254 19
93 288 22
93 289 47
94 99 36
94 132 29
94 139 20
94 152 22
94 199 2
94 214 38
94 250 37
94 260 38
95 128 11
95 135 38
95 157 21
95 163 9
95 185 36
95 187 3
95 199 47
95 201 5
95 205 47
95 243 14
95 283 45
96 129 29
96 138 14
96 165 1
96 180 18
96 207 46
96 220 32
96 222 16
96 231 23
96 251 11
96 256 34
96 258 45
96 275 8
96 287 22
97 105 25
97 119 27
97 129 43
97 138 26
97 156 16
97 160 32
97 185 14
97 210 27
97 266 19
98 100 36
98 104 37
98 115 7
98 150 38
98 171 34
98 178 13
98 237 37
98 253 47
98 257 9
98 261 15
99 110 12
99 127 10
99 131 32
99 149 7
99 163 41
99 182 49
99 184 31
99 194 3
99 215 34
99 216 25
99 227 12
99 270 5
99 274 1
100 102 38
100 117 50
100 162 29
100 170 6
100 177 31
100 248 44
100 264 32
101 121 1
101 128 29
101 135 18
101 137 9
101 178 18
101 230 1
101 254 21
101 256 4
101 270 49
101 297 32
102 127 20
102 142 12
102 149 41
102 162 3
102 242 18
102 246 33
102 256 3
102 273 1
102 279 37
102 298 37
103 126 25
103 130 49
103 145 41
103 165 28
103 167 38
103 168 42
103 208 6
103 214 43
103 237 22
103 253 49
103 266 24
103 267 25
103 287 29
104 133 44
104 144 35
104 149 46
104 203 44
104 243 8
104 245 2
104 247 45
104 257 39
104 267 21
105 130 6
105 134 31
105 149 26
105 159 26
105 212 13
105 248 28
105 270 26
105 291 49
106 109 14
106 183 2
106 212 49
106 222 7
106 223 29
106 224 37
106 229 48
106 250 36
106 259 29
106 290 22
106 292 34
107 155 3
107 184 48
107 206 12
107 212 46
107 274 32
108 136 10
108 146 41
108 174 39
108 198 11
108 256 37
109 110 27
109 114 33
109 124 45
109 145 9
109 185 10
109 203 22
109 220 21
109 229 38
109 232 47
109 233 22
109 235 3
109 249 50
109 257 20
110 147 11
110 206 31
110 234 6
110 245 9
110 259 16
110 263 37
110 273 32
110 282 50
111 145 39
111 161 29
111 188 13
111 199 36
111 219 12
111 221 22
111 259 28
111 262 1
111 285 34
112 119 17
112 155 29
112 169 19
112 174 11
112 230 38
112 238 28
112 255 32
112 278 10
112 281 17
113 132 30
113 157 33
113 173 20
113 196 29
113 211 3
113 251 30
113 266 9
113 288 10
113 289 40
114 123 27
114 140 46
114 141 21
114 155 26
114 179 36
114 231 1
114 237 40
114 265 23
114 292 15
114 298 14
115 122 1
115 124 17
115 125 47
115 180 17
115 197 47
115 198 15
115 205 29
115 266 34
115 269 45
115 280 10
115 282 46
115 284 11
115 296 39
115 297 28
116 147 30
116 148 19
116 151 32
116 160 12
116 162 28
116 180 44
116 217 1
116 224 4
116 248 39
116 265 24
116 268 31
116 277 27
116 279 26
116 283 22
117 123 49
117 133 40
117 147 35
117 205 1
117 225 8
117 246 34
117 270 19
117 275 5
117 297 50
118 126 47
118 182 38
118 206 44
118 252 6
119 151 35
119 154 5
119 167 46
119 171 13
119 185 36
119 206 15
119 226 46
119 231 49
119 246 44
119 257 39
119 281 50
119 296 49
120 203 30
120 210 25
120 261 31
120 284 6
120 294 50
121 130 2
121 132 6
121 146 42
121 205 39
121 216 7
121 226 49
121 261 22
121 263 25
121 294 3
121 297 23
122 126 22
122 152 43
122 166 17
122 218 29
122 281 27
122 291 23
123 124 25
123 127 41
123 159 10
123 165 41
123 170 39
123 172 9
123 173 34
123 186 27
123 192 10
123 226 34
123 233 8
123 247 34
123 255 14
123 260 15
123 267 35
124 153 17
124 214 21
124 220 28
124 230 5
124 235 29
124 252 29
124 266 28
124 272 3
124 276 33
124 290 1
125 134 26
125 142 25
125 147 17
125 165 7
125 230 4
125 243 41
125 251 33
125 269 46
125 277 50
126 152 23
126 170 34
126 174 10
126 179 8
126 248 13
126 261 19
126 277 41
126 286 22
126 287 4
126 293 6
126 297 37
127 135 39
127 144 22
127 170 7
127 188 18
127 203 29
127 236 37
127 255 46
127 275 6
128 145 39
128 146 29
128 167 6
128 210 17
128 231 5
128 249 24
128 267 23
128 288 8
129 162 16
129 177 5
129 185 6
129 194 16
129 220 29
129 227 39
129 229 25
129 248 38
129 260 3
129 261 46
129 281 28
129 290 25
129 297 49
130 135 35
130 138 11
130 186 37
130 195 6
130 205 19
130 214 7
130 216 34
130 219 5
130 228 2
130 245 40
130 248 45
130 251 30
130 286 47
131 138 13
131 148 35
131 160 23
131 201 35
131 295 44
132 147 38
132 148 41
132 172 49
132 194 3
132 195 21
132 206 40
132 216 30
132 220 8
132 241 42
132 244 27
132 247 37
132 285 18
132 292 25
133 191 21
133 219 30
133 244 14
133 248 27
133 277 50
133 283 20
133 287 10
134 149 6
134 164 21
134 168 1
134 182 1
134 186 3
134 208 50
134 243 15
134 247 39
134 257 22
134 282 50
135 189 34
135 190 9
135 209 42
135 275 33
135 277 14
136 140 13
136 147 24
136 163 45
136 232 22
136 241 15
136 265 21
136 269 9
136 287 35
137 145 47
137 175 29
137 187 14
137 246 10
137 251 5
137 262 14
137 289 31
137 298 17
138 156 19
138 160 4
138 161 19
138 220 21
138 231 6
138 267 18
138 273 36
138 276 46
138 278 41
138 281 37
138 290 29
139 169 50
139 177 30
139 189 13
139 194 15
139 214 44
139 235 36
139 275 9
139 280 16
140 168 3
140 196 31
140 204 24
140 225 37
140 259 27
140 262 2
141 164 50
141 170 37
141 219 9
141 232 15
141 237 19
141 282 27
141 284 36
141 290 22
141 298 47
142 143 6
142 198 27
142 216 17
142 229 43
142 245 24
142 261 7
142 277 29
142 286 3
143 156 8
143 174 9
143 180 15
143 221 22
143 223 4
143 224 3
143 226 32
143 233 19
143 249 5
143 284 12
143 299 44
144 159 41
144 179 41
144 225 48
144 249 42
144 251 29
144 258 6
144 274 7
144 275 47
145 146 34
145 156 42
145 182 19
145 201 30
145 233 49
145 243 47
145 260 46
145 272 42
145 292 21
146 180 3
146 223 22
146 238 25
146 265 12
146 270 30
146 278 41
146 291 34
147 187 34
147 195 43
147 247 17
147 282 4
148 155 47
148 156 29
148 177 48
148 207 39
148 213 19
148 218 45
148 248 31
148 252 47
148 265 2
148 277 39
148 278 43
148 286 35
148 299 32
149 225 13
149 259 16
150 155 32
150 157 10
150 181 12
150 232 23
150 270 30
150 290 16
150 298 45
151 164 4
151 197 27
151 252 26
151 261 44
151 265 12
151 276 11
151 278 39
152 164 29
152 166 15
152 177 35
152 181 7
152 200 14
152 210 24
152 214 27
152 236 8
152 273 6
153 157 25
153 168 11
153 219 46
153 242 19
153 255 45
153 274 29
154 170 32
154 183 10
154 191 10
154 208 41
154 214 23
154 280 35
154 297 22
155 157 38
155 198 29
155 202 25
155 261 17
155 284 6
155 288 20
156 183 28
156 206 17
156 238 8
156 281 6
156 298 33
157 160 45
157 175 14
157 186 46
157 188 20
157 190 40
157 267 5
157 270 27
158 169 14
158 183 15
158 294 22
159 171 35
159 174 11
159 196 2
159 207 16
159 242 22
159 279 11
159 287 6
159 288 45
160 182 45
160 192 27
160 206 34
160 223 25
161 168 3
161 175 50
161 194 31
161 214 24
161 227 28
161 246 47
161 248 34
162 196 33
162 236 29
162 298 28
163 214 49
163 225 26
163 242 47
163 245 38
163 247 30
163 250 23
163 251 4
163 259 44
164 189 46
164 194 38
164 212 4
164 216 47
164 227 3
164 246 27
164 253 9
165 168 10
165 236 21
165 286 6
165 290 38
166 177 5
166 185 30
166 245 42
166 263 6
166 266 10
167 168 15
167 172 33
167 205 8
167 208 48
167 220 18
167 229 38
167 247 25
167 272 16
167 278 13
168 245 23
168 276 5
168 280 44
168 285 47
168 297 8
168 298 39
169 172 44
169 200 47
169 209 42
169 230 42
169 259 49
169 269 21
169 278 3
169 279 10
170 174 41
170 182 8
170 196 47
170 203 47
170 208 37
170 216 38
170 248 3
170 264 49
170 289 5
170 296 37
171 200 8
171 226 4
171 229 4
171 235 46
171 236 31
172 189 21
172 199 10
172 215 3
172 265 26
172 267 4
172 275 2
173 230 35
173 236 42
173 287 45
174 291 32
175 197 36
175 199 39
175 218 32
175 230 6
175 244 41
175 269 42
175 281 48
176 181 48
176 205 40
176 249 45
176 258 36
176 263 30
177 186 49
177 234 34
177 281 36
177 285 35
177 290 44
178 183 39
178 184 41
178 198 39
178 215 19
178 226 13
178 256 50
178 260 22
178 269 38
178 298 5
179 193 25
179 222 25
179 239 49
179 240 19
179 251 8
179 259 34
179 267 9
179 293 39
180 189 41
180 221 49
180 251 32
180 269 40
181 251 46
181 262 24
182 184 34
182 194 32
182 225 3
182 244 32
182 245 17
182 254 38
182 261 19
182 272 12
182 292 26
183 187 9
183 197 2
183 238 47
183 245 21
183 248 2
183 250 18
183 257 11
183 269 6
183 274 44
183 281 37
183 297 4
184 195 14
184 234 44
184 241 39
184 268 23
184 276 32
185 191 31
186 229 21
186 266 16
186 268 21
186 279 19
186 297 39
187 228 6
187 254 2
187 271 41
187 278 40
187 281 20
187 293 30
188 213 8
188 217 32
188 231 7
189 193 18
189 198 33
189 214 3
189 236 40
189 248 34
189 279 22
190 194 50
190 197 42
190 209 15
190 247 38
190 278 47
190 294 29
191 225 31
191 234 38
191 260 1
191 263 15
191 264 18
191 270 21
191 274 30
192 231 40
192 256 41
192 259 18
192 285 46
192 291 42
193 212 10
193 226 35
193 254 12
193 255 39
193 265 42
193 279 43
194 207 47
194 242 11
194 251 25
194 260 50
194 269 50
194 274 11
195 197 21
195 212 2
195 214 4
195 215 38
195 221 39
195 252 2
195 273 16
195 279 20
195 284 39
195 290 18
196 213 34
196 256 9
196 259 40
197 224 13
197 227 48
197 234 31
197 239 32
197 240 45
197 277 22
198 200 41
198 216 29
198 229 33
198 249 29
198 273 22
198 293 27
199 209 25
199 211 32
199 236 4
199 239 26
199 261 34
199 280 14
199 287 49
199 296 35
200 206 19
200 254 36
201 225 23
201 266 20
201 294 1
202 249 44
203 207 11
203 241 18
203 247 27
203 280 19
203 299 7
204 243 41
204 247 18
204 256 37
204 266 22
204 295 13
205 236 11
205 239 12
205 242 43
205 244 45
205 257 42
205 263 15
205 275 22
206 235 19
206 254 48
206 281 25
206 288 44
207 216 31
207 258 40
207 274 42
207 291 17
208 209 8
208 246 27
208 250 40
209 250 29
209 263 29
209 268 33
209 276 39
210 223 48
210 225 12
210 249 7
210 255 5
210 277 2
210 288 27
211 226 43
211 237 24
211 242 39
211 249 5
211 263 37
211 281 31
212 217 50
212 247 29
212 257 47
212 260 23
212 288 47
212 292 47
213 245 47
213 265 42
213 291 29
214 228 38
214 275 36
214 277 46
215 251 47
215 253 12
215 259 37
215 277 25
215 298 43
216 220 21
216 245 14
216 292 40
217 230 32
217 292 20
217 296 46
218 239 36
218 275 46
218 277 41
218 285 11
218 286 36
218 287 47
219 262 47
220 225 19
220 236 46
220 240 25
220 261 17
220 268 18
220 270 23
220 277 13
220 296 16
221 227 17
221 261 44
221 279 5
221 289 2
222 230 39
222 246 1
222 249 15
223 235 27
223 242 26
223 244 7
223 257 47
223 267 39
223 274 49
223 276 31
223 280 10
223 288 44
224 239 18
224 278 6
225 293 36
226 239 28
226 260 43
226 262 33
226 265 24
226 276 11
226 289 30
226 295 1
227 243 28
227 245 50
227 268 23
228 230 42
228 239 15
228 245 39
228 251 35
229 262 22
229 267 42
229 292 25
230 284 22
230 287 7
231 259 1
231 263 47
231 278 13
231 280 50
232 263 35
232 278 11
232 289 32
232 297 47
232 299 7
233 289 49
233 291 4
234 249 44
234 252 26
234 261 46
234 291 26
234 297 1
235 238 7
235 256 8
235 295 1
236 237 36
236 253 7
236 292 26
237 262 27
237 276 23
237 281 16
237 282 12
238 246 44
238 247 8
238 258 38
239 289 16
239 299 14
240 275 39
240 277 14
241 270 26
241 283 38
242 269 1
242 271 39
242 295 21
243 245 47
243 247 47
243 252 19
243 284 50
244 251 40
244 293 46
245 256 45
245 275 18
245 289 46
246 251 3
247 254 25
247 261 47
247 278 38
247 293 31
248 252 22
248 265 17
248 266 5
249 257 37
249 280 30
250 267 49
250 287 46
250 295 17
251 270 14
251 279 9
251 296 7
253 269 27
254 274 37
254 296 46
255 275 27
255 287 27
255 288 16
255 289 25
256 260 23
258 270 34
258 289 24
258 295 14
259 298 29
260 281 19
260 284 33
261 270 25
261 292 23
263 285 9
263 295 23
265 299 13
266 282 39
266 283 44
267 294 31
268 277 44
268 284 32
268 285 10
268 291 44
269 286 30
269 291 28
270 271 7
272 297 38
273 275 35
277 292 35
277 297 24
278 291 30
278 295 14
279 287 2
279 293 48
286 292 38
286 296 24
287 294 31
287 295 14
290 294 40
294 295 12
300 306 7
300 307 6
300 319 2
300 322 9
300 353 5
300 385 7
300 438 10
300 452 3
300 473 2
300 475 2
300 480 7
300 499 1
300 513 4
300 523 3
300 526 6
300 564 10
300 565 2
300 566 10
300 568 3
300 574 7
301 347 10
301 370 7
301 380 10
301 393 6
301 398 7
301 403 1
301 422 4
301 439 8
301 447 1
301 471 9
301 503 4
301 542 7
302 310 6
302 326 5
302 335 8
302 352 2
302 386 3
302 401 7
302 438 4
302 443 6
302 449 8
302 495 10
302 500 8
302 504 3
302 517 2
302 563 3
302 575 2
303 327 6
303 335 3
303 342 6
303 362 4
303 375 4
303 382 3
303 384 3
303 396 9
303 401 1
303 414 3
303 456 2
303 457 10
303 505 3
303 541 2
303 545 3
303 555 1
303 592 7
304 311 9
304 327 10
304 338 8
304 346 3
304 351 6
304 357 2
304 399 9
304 426 5
304 459 3
304 477 6
304 479 8
304 557 7
304 568 9
304 595 9
305 331 2
305 360 3
305 393 5
305 420 5
305 458 6
305 478 9
305 486 7
305 524 4
305 544 1
305 548 1
305 568 8
305 572 10
306 335 3
306 350 9
306 361 4
306 371 5
306 401 6
306 411 4
306 425 5
306 434 3
306 454 6
306 463 2
306 479 6
306 491 4
306 501 7
306 508 9
306 524 10
306 526 6
306 553 7
306 575 10
306 581 4
307 318 8
307 323 2
307 352 10
307 368 2
307 400 9
307 407 10
307 438 10
307 460 4
307 467 10
307 491 2
307 498 1
307 508 1
307 522 6
307 563 10
307 570 6
307 575 10
308 309 7
308 371 9
308 384 6
308 393 1
308 426 5
308 454 8
308 459 9
308 497 8
308 507 6
308 513 9
308 547 9
308 551 1
308 570 5
308 585 8
308 596 6
309 406 2
309 431 1
309 494 6
309 497 5
309 514 9
309 525 7
309 540 6
309 544 3
309 561 9
309 565 7
309 571 5
309 579 9
309 580 2
309 597 6
310 314 5
310 344 3
310 363 2
310 387 5
310 410 9
310 428 5
310 440 9
310 458 6
310 498 3
310 547 9
310 592 1
311 312 3
311 327 9
311 340 3
311 394 7
311 484 9
311 491 8
311 530 10
311 547 9
311 560 5
311 561 4
311 575 10
311 586 2
312 317 1
312 385 2
312 404 10
312 405 7
312 424 6
312 471 10
312 476 10
312 495 4
312 525 6
312 534 2
312 563 5
312 582 1
312 588 10
312 590 1
312 594 1
313 335 7
313 347 5
313 402 9
313 405 9
313 408 7
313 410 10
313 414 1
313 486 3
313 489 8
313 533 9
313 578 4
313 581 6
313 591 5
314 332 7
314 356 5
314 370 6
314 379 9
314 382 8
314 387 7
314 412 7
314 414 6
314 417 7
314 435 6
314 457 9
314 492 4
314 522 8
314 528 5
314 574 4
315 324 9
315 353 6
315 383 7
315 384 6
315 388 2
315 421 7
315 440 6
315 464 9
315 490 6
315 493 9
315 513 3
315 530 3
315 565 7
315 569 7
316 395 1
316 444 1
316 476 5
316 492 7
316 510 9
316 511 4
316 541 7
316 557 5
316 566 10
316 575 2
316 577 3
316 595 8
317 339 2
317 355 7
317 367 7
317 386 6
317 397 2
317 420 5
317 486 3
317 498 8
317 503 2
317 533 7
317 554 5
317 587 10
317 589 5
318 356 2
318 388 8
318 403 7
318 428 5
318 432 6
318 453 5
318 472 7
318 509 8
318 533 2
318 538 3
318 540 6
318 556 5
318 569 9
318 584 3
318 589 6
319 335 2
319 362 5
319 379 5
319 393 5
319 402 3
319 435 1
319 482 3
319 490 5
319 515 8
319 516 5
319 553 4
319 559 9
319 583 1
319 586 10
320 386 8
320 403 7
320 427 2
320 442 7
320 468 6
320 486 8
320 488 2
320 554 10
320 576 4
320 585 10
321 329 3
321 366 8
321 378 5
321 384 7
321 394 9
321 415 9
321 451 5
321 536 10
321 556 4
321 581 9
322 355 5
322 409 6
322 434 2
322 442 7
322 452 2
322 453 9
322 461 3
322 474 8
322 478 9
322 500 6
322 509 7
322 510 9
322 517 2
322 528 10
322 537 5
322 554 9
322 598 9
323 330 7
323 347 1
323 403 2
323 476 6
323 496 3
323 523 2
323 527 2
323 551 2
324 342 10
324 355 1
324 400 8
324 445 1
324 450 4
324 469 8
324 484 7
324 485 1
324 510 9
324 559 3
325 343 5
325 344 7
325 350 8
325 364 2
325 414 6
325 448 5
325 457 10
325 466 4
325 512 8
325 514 10
325 542 8
325 575 7
325 577 8
325 592 6
326 332 7
326 333 2
326 336 1
326 338 1
326 368 5
326 401 3
326 415 2
326 424 4
326 439 3
326 471 9
326 473 6
326 498 8
326 513 7
326 563 3
327 361 10
327 376 5
327 381 5
327 396 4
327 409 4
327 417 4
327 433 7
327 438 1
327 442 8
327 494 7
327 499 6
327 513 6
327 520 8
327 549 5
327 556 2
328 353 5
328 361 1
328 380 10
328 391 8
328 418 1
328 481 10
328 490 4
328 503 5
328 528 4
328 586 7
329 376 9
329 402 4
329 433 3
329 452 8
329 462 10
329 471 7
329 473 8
329 474 7
329 475 3
329 493 3
329 504 2
329 511 7
329 531 10
329 535 2
329 576 6
329 580 6
329 583 9
329 585 1
330 339 3
330 359 3
330 367 4
330 370 9
330 379 5
330 390 5
330 393 9
330 401 6
330 405 7
330 460 2
330 475 2
330 483 10
330 546 1
331 347 1
331 353 3
331 364 5
331 396 10
331 401 5
331 405 1
331 408 7
331 411 3
331 424 3
331 437 10
331 438 4
331 446 9
331 457 1
331 483 7
331 507 7
331 508 6
331 516 5
331 577 7
332 350 10
332 379 9
332 410 3
332 438 10
332 464 4
332 478 7
332 508 10
332 530 1
332 562 3
332 568 2
332 597 2
333 339 2
333 346 4
333 391 4
333 460 7
333 479 8
333 491 4
333 549 1
333 566 8
334 355 2
334 368 3
334 376 2
334 377 3
334 382 8
334 391 3
334 392 3
334 407 4
334 428 9
334 441 10
334 494 10
334 497 5
334 516 1
334 517 8
334 536 7
334 545 1
334 567 1
334 582 6
335 340 10
335 349 1
335 367 8
335 375 3
335 378 5
335 441 2
335 459 6
335 463 8
335 465 8
335 514 3
335 526 3
335 536 10
335 573 2
336 346 5
336 382 4
336 390 4
336 410 7
336 421 1
336 433 6
336 436 10
336 442 6
336 457 6
336 487 1
336 496 5
336 506 10
336 510 2
336 518 4
336 542 9
336 549 2
336 551 5
336 558 6
337 344 3
337 345 7
337 373 3
337 401 6
337 405 3
337 407 6
337 445 3
337 450 3
337 451 5
337 454 6
337 482 5
337 492 4
337 499 9
337 531 9
337 546 9
337 551 4
337 561 8
337 582 1
338 340 1
338 360 9
338 366 6
338 375 6
338 466 9
338 478 2
338 489 8
338 510 10
338 544 6
339 357 6
339 371 3
339 387 2
339 398 3
339 427 6
339 429 8
339 435 5
339 436 3
339 440 1
339 445 1
339 453 5
339 459 3
339 498 5
339 506 2
339 511 9
339 527 1
339 534 1
339 575 10
339 587 1
339 592 6
340 348 7
340 350 2
340 367 7
340 375 7
340 443 9
340 445 2
340 452 7
340 464 1
340 494 9
340 500 7
340 502 6
340 508 6
340 537 1
340 556 7
340 559 8
341 354 8
341 393 6
341 402 5
341 422 2
341 439 8
341 449 7
341 467 7
341 490 2
341 538 1
341 565 10
341 568 1
341 577 3
341 578 2
341 582 10
341 583 4
342 364 8
342 373 8
342 408 7
342 415 4
342 417 6
342 441 5
342 443 5
342 473 2
342 496 7
342 521 6
342 565 10
342 568 2
342 582 3
343 344 1
343 379 10
343 394 1
343 402 10
343 433 8
343 465 5
343 474 2
343 475 5
343 481 1
343 516 10
343 526 9
343 548 3
343 549 9
343 557 9
343 577 8
343 580 1
344 372 10
344 396 3
344 424 10
344 429 9
344 454 9
344 467 3
344 488 4
344 508 5
344 517 9
344 556 7
344 585 2
345 349 6
345 386 7
345 389 5
345 394 9
345 407 9
345 431 7
345 461 9
345 484 8
345 495 4
345 524 5
345 530 9
345 565 10
345 578 7
346 356 10
346 363 8
346 370 1
346 409 9
346 426 8
346 439 10
346 451 1
346 461 9
346 473 2
346 516 10
346 520 9
346 525 2
346 539 4
346 551 4
346 554 9
346 595 2
347 363 1
347 386 10
347 404 10
347 430 7
347 441 4
347 466 8
347 470 5
347 473 10
347 483 8
347 531 4
347 533 5
347 544 2
347 558 5
348 360 5
348 370 10
348 373 4
348 384 4
348 391 10
348 400 2
348 428 4
348 433 2
348 442 4
348 448 4
348 461 3
348 511 3
348 529 3
348 540 7
348 595 6
349 372 6
349 388 5
349 424 10
349 437 8
349 473 6
349 474 9
349 506 4
349 515 1
349 556 8
349 558 10
349 570 3
349 576 5
350 378 6
350 381 7
350 423 8
350 445 10
350 477 3
350 495 7
350 522 3
350 590 9
351 402 8
351 411 7
351 420 2
351 421 9
351 446 10
351 470 5
351 478 4
351 487 3
351 504 7
351 552 2
351 559 10
351 567 5
351 573 8
351 575 1
351 576 2
352 365 3
352 409 1
352 417 8
352 470 3
352 503 8
352 559 9
352 567 7
352 572 2
352 585 4
353 355 4
353 391 9
353 403 3
353 410 8
353 439 7
353 489 8
353 499 6
353 502 5
353 520 4
353 559 7
353 567 5
353 586 3
353 588 4
354 387 10
354 389 7
354 396 2
354 398 1
354 420 9
354 426 6
354 498 8
354 515 1
354 549 10
354 553 2
355 359 2
355 361 7
355 391 5
355 446 9
355 461 5
355 471 3
355 494 3
355 502 1
355 514 6
355 517 3
355 521 3
355 559 6
355 560 2
355 570 2
355 586 1
355 592 6
356 382 5
356 387 10
356 405 2
356 460 10
356 471 3
356 504 2
356 512 8
356 521 6
356 524 4
356 531 8
356 539 4
356 589 2
356 593 9
356 596 3
357 363 3
357 373 10
357 390 1
357 396 9
357 414 10
357 516 7
357 558 2
357 564 4
357 572 7
358 431 9
358 480 9
358 483 2
358 500 4
358 502 10
358 504 3
358 510 5
358 521 7
358 531 10
358 546 6
359 432 8
359 470 1
359 528 10
359 537 1
359 548 8
359 550 5
359 564 5
359 581 8
359 587 8
359 591 8
360 363 6
360 416 2
360 418 10
360 423 7
360 449 2
360 546 1
360 550 8
360 579 1
360 585 4
360 593 4
361 371 9
361 396 2
361 419 2
361 432 10
361 437 8
361 449 3
361 456 5
361 560 4
361 595 9
361 596 6
362 371 9
362 372 8
362 373 6
362 401 8
362 434 9
362 435 5
362 468 4
363 368 5
363 398 2
363 414 2
363 429 2
363 432 7
363 439 3
363 449 3
363 513 5
363 517 7
363 540 3
363 544 3
363 556 9
363 567 8
363 576 8
363 598 7
364 416 2
364 418 9
364 456 9
364 480 9
364 487 1
364 532 3
364 548 4
364 554 1
364 590 8
365 376 2
365 445 8
365 447 5
365 459 1
365 469 8
365 479 9
365 485 4
365 492 2
365 496 1
365 497 7
365 502 5
365 517 7
365 522 2
365 554 8
365 557 4
365 571 10
365 582 2
366 383 6
366 400 8
366 441 10
366 442 3
366 443 4
366 445 1
366 499 3
366 505 2
366 551 1
367 407 5
367 415 6
367 419 4
367 466 5
367 485 3
367 486 5
367 487 4
367 490 7
367 491 7
367 500 2
367 538 8
367 590 2
368 411 5
368 430 8
368 489 1
368 552 10
368 564 6
368 597 2
369 393 7
369 417 9
369 419 1
369 427 8
369 436 6
369 443 8
369 471 9
369 509 10
369 524 3
369 539 1
369 577 2
369 584 5
370 386 1
370 408 8
370 434 10
370 458 4
370 462 4
370 465 5
370 496 10
370 525 8
370 535 3
370 538 8
370 563 1
370 588 10
371 393 10
371 478 5
371 482 7
371 495 10
371 547 4
371 551 5
371 552 3
371 553 2
371 559 3
371 595 3
371 597 2
372 382 9
372 389 2
372 393 10
372 421 10
372 435 6
372 448 1
372 477 4
372 510 10
372 511 1
372 518 1
372 523 2
372 560 7
372 573 5
372 584 8
373 397 6
373 433 2
373 438 10
373 456 4
373 490 2
373 493 2
373 525 5
373 545 8
373 561 8
374 392 4
374 419 4
374 439 4
374 529 8
374 555 5
374 563 7
375 446 2
375 467 6
375 474 7
375 520 3
375 584 8
375 598 6
376 379 10
376 380 10
376 389 9
376 396 10
376 423 10
376 462 2
376 471 3
376 481 8
376 488 6
376 515 10
376 551 4
377 379 9
377 440 1
377 442 9
377 447 2
377 451 2
377 487 3
377 557 9
377 572 10
377 583 8
377 586 2
377 597 3
378 394 5
378 412 9
378 417 1
378 467 6
378 509 6
378 510 7
378 541 10
378 549 3
378 550 5
379 398 9
379 406 2
379 409 5
379 424 10
379 454 4
379 476 6
379 486 4
379 516 3
379 517 1
379 530 3
379 564 6
379 590 9
380 399 4
380 408 6
380 425 2
380 445 5
380 456 10
380 502 1
380 506 6
380 515 9
380 539 4
380 565 1
380 595 3
381 397 4
381 407 1
381 438 10
381 439 10
381 467 10
381 470 1
381 487 2
381 491 6
381 494 10
381 502 6
381 505 10
381 558 1
382 390 1
382 408 6
382 434 5
382 439 3
382 467 8
382 468 9
382 532 1
382 561 9
382 568 4
382 570 6
382 572 10
383 386 9
383 411 8
383 460 2
383 470 6
383 477 6
383 486 8
383 495 8
383 520 9
383 542 1
383 545 1
384 386 10
384 411 10
384 413 10
384 419 1
384 423 4
384 446 7
384 449 2
384 463 1
384 583 6
384 584 2
385 412 1
385 416 3
385 429 8
385 489 5
385 498 1
385 508 9
385 523 5
385 562 1
385 576 2
385 594 3
386 389 10
386 398 2
386 460 10
386 483 4
386 499 8
386 504 7
386 540 1
386 543 7
386 550 7
386 557 3
386 560 7
386 565 7
386 576 5
386 583 8
387 402 9
387 431 8
387 460 4
387 479 10
387 487 10
387 493 2
387 500 3
387 510 2
387 587 4
388 389 3
388 430 6
388 431 6
388 473 1
388 495 3
388 518 8
388 520 4
388 530 7
388 555 10
388 559 6
388 562 8
388 563 3
388 564 5
388 568 4
388 570 5
388 593 1
389 398 1
389 426 7
389 429 8
389 449 9
389 458 1
389 462 5
389 491 7
389 529 10
389 541 9
389 552 8
389 559 1
389 566 2
389 575 2
389 596 2
390 409 7
390 509 4
390 527 10
390 529 5
390 558 6
390 592 2
391 394 2
391 435 10
391 444 10
391 448 1
391 460 5
391 467 7
391 482 5
391 485 9
391 495 2
391 528 9
391 546 1
391 557 4
391 577 8
391 580 8
392 403 2
392 428 10
392 430 3
392 466 10
392 470 10
392 488 3
392 527 7
392 544 2
392 546 6
392 553 9
392 556 4
392 565 2
392 566 4
392 572 3
393 413 6
393 435 10
393 451 6
393 453 8
393 497 9
393 502 7
393 539 10
393 559 5
393 575 3
393 589 5
394 403 5
394 453 6
394 463 5
394 464 5
394 471 10
394 478 2
394 513 3
394 519 1
394 564 2
394 589 7
394 597 3
395 417 3
395 433 1
395 450 1
395 519 4
395 532 6
395 549 9
395 576 9
395 577 7
395 584 5
395 589 3
396 398 5
396 400 6
396 403 8
396 409 4
396 418 4
396 421 6
396 476 3
396 480 10
396 518 8
396 532 9
396 565 4
397 409 4
397 413 4
397 438 8
397 456 3
397 478 7
397 484 2
397 536 5
397 542 10
397 561 10
397 583 7
397 596 2
398 411 10
398 416 8
398 417 8
398 424 7
398 434 8
398 468 6
398 559 4
398 564 4
398 584 9
399 410 8
399 421 9
399 427 8
399 433 3
399 435 4
399 442 4
399 458 5
399 467 3
399 478 3
399 516 6
399 518 8
399 524 8
399 527 1
399 548 6
399 563 2
399 592 7
399 597 9
400 456 9
400 466 7
400 493 9
400 502 5
400 508 10
400 534 10
400 557 4
400 578 9
400 589 7
400 593 4
401 402 7
401 409 2
401 419 7
401 423 5
401 437 1
401 485 6
401 491 4
401 494 3
401 500 1
401 510 9
401 535 7
401 537 4
401 561 4
401 581 4
401 586 1
402 427 1
402 473 4
402 474 8
402 478 5
402 492 1
402 494 7
402 526 3
402 538 9
402 573 7
402 577 7
403 413 10
403 432 6
403 449 3
403 453 9
403 462 4
403 469 6
403 481 5
403 489 5
403 519 4
403 552 1
403 568 5
403 580 1
404 482 6
404 486 7
404 508 2
404 514 5
404 565 6
404 596 5
405 427 10
405 431 9
405 435 7
405 444 2
405 487 3
405 490 5
405 515 6
405 566 5
405 574 3
405 591 8
406 423 3
406 449 1
406 485 7
406 529 2
406 551 8
406 570 9
407 437 2
407 449 2
407 509 6
407 529 6
407 533 6
407 556 9
407 591 6
407 595 1
408 410 10
408 457 4
408 490 9
408 494 1
408 528 8
408 538 4
408 570 7
408 586 9
409 428 5
409 429 5
409 462 10
409 467 7
409 469 9
409 492 6
409 527 1
409 539 3
409 548 3
409 560 5
409 578 5
409 591 9
410 418 8
410 419 3
410 428 9
410 430 10
410 434 6
410 464 6
410 473 5
410 524 1
410 574 7
411 415 3
411 424 3
411 452 6
411 484 6
411 485 2
411 492 8
411 533 5
411 537 7
411 541 6
411 555 3
411 599 1
412 437 10
412 504 2
412 544 9
412 563 1
412 565 7
412 571 9
412 599 5
413 425 2
413 457 5
413 465 10
413 488 2
413 509 3
413 516 4
413 522 3
413 558 2
413 566 9
413 582 8
413 594 6
414 420 1
414 460 4
414 461 10
414 478 4
414 493 1
414 552 5
414 558 7
414 562 10
414 567 9
415 420 5
415 462 5
415 470 3
415 476 6
415 499 7
415 509 5
415 530 4
415 567 7
415 571 3
415 587 5
415 592 3
416 458 4
416 459 9
416 463 4
416 467 6
416 470 3
416 492 7
416 501 10
416 503 4
416 512 7
416 513 7
416 524 2
416 528 8
416 535 3
416 546 1
416 581 3
417 439 5
417 525 8
417 528 1
417 540 5
417 541 8
418 420 5
418 457 1
418 465 1
418 474 2
418 476 9
418 482 5
418 506 6
418 510 5
418 516 7
418 521 2
418 530 10
418 558 3
418 582 2
419 424 3
419 428 10
419 429 5
419 435 10
419 436 9
419 451 10
419 458 8
419 493 7
419 509 1
419 519 5
419 533 9
419 537 4
419 553 9
419 556 4
420 435 1
420 438 9
420 440 10
420 454 8
420 468 6
420 474 10
420 479 8
420 518 7
420 522 9
420 540 4
420 556 2
420 589 5
421 439 3
421 510 5
421 533 4
421 572 5
421 583 7
422 425 9
422 439 6
422 459 3
422 479 10
422 489 4
422 501 2
422 511 7
422 516 2
422 521 5
422 570 4
422 580 1
422 585 8
423 461 2
423 476 6
423 479 10
423 483 3
423 500 5
423 501 9
423 513 8
423 564 6
423 568 9
424 427 4
424 433 4
424 444 4
424 459 8
424 494 1
424 511 6
424 522 2
424 529 6
424 553 2
424 568 10
424 578 4
424 585 7
425 428 2
425 435 3
425 467 2
425 489 6
425 490 2
425 516 4
425 517 10
425 533 5
425 542 6
425 544 9
425 559 8
425 586 1
426 439 10
426 514 10
426 530 7
426 565 8
427 448 7
427 461 2
427 474 8
427 515 1
427 516 8
427 529 2
427 535 10
427 572 10
428 452 9
428 476 1
428 575 5
428 594 1
428 597 3
429 430 1
429 450 9
429 471 4
429 516 5
429 552 1
429 572 1
429 589 6
430 451 6
430 459 10
430 463 2
430 478 1
430 489 10
430 500 10
430 502 1
430 508 9
430 515 9
431 443 9
431 448 9
431 465 6
431 477 10
431 478 6
431 480 8
431 505 7
431 524 9
431 531 7
431 598 6
432 445 8
432 472 9
432 474 3
432 488 8
432 489 1
432 509 3
432 519 6
432 539 7
432 554 9
433 442 8
433 467 7
433 470 7
433 475 3
433 544 9
433 551 8
433 553 3
433 559 8
433 574 7
433 579 5
433 590 7
434 457 8
434 482 3
434 531 5
434 562 3
434 574 5
434 577 2
434 586 2
434 599 3
435 453 1
435 455 10
435 460 1
435 472 8
435 495 8
435 496 3
435 506 5
435 518 9
435 524 7
435 541 2
435 543 7
435 565 7
435 579 2
435 594 3
435 595 3
436 465 4
436 469 1
436 475 1
436 485 9
436 519 9
436 533 9
436 537 5
436 543 7
436 567 6
437 475 10
437 521 3
437 527 10
437 537 4
437 578 4
438 452 1
438 459 6
438 487 4
438 496 2
438 520 6
438 533 1
438 544 10
438 560 10
438 567 7
438 581 10
438 590 8
439 495 1
439 547 6
439 565 5
439 587 2
440 453 10
440 456 7
440 457 5
440 473 3
440 513 7
440 572 5
440 591 3
441 471 8
441 496 10
441 541 9
441 546 3
441 582 9
442 467 1
442 542 3
442 565 4
442 595 6
443 445 5
443 472 1
443 498 10
443 503 7
443 517 7
443 519 2
443 529 8
443 546 8
443 547 1
443 559 7
444 454 6
444 459 1
444 469 4
444 501 10
444 515 4
444 548 5
444 590 8
444 592 10
445 446 7
445 478 7
445 488 5
445 533 9
445 577 4
445 592 6
446 495 9
446 498 6
446 508 6
446 513 9
446 541 10
446 545 9
446 563 7
446 569 7
446 577 9
446 591 8
446 593 5
447 466 7
447 470 9
447 504 2
447 547 5
447 576 1
448 452 10
448 470 2
448 500 3
448 503 5
448 506 3
448 515 6
448 522 9
448 593 2
449 455 6
449 479 6
449 537 8
449 547 2
450 453 6
450 484 1
450 492 7
450 527 5
450 528 9
450 540 4
450 557 5
450 563 10
450 574 2
450 578 1
451 464 8
451 485 2
451 491 8
451 498 2
451 535 9
451 543 9
451 550 5
452 463 5
452 465 9
452 498 4
452 516 8
452 517 2
452 549 8
452 557 10
452 564 9
452 589 9
453 464 3
453 471 4
453 497 4
453 520 1
453 550 7
453 557 9
453 558 3
453 587 5
454 455 5
454 459 3
454 460 8
454 468 10
454 469 3
454 475 1
454 523 2
454 534 10
454 548 3
454 561 10
454 564 4
454 565 3
454 592 8
454 594 8
454 598 9
455 462 8
455 463 2
455 470 6
455 477 9
455 559 1
455 583 7
455 593 8
456 487 9
456 528 9
456 537 3
456 576 4
456 579 9
456 580 2
457 482 5
457 486 4
457 505 6
457 509 9
457 523 6
457 542 4
457 545 10
457 559 8
457 583 6
458 462 2
458 504 10
458 513 8
458 528 1
458 533 3
458 535 2
458 539 10
458 563 10
458 578 10
458 592 9
459 534 3
459 563 5
459 595 10
460 474 6
460 475 3
460 486 7
460 504 6
460 510 2
460 539 1
460 591 10
461 469 2
461 567 2
461 569 6
462 475 7
462 477 10
462 478 6
462 510 3
462 543 3
462 546 6
462 565 10
462 577 10
462 580 9
463 478 1
463 481 8
463 504 1
463 557 3
463 574 1
463 578 10
463 583 5
463 597 1
464 466 10
464 471 9
464 499 7
464 517 9
464 542 4
464 548 2
465 477 7
465 491 10
465 512 5
465 516 8
465 570 1
465 571 6
465 583 1
465 587 6
466 481 3
466 507 10
466 515 3
466 524 7
467 474 4
467 500 8
467 503 8
467 525 4
467 564 6
467 565 9
467 566 3
467 577 8
467 593 3
468 499 3
468 529 7
468 543 9
468 547 5
468 551 7
468 565 8
469 483 4
469 496 7
469 502 3
469 504 5
469 548 4
469 566 2
469 575 9
469 584 1
470 474 4
470 475 6
470 481 3
470 484 1
470 485 10
470 490 3
470 504 4
470 511 6
470 514 8
470 560 3
470 569 4
470 571 3
470 584 1
470 594 4
471 489 5
471 504 8
471 508 6
471 511 10
471 538 7
471 557 5
471 564 6
471 577 5
471 579 4
471 586 9
471 587 1
471 592 6
471 595 5
472 478 4
472 499 10
472 523 3
472 579 4
472 580 5
472 590 1
472 591 9
472 592 6
473 507 10
473 534 1
473 555 9
473 559 8
474 488 10
474 517 1
474 551 1
475 496 3
475 530 1
475 542 4
475 562 9
475 569 9
476 478 1
476 567 10
476 594 5
476 598 7
477 535 6
477 552 9
477 566 10
477 590 6
478 479 9
478 483 8
478 497 1
478 502 3
478 536 7
478 571 5
479 482 8
479 490 1
479 501 5
479 510 6
479 524 6
479 537 7
479 543 8
480 519 6
480 556 4
480 567 10
480 575 9
480 580 4
480 582 2
480 588 9
481 488 9
481 491 10
481 536 9
481 537 9
481 544 2
481 586 5
482 486 6
482 490 9
482 516 5
482 532 7
482 557 4
482 572 4
482 590 4
483 519 6
483 531 8
483 551 2
483 555 3
483 566 7
483 571 3
484 487 9
484 514 5
484 520 10
484 592 5
486 490 4
487 493 8
487 552 8
487 566 3
488 561 6
488 567 3
488 574 4
488 575 6
489 505 1
489 545 6
489 553 7
489 556 2
490 499 7
490 526 1
490 534 9
490 548 5
490 556 6
490 590 5
491 511 10
491 517 1
491 538 1
491 553 8
491 560 10
492 503 2
492 514 10
492 516 6
492 530 6
492 540 8
492 583 2
492 599 8
493 529 3
493 556 6
493 590 5
493 595 2
494 501 8
494 506 2
494 550 5
494 552 4
494 567 7
494 597 7
495 502 9
495 511 3
495 513 10
495 523 7
495 531 6
495 550 8
495 556 1
495 567 3
496 499 5
496 511 2
496 516 3
496 533 7
497 512 9
497 517 4
497 557 8
497 567 10
497 570 1
497 575 4
497 587 8
498 505 3
498 531 1
498 548 2
498 557 8
498 558 7
498 567 5
498 568 7
498 578 8
498 589 1
498 591 10
499 519 4
499 536 8
499 551 8
499 577 9
499 598 9
500 540 6
500 554 4
500 560 7
501 502 8
501 510 6
501 537 3
501 542 10
501 553 10
501 577 9
501 594 10
502 528 3
502 546 8
502 559 10
502 561 3
502 568 3
503 512 9
503 542 5
503 555 5
503 561 2
504 511 4
504 516 1
504 520 6
504 536 1
504 540 8
504 560 7
504 561 2
504 568 4
504 593 6
505 536 2
505 547 2
505 570 4
506 512 7
506 530 7
506 534 2
506 575 5
506 590 4
506 598 6
507 526 6
507 577 5
507 592 6
508 559 5
508 574 7
509 514 4
509 523 6
509 545 1
509 553 6
509 581 4
510 525 8
510 526 3
510 563 5
510 575 1
510 598 3
511 529 3
511 539 3
511 583 3
512 514 9
512 515 7
512 540 6
512 546 6
512 551 8
512 566 9
512 572 9
512 578 4
512 579 7
512 592 1
513 517 10
513 570 2
513 591 8
514 537 5
515 527 6
515 534 4
515 552 2
515 564 2
515 579 7
515 582 7
516 566 2
516 578 4
516 587 3
516 591 9
517 532 8
517 537 7
517 574 2
517 595 1
517 596 9
518 535 6
518 548 5
518 583 9
519 528 2
519 530 10
519 563 6
519 595 1
520 523 10
520 555 5
520 557 5
520 592 6
521 539 7
521 542 6
521 557 7
521 562 4
521 582 3
521 583 2
522 535 9
522 558 4
522 568 5
523 557 7
523 589 2
524 531 8
524 536 3
524 544 4
524 545 7
524 564 10
524 583 3
525 536 10
525 556 2
525 576 3
525 579 5
525 587 6
526 543 4
526 549 9
527 561 5
529 548 9
529 557 9
529 580 6
529 586 3
530 536 5
531 557 3
531 578 1
532 546 3
532 554 1
532 596 7
533 544 5
533 551 4
533 574 5
533 592 10
534 594 8
535 588 2
536 560 3
537 541 6
537 549 4
537 550 7
537 552 4
538 595 5
539 552 1
539 594 5
540 583 7
541 542 3
541 553 1
541 562 2
541 570 6
541 588 9
541 589 9
542 560 7
542 565 10
542 592 4
543 558 1
543 565 4
544 570 7
544 577 2
545 551 6
545 561 9
545 580 10
546 578 2
546 589 3
547 553 4
547 563 1
547 567 2
548 565 7
548 571 6
550 577 7
550 599 2
552 562 2
552 567 2
552 568 7
552 569 4
553 589 8
553 595 3
553 597 6
554 557 9
554 570 6
554 590 4
554 599 9
555 599 4
556 559 2
556 578 8
557 563 10
557 576 2
557 577 4
557 582 8
558 572 5
558 587 9
558 588 6
559 568 4
560 565 3
560 579 8
560 584 10
560 587 5
561 595 10
562 599 8
563 564 10
565 583 8
565 587 10
566 586 3
567 572 2
567 575 8
568 571 6
570 597 9
572 573 2
573 579 4
573 588 7
573 597 7
574 587 7
577 590 6
578 580 3
579 582 8
579 584 5
583 586 2
585 595 1
585 596 8
587 599 9
588 591 6
594 596 7
600 299 28
601 599 6
600 601 44
602 619 1
602 647 2
602 688 1
602 703 7
602 724 3
602 762 5
602 791 6
602 796 1
602 821 2
602 825 5
602 833 3
602 836 10
602 837 7
602 845 1
602 855 10
602 874 10
602 878 2
603 613 7
603 627 6
603 655 2
603 660 1
603 676 6
603 734 6
603 796 4
603 837 1
603 846 4
603 860 3
603 868 5
603 875 8
603 898 8
603 900 4
604 613 10
604 649 9
604 654 6
604 705 6
604 723 3
604 756 3
604 806 3
604 832 3
604 836 6
604 843 7
604 853 7
604 858 6
604 877 6
604 887 8
605 609 7
605 611 7
605 619 1
605 627 6
605 649 2
605 663 2
605 680 6
605 683 9
605 709 9
605 770 9
605 782 9
605 789 3
605 805 2
605 824 6
605 842 2
606 655 9
606 727 1
606 761 1
606 762 9
606 766 8
606 803 6
606 804 2
606 805 10
606 817 1
606 827 4
606 849 6
606 850 9
606 855 1
606 856 3
606 872 4
607 613 10
607 615 9
607 646 10
607 647 10
607 654 4
607 655 3
607 668 3
607 675 2
607 686 1
607 733 1
607 740 10
607 746 2
607 751 5
607 753 3
607 773 7
607 791 6
607 805 1
607 855 9
607 857 6
607 868 2
608 615 6
608 636 4
608 651 3
608 684 6
608 689 4
608 695 8
608 718 3
608 729 2
608 751 10
608 753 5
608 757 6
608 771 9
608 775 3
608 777 5
608 844 8
608 870 9
608 877 8
609 611 2
609 654 10
609 659 10
609 698 3
609 701 9
609 759 1
609 773 7
609 805 2
609 807 9
609 813 3
609 821 4
609 859 7
609 883 10
610 629 5
610 660 5
610 690 3
610 722 9
610 723 10
610 751 8
610 766 7
610 785 2
610 790 2
610 796 6
610 797 6
610 801 7
610 834 7
610 838 10
610 865 3
610 884 6
610 891 10
611 627 2
611 658 8
611 660 9
611 671 4
611 720 10
611 760 10
611 776 4
611 798 8
611 799 3
611 819 5
611 835 2
611 844 8
611 854 3
611 855 2
611 856 3
611 862 7
611 863 6
611 891 3
612 615 8
612 632 4
612 649 9
612 662 9
612 679 5
612 694 7
612 730 6
612 776 3
612 778 3
612 819 8
613 617 7
613 709 8
613 714 7
613 764 1
613 778 7
613 779 8
613 785 4
613 808 8
613 834 7
613 838 7
613 848 6
613 860 1
613 863 3
613 871 7
613 873 8
613 877 6
613 901 10
614 619 2
614 633 2
614 659 6
614 678 5
614 753 10
614 794 1
614 831 3
614 835 10
615 629 7
615 664 1
615 670 8
615 686 1
615 690 3
615 693 5
615 715 7
615 720 3
615 729 3
615 743 7
615 770 9
615 792 10
615 799 2
615 819 7
615 893 8
615 898 9
616 648 4
616 653 10
616 672 3
616 689 10
616 692 8
616 693 8
616 695 10
616 697 9
616 702 10
616 708 7
616 711 5
616 742 9
616 750 9
616 815 10
616 836 10
616 841 5
616 869 10
616 874 7
617 618 7
617 621 5
617 665 3
617 667 5
617 677 7
617 719 6
617 731 4
617 755 5
617 760 7
617 770 5
617 798 3
617 803 7
617 842 5
617 850 6
617 870 6
617 876 8
618 648 8
618 662 5
618 745 5
618 757 9
618 832 4
618 833 4
618 855 7
618 864 10
618 877 4
618 887 5
619 636 9
619 647 6
619 668 1
619 670 1
619 690 2
619 692 7
619 701 5
619 706 5
619 725 1
619 795 1
619 797 2
619 814 4
619 822 7
619 825 10
619 870 9
619 879 2
619 883 8
620 658 5
620 667 7
620 712 4
620 716 2
620 725 4
620 740 8
620 751 7
620 764 4
620 775 3
620 824 2
620 826 10
620 838 3
620 848 8
620 859 4
620 883 3
621 641 3
621 650 6
621 652 3
621 656 4
621 680 2
621 684 7
621 716 10
621 735 5
621 773 9
621 873 3
621 886 10
622 634 8
622 669 5
622 672 10
622 682 9
622 688 2
622 711 5
622 713 7
622 729 7
622 746 6
622 835 1
622 866 5
622 887 4
622 892 6
622 893 9
623 636 6
623 663 6
623 698 3
623 753 3
623 771 1
623 781 6
623 796 7
623 798 7
623 800 10
623 842 2
623 851 10
623 858 9
623 861 4
623 887 4
624 645 9
624 654 8
624 713 6
624 726 6
624 775 2
624 776 5
624 808 6
624 809 6
624 817 1
624 824 3
624 873 2
624 874 9
625 642 5
625 672 8
625 703 2
625 715 10
625 722 7
625 730 9
625 747 5
625 818 1
625 855 1
626 628 8
626 638 8
626 661 9
626 672 4
626 687 10
626 688 1
626 699 3
626 707 8
626 725 4
626 744 9
626 754 8
626 765 1
626 774 4
626 810 4
626 816 5
626 817 10
626 824 9
626 846 10
626 897 1
627 630 1
627 632 3
627 645 9
627 671 5
627 672 1
627 686 2
627 695 7
627 699 9
627 708 1
627 726 3
627 734 9
627 735 3
627 763 10
627 804 9
627 823 2
627 854 3
627 855 8
628 664 2
628 672 8
628 688 7
628 731 7
628 733 6
628 747 4
628 759 9
628 776 1
628 809 7
628 813 5
628 831 10
629 636 8
629 648 6
629 655 2
629 664 10
629 682 9
629 723 10
629 768 7
629 793 1
629 808 4
629 811 3
629 816 1
629 820 4
629 826 7
629 828 1
630 647 6
630 726 7
630 752 9
630 758 7
630 797 1
630 849 6
630 893 10
631 633 10
631 661 2
631 674 8
631 682 5
631 687 6
631 689 9
631 691 7
631 693 4
631 701 3
631 727 7
631 743 3
631 780 9
631 785 10
631 796 5
631 818 9
631 827 2
631 840 1
632 637 9
632 662 5
632 664 5
632 672 9
632 678 8
632 688 1
632 691 9
632 710 3
632 712 9
632 721 10
632 774 10
632 777 2
632 794 5
632 893 1
632 899 1
633 653 9
633 778 9
633 847 6
633 895 6
634 644 7
634 651 4
634 680 1
634 750 1
634 766 10
634 828 4
634 836 9
634 874 2
634 875 8
634 886 9
634 890 3
634 893 10
635 660 7
635 681 7
635 715 6
635 717 7
635 725 4
635 743 8
635 747 8
635 764 8
635 807 7
635 821 7
635 828 9
635 837 8
635 842 1
635 857 10
636 638 10
636 647 1
636 652 10
636 667 5
636 677 6
636 719 8
636 734 9
636 742 7
636 760 8
636 784 10
636 859 2
636 889 7
636 900 3
637 642 1
637 689 7
637 709 5
637 724 2
637 736 4
637 754 3
637 778 7
637 802 2
637 826 6
637 847 6
637 871 9
637 873 6
637 876 4
637 897 5
638 660 4
638 665 3
638 676 8
638 677 5
638 689 3
638 690 10
638 691 4
638 705 9
638 707 6
638 735 1
638 744 9
638 772 4
638 785 9
638 790 1
638 811 7
638 820 7
638 834 3
638 854 7
639 650 3
639 651 8
639 652 10
639 664 8
639 669 10
639 677 8
639 683 2
639 688 8
639 708 3
639 715 10
639 720 3
639 727 9
639 741 7
639 746 8
639 759 1
639 812 6
639 822 3
639 841 5
639 846 5
639 849 6
639 853 4
639 863 2
640 642 9
640 686 2
640 693 7
640 717 9
640 739 2
640 760 3
640 783 7
640 852 5
641 642 1
641 646 1
641 667 4
641 680 10
641 732 1
641 745 5
641 749 9
641 821 2
641 847 2
641 851 4
641 882 3
642 645 6
642 651 2
642 654 9
642 663 4
642 699 4
642 706 6
642 738 6
642 759 9
642 761 1
642 771 3
642 775 2
642 791 2
642 797 1
642 798 5
642 886 1
642 897 1
642 899 9
643 664 3
643 682 7
643 701 5
643 702 4
643 833 8
643 859 8
643 872 5
643 877 8
643 901 2
644 652 4
644 678 1
644 704 6
644 727 7
644 775 3
644 791 1
644 799 10
644 812 2
644 825 4
644 872 3
644 878 7
644 884 9
644 889 3
645 657 9
645 669 4
645 746 6
645 767 3
645 778 6
645 786 1
645 789 3
645 811 7
645 869 1
645 879 5
645 884 5
646 665 5
646 687 10
646 696 2
646 700 4
646 701 7
646 721 1
646 723 7
646 752 2
646 777 1
646 783 2
646 796 10
646 806 6
646 858 3
646 868 9
646 875 7
646 896 8
647 684 3
647 687 5
647 723 9
647 730 6
647 802 6
647 805 2
647 814 1
647 825 8
647 834 7
647 848 3
647 853 10
647 875 5
648 670 3
648 705 6
648 730 10
648 736 7
648 762 8
648 766 3
648 832 2
648 835 4
648 846 6
648 848 9
648 854 5
649 675 8
649 676 2
649 680 4
649 681 3
649 683 4
649 700 4
649 778 1
649 780 4
649 791 6
649 824 6
649 826 2
649 845 1
649 873 1
649 879 5
649 891 4
650 671 10
650 740 1
650 743 6
650 765 1
650 781 8
650 804 9
650 865 6
650 877 7
651 678 7
651 685 5
651 697 1
651 699 9
651 704 8
651 707 6
651 719 9
651 724 4
651 743 4
651 753 10
651 787 7
651 806 8
651 820 6
651 836 2
651 886 9
651 892 9
652 653 8
652 668 6
652 705 2
652 718 10
652 725 8
652 728 6
652 744 3
652 747 7
652 763 8
652 766 9
652 802 7
652 809 5
652 822 9
652 840 4
652 847 3
652 873 7
652 882 9
652 901 4
653 658 5
653 696 8
653 707 9
653 744 5
653 747 2
653 749 4
653 756 5
653 781 10
653 789 2
653 805 2
653 809 2
653 810 2
653 811 2
653 817 9
654 695 7
654 702 3
654 728 8
654 759 4
654 762 8
654 776 3
654 831 10
654 833 7
654 847 1
654 848 8
654 879 2
654 885 1
655 674 1
655 687 4
655 785 7
655 810 1
656 687 9
656 705 4
656 722 9
656 726 10
656 751 8
656 773 2
656 779 5
656 781 4
656 785 1
656 803 6
656 824 5
656 828 2
656 858 9
657 661 8
657 663 10
657 688 5
657 692 10
657 729 10
657 749 8
657 756 9
657 768 2
657 783 9
657 811 6
657 893 4
658 683 6
658 686 9
658 695 4
658 708 9
658 711 4
658 736 10
658 761 1
658 770 3
658 785 5
658 802 9
658 824 2
658 885 3
658 896 2
659 694 6
659 728 8
659 763 3
659 774 4
659 782 3
659 792 4
659 814 4
659 824 2
659 831 6
659 839 9
659 873 2
659 888 5
660 686 6
660 722 10
660 778 8
660 810 7
660 812 7
660 836 1
660 860 2
660 861 5
660 868 6
660 888 2
660 894 9
661 673 7
661 677 3
661 731 1
661 741 2
661 742 3
661 761 4
661 791 6
661 793 5
661 799 1
661 804 3
661 807 7
661 835 6
661 868 7
661 877 2
661 883 10
661 888 9
662 675 7
662 680 8
662 684 10
662 708 3
662 712 5
662 727 1
662 754 10
662 813 1
662 814 8
662 822 2
662 824 5
662 871 4
662 875 7
662 896 8
663 677 2
663 681 4
663 729 10
663 743 4
663 762 7
663 769 5
663 790 7
663 832 2
663 850 9
663 851 8
663 854 4
663 871 7
664 687 5
664 707 1
664 739 8
664 741 4
664 759 1
664 761 7
664 833 3
665 671 10
665 725 9
665 735 8
665 756 2
665 764 9
665 784 10
665 789 9
665 829 2
665 830 6
665 850 3
666 669 9
666 674 4
666 727 6
666 736 4
666 742 3
666 753 10
666 830 2
666 885 9
667 706 6
667 712 3
667 753 7
667 770 5
667 796 8
667 809 5
667 834 2
667 876 10
667 886 5
667 893 5
667 894 10
668 689 1
668 711 10
668 772 9
668 791 1
668 796 7
668 805 3
668 810 1
668 817 8
668 827 3
668 835 3
668 842 4
668 883 5
669 671 1
669 674 7
669 702 3
669 707 6
669 752 1
669 778 2
669 780 7
669 781 10
669 796 9
669 801 1
669 805 8
669 817 6
669 818 8
669 836 3
669 838 7
669 866 8
670 672 9
670 682 3
670 707 7
670 731 1
670 756 2
670 759 8
670 777 1
670 808 8
670 832 2
670 833 4
670 837 8
670 838 4
670 840 6
670 883 1
671 731 1
671 737 8
671 765 9
671 770 3
671 776 3
671 786 9
671 810 4
671 812 1
671 850 8
671 852 4
671 890 1
672 675 8
672 721 9
672 757 10
672 766 2
672 772 5
672 801 9
672 836 10
672 840 8
672 842 8
672 868 2
672 871 9
673 689 7
673 702 4
673 703 9
673 757 8
673 765 7
673 766 6
673 775 1
673 806 2
673 828 8
673 859 1
673 868 1
674 761 8
674 797 3
674 809 5
674 815 6
674 818 8
674 832 5
674 846 6
674 892 2
674 897 7
675 680 3
675 689 10
675 690 9
675 746 4
675 754 5
675 800 7
675 804 5
675 817 4
675 822 4
675 863 6
675 870 4
675 873 2
675 886 1
675 892 2
676 709 9
676 735 8
676 756 9
676 777 10
676 843 1
676 895 8
677 685 2
677 696 2
677 714 5
677 737 7
677 762 6
677 768 1
677 899 4
678 679 3
678 686 8
678 718 5
678 731 1
678 746 2
678 758 7
678 759 9
678 780 7
678 809 3
678 815 8
678 836 1
678 865 6
678 880 3
678 887 8
679 702 9
679 713 5
679 716 8
679 722 3
679 749 3
679 756 7
679 770 1
679 802 4
679 810 8
679 824 1
679 858 8
679 866 9
679 887 5
680 704 4
680 709 6
680 720 7
680 742 7
680 768 8
680 770 4
680 775 4
680 787 9
680 821 7
680 848 10
680 849 7
680 861 3
680 890 2
680 901 6
681 691 5
681 692 7
681 722 9
681 833 2
681 847 7
681 857 3
681 870 2
681 890 9
682 699 7
682 718 8
682 776 2
682 812 1
682 868 5
682 874 2
682 883 10
683 690 5
683 721 8
683 751 3
683 793 1
683 833 5
683 834 9
683 854 8
683 872 10
684 704 2
684 726 8
684 745 7
684 748 1
684 751 7
684 795 1
684 801 4
684 806 2
684 880 6
684 883 2
684 895 10
684 901 9
685 709 9
685 722 2
685 739 10
685 740 9
685 742 1
685 766 8
685 768 2
685 788 3
685 795 4
685 811 3
685 835 2
685 839 9
685 844 3
685 863 4
685 879 9
686 694 7
686 738 2
686 753 8
686 780 8
686 781 6
686 792 6
686 808 6
686 810 8
686 846 4
686 856 7
686 883 2
686 885 5
686 894 4
687 721 3
687 737 5
687 755 2
687 765 3
687 826 8
687 838 2
687 858 2
687 874 10
687 889 1
687 899 3
688 709 2
688 738 4
688 755 8
688 760 3
688 773 4
688 789 2
688 834 8
688 850 4
688 852 8
688 865 2
688 878 2
688 880 7
688 884 7
688 900 9
689 695 3
689 707 6
689 740 2
689 742 1
689 820 7
690 694 8
690 697 4
690 702 2
690 712 4
690 735 5
690 737 4
690 752 4
690 757 8
690 778 7
690 795 3
690 838 8
690 846 2
690 867 5
690 880 4
691 698 1
691 715 9
691 744 7
691 772 2
691 796 7
691 797 1
691 807 1
691 815 8
691 828 4
691 835 7
691 843 6
691 872 2
691 886 1
691 891 1
692 742 5
692 756 3
692 802 8
692 807 2
692 809 6
692 866 1
692 877 8
693 706 3
693 749 4
693 752 1
693 759 10
693 814 3
693 837 3
693 860 10
693 870 4
694 710 7
694 712 3
694 727 6
694 731 8
694 757 1
694 758 7
694 765 4
694 795 1
694 799 9
694 832 3
694 842 6
694 843 7
694 848 8
694 874 9
695 725 10
695 727 8
695 728 3
695 731 2
695 857 7
695 894 7
696 707 10
696 712 7
696 747 4
696 761 4
696 768 3
696 803 4
696 808 5
696 838 7
696 845 8
696 866 4
696 870 10
696 885 7
696 892 8
697 718 7
697 739 4
697 777 9
697 846 3
697 862 7
697 894 1
698 709 3
698 718 1
698 743 7
698 763 9
698 846 8
698 849 5
698 871 8
699 722 5
699 741 10
699 754 10
699 787 4
699 803 8
699 811 1
699 834 10
699 838 1
699 859 4
699 860 4
699 865 6
699 866 8
699 870 10
699 885 3
699 892 4
700 715 1
700 738 9
700 751 1
700 754 7
700 759 4
700 768 1
700 787 1
700 791 10
700 850 2
700 863 3
701 712 10
701 732 10
701 747 4
701 758 9
701 761 6
701 763 1
701 797 4
701 803 5
701 818 2
701 823 7
701 881 2
701 882 2
702 708 8
702 729 4
702 756 7
702 760 4
702 786 9
702 830 5
702 832 3
702 837 4
702 856 8
702 875 4
703 727 4
703 733 10
703 757 2
703 792 8
703 834 1
703 838 3
703 855 9
703 875 2
704 817 7
704 826 1
704 828 3
704 841 10
704 845 9
704 870 8
704 878 1
704 882 4
704 884 3
704 886 4
704 899 2
705 710 6
705 732 8
705 763 10
705 768 10
705 816 4
705 817 5
705 840 10
705 850 10
705 874 7
706 755 5
706 765 7
706 805 2
706 822 9
706 839 9
706 850 4
706 880 6
707 749 9
707 769 8
707 778 4
707 784 2
707 799 4
707 838 4
707 851 4
707 870 6
707 899 5
708 744 1
708 761 8
708 791 8
708 826 3
708 829 1
708 830 10
708 834 1
708 856 8
709 718 1
709 728 10
709 759 4
709 769 5
709 792 1
709 815 3
710 730 3
710 819 6
710 828 2
710 842 7
710 865 6
710 880 10
711 715 10
711 729 1
711 746 8
711 758 9
711 772 6
711 789 9
711 859 4
711 862 2
712 747 2
712 804 9
712 812 6
712 831 2
712 844 8
712 882 3
713 722 7
713 724 9
713 730 4
713 743 7
713 744 8
713 747 6
713 777 8
713 807 1
713 816 2
713 819 10
713 847 6
713 885 5
714 744 7
714 755 7
714 770 1
714 771 2
714 817 6
714 830 2
714 844 2
714 862 5
715 771 2
715 792 10
715 800 3
715 814 5
715 835 1
715 866 6
716 717 6
716 736 6
716 761 9
716 769 3
716 771 10
716 783 7
716 812 3
716 830 6
716 837 5
716 859 1
716 861 1
716 871 4
716 874 3
716 881 5
717 720 4
717 729 8
717 740 1
717 745 10
717 752 6
717 766 1
717 768 4
717 835 3
717 838 4
717 841 7
717 846 7
717 891 5
717 895 6
718 749 1
718 765 1
718 787 6
718 788 8
718 799 6
718 834 3
718 870 7
718 893 1
718 896 3
719 753 3
719 760 3
719 776 10
719 795 10
719 802 5
719 814 2
719 842 3
719 859 8
719 864 6
719 885 6
719 889 7
720 740 6
720 766 8
720 775 3
720 797 8
720 804 3
720 810 7
720 832 1
720 838 9
720 844 4
720 845 7
720 849 5
720 851 6
720 856 10
720 860 10
721 733 4
721 735 7
721 765 5
721 793 10
721 794 7
721 798 7
721 828 4
721 881 2
722 740 8
722 746 3
722 798 6
722 806 9
722 809 8
722 826 5
723 751 5
723 752 3
723 777 4
723 783 10
723 788 2
723 812 6
723 818 8
723 875 4
724 734 4
724 735 10
724 798 3
724 800 7
724 812 9
724 873 9
725 749 3
725 769 8
725 775 8
725 790 6
725 810 6
725 815 4
725 826 7
725 859 3
725 861 10
725 863 2
725 878 6
726 737 7
726 801 7
726 816 1
726 826 8
726 848 4
726 882 8
726 888 2
727 735 8
727 738 1
727 741 3
727 756 2
727 809 8
727 841 2
727 848 5
727 857 1
727 879 2
727 899 9
728 752 10
728 760 2
728 830 9
728 888 2
729 738 1
729 800 9
729 814 9
729 853 6
729 871 2
729 888 7
729 897 10
730 744 2
730 759 8
730 789 5
730 800 10
730 824 6
730 848 8
730 869 9
731 734 9
731 761 5
731 792 10
731 825 7
731 859 7
732 771 3
732 782 10
732 790 4
732 802 4
732 814 6
732 821 6
732 828 7
732 830 5
732 834 5
732 883 10
732 889 3
732 900 6
733 749 10
733 777 1
733 795 6
733 858 6
734 772 3
734 786 2
734 789 7
734 800 6
734 822 2
734 823 2
734 835 7
734 836 7
735 741 1
735 744 6
735 787 6
735 791 5
735 799 7
735 801 4
735 813 1
735 845 1
735 862 3
736 741 6
736 802 7
736 811 8
736 821 1
736 823 3
736 894 4
737 767 6
737 777 3
737 802 9
737 811 3
737 825 4
737 834 1
737 895 9
738 759 1
738 762 5
738 770 2
738 774 8
738 787 2
738 797 3
738 802 1
738 824 1
738 874 10
738 882 1
738 885 8
738 893 7
739 765 5
739 785 4
739 800 2
739 823 7
739 843 7
739 863 6
739 874 4
739 893 3
740 790 3
740 794 4
740 817 5
740 819 9
740 834 1
740 841 9
740 847 9
740 852 6
740 871 5
740 887 1
741 744 4
741 764 5
741 765 6
741 786 5
741 792 4
741 805 9
741 820 10
741 824 4
741 851 1
741 871 9
741 899 4
742 746 8
742 770 7
742 794 10
742 808 4
742 821 8
742 825 8
742 830 10
742 841 3
742 842 1
742 848 2
742 879 7
742 885 7
743 745 8
743 774 7
743 775 9
743 779 9
743 809 5
744 749 4
744 750 3
744 783 6
744 796 9
744 808 9
744 830 3
744 841 6
744 863 3
744 880 3
744 882 5
745 747 8
745 791 4
745 806 5
745 809 4
745 848 1
745 850 1
745 878 3
745 889 4
746 749 8
746 788 3
746 882 5
746 886 10
747 817 5
747 839 6
747 849 8
747 856 3
747 861 4
747 863 5
747 896 2
747 900 2
748 790 9
748 813 7
748 883 6
749 770 6
749 787 6
749 799 4
749 806 10
749 861 1
749 873 8
749 888 5
749 899 7
749 900 6
750 767 8
750 771 1
750 780 9
750 785 10
750 809 1
750 817 3
750 820 6
750 846 10
750 847 5
750 858 10
750 897 1
751 779 10
751 850 6
751 855 8
751 873 4
751 876 1
751 877 2
751 900 5
752 759 2
752 763 3
752 783 4
752 784 9
752 800 10
752 884 9
753 773 2
753 776 10
753 814 1
753 815 10
753 833 4
753 894 7
754 768 5
754 769 3
754 778 7
754 786 3
754 817 2
754 831 7
754 863 7
754 886 9
755 770 6
755 773 2
755 813 9
755 825 6
755 840 3
756 782 6
756 808 5
756 832 6
756 834 6
756 848 7
756 881 3
756 893 9
757 760 1
757 780 6
757 818 7
757 826 10
757 847 6
757 848 8
757 851 1
757 867 6
757 875 9
757 881 6
758 787 2
758 788 5
758 799 8
758 810 8
758 811 9
758 866 2
758 882 6
758 901 6
759 764 10
759 767 3
759 786 7
759 790 8
759 794 10
759 819 1
759 853 5
759 861 4
759 865 8
759 884 10
760 787 2
760 794 10
760 800 8
760 820 4
760 853 7
760 884 4
760 891 4
760 897 2
761 775 4
762 791 6
762 826 9
762 834 2
762 879 2
762 890 10
763 772 9
763 874 1
763 887 9
763 898 7
763 900 2
764 821 6
764 827 2
764 829 4
764 837 8
764 842 8
764 856 3
764 870 9
764 881 10
764 884 8
765 773 5
765 775 8
765 779 7
765 782 8
765 803 9
765 812 7
765 851 2
765 862 6
765 870 2
766 767 5
766 794 9
766 804 5
766 805 2
766 815 8
766 817 9
766 820 3
766 822 7
766 824 7
766 832 4
766 865 8
766 873 3
766 874 7
766 881 3
767 773 7
767 797 2
767 799 3
767 817 6
767 828 5
767 881 1
768 801 6
768 803 2
768 804 7
768 826 3
768 829 10
768 888 5
768 891 1
769 779 6
769 786 6
769 803 8
769 810 8
769 827 2
769 843 7
769 852 4
769 859 3
769 863 4
769 898 2
770 779 8
770 783 2
770 794 10
770 843 3
770 852 9
770 859 5
770 880 1
770 890 4
770 896 1
770 897 3
770 901 6
771 791 6
771 795 7
771 823 8
771 832 1
771 870 10
771 876 7
771 891 5
772 775 9
772 790 1
772 792 8
772 846 7
772 872 8
773 792 5
773 800 6
773 808 9
773 816 1
773 819 9
773 850 3
773 884 6
774 793 3
774 796 10
774 819 10
774 824 2
774 831 4
774 837 10
774 889 8
775 789 5
775 813 3
775 817 8
775 849 7
776 778 10
776 797 6
776 844 5
776 846 10
776 852 8
776 860 4
776 869 6
776 877 3
777 818 4
777 844 8
777 850 10
777 867 10
778 815 5
778 823 6
778 834 7
778 874 5
778 894 7
779 788 6
779 849 7
779 850 4
780 781 8
780 797 9
780 821 3
780 850 1
780 861 2
780 889 3
781 782 1
781 814 8
781 836 7
781 848 10
781 854 4
781 865 7
781 882 5
782 796 8
782 797 8
782 809 3
782 841 3
782 863 3
782 880 5
782 890 7
782 893 10
783 786 6
783 810 8
783 815 6
783 850 1
783 851 5
783 883 10
783 901 9
784 786 2
784 803 6
784 805 5
784 815 1
784 824 6
784 827 7
784 835 3
784 863 10
784 885 1
784 888 3
784 901 7
785 790 10
785 794 3
785 864 3
785 898 8
786 790 7
786 795 2
786 799 5
786 822 1
786 823 7
786 829 9
786 856 5
786 869 3
786 880 10
786 886 2
786 896 2
786 901 5
787 820 5
787 857 8
788 809 4
788 819 3
788 824 9
788 849 1
789 848 7
789 866 9
789 896 7
790 794 6
790 822 2
790 837 8
790 892 8
791 803 4
791 829 4
791 832 7
791 844 8
791 855 8
791 875 4
791 878 7
791 883 2
792 817 10
792 836 7
792 840 8
792 886 8
792 887 4
793 804 10
793 831 7
793 838 5
793 842 3
793 869 1
794 795 9
794 833 1
794 841 4
794 849 4
794 851 1
794 874 7
794 894 2
795 801 10
795 822 3
795 849 9
795 860 3
795 890 10
796 811 7
796 819 8
796 852 5
796 858 5
796 868 6
796 870 5
796 874 9
796 875 2
796 897 6
797 838 8
797 884 8
797 888 3
797 898 8
798 826 1
798 847 4
798 860 4
798 887 8
799 805 6
799 826 7
799 837 8
799 855 8
799 871 10
799 899 3
800 801 9
800 821 6
800 828 5
800 836 10
800 841 10
800 853 3
800 858 2
801 836 1
801 841 1
801 898 9
802 806 8
802 813 6
802 827 4
802 828 2
802 837 6
802 856 7
803 805 7
803 834 3
803 876 7
804 844 1
804 861 10
804 899 9
805 813 4
805 819 6
805 844 6
805 860 1
805 861 2
805 868 6
805 869 9
805 880 3
806 823 8
806 834 9
806 873 1
807 815 2
807 852 8
807 855 2
807 868 7
807 877 9
807 881 3
807 887 7
807 889 9
807 894 2
808 849 4
808 851 5
808 865 3
808 874 9
809 815 1
809 832 1
809 835 4
809 838 7
809 856 3
809 883 5
809 898 8
810 835 6
810 839 10
810 875 3
811 818 6
811 819 3
811 846 8
811 856 6
811 861 6
811 881 8
812 814 4
812 822 8
812 844 9
812 896 3
813 820 9
813 840 7
814 816 1
814 837 3
814 850 4
814 872 2
814 880 4
814 884 7
814 897 6
815 820 8
815 826 8
815 898 8
815 900 10
816 822 1
816 850 7
816 859 2
816 864 5
816 872 4
816 895 7
817 853 5
817 855 6
817 861 5
817 862 7
817 880 6
817 893 2
817 896 4
818 841 3
818 848 8
818 853 1
818 858 3
818 864 10
818 866 2
818 871 10
818 881 3
818 890 4
819 826 5
819 848 4
819 878 8
819 898 3
820 841 9
820 849 7
820 856 10
820 857 6
821 856 7
821 862 10
821 887 2
822 864 8
822 879 7
823 832 5
823 834 7
823 886 3
824 832 3
824 863 3
824 888 9
826 842 10
826 855 4
826 875 5
826 892 2
827 843 3
827 875 7
827 888 6
827 892 3
828 839 8
828 866 5
828 871 7
829 832 4
829 840 9
829 841 10
829 848 1
829 899 4
830 835 10
830 880 9
831 835 3
831 849 5
831 897 5
832 848 5
832 854 9
832 874 3
832 887 1
832 899 5
833 845 1
833 861 3
834 842 7
834 855 3
834 857 3
834 867 6
834 873 8
835 851 9
836 851 9
836 869 3
837 839 6
837 863 5
837 881 5
837 901 5
838 842 1
838 846 1
838 852 8
838 869 2
838 871 2
838 873 10
838 883 5
838 901 1
839 849 9
839 897 9
839 901 7
840 843 5
840 844 5
840 848 5
840 896 9
841 843 7
841 866 2
841 867 9
841 892 9
841 893 10
842 864 3
842 869 4
842 870 8
842 883 1
842 884 4
842 889 6
843 855 3
843 874 1
843 885 2
843 894 9
844 849 8
844 863 3
844 890 1
845 875 5
845 878 4
845 890 2
845 896 7
845 897 10
846 886 4
846 895 7
847 876 8
847 882 10
847 886 1
848 863 5
848 864 7
849 869 10
849 888 1
850 890 10
850 894 8
851 880 2
851 882 9
851 887 3
851 890 5
851 900 6
851 901 5
852 860 10
852 894 4
853 867 9
853 890 1
856 901 7
857 876 7
857 884 8
857 886 1
859 883 9
859 886 4
859 890 6
860 864 2
860 872 10
860 881 5
860 896 5
860 900 6
861 877 5
862 892 6
863 880 9
863 890 9
866 896 2
868 876 8
868 890 9
869 892 1
870 885 7
871 876 10
872 874 2
872 877 9
872 881 6
873 878 7
874 890 3
876 890 6
877 878 2
877 879 1
879 895 8
881 884 9
881 891 9
881 893 7
882 888 9
883 890 9
883 900 10
884 885 7
884 886 10
886 898 2
890 896 1
893 899 6
895 899 9
902 601 43
903 901 10
902 903 22
