904 6735
86 82 29 48 68 82 22 19 100 98 86 57 43 34 40 49 11 78 20 81 9 56 39 87 92 3 91 61 12 85 37 97 18 65 44 86 99 18 4 98 67 89 54 9 74 94 10 85 23 29 17 83 84 55 21 27 9 12 88 20 96 24 68 14 88 64 51 86 33 6 36 99 95 41 60 20 34 69 4 8 97 73 43 33 27 63 59 88 74 98 59 70 21 27 35 61 42 37 98 26 42 33 24 88 74 35 8 59 3 63 19 52 35 61 84 14 23 42 1 97 92 59 18 12 37 4 24 30 92 74 55 33 6 31 21 31 65 80 42 20 42 12 71 29 72 54 42 46 47 42 94 38 52 63 2 41 18 25 70 9 98 77 94 56 7 66 38 23 45 79 42 38 90 12 66 13 17 7 11 64 100 4 1 4 19 2 44 36 79 65 97 28 41 90 35 99 7 73 74 51 3 67 40 45 79 6 57 47 64 67 10 64 23 63 19 41 16 62 28 94 78 24 74 71 65 8 69 71 32 94 21 35 61 61 79 91 18 87 37 81 6 47 96 28 9 14 68 24 27 95 70 5 71 95 75 35 2 95 6 86 89 78 20 1 90 50 91 7 36 27 88 41 25 83 20 85 49 87 61 75 34 30 79 56 24 5 90 77 100 95 62 40 25 33 40 14 82 30 21 70 9 50 31 44 35 58 36 83 73 81 87 10 25 88 76 69 88 16 64 2 67 55 69 85 46 24 77 89 88 24 16 48 73 98 91 60 56 78 42 80 59 80 89 83 68 64 3 55 79 66 56 98 20 77 34 17 52 62 6 92 85 21 39 57 18 82 68 25 59 9 4 69 89 93 51 8 56 5 14 87 22 21 84 94 49 69 10 1 30 15 44 14 87 82 22 57 15 90 81 74 98 85 42 38 29 45 45 36 1 10 74 23 31 9 16 79 77 25 31 6 92 74 19 78 8 41 86 22 30 67 47 79 3 41 17 83 85 13 18 37 23 92 59 53 100 26 83 77 3 14 34 46 39 53 75 46 93 61 68 74 27 14 52 81 54 20 63 90 85 32 27 7 23 37 11 75 15 45 3 17 10 36 62 49 88 36 94 32 48 61 57 74 27 61 6 80 80 20 22 16 52 100 74 26 88 84 100 2 81 54 70 90 42 31 38 29 19 32 13 66 44 69 92 70 81 49 2 13 69 75 28 20 74 2 45 61 37 97 15 17 2 84 7 43 67 96 24 37 79 88 54 75 56 97 96 89 46 97 1 14 23 28 85 96 29 81 9 18 29 75 34 31 58 92 73 76 40 48 12 18 35 66 44 43 62 40 31 7 88 31 72 11 10 56 58 91 89 66 8 17 84 87 43 87 63 28 61 97 69 95 100 23 23 69 57 47 66 92 82 24 98 10 37 62 14 65 79 49 34 11 28 72 80 70 58 42 50 70 90 18 65 89 40 39 9 96 37 75 39 18 98 37 28 86 98 93 2 29 41 35 91 69 59 70 90 68 11 39 38 53 57 54 93 96 92 2 44 29 76 82 98 25 18 25 62 68 17 64 48 10 98 38 78 56 8 67 24 70 6 13 22 14 66 67 61 9 68 4 89 95 86 87 71 55 63 32 74 80 95 21 89 45 59 18 52 66 36 27 87 93 39 61 6 56 27 67 17 94 22 5 40 59 43 10 14 6 41 39 85 88 60 25 84 18 94 35 35 29 62 21 22 52 33 79 60 59 97 76 4 19 32 43 77 75 52 42 80 45 33 16 84 92 40 67 61 33 1 47 13 14 19 86 18 52 17 29 10 13 4 14 83 87 56 12 61 60 5 40 56 37 55 39 28 46 5 40 30 57 86 95 23 57 80 92 8 96 20 17 61 75 82 43 61 90 54 22 1 59 13 56 95 20 46 75 65 2 14 47 58 52 41 32 8 72 23 15 68 42 83 80 68 17 22 29 6 76 50 6 34 14 13 80 33 58 54 50 59 20 96 68 71 88 100 78 59 74 44 78 68 26 57 35 94 79 63 99 54 64 56 39 78 20 36 87
0 16 8
0 33 60
0 45 10
0 54 33
0 59 42
0 80 30
0 93 17
0 126 42
0 151 68
0 200 29
0 209 17
0 222 53
0 224 58
0 244 95
0 251 8
0 269 33
0 280 52
1 13 50
1 26 62
1 42 51
1 44 96
1 47 75
1 55 42
1 72 20
1 78 8
1 90 81
1 108 34
1 165 41
1 170 62
1 192 54
1 260 10
1 264 21
1 265 13
1 296 72
2 18 5
2 25 6
2 31 53
2 65 74
2 83 48
2 86 72
2 98 2
2 119 16
2 141 77
2 245 12
2 248 62
2 267 36
2 283 96
2 298 13
3 12 85
3 28 57
3 50 15
3 55 81
3 82 84
3 108 56
3 149 52
3 174 43
3 178 88
3 187 85
3 242 83
4 7 1
4 8 90
4 11 45
4 27 22
4 42 54
4 46 68
4 85 26
4 121 12
4 122 72
4 149 99
4 153 11
4 155 95
4 208 1
4 209 26
4 212 71
4 218 64
4 263 87
4 285 59
4 287 59
4 294 52
5 15 43
5 66 16
5 77 66
5 124 75
5 128 51
5 148 22
5 189 79
5 215 93
5 243 61
5 268 63
5 284 27
5 296 62
6 25 53
6 27 23
6 31 83
6 71 58
6 89 42
6 95 60
6 135 69
6 137 13
6 157 59
6 159 79
6 187 60
6 215 11
6 249 4
6 266 82
6 269 74
6 288 43
7 26 40
7 35 32
7 37 94
7 43 35
7 48 99
7 56 11
7 59 61
7 65 1
7 69 84
7 76 39
7 82 93
7 100 45
7 174 2
7 186 72
7 213 6
7 214 6
7 219 94
7 227 40
7 283 15
7 287 36
8 30 99
8 70 84
8 94 100
8 116 9
8 140 14
8 150 59
8 162 71
8 189 70
8 197 41
8 236 96
8 279 12
9 138 32
9 170 28
9 210 57
9 226 66
9 257 78
9 265 67
10 17 27
10 40 31
10 60 51
10 120 65
10 143 23
10 155 95
10 173 18
10 177 46
10 180 52
10 204 75
10 206 40
10 232 91
10 247 90
10 279 27
10 283 41
11 24 73
11 26 26
11 31 50
11 63 86
11 77 37
11 105 20
11 145 55
11 186 29
11 212 16
11 214 18
11 245 60
12 15 95
12 24 26
12 38 26
12 63 24
12 67 93
12 81 4
12 99 54
12 118 95
12 149 68
12 151 29
12 185 41
12 186 38
12 250 74
12 279 92
12 298 12
13 20 65
13 45 34
13 84 1
13 90 91
13 102 74
13 130 25
13 162 69
13 226 23
13 249 63
13 254 5
13 279 95
14 23 69
14 46 33
14 76 10
14 108 87
14 112 92
14 200 56
14 209 12
14 227 69
14 245 31
15 16 56
15 49 72
15 83 85
15 142 50
15 160 92
15 180 65
15 212 90
15 234 29
15 243 90
15 268 33
16 53 40
16 72 55
16 85 66
16 187 93
16 205 97
16 230 40
16 252 69
16 255 17
16 260 62
16 275 31
16 291 21
17 23 56
17 25 100
17 28 5
17 35 17
17 39 38
17 82 49
17 86 24
17 88 1
17 103 69
17 109 55
17 144 57
17 158 41
17 159 91
17 160 58
17 171 32
17 185 55
17 236 48
17 276 60
17 295 44
18 40 80
18 56 51
18 89 50
18 111 46
18 129 95
18 163 99
18 191 37
18 203 64
18 242 15
18 272 98
19 42 94
19 44 88
19 95 6
19 102 45
19 127 44
19 163 74
19 168 82
19 181 92
19 221 50
19 228 35
19 255 61
19 271 4
20 37 91
20 43 53
20 63 94
20 64 48
20 85 84
20 98 100
20 110 47
20 126 95
20 136 95
20 138 79
20 148 97
20 153 45
20 161 76
20 213 92
20 214 95
20 287 12
20 288 7
21 34 9
21 40 61
21 49 100
21 63 96
21 132 18
21 149 97
21 153 40
21 189 44
21 218 30
21 234 83
21 249 93
21 256 64
21 291 95
22 28 96
22 30 54
22 38 47
22 44 41
22 46 54
22 68 82
22 70 40
22 110 100
22 118 76
22 127 86
22 135 30
22 171 25
22 186 30
22 202 5
22 231 16
22 241 24
22 262 68
22 287 74
22 291 85
23 45 29
23 60 25
23 119 32
23 121 46
23 129 21
23 171 71
23 264 41
23 280 51
23 284 6
23 294 33
24 35 66
24 45 100
24 61 80
24 84 72
24 93 47
24 110 72
24 118 25
24 119 28
24 120 63
24 172 76
24 187 56
24 195 49
24 204 6
24 206 80
24 216 78
24 223 62
25 60 47
25 68 54
25 77 30
25 130 20
25 140 90
25 157 58
25 163 44
25 167 21
25 178 55
25 188 17
25 191 44
25 202 96
25 249 19
25 252 49
25 254 80
25 280 84
25 288 100
26 29 60
26 41 55
26 54 46
26 78 31
26 79 31
26 81 26
26 107 94
26 124 7
26 143 33
26 153 94
26 200 64
26 217 12
26 233 23
26 266 25
26 272 10
26 273 28
27 62 6
27 67 81
27 83 17
27 89 15
27 93 76
27 100 90
27 112 70
27 144 92
27 158 33
27 181 17
27 190 10
27 221 33
27 226 48
27 232 46
27 294 32
28 43 7
28 49 100
28 62 30
28 66 90
28 68 31
28 124 7
28 187 35
28 194 89
28 234 39
28 246 28
28 259 52
28 260 2
28 272 2
28 297 28
29 70 11
29 84 30
29 109 34
29 130 91
29 141 46
29 144 48
29 162 18
29 164 35
29 200 69
29 206 10
29 220 19
29 253 37
30 44 71
30 62 51
30 66 85
30 76 16
30 78 83
30 96 43
30 122 68
30 139 64
30 163 32
30 167 50
30 178 70
30 218 18
30 269 38
30 273 8
30 285 97
31 85 41
31 93 9
31 167 99
31 216 68
31 218 71
31 244 28
31 248 53
31 267 13
31 272 25
31 279 53
31 287 30
31 296 12
31 299 21
32 56 91
32 92 30
32 122 58
32 163 62
32 174 81
32 227 42
32 265 29
32 276 15
32 293 84
32 297 48
33 70 30
33 107 68
33 126 97
33 145 99
33 176 37
33 226 86
33 240 6
33 247 86
33 261 26
33 294 66
33 298 36
34 51 46
34 55 36
34 65 15
34 82 50
34 87 100
34 92 39
34 116 2
34 121 29
34 159 50
34 193 23
34 216 20
34 235 80
34 248 32
34 254 33
34 284 12
35 80 25
35 83 61
35 84 78
35 89 60
35 95 61
35 101 7
35 132 79
35 134 57
35 138 5
35 144 68
35 155 43
35 182 62
35 198 5
35 223 20
35 232 79
35 290 40
36 40 65
36 62 14
36 82 54
36 89 67
36 90 65
36 123 44
36 131 68
36 156 93
36 159 46
36 177 42
36 180 12
36 191 77
36 202 73
36 234 96
36 241 40
36 246 49
36 255 9
36 278 17
37 45 61
37 55 69
37 61 23
37 66 39
37 110 77
37 119 79
37 173 58
37 243 19
37 265 92
37 287 62
38 118 91
38 155 70
38 192 1
38 271 7
38 282 35
39 91 6
39 101 73
39 115 99
39 122 2
39 137 41
39 147 91
39 174 47
39 176 82
39 207 55
39 261 75
39 280 7
39 290 50
40 56 14
40 66 7
40 73 10
40 119 30
40 134 67
40 203 78
40 224 4
40 237 58
40 240 55
40 252 82
40 279 15
41 52 25
41 64 73
41 76 77
41 81 15
41 86 94
41 88 77
41 114 74
41 131 28
41 158 35
41 168 46
41 175 26
41 196 36
41 233 38
41 243 68
41 288 34
42 72 72
42 87 22
42 117 8
42 144 30
42 155 24
42 200 21
42 226 36
42 227 33
42 255 2
42 271 3
42 273 63
42 280 5
42 284 12
43 57 69
43 69 38
43 88 26
43 100 93
43 140 10
43 148 2
43 154 60
43 156 3
43 166 31
43 168 85
43 184 82
43 186 65
43 191 30
43 225 7
43 231 52
43 235 20
43 262 26
43 265 85
43 285 91
44 80 48
44 83 92
44 96 20
44 122 23
44 132 64
44 140 7
44 164 7
44 179 65
44 187 61
44 224 21
44 225 69
44 244 72
44 275 89
44 276 6
45 46 98
45 106 34
45 144 67
45 162 51
45 168 93
45 180 21
45 239 81
45 282 77
45 288 2
46 58 97
46 60 58
46 67 60
46 92 48
46 105 29
46 125 85
46 176 84
46 193 19
46 202 84
46 209 75
46 218 90
46 220 58
46 225 90
46 233 97
46 235 65
46 241 54
46 255 57
46 257 37
46 261 22
46 262 81
46 265 26
46 267 79
46 275 78
46 277 59
47 53 45
47 61 28
47 69 3
47 74 17
47 102 61
47 107 31
47 113 18
47 155 9
47 172 40
47 212 29
47 214 57
47 225 69
47 278 14
48 64 92
48 87 87
48 114 49
48 122 19
48 161 29
48 200 7
48 201 8
48 206 25
48 214 23
48 241 62
48 268 33
49 54 59
49 78 35
49 83 13
49 97 36
49 104 14
49 115 42
49 143 94
49 186 10
49 187 22
49 193 48
49 194 27
49 205 82
49 276 30
49 277 44
49 285 90
49 293 70
50 58 25
50 63 98
50 90 38
50 102 38
50 115 42
50 135 76
50 217 86
50 251 60
50 280 4
50 286 44
50 290 67
51 61 80
51 76 66
51 87 28
51 105 13
51 131 77
51 140 15
51 150 77
51 204 12
51 278 28
51 299 19
52 75 58
52 82 37
52 178 40
52 214 57
52 221 63
52 228 73
52 231 87
52 233 59
52 234 14
52 281 56
53 56 83
53 74 64
53 103 45
53 125 72
53 133 5
53 180 20
53 195 9
53 196 64
53 231 76
53 257 53
53 271 30
54 55 55
54 68 70
54 106 10
54 120 19
54 126 46
54 149 24
54 170 96
54 195 10
54 200 3
54 206 66
54 223 19
54 238 91
54 255 5
54 266 75
54 278 54
54 297 29
54 299 61
55 86 64
55 87 42
55 98 68
55 110 98
55 117 57
55 138 12
55 142 21
55 146 61
55 151 84
55 159 29
55 165 24
55 167 59
55 173 33
55 178 6
55 201 65
55 215 3
55 223 67
55 249 84
55 252 100
55 263 42
55 285 31
55 286 61
55 290 96
55 296 96
56 78 79
56 81 86
56 104 52
56 125 6
56 144 91
56 156 32
56 205 66
56 207 54
56 214 73
56 219 34
56 239 3
56 242 82
56 288 97
57 63 23
57 79 42
57 83 80
57 101 52
57 130 18
57 145 90
57 156 36
57 178 75
57 187 55
57 188 38
57 217 41
57 233 90
57 253 90
57 256 34
58 86 72
58 91 50
58 109 29
58 117 67
58 139 81
58 165 14
58 187 70
58 209 86
58 226 5
58 241 1
58 248 3
58 251 10
58 285 25
59 89 88
59 92 65
59 98 6
59 128 85
59 133 87
59 134 48
59 143 16
59 189 90
59 206 17
59 225 6
59 241 26
59 290 91
60 146 12
60 153 15
60 181 83
60 202 53
60 208 4
60 209 16
60 221 24
60 224 6
60 240 44
60 243 90
60 245 38
60 259 9
60 260 11
60 263 23
60 272 65
60 285 11
61 126 25
61 136 27
61 163 87
61 180 13
61 193 91
61 207 93
61 220 49
61 262 77
61 297 92
61 299 64
62 68 19
62 76 60
62 86 21
62 109 96
62 132 50
62 175 84
62 195 10
62 199 32
62 202 36
62 215 66
62 225 99
62 245 59
62 267 23
62 295 94
63 94 100
63 103 60
63 105 2
63 106 10
63 122 34
63 166 19
63 167 72
63 181 58
63 208 45
63 228 59
63 244 22
63 265 35
64 99 3
64 111 22
64 113 63
64 164 46
64 203 38
64 209 81
64 242 5
64 243 10
64 261 76
64 271 6
64 295 94
65 100 38
65 109 37
65 115 29
65 159 3
65 173 35
65 177 40
65 189 77
65 242 80
65 244 39
65 256 36
65 273 81
65 289 1
66 78 69
66 92 99
66 93 24
66 94 78
66 103 95
66 109 34
66 111 52
66 116 29
66 145 36
66 151 73
66 155 44
66 166 33
66 178 10
66 182 24
66 187 37
66 203 72
66 208 52
66 217 42
66 228 65
66 234 41
66 280 30
66 297 45
66 299 95
67 99 16
67 148 84
67 190 71
67 245 95
67 278 75
67 280 58
67 290 28
67 293 75
68 94 26
68 112 78
68 135 50
68 140 55
68 141 73
68 165 84
68 171 6
68 182 53
68 191 19
68 195 31
68 216 96
68 227 4
68 271 92
68 274 72
68 276 40
68 286 63
68 295 75
69 139 34
69 147 27
69 155 15
69 171 15
69 182 24
69 188 9
69 258 31
69 266 7
69 269 31
69 285 77
70 76 81
70 105 88
70 115 56
70 121 7
70 144 65
70 146 34
70 151 57
70 159 71
70 184 6
70 196 40
70 200 29
70 225 10
70 234 10
70 236 59
70 260 6
70 275 13
70 292 2
71 100 77
71 148 5
71 165 65
71 166 51
71 216 90
71 219 43
71 236 17
71 246 4
71 249 66
71 250 77
72 108 86
72 109 25
72 156 7
72 167 15
72 181 57
72 184 46
72 226 70
72 233 64
72 246 62
72 275 3
72 284 72
72 289 32
73 78 60
73 107 63
73 112 60
73 191 70
73 220 72
73 231 70
73 232 27
73 235 37
73 267 72
73 277 3
73 286 93
73 290 88
73 292 5
74 76 82
74 150 30
74 192 21
74 232 37
75 81 48
75 153 97
75 169 75
75 193 72
75 212 55
75 229 89
75 241 28
75 253 100
75 255 10
76 84 43
76 118 13
76 144 65
76 153 66
76 155 44
76 180 76
76 205 28
76 227 56
76 250 97
76 281 52
76 289 77
77 79 23
77 89 88
77 118 48
77 124 77
77 130 80
77 157 87
77 164 81
77 167 13
77 197 17
77 219 53
77 237 1
77 242 16
77 251 1
77 264 75
78 155 39
78 192 7
78 195 15
78 198 18
78 265 58
78 277 77
78 295 13
79 94 70
79 100 41
79 112 78
79 177 66
79 182 16
79 201 6
79 224 21
79 226 13
79 276 57
79 282 97
80 107 35
80 118 96
80 125 97
80 132 64
80 143 27
80 173 83
80 181 44
80 195 39
81 122 51
81 131 49
81 132 91
81 135 18
81 150 1
81 154 18
81 166 56
81 226 8
81 285 32
82 118 26
82 119 65
82 138 60
82 149 38
82 175 35
82 180 100
82 196 15
82 210 100
82 263 16
82 288 72
82 295 72
83 126 80
83 160 28
83 218 68
83 229 14
83 256 75
83 272 16
83 288 77
84 145 1
84 148 99
84 195 73
84 212 91
84 226 1
84 238 73
84 267 82
85 138 19
85 139 73
85 149 99
85 160 74
85 162 80
85 175 82
85 186 99
85 212 45
85 227 42
85 231 88
85 232 31
85 258 41
85 268 55
85 274 30
85 285 8
86 88 26
86 93 53
86 107 87
86 113 6
86 137 20
86 139 53
86 149 80
86 170 88
86 177 29
86 183 81
86 225 86
86 230 53
86 233 71
86 262 86
86 279 25
86 284 4
87 109 4
87 124 50
87 155 2
87 163 30
87 167 29
87 186 84
87 196 80
87 238 25
87 282 25
88 105 68
88 108 55
88 112 17
88 176 74
88 198 36
88 220 25
88 238 99
88 255 88
88 256 63
88 286 56
88 298 60
89 134 15
89 202 88
89 249 47
89 251 96
89 292 20
90 158 84
90 170 48
90 202 42
90 210 21
90 216 25
90 238 46
90 242 77
90 244 74
90 270 47
90 292 6
90 296 54
91 149 82
91 157 37
91 158 79
91 170 58
91 191 56
91 220 85
91 244 27
91 246 29
91 271 73
91 279 3
91 281 80
92 104 60
92 105 65
92 114 87
92 115 71
92 118 80
92 120 74
92 188 69
92 200 27
92 206 93
92 256 52
93 128 26
93 144 35
93 218 73
93 219 50
93 220 32
93 263 1
93 284 75
94 123 30
94 163 6
94 169 81
94 190 12
94 194 94
94 211 11
94 213 21
95 143 50
95 163 95
95 176 47
95 179 30
95 211 19
95 215 49
95 243 61
95 246 31
95 254 66
95 260 48
95 286 1
95 287 45
95 291 21
96 108 70
96 120 23
96 131 66
96 165 73
96 209 48
96 244 52
96 297 45
97 119 50
97 123 83
97 153 97
97 163 76
97 167 12
97 183 2
97 207 56
97 247 75
97 249 48
97 261 66
97 267 96
97 284 49
98 112 13
98 118 94
98 119 78
98 180 31
98 202 43
98 212 39
98 254 61
98 272 8
98 278 38
98 294 62
98 297 4
99 113 58
99 148 83
99 174 26
99 186 75
99 195 55
99 200 25
99 208 26
99 221 52
99 240 74
99 294 60
100 116 48
100 131 50
100 143 72
100 160 2
100 162 5
100 165 98
100 177 49
100 225 23
100 247 93
100 248 49
100 250 35
100 257 87
101 115 26
101 134 65
101 141 81
101 153 16
101 159 26
101 164 40
101 184 53
101 187 39
101 190 43
101 215 63
101 229 21
101 242 20
101 269 37
102 109 75
102 125 44
102 163 15
102 209 78
102 212 70
102 218 74
102 231 26
102 233 71
102 240 97
103 130 79
103 180 27
103 202 95
103 218 27
103 241 49
103 243 39
103 258 75
103 282 83
104 107 77
104 133 52
104 145 100
104 147 9
104 169 20
104 190 25
104 197 48
104 212 24
104 219 15
104 232 90
104 291 86
104 295 35
105 128 61
105 148 75
105 156 61
105 173 57
105 180 41
105 189 39
105 195 78
105 203 14
105 204 16
105 221 48
105 225 63
105 262 94
105 268 74
105 287 9
106 167 72
106 225 75
106 244 47
106 249 98
106 267 9
106 270 76
106 274 1
106 286 8
106 291 84
107 111 20
107 148 84
107 152 84
107 154 44
107 208 98
107 228 25
107 240 81
107 242 84
107 261 86
107 268 7
107 284 97
108 117 94
108 143 47
108 147 87
108 157 71
108 161 13
108 228 2
108 256 18
108 279 27
108 299 47
109 121 43
109 127 35
109 146 70
109 151 69
109 154 33
109 155 67
109 168 78
109 174 60
109 200 19
109 217 37
109 218 44
109 238 39
109 241 21
110 113 27
110 116 34
110 167 70
110 169 51
110 171 66
110 181 6
110 190 88
110 205 73
110 213 2
110 231 81
110 234 71
110 275 88
110 278 51
111 113 35
111 123 41
111 126 20
111 151 61
111 178 87
111 204 15
111 211 47
111 237 56
111 239 83
111 241 80
111 299 74
112 122 12
112 139 39
112 145 44
112 166 49
112 182 34
112 192 34
112 222 21
112 227 12
112 249 67
112 252 42
112 268 15
113 137 85
113 152 47
113 153 54
113 157 9
113 161 48
113 177 35
113 187 79
113 204 87
113 217 37
113 238 66
113 261 27
113 276 57
113 278 26
113 284 13
113 293 71
113 295 73
114 136 20
114 142 53
114 177 4
114 193 45
114 195 65
114 212 42
114 244 89
114 246 65
114 260 28
114 286 22
115 139 85
115 180 91
115 188 41
115 196 78
115 264 5
115 266 25
115 279 25
115 294 59
116 136 33
116 145 24
116 167 45
116 175 63
116 188 11
116 199 81
116 205 28
116 225 37
116 292 37
117 118 6
117 133 50
117 151 59
117 153 78
117 154 21
117 156 64
117 228 81
118 130 66
118 153 80
118 158 74
118 177 6
118 189 44
118 204 53
118 208 27
118 227 80
118 233 44
118 284 67
119 152 57
119 160 48
119 174 43
119 190 33
119 212 58
119 214 27
119 255 57
120 132 2
120 133 90
120 145 67
120 151 83
120 153 69
120 157 3
120 181 71
120 196 74
120 212 4
120 216 82
120 236 51
120 256 77
120 260 45
120 267 83
120 268 42
120 291 76
121 152 9
121 173 99
121 175 71
121 211 61
121 257 25
121 266 50
121 276 4
121 286 44
122 128 58
122 130 4
122 163 38
122 192 91
122 253 13
122 285 65
122 288 47
123 126 15
123 144 54
123 161 65
123 166 49
123 169 74
123 189 67
123 197 19
123 201 48
123 210 23
123 214 52
123 220 50
123 274 99
124 136 96
124 145 33
124 147 92
124 176 71
124 182 93
124 198 90
124 214 41
124 224 53
124 226 66
124 230 42
124 237 9
124 256 61
124 263 52
124 286 64
124 299 99
125 128 42
125 139 76
125 141 15
125 191 40
125 201 90
125 255 20
125 257 56
125 264 90
125 278 93
126 138 74
126 142 61
126 179 40
126 200 96
126 217 12
126 221 90
126 234 46
126 248 8
126 267 74
126 282 37
127 145 30
127 279 66
128 140 78
128 157 23
128 176 70
128 179 96
128 204 16
128 239 78
128 249 56
128 256 67
128 266 93
128 285 6
129 271 60
129 273 69
129 279 20
129 285 51
130 147 10
130 160 39
130 168 6
130 178 100
130 220 32
130 234 80
130 237 12
130 270 23
130 292 27
131 144 23
131 147 12
131 189 73
131 258 82
131 278 85
131 288 9
131 291 12
131 292 2
132 154 39
132 211 86
132 219 72
132 268 34
132 270 1
132 281 1
132 292 41
133 134 68
133 146 94
133 150 47
133 187 79
133 192 14
133 256 18
133 278 30
134 156 75
134 179 57
134 196 35
134 208 26
134 212 40
134 241 14
134 289 37
134 294 14
135 138 41
135 145 60
135 149 26
135 154 65
135 172 41
135 207 62
135 209 25
135 224 4
135 226 64
135 251 63
135 258 89
135 264 35
135 272 48
135 277 90
135 284 35
135 297 89
136 147 9
136 163 80
136 167 87
136 222 87
136 242 93
136 256 4
136 269 16
137 155 68
137 173 12
137 213 3
137 229 93
137 238 3
137 250 68
138 171 30
138 198 17
138 201 60
138 205 41
138 219 42
139 186 24
139 212 81
139 249 55
139 251 49
140 144 85
140 158 18
140 168 63
140 171 25
140 186 4
140 207 11
140 284 14
140 292 91
140 293 99
141 211 74
141 225 70
141 233 85
141 245 13
141 260 15
141 262 40
141 282 28
141 290 82
142 182 52
142 210 82
142 218 26
142 250 54
142 252 50
142 279 7
142 294 70
143 164 9
143 180 47
143 268 63
143 271 33
144 146 80
144 166 18
144 180 33
144 183 64
144 216 87
144 245 95
144 282 40
144 292 91
145 241 5
145 268 54
145 280 33
146 168 55
146 175 79
146 194 2
146 207 39
146 247 91
146 250 16
146 252 79
147 179 71
147 253 49
147 261 82
147 287 52
148 153 27
148 175 35
148 189 1
148 269 33
148 281 57
148 289 62
149 154 32
149 158 19
149 161 46
149 165 11
149 214 88
149 241 78
149 289 26
150 168 27
150 186 72
150 230 65
150 270 17
150 272 29
150 275 70
150 296 1
151 170 83
151 183 49
151 203 2
151 209 22
151 214 91
151 237 70
151 274 52
151 287 61
152 164 18
152 180 85
152 238 65
152 251 44
152 275 19
152 276 65
152 287 29
153 154 27
153 188 78
153 202 60
153 205 98
153 214 23
153 216 70
153 231 85
153 262 100
153 266 95
153 271 11
153 277 24
153 280 11
154 155 79
154 157 52
154 162 81
154 190 79
154 199 34
154 214 29
154 228 33
154 234 7
154 235 19
154 268 2
154 289 10
154 298 32
155 192 71
155 234 94
155 245 96
155 250 67
155 288 65
156 186 12
156 199 95
156 242 91
156 260 90
156 275 54
157 177 40
157 209 12
157 212 75
157 229 25
157 235 64
157 243 21
157 249 87
157 256 87
157 268 31
157 273 18
158 177 90
158 180 11
158 199 48
158 220 23
158 289 91
158 294 80
159 240 82
159 259 62
160 167 33
160 197 91
160 223 93
160 239 56
160 266 85
160 275 88
161 177 22
161 197 1
161 200 51
161 233 68
161 251 43
161 260 40
161 293 73
161 299 83
162 199 4
162 200 47
162 219 59
162 257 19
163 175 67
163 178 97
163 194 57
163 272 49
163 273 14
163 278 46
163 290 60
164 229 14
164 263 20
164 270 50
164 274 45
164 299 1
165 171 11
165 225 78
165 241 44
165 268 55
165 285 85
166 175 80
166 185 94
166 205 6
166 280 80
166 298 45
167 178 25
167 182 22
167 184 36
167 209 97
167 280 4
167 295 91
168 185 43
168 187 14
168 237 61
168 255 61
168 273 11
168 275 17
168 295 61
169 200 24
169 209 14
169 226 20
169 241 37
169 280 34
169 281 22
170 185 34
170 186 86
170 188 84
170 247 63
170 253 29
170 263 91
170 286 47
171 173 8
171 209 84
171 227 4
171 274 87
171 293 80
172 188 28
172 208 61
172 209 16
172 212 24
172 213 16
172 222 58
172 233 18
172 268 30
172 279 19
172 282 78
173 191 40
173 200 87
173 202 90
173 203 63
173 205 1
174 182 10
174 220 52
174 231 86
174 241 83
174 255 85
174 257 71
174 268 18
174 285 47
174 294 100
175 182 8
175 184 45
175 186 7
175 237 44
175 250 48
175 259 46
176 256 23
176 267 75
176 272 6
177 190 90
177 200 98
177 204 21
177 243 100
177 250 67
177 255 2
177 259 18
178 218 96
178 245 41
178 251 56
178 273 85
179 184 56
179 185 56
179 194 46
179 258 59
179 266 41
180 195 28
180 262 95
180 287 12
180 289 98
180 293 93
180 297 63
181 211 57
181 270 37
181 274 69
181 283 100
181 298 84
182 194 66
182 197 75
182 245 10
183 196 23
183 233 16
183 297 59
184 198 96
184 227 15
184 233 25
184 241 97
184 244 84
184 264 20
184 273 38
184 275 40
184 278 4
185 208 93
185 209 47
185 221 50
185 248 51
185 266 88
185 293 29
185 295 45
186 268 51
186 295 78
187 196 37
187 217 13
187 219 35
187 236 25
187 238 33
187 255 86
187 269 8
187 284 51
187 291 12
188 195 69
188 214 73
188 239 80
188 273 27
189 191 68
189 205 46
189 259 51
189 273 65
189 282 30
190 193 22
190 215 54
190 236 21
190 237 25
190 255 46
190 264 67
190 269 26
190 276 48
190 277 6
190 279 7
190 280 44
190 282 56
191 205 84
191 216 32
191 259 20
191 290 70
191 291 56
192 204 5
192 217 8
192 221 15
192 225 55
192 238 71
192 252 83
192 257 27
192 262 50
192 287 9
193 206 95
193 212 96
193 218 11
193 222 11
193 240 77
193 248 32
193 278 64
193 279 97
193 287 8
193 294 61
194 248 15
194 253 34
194 255 8
194 279 73
194 282 92
195 224 3
195 285 80
195 288 27
195 289 86
195 299 100
196 198 49
196 204 41
196 237 4
196 242 56
196 263 7
196 266 58
196 271 78
196 273 41
196 275 36
196 287 80
196 288 1
197 220 30
197 230 27
197 235 11
198 225 40
198 232 3
198 249 94
198 290 55
198 295 51
199 206 1
199 208 15
199 211 17
199 224 86
199 230 22
199 256 89
199 267 77
199 283 76
200 276 69
200 299 56
201 203 61
201 204 20
201 222 4
201 226 53
201 264 23
202 217 11
202 231 59
202 237 32
202 254 88
202 257 99
202 258 67
202 264 19
202 273 51
202 290 49
203 214 45
203 275 61
203 283 40
203 285 47
204 235 54
204 238 95
204 248 49
204 273 7
204 280 9
204 296 66
205 227 44
205 245 83
206 221 6
206 228 73
206 235 58
206 268 74
206 292 28
207 217 71
207 275 45
207 298 31
208 286 23
209 213 67
209 214 93
209 234 34
209 241 50
209 254 80
210 240 84
210 248 69
210 261 99
210 293 35
211 243 17
211 251 95
211 279 95
212 251 56
212 274 94
212 285 1
213 226 50
213 229 42
213 246 59
213 277 11
213 285 59
214 242 2
214 245 93
215 248 65
215 286 74
216 225 50
216 280 90
216 288 53
217 257 72
217 258 35
217 262 83
217 269 95
218 223 53
218 235 75
218 248 28
218 262 55
219 221 7
219 255 11
219 277 23
219 290 57
220 221 45
220 249 39
220 281 51
221 239 92
221 257 46
221 259 44
221 262 44
221 283 48
221 286 38
222 240 2
222 246 58
222 270 96
223 245 55
223 264 50
223 269 12
224 283 81
225 239 51
225 254 2
225 275 33
225 292 23
226 257 88
228 230 16
228 239 69
228 269 92
228 278 42
228 296 96
229 259 46
229 299 100
230 241 58
230 248 20
230 261 56
230 265 55
231 293 10
232 268 59
233 238 98
233 283 56
233 285 54
234 260 41
234 262 55
234 287 91
235 239 94
235 249 12
235 253 87
235 263 48
235 290 13
235 294 50
236 248 28
236 250 15
236 259 51
236 271 61
236 292 89
237 260 90
237 264 28
237 286 57
237 292 82
238 242 21
238 244 4
238 249 79
238 262 21
238 286 14
239 273 99
239 292 76
240 248 68
240 277 8
240 297 86
241 270 17
241 277 15
241 289 40
242 260 57
242 286 69
242 293 30
243 261 2
243 286 32
243 287 68
244 262 1
245 263 44
246 269 18
247 281 81
247 293 59
248 257 20
249 275 41
249 277 47
249 284 62
249 290 20
249 299 56
250 283 43
251 284 40
251 295 59
252 299 73
254 256 12
254 259 72
254 268 23
254 283 40
255 275 91
255 277 31
256 257 25
256 265 7
256 266 97
256 293 64
257 285 15
257 291 66
258 268 46
258 270 16
258 287 97
258 298 13
260 281 17
261 271 93
261 296 82
261 298 97
262 273 3
263 291 54
265 284 89
266 286 1
267 275 15
267 295 60
268 281 56
269 284 9
270 277 99
270 279 67
271 282 81
271 283 63
272 278 38
273 283 4
273 297 2
274 279 29
275 277 86
277 285 26
277 295 87
278 280 82
278 290 42
278 293 2
279 285 47
279 290 87
279 291 17
280 299 96
281 296 51
282 285 85
282 291 88
283 292 85
284 299 81
286 289 90
289 290 38
290 292 21
291 296 90
300 322 92
300 328 41
300 339 47
300 366 50
300 414 85
300 415 72
300 422 77
300 425 24
300 456 19
300 519 89
300 523 93
300 550 54
300 573 6
300 585 37
301 306 96
301 343 67
301 344 76
301 359 78
301 372 26
301 380 63
301 406 8
301 440 49
301 443 25
301 465 17
301 485 57
301 501 83
301 515 59
301 544 45
301 550 100
301 557 66
302 319 61
302 332 92
302 343 7
302 353 8
302 354 93
302 412 43
302 440 31
302 459 69
302 468 66
302 568 49
302 591 57
303 315 10
303 316 54
303 326 62
303 334 98
303 353 1
303 390 81
303 405 73
303 421 78
303 436 58
303 462 88
303 516 37
303 522 6
303 568 12
303 572 6
303 583 14
303 591 46
304 308 64
304 334 58
304 345 46
304 353 30
304 354 19
304 364 37
304 400 88
304 406 78
304 441 29
304 477 30
304 487 60
304 492 49
304 531 47
304 593 8
305 314 6
305 321 8
305 338 14
305 377 19
305 408 6
305 414 14
305 443 51
305 466 30
305 506 44
305 560 8
306 323 69
306 325 80
306 341 66
306 358 33
306 370 85
306 375 79
306 396 78
306 402 1
306 420 89
306 421 23
306 426 30
306 455 7
306 471 11
306 512 69
306 536 36
306 552 91
306 570 98
306 580 95
306 583 40
307 316 96
307 324 54
307 375 97
307 414 3
307 430 19
307 436 15
307 464 60
307 510 33
307 545 18
307 559 90
307 580 28
307 590 77
307 595 58
308 411 7
308 428 42
308 468 90
308 474 44
308 515 73
308 522 20
308 530 44
308 547 61
308 555 42
308 570 25
308 575 19
308 592 53
308 593 93
308 597 6
309 362 43
309 401 42
309 408 52
309 453 34
309 499 89
309 504 5
309 514 30
309 516 91
309 521 76
309 525 97
309 551 51
309 552 8
309 596 14
310 332 92
310 338 87
310 342 90
310 348 49
310 398 93
310 419 84
310 420 91
310 467 88
310 490 8
310 494 10
310 511 83
310 534 68
310 566 3
310 576 59
310 595 38
311 333 7
311 344 3
311 347 95
311 376 2
311 381 44
311 389 46
311 406 35
311 435 32
311 478 2
311 481 65
311 547 75
311 571 77
311 580 61
311 584 77
312 317 36
312 394 74
312 403 68
312 456 22
312 481 15
312 552 68
312 560 67
313 360 98
313 367 10
313 372 6
313 375 5
313 388 71
313 412 89
313 422 24
313 423 74
313 444 47
313 510 13
313 517 32
313 527 2
313 579 7
314 318 33
314 365 45
314 370 4
314 374 68
314 421 29
314 515 58
314 519 84
314 542 55
314 553 34
314 581 44
314 582 31
314 584 22
315 322 69
315 327 50
315 371 95
315 385 83
315 397 69
315 409 61
315 429 81
315 444 31
315 481 67
315 499 37
315 506 1
315 512 7
315 518 61
315 553 26
315 563 5
315 576 73
315 578 58
316 318 6
316 366 32
316 378 90
316 383 3
316 430 35
316 447 9
316 475 31
316 483 44
316 508 92
316 509 37
316 534 30
316 538 35
316 596 67
317 325 51
317 335 55
317 344 68
317 384 45
317 415 38
317 430 88
317 446 58
317 467 70
317 472 18
317 473 76
317 487 6
317 492 19
317 501 34
317 538 18
317 548 96
317 555 38
317 574 43
317 584 53
318 319 96
318 320 74
318 339 95
318 353 98
318 363 60
318 380 55
318 382 80
318 436 4
318 438 47
318 441 16
318 493 33
318 496 33
318 542 34
318 548 35
318 553 40
318 554 53
319 381 31
319 421 77
319 459 40
319 472 88
319 488 98
319 495 58
319 519 15
319 552 55
319 571 28
319 577 48
319 581 73
320 344 23
320 354 38
320 370 15
320 389 28
320 392 85
320 479 40
320 482 74
320 487 34
320 496 99
320 508 80
320 518 13
320 529 54
320 541 26
320 558 80
320 566 38
320 568 11
320 569 65
320 578 72
320 593 50
320 599 69
321 323 55
321 331 78
321 332 8
321 399 42
321 418 27
321 444 17
321 465 9
321 470 81
321 489 44
321 506 8
321 512 53
321 520 19
321 525 97
322 327 67
322 328 98
322 333 81
322 337 6
322 378 23
322 405 14
322 418 57
322 457 2
322 485 78
322 535 62
322 549 80
322 571 9
322 577 100
322 582 42
322 590 25
323 326 23
323 332 91
323 349 93
323 363 77
323 415 20
323 454 53
323 461 71
323 523 46
323 573 69
323 593 79
324 325 26
324 356 65
324 379 86
324 398 31
324 436 35
324 467 35
324 497 49
324 500 32
324 539 15
324 549 55
324 553 54
324 554 29
324 557 63
324 559 55
325 332 58
325 343 24
325 351 34
325 363 19
325 379 23
325 380 75
325 418 43
325 419 46
325 438 17
325 447 36
325 465 74
325 466 88
325 480 40
325 534 44
325 554 85
325 594 8
326 329 22
326 375 63
326 379 24
326 383 60
326 408 93
326 415 58
326 433 94
326 466 41
326 497 89
326 513 60
326 519 47
326 524 94
326 528 40
326 548 9
326 595 49
327 351 98
327 356 85
327 362 34
327 364 16
327 387 59
327 403 61
327 424 10
327 460 56
327 471 29
327 479 45
327 485 30
327 512 69
327 540 36
327 541 73
327 581 53
328 349 44
328 355 47
328 367 15
328 376 67
328 402 6
328 407 7
328 422 25
328 426 51
328 432 100
328 436 65
328 443 10
328 452 46
328 478 59
328 498 2
328 504 7
328 512 59
328 530 99
328 536 91
328 549 44
328 561 66
328 593 49
328 595 56
328 596 75
329 360 5
329 369 85
329 370 72
329 381 34
329 390 5
329 391 7
329 410 58
329 425 57
329 490 2
329 507 4
329 530 24
329 541 21
329 552 9
330 340 82
330 343 97
330 360 11
330 384 81
330 393 61
330 419 73
330 433 27
330 450 71
330 461 74
330 466 33
330 468 81
330 539 24
330 558 75
330 591 25
330 594 41
331 346 23
331 357 80
331 361 15
331 364 79
331 391 16
331 401 38
331 468 64
331 470 20
332 353 97
332 357 22
332 362 29
332 378 98
332 400 25
332 406 52
332 413 18
332 416 86
332 447 33
332 470 66
332 494 96
332 539 66
332 552 27
332 570 20
332 580 92
333 369 49
333 440 93
333 441 76
333 471 30
333 484 68
333 515 50
333 517 54
333 548 8
333 552 24
333 558 85
333 560 75
333 580 3
333 581 1
334 374 12
334 412 66
334 415 72
334 457 8
334 493 39
334 587 100
334 596 58
335 340 64
335 360 3
335 402 27
335 421 49
335 443 36
335 448 93
335 466 96
335 510 1
335 511 71
335 526 68
335 551 44
335 556 19
335 558 12
335 595 71
336 339 100
336 373 80
336 381 20
336 425 53
336 453 87
336 454 95
336 471 90
336 501 61
336 524 49
336 526 42
336 535 25
336 587 67
336 595 13
337 361 84
337 374 5
337 451 65
337 461 41
337 480 68
337 485 67
337 501 68
337 538 68
337 558 54
338 342 60
338 362 16
338 419 54
338 421 82
338 502 83
338 509 49
338 546 100
338 549 94
338 555 19
338 576 100
339 381 25
339 396 38
339 449 4
339 455 64
339 486 85
339 487 45
339 563 76
339 586 33
340 346 86
340 385 100
340 444 99
340 454 51
340 477 84
340 482 4
340 495 15
340 507 76
340 509 23
340 575 81
341 373 95
341 395 91
341 418 35
341 450 54
341 464 58
341 500 40
341 514 35
341 557 40
341 590 89
342 362 87
342 375 85
342 430 7
342 435 38
342 436 10
342 445 97
342 464 93
342 559 73
342 573 81
342 584 38
343 350 100
343 352 65
343 353 23
343 361 100
343 370 64
343 382 73
343 410 35
343 435 67
343 454 39
343 498 10
343 502 89
343 525 20
343 540 57
343 562 31
343 563 6
343 574 10
343 575 88
344 345 45
344 399 97
344 415 79
344 418 85
344 427 35
344 430 16
344 447 44
344 482 72
344 564 77
344 577 40
345 359 64
345 368 1
345 372 72
345 380 53
345 432 100
345 446 36
345 453 76
345 455 51
345 481 51
345 484 100
345 513 85
345 514 69
345 533 39
345 549 47
345 557 58
345 561 10
345 569 3
345 579 40
345 586 15
346 376 64
346 420 80
346 423 11
346 425 12
346 430 10
346 492 96
346 528 98
346 580 77
347 362 39
347 406 21
347 410 53
347 417 30
347 447 37
347 473 5
347 500 53
347 509 89
347 510 5
347 523 40
347 536 16
347 541 55
348 356 91
348 403 16
348 408 92
348 410 59
348 435 6
348 443 90
348 462 68
348 465 15
348 487 44
348 494 60
348 502 81
348 503 7
348 524 91
348 526 91
348 529 71
348 541 100
348 555 38
348 556 68
348 568 77
349 383 28
349 385 41
349 391 81
349 402 57
349 406 77
349 408 86
349 483 61
349 490 65
349 532 42
349 565 1
350 396 81
350 455 48
350 478 43
350 507 48
350 508 39
350 523 53
350 531 53
350 564 80
350 574 73
350 578 67
351 354 23
351 356 32
351 357 47
351 365 82
351 368 74
351 376 89
351 383 4
351 406 73
351 485 27
351 509 23
351 544 1
351 577 54
351 585 63
351 595 34
351 597 63
352 353 39
352 373 71
352 424 23
352 429 4
352 463 12
352 491 75
352 516 36
352 521 59
352 522 69
352 527 83
352 534 50
352 568 22
352 586 35
352 597 81
353 360 46
353 364 1
353 367 4
353 377 29
353 390 99
353 397 37
353 404 2
353 417 87
353 418 40
353 489 26
353 512 13
353 515 62
353 595 79
354 356 19
354 391 25
354 450 12
354 457 81
354 459 15
354 464 34
354 474 55
354 476 18
354 487 45
354 533 30
354 540 5
354 585 55
354 598 50
355 368 87
355 381 56
355 403 71
355 445 21
355 472 37
355 477 68
355 489 73
355 495 92
355 503 96
355 506 71
355 533 28
355 534 97
355 536 10
355 575 19
356 363 23
356 411 74
356 436 80
356 439 53
356 522 92
356 541 56
356 549 16
356 565 24
357 396 71
357 450 49
357 459 79
357 465 40
357 506 93
357 546 60
357 579 45
357 583 99
357 586 9
358 359 31
358 399 7
358 401 32
358 440 4
358 451 43
358 476 99
358 479 76
358 491 86
358 502 95
358 504 99
358 553 13
358 559 43
358 597 8
359 363 31
359 367 17
359 375 33
359 416 62
359 427 69
359 436 25
359 469 18
359 529 84
359 563 48
359 569 40
359 579 32
359 585 26
360 387 79
360 438 76
360 451 37
360 505 75
360 508 27
360 539 46
360 546 6
360 550 33
360 556 77
360 584 9
360 587 27
360 589 75
361 400 36
361 403 12
361 421 21
361 454 34
361 528 76
361 550 64
361 560 93
361 561 6
361 571 32
362 368 26
362 370 19
362 448 1
362 493 2
362 521 36
362 537 36
362 549 1
362 555 27
362 556 20
362 566 79
362 568 58
362 569 47
363 368 15
363 375 32
363 377 73
363 453 60
363 475 89
363 501 57
363 509 88
363 543 49
363 546 35
363 558 15
363 567 85
363 596 46
364 402 35
364 436 70
364 467 21
364 484 50
364 541 15
364 555 78
364 561 34
364 562 92
364 566 97
365 375 34
365 414 93
365 452 84
365 500 21
365 507 93
365 545 11
365 584 40
365 586 71
365 593 68
366 373 39
366 394 38
366 396 99
366 425 63
366 427 97
366 431 88
366 443 20
366 472 37
366 504 36
366 508 54
366 514 51
366 515 72
366 524 52
366 559 85
366 564 94
366 580 24
366 582 87
366 592 8
367 377 2
367 451 20
367 473 99
367 493 98
367 524 5
367 536 91
367 553 33
367 554 77
367 580 35
367 591 43
368 386 69
368 390 58
368 443 62
368 451 7
368 459 95
368 467 13
368 500 69
368 530 43
368 537 52
368 557 40
368 584 79
369 382 87
369 413 46
369 480 29
369 503 11
369 508 97
369 575 66
369 576 4
370 375 20
370 395 4
370 412 11
370 433 73
370 452 75
370 466 61
370 524 22
370 563 79
370 572 51
370 573 55
370 576 55
371 393 37
371 396 49
371 405 75
371 416 94
371 436 11
371 438 81
371 457 40
371 493 23
371 513 2
371 519 83
371 525 74
371 530 93
371 585 61
372 480 12
372 489 38
372 493 42
372 527 74
372 535 86
372 552 7
372 584 29
372 589 58
372 599 62
373 377 39
373 423 30
373 439 36
373 454 51
373 489 52
373 490 14
373 494 1
373 505 58
373 541 20
373 568 90
373 586 6
373 592 47
374 395 83
374 405 68
374 426 27
374 440 75
374 452 42
374 485 80
374 495 57
374 551 67
374 556 73
374 567 69
374 572 31
374 583 10
375 379 10
375 425 4
375 488 48
375 534 68
375 581 33
375 586 5
375 599 81
376 402 23
376 430 86
376 437 16
376 455 74
376 470 89
376 481 81
376 490 26
376 530 46
376 532 53
376 566 15
376 570 4
376 589 99
376 593 50
376 597 23
377 408 77
377 424 24
377 425 17
377 455 57
377 460 32
377 469 83
377 483 29
377 494 100
377 504 13
377 505 90
377 518 62
377 524 69
377 572 37
377 580 81
377 590 53
377 595 93
378 432 62
378 438 27
378 444 79
378 461 77
378 483 100
378 496 19
378 497 10
378 503 78
378 541 17
378 557 62
378 565 44
378 570 72
378 574 60
378 580 45
379 395 94
379 404 36
379 414 68
379 445 10
379 454 44
379 456 51
379 494 45
379 495 72
379 501 3
379 546 9
379 570 14
379 597 16
380 398 29
380 436 2
380 442 96
380 489 81
380 490 95
380 502 9
380 504 8
380 540 25
380 563 38
380 570 59
380 576 95
381 383 47
381 397 36
381 412 11
381 423 8
381 465 32
381 486 82
381 497 19
381 500 76
381 520 28
381 526 54
381 541 96
381 554 89
381 558 98
381 565 46
382 383 33
382 412 21
382 467 100
382 475 94
382 500 34
383 395 15
383 415 22
383 466 36
383 501 11
383 520 3
383 575 82
383 592 71
384 452 62
384 453 58
384 474 8
384 491 20
384 495 52
384 509 54
384 554 8
384 578 15
384 599 61
385 433 39
385 442 96
385 467 79
385 487 66
385 504 75
385 519 85
385 542 61
385 598 64
386 393 34
386 406 59
386 409 48
386 421 54
386 422 58
386 447 41
386 459 40
386 463 73
386 474 63
386 487 27
386 502 35
386 512 17
386 556 60
386 566 5
387 420 78
387 467 17
387 470 13
387 483 49
387 494 20
387 495 18
387 527 8
387 544 34
387 553 79
387 573 98
387 584 82
388 403 9
388 407 64
388 413 56
388 423 93
388 440 76
388 443 71
388 448 78
388 451 34
388 466 19
388 531 32
388 538 92
388 543 59
388 547 23
388 578 16
388 591 73
389 394 49
389 399 2
389 444 89
389 449 8
389 475 6
389 509 18
389 513 76
389 538 70
389 585 19
390 399 95
390 436 88
390 439 26
390 442 81
390 491 18
390 506 76
390 571 14
390 591 26
391 394 39
391 424 21
391 432 71
391 468 14
391 470 92
391 475 48
391 477 100
391 483 62
391 484 31
391 495 43
391 540 20
391 597 53
391 599 58
392 407 45
392 412 53
392 460 59
392 527 85
392 557 60
392 594 16
393 415 55
393 433 35
393 440 38
393 464 73
393 465 82
393 469 25
393 475 50
393 491 14
393 492 94
393 495 25
393 536 27
393 561 71
394 430 15
394 454 47
394 469 41
394 491 81
394 500 38
394 519 41
394 564 32
394 567 99
394 570 23
395 408 74
395 414 71
395 452 28
395 479 31
395 549 67
395 552 80
395 561 41
395 578 51
395 584 92
396 410 56
396 423 57
396 439 26
396 460 45
396 479 29
396 493 59
396 511 69
396 532 31
397 447 72
397 472 62
397 477 7
397 481 98
397 482 85
397 500 74
397 574 97
397 580 77
397 584 54
398 425 34
398 435 17
398 445 85
398 474 85
398 519 92
398 550 10
398 560 7
398 563 19
398 574 92
398 576 73
398 583 50
398 593 32
399 414 75
399 440 41
399 453 39
399 457 32
399 474 19
399 483 84
399 490 12
399 505 29
399 559 4
399 589 94
399 595 1
400 411 18
400 476 1
400 478 50
400 481 2
400 484 74
400 493 46
400 495 78
400 498 79
400 501 32
400 510 47
400 516 15
400 522 68
400 543 38
400 559 24
400 576 74
400 582 8
400 584 15
400 586 98
401 411 9
401 418 98
401 440 24
401 459 2
401 473 88
401 491 7
401 548 20
401 554 71
401 582 71
401 591 48
402 457 27
402 460 64
402 494 100
402 512 44
402 536 16
402 538 50
402 545 97
403 429 41
403 461 47
403 463 74
403 469 71
403 487 78
403 508 20
403 587 37
403 592 97
404 418 9
404 420 12
404 431 70
404 440 68
404 453 78
404 470 19
404 479 29
404 534 75
404 535 95
404 541 30
404 556 15
405 417 1
405 419 1
405 423 85
405 471 23
405 554 48
405 586 63
405 596 39
406 419 100
406 473 6
406 487 54
406 493 1
406 530 2
406 537 47
406 561 47
406 575 28
406 595 69
407 430 77
407 451 99
407 484 6
407 507 73
407 509 8
407 561 17
407 582 95
408 429 27
408 440 95
408 446 13
408 453 55
408 459 21
408 461 7
408 469 84
408 501 35
408 504 60
408 516 36
408 535 72
408 555 34
409 414 84
409 429 34
409 431 72
409 435 35
409 451 92
409 492 78
409 495 35
409 534 45
409 575 24
410 432 81
410 454 72
410 463 92
410 472 57
410 500 71
410 503 49
410 505 30
410 523 30
410 542 66
410 560 24
410 574 8
410 588 12
411 459 88
411 470 63
411 485 32
411 514 47
411 533 98
411 541 19
411 568 58
411 569 34
412 437 90
412 572 91
412 573 69
412 578 75
413 432 63
413 482 55
413 484 66
413 490 40
413 538 89
413 541 63
413 551 15
413 593 21
414 427 34
414 448 58
414 456 30
414 460 56
414 479 7
414 480 59
414 486 37
414 498 24
414 502 34
414 504 45
414 540 87
414 575 73
415 437 59
415 447 70
415 453 71
415 460 8
415 486 88
415 487 28
415 518 93
415 539 29
415 543 71
415 549 13
415 566 4
415 592 33
416 425 67
416 437 21
416 450 24
416 465 55
416 503 83
416 521 90
416 534 76
416 549 69
416 598 99
417 447 5
417 463 76
417 465 57
417 488 15
417 536 65
417 539 80
417 572 100
417 593 61
417 594 66
418 423 24
418 425 19
418 442 88
418 455 95
418 497 78
418 502 75
418 522 74
418 560 71
418 577 4
418 583 44
419 422 83
419 423 59
419 526 28
419 549 2
419 550 31
419 559 3
419 570 56
420 431 66
420 459 92
420 460 83
420 466 86
420 472 43
420 481 39
420 535 61
420 545 99
420 561 5
420 566 77
420 574 31
420 583 4
420 594 37
421 452 48
421 453 80
421 469 55
421 474 35
421 479 26
421 486 85
421 492 10
421 503 99
421 506 7
421 525 65
421 530 95
421 534 89
421 549 75
421 576 22
421 589 90
421 597 5
422 434 77
422 446 98
422 452 70
422 473 20
422 487 32
422 488 55
422 509 62
422 521 71
422 540 68
422 551 61
422 598 75
423 478 44
423 506 91
423 526 31
423 541 81
423 576 38
423 581 62
423 586 87
424 454 73
424 462 87
424 481 23
424 525 34
424 587 85
425 433 29
425 451 98
425 452 31
425 465 18
425 480 72
425 523 53
425 565 59
425 572 28
425 576 29
425 579 8
426 444 50
426 463 48
426 470 40
426 477 4
426 478 62
426 480 62
426 527 23
426 529 22
426 537 88
426 565 67
426 569 64
426 575 70
426 578 99
427 437 53
427 457 31
427 459 37
427 490 25
427 511 17
427 578 60
427 592 10
427 593 54
428 434 88
428 452 7
428 472 84
428 484 57
428 486 30
428 556 88
428 570 68
429 437 10
429 464 68
429 479 27
429 507 59
429 518 68
429 519 66
429 543 14
429 548 29
429 564 79
429 573 37
430 447 2
430 448 67
430 461 55
430 465 65
430 510 36
430 512 5
430 551 17
430 577 19
430 597 41
430 599 94
431 471 87
431 481 52
431 485 3
431 561 40
431 569 40
431 589 62
432 474 76
432 507 48
432 523 43
432 557 15
432 598 15
433 435 52
433 455 83
433 490 42
433 516 62
433 570 2
433 578 59
434 441 76
434 443 30
434 448 38
434 460 12
434 477 83
434 486 56
434 501 18
434 570 47
434 599 43
435 443 22
435 451 15
435 476 61
435 486 14
435 505 8
435 507 48
435 525 66
435 533 63
435 543 39
435 545 57
435 546 24
435 561 66
436 438 4
436 454 66
436 468 81
436 509 71
436 534 70
436 594 15
436 598 64
437 446 31
437 462 16
437 572 22
437 585 6
437 588 97
438 481 11
438 491 69
438 493 79
438 500 18
438 525 38
438 537 77
438 554 61
438 567 11
439 477 91
439 553 73
439 563 25
439 575 51
439 587 72
440 443 42
440 448 13
440 474 63
440 477 50
440 482 36
440 487 28
440 498 5
440 514 53
440 525 60
440 532 75
440 539 22
440 547 74
440 551 38
440 556 53
440 592 41
441 484 12
441 492 10
441 504 89
441 507 22
441 526 31
441 533 67
441 548 92
441 575 68
441 580 43
442 449 4
442 451 79
442 460 86
442 467 76
442 480 55
442 497 36
442 498 100
442 517 48
442 540 48
442 554 62
442 575 97
442 583 35
442 594 41
442 596 1
443 460 87
443 473 1
443 487 28
443 510 9
443 512 26
443 522 65
443 533 13
443 560 67
443 564 28
443 576 74
443 588 55
444 482 2
444 487 4
444 500 74
444 504 93
444 505 24
444 529 68
444 536 96
445 447 54
445 484 53
445 489 23
445 517 60
445 519 40
445 523 74
445 573 7
445 577 87
445 599 35
446 452 55
446 456 21
446 483 28
446 519 7
446 523 8
446 566 28
446 574 34
446 586 68
447 452 53
447 453 51
447 457 32
447 468 71
447 484 78
447 528 5
447 539 78
447 559 79
447 561 61
448 449 51
448 462 23
448 465 36
448 495 70
448 512 70
448 513 41
448 543 23
448 567 93
448 570 100
448 571 62
448 578 18
449 454 58
449 490 1
449 516 5
449 517 12
449 526 21
449 555 32
449 574 70
449 579 80
449 590 11
450 467 4
450 488 99
450 505 63
450 534 54
450 545 30
450 556 86
450 558 83
450 588 87
450 593 63
451 473 14
451 480 99
451 489 65
451 493 36
451 500 34
451 541 34
451 548 58
451 560 26
452 467 8
452 493 2
452 515 25
452 590 22
452 599 19
453 474 34
453 514 74
453 522 23
453 535 97
453 566 94
453 581 6
454 516 66
454 534 26
454 548 16
454 578 69
455 460 24
455 474 31
455 509 74
455 552 6
455 558 16
455 586 9
455 598 92
456 463 30
456 505 22
456 518 90
456 540 46
456 552 9
456 576 75
456 581 31
457 502 66
457 513 100
457 521 39
457 523 67
457 565 76
457 574 12
457 589 38
457 595 9
458 459 85
458 473 60
458 494 5
458 533 30
458 537 66
458 565 22
458 582 7
458 584 33
459 566 43
460 505 31
460 588 63
460 589 68
461 487 88
461 488 78
461 500 76
461 523 79
461 541 59
461 547 49
461 575 20
461 599 4
462 479 10
462 498 94
462 506 35
462 513 75
462 519 93
462 551 25
462 552 94
462 565 20
463 476 36
463 483 83
463 498 28
463 518 72
463 526 42
463 527 84
463 595 1
463 596 59
464 514 5
464 535 60
464 551 92
464 568 99
464 580 90
464 585 6
464 599 67
465 479 77
465 482 36
465 486 94
465 515 7
465 533 94
465 537 43
465 554 26
465 565 50
465 567 52
465 575 71
465 577 84
465 579 78
465 584 63
466 469 60
466 495 23
466 516 82
466 525 47
466 538 5
466 572 61
467 468 18
467 480 99
467 495 44
467 511 70
467 512 9
467 521 100
467 532 29
467 565 100
467 573 99
467 593 70
467 598 58
467 599 17
468 472 98
468 484 93
468 547 10
468 575 4
468 579 38
468 586 52
469 475 81
469 516 87
469 553 55
469 578 51
469 587 22
470 500 85
470 502 65
470 511 81
470 517 7
470 521 98
470 522 27
470 527 12
470 554 10
470 563 96
470 573 62
471 476 5
471 478 18
471 484 70
471 486 5
471 570 98
472 493 22
472 494 55
472 511 68
472 522 79
472 558 71
472 570 17
472 581 71
472 588 32
473 486 73
473 493 8
473 494 84
473 496 53
473 533 47
473 572 90
473 574 56
473 592 68
474 504 74
474 594 72
474 597 49
475 476 81
475 490 70
475 520 27
475 523 44
475 536 79
475 552 75
475 555 5
475 558 84
475 589 92
476 486 74
476 490 40
476 497 41
476 505 95
476 507 46
476 544 60
476 545 25
476 546 68
476 550 77
476 559 95
476 593 99
477 497 49
477 498 55
477 505 34
477 508 53
477 524 1
477 556 24
477 585 60
477 595 20
478 505 49
478 508 32
479 524 20
479 540 81
479 562 53
479 564 99
480 487 24
480 505 83
480 514 73
480 549 80
480 580 18
481 488 16
481 508 6
481 536 9
481 568 56
481 581 52
481 597 54
482 557 16
482 562 77
482 571 73
482 585 44
482 588 23
482 595 72
482 597 44
483 506 29
483 523 57
483 554 48
483 571 81
484 578 32
484 587 8
484 597 1
485 526 81
485 538 91
485 548 20
485 575 61
485 585 43
485 591 18
486 529 37
486 533 77
486 569 42
486 575 16
487 498 95
487 510 57
487 549 73
488 495 3
488 507 65
488 509 25
488 578 9
489 497 32
489 499 53
489 535 81
489 542 75
489 549 75
489 553 52
489 574 18
489 575 4
490 506 61
490 510 65
490 536 84
490 558 92
490 560 24
490 561 36
490 568 24
490 585 14
491 523 56
491 534 85
491 554 8
491 556 25
491 574 73
492 496 85
492 506 67
492 541 40
492 551 31
492 567 75
492 570 13
492 585 33
493 496 91
493 509 89
493 517 41
493 544 22
493 548 41
493 574 74
493 582 48
493 587 67
493 592 77
493 597 17
494 501 22
494 538 37
494 564 34
495 509 58
495 510 29
495 521 57
495 554 93
495 568 52
495 597 23
496 511 48
496 529 88
496 542 30
496 560 25
497 503 60
497 505 66
497 533 91
497 538 100
497 539 96
497 544 65
497 561 64
497 583 29
497 591 8
497 594 52
498 512 21
498 541 29
498 549 44
498 576 46
498 585 77
498 586 10
499 518 23
499 528 45
499 529 32
499 531 59
499 543 78
499 553 89
499 595 39
500 501 35
500 579 81
500 589 43
501 502 9
501 546 81
501 568 82
501 577 38
501 586 5
501 593 94
502 505 4
502 519 47
502 537 45
502 553 51
503 526 63
503 553 8
503 570 79
504 558 70
504 584 11
505 536 52
505 560 99
505 562 54
505 589 97
505 593 27
506 559 63
507 519 71
507 546 71
507 557 46
507 574 82
507 593 1
508 527 86
508 549 72
508 595 35
509 534 19
509 544 14
509 553 43
509 563 99
509 566 48
509 574 32
509 581 55
510 551 41
510 568 87
510 569 1
510 581 85
510 585 38
510 594 15
511 530 44
511 542 68
511 553 85
511 562 54
511 595 71
512 516 35
512 525 59
512 527 20
512 532 13
512 551 73
512 563 90
512 574 83
513 529 19
513 550 71
513 592 35
513 595 4
514 515 43
514 531 69
514 540 74
515 518 8
515 544 63
515 549 24
515 555 7
515 582 47
516 536 78
516 563 99
516 566 33
516 575 30
517 519 83
517 523 22
517 525 45
517 559 78
517 594 90
518 537 81
518 558 83
518 564 60
518 569 15
518 582 41
518 584 79
519 558 27
519 599 14
520 549 21
520 559 61
520 570 84
520 592 43
520 596 96
521 532 39
521 537 85
521 538 16
521 542 13
521 547 45
521 559 31
522 567 36
523 527 51
524 563 29
524 573 14
525 536 50
525 539 61
525 566 95
525 592 84
526 530 83
526 589 91
527 587 14
527 594 24
527 599 23
528 529 96
528 553 83
528 559 37
528 578 37
528 579 14
529 558 15
529 566 2
529 572 86
529 593 28
529 599 85
530 538 28
530 547 75
530 561 23
530 570 65
530 595 42
531 540 35
531 544 9
531 556 24
531 589 71
531 596 11
531 599 52
532 556 36
532 565 12
532 587 65
532 594 82
533 542 48
533 577 99
533 588 73
534 570 13
534 573 22
534 582 47
534 589 8
535 537 56
536 547 84
536 580 96
537 547 21
537 565 50
537 581 97
539 548 6
539 551 29
539 571 33
540 556 34
540 574 3
540 583 56
540 585 98
541 560 97
541 599 42
542 561 58
542 585 20
543 557 64
543 592 20
543 598 24
544 554 99
544 558 84
544 566 88
544 570 33
544 578 31
545 549 86
545 550 57
545 562 43
546 564 59
546 585 3
546 586 2
546 592 14
546 594 38
547 563 98
547 572 35
547 584 88
547 593 46
548 559 92
548 570 68
548 584 79
548 595 25
549 551 23
549 593 86
550 564 74
550 597 19
551 578 27
551 584 31
552 557 90
552 558 91
552 571 3
553 575 13
553 594 41
554 588 86
554 589 52
555 574 73
555 594 16
555 595 37
556 573 81
557 562 10
557 571 95
557 584 84
557 593 11
558 564 61
558 580 21
558 587 60
559 566 47
559 569 60
560 565 58
560 572 38
560 582 28
561 574 88
563 576 63
564 572 2
564 574 73
564 583 88
564 595 20
564 598 51
566 584 71
568 571 61
568 576 93
571 575 73
571 588 74
572 573 34
574 581 58
574 582 25
574 596 58
576 579 25
578 586 14
579 582 39
579 589 86
580 589 60
580 593 74
581 588 48
582 592 20
582 596 46
582 598 8
587 589 66
593 598 6
600 299 78
601 599 16
600 601 94
602 627 10
602 629 2
602 633 9
602 636 4
602 637 1
602 687 9
602 728 3
602 763 6
602 782 7
602 792 5
602 809 3
602 843 8
602 874 2
602 887 2
603 610 3
603 703 7
603 710 1
603 711 10
603 872 4
603 900 8
604 632 7
604 670 8
604 712 6
604 716 1
604 764 8
604 785 1
604 794 7
604 801 6
604 821 1
604 832 4
604 878 5
604 886 10
604 888 7
605 611 4
605 614 5
605 722 8
605 727 2
605 755 9
605 767 3
605 774 10
605 795 3
605 869 8
605 888 9
605 898 4
605 901 1
606 615 2
606 619 2
606 632 1
606 644 3
606 658 6
606 664 8
606 684 9
606 696 3
606 719 5
606 722 10
606 751 10
606 763 5
606 773 6
606 780 5
606 807 7
606 879 1
606 894 2
607 678 9
607 703 7
607 709 5
607 713 3
607 728 6
607 788 8
607 812 2
607 832 9
607 841 10
607 844 4
607 848 8
608 629 8
608 655 10
608 684 8
608 714 9
608 731 1
608 761 8
608 802 2
608 811 6
608 841 8
609 610 2
609 625 10
609 653 2
609 656 3
609 659 10
609 685 9
609 695 8
609 723 6
609 729 5
609 731 10
609 745 7
609 762 3
609 763 9
609 769 3
609 770 8
609 801 4
609 842 1
609 855 9
609 868 4
609 877 10
610 651 4
610 667 1
610 670 9
610 671 5
610 723 10
610 735 8
610 756 8
610 765 8
610 799 1
610 817 5
610 851 7
610 857 2
610 861 5
610 863 8
610 881 5
610 895 6
611 646 6
611 665 4
611 711 1
611 735 3
611 741 6
611 782 8
611 806 5
611 813 6
611 816 10
611 838 4
611 839 1
611 858 2
611 860 2
611 868 7
612 641 3
612 660 8
612 666 7
612 702 2
612 710 4
612 732 9
612 736 1
612 762 1
612 833 8
612 840 1
612 851 8
612 853 4
612 861 4
612 892 4
612 901 1
613 615 10
613 659 9
613 705 9
613 731 4
613 736 1
613 754 1
613 763 1
613 779 10
613 792 7
613 807 6
613 815 10
613 818 1
613 827 8
613 832 3
613 835 4
613 868 4
614 624 6
614 660 1
614 676 1
614 677 9
614 693 7
614 702 1
614 737 9
614 739 9
614 755 8
614 765 9
614 798 6
614 805 1
614 827 2
614 837 1
614 848 1
614 861 4
614 863 1
614 868 9
614 884 7
614 887 2
615 719 1
615 734 9
615 745 1
615 748 8
615 754 4
615 758 2
615 769 8
615 802 1
615 831 5
615 839 1
615 861 5
616 625 2
616 626 4
616 659 7
616 698 10
616 712 10
616 730 9
616 770 8
616 779 8
616 800 6
616 804 8
616 863 6
616 882 6
617 628 1
617 658 6
617 712 8
617 795 4
617 843 7
617 847 9
617 850 2
617 873 8
617 880 9
617 893 10
617 898 10
618 672 6
618 714 5
618 740 4
618 759 5
618 768 8
618 784 10
618 795 8
618 812 4
618 829 1
618 893 1
619 628 2
619 637 2
619 643 2
619 706 10
619 753 9
619 767 9
619 780 5
619 783 8
619 796 6
619 805 10
619 821 8
619 834 2
619 842 9
619 844 4
619 869 8
619 885 7
620 638 5
620 639 7
620 675 6
620 740 5
620 742 8
620 754 3
620 770 1
620 783 1
620 795 8
620 805 8
620 811 10
620 852 5
620 858 1
620 871 2
620 892 7
620 893 2
620 894 3
621 622 8
621 629 1
621 637 3
621 675 8
621 692 7
621 695 10
621 700 4
621 713 6
621 748 10
621 817 5
621 841 5
621 884 3
622 636 4
622 701 1
622 704 9
622 709 10
622 723 8
622 729 3
622 760 7
622 786 1
622 787 6
622 803 10
622 826 10
622 832 3
622 837 9
622 857 4
622 881 6
622 882 1
623 658 2
623 660 7
623 662 3
623 673 9
623 715 10
623 716 6
623 739 6
623 814 6
623 844 7
623 846 1
623 900 4
624 625 6
624 648 5
624 658 10
624 681 10
624 719 8
624 751 2
624 784 9
624 809 9
624 823 10
624 834 3
624 841 8
624 848 2
624 885 8
625 655 7
625 661 1
625 708 3
625 712 7
625 742 6
625 826 8
625 842 9
625 843 7
625 856 6
625 875 2
625 886 5
625 893 5
625 894 9
626 628 2
626 653 3
626 670 7
626 709 3
626 712 6
626 721 5
626 753 9
626 778 7
626 786 4
626 831 9
626 846 8
626 862 4
626 869 9
627 641 9
627 672 7
627 732 8
627 749 10
627 758 6
627 759 6
627 813 2
627 832 8
627 835 3
627 863 7
627 867 7
627 886 1
627 889 3
628 643 3
628 645 4
628 646 9
628 660 7
628 669 4
628 682 3
628 707 1
628 724 1
628 747 7
628 748 8
628 796 7
628 799 5
628 839 4
628 840 10
628 861 5
629 696 4
629 764 6
629 832 4
629 850 2
629 857 4
629 887 1
630 635 2
630 665 9
630 714 7
630 737 5
630 759 9
630 779 1
630 807 2
630 819 5
630 852 1
630 889 4
631 667 7
631 677 7
631 690 5
631 703 6
631 713 10
631 717 7
631 772 8
631 799 2
631 804 5
631 825 6
631 837 8
631 846 9
631 870 1
631 873 10
631 875 6
632 708 4
632 709 7
632 730 9
632 732 6
632 784 10
632 786 1
632 788 9
632 797 10
632 883 9
632 896 3
633 646 10
633 652 9
633 695 4
633 706 5
633 714 2
633 720 10
633 734 3
633 741 8
633 785 6
633 805 10
633 850 9
633 865 4
633 880 8
633 883 3
634 676 8
634 714 5
634 764 10
634 769 8
634 820 5
634 875 1
634 885 3
634 891 9
635 636 7
635 693 3
635 712 4
635 721 6
635 735 4
635 747 4
635 767 8
635 781 4
635 821 6
635 845 7
635 851 3
635 864 2
635 877 3
636 662 6
636 676 3
636 689 6
636 691 5
636 738 8
636 801 7
636 808 3
636 829 3
636 852 6
636 856 7
636 861 10
636 863 10
637 661 7
637 683 7
637 688 5
637 697 9
637 704 2
637 733 3
637 799 6
637 807 4
637 809 8
637 834 3
637 840 9
637 842 1
637 852 10
637 857 5
638 665 8
638 695 9
638 769 7
638 772 1
638 787 1
638 790 2
638 815 5
638 864 8
638 865 8
639 651 4
639 656 5
639 669 2
639 698 6
639 705 10
639 749 9
639 752 5
639 807 10
639 815 7
640 644 4
640 658 6
640 684 5
640 721 7
640 731 8
640 757 2
640 773 2
640 793 7
640 808 5
640 832 3
640 892 9
641 732 6
641 734 7
641 736 8
641 739 4
641 753 3
641 771 9
641 776 5
641 800 6
641 827 3
641 831 2
641 842 5
642 646 7
642 656 8
642 658 6
642 659 4
642 680 8
642 706 4
642 749 9
642 842 9
642 899 10
643 648 4
643 774 4
643 837 5
644 669 10
644 689 3
644 694 6
644 705 3
644 711 9
644 720 2
644 727 5
644 770 9
644 785 8
644 788 1
644 809 6
644 850 3
644 856 5
644 860 4
644 870 9
644 874 2
645 683 9
645 684 3
645 720 6
645 749 7
645 758 10
645 774 2
645 779 10
645 782 9
645 805 5
645 814 10
645 834 9
645 878 5
646 662 5
646 726 2
646 764 1
646 783 6
646 792 6
646 864 6
646 874 9
646 882 6
646 901 10
647 663 3
647 674 4
647 679 9
647 716 4
647 722 10
647 734 1
647 745 10
647 749 5
647 768 2
647 780 2
647 812 5
647 822 4
647 826 7
647 851 1
647 883 5
648 660 10
648 669 3
648 674 4
648 680 5
648 682 2
648 711 2
648 726 1
648 728 9
648 736 6
648 796 1
648 801 4
648 840 3
648 853 8
649 671 2
649 707 9
649 730 7
649 738 7
649 741 4
649 744 5
649 752 2
649 783 3
649 786 8
649 793 1
649 795 10
649 844 9
649 847 2
649 882 4
649 883 4
650 657 1
650 662 5
650 674 8
650 702 10
650 762 9
650 768 1
650 776 6
650 806 2
650 826 5
650 836 8
650 885 10
650 896 2
651 739 8
651 756 4
651 781 4
651 782 8
651 803 7
651 814 4
651 821 6
651 888 3
652 673 8
652 685 3
652 687 4
652 712 10
652 760 10
652 788 5
652 797 9
652 820 10
652 828 8
652 852 3
652 863 3
652 873 10
652 878 9
653 699 10
653 705 2
653 710 7
653 718 3
653 776 7
653 787 8
653 890 7
654 692 5
654 696 8
654 711 10
654 757 4
654 807 3
654 835 3
654 866 3
655 671 9
655 687 7
655 697 9
655 698 4
655 712 4
655 731 3
655 830 7
655 833 5
655 846 4
655 847 3
655 866 6
655 874 3
655 888 3
656 693 8
656 696 7
656 710 2
656 728 8
656 755 6
656 756 3
656 787 4
656 808 10
656 818 2
656 830 3
656 865 8
656 871 8
657 664 2
657 673 7
657 701 3
657 722 4
657 731 10
657 737 6
657 749 5
657 762 8
657 769 6
657 775 8
657 777 3
657 788 8
657 798 4
657 814 7
657 848 3
657 866 9
657 882 2
657 891 5
658 671 1
658 681 1
658 694 1
658 711 4
658 770 10
658 807 8
658 809 7
658 823 5
658 833 10
658 845 10
658 873 8
658 896 7
658 901 7
659 673 9
659 678 4
659 684 1
659 689 5
659 704 5
659 747 8
659 751 9
659 754 2
659 758 3
659 772 6
659 812 4
659 816 2
659 817 1
659 819 2
659 833 4
659 841 1
659 867 4
659 874 10
660 663 1
660 683 6
660 708 2
660 719 7
660 737 6
660 821 2
660 827 3
660 850 10
660 860 1
660 877 4
660 881 9
660 888 7
661 665 2
661 670 8
661 674 2
661 690 2
661 697 4
661 703 6
661 773 10
661 784 2
661 797 7
661 805 4
661 841 9
661 873 2
661 877 8
661 888 1
662 681 4
662 682 3
662 692 2
662 732 9
662 747 5
662 750 4
662 769 4
662 791 6
662 799 10
662 808 1
662 821 9
662 885 4
662 896 3
663 690 9
663 699 9
663 702 1
663 705 8
663 754 10
663 755 10
663 770 9
663 771 2
663 773 3
663 789 7
663 817 3
663 822 6
663 823 5
663 824 8
663 859 6
663 875 7
663 879 5
664 707 7
664 719 2
664 724 10
664 740 10
664 767 10
664 768 4
664 770 5
664 784 5
664 813 9
664 815 7
664 854 8
664 901 8
665 680 2
665 697 10
665 730 8
665 737 1
665 762 2
665 764 7
665 797 10
665 803 2
665 812 8
665 824 3
665 837 6
665 857 4
665 865 5
665 880 4
665 886 8
665 893 3
665 897 9
666 670 6
666 686 9
666 711 7
666 714 7
666 742 8
666 770 8
666 783 8
666 789 1
666 814 5
666 839 5
666 874 2
666 887 1
667 687 4
667 695 1
667 704 2
667 732 3
667 783 10
667 785 2
667 849 6
667 876 7
667 890 2
668 674 9
668 684 4
668 685 6
668 690 5
668 755 9
668 782 1
668 783 10
668 798 6
668 827 5
668 864 8
668 869 4
668 873 3
669 674 7
669 683 2
669 743 3
669 776 6
669 795 2
669 839 5
669 840 10
669 841 6
669 862 8
669 900 10
670 697 9
670 730 8
670 736 4
670 741 3
670 745 10
670 746 5
670 748 8
670 750 6
670 779 8
670 791 7
670 794 1
670 818 4
670 866 3
670 895 9
671 684 6
671 695 2
671 725 6
671 726 10
671 770 1
671 782 1
671 786 4
671 815 9
671 836 3
671 839 8
671 848 5
671 863 4
671 874 3
672 691 4
672 704 1
672 804 10
672 833 6
672 839 9
672 852 10
672 864 9
673 695 3
673 724 9
673 733 3
673 750 2
673 752 6
673 767 3
673 821 8
673 824 6
673 830 6
673 863 2
673 870 6
673 890 1
673 892 3
674 687 3
674 716 2
674 737 6
674 755 4
674 780 5
674 797 4
674 825 6
674 842 3
674 868 8
674 881 9
675 676 7
675 744 4
675 748 9
675 758 6
675 833 9
675 862 9
675 863 7
676 678 7
676 690 3
676 697 7
676 721 1
676 798 4
676 800 2
676 818 3
676 827 4
676 833 9
676 842 10
676 845 5
676 862 4
676 868 10
676 884 10
676 886 7
677 681 3
677 703 7
677 708 10
677 740 8
677 757 10
677 766 7
677 767 2
677 780 10
677 787 7
677 850 8
677 852 3
677 855 7
677 886 5
678 686 1
678 687 5
678 705 4
678 715 9
678 730 9
678 740 10
678 744 9
678 764 2
678 812 2
678 833 4
678 850 7
678 878 10
678 879 3
678 894 2
678 901 6
679 695 3
679 712 3
679 713 2
679 725 5
679 758 1
679 796 3
679 800 4
679 805 10
679 810 9
679 815 7
679 829 1
679 851 5
679 863 4
679 878 3
679 891 1
679 892 1
679 895 5
680 681 7
680 729 4
680 776 5
680 832 5
680 840 3
680 867 4
680 896 8
681 686 6
681 707 7
681 712 5
681 718 6
681 721 1
681 744 8
681 757 1
681 773 5
681 812 2
681 843 4
681 850 2
681 858 2
681 897 6
682 719 5
682 725 3
682 781 6
682 795 2
682 807 4
682 826 2
682 838 7
682 879 8
682 896 2
683 710 9
683 812 3
683 815 10
683 879 4
684 734 7
684 746 6
684 752 7
684 755 2
684 785 5
684 787 4
684 839 10
684 878 9
685 732 9
685 767 1
685 806 8
685 828 1
685 838 5
685 850 9
685 861 4
685 898 6
686 742 2
686 770 1
686 785 3
686 822 5
686 825 6
686 826 6
686 865 8
687 688 7
687 702 4
687 712 5
687 724 10
687 758 3
687 765 9
687 788 1
687 799 6
687 807 8
687 823 8
687 875 4
687 889 9
688 690 3
688 699 10
688 707 1
688 737 3
688 760 8
688 774 3
688 813 1
688 820 1
688 822 7
688 885 1
689 692 6
689 708 5
689 709 3
689 713 7
689 757 7
689 763 7
689 768 4
689 778 4
689 816 6
689 822 3
689 823 7
689 828 2
689 871 2
689 875 1
689 891 1
689 893 5
690 691 9
690 719 10
690 736 2
690 744 4
690 766 10
690 783 4
690 785 3
690 803 10
690 849 7
690 865 3
690 869 2
690 871 9
690 877 3
690 879 1
691 778 9
691 780 8
691 784 7
691 799 1
691 818 6
691 828 3
691 886 9
692 716 10
692 717 8
692 723 4
692 726 2
692 764 4
692 766 6
692 786 5
692 838 5
692 866 8
693 715 1
693 723 5
693 736 7
693 740 3
693 755 8
693 758 8
693 759 8
693 762 1
693 768 10
694 695 6
694 738 3
694 779 1
694 799 4
694 818 7
694 843 3
694 858 3
694 888 4
694 891 9
695 711 5
695 712 10
695 717 3
695 726 4
695 753 1
695 757 10
695 786 7
695 804 2
695 824 6
695 851 4
695 853 8
695 861 2
695 864 3
696 718 9
696 725 6
696 726 1
696 748 1
696 752 5
696 773 9
696 822 10
696 857 7
696 888 8
696 895 6
696 896 1
697 702 10
697 775 1
697 787 7
697 789 5
697 825 3
697 862 3
697 868 3
697 872 8
697 884 2
698 709 8
698 734 3
698 804 2
698 820 9
698 822 9
698 827 5
698 840 6
698 864 5
698 885 2
698 889 7
698 896 7
698 901 2
699 716 4
699 722 8
699 736 4
699 747 1
699 771 8
699 798 4
699 803 7
699 818 5
699 847 1
699 881 8
699 898 6
700 716 1
700 742 4
700 753 10
700 785 6
700 793 6
700 794 5
700 796 5
700 808 9
700 813 2
700 826 7
700 836 2
700 883 2
700 887 7
700 893 8
700 896 8
701 705 1
701 707 2
701 786 6
701 796 10
701 803 3
701 806 2
701 830 9
701 837 7
701 849 2
701 863 6
701 877 2
702 713 8
702 727 2
702 729 2
702 762 7
702 770 7
702 781 4
702 798 1
702 812 7
702 813 1
702 848 8
702 859 1
702 866 5
702 890 9
703 712 4
703 721 3
703 778 10
703 796 7
703 822 10
703 844 8
703 872 4
703 877 2
703 878 9
704 751 2
704 818 1
704 823 3
704 848 3
704 863 9
704 900 1
705 711 4
705 720 4
705 783 2
705 789 3
705 800 5
705 814 5
705 818 10
705 822 4
705 866 1
705 881 2
706 776 2
706 782 1
706 798 1
706 806 2
706 842 8
706 857 9
706 860 7
706 870 10
706 872 9
706 873 3
706 877 9
707 723 8
707 724 9
707 728 3
707 742 8
707 747 10
707 779 3
707 810 10
707 814 2
708 732 4
708 754 3
708 757 7
708 760 9
708 772 6
708 774 1
708 778 6
708 784 3
708 790 10
708 806 9
708 823 3
708 836 3
708 844 10
708 897 5
709 744 4
709 768 3
709 774 2
709 817 2
709 832 9
709 847 2
709 885 2
709 887 3
710 769 2
710 773 9
710 791 1
710 801 4
710 862 6
711 715 2
711 758 9
711 795 8
711 811 3
711 825 2
711 842 10
711 884 1
712 726 10
712 800 7
712 801 2
712 833 5
712 848 9
712 854 3
712 863 5
713 725 3
713 839 6
713 858 4
713 864 8
713 869 1
713 872 6
713 876 9
713 896 2
714 780 6
714 824 2
714 838 6
715 730 1
715 749 6
715 757 4
715 815 3
715 845 9
715 894 2
716 736 5
716 788 7
716 805 9
716 876 9
716 881 10
716 884 10
717 727 2
717 729 2
717 735 8
717 753 3
717 780 6
717 793 7
717 826 5
717 839 1
717 853 9
717 893 2
718 729 6
718 790 8
718 820 4
718 840 4
718 851 9
718 872 8
718 879 1
718 891 10
718 892 3
719 722 1
719 747 5
719 772 6
719 785 6
719 794 6
719 798 9
719 802 2
719 839 4
719 840 9
719 842 10
719 867 6
720 733 10
720 784 1
720 787 7
720 829 8
720 849 5
720 888 2
721 724 4
721 767 2
721 773 4
721 783 4
721 823 5
721 840 2
721 856 2
722 724 9
722 753 5
722 758 10
722 761 6
722 768 7
722 778 1
722 793 10
722 802 10
722 824 8
722 826 5
723 730 5
723 734 5
723 774 4
723 783 6
723 785 8
723 814 4
723 833 7
723 874 3
724 753 4
724 796 10
724 824 1
724 837 1
724 839 6
724 885 3
725 739 6
725 742 7
725 748 8
725 763 9
725 779 2
725 800 9
725 821 2
725 825 2
725 829 5
725 880 3
726 727 9
726 733 2
726 734 4
726 736 8
726 745 1
726 766 3
726 827 4
726 838 7
726 846 7
726 855 9
726 856 4
726 868 6
726 889 3
726 900 10
727 754 1
727 755 6
727 790 1
727 791 1
727 863 6
728 730 7
728 733 5
728 746 1
728 772 3
728 781 3
728 784 1
728 799 6
728 820 3
728 839 3
728 871 9
728 899 10
729 736 5
729 737 7
729 764 3
729 775 10
729 779 4
729 788 5
729 834 2
729 872 8
729 882 1
730 742 8
730 756 8
730 791 4
730 804 4
730 807 10
730 816 5
730 831 4
730 832 5
730 836 6
730 849 4
730 877 10
730 883 4
730 885 9
730 888 2
730 893 8
730 895 3
731 743 3
731 783 6
731 821 7
731 822 5
731 851 4
731 859 6
731 865 1
731 890 1
732 738 10
732 750 1
732 759 6
732 789 4
732 792 2
732 813 5
732 817 4
732 857 2
732 865 3
732 878 9
732 882 7
733 742 2
733 747 6
733 763 2
733 819 7
733 839 3
733 870 5
733 883 8
733 886 6
734 748 5
734 749 10
734 798 5
734 872 9
735 772 2
735 801 10
735 804 8
735 825 8
735 826 4
735 832 3
735 834 8
735 894 6
736 785 5
736 873 8
736 874 1
736 878 8
736 892 2
737 738 8
737 747 4
737 748 3
737 773 10
737 826 4
737 828 9
737 841 3
737 885 9
737 886 10
738 739 1
738 749 1
738 753 6
738 760 9
738 771 8
738 797 3
738 837 10
738 844 3
738 845 3
738 878 1
738 900 2
739 758 10
739 760 10
739 769 5
739 786 5
739 793 7
739 833 10
740 768 9
740 815 7
740 819 3
740 821 8
740 834 8
740 835 10
740 853 1
740 885 2
740 891 1
741 760 5
741 762 2
741 784 3
741 796 3
741 883 3
741 887 4
741 894 6
741 897 8
742 762 4
742 793 5
742 879 2
742 884 3
742 901 7
743 746 7
743 748 5
743 763 1
743 824 6
743 833 4
743 864 7
743 890 2
744 785 2
744 788 9
744 815 2
744 832 8
744 856 1
744 885 10
744 891 7
744 898 2
745 764 10
745 776 8
745 821 4
745 822 6
745 827 9
745 834 8
745 848 9
745 878 1
745 880 1
745 882 6
745 884 1
745 890 6
746 747 10
746 805 4
746 809 8
746 832 9
746 856 10
746 874 4
746 880 1
746 882 8
746 889 7
746 900 7
747 768 9
747 781 1
747 796 5
747 805 1
747 854 8
747 866 7
747 888 2
748 758 5
748 778 10
748 799 1
748 803 4
748 824 3
748 837 7
748 884 5
749 756 1
749 764 7
749 776 5
749 796 3
749 816 4
749 818 7
749 850 1
749 894 5
750 775 3
750 787 10
750 853 3
750 872 4
750 900 4
751 770 3
751 775 1
751 776 2
751 778 2
751 816 2
751 861 2
751 867 6
751 895 4
752 757 2
752 771 5
752 772 5
752 810 6
752 839 4
752 877 5
752 878 1
752 881 9
752 882 3
752 899 5
752 900 9
753 756 1
753 778 2
753 779 3
753 813 4
753 834 8
753 841 3
753 844 9
753 854 2
754 767 3
754 783 3
754 803 6
754 806 8
754 807 8
754 812 6
754 820 9
754 873 9
754 886 9
754 901 3
755 777 6
755 783 2
755 797 4
755 816 10
755 827 6
755 832 9
756 765 6
756 804 3
756 814 9
756 815 4
756 839 7
756 850 4
756 857 4
756 859 8
756 866 7
756 875 8
757 764 3
757 770 4
757 794 1
757 808 1
757 815 8
757 826 5
757 850 4
757 860 3
757 861 2
757 868 1
757 884 10
758 762 2
758 778 1
758 781 9
758 802 4
758 805 6
758 806 2
758 815 7
758 827 8
758 832 10
758 834 7
758 856 3
759 860 4
760 791 8
760 838 8
760 842 10
760 847 3
760 867 1
760 879 9
760 881 9
760 897 8
761 776 2
761 797 4
761 798 10
761 816 2
761 832 1
761 846 6
761 851 7
761 876 5
761 896 9
762 764 9
762 771 5
762 776 1
762 834 9
762 890 5
763 822 6
763 831 7
763 876 6
763 877 5
763 881 4
763 896 5
764 769 1
764 772 6
764 779 8
764 807 10
764 873 3
764 885 10
765 792 2
765 812 5
765 838 8
765 849 2
765 873 4
766 803 9
766 862 6
766 872 6
766 901 3
767 772 8
767 792 1
767 800 9
767 801 3
767 831 10
767 861 10
767 879 9
767 885 2
767 900 10
768 806 3
768 808 7
768 828 6
768 835 8
768 855 1
768 868 9
769 800 5
769 840 4
769 878 6
770 811 2
770 832 3
770 854 10
770 870 1
771 787 5
771 788 6
771 791 1
771 799 8
771 804 10
771 807 1
771 827 3
771 829 5
771 856 3
771 874 3
771 881 5
771 893 4
771 901 7
772 786 6
772 811 5
772 815 5
772 842 7
772 864 4
772 874 7
772 899 4
773 779 10
773 788 6
773 812 6
773 823 10
773 825 10
773 847 9
773 881 6
774 797 4
774 805 2
774 828 7
774 829 6
774 831 8
774 886 3
774 888 6
774 900 5
775 783 2
775 786 7
775 795 10
775 801 8
775 805 1
775 810 2
775 820 4
775 823 6
775 829 8
775 838 10
775 895 10
775 897 2
775 898 6
776 787 4
776 796 10
776 827 1
776 841 3
776 842 5
776 869 7
776 877 2
776 879 7
776 888 5
777 781 9
777 816 10
777 843 6
777 873 6
778 782 7
778 783 5
778 789 8
778 791 5
778 849 10
778 886 1
778 889 1
778 892 9
779 819 8
779 842 3
779 846 10
780 786 1
780 810 9
780 812 9
780 842 2
780 862 10
780 881 2
780 891 8
781 834 3
781 837 1
781 839 10
781 857 7
781 880 7
781 881 6
781 882 1
781 890 5
781 895 3
782 803 9
782 809 4
782 818 10
782 828 6
782 841 3
782 845 5
782 847 5
782 849 7
782 854 4
782 858 5
782 875 9
783 784 2
783 798 4
783 808 1
783 826 3
783 836 7
783 863 1
783 891 1
783 897 8
784 791 1
784 820 2
784 827 7
784 836 5
784 858 4
784 870 9
784 884 2
785 799 2
785 800 6
785 863 2
785 876 7
786 788 8
786 800 2
786 866 2
787 804 10
787 812 8
787 874 4
787 877 4
787 897 2
788 795 10
788 802 9
788 818 9
788 840 8
788 847 2
788 854 4
788 855 1
788 864 6
788 874 10
789 791 3
789 796 6
789 799 10
789 806 5
789 879 9
789 893 8
790 814 10
790 851 4
790 860 6
790 896 1
791 867 5
791 898 2
792 825 4
792 835 1
792 849 1
793 794 5
793 803 3
793 815 10
793 849 4
793 865 6
793 868 5
793 870 8
793 874 8
793 875 3
793 892 8
793 899 7
794 812 6
794 865 1
794 879 7
795 796 1
795 814 3
795 821 2
795 828 8
795 867 2
795 884 6
795 897 8
796 813 1
796 836 5
797 810 1
797 833 7
797 864 7
797 870 6
797 883 10
797 895 10
798 815 8
798 823 10
798 866 7
798 890 10
799 809 2
799 816 2
799 886 8
799 888 6
799 893 9
799 898 5
800 821 1
800 858 6
800 860 1
800 862 8
800 873 9
801 805 10
801 818 1
801 823 1
801 853 1
801 858 8
801 872 4
801 884 6
802 807 8
802 851 4
802 868 3
802 879 8
802 882 2
802 887 9
802 889 5
802 898 3
803 817 1
803 833 5
803 840 5
803 862 9
804 875 4
804 890 6
804 896 10
804 899 3
805 812 3
805 836 1
805 857 7
805 859 5
805 862 6
805 869 10
805 889 3
805 899 4
806 878 1
806 899 3
807 829 6
807 841 1
807 883 2
808 813 9
808 833 8
808 851 9
808 858 5
808 881 2
809 811 9
809 819 8
809 821 3
809 882 5
810 832 1
810 838 3
810 845 9
810 857 5
810 860 3
810 867 5
810 871 2
811 844 2
811 877 7
811 887 4
811 896 2
811 900 6
811 901 1
812 826 10
812 835 5
812 843 5
812 879 5
812 881 7
812 887 9
812 897 1
813 851 7
813 866 10
813 878 1
814 822 6
814 825 1
814 864 5
814 867 10
814 872 1
815 836 3
815 843 2
815 862 5
815 866 5
815 868 6
815 881 4
815 882 9
816 818 8
816 841 8
816 843 10
816 860 9
816 897 6
817 828 5
817 861 3
817 885 1
818 825 5
818 835 4
818 836 5
818 870 9
818 875 8
818 880 1
818 888 7
818 895 10
818 897 9
819 834 9
819 856 1
819 875 7
819 884 9
820 826 5
820 860 6
820 878 9
820 880 9
821 839 9
821 841 5
821 842 3
821 851 4
821 870 8
821 897 1
822 823 1
822 838 7
822 847 2
822 882 1
822 888 3
822 891 7
823 845 3
823 846 3
823 849 3
823 850 8
823 884 10
824 830 2
824 842 6
824 844 2
824 847 10
824 870 5
825 845 3
825 861 8
825 867 5
825 879 1
826 847 8
826 860 2
826 870 8
826 877 8
826 901 2
827 836 6
827 842 3
827 850 5
827 856 9
827 876 2
827 878 7
827 896 9
827 897 9
828 838 9
828 852 1
828 868 3
829 842 7
829 871 4
829 873 7
829 878 9
829 886 1
830 851 8
830 853 2
830 855 8
830 879 10
830 889 2
830 892 3
830 894 4
831 833 9
831 859 9
831 876 6
832 844 9
832 848 2
833 882 3
834 878 6
834 880 4
835 860 8
835 867 8
835 883 8
835 894 8
836 879 2
836 892 6
836 897 8
837 843 10
837 869 6
837 895 8
837 901 4
838 846 2
838 896 1
839 870 2
840 860 3
840 871 4
840 894 10
840 897 6
841 864 3
841 897 1
842 865 7
843 848 7
843 856 4
843 882 8
844 848 6
844 850 9
844 857 6
844 865 9
844 867 3
844 870 3
844 883 2
844 885 10
844 893 1
845 854 1
845 899 9
846 862 2
846 872 7
846 873 6
846 884 3
846 885 2
846 887 3
846 893 8
846 901 6
847 863 6
847 870 9
847 873 8
847 879 9
848 852 8
848 860 5
848 883 3
848 888 8
849 854 2
849 862 10
849 869 3
849 886 1
849 892 7
850 862 3
850 878 8
850 887 5
850 894 5
851 855 10
851 880 9
851 882 6
851 887 2
851 893 9
852 863 4
852 878 5
852 882 5
852 890 9
852 896 9
853 865 9
853 881 2
854 876 6
854 898 4
854 901 7
855 883 7
855 888 3
856 858 7
856 868 4
856 874 7
857 858 1
857 868 4
857 879 10
857 890 10
858 873 8
859 896 10
860 866 8
861 862 1
861 871 7
862 868 3
862 869 7
862 871 9
863 870 3
863 876 3
863 899 10
864 870 1
864 877 6
864 891 5
866 889 8
867 878 7
867 886 5
867 901 6
868 879 10
868 899 3
869 898 9
870 888 8
871 882 9
873 877 3
873 883 6
873 891 4
874 891 9
874 896 6
874 897 9
875 878 9
875 884 8
875 893 7
875 896 10
876 884 5
878 883 9
878 891 7
878 897 9
879 880 5
879 894 7
880 891 1
883 895 7
885 897 6
886 899 4
888 895 5
889 894 2
889 895 1
894 898 3
895 899 7
896 899 6
897 898 2
900 901 1
902 601 93
903 901 10
902 903 22
