904 6735
11 99 8 92 99 74 11 45 83 26 50 60 75 24 50 38 51 6 93 43 94 71 66 74 78 53 82 3 22 55 97 84 53 4 75 4 29 37 48 11 15 50 22 89 25 23 78 28 28 70 22 74 93 88 47 70 92 80 72 13 34 21 48 39 24 75 42 53 11 41 15 77 42 37 66 67 59 95 94 39 65 67 12 9 54 10 78 46 90 1 10 75 21 58 13 45 84 54 49 94 47 63 71 88 51 88 54 62 82 99 100 98 66 63 6 71 24 35 68 13 36 30 88 8 39 100 4 22 6 52 15 52 67 37 91 17 24 45 78 58 95 29 55 12 91 13 35 15 47 2 79 82 31 18 42 69 70 45 90 75 97 57 78 63 93 68 31 69 64 9 26 11 89 32 22 80 44 8 46 91 10 76 24 92 94 65 61 15 10 2 89 58 58 18 72 3 85 2 71 49 62 48 11 51 79 84 82 23 92 27 13 1 54 88 44 99 53 4 13 14 58 53 71 67 70 94 69 7 95 91 7 57 38 17 7 69 100 88 91 43 66 55 43 71 94 87 70 46 42 34 11 51 39 81 18 8 74 38 66 21 29 72 77 18 40 35 86 40 74 28 82 91 34 77 61 28 15 82 25 8 68 36 59 6 68 76 65 94 13 31 14 93 2 42 63 42 76 100 33 1 4 95 52 5 75 77 43 35 68 32 40 85 77 5 64 28 44 39 3 36 89 28 96 80 57 73 8 70 15 72 27 18 19 30 74 93 59 17 80 26 100 19 62 76 75 25 55 71 15 57 6 4 85 1 35 93 26 42 15 40 66 93 9 84 22 83 28 32 51 7 58 2 78 71 30 4 96 84 74 62 93 80 17 29 32 52 73 57 45 87 96 10 31 57 45 5 39 25 36 41 31 45 42 60 16 71 64 11 7 37 24 99 68 41 79 100 92 51 8 36 90 56 98 20 12 42 76 2 66 12 42 49 56 35 60 71 58 23 33 64 12 57 14 79 97 44 30 40 46 90 27 35 45 24 7 56 18 82 9 35 93 50 83 1 36 95 71 93 17 56 8 80 12 73 11 60 16 92 51 62 81 77 48 77 1 6 32 18 88 92 4 32 93 39 84 29 33 55 73 1 62 33 81 73 57 43 84 25 34 34 38 67 62 85 43 62 43 27 31 82 18 35 13 11 73 49 39 57 3 63 57 16 95 89 88 4 31 23 28 17 8 65 83 69 49 25 31 43 51 13 24 69 99 37 79 23 37 69 79 39 83 88 54 30 76 93 33 7 67 60 23 74 24 57 42 24 81 24 67 32 89 90 52 87 78 82 62 14 50 40 4 32 79 9 13 55 53 45 13 19 84 87 11 14 82 35 80 66 37 89 51 8 47 54 7 88 45 48 96 38 91 66 61 27 14 9 98 60 12 9 77 3 12 87 68 45 74 48 62 10 36 64 69 82 18 27 22 14 74 17 51 64 83 11 43 48 71 40 59 82 100 36 36 12 74 3 8 47 50 70 8 37 33 29 19 50 55 40 15 81 8 65 96 90 27 38 89 97 29 48 30 29 35 65 92 8 68 51 7 69 20 66 6 5 94 76 6 1 15 21 33 74 37 28 64 64 18 4 60 46 51 90 26 85 6 69 45 25 20 3 94 91 68 99 47 14 74 5 14 40 25 46 13 61 25 28 76 42 32 88 88 34 29 65 71 34 86 67 59 57 69 4 99 88 2 46 1 27 50 66 18 26 63 30 38 88 10 14 29 93 1 68 78 29 33 48 62 70 66 72 26 34 75 24 74 28 21 74 54 70 92 71 47 54 53 85 41 14 98 70 6 98 37 83 78 21 83 39 90 48 63 15 34 37 91 7 65 11 32 70 33 23 41 31 77 45 15 17 58 64 38 15 61 75 49 38 47 31 29 37 79 91 3 64 79 45 70 43 8 1 13 92 76 5 22 52 1 37 20 58 100 10 24 13 84 72 2 30 3 82 18 33 72 73 96 3 17 17 45 24 69 9 15 44 65 37 47 65 25 19 74 76 36 87
0 19 28
0 32 16
0 46 41
0 47 13
0 53 44
0 68 3
0 80 40
0 121 8
0 153 35
0 188 17
0 204 18
0 215 2
0 239 2
0 267 26
0 287 7
0 292 19
1 21 3
1 34 21
1 67 12
1 71 17
1 72 3
1 103 25
1 115 10
1 150 5
1 152 18
1 167 22
1 185 48
1 227 45
1 235 23
1 271 32
2 30 45
2 33 50
2 78 47
2 86 37
2 95 15
2 103 41
2 117 40
2 161 6
2 169 50
2 182 24
2 186 22
2 188 19
2 194 27
2 238 23
2 264 44
2 272 33
2 280 44
2 299 48
3 6 5
3 8 5
3 22 15
3 47 8
3 64 32
3 77 26
3 118 14
3 127 49
3 145 49
3 213 13
3 227 44
3 241 21
3 258 44
3 272 40
3 284 23
4 6 42
4 33 27
4 57 37
4 62 34
4 69 16
4 72 42
4 79 36
4 90 41
4 93 14
4 106 4
4 118 17
4 137 38
4 159 50
4 163 49
4 175 31
4 199 47
4 215 5
4 245 38
4 255 13
5 6 14
5 15 19
5 27 40
5 77 27
5 110 19
5 135 40
5 137 39
5 180 14
5 198 11
5 230 34
5 241 4
5 269 35
6 35 26
6 88 32
6 107 23
6 118 11
6 126 47
6 143 16
6 157 46
6 205 37
6 214 31
6 227 50
6 271 5
6 288 19
7 16 49
7 69 5
7 77 1
7 92 45
7 105 9
7 112 38
7 124 10
7 129 23
7 156 8
7 173 49
7 233 1
7 254 29
7 257 39
7 299 42
8 12 42
8 46 1
8 57 25
8 116 47
8 121 35
8 188 2
8 189 28
8 208 9
8 251 13
8 259 26
8 268 24
8 292 8
9 47 14
9 51 5
9 106 7
9 108 18
9 163 23
9 164 7
9 181 22
9 202 25
9 204 4
9 224 33
9 228 13
9 259 13
9 267 7
9 277 22
9 283 11
9 289 7
10 14 50
10 29 1
10 36 48
10 70 42
10 75 1
10 94 25
10 114 40
10 117 37
10 189 28
10 210 18
10 211 45
10 216 40
10 219 45
10 230 21
10 236 50
10 286 9
10 292 25
11 17 6
11 84 26
11 131 49
11 150 15
11 155 50
11 157 23
11 165 18
11 167 32
11 185 35
11 191 30
11 229 38
11 251 9
11 267 42
11 280 46
12 72 8
12 94 43
12 111 46
12 118 49
12 129 45
12 132 22
12 149 41
12 156 32
12 160 49
12 225 8
12 252 28
13 29 39
13 84 2
13 89 48
13 95 38
13 110 12
13 171 24
13 174 45
13 187 40
13 191 22
13 196 11
13 209 39
13 211 45
13 213 28
13 234 22
13 253 31
13 265 7
13 267 11
13 278 39
13 290 49
14 15 6
14 159 49
14 189 43
14 191 3
14 200 49
14 202 37
14 228 24
14 231 39
14 240 20
14 246 23
14 290 46
15 45 50
15 71 13
15 73 50
15 76 49
15 119 2
15 147 13
15 153 23
15 160 48
15 209 2
15 232 46
15 236 9
15 250 42
15 261 40
15 265 36
16 39 15
16 56 23
16 60 45
16 65 25
16 67 13
16 88 43
16 96 33
16 115 11
16 132 37
16 196 35
16 241 10
16 273 25
17 26 9
17 56 50
17 129 45
17 138 31
17 166 48
17 182 46
17 192 43
17 227 47
17 241 44
17 242 46
17 252 9
17 268 18
18 22 43
18 36 13
18 56 14
18 60 1
18 68 4
18 73 5
18 78 37
18 99 21
18 113 29
18 207 31
18 210 45
18 217 42
18 223 25
18 233 27
18 281 4
18 298 11
19 22 14
19 24 15
19 31 37
19 78 22
19 79 15
19 83 31
19 84 4
19 95 12
19 129 26
19 141 48
19 155 10
19 173 22
19 183 43
19 218 20
19 220 39
19 253 35
20 40 32
20 47 4
20 63 36
20 65 38
20 91 9
20 97 24
20 119 8
20 133 37
20 139 6
20 145 4
20 179 30
20 206 30
20 237 33
20 247 34
20 270 42
21 68 46
21 77 50
21 108 28
21 112 19
21 140 16
21 158 11
21 166 24
21 179 27
21 181 38
21 186 21
21 191 38
21 209 9
21 257 15
22 38 8
22 75 50
22 79 1
22 114 41
22 138 5
22 149 38
22 251 30
22 287 13
23 39 11
23 55 39
23 120 2
23 133 16
23 202 43
23 214 33
23 230 47
23 233 27
23 265 18
23 282 38
23 295 22
24 63 18
24 73 18
24 84 42
24 172 33
24 183 30
24 190 15
24 195 12
24 206 17
24 209 37
24 211 49
24 227 28
24 233 1
24 254 8
24 271 29
24 276 3
25 64 49
25 98 33
25 175 41
25 210 28
25 211 48
25 217 3
25 258 19
25 268 1
26 72 19
26 95 11
26 99 33
26 101 17
26 107 37
26 112 1
26 152 7
26 167 10
26 171 18
26 191 24
26 234 3
26 242 2
26 246 3
26 270 17
27 35 13
27 55 21
27 74 5
27 88 14
27 118 48
27 163 5
27 200 21
27 206 26
27 217 9
27 231 19
27 266 11
27 289 49
28 50 49
28 114 8
28 121 2
28 171 17
28 178 8
28 206 22
28 221 29
28 252 42
28 279 38
28 283 17
29 34 42
29 38 46
29 47 26
29 53 11
29 62 19
29 69 30
29 82 13
29 140 23
29 146 46
29 162 27
29 197 44
29 234 50
29 248 40
29 257 43
29 263 6
29 271 11
29 288 21
29 291 14
30 37 31
30 52 31
30 106 15
30 115 31
30 143 40
30 152 18
30 162 47
30 198 49
30 216 39
30 221 25
30 253 40
30 260 28
30 280 41
30 286 32
31 57 24
31 70 18
31 84 44
31 90 44
31 112 47
31 232 6
31 239 19
31 266 44
31 267 35
31 275 14
31 290 45
32 44 26
32 65 6
32 117 50
32 121 36
32 144 28
32 156 16
32 158 19
32 199 10
32 202 30
32 206 49
32 211 49
32 227 47
32 234 48
32 236 47
32 288 37
32 289 22
33 56 39
33 61 16
33 66 15
33 126 20
33 134 39
33 145 34
33 162 13
33 185 35
33 234 33
33 255 21
33 260 3
33 288 28
34 35 7
34 42 16
34 52 23
34 58 32
34 110 23
34 113 24
34 122 20
34 123 1
34 139 39
34 152 38
34 167 12
34 198 20
34 201 38
34 226 11
34 263 18
35 43 35
35 137 9
35 138 6
35 154 9
35 185 47
35 208 22
35 240 25
35 259 18
36 62 12
36 66 8
36 98 33
36 106 46
36 290 42
36 293 5
37 78 50
37 128 20
37 192 11
37 203 17
37 205 42
37 212 42
37 247 40
37 251 17
37 253 11
37 259 42
37 262 8
38 80 50
38 82 3
38 85 29
38 141 38
38 297 15
39 54 47
39 55 22
39 85 24
39 158 4
39 188 32
39 220 22
39 226 25
39 227 6
39 287 40
39 289 39
40 139 14
40 151 24
40 158 34
40 191 7
40 205 28
40 209 36
40 217 26
40 230 38
40 280 2
40 290 19
41 52 31
41 71 41
41 88 38
41 109 42
41 124 34
41 156 45
41 164 41
41 181 39
41 195 23
41 209 30
41 212 3
41 220 21
41 255 2
41 264 28
42 56 25
42 61 35
42 62 50
42 85 1
42 96 41
42 103 41
42 115 39
42 154 6
42 173 16
42 183 25
42 229 12
42 246 43
42 249 10
42 250 40
42 262 32
42 292 11
43 72 10
43 131 12
43 138 4
43 149 47
43 154 5
43 157 39
43 172 41
43 231 46
43 234 27
43 237 16
43 238 25
43 246 30
43 269 36
43 272 28
44 68 7
44 77 12
44 156 15
44 179 8
44 192 15
44 212 5
44 238 50
44 265 3
44 273 10
44 294 15
45 70 29
45 83 23
45 99 7
45 106 38
45 117 12
45 124 38
45 147 1
45 151 22
45 174 2
45 186 4
45 191 18
45 197 6
45 209 42
45 214 11
45 242 3
45 266 21
45 295 28
46 64 30
46 156 50
46 180 13
46 194 9
46 195 8
46 233 27
46 254 23
46 255 16
46 260 41
46 289 27
46 290 15
46 293 45
47 82 36
47 93 32
47 126 24
47 173 11
47 199 38
47 216 13
47 224 22
47 225 28
47 239 13
47 262 45
47 269 29
48 63 18
48 70 15
48 85 36
48 88 10
48 91 25
48 103 39
48 112 30
48 136 2
48 155 18
48 158 31
48 181 16
48 189 26
48 249 40
48 254 44
48 258 49
48 262 5
48 264 34
48 283 27
48 292 22
49 71 31
49 95 13
49 105 3
49 140 4
49 153 23
49 172 42
49 180 16
49 203 46
49 214 21
49 233 29
49 237 41
49 246 49
49 255 48
49 273 5
50 70 37
50 73 9
50 83 31
50 89 25
50 95 40
50 115 34
50 139 44
50 168 20
50 182 49
50 226 19
51 72 10
51 119 43
51 144 19
51 165 16
51 179 28
51 191 46
51 198 39
51 232 8
51 253 10
51 276 43
51 283 13
52 54 34
52 62 35
52 103 29
52 128 29
52 138 5
52 184 9
52 210 21
52 217 6
52 228 6
52 234 27
52 250 44
52 258 15
52 265 7
52 282 18
52 288 4
52 291 40
53 59 13
53 101 26
53 123 41
53 134 31
53 142 37
53 149 33
53 157 2
53 160 2
53 163 12
53 191 47
53 203 43
53 207 22
53 259 8
53 277 35
53 294 34
54 106 41
54 112 21
54 122 14
54 129 21
54 139 28
54 140 22
54 141 44
54 163 33
54 191 30
54 262 20
54 284 26
55 56 46
55 59 27
55 61 45
55 82 1
55 85 18
55 93 7
55 160 28
55 193 8
55 197 39
55 214 14
55 257 42
55 278 42
55 285 18
55 295 4
56 74 38
56 77 10
56 79 25
56 91 47
56 96 46
56 109 8
56 120 39
56 145 17
56 203 22
56 209 10
56 217 44
56 241 45
56 249 5
56 284 28
56 285 26
56 287 24
56 292 3
57 65 21
57 68 2
57 80 49
57 98 22
57 114 20
57 119 7
57 124 1
57 133 27
57 140 45
57 176 15
57 209 19
57 242 37
57 267 32
57 270 22
58 60 26
58 65 43
58 82 48
58 87 25
58 109 38
58 127 7
58 155 13
58 162 4
58 189 28
58 191 24
58 192 49
58 196 25
58 226 28
58 232 26
58 265 50
58 274 2
58 277 30
58 288 23
59 85 5
59 89 28
59 147 46
59 183 24
59 213 34
59 223 46
59 264 1
59 279 31
59 282 10
60 72 21
60 108 19
60 142 43
60 173 44
60 197 46
60 206 35
60 217 41
60 224 20
60 232 23
60 266 47
60 282 33
60 285 28
60 295 27
61 87 6
61 92 29
61 130 3
61 174 36
61 178 4
61 179 2
61 180 39
61 184 34
61 186 24
61 213 43
61 224 13
61 244 19
61 282 17
61 291 49
62 74 15
62 77 19
62 90 31
62 102 26
62 116 41
62 174 49
62 192 19
62 201 34
62 217 44
62 223 5
62 227 26
62 263 16
63 79 29
63 81 22
63 112 48
63 147 7
63 170 50
63 188 5
63 242 35
63 244 2
63 257 40
63 258 40
63 262 6
63 277 30
64 128 23
64 153 29
64 223 23
64 224 38
64 251 50
64 257 41
64 259 36
64 291 16
64 295 11
64 297 16
65 66 43
65 70 1
65 73 16
65 152 11
65 249 36
66 96 11
66 126 16
66 161 11
66 163 26
66 179 44
66 181 32
66 188 25
66 189 2
66 246 34
66 278 32
67 82 38
67 164 37
67 169 23
67 185 28
67 210 42
67 226 3
67 227 2
67 242 23
67 259 25
67 277 41
67 285 24
67 286 17
67 292 26
67 296 39
68 69 27
68 109 43
68 135 31
68 166 29
68 202 10
68 234 44
68 240 14
68 253 23
68 290 11
69 147 24
69 160 48
69 239 4
69 258 7
69 271 25
69 286 8
69 295 42
69 299 6
70 85 47
70 107 29
70 116 30
70 118 24
70 123 20
70 128 32
70 144 28
70 149 44
70 172 8
70 189 18
70 210 17
70 214 24
70 223 46
70 224 7
70 237 2
70 239 40
70 245 40
70 248 32
70 261 2
70 263 33
70 277 45
70 293 24
71 90 43
71 93 20
71 124 23
71 132 48
71 137 29
71 153 47
71 186 7
71 188 22
71 193 4
71 196 4
71 201 50
71 230 34
71 234 29
71 243 22
71 258 17
71 262 8
71 267 15
71 294 25
71 297 28
72 119 34
72 127 50
72 161 23
72 183 40
72 234 4
72 258 14
72 273 29
72 288 35
72 293 15
72 296 13
73 100 32
73 133 40
73 141 7
73 165 3
73 173 13
73 206 5
73 213 31
73 255 11
73 281 13
74 79 3
74 83 15
74 136 16
74 150 4
74 159 50
74 184 47
74 208 25
74 281 18
75 80 4
75 115 42
75 116 42
75 144 31
75 187 25
75 191 44
75 210 5
75 227 16
75 239 47
75 264 21
75 270 47
75 283 33
75 285 35
76 84 9
76 107 14
76 130 25
76 132 16
76 134 17
76 155 39
76 172 22
76 194 49
76 209 49
76 251 34
76 264 3
76 265 13
77 97 2
77 99 7
77 122 14
77 137 48
77 179 33
77 195 32
77 286 1
77 288 26
78 84 25
78 101 34
78 125 2
78 140 20
78 151 38
78 154 18
78 161 16
78 181 8
78 196 16
78 212 1
78 241 45
78 247 24
78 259 14
78 263 21
78 286 41
78 297 32
79 93 9
79 104 12
79 113 33
79 176 7
79 224 48
79 281 35
79 283 22
80 81 49
80 132 43
80 133 37
80 137 46
80 167 26
80 200 18
80 208 48
80 255 3
80 282 45
81 83 31
81 85 5
81 90 14
81 100 21
81 111 24
81 129 32
81 145 30
81 168 39
81 178 32
81 190 26
81 208 14
81 222 47
81 224 46
81 264 5
81 265 31
81 292 6
82 119 18
82 141 13
82 147 13
82 153 15
82 157 47
82 172 36
82 182 13
82 194 40
82 197 22
82 208 10
82 214 17
82 216 42
82 219 8
82 222 19
82 229 38
82 236 38
82 242 25
82 246 1
82 247 10
82 276 48
83 93 34
83 153 40
83 197 36
83 198 15
83 220 15
83 226 50
83 227 14
83 250 13
83 256 6
83 286 44
84 121 18
84 141 23
84 156 6
84 169 32
84 171 38
84 223 4
84 228 19
84 237 50
84 250 45
84 256 43
84 257 10
84 277 11
84 286 34
85 90 19
85 172 32
85 192 21
85 215 8
85 238 6
85 249 23
85 269 18
85 277 6
85 290 7
86 165 9
86 170 41
86 185 23
86 188 25
86 198 42
86 214 36
86 267 39
87 106 47
87 107 31
87 153 9
87 190 20
87 225 38
87 229 40
88 117 9
88 161 42
88 164 11
88 173 10
88 183 36
88 194 3
88 258 21
88 278 49
89 117 38
89 136 39
89 162 32
89 192 8
89 278 47
89 280 39
90 105 32
90 123 16
90 136 44
90 147 38
90 154 26
90 162 37
90 165 13
90 203 50
90 268 28
90 284 50
91 101 39
91 115 25
91 120 31
91 164 47
91 168 46
91 185 18
91 291 38
91 293 4
92 114 11
92 131 48
92 188 15
92 191 49
92 222 2
92 250 36
92 276 49
92 298 39
93 107 24
93 124 30
93 204 48
93 243 22
93 283 18
93 294 30
94 120 37
94 133 14
94 148 19
94 165 12
94 173 50
94 175 31
94 195 14
94 201 27
94 281 31
94 287 4
95 117 3
95 138 11
95 149 2
95 167 50
95 192 30
95 215 39
95 231 3
95 271 43
96 119 39
96 157 18
96 174 41
96 184 42
96 186 5
96 194 41
96 206 31
96 212 28
96 232 20
97 100 28
97 127 2
97 134 39
97 157 9
97 176 40
97 190 2
97 194 28
97 195 2
97 197 1
97 198 8
97 206 17
97 226 30
97 242 38
97 249 20
97 264 32
97 275 50
98 99 21
98 112 32
98 157 32
98 166 11
98 205 36
98 207 24
98 210 1
99 162 5
99 186 16
99 187 43
99 221 9
99 257 6
99 258 23
99 262 39
99 263 27
100 181 2
100 202 40
100 203 15
100 218 11
100 222 29
100 229 19
100 246 38
100 248 32
100 252 19
100 266 45
100 272 48
101 104 48
101 167 35
101 200 19
101 217 32
101 238 34
101 239 41
101 281 13
101 284 15
101 292 4
101 293 50
101 295 40
101 299 4
102 231 5
102 256 5
102 261 46
102 267 13
102 272 12
102 289 20
103 105 3
103 112 38
103 127 24
103 135 42
103 173 5
103 177 34
103 221 23
103 222 23
103 245 23
103 248 4
103 253 43
103 257 19
103 278 4
104 105 43
104 144 3
104 163 24
104 182 24
104 191 39
104 209 15
104 222 38
104 235 3
104 256 18
104 263 37
104 268 45
104 285 21
104 286 41
105 121 49
105 172 19
105 185 6
105 190 13
105 224 40
105 227 8
105 234 50
105 254 13
106 112 2
106 116 6
106 171 48
106 186 24
106 187 30
106 217 20
106 237 27
106 242 23
106 296 39
107 137 32
107 148 17
107 160 43
107 162 6
107 175 40
107 182 31
107 235 20
107 238 29
107 239 36
107 284 39
107 287 15
107 292 30
108 205 9
108 212 8
108 220 30
108 223 29
108 241 15
108 277 42
108 282 19
108 284 22
109 119 44
109 132 33
109 151 23
109 225 49
109 231 31
109 250 46
109 266 31
109 269 2
109 276 25
109 277 3
110 165 42
110 226 6
110 233 21
110 237 35
110 245 11
110 271 12
110 274 15
110 276 32
110 293 40
111 123 2
111 130 20
111 133 6
111 149 31
111 157 31
111 168 15
111 176 11
111 204 11
111 244 29
111 297 4
112 134 31
112 135 1
112 136 49
112 144 14
112 186 25
112 196 50
112 204 46
112 212 23
112 218 30
112 237 47
113 125 49
113 181 34
113 201 39
113 218 4
113 228 4
113 273 25
113 287 17
113 294 15
114 120 39
114 123 48
114 153 4
114 163 43
114 226 20
114 232 11
114 247 23
114 256 50
114 277 26
114 279 35
114 287 12
115 121 4
115 147 41
115 148 43
115 172 6
115 194 39
115 244 6
115 283 33
116 124 38
116 130 1
116 142 5
116 146 19
116 158 49
116 178 3
116 194 2
116 232 39
116 237 8
116 250 5
116 255 13
117 118 26
117 119 21
117 124 4
117 134 26
117 143 24
117 153 46
117 160 45
117 180 37
117 200 20
117 210 46
117 218 12
117 227 7
117 233 7
118 121 17
118 143 47
118 144 49
118 238 23
118 263 37
118 285 6
118 289 7
119 153 25
119 161 8
119 164 11
119 166 45
119 171 7
119 172 15
119 194 47
119 198 45
119 219 24
119 221 3
119 229 8
119 238 50
119 255 24
119 268 13
119 293 25
120 153 49
120 192 8
120 205 19
120 214 35
120 222 27
120 223 16
120 250 48
120 269 33
120 271 22
120 293 15
121 123 29
121 125 23
121 130 39
121 148 18
121 167 28
121 184 45
121 198 44
121 211 38
121 214 7
121 216 38
121 217 46
121 223 21
121 244 34
121 250 40
121 257 44
121 294 39
122 128 49
122 158 43
122 162 12
122 165 11
122 179 19
122 198 10
122 212 20
122 216 37
122 242 47
122 292 47
123 124 2
123 145 44
123 165 31
123 173 26
123 185 10
123 194 12
123 229 50
123 231 48
123 239 29
123 252 29
123 267 42
123 280 22
124 125 16
124 135 48
124 160 9
124 215 11
124 221 20
124 277 45
124 285 3
125 127 16
125 164 33
125 215 3
125 296 8
126 127 46
126 134 16
126 149 29
126 178 7
126 183 35
126 205 15
126 227 3
126 231 33
126 287 19
126 289 49
127 142 14
127 194 46
127 220 8
127 277 27
128 131 45
128 138 6
128 151 5
128 171 23
128 172 49
128 177 28
128 204 39
128 205 47
128 206 38
128 210 1
128 232 18
128 260 32
128 278 3
129 139 33
129 153 16
129 162 8
129 165 43
129 177 11
129 183 23
129 192 21
129 223 18
129 226 9
129 228 37
129 242 20
129 244 42
129 248 5
129 251 20
129 259 7
130 138 50
130 139 28
130 159 33
130 165 46
130 192 35
130 209 39
130 213 19
130 242 33
130 244 18
130 263 9
130 271 31
130 273 5
130 274 9
131 132 1
131 144 37
131 148 14
131 165 33
131 184 2
131 211 21
131 212 25
131 229 15
131 240 43
131 249 47
131 268 32
131 277 1
132 136 34
132 137 3
132 149 44
132 157 38
132 171 23
132 193 2
132 237 40
132 270 2
132 280 36
133 143 35
133 185 38
133 199 26
133 231 5
133 240 22
134 146 43
134 147 13
134 153 5
134 194 48
134 200 24
134 221 5
134 255 36
134 270 37
135 138 37
135 158 39
135 162 9
135 175 14
135 193 3
135 202 3
135 225 10
135 272 34
135 274 5
135 277 43
135 298 39
136 176 49
136 210 33
136 215 11
136 226 50
136 227 24
136 244 14
136 248 38
136 267 8
137 143 1
137 191 13
137 255 15
137 281 22
138 149 6
138 219 29
138 231 26
138 258 3
138 272 2
138 281 30
138 293 38
139 149 40
139 167 19
139 178 28
139 197 48
139 223 32
139 235 31
139 266 50
140 177 43
140 188 16
140 204 5
140 206 38
140 213 4
140 217 5
140 229 20
140 240 16
140 261 6
140 277 43
140 295 29
141 171 43
141 198 2
141 207 29
141 214 6
141 236 18
141 270 1
141 284 13
142 171 47
142 185 26
142 220 15
142 225 48
142 234 8
142 240 4
142 265 40
142 273 26
143 148 31
143 168 39
143 188 9
143 192 13
143 193 39
143 209 3
143 235 29
143 236 45
143 242 40
143 259 32
143 280 1
143 286 11
144 159 48
144 185 8
144 227 5
144 237 26
144 242 1
144 253 9
144 292 7
145 159 8
145 169 26
145 191 7
145 192 20
145 213 22
145 227 34
145 249 36
145 254 22
145 267 43
145 272 41
145 292 11
145 295 20
145 296 23
145 298 1
146 158 30
146 222 38
146 227 41
146 257 33
147 154 16
147 167 35
147 186 24
147 252 47
147 263 37
147 265 37
147 289 46
148 149 45
148 259 41
149 154 24
149 164 47
149 190 1
149 204 30
149 220 6
149 230 27
149 232 38
149 235 27
149 259 50
149 281 23
150 152 14
150 184 23
150 185 16
150 188 6
150 202 35
150 261 35
150 267 28
150 279 36
150 289 15
151 159 15
151 166 26
151 175 49
151 218 32
151 224 13
151 235 22
151 252 31
151 269 49
152 154 8
152 206 26
152 237 45
152 240 1
152 245 49
152 252 43
152 272 1
153 187 30
153 208 48
153 222 29
153 225 17
153 250 24
153 270 31
154 169 40
154 193 37
154 201 3
154 213 7
154 246 44
154 271 38
154 277 43
154 291 22
155 199 23
155 203 9
155 205 38
155 206 50
155 212 7
155 219 20
155 255 12
155 278 31
155 297 2
156 195 13
156 203 40
156 272 27
156 278 7
157 158 42
157 163 28
157 168 50
157 181 43
157 192 7
157 194 47
157 207 23
157 215 24
157 267 23
157 280 3
157 287 15
158 165 11
158 166 8
158 170 23
158 176 5
158 194 47
158 203 15
159 178 28
159 195 21
159 199 26
159 205 17
159 227 20
159 235 34
159 244 38
160 161 32
160 173 14
160 184 39
160 191 44
160 198 6
160 221 16
160 246 50
160 265 47
161 172 43
161 174 1
161 177 41
161 184 1
161 213 50
161 270 14
162 166 26
162 172 22
162 184 18
162 213 42
162 272 34
163 181 27
163 199 14
163 205 38
163 225 23
163 235 31
163 243 17
163 249 43
163 254 8
164 197 34
164 198 13
164 238 41
164 257 21
164 279 46
165 176 7
165 184 10
165 191 39
165 220 12
165 224 27
165 258 40
165 267 10
166 189 21
166 217 41
166 266 1
167 177 21
167 191 42
167 192 16
167 196 49
167 215 13
167 283 35
167 289 40
167 296 48
168 175 12
168 183 6
168 194 36
168 220 34
168 294 36
169 233 4
169 237 29
169 247 43
169 265 37
170 188 41
170 198 35
170 211 10
170 271 38
170 289 41
170 298 19
171 172 26
171 177 4
171 225 47
171 234 17
171 265 14
172 176 17
172 218 9
172 246 14
172 248 39
172 256 50
172 275 31
172 298 37
173 187 14
173 204 15
173 209 29
173 213 12
173 214 28
173 218 34
173 237 49
173 244 14
173 250 19
173 294 2
174 183 42
174 185 13
174 201 41
174 211 34
174 238 47
174 244 50
174 272 21
174 285 38
175 182 20
175 184 48
175 211 41
175 237 16
175 245 14
175 253 6
175 255 32
175 287 23
175 293 19
176 186 22
176 197 24
176 211 1
176 213 9
176 222 38
176 238 16
176 263 37
176 264 1
177 185 45
177 224 22
177 232 49
177 285 8
177 291 40
178 182 2
178 204 49
178 228 4
178 245 42
179 185 32
179 189 2
179 231 43
179 234 4
179 253 39
179 269 12
179 289 1
180 208 32
180 210 27
180 258 17
180 278 39
180 280 10
180 285 41
180 298 8
181 184 32
181 198 14
181 221 10
181 227 42
182 195 3
182 221 27
182 244 30
182 256 3
182 286 22
182 287 1
183 242 3
183 246 29
183 268 42
184 217 7
184 219 28
184 228 47
184 252 50
184 276 11
184 289 48
185 189 43
185 234 17
185 235 39
185 237 4
185 238 17
185 250 20
185 253 31
185 254 35
185 255 8
185 285 40
185 297 25
186 211 17
186 214 23
186 275 39
187 206 29
187 213 14
187 245 41
187 257 5
187 258 45
187 259 46
187 263 26
187 279 45
187 296 50
188 197 5
188 214 38
188 234 6
188 243 34
188 258 34
188 263 6
188 277 46
188 285 32
189 205 48
189 210 12
189 211 20
189 266 3
189 282 31
189 290 41
189 296 33
190 232 15
190 250 50
190 266 25
190 285 42
191 235 19
191 248 47
191 293 30
191 297 47
192 200 13
192 225 22
192 234 1
192 266 9
193 195 19
193 201 29
193 206 6
193 245 19
193 251 33
193 264 43
193 280 24
194 203 18
194 213 29
194 238 31
194 241 15
194 254 10
194 288 30
195 214 27
195 261 31
195 279 33
195 298 9
196 205 23
196 236 17
196 249 25
196 260 24
196 295 41
196 296 16
197 233 42
197 244 40
197 256 47
197 272 40
197 296 4
198 208 19
198 218 43
198 225 12
198 235 37
198 249 21
199 206 17
199 211 7
199 214 5
199 221 12
200 209 33
200 212 24
200 227 40
200 257 13
200 296 38
201 213 1
201 228 45
201 230 16
201 246 33
201 257 27
201 261 26
201 275 5
201 298 45
202 220 1
202 249 28
202 260 36
202 282 18
202 289 22
203 218 27
203 234 17
203 261 11
203 297 30
204 247 37
205 215 5
205 229 41
205 253 23
205 268 25
205 279 10
205 295 32
206 221 31
206 224 21
206 230 14
206 238 4
206 242 10
207 246 26
207 250 44
207 265 12
207 269 22
207 271 9
209 237 44
209 269 48
210 226 35
210 250 48
210 265 45
210 273 37
211 213 27
211 231 30
211 240 6
211 255 48
211 284 8
211 294 22
211 298 11
212 215 37
212 239 8
212 245 15
212 247 29
212 255 33
212 270 42
212 284 40
213 237 14
213 241 24
213 252 10
213 254 27
213 265 30
213 276 21
213 292 4
214 222 23
214 230 32
214 231 26
214 258 33
214 272 25
215 235 25
215 243 19
215 274 24
215 293 19
216 219 7
216 239 1
216 268 50
216 273 13
216 274 50
216 294 7
218 237 36
218 242 12
218 265 45
218 275 46
218 288 29
218 298 26
220 247 30
220 249 20
220 264 15
221 238 45
221 249 45
221 257 25
221 263 23
221 286 24
222 249 47
222 258 28
222 277 46
222 278 29
222 284 3
222 286 31
222 298 5
223 245 30
223 260 49
223 263 31
223 287 50
224 227 6
224 239 33
224 257 2
225 235 20
225 250 32
225 259 10
225 263 7
225 275 46
225 288 5
225 294 4
225 298 24
226 229 30
226 242 33
226 254 45
226 258 46
226 260 29
226 269 39
226 274 20
226 283 1
227 252 13
227 253 19
227 268 29
227 289 10
228 256 49
228 268 33
228 279 40
228 285 3
229 256 14
230 255 39
231 232 35
231 233 14
231 245 46
231 249 17
231 280 17
231 298 15
232 235 1
232 246 26
233 279 21
234 248 46
234 253 30
234 268 25
235 236 19
235 243 11
235 274 9
235 285 13
236 258 7
236 276 38
237 240 1
237 282 28
237 285 38
238 247 13
238 269 46
238 274 18
239 249 25
239 288 46
239 289 1
240 261 14
240 264 49
240 271 14
241 247 4
241 260 35
241 268 29
242 262 49
242 295 2
243 247 45
243 255 13
243 282 2
243 290 23
243 296 36
244 255 47
247 250 4
247 254 12
247 257 17
247 283 15
248 262 22
248 270 29
248 289 23
248 296 9
251 256 29
251 276 50
251 292 49
252 291 44
252 297 48
253 277 18
253 279 20
254 280 43
254 284 18
254 296 33
255 270 43
256 268 34
256 298 37
257 280 28
258 262 14
258 290 37
259 262 31
259 264 9
259 273 2
259 283 32
259 293 33
260 266 37
260 293 30
262 286 36
262 287 50
263 276 46
263 279 50
263 283 21
263 290 26
264 281 24
264 299 30
265 272 4
265 274 26
266 280 30
268 286 49
268 293 23
269 293 47
270 291 20
271 286 17
271 296 17
274 297 3
275 279 12
275 294 50
278 279 41
280 299 41
281 282 15
283 293 29
284 287 21
285 298 25
285 299 30
288 291 4
289 296 7
293 294 18
294 296 35
300 316 4
300 323 37
300 356 44
300 358 29
300 365 43
300 367 38
300 380 3
300 398 23
300 434 11
300 505 21
300 514 6
300 533 1
300 574 12
300 582 7
301 378 40
301 381 40
301 420 38
301 445 1
301 463 5
301 513 39
301 531 42
301 538 9
301 542 23
301 543 21
301 544 19
301 560 35
301 562 25
301 575 24
301 583 30
302 320 37
302 327 42
302 332 35
302 352 23
302 359 38
302 378 14
302 418 17
302 455 25
302 474 18
302 478 39
302 485 37
302 517 40
302 532 47
302 554 38
302 573 1
302 596 3
303 324 27
303 333 42
303 403 43
303 406 29
303 412 47
303 423 31
303 436 20
303 447 7
303 455 5
303 501 42
303 511 25
303 531 40
303 536 18
303 543 48
304 305 21
304 309 4
304 339 42
304 353 7
304 369 28
304 379 31
304 403 22
304 410 46
304 421 5
304 427 39
304 448 35
304 463 41
304 474 30
304 477 31
304 479 30
304 484 31
304 485 35
304 554 8
304 556 22
304 581 27
304 598 38
305 315 20
305 319 10
305 328 8
305 332 26
305 353 14
305 410 1
305 429 3
305 446 5
305 474 19
305 479 2
305 485 25
305 489 24
305 494 45
305 501 32
305 520 4
305 521 25
305 522 3
305 564 49
305 570 31
305 594 44
306 345 35
306 393 22
306 433 25
306 439 17
306 460 3
306 471 7
306 502 2
306 534 13
306 540 31
306 548 30
306 595 50
306 597 50
307 330 41
307 369 9
307 389 28
307 416 5
307 426 10
307 443 32
307 453 9
307 471 28
307 494 33
307 498 36
307 534 3
307 551 30
307 554 19
307 570 6
308 312 4
308 359 23
308 361 5
308 434 35
308 439 18
308 513 41
308 547 8
308 561 43
308 569 8
308 579 12
308 599 49
309 338 11
309 393 24
309 396 29
309 401 40
309 402 24
309 408 29
309 423 31
309 430 32
309 446 8
309 467 37
309 480 41
309 486 39
309 499 47
309 521 20
309 522 21
309 536 34
310 329 23
310 348 2
310 353 2
310 359 30
310 376 6
310 404 25
310 429 34
310 474 42
310 487 42
310 502 27
310 508 1
310 518 36
310 555 34
310 583 12
310 590 35
310 592 44
311 334 36
311 335 13
311 336 35
311 337 9
311 348 43
311 374 17
311 391 42
311 409 50
311 472 3
311 481 35
311 486 38
311 509 2
311 517 4
311 522 11
311 544 35
311 577 28
312 339 12
312 346 39
312 363 8
312 379 19
312 410 13
312 413 43
312 464 10
312 501 6
312 527 19
312 597 10
313 381 42
313 388 2
313 400 22
313 417 28
313 425 47
313 436 9
313 478 40
313 505 32
313 531 19
313 566 35
313 574 48
313 589 10
313 595 34
314 341 3
314 346 44
314 405 24
314 465 4
314 467 50
314 483 36
314 493 40
314 510 27
314 524 47
314 535 28
314 548 36
314 559 18
314 567 40
314 571 29
314 577 27
314 584 48
314 594 49
315 348 39
315 356 41
315 378 1
315 396 12
315 419 18
315 445 49
315 447 20
315 457 7
315 463 30
315 510 40
315 522 43
315 534 30
315 535 49
315 543 29
315 556 32
315 566 45
315 574 2
315 598 35
316 329 46
316 339 39
316 361 24
316 380 24
316 415 37
316 423 2
316 440 10
316 459 4
316 508 43
316 514 40
316 538 33
316 584 42
316 595 38
317 321 21
317 343 32
317 352 40
317 370 34
317 386 49
317 390 41
317 406 5
317 411 8
317 471 20
317 482 44
317 491 50
317 502 49
317 505 44
317 524 28
317 541 30
317 546 40
317 588 31
318 332 16
318 390 35
318 447 19
318 464 42
318 478 9
318 479 8
318 484 45
318 543 20
318 548 11
318 585 39
318 590 11
318 593 43
319 420 31
319 435 50
319 452 15
319 456 12
319 471 40
319 492 48
319 512 11
319 539 30
319 549 2
319 567 18
319 585 1
319 599 45
320 323 19
320 330 2
320 361 41
320 378 47
320 390 33
320 438 30
320 442 29
320 448 49
320 449 15
320 469 50
320 521 42
320 565 25
320 587 7
321 345 36
321 374 46
321 390 17
321 478 24
321 500 6
321 510 12
321 525 4
321 527 5
321 539 26
321 547 18
321 574 46
321 592 24
321 598 28
322 361 27
322 383 27
322 414 47
322 418 28
322 430 24
322 455 15
322 461 31
322 469 14
322 505 13
322 545 13
323 343 45
323 347 42
323 371 11
323 377 11
323 386 43
323 425 4
323 448 35
323 456 49
323 474 39
323 480 32
323 491 17
323 502 15
323 509 37
323 514 28
323 520 20
323 548 44
323 554 4
323 578 37
323 593 39
324 365 29
324 366 16
324 377 16
324 396 7
324 401 14
324 425 45
324 432 32
324 433 29
324 443 25
324 463 45
324 484 43
324 506 37
324 516 42
324 539 36
324 551 50
324 576 2
324 579 28
324 588 5
324 598 37
325 327 26
325 360 46
325 364 18
325 376 43
325 379 10
325 382 7
325 391 22
325 404 31
325 406 50
325 411 27
325 412 20
325 486 40
325 503 7
325 515 37
325 555 7
325 564 14
325 586 1
325 588 3
326 347 45
326 370 31
326 383 27
326 396 42
326 413 23
326 422 16
326 446 33
326 527 9
326 541 17
326 552 34
326 576 36
327 328 23
327 338 22
327 374 14
327 376 18
327 415 42
327 420 8
327 457 29
327 498 48
327 575 29
328 333 10
328 357 49
328 409 6
328 501 31
328 523 38
328 524 12
328 528 17
328 535 45
328 551 27
328 592 17
329 385 47
329 408 22
329 417 47
329 425 26
329 452 15
329 478 22
329 493 43
329 498 47
329 501 32
329 525 11
329 533 32
329 536 17
329 567 33
329 580 4
330 332 32
330 378 1
330 397 45
330 413 39
330 416 29
330 420 42
330 425 20
330 433 40
330 470 40
330 505 27
330 506 20
330 554 29
330 574 40
330 599 37
331 344 23
331 363 17
331 444 5
331 462 22
331 499 40
331 518 4
331 519 47
331 537 4
331 558 25
331 594 39
332 334 50
332 346 6
332 369 49
332 381 33
332 386 24
332 430 31
332 441 36
332 499 8
332 508 33
332 543 30
332 555 46
333 375 14
333 402 23
333 420 17
333 431 3
333 436 14
333 453 43
333 454 23
333 455 43
333 474 33
333 478 11
333 499 17
333 501 1
333 532 15
333 556 38
333 564 40
333 565 20
333 575 34
334 339 43
334 350 44
334 387 24
334 391 44
334 405 1
334 426 24
334 434 26
334 454 27
334 459 7
334 476 14
334 481 34
334 495 39
334 512 43
334 521 31
334 555 2
334 567 18
334 569 48
335 345 5
335 360 33
335 404 42
335 431 29
335 434 25
335 440 26
335 460 41
335 518 42
335 523 26
335 535 7
335 541 31
335 544 17
335 562 27
335 567 15
335 573 9
335 585 22
335 598 40
336 360 4
336 371 25
336 411 14
336 449 32
336 489 1
336 513 20
336 517 45
336 531 34
336 544 10
336 545 39
336 550 14
336 552 12
337 372 8
337 412 13
337 416 18
337 481 41
337 482 5
337 568 48
337 576 17
337 588 30
337 594 38
338 344 8
338 350 8
338 370 46
338 387 41
338 420 24
338 428 22
338 435 7
338 436 35
338 472 46
338 481 46
338 489 40
338 520 20
338 524 9
338 534 21
338 564 20
338 577 30
338 583 17
338 598 3
339 410 40
339 447 8
339 467 18
339 478 3
339 503 17
339 531 31
339 554 22
339 575 7
340 388 37
340 409 21
340 420 24
340 430 18
340 435 10
340 458 33
340 488 25
340 550 5
340 578 23
340 584 49
341 343 29
341 381 29
341 426 35
341 436 24
341 443 25
341 456 24
341 473 45
341 474 35
341 477 47
341 491 14
341 512 17
341 513 15
341 516 18
341 524 8
341 533 24
341 562 37
341 570 12
341 596 41
342 353 19
342 374 35
342 375 47
342 383 5
342 386 5
342 420 22
342 451 23
342 460 14
342 529 5
342 580 49
343 375 20
343 381 29
343 402 49
343 437 48
343 449 8
343 513 33
343 526 23
343 528 34
343 543 7
343 544 19
344 361 20
344 390 5
344 410 34
344 433 38
344 519 19
344 526 1
344 528 45
344 529 43
344 551 40
344 571 8
344 585 33
344 596 8
345 359 42
345 398 31
345 414 13
345 432 48
345 454 3
345 455 37
345 459 11
345 536 9
345 549 37
345 564 33
345 577 37
346 365 36
346 374 32
346 382 46
346 401 18
346 422 7
346 427 29
346 459 26
346 462 25
346 463 1
346 495 30
346 498 9
346 516 38
346 523 1
346 589 11
346 596 35
347 367 45
347 384 50
347 406 44
347 414 29
347 429 8
347 433 36
347 452 9
347 459 22
347 494 33
347 510 13
347 513 10
347 560 46
347 574 21
347 578 46
347 596 28
348 371 8
348 388 31
348 414 11
348 458 3
348 490 1
348 514 17
348 529 34
348 538 26
348 564 42
348 570 34
349 359 8
349 367 50
349 397 23
349 483 10
349 486 12
349 491 9
349 495 4
349 564 12
349 587 3
350 362 32
350 384 21
350 405 40
350 415 42
350 421 42
350 425 24
350 446 5
350 457 3
350 460 19
350 509 25
350 526 48
350 529 48
350 548 32
350 554 31
350 557 9
350 599 37
351 387 31
351 389 25
351 432 20
351 438 8
351 440 18
351 486 5
351 493 17
351 527 19
351 530 29
351 552 26
351 565 31
351 595 38
352 386 31
352 440 44
352 446 42
352 478 12
352 503 14
352 558 31
352 569 4
353 375 7
353 382 4
353 396 10
353 459 9
353 463 25
353 470 34
353 479 8
353 491 22
353 493 18
353 500 38
353 528 32
353 537 4
353 570 18
354 358 9
354 374 25
354 395 28
354 399 28
354 429 31
354 444 44
354 468 47
354 517 9
354 518 20
354 527 29
354 567 46
354 571 50
354 582 22
355 378 39
355 395 14
355 458 37
355 463 19
355 508 19
355 569 43
355 572 25
356 379 28
356 398 1
356 437 49
356 447 11
356 448 10
356 464 22
356 492 30
356 497 48
356 503 4
356 553 33
356 567 17
357 374 12
357 387 9
357 434 44
357 488 41
357 567 39
358 365 38
358 413 37
358 447 48
358 464 9
358 474 17
358 507 45
358 509 8
358 523 38
358 525 36
358 533 23
358 554 24
358 590 4
359 360 41
359 361 18
359 373 28
359 407 20
359 414 20
359 428 28
359 440 33
359 469 30
359 494 50
359 496 12
359 505 27
359 508 3
359 545 47
359 549 45
359 557 16
359 587 5
360 415 39
360 422 6
360 425 46
360 465 28
360 476 45
360 492 43
360 498 36
360 524 11
360 525 39
360 530 45
360 551 1
360 585 24
360 599 18
361 380 24
361 414 30
361 434 10
361 437 44
361 443 9
361 459 30
361 463 13
361 518 37
361 519 12
361 529 42
361 532 36
361 597 23
362 389 20
362 417 38
362 420 19
362 443 15
362 451 5
362 478 26
362 486 5
362 495 12
362 562 21
363 394 34
363 401 6
363 404 15
363 422 19
363 430 17
363 433 5
363 435 13
363 455 17
363 458 29
363 479 32
363 481 42
363 537 10
363 550 42
363 562 35
363 584 18
363 585 23
364 365 50
364 369 4
364 428 34
364 444 41
364 451 39
364 457 8
364 466 13
364 498 28
364 538 29
364 540 29
364 541 34
364 579 4
365 450 33
365 452 46
365 473 26
365 501 16
365 524 1
365 553 40
365 557 36
365 571 19
365 587 44
366 376 50
366 401 37
366 402 24
366 408 34
366 410 31
366 414 33
366 459 27
366 461 15
366 466 3
366 499 49
366 504 14
366 527 6
366 582 34
366 594 7
367 382 47
367 397 43
367 463 19
367 502 26
367 530 21
367 573 49
367 582 12
368 376 24
368 410 31
368 416 7
368 423 1
368 429 48
368 460 9
368 470 40
368 494 35
368 561 28
369 396 34
369 399 36
369 400 16
369 411 7
369 452 19
369 482 46
369 500 42
369 558 45
369 559 13
369 561 44
369 583 45
370 377 28
370 379 1
370 402 28
370 454 36
370 486 49
370 495 21
370 526 4
370 547 25
370 561 41
370 574 4
370 577 36
370 593 17
371 415 34
371 418 44
371 460 17
371 488 33
371 506 2
371 519 9
371 564 19
371 575 31
371 590 42
371 597 5
372 375 47
372 392 50
372 424 23
372 437 44
372 452 43
372 482 18
372 504 8
372 506 36
372 529 14
372 532 36
372 542 37
372 552 42
372 558 21
372 571 35
372 574 12
372 592 27
373 377 11
373 392 4
373 399 30
373 441 48
373 444 22
373 451 16
373 453 41
373 470 41
373 474 50
373 499 45
373 508 49
373 509 19
373 510 25
373 512 42
373 570 25
374 387 23
374 394 43
374 398 47
374 409 17
374 413 36
374 421 16
374 450 26
374 458 21
374 462 30
374 493 11
374 497 9
374 524 23
374 540 34
374 557 46
374 562 36
374 577 10
374 598 8
375 391 41
375 416 41
375 425 6
375 440 13
375 441 8
375 518 48
375 543 5
375 586 8
375 592 42
376 393 3
376 399 28
376 405 17
376 460 46
376 493 2
376 507 41
376 595 38
376 599 50
377 415 9
377 464 23
377 471 18
377 485 35
377 490 46
377 496 47
377 557 45
377 593 4
377 596 21
378 448 28
378 450 1
378 452 6
378 484 39
378 498 9
378 500 46
378 532 30
378 546 14
378 563 10
379 382 37
379 401 11
379 438 14
379 451 46
379 486 3
379 532 18
379 557 23
379 566 21
380 386 13
380 387 26
380 397 11
380 408 1
380 420 26
380 426 20
380 501 25
380 539 43
380 542 6
380 553 20
381 406 41
381 410 50
381 424 26
381 449 11
381 468 30
381 476 26
381 503 16
381 513 18
381 535 34
381 544 13
381 550 49
381 568 49
381 586 23
381 592 38
382 411 12
382 432 36
382 440 35
382 478 16
382 489 4
382 499 10
382 548 36
382 559 18
382 588 35
382 595 48
382 599 20
383 469 12
383 474 19
383 476 45
383 477 6
383 487 24
383 492 14
383 494 46
383 499 26
383 535 41
383 552 8
383 565 5
383 589 17
383 593 25
384 410 24
384 412 2
384 484 38
384 485 25
384 519 1
384 537 10
384 540 14
384 557 14
384 579 47
384 585 48
385 391 29
385 399 2
385 450 9
385 482 16
385 487 20
385 495 44
385 508 15
385 535 41
385 544 7
385 552 34
385 562 35
385 595 13
386 400 9
386 405 1
386 411 10
386 431 34
386 433 41
386 438 20
386 441 38
386 506 9
386 517 44
386 520 14
386 557 11
386 561 33
386 574 38
386 577 13
387 445 44
387 447 3
387 461 26
387 462 41
387 469 50
387 491 6
387 501 44
387 518 9
387 575 23
387 587 15
387 594 4
388 407 37
388 414 6
388 415 10
388 426 22
388 460 42
388 481 24
388 483 31
388 505 42
388 518 36
388 542 14
388 550 35
388 584 5
389 400 4
389 405 43
389 493 48
389 510 17
389 595 5
390 408 31
390 410 6
390 413 19
390 444 24
390 454 8
390 466 46
390 478 16
390 479 9
390 484 1
390 497 10
390 536 19
390 596 23
391 444 26
391 533 22
391 550 12
391 557 31
391 560 34
392 428 33
392 455 23
392 457 9
392 482 13
392 491 16
392 538 44
392 540 27
392 543 2
392 597 48
393 400 32
393 401 45
393 412 46
393 417 48
393 486 1
393 507 28
393 508 5
393 512 20
393 515 3
393 532 14
393 562 15
393 573 19
394 404 22
394 426 18
394 454 30
394 455 41
394 476 42
394 498 5
394 506 14
394 527 3
394 539 36
394 573 49
394 577 36
394 584 10
395 402 8
395 404 50
395 405 27
395 419 3
395 456 28
395 457 29
395 475 1
395 480 9
395 483 25
395 507 48
395 513 8
395 526 25
395 540 25
395 558 12
395 561 46
395 581 27
395 586 25
396 415 11
396 424 47
396 465 49
396 479 30
396 495 26
396 496 41
396 529 21
396 586 31
397 398 6
397 406 26
397 449 18
397 452 5
397 454 11
397 458 29
397 493 14
397 518 12
397 563 5
397 564 16
397 580 40
398 404 33
398 460 16
398 486 48
398 490 7
398 507 15
398 535 6
398 544 34
398 594 39
399 401 19
399 403 29
399 422 18
399 445 46
399 457 41
399 470 14
399 488 44
399 515 22
399 559 42
399 563 36
399 580 43
399 591 22
400 404 41
400 411 20
400 435 41
400 449 47
400 457 32
400 464 19
400 468 10
400 469 43
400 470 23
400 499 28
400 539 32
400 597 8
401 428 43
401 441 30
401 464 16
401 478 10
401 492 37
401 500 49
401 523 48
401 530 5
401 545 30
401 598 17
402 433 50
402 451 22
402 476 33
402 503 45
402 541 44
402 546 24
402 560 30
403 437 38
403 452 47
403 475 21
403 481 7
403 482 37
403 512 19
403 535 38
403 554 5
403 563 29
403 566 30
403 574 29
404 428 6
404 453 12
404 455 36
404 471 50
404 526 43
404 528 2
404 535 9
404 572 29
405 427 2
405 439 9
405 444 35
405 470 33
405 481 27
405 501 35
405 502 5
405 516 9
405 556 31
405 567 50
405 569 32
405 584 11
406 407 37
406 415 28
406 431 33
406 459 45
406 460 16
406 516 1
406 557 32
407 417 20
407 431 31
407 440 13
407 462 1
407 466 38
407 529 26
407 546 38
407 562 40
407 578 18
407 581 41
408 410 50
408 418 48
408 436 43
408 505 10
408 519 35
408 574 25
408 583 37
409 455 19
409 457 31
409 463 45
409 493 1
409 502 30
409 505 29
409 543 13
409 589 18
410 430 8
410 435 45
410 439 12
410 447 24
410 484 48
410 514 43
410 523 45
410 537 30
410 543 8
410 545 45
410 558 20
410 577 33
411 427 33
411 429 9
411 446 3
411 455 23
411 457 10
411 536 2
411 544 17
411 590 20
412 424 36
412 435 44
412 449 6
412 454 6
412 465 24
412 479 2
412 505 7
412 514 6
412 519 32
412 533 19
412 535 23
412 540 40
412 542 16
412 592 35
412 599 13
413 414 15
413 459 29
413 463 7
413 473 44
413 477 36
413 495 4
413 503 15
413 523 21
413 546 36
413 556 23
413 564 23
413 573 10
414 425 35
414 429 26
414 430 29
414 472 4
414 477 12
414 479 22
414 495 11
414 511 17
414 519 47
414 522 14
414 595 25
415 421 2
415 440 46
415 474 46
415 484 25
415 490 37
415 499 11
415 500 11
415 532 1
415 555 27
415 565 39
415 583 7
416 473 22
416 491 27
416 493 12
416 543 37
416 544 47
416 574 47
416 585 11
416 586 19
416 587 9
416 598 45
417 503 44
417 524 37
417 533 50
417 550 7
417 554 8
417 559 10
417 564 26
417 589 6
418 427 26
418 445 2
418 475 8
418 499 23
418 501 47
418 537 34
418 551 9
418 561 9
418 562 46
419 454 9
419 457 35
419 459 34
419 479 17
419 530 7
419 547 12
419 561 29
419 565 45
419 590 8
420 436 25
420 453 5
420 475 28
420 482 35
420 488 2
420 494 22
420 498 21
420 527 1
420 569 30
420 575 30
420 584 13
420 594 5
421 427 38
421 435 38
421 467 7
421 486 47
421 493 10
421 548 5
421 576 30
421 589 20
422 428 14
422 430 27
422 460 28
422 462 50
422 473 12
422 489 44
422 495 8
422 499 24
422 504 22
422 509 2
422 514 31
422 537 49
422 579 9
423 429 9
423 447 35
423 448 12
423 475 32
423 499 8
423 504 12
423 506 11
423 536 37
423 556 26
423 560 18
423 566 26
423 571 15
423 588 26
424 428 22
424 448 26
424 451 30
424 467 3
424 468 45
424 476 45
424 487 29
424 521 24
424 548 45
424 580 41
424 587 18
425 502 2
425 544 14
425 572 41
425 576 6
425 582 46
426 444 41
426 493 14
426 505 4
426 594 26
427 437 25
427 440 37
427 447 35
427 451 38
427 470 50
427 488 23
427 495 16
427 506 17
427 510 49
427 520 30
428 440 44
428 448 20
428 463 6
428 468 25
428 528 23
428 529 2
428 555 20
429 439 1
429 491 26
429 503 16
429 513 43
429 545 45
429 553 17
429 559 6
429 586 35
430 442 22
430 528 2
430 561 28
430 566 37
431 447 7
431 452 5
431 482 13
431 524 44
431 534 39
431 565 1
431 572 43
431 573 11
432 435 16
432 436 11
432 452 9
432 507 47
432 512 6
432 518 31
432 527 4
432 528 30
432 534 3
432 542 6
432 547 1
432 553 5
432 563 31
432 577 16
432 579 48
432 594 27
433 441 33
433 474 3
433 489 11
433 506 6
433 545 6
433 565 40
434 469 43
434 477 15
434 491 44
434 499 5
434 532 10
434 551 34
434 556 7
434 593 2
435 467 47
435 528 24
435 541 14
435 568 7
435 593 23
436 511 19
436 528 37
436 536 26
436 539 50
436 545 39
436 572 31
436 579 1
437 455 44
437 459 13
437 464 16
437 501 41
437 513 39
437 529 50
437 565 45
437 569 2
437 582 6
438 482 3
438 485 43
438 488 50
438 491 17
438 509 39
438 568 6
438 570 28
439 441 22
439 449 15
439 505 29
439 547 18
439 557 38
439 561 44
439 568 25
439 580 10
439 591 14
440 465 13
440 474 38
440 505 13
440 521 2
440 544 20
440 551 13
440 564 47
440 598 35
441 449 29
441 452 39
441 453 23
441 501 30
441 502 35
441 506 26
441 515 35
441 534 37
441 536 19
441 542 36
441 550 5
441 560 7
441 582 44
441 596 32
442 448 30
442 456 8
442 485 12
442 489 50
442 525 47
442 541 7
442 555 24
442 564 9
442 568 20
442 570 38
443 461 46
443 482 33
443 483 39
443 489 15
443 504 47
443 513 37
443 554 49
443 577 27
443 582 25
444 453 24
444 461 7
444 488 12
444 537 1
444 553 43
444 568 50
445 493 19
445 501 29
445 505 7
445 517 27
445 551 22
445 574 38
445 581 7
445 596 31
446 465 2
446 478 6
446 485 27
446 489 10
446 531 31
446 582 35
446 589 30
446 596 18
446 599 30
447 467 14
447 482 9
447 484 47
447 587 10
448 466 47
448 479 45
448 538 37
448 564 24
448 580 20
449 464 45
449 493 35
449 500 21
449 501 37
449 505 34
449 508 39
449 522 15
449 542 40
450 497 18
450 527 38
450 534 30
450 542 26
450 571 18
450 584 33
451 455 33
451 458 45
451 460 42
451 471 15
451 473 29
451 487 23
451 514 34
451 577 11
452 471 36
452 480 42
452 501 7
452 510 48
452 528 41
453 531 3
453 544 36
453 545 14
453 572 23
453 578 30
454 483 48
454 518 43
454 532 16
454 582 31
454 586 33
454 596 33
455 463 23
455 494 50
455 504 22
455 507 2
455 515 27
455 519 42
455 599 36
456 508 9
456 521 38
456 547 27
456 569 23
456 592 18
456 595 50
456 598 7
457 462 28
457 468 37
457 523 50
457 544 36
457 548 36
457 550 40
457 561 39
457 564 21
457 571 3
457 580 11
457 584 2
457 599 2
458 481 3
458 563 20
458 575 35
458 599 37
459 473 4
459 504 7
459 512 39
459 515 27
459 524 10
459 545 15
459 573 18
459 578 45
459 581 24
460 485 5
460 560 23
460 573 48
460 576 23
460 583 24
460 597 4
461 486 2
461 545 11
461 559 6
461 574 38
461 581 48
461 589 45
462 471 26
462 473 21
462 483 50
462 498 38
462 579 22
462 582 1
463 468 42
463 480 43
463 512 37
463 518 28
463 550 46
463 552 43
464 466 16
464 551 23
464 581 2
464 586 33
465 510 42
465 531 48
465 542 8
465 543 49
465 581 21
465 588 5
466 496 21
466 503 44
466 535 11
466 549 24
466 556 6
466 565 16
466 567 11
467 471 4
467 486 12
467 488 38
467 540 24
467 569 13
467 572 25
467 578 47
467 579 16
467 590 16
468 486 40
468 491 2
468 579 46
469 475 37
469 508 47
469 543 13
470 471 11
470 477 50
470 529 45
470 550 5
470 582 48
471 523 2
471 529 3
471 582 20
471 583 7
472 508 25
472 512 13
472 535 19
472 539 48
472 544 21
472 591 36
472 594 11
472 598 24
473 478 47
473 489 48
473 565 49
473 572 12
474 483 25
474 497 47
474 514 27
474 528 42
474 542 36
474 548 30
474 550 37
474 579 25
474 581 26
474 586 50
475 550 37
476 484 26
476 515 46
476 518 41
476 536 23
476 537 48
476 559 43
476 566 42
476 594 6
477 488 19
477 521 6
477 523 24
477 525 17
477 537 26
477 539 9
477 557 29
477 560 1
477 561 7
477 564 26
477 568 49
477 583 18
477 598 2
478 486 46
478 495 46
478 518 44
478 573 33
478 594 26
479 543 30
479 552 9
479 587 3
479 596 31
480 496 46
480 522 28
480 528 27
480 539 38
480 542 2
480 565 26
481 539 33
481 566 45
481 591 31
482 494 1
482 503 3
482 511 6
482 524 19
482 527 28
482 582 16
482 583 47
482 586 29
483 488 22
483 499 23
483 521 29
483 539 42
483 544 26
483 570 26
483 578 39
483 580 19
483 593 11
483 597 14
484 498 1
484 501 19
484 518 19
484 532 33
484 535 16
484 555 46
484 580 11
484 598 4
485 490 50
485 493 36
485 494 36
485 520 46
485 522 18
485 536 38
485 539 48
485 579 25
485 590 7
485 594 26
485 597 40
486 519 3
486 535 6
486 582 14
487 489 27
487 500 36
487 504 5
487 522 3
487 540 12
487 543 43
487 586 23
488 509 24
488 549 9
488 564 23
488 588 42
488 599 27
489 498 6
489 518 8
489 520 24
489 535 16
489 548 13
490 560 23
490 562 4
490 587 48
491 510 21
491 519 23
491 549 37
491 566 18
491 593 48
492 520 43
492 527 45
492 533 37
492 546 48
493 514 2
493 519 50
493 586 26
493 590 38
494 516 6
494 559 28
494 588 1
494 589 1
494 598 3
495 527 24
496 500 9
496 506 25
496 517 17
496 529 37
496 543 32
496 553 24
496 597 12
497 512 50
497 522 36
497 533 37
497 540 3
497 558 35
497 559 7
497 572 25
498 540 22
498 560 24
498 578 22
499 512 16
499 516 19
499 580 11
499 591 13
499 598 20
500 520 12
500 523 39
500 565 9
500 578 18
500 585 18
500 591 11
501 502 20
501 508 20
501 551 36
501 554 28
501 560 47
501 569 3
501 571 16
501 594 28
502 547 28
502 555 27
502 570 29
502 579 16
503 526 13
504 588 31
505 556 2
505 574 19
505 576 8
505 582 25
505 595 43
507 509 31
507 551 41
507 556 13
507 559 41
507 577 5
507 597 34
508 530 5
508 538 45
508 543 43
508 548 22
508 572 13
508 576 5
508 587 43
509 511 34
509 532 41
509 536 20
509 584 32
510 540 45
510 566 37
510 592 10
511 555 22
511 581 13
512 514 40
512 542 39
512 566 26
512 572 21
512 589 41
513 518 46
513 541 30
513 579 15
514 537 38
514 542 10
514 560 7
514 563 2
514 571 3
514 597 12
515 522 36
515 541 7
515 570 6
516 526 30
516 537 30
516 546 20
516 549 34
516 567 22
516 589 6
516 599 26
517 519 43
517 535 37
517 538 20
517 542 29
517 545 48
517 566 44
517 588 41
518 533 38
518 549 32
518 575 18
518 576 10
518 584 22
519 549 14
519 551 39
519 565 39
519 574 3
520 530 48
520 561 45
520 564 5
520 569 2
520 590 8
521 522 40
521 527 8
521 530 16
521 553 19
521 561 37
521 582 35
522 530 4
522 534 8
522 538 42
522 539 30
522 561 2
522 565 29
522 581 49
522 599 30
523 545 26
523 554 42
523 563 21
523 580 15
524 533 26
524 547 40
524 569 24
524 580 49
524 595 3
525 562 12
525 564 37
525 571 6
525 595 12
526 579 34
527 535 10
527 558 13
527 561 41
527 590 1
528 534 23
528 575 6
528 586 19
529 573 9
529 583 43
529 584 24
530 531 19
530 538 34
530 566 3
530 570 20
531 534 12
531 564 2
531 573 2
531 575 40
531 579 45
532 549 24
532 562 6
532 565 20
532 580 13
532 590 30
532 592 21
533 563 18
533 577 43
534 566 7
535 576 23
536 570 6
536 585 40
536 599 34
537 563 21
538 544 33
538 553 36
539 553 43
539 583 38
539 591 4
540 548 3
540 550 32
540 597 29
541 556 21
541 573 16
541 584 32
542 547 43
542 554 29
542 558 35
542 580 46
542 594 20
542 595 29
543 553 19
543 574 26
543 579 1
543 585 31
544 546 5
545 561 21
545 579 50
545 584 49
545 586 29
545 589 22
545 594 5
545 595 21
546 562 7
546 568 25
547 550 3
547 562 42
547 574 17
547 579 42
547 588 47
547 589 19
547 591 26
548 551 26
548 570 42
548 576 41
548 595 9
548 598 36
549 576 21
549 579 43
549 581 31
549 583 43
549 592 23
550 561 49
553 569 18
553 578 25
554 596 31
555 577 24
555 588 47
556 569 31
556 594 24
556 595 26
557 564 4
557 574 28
557 594 48
558 564 13
558 578 4
559 572 50
560 575 6
560 586 22
560 587 43
561 594 3
562 566 43
563 569 18
563 575 30
563 592 34
564 588 10
565 568 38
565 569 21
565 594 33
568 580 30
568 587 1
571 593 25
572 588 4
572 597 1
573 598 44
574 579 29
574 584 33
575 580 17
575 587 25
575 594 15
577 579 40
578 592 2
578 598 19
578 599 20
581 585 49
581 590 33
583 585 25
583 588 50
583 597 38
584 592 47
585 594 43
586 587 42
586 594 39
587 590 12
589 594 23
589 597 24
591 599 24
596 598 10
600 299 28
601 599 16
600 601 44
602 658 28
602 664 47
602 688 40
602 704 13
602 706 19
602 716 42
602 734 44
602 738 23
602 742 25
602 744 14
602 817 7
602 831 47
602 856 36
603 612 4
603 624 49
603 666 2
603 695 20
603 707 45
603 710 28
603 722 40
603 764 6
603 820 44
603 836 36
603 882 20
603 892 32
604 632 34
604 633 35
604 663 6
604 683 2
604 696 8
604 699 32
604 732 31
604 736 7
604 741 23
604 756 43
604 784 27
604 811 14
604 817 39
604 830 1
604 881 39
604 890 2
604 894 7
604 895 37
604 896 37
605 617 10
605 635 37
605 641 40
605 662 31
605 669 33
605 699 19
605 719 22
605 760 38
605 764 13
605 774 7
605 829 8
605 842 44
606 651 41
606 690 44
606 696 2
606 720 44
606 729 3
606 733 35
606 748 27
606 776 9
606 855 7
606 872 21
606 892 35
606 901 23
607 608 9
607 676 35
607 699 13
607 760 10
607 811 43
607 813 1
607 819 48
607 857 2
607 877 39
607 885 40
608 610 34
608 615 21
608 645 8
608 647 8
608 659 11
608 680 20
608 698 14
608 728 20
608 732 16
608 762 6
608 769 13
608 785 17
608 794 2
608 812 15
608 834 1
608 851 28
608 876 24
608 889 7
608 893 48
608 900 10
608 901 29
609 626 7
609 627 45
609 635 43
609 667 18
609 694 37
609 700 43
609 701 16
609 741 41
609 763 31
609 767 7
609 769 26
609 843 2
609 888 14
610 629 33
610 637 12
610 638 36
610 705 49
610 730 33
610 759 1
610 784 4
610 787 45
610 799 19
610 809 7
610 823 9
610 829 21
610 845 34
610 853 34
610 863 27
610 869 32
610 878 44
610 900 8
611 612 40
611 631 40
611 634 50
611 639 7
611 647 28
611 651 45
611 705 24
611 721 20
611 722 25
611 753 30
611 787 48
611 825 26
611 832 46
611 854 30
611 872 39
611 886 31
612 617 30
612 636 21
612 664 33
612 683 36
612 710 17
612 757 3
612 838 42
612 866 26
612 871 23
612 900 26
613 636 11
613 643 1
613 655 9
613 704 6
613 722 10
613 746 50
613 758 47
613 773 12
613 807 8
613 831 25
613 839 6
613 880 32
613 886 46
613 888 30
614 667 13
614 728 43
614 745 8
614 767 10
614 795 25
614 844 48
614 855 40
614 893 4
614 896 19
614 901 24
615 638 41
615 655 37
615 658 26
615 692 33
615 695 14
615 720 50
615 731 8
615 752 25
615 757 1
615 761 18
615 766 30
615 802 10
615 817 17
615 826 29
615 845 21
615 858 24
615 883 5
615 898 26
615 901 7
616 622 50
616 679 8
616 707 22
616 716 45
616 723 15
616 784 31
616 786 21
616 807 12
616 811 21
616 852 26
616 860 32
616 874 46
617 678 17
617 717 19
617 724 24
617 725 49
617 730 32
617 754 23
617 763 8
617 792 8
617 795 23
617 823 25
618 678 40
618 684 35
618 710 43
618 714 18
618 749 7
618 768 18
618 769 22
618 821 35
618 900 25
619 645 23
619 723 42
619 844 46
619 855 17
619 867 8
619 894 26
620 621 37
620 639 19
620 650 48
620 658 13
620 674 3
620 680 46
620 710 29
620 723 21
620 741 19
620 746 29
620 752 4
620 763 43
620 803 36
620 822 12
620 836 18
620 841 12
620 846 1
620 867 2
620 899 6
621 624 20
621 629 10
621 696 23
621 720 41
621 737 44
621 739 49
621 742 13
621 755 35
621 807 46
621 822 30
621 855 42
622 642 22
622 653 18
622 672 13
622 674 21
622 691 32
622 737 17
622 753 18
622 759 12
622 760 39
622 785 38
622 796 40
622 797 42
622 818 31
622 840 27
622 842 5
622 853 48
622 859 38
622 863 5
622 868 1
622 881 45
622 886 24
622 897 10
623 668 18
623 675 16
623 715 4
623 716 16
623 744 29
623 787 40
623 797 12
623 811 10
623 850 34
623 871 35
624 639 29
624 696 48
624 699 7
624 746 11
624 754 14
624 778 25
624 855 22
624 873 2
625 667 12
625 703 12
625 711 45
625 732 44
625 737 40
625 756 50
625 770 43
625 822 28
625 823 6
625 853 43
625 889 22
626 710 32
626 724 5
626 728 41
626 740 47
626 788 8
626 829 9
626 860 27
626 879 49
627 660 22
627 691 36
627 696 32
627 719 8
627 722 17
627 761 31
627 779 14
627 798 27
627 825 44
627 849 40
627 851 50
627 871 47
627 877 4
627 883 13
627 885 42
628 630 49
628 661 3
628 678 41
628 680 42
628 682 32
628 698 48
628 703 34
628 733 5
628 774 29
628 795 38
628 826 46
628 833 26
628 854 47
628 863 6
628 874 2
628 883 48
628 898 27
629 631 40
629 652 29
629 677 36
629 691 8
629 692 10
629 710 49
629 732 36
629 757 5
629 784 41
629 805 35
629 821 2
629 839 46
629 844 50
629 848 45
629 858 44
629 868 2
629 871 37
629 879 35
629 885 35
629 888 34
630 656 21
630 686 39
630 772 13
630 773 10
630 783 36
630 791 40
630 795 9
630 813 41
630 817 43
630 825 6
630 834 19
630 876 34
630 877 36
630 880 4
630 893 41
631 670 47
631 676 5
631 679 26
631 680 2
631 722 47
631 731 13
631 733 5
631 742 42
631 789 12
631 807 49
631 827 37
631 833 15
631 845 35
631 857 22
631 867 49
631 886 20
632 647 44
632 671 39
632 673 32
632 690 3
632 700 25
632 730 21
632 738 13
632 749 17
632 779 14
632 788 18
632 804 38
632 844 47
632 865 4
632 880 41
632 882 40
632 886 2
632 893 47
632 894 15
632 895 3
632 896 43
633 649 29
633 658 9
633 660 36
633 666 40
633 675 9
633 799 23
633 823 6
633 832 45
633 869 46
633 889 6
633 898 15
633 899 39
634 642 45
634 653 46
634 697 43
634 754 21
634 757 19
634 765 6
634 770 37
634 788 32
634 798 25
634 803 24
634 847 30
634 864 28
634 872 17
634 883 21
635 652 30
635 671 15
635 680 38
635 691 34
635 708 8
635 724 16
635 747 45
635 778 45
635 783 8
635 799 3
635 801 17
635 803 13
635 854 50
635 859 12
635 863 19
635 891 14
635 897 2
636 641 15
636 681 11
636 721 45
636 745 35
636 760 29
636 765 2
636 769 21
636 786 12
636 793 26
636 819 47
636 826 44
636 868 6
636 869 15
636 875 14
636 900 37
637 641 29
637 680 1
637 691 22
637 702 38
637 710 17
637 728 16
637 761 35
637 783 26
637 785 21
637 813 1
637 844 38
637 845 20
638 674 15
638 689 8
638 703 35
638 723 18
638 730 22
638 734 45
638 735 14
638 750 6
638 753 24
638 763 15
638 779 29
638 785 35
638 796 43
638 817 27
638 844 28
638 885 50
638 886 41
639 646 44
639 670 36
639 687 21
639 699 44
639 708 7
639 804 11
639 822 12
639 838 25
639 846 45
639 864 37
639 899 47
639 901 47
640 641 27
640 657 18
640 680 13
640 684 34
640 693 2
640 712 31
640 722 8
640 727 46
640 737 46
640 743 13
640 745 21
641 676 13
641 677 43
641 680 8
641 683 5
641 691 19
641 740 35
641 768 4
641 775 11
641 783 30
641 801 41
641 803 34
641 812 24
641 826 49
641 848 46
641 857 37
641 892 25
641 896 42
641 901 24
642 674 21
642 681 38
642 682 2
642 702 40
642 707 3
642 716 37
642 717 41
642 740 35
642 811 44
642 812 39
642 820 30
642 831 9
642 857 11
642 859 42
642 897 1
643 675 18
643 684 48
643 688 22
643 725 5
643 745 3
643 771 32
643 772 34
643 779 45
643 782 17
643 792 7
643 805 44
643 843 12
643 878 46
644 676 18
644 698 3
644 756 21
644 759 41
644 765 43
644 780 22
644 793 32
644 810 45
644 827 8
644 839 25
644 850 29
644 856 2
644 862 13
645 683 10
645 690 10
645 695 23
645 712 4
645 728 12
645 731 41
645 770 3
645 779 33
645 799 45
645 835 6
645 847 15
645 898 30
646 671 50
646 691 31
646 697 37
646 698 45
646 708 45
646 713 34
646 715 15
646 749 47
646 755 4
646 762 5
646 767 39
646 768 25
646 771 36
646 798 35
646 800 32
646 813 10
646 822 15
646 825 35
646 847 24
647 658 27
647 681 46
647 688 49
647 701 30
647 713 8
647 729 41
647 734 32
647 740 40
647 751 37
647 767 39
647 794 6
647 795 16
647 805 39
647 809 39
647 827 4
647 850 35
647 901 33
648 667 37
648 703 49
648 717 29
648 727 40
648 776 3
648 789 20
648 802 14
648 826 41
648 837 6
648 879 48
648 901 2
649 687 21
649 689 32
649 736 28
649 741 47
649 746 28
649 765 26
649 807 28
649 812 35
649 814 18
649 819 9
649 847 26
649 877 4
650 670 50
650 683 32
650 741 19
650 755 38
650 765 20
650 783 23
650 792 24
650 795 2
650 844 9
650 900 23
651 667 32
651 669 1
651 677 27
651 687 3
651 708 16
651 725 19
651 751 9
651 776 13
651 790 21
651 841 31
651 842 47
651 854 50
651 856 29
651 869 26
651 888 27
651 901 8
652 655 12
652 665 44
652 666 18
652 667 37
652 668 47
652 673 17
652 737 18
652 741 15
652 745 6
652 746 39
652 762 39
652 769 30
652 788 40
652 789 50
652 792 2
652 797 24
652 804 50
652 809 28
652 832 26
652 837 15
652 854 49
652 861 36
652 869 30
652 895 19
652 896 18
653 659 26
653 667 20
653 670 48
653 700 3
653 704 46
653 705 5
653 775 14
653 811 39
653 813 23
653 834 50
653 852 35
653 890 41
653 896 20
654 689 1
654 713 47
654 735 8
654 737 42
654 741 26
654 755 50
654 829 41
654 849 29
654 850 23
654 880 42
654 882 8
655 726 50
655 727 8
655 764 6
655 805 38
655 819 39
655 845 26
655 859 5
655 866 16
655 893 45
656 660 5
656 737 18
656 767 40
656 796 11
656 799 31
656 868 28
656 871 33
656 898 33
657 673 14
657 690 26
657 723 4
657 742 15
657 749 22
657 753 11
657 770 8
657 771 49
657 813 12
657 831 50
657 850 29
657 882 36
657 884 41
657 892 36
658 670 36
658 689 50
658 804 44
658 811 23
658 812 39
658 878 19
658 891 29
659 677 4
659 704 16
659 713 33
659 718 22
659 730 5
659 763 46
659 803 4
659 808 35
659 851 30
659 856 38
659 858 48
659 880 5
659 881 41
660 679 14
660 681 28
660 693 4
660 703 21
660 739 26
660 744 15
660 750 22
660 801 6
660 838 1
660 841 12
660 853 42
660 857 38
660 871 14
660 872 37
661 716 12
661 737 2
661 738 7
661 751 40
661 777 7
661 780 22
661 790 25
661 795 30
661 796 29
661 811 22
661 835 34
661 840 13
661 856 1
661 859 21
661 885 12
662 675 6
662 690 14
662 740 28
662 756 33
662 767 17
662 773 48
662 803 11
662 812 31
663 681 20
663 683 16
663 689 33
663 692 33
663 819 7
663 842 22
663 846 48
663 856 45
663 867 33
663 880 49
664 684 2
664 735 25
664 776 8
664 792 23
664 793 1
664 804 37
664 831 1
664 834 22
664 836 22
664 846 15
664 849 22
664 858 45
664 860 27
664 864 27
664 878 8
664 894 4
664 895 12
665 721 24
665 749 3
665 784 22
665 792 6
665 806 24
665 812 37
665 866 41
666 679 9
666 713 46
666 757 12
666 765 6
666 798 40
666 811 45
666 818 7
666 826 41
666 846 21
666 867 14
666 896 16
667 691 21
667 701 2
667 718 18
667 804 44
667 861 24
667 870 33
667 874 15
667 880 18
667 894 11
667 901 44
668 669 27
668 703 16
668 714 5
668 723 2
668 737 18
668 750 26
668 769 7
668 842 44
668 843 12
668 847 49
668 858 4
668 891 9
669 685 11
669 689 9
669 697 49
669 699 7
669 707 17
669 730 41
669 747 27
669 788 30
669 879 6
670 672 49
670 685 34
670 688 24
670 700 42
670 718 7
670 722 8
670 724 8
670 727 26
670 747 18
670 779 1
670 785 4
670 786 35
670 821 5
670 824 5
670 834 4
670 851 32
670 858 11
670 861 47
670 865 46
670 870 10
670 897 50
671 676 4
671 696 22
671 702 11
671 708 2
671 745 28
671 749 27
671 764 45
671 796 6
671 807 9
671 820 50
671 833 6
671 892 42
672 695 25
672 714 49
672 740 50
672 800 34
672 820 6
672 848 27
672 863 3
672 872 7
672 890 30
673 704 37
673 720 13
673 723 34
673 740 41
673 746 45
673 777 46
673 796 39
673 832 40
673 858 5
673 862 41
673 872 43
673 894 28
674 678 3
674 692 47
674 700 7
674 793 31
674 811 41
674 879 14
674 892 39
675 690 42
675 723 19
675 738 32
675 741 19
675 742 19
675 753 33
675 766 4
675 819 25
675 860 9
675 872 7
675 883 33
675 886 40
675 887 45
676 681 45
676 694 23
676 712 35
676 720 41
676 738 19
676 756 26
676 775 30
676 783 25
676 812 16
676 838 25
676 844 5
676 856 18
677 684 23
677 693 11
677 732 48
677 784 15
677 813 25
677 817 39
677 845 8
677 846 45
677 851 22
677 853 28
678 681 14
678 715 5
678 762 32
678 765 40
678 806 15
678 814 38
678 818 22
678 823 5
678 834 32
678 851 16
678 855 27
678 869 19
678 895 7
678 901 47
679 680 44
679 701 38
679 738 24
679 762 11
679 763 14
679 769 28
679 779 30
679 828 38
679 845 38
679 862 27
680 704 4
680 709 14
680 732 17
680 735 12
680 755 9
680 787 39
680 795 39
680 818 24
680 839 45
680 840 20
680 847 13
680 867 9
680 876 9
680 900 34
681 688 13
681 704 43
681 708 1
681 711 42
681 750 11
681 795 9
681 807 40
681 815 6
681 833 49
681 837 13
681 849 16
681 891 14
682 701 40
682 795 47
682 822 4
682 824 30
682 825 25
682 831 7
682 865 43
682 870 42
682 881 20
683 688 3
683 708 32
683 712 9
683 726 28
683 756 26
683 821 30
683 851 40
683 854 36
683 872 41
683 878 25
684 690 1
684 724 33
684 728 28
684 739 42
684 779 45
684 804 36
684 811 33
684 871 2
684 901 36
685 699 46
685 708 19
685 714 50
685 724 37
685 744 15
685 813 3
685 819 16
685 835 39
685 859 9
685 868 11
685 889 30
685 895 31
685 897 15
686 727 13
686 737 39
686 742 43
686 758 38
686 775 20
686 778 32
686 804 26
686 818 10
686 823 9
686 835 26
686 856 44
686 868 36
686 885 19
686 891 38
687 688 23
687 694 1
687 739 39
687 772 9
687 786 48
687 810 7
687 817 8
687 826 35
687 831 21
687 882 12
687 884 2
687 887 12
687 896 22
688 712 12
688 772 41
688 844 2
688 872 27
688 884 4
688 885 42
688 893 19
689 727 43
689 750 12
689 801 2
689 848 18
689 852 23
689 872 10
690 704 45
690 720 17
690 726 47
690 729 13
690 740 6
690 756 20
690 793 16
690 847 47
690 868 28
691 696 13
691 713 3
691 728 37
691 746 47
691 747 26
691 760 48
691 780 49
691 842 37
691 848 19
691 875 10
691 879 29
692 723 23
692 734 38
692 742 34
692 773 14
692 784 6
692 808 29
692 865 25
692 869 10
692 881 48
692 899 50
693 702 19
693 705 43
693 734 16
693 740 18
693 744 7
693 757 23
693 795 37
693 816 22
693 821 19
693 822 14
693 864 35
693 891 22
694 721 50
694 742 33
694 745 49
694 765 49
694 769 31
694 788 37
694 866 19
694 875 43
694 884 17
694 890 41
695 714 32
695 725 1
695 726 5
695 789 38
695 816 31
695 817 31
695 822 49
695 848 28
695 852 30
695 856 19
695 890 22
695 891 47
696 701 36
696 734 29
696 741 20
696 754 22
696 801 2
696 816 38
696 852 37
696 862 38
697 730 11
697 737 38
697 759 21
697 765 9
697 787 36
697 789 3
697 801 47
697 803 5
697 807 47
697 845 14
697 885 45
698 731 29
698 740 14
698 767 1
698 782 18
698 809 46
698 822 32
698 824 16
698 833 23
698 853 11
698 858 34
698 860 45
698 877 8
698 889 22
699 707 25
699 721 27
699 731 43
699 740 26
699 758 16
699 762 32
699 787 14
699 812 27
699 868 19
700 702 36
700 706 37
700 717 7
700 752 38
700 773 34
700 780 13
700 839 37
700 855 47
700 859 9
700 863 15
701 712 12
701 729 10
701 733 32
701 751 7
701 765 41
701 784 49
701 786 31
701 796 3
701 817 34
701 818 25
701 829 12
701 872 5
701 876 1
702 704 38
702 719 50
702 764 29
702 772 6
702 779 31
702 850 44
702 866 32
703 723 1
703 730 29
703 737 18
703 739 9
703 780 18
703 832 1
703 856 21
703 858 4
703 872 49
703 899 32
704 729 20
704 744 12
704 751 41
704 764 3
704 844 18
704 848 33
704 858 3
704 875 1
704 881 37
704 900 37
705 728 25
705 732 49
705 747 41
705 767 28
705 769 38
705 770 42
705 810 6
705 816 43
705 839 22
705 855 49
705 868 24
705 869 25
705 889 29
706 735 44
706 746 35
706 751 46
706 805 44
706 845 8
706 847 2
706 849 45
706 859 39
706 869 21
707 732 6
707 736 31
707 751 26
707 761 26
707 814 13
707 850 28
707 872 26
707 893 49
708 711 14
708 785 2
708 814 49
708 824 7
708 825 29
708 826 37
708 831 48
708 852 36
708 861 29
708 892 22
708 894 34
709 757 3
709 786 48
709 808 12
709 814 46
709 876 32
710 738 10
710 748 41
710 776 39
710 800 11
710 858 37
711 712 27
711 716 33
711 726 45
711 747 9
711 787 10
711 805 22
711 822 21
711 831 38
711 834 47
711 835 22
711 837 3
711 851 50
711 859 20
712 749 11
712 808 31
712 836 6
712 847 9
712 861 16
712 865 37
712 875 32
712 884 50
713 747 39
713 763 29
713 790 13
713 801 36
713 821 12
713 823 22
713 861 28
713 864 1
713 887 34
714 721 17
714 757 29
714 771 19
714 776 11
714 832 38
714 840 28
714 857 32
714 880 10
714 883 17
715 734 30
715 759 33
715 775 20
715 798 29
715 813 3
715 853 30
715 868 9
715 890 10
715 891 40
716 725 27
716 742 46
716 743 21
716 757 26
716 781 36
716 833 1
716 839 40
716 867 23
716 894 15
716 900 14
717 724 1
717 726 17
717 727 47
717 782 17
717 799 47
717 800 15
717 807 29
717 868 34
717 871 45
717 882 10
717 884 46
717 886 11
717 898 39
717 899 28
718 749 30
718 750 19
718 753 32
718 762 12
718 764 28
718 782 44
718 819 1
718 826 4
718 850 39
718 867 24
718 870 31
718 879 27
718 881 26
718 885 22
719 725 49
719 735 40
719 749 35
719 807 1
719 827 8
719 848 34
719 872 19
719 877 5
719 899 50
720 728 47
720 784 38
720 808 44
720 854 6
721 753 35
721 756 5
721 769 46
721 773 13
721 787 36
721 808 15
721 828 46
721 833 49
721 848 44
721 859 39
721 883 50
721 898 49
722 805 30
722 812 25
722 863 31
722 886 6
722 896 50
723 732 2
723 734 6
723 748 42
723 807 39
723 818 7
723 828 49
723 863 22
723 865 25
723 896 3
723 899 23
724 728 22
724 754 43
724 768 17
724 820 29
724 883 27
724 893 23
725 726 25
725 729 41
725 761 10
725 767 41
725 772 39
725 774 9
725 775 34
725 788 27
725 794 10
725 828 34
725 835 8
725 849 34
725 857 14
725 862 15
725 869 35
726 755 17
726 816 21
726 822 28
726 832 5
726 837 29
726 854 29
726 868 28
726 874 3
726 878 33
726 892 1
727 736 26
727 744 25
727 749 17
727 767 7
727 832 4
727 845 41
727 853 33
727 871 46
727 879 50
728 754 23
728 772 34
728 776 10
728 781 8
728 850 13
728 863 19
728 879 41
728 888 22
728 889 4
728 895 6
728 899 37
729 737 39
729 746 22
729 772 7
729 790 18
729 805 29
729 838 37
729 857 46
729 877 6
730 747 39
730 748 29
730 769 6
730 812 17
730 833 5
730 851 24
730 869 23
730 890 8
731 764 16
731 779 5
731 787 6
731 796 16
731 822 29
731 829 39
731 831 25
731 850 38
731 862 3
731 863 46
731 883 28
731 892 25
731 899 49
732 737 35
732 740 11
732 788 37
732 797 6
732 807 19
732 816 7
732 818 34
732 821 5
732 830 2
732 847 40
732 850 45
732 853 30
732 888 47
733 740 13
733 750 35
733 762 23
733 803 35
733 897 44
734 749 38
734 750 41
734 774 49
734 796 3
734 797 21
734 808 40
734 818 30
734 822 8
734 843 42
734 846 27
734 849 37
734 887 18
734 894 25
735 793 21
735 821 30
735 846 14
735 850 27
735 879 50
735 885 20
735 889 10
736 751 6
736 766 21
736 770 1
736 784 1
736 788 3
736 810 50
736 845 15
736 849 39
736 859 22
736 884 50
737 791 34
737 792 9
737 811 42
737 877 33
737 879 14
738 742 13
738 749 24
738 765 45
738 834 22
738 843 15
738 867 21
738 871 9
738 889 35
739 747 47
739 777 29
739 789 14
739 848 10
739 853 5
739 864 14
739 891 31
739 900 17
740 758 19
740 762 4
740 763 19
740 822 21
740 833 6
740 869 18
740 875 36
740 878 46
740 880 41
740 883 37
740 892 29
741 771 50
741 779 30
741 791 13
741 796 15
741 816 44
741 837 36
741 877 9
741 882 16
742 770 3
742 798 31
742 806 24
742 827 37
742 861 27
742 864 2
743 766 50
743 772 37
743 821 9
743 834 15
743 839 19
743 884 27
743 886 36
743 892 22
743 900 47
744 745 6
744 800 27
744 818 17
744 831 43
744 847 24
744 863 7
744 879 29
744 888 3
745 758 8
745 776 9
745 782 15
745 823 22
745 825 4
745 826 3
745 828 32
745 835 19
745 851 5
745 886 12
745 901 44
746 761 41
746 781 41
746 827 48
746 851 42
746 853 29
746 860 6
746 876 7
746 877 47
747 748 34
747 758 42
747 784 19
747 803 30
747 835 49
747 845 47
747 862 46
747 874 42
747 894 21
748 782 3
748 825 22
748 840 25
748 867 12
748 872 30
748 880 41
748 893 34
749 789 34
749 797 43
749 849 17
749 884 4
750 757 47
750 758 29
750 779 48
750 809 39
750 815 19
750 820 45
750 850 31
750 854 47
750 867 2
750 879 39
750 880 43
750 888 35
750 901 32
751 827 13
751 861 16
752 757 32
752 759 10
752 783 12
752 834 23
752 872 30
752 892 16
752 900 45
753 766 4
753 799 27
753 854 26
753 863 44
753 867 12
753 878 11
753 880 39
754 766 29
754 768 15
754 779 35
754 783 7
754 802 14
754 812 24
754 816 27
754 838 8
754 875 6
755 759 25
755 770 11
755 821 46
755 844 19
755 857 45
755 876 29
756 772 32
756 785 10
756 793 10
756 810 41
756 816 23
756 882 35
756 899 22
757 759 38
757 800 29
757 804 25
757 863 17
757 886 6
757 890 20
758 785 28
758 808 17
758 840 8
758 883 6
758 900 33
759 762 45
759 777 14
759 788 46
759 790 20
759 792 40
759 869 5
759 872 27
760 771 14
760 785 15
760 896 22
761 773 35
761 776 11
761 798 2
761 809 16
761 844 22
761 881 11
761 889 6
761 890 45
762 784 45
762 794 27
762 808 34
762 825 25
763 770 3
763 777 50
763 796 31
763 816 24
763 829 28
763 848 47
763 850 34
764 798 33
764 838 29
764 900 28
765 816 49
765 827 26
765 844 47
765 847 38
765 849 30
765 852 23
765 853 4
765 861 44
766 791 46
766 796 38
766 814 4
766 818 47
766 829 3
766 848 27
766 855 9
767 770 10
767 838 21
767 888 6
767 892 38
768 779 5
768 787 30
768 847 42
768 865 6
768 868 10
769 770 15
769 774 33
769 807 8
769 810 48
769 822 18
769 831 38
769 849 25
769 874 16
769 880 13
770 847 23
770 878 5
770 882 44
770 887 47
770 899 8
770 900 39
771 774 44
771 802 47
771 811 42
771 832 42
771 861 49
771 871 21
771 880 3
771 881 10
772 776 41
772 784 8
772 798 47
772 805 47
772 810 37
772 818 38
772 850 3
772 866 49
772 891 5
772 898 37
773 802 8
773 828 4
773 831 4
773 837 46
773 838 31
774 791 21
774 801 10
774 817 3
774 867 26
774 869 4
774 877 2
775 832 35
775 838 42
775 889 45
776 893 32
777 799 36
777 801 39
777 820 32
777 832 6
777 846 41
777 871 42
777 883 48
778 783 48
778 807 40
778 851 45
778 860 36
778 865 30
779 788 49
779 836 34
779 883 36
779 887 35
779 892 44
780 785 39
780 786 41
780 800 39
780 817 19
780 828 13
780 858 50
780 862 22
780 871 38
780 900 5
781 795 25
781 824 25
781 841 49
781 842 19
781 853 8
781 861 34
781 869 9
781 895 39
782 791 41
782 823 49
782 853 32
782 871 40
783 853 46
783 864 24
784 786 34
784 796 32
784 827 3
784 846 32
784 847 17
784 856 38
784 863 19
784 874 12
784 894 26
785 789 9
785 799 2
785 840 47
785 847 21
785 850 2
785 852 18
785 859 11
785 871 6
785 876 44
785 883 37
785 899 4
786 797 14
786 836 44
786 843 39
786 870 23
786 878 32
787 793 31
788 831 21
788 868 16
788 870 21
788 881 19
788 899 39
789 830 6
789 856 2
789 873 41
789 880 40
789 883 20
789 895 30
790 815 8
790 819 32
790 833 7
791 795 18
791 800 33
791 816 3
791 838 40
791 850 34
791 881 22
792 796 50
792 799 42
792 811 15
792 849 38
792 880 47
792 896 29
793 827 31
793 836 38
793 862 1
793 865 15
793 866 18
793 872 21
793 876 30
794 833 40
794 858 41
794 861 18
794 887 46
794 893 42
795 814 10
795 828 35
795 856 12
795 857 39
795 867 42
795 881 43
796 809 47
796 844 11
796 853 25
796 862 50
796 871 50
796 876 11
797 799 21
797 814 2
797 816 4
797 817 38
797 823 39
797 854 2
797 875 16
797 881 20
797 886 39
797 892 18
798 815 34
798 858 9
798 861 40
799 826 13
799 829 48
799 836 31
799 841 32
799 842 45
799 879 22
800 802 41
800 818 29
800 831 33
800 851 29
800 875 22
800 895 27
801 811 25
801 813 32
801 838 4
801 841 26
801 863 34
801 882 14
801 889 49
801 898 35
802 808 19
802 856 36
803 827 23
803 868 20
803 896 1
804 851 44
805 809 11
805 843 18
805 849 27
805 882 19
805 901 7
806 845 41
806 849 18
806 858 37
806 868 22
806 897 13
807 838 11
807 841 12
807 844 43
807 846 45
807 859 42
807 865 15
807 877 22
808 837 19
808 856 48
808 883 25
808 890 44
809 818 31
809 860 40
809 876 42
809 893 17
810 811 8
810 848 27
810 852 40
811 852 29
811 865 29
811 870 33
811 878 39
812 825 48
812 827 12
812 851 7
812 857 5
812 879 2
812 890 27
813 828 43
813 839 24
813 844 39
813 851 5
813 865 37
813 883 31
814 819 50
814 849 29
814 859 47
814 862 23
814 890 47
814 894 47
815 847 47
815 867 42
815 893 29
816 830 38
816 877 36
816 879 46
817 853 47
817 855 12
817 861 37
817 879 25
817 900 43
818 822 21
818 847 14
818 894 40
819 832 32
819 894 20
819 898 46
820 841 36
820 877 46
820 879 41
820 887 11
820 888 36
820 889 47
821 864 47
822 827 19
822 838 46
822 842 25
822 863 17
822 870 18
822 872 23
822 879 13
822 898 16
823 829 17
823 863 44
823 881 5
823 891 2
824 832 39
824 848 1
824 851 15
825 837 27
825 844 26
825 846 7
825 859 47
825 869 39
825 876 49
825 878 31
825 882 10
825 890 44
826 841 18
826 880 6
827 895 36
828 841 28
828 862 43
828 864 33
828 867 24
828 878 11
828 891 30
828 897 1
829 845 28
829 847 50
829 870 23
830 832 42
830 841 15
830 847 39
830 853 35
831 864 22
831 869 42
831 894 25
832 886 22
832 889 7
833 861 1
833 865 47
833 880 13
833 882 50
834 865 35
834 880 11
834 891 32
834 899 47
834 901 7
835 891 49
835 893 4
836 851 44
836 854 26
836 863 46
836 893 26
836 899 1
837 840 7
837 858 8
837 897 1
838 839 36
838 855 7
838 894 26
839 864 27
839 878 23
839 883 16
839 884 12
840 848 44
840 849 8
840 860 38
841 891 16
841 901 14
842 877 39
842 879 14
843 872 26
843 885 38
844 871 1
844 873 39
844 897 21
845 847 47
845 849 47
845 854 19
845 886 50
846 853 40
846 895 46
847 858 45
847 877 18
847 891 46
848 853 3
849 856 25
849 863 47
849 880 38
849 895 31
850 854 22
850 867 17
850 868 5
851 859 37
851 882 30
852 869 49
852 889 46
852 897 17
853 872 14
853 881 9
853 898 7
855 871 27
856 876 37
856 898 46
857 877 27
857 889 27
857 890 16
857 891 25
858 862 23
860 872 34
860 891 24
860 897 14
861 900 29
862 883 19
862 886 33
863 872 25
863 894 23
865 887 9
865 897 23
867 901 13
868 884 39
868 885 44
869 896 31
870 879 44
870 886 32
870 887 10
870 893 44
871 888 30
871 893 28
872 873 7
874 899 38
875 877 35
879 894 35
879 899 24
880 893 30
880 897 14
881 889 2
881 895 48
888 894 38
888 898 24
889 896 31
889 897 14
892 896 40
896 897 12
902 601 43
903 901 50
902 903 22
