904 6735
9 50 31 44 35 58 36 83 73 81 87 10 25 88 76 69 88 16 64 2 67 55 69 85 46 24 77 89 88 24 16 48 73 98 91 60 56 78 42 80 59 80 89 83 68 64 3 55 79 66 56 98 20 77 34 17 52 62 6 92 85 21 39 57 18 82 68 25 59 9 4 69 89 93 51 8 56 5 14 87 22 21 84 94 49 69 10 1 30 15 44 14 87 82 22 57 15 90 81 74 98 85 42 38 29 45 45 36 1 10 74 23 31 9 16 79 77 25 31 6 92 74 19 78 8 41 86 22 30 67 47 79 3 41 17 83 85 13 18 37 23 92 59 53 100 26 83 77 3 14 34 46 39 53 75 46 93 61 68 74 27 14 52 81 54 20 63 90 85 32 27 7 23 37 11 75 15 45 3 17 10 36 62 49 88 36 94 32 48 61 57 74 27 61 6 80 80 20 22 16 52 100 74 26 88 84 100 2 81 54 70 90 42 31 38 29 19 32 13 66 44 69 92 70 81 49 2 13 69 75 28 20 74 2 45 61 37 97 15 17 2 84 7 43 67 96 24 37 79 88 54 75 56 97 96 89 46 97 1 14 23 28 85 96 29 81 9 18 29 75 34 31 58 92 73 76 40 48 12 18 35 66 44 43 62 40 31 7 88 31 72 11 10 56 58 91 89 66 8 17 72 40 94 34 59 82 91 22 51 30 74 27 75 28 41 45 72 23 59 85 72 79 97 3 33 14 96 70 77 69 5 48 60 50 82 70 84 24 91 34 54 16 61 28 95 53 24 66 76 82 2 99 13 51 53 45 64 49 15 92 69 71 40 80 21 73 49 56 48 91 89 1 6 1 81 53 54 4 18 29 38 72 79 50 74 32 94 37 32 60 28 100 83 19 79 55 43 79 10 91 69 98 43 26 51 23 78 4 79 48 84 16 19 62 65 92 93 10 80 24 22 59 75 56 30 5 10 24 83 71 14 51 20 9 29 70 31 6 73 61 53 56 76 23 18 92 66 62 54 97 86 75 8 12 82 37 17 91 60 99 61 26 2 80 34 30 50 16 87 74 77 40 30 4 14 99 96 32 12 1 28 97 27 87 61 8 23 77 98 83 27 10 8 28 41 93 9 90 8 96 16 84 87 97 88 52 95 35 83 6 87 63 55 13 49 15 20 24 43 69 6 69 30 65 49 70 57 9 12 16 4 27 100 42 23 39 94 69 25 76 74 11 90 80 75 39 46 46 62 40 14 19 9 43 35 9 64 43 17 75 58 73 1 9 14 75 99 7 43 75 35 69 85 24 100 11 14 46 56 27 37 69 97 45 63 31 5 27 25 74 53 83 46 6 43 59 80 42 18 23 84 87 11 99 8 92 99 74 11 45 83 26 50 60 75 24 50 38 51 6 93 43 94 71 66 74 78 53 82 3 22 55 97 84 53 4 75 4 29 37 48 11 15 50 22 89 25 23 78 28 28 70 22 74 93 88 47 70 92 80 72 13 34 21 48 39 24 75 42 53 11 41 15 77 42 37 66 67 59 95 94 39 65 67 12 9 54 10 78 46 90 1 10 75 21 58 13 45 84 54 49 94 47 63 71 88 51 88 54 62 82 99 100 98 66 63 6 71 24 35 68 13 36 30 88 8 39 100 4 22 6 52 15 52 67 37 91 17 24 45 78 58 95 29 55 12 91 13 35 15 47 2 79 82 31 18 42 69 70 45 90 75 97 57 78 63 93 68 31 69 64 9 26 11 89 32 22 80 44 8 46 91 10 76 24 92 94 65 61 15 10 2 89 58 58 18 72 3 85 2 71 49 62 48 11 51 79 84 82 23 92 27 13 1 54 88 44 99 53 4 13 14 58 53 71 67 70 94 69 7 95 91 7 57 38 17 7 69 100 88 91 43 66 55 43 71 94 87 70 46 42 34 11 51 39 81 18 8 74 38 66 21 29 72 77 18 40 35 86 40 74 28 82 91 34 77 61 28 15 82 25 8 68 36 59 6 68 76 65 94 13 31 14 93 2 42 63 42 76 100 33 1 36 87
0 22 92
0 28 41
0 39 47
0 66 50
0 114 85
0 115 72
0 122 77
0 125 24
0 156 19
0 219 89
0 223 93
0 250 54
0 273 6
0 285 37
1 6 96
1 43 67
1 44 76
1 59 78
1 72 26
1 80 63
1 106 8
1 140 49
1 143 25
1 165 17
1 185 57
1 201 83
1 215 59
1 244 45
1 250 100
1 257 66
2 19 61
2 32 92
2 43 7
2 53 8
2 54 93
2 112 43
2 140 31
2 159 69
2 168 66
2 268 49
2 291 57
3 15 10
3 16 54
3 26 62
3 34 98
3 53 1
3 90 81
3 105 73
3 121 78
3 136 58
3 162 88
3 216 37
3 222 6
3 268 12
3 272 6
3 283 14
3 291 46
4 8 64
4 34 58
4 45 46
4 53 30
4 54 19
4 64 37
4 100 88
4 106 78
4 141 29
4 177 30
4 187 60
4 192 49
4 231 47
4 293 8
5 14 6
5 21 8
5 38 14
5 77 19
5 108 6
5 114 14
5 143 51
5 166 30
5 206 44
5 260 8
6 23 69
6 25 80
6 41 66
6 58 33
6 70 85
6 75 79
6 96 78
6 102 1
6 120 89
6 121 23
6 126 30
6 155 7
6 171 11
6 212 69
6 236 36
6 252 91
6 270 98
6 280 95
6 283 40
7 16 96
7 24 54
7 75 97
7 114 3
7 130 19
7 136 15
7 164 60
7 210 33
7 245 18
7 259 90
7 280 28
7 290 77
7 295 58
8 111 7
8 128 42
8 168 90
8 174 44
8 215 73
8 222 20
8 230 44
8 247 61
8 255 42
8 270 25
8 275 19
8 292 53
8 293 93
8 297 6
9 62 43
9 101 42
9 108 52
9 153 34
9 199 89
9 204 5
9 214 30
9 216 91
9 221 76
9 225 97
9 251 51
9 252 8
9 296 14
10 32 92
10 38 87
10 42 90
10 48 49
10 98 93
10 119 84
10 120 91
10 167 88
10 190 8
10 194 10
10 211 83
10 234 68
10 266 3
10 276 59
10 295 38
11 33 7
11 44 3
11 47 95
11 76 2
11 81 44
11 89 46
11 106 35
11 135 32
11 178 2
11 181 65
11 247 75
11 271 77
11 280 61
11 284 77
12 17 36
12 94 74
12 103 68
12 156 22
12 181 15
12 252 68
12 260 67
13 60 98
13 67 10
13 72 6
13 75 5
13 88 71
13 112 89
13 122 24
13 123 74
13 144 47
13 210 13
13 217 32
13 227 2
13 279 7
14 18 33
14 65 45
14 70 4
14 74 68
14 121 29
14 215 58
14 219 84
14 242 55
14 253 34
14 281 44
14 282 31
14 284 22
15 22 69
15 27 50
15 71 95
15 85 83
15 97 69
15 109 61
15 129 81
15 144 31
15 181 67
15 199 37
15 206 1
15 212 7
15 218 61
15 253 26
15 263 5
15 276 73
15 278 58
16 18 6
16 66 32
16 78 90
16 83 3
16 130 35
16 147 9
16 175 31
16 183 44
16 208 92
16 209 37
16 234 30
16 238 35
16 296 67
17 25 51
17 35 55
17 44 68
17 84 45
17 115 38
17 130 88
17 146 58
17 167 70
17 172 18
17 173 76
17 187 6
17 192 19
17 201 34
17 238 18
17 248 96
17 255 38
17 274 43
17 284 53
18 19 96
18 20 74
18 39 95
18 53 98
18 63 60
18 80 55
18 82 80
18 136 4
18 138 47
18 141 16
18 193 33
18 196 33
18 242 34
18 248 35
18 253 40
18 254 53
19 81 31
19 121 77
19 159 40
19 172 88
19 188 98
19 195 58
19 219 15
19 252 55
19 271 28
19 277 48
19 281 73
20 44 23
20 54 38
20 70 15
20 89 28
20 92 85
20 179 40
20 182 74
20 187 34
20 196 99
20 208 80
20 218 13
20 229 54
20 241 26
20 258 80
20 266 38
20 268 11
20 269 65
20 278 72
20 293 50
20 299 69
21 23 55
21 31 78
21 32 8
21 99 42
21 118 27
21 144 17
21 165 9
21 170 81
21 189 44
21 206 8
21 212 53
21 220 19
21 225 97
22 27 67
22 28 98
22 33 81
22 37 6
22 78 23
22 105 14
22 118 57
22 157 2
22 185 78
22 235 62
22 249 80
22 271 9
22 277 100
22 282 42
22 290 25
23 26 23
23 32 91
23 49 93
23 63 77
23 115 20
23 154 53
23 161 71
23 223 46
23 273 69
23 293 79
24 25 26
24 56 65
24 79 86
24 98 31
24 136 35
24 167 35
24 197 49
24 200 32
24 239 15
24 249 55
24 253 54
24 254 29
24 257 63
24 259 55
25 32 58
25 43 24
25 51 34
25 63 19
25 79 23
25 80 75
25 118 43
25 119 46
25 138 17
25 147 36
25 165 74
25 166 88
25 180 40
25 234 44
25 254 85
25 294 8
26 29 22
26 75 63
26 79 24
26 83 60
26 108 93
26 115 58
26 133 94
26 166 41
26 197 89
26 213 60
26 219 47
26 224 94
26 228 40
26 248 9
26 295 49
27 51 98
27 56 85
27 62 34
27 64 16
27 87 59
27 103 61
27 124 10
27 160 56
27 171 29
27 179 45
27 185 30
27 212 69
27 240 36
27 241 73
27 281 53
28 49 44
28 55 47
28 67 15
28 76 67
28 102 6
28 107 7
28 122 25
28 126 51
28 132 100
28 136 65
28 143 10
28 152 46
28 178 59
28 198 2
28 204 7
28 212 59
28 230 99
28 236 91
28 249 44
28 261 66
28 293 49
28 295 56
28 296 75
29 60 5
29 69 85
29 70 72
29 81 34
29 90 5
29 91 7
29 110 58
29 125 57
29 190 2
29 207 4
29 230 24
29 241 21
29 252 9
30 40 82
30 43 97
30 60 11
30 84 81
30 93 61
30 119 73
30 133 27
30 150 71
30 161 74
30 166 33
30 168 81
30 239 24
30 258 75
30 291 25
30 294 41
31 46 23
31 57 80
31 61 15
31 64 79
31 91 16
31 101 38
31 168 64
31 170 20
32 53 97
32 57 22
32 62 29
32 78 98
32 100 25
32 106 52
32 113 18
32 116 86
32 147 33
32 170 66
32 194 96
32 239 66
32 252 27
32 270 20
32 280 92
33 69 49
33 140 93
33 141 76
33 171 30
33 184 68
33 215 50
33 217 54
33 248 8
33 252 24
33 258 85
33 260 75
33 280 3
33 281 1
34 74 12
34 112 66
34 115 72
34 157 8
34 193 39
34 287 100
34 296 58
35 40 64
35 60 3
35 102 27
35 121 49
35 143 36
35 148 93
35 166 96
35 210 1
35 211 71
35 226 68
35 251 44
35 256 19
35 258 12
35 295 71
36 39 100
36 73 80
36 81 20
36 125 53
36 153 87
36 154 95
36 171 90
36 201 61
36 224 49
36 226 42
36 235 25
36 287 67
36 295 13
37 61 84
37 74 5
37 151 65
37 161 41
37 180 68
37 185 67
37 201 68
37 238 68
37 258 54
38 42 60
38 62 16
38 119 54
38 121 82
38 202 83
38 209 49
38 246 100
38 249 94
38 255 19
38 276 100
39 81 25
39 96 38
39 149 4
39 155 64
39 186 85
39 187 45
39 263 76
39 286 33
40 46 86
40 85 100
40 144 99
40 154 51
40 177 84
40 182 4
40 195 15
40 207 76
40 209 23
40 275 81
41 73 95
41 95 91
41 118 35
41 150 54
41 164 58
41 200 40
41 214 35
41 257 40
41 290 89
42 62 87
42 75 85
42 130 7
42 135 38
42 136 10
42 145 97
42 164 93
42 259 73
42 273 81
42 284 38
43 50 100
43 52 65
43 53 23
43 61 100
43 70 64
43 82 73
43 110 35
43 135 67
43 154 39
43 198 10
43 202 89
43 225 20
43 240 57
43 262 31
43 263 6
43 274 10
43 275 88
44 45 45
44 99 97
44 115 79
44 118 85
44 127 35
44 130 16
44 147 44
44 182 72
44 264 77
44 277 40
45 59 64
45 68 1
45 72 72
45 80 53
45 132 100
45 146 36
45 153 76
45 155 51
45 181 51
45 184 100
45 213 85
45 214 69
45 233 39
45 249 47
45 257 58
45 261 10
45 269 3
45 279 40
45 286 15
46 76 64
46 120 80
46 123 11
46 125 12
46 130 10
46 192 96
46 228 98
46 280 77
47 62 39
47 106 21
47 110 53
47 117 30
47 147 37
47 173 5
47 200 53
47 209 89
47 210 5
47 223 40
47 236 16
47 241 55
48 56 91
48 103 16
48 108 92
48 110 59
48 135 6
48 143 90
48 162 68
48 165 15
48 187 44
48 194 60
48 202 81
48 203 7
48 224 91
48 226 91
48 229 71
48 241 100
48 255 38
48 256 68
48 268 77
49 83 28
49 85 41
49 91 81
49 102 57
49 106 77
49 108 86
49 183 61
49 190 65
49 232 42
49 265 1
50 96 81
50 155 48
50 178 43
50 207 48
50 208 39
50 223 53
50 231 53
50 264 80
50 274 73
50 278 67
51 54 23
51 56 32
51 57 47
51 65 82
51 68 74
51 76 89
51 83 4
51 106 73
51 185 27
51 209 23
51 244 1
51 277 54
51 285 63
51 295 34
51 297 63
52 53 39
52 73 71
52 124 23
52 129 4
52 163 12
52 191 75
52 216 36
52 221 59
52 222 69
52 227 83
52 234 50
52 268 22
52 286 35
52 297 81
53 60 46
53 64 1
53 67 4
53 77 29
53 90 99
53 97 37
53 104 2
53 117 87
53 118 40
53 189 26
53 212 13
53 215 62
53 295 79
54 56 19
54 91 25
54 150 12
54 157 81
54 159 15
54 164 34
54 174 55
54 176 18
54 187 45
54 233 30
54 240 5
54 285 55
54 298 50
55 68 87
55 81 56
55 103 71
55 145 21
55 172 37
55 177 68
55 189 73
55 195 92
55 203 96
55 206 71
55 233 28
55 234 97
55 236 10
55 275 19
56 63 23
56 111 74
56 136 80
56 139 53
56 222 92
56 241 56
56 249 16
56 265 24
57 96 71
57 150 49
57 159 79
57 165 40
57 206 93
57 246 60
57 279 45
57 283 99
57 286 9
58 59 31
58 99 7
58 101 32
58 140 4
58 151 43
58 176 99
58 179 76
58 191 86
58 202 95
58 204 99
58 253 13
58 259 43
58 297 8
59 63 31
59 67 17
59 75 33
59 116 62
59 127 69
59 136 25
59 169 18
59 229 84
59 263 48
59 269 40
59 279 32
59 285 26
60 87 79
60 138 76
60 151 37
60 205 75
60 208 27
60 239 46
60 246 6
60 250 33
60 256 77
60 284 9
60 287 27
60 289 75
61 100 36
61 103 12
61 121 21
61 154 34
61 228 76
61 250 64
61 260 93
61 261 6
61 271 32
62 68 26
62 70 19
62 148 1
62 193 2
62 221 36
62 237 36
62 249 1
62 255 27
62 256 20
62 266 79
62 268 58
62 269 47
63 68 15
63 75 32
63 77 73
63 153 60
63 175 89
63 201 57
63 209 88
63 243 49
63 246 35
63 258 15
63 267 85
63 296 46
64 102 35
64 136 70
64 167 21
64 184 50
64 241 15
64 255 78
64 261 34
64 262 92
64 266 97
65 75 34
65 114 93
65 152 84
65 200 21
65 207 93
65 245 11
65 284 40
65 286 71
65 293 68
66 73 39
66 94 38
66 96 99
66 125 63
66 127 97
66 131 88
66 143 20
66 172 37
66 204 36
66 208 54
66 214 51
66 215 72
66 224 52
66 259 85
66 264 94
66 280 24
66 282 87
66 292 8
67 77 2
67 151 20
67 173 99
67 193 98
67 224 5
67 236 91
67 253 33
67 254 77
67 280 35
67 291 43
68 86 69
68 90 58
68 143 62
68 151 7
68 159 95
68 167 13
68 200 69
68 230 43
68 237 52
68 257 40
68 284 79
69 82 87
69 113 46
69 180 29
69 203 11
69 208 97
69 275 66
69 276 4
70 75 20
70 95 4
70 112 11
70 133 73
70 152 75
70 166 61
70 224 22
70 263 79
70 272 51
70 273 55
70 276 55
71 93 37
71 96 49
71 105 75
71 116 94
71 136 11
71 138 81
71 157 40
71 193 23
71 213 2
71 219 83
71 225 74
71 230 93
71 285 61
72 180 12
72 189 38
72 193 42
72 227 74
72 235 86
72 252 7
72 284 29
72 289 58
72 299 62
73 77 39
73 123 30
73 139 36
73 154 51
73 189 52
73 190 14
73 194 1
73 205 58
73 241 20
73 268 90
73 286 6
73 292 47
74 95 83
74 105 68
74 126 27
74 140 75
74 152 42
74 185 80
74 195 57
74 251 67
74 256 73
74 267 69
74 272 31
74 283 10
75 79 10
75 125 4
75 188 48
75 234 68
75 281 33
75 286 5
75 299 81
76 102 23
76 130 86
76 137 16
76 155 74
76 170 89
76 181 81
76 190 26
76 230 46
76 232 53
76 266 15
76 270 4
76 289 99
76 293 50
76 297 23
77 108 77
77 124 24
77 125 17
77 155 57
77 160 32
77 169 83
77 183 29
77 194 100
77 204 13
77 205 90
77 218 62
77 224 69
77 272 37
77 280 81
77 290 53
77 295 93
78 132 62
78 138 27
78 144 79
78 161 77
78 183 100
78 196 19
78 197 10
78 203 78
78 241 17
78 257 62
78 265 44
78 270 72
78 274 60
78 280 45
79 95 94
79 104 36
79 114 68
79 145 10
79 154 44
79 156 51
79 194 45
79 195 72
79 201 3
79 246 9
79 270 14
79 297 16
80 98 29
80 136 2
80 142 96
80 189 81
80 190 95
80 202 9
80 204 8
80 240 25
80 263 38
80 270 59
80 276 95
81 83 47
81 97 36
81 112 11
81 123 8
81 165 32
81 186 82
81 197 19
81 200 76
81 220 28
81 226 54
81 241 96
81 254 89
81 258 98
81 265 46
82 83 33
82 112 21
82 167 100
82 175 94
82 200 34
83 95 15
83 115 22
83 166 36
83 201 11
83 220 3
83 275 82
83 292 71
84 152 62
84 153 58
84 174 8
84 191 20
84 195 52
84 209 54
84 254 8
84 278 15
84 299 61
85 133 39
85 142 96
85 167 79
85 187 66
85 204 75
85 219 85
85 242 61
85 298 64
86 93 34
86 106 59
86 109 48
86 121 54
86 122 58
86 147 41
86 159 40
86 163 73
86 174 63
86 187 27
86 202 35
86 212 17
86 256 60
86 266 5
87 120 78
87 167 17
87 170 13
87 183 49
87 194 20
87 195 18
87 227 8
87 244 34
87 253 79
87 273 98
87 284 82
88 103 9
88 107 64
88 113 56
88 123 93
88 140 76
88 143 71
88 148 78
88 151 34
88 166 19
88 231 32
88 238 92
88 243 59
88 247 23
88 278 16
88 291 73
89 94 49
89 99 2
89 144 89
89 149 8
89 175 6
89 209 18
89 213 76
89 238 70
89 285 19
90 99 95
90 136 88
90 139 26
90 142 81
90 191 18
90 206 76
90 271 14
90 291 26
91 94 39
91 124 21
91 132 71
91 168 14
91 170 92
91 175 48
91 177 100
91 183 62
91 184 31
91 195 43
91 240 20
91 297 53
91 299 58
92 107 45
92 112 53
92 160 59
92 227 85
92 257 60
92 294 16
93 115 55
93 133 35
93 140 38
93 164 73
93 165 82
93 169 25
93 175 50
93 191 14
93 192 94
93 195 25
93 236 27
93 261 71
94 130 15
94 154 47
94 169 41
94 191 81
94 200 38
94 219 41
94 264 32
94 267 99
94 270 23
95 108 74
95 114 71
95 152 28
95 179 31
95 249 67
95 252 80
95 261 41
95 278 51
95 284 92
96 110 56
96 123 57
96 139 26
96 160 45
96 179 29
96 193 59
96 211 69
96 232 31
97 147 72
97 172 62
97 177 7
97 181 98
97 182 85
97 200 74
97 274 97
97 280 77
97 284 54
98 125 34
98 135 17
98 145 85
98 174 85
98 219 92
98 250 10
98 260 7
98 263 19
98 274 92
98 276 73
98 283 50
98 293 32
99 114 75
99 140 41
99 153 39
99 157 32
99 174 19
99 183 84
99 190 12
99 205 29
99 259 4
99 289 94
99 295 1
100 111 18
100 176 1
100 178 50
100 181 2
100 184 74
100 193 46
100 195 78
100 198 79
100 201 32
100 210 47
100 216 15
100 222 68
100 243 38
100 259 24
100 276 74
100 282 8
100 284 15
100 286 98
101 111 9
101 118 98
101 140 24
101 159 2
101 173 88
101 191 7
101 248 20
101 254 71
101 282 71
101 291 48
102 157 27
102 160 64
102 194 100
102 212 44
102 236 16
102 238 50
102 245 97
103 129 41
103 161 47
103 163 74
103 169 71
103 187 78
103 208 20
103 287 37
103 292 97
104 118 9
104 120 12
104 131 70
104 140 68
104 153 78
104 170 19
104 179 29
104 234 75
104 235 95
104 241 30
104 256 15
105 117 1
105 119 1
105 123 85
105 171 23
105 254 48
105 286 63
105 296 39
106 119 100
106 173 6
106 187 54
106 193 1
106 230 2
106 237 47
106 261 47
106 275 28
106 295 69
107 130 77
107 151 99
107 184 6
107 207 73
107 209 8
107 261 17
107 282 95
108 129 27
108 140 95
108 146 13
108 153 55
108 159 21
108 161 7
108 169 84
108 201 35
108 204 60
108 216 36
108 235 72
108 255 34
109 114 84
109 129 34
109 131 72
109 135 35
109 151 92
109 192 78
109 195 35
109 234 45
109 275 24
110 132 81
110 154 72
110 163 92
110 172 57
110 200 71
110 203 49
110 205 30
110 223 30
110 242 66
110 260 24
110 274 8
110 288 12
111 159 88
111 170 63
111 185 32
111 214 47
111 233 98
111 241 19
111 268 58
111 269 34
112 137 90
112 272 91
112 273 69
112 278 75
113 132 63
113 182 55
113 184 66
113 190 40
113 238 89
113 241 63
113 251 15
113 293 21
114 127 34
114 148 58
114 156 30
114 160 56
114 179 7
114 180 59
114 186 37
114 198 24
114 202 34
114 204 45
114 240 87
114 275 73
115 137 59
115 147 70
115 153 71
115 160 8
115 186 88
115 187 28
115 218 93
115 239 29
115 243 71
115 249 13
115 266 4
115 292 33
116 125 67
116 137 21
116 150 24
116 165 55
116 203 83
116 221 90
116 234 76
116 249 69
116 298 99
117 147 5
117 163 76
117 165 57
117 188 15
117 236 65
117 239 80
117 272 100
117 293 61
117 294 66
118 123 24
118 125 19
118 142 88
118 155 95
118 197 78
118 202 75
118 222 74
118 260 71
118 277 4
118 283 44
119 122 83
119 123 59
119 226 28
119 249 2
119 250 31
119 259 3
119 270 56
120 131 66
120 159 92
120 160 83
120 166 86
120 172 43
120 181 39
120 235 61
120 245 99
120 261 5
120 266 77
120 274 31
120 283 4
120 294 37
121 152 48
121 153 80
121 169 55
121 174 35
121 179 26
121 186 85
121 192 10
121 203 99
121 206 7
121 225 65
121 230 95
121 234 89
121 249 75
121 276 22
121 289 90
121 297 5
122 134 77
122 146 98
122 152 70
122 173 20
122 187 32
122 188 55
122 209 62
122 221 71
122 240 68
122 251 61
122 298 75
123 178 44
123 206 91
123 226 31
123 241 81
123 276 38
123 281 62
123 286 87
124 154 73
124 162 87
124 181 23
124 225 34
124 287 85
125 133 29
125 151 98
125 152 31
125 165 18
125 180 72
125 223 53
125 265 59
125 272 28
125 276 29
125 279 8
126 144 50
126 163 48
126 170 40
126 177 4
126 178 62
126 180 62
126 227 23
126 229 22
126 237 88
126 265 67
126 269 64
126 275 70
126 278 99
127 137 53
127 157 31
127 159 37
127 190 25
127 211 17
127 278 60
127 292 10
127 293 54
128 134 88
128 152 7
128 172 84
128 184 57
128 186 30
128 256 88
128 270 68
129 137 10
129 164 68
129 179 27
129 207 59
129 218 68
129 219 66
129 243 14
129 248 29
129 264 79
129 273 37
130 147 2
130 148 67
130 161 55
130 165 65
130 210 36
130 212 5
130 251 17
130 277 19
130 297 41
130 299 94
131 171 87
131 181 52
131 185 3
131 261 40
131 269 40
131 289 62
132 174 76
132 207 48
132 223 43
132 257 15
132 298 15
133 135 52
133 155 83
133 190 42
133 216 62
133 270 2
133 278 59
134 141 76
134 143 30
134 148 38
134 160 12
134 177 83
134 186 56
134 201 18
134 270 47
134 299 43
135 143 22
135 151 15
135 176 61
135 186 14
135 205 8
135 207 48
135 225 66
135 233 63
135 243 39
135 245 57
135 246 24
135 261 66
136 138 4
136 154 66
136 168 81
136 209 71
136 234 70
136 294 15
136 298 64
137 146 31
137 162 16
137 272 22
137 285 6
137 288 97
138 181 11
138 191 69
138 193 79
138 200 18
138 225 38
138 237 77
138 254 61
138 267 11
139 177 91
139 253 73
139 263 25
139 275 51
139 287 72
140 143 42
140 148 13
140 174 63
140 177 50
140 182 36
140 187 28
140 198 5
140 214 53
140 225 60
140 232 75
140 239 22
140 247 74
140 251 38
140 256 53
140 292 41
141 184 12
141 192 10
141 204 89
141 207 22
141 226 31
141 233 67
141 248 92
141 275 68
141 280 43
142 149 4
142 151 79
142 160 86
142 167 76
142 180 55
142 197 36
142 198 100
142 217 48
142 240 48
142 254 62
142 275 97
142 283 35
142 294 41
142 296 1
143 160 87
143 173 1
143 187 28
143 210 9
143 212 26
143 222 65
143 233 13
143 260 67
143 264 28
143 276 74
143 288 55
144 182 2
144 187 4
144 200 74
144 204 93
144 205 24
144 229 68
144 236 96
145 147 54
145 184 53
145 189 23
145 217 60
145 219 40
145 223 74
145 273 7
145 277 87
145 299 35
146 152 55
146 156 21
146 183 28
146 219 7
146 223 8
146 266 28
146 274 34
146 286 68
147 152 53
147 153 51
147 157 32
147 168 71
147 184 78
147 228 5
147 239 78
147 259 79
147 261 61
148 149 51
148 162 23
148 165 36
148 195 70
148 212 70
148 213 41
148 243 23
148 267 93
148 270 100
148 271 62
148 278 18
149 154 58
149 190 1
149 216 5
149 217 12
149 226 21
149 255 32
149 274 70
149 279 80
149 290 11
150 167 4
150 188 99
150 205 63
150 234 54
150 245 30
150 256 86
150 258 83
150 288 87
150 293 63
151 173 14
151 180 99
151 189 65
151 193 36
151 200 34
151 241 34
151 248 58
151 260 26
152 167 8
152 193 2
152 215 25
152 290 22
152 299 19
153 174 34
153 214 74
153 222 23
153 235 97
153 266 94
153 281 6
154 216 66
154 234 26
154 248 16
154 278 69
155 160 24
155 174 31
155 209 74
155 252 6
155 258 16
155 286 9
155 298 92
156 163 30
156 205 22
156 218 90
156 240 46
156 252 9
156 276 75
156 281 31
157 202 66
157 213 100
157 221 39
157 223 67
157 265 76
157 274 12
157 289 38
157 295 9
158 159 85
158 173 60
158 194 5
158 233 30
158 237 66
158 265 22
158 282 7
158 284 33
159 266 43
160 205 31
160 288 63
160 289 68
161 187 88
161 188 78
161 200 76
161 223 79
161 241 59
161 247 49
161 275 20
161 299 4
162 179 10
162 198 94
162 206 35
162 213 75
162 219 93
162 251 25
162 252 94
162 265 20
163 176 36
163 183 83
163 198 28
163 218 72
163 226 42
163 227 84
163 295 1
163 296 59
164 214 5
164 235 60
164 251 92
164 268 99
164 280 90
164 285 6
164 299 67
165 179 77
165 182 36
165 186 94
165 215 7
165 233 94
165 237 43
165 254 26
165 265 50
165 267 52
165 275 71
165 277 84
165 279 78
165 284 63
166 169 60
166 195 23
166 216 82
166 225 47
166 238 5
166 272 61
167 168 18
167 180 99
167 195 44
167 211 70
167 212 9
167 221 100
167 232 29
167 265 100
167 273 99
167 293 70
167 298 58
167 299 17
168 172 98
168 184 93
168 247 10
168 275 4
168 279 38
168 286 52
169 175 81
169 216 87
169 253 55
169 278 51
169 287 22
170 200 85
170 202 65
170 211 81
170 217 7
170 221 98
170 222 27
170 227 12
170 254 10
170 263 96
170 273 62
171 176 5
171 178 18
171 184 70
171 186 5
171 270 98
172 193 22
172 194 55
172 211 68
172 222 79
172 258 71
172 270 17
172 281 71
172 288 32
173 186 73
173 193 8
173 194 84
173 196 53
173 233 47
173 272 90
173 274 56
173 292 68
174 204 74
174 294 72
174 297 49
175 176 81
175 190 70
175 220 27
175 223 44
175 236 79
175 252 75
175 255 5
175 258 84
175 289 92
176 186 74
176 190 40
176 197 41
176 205 95
176 207 46
176 244 60
176 245 25
176 246 68
176 250 77
176 259 95
176 293 99
177 197 49
177 198 55
177 205 34
177 208 53
177 224 1
177 256 24
177 285 60
177 295 20
178 205 49
178 208 32
179 224 20
179 240 81
179 262 53
179 264 99
180 187 24
180 205 83
180 214 73
180 249 80
180 280 18
181 188 16
181 208 6
181 236 9
181 268 56
181 281 52
181 297 54
182 257 16
182 262 77
182 271 73
182 285 44
182 288 23
182 295 72
182 297 44
183 206 29
183 223 57
183 254 48
183 271 81
184 278 32
184 287 8
184 297 1
185 226 81
185 238 91
185 248 20
185 275 61
185 285 43
185 291 18
186 229 37
186 233 77
186 269 42
186 275 16
187 198 95
187 210 57
187 249 73
188 195 3
188 207 65
188 209 25
188 278 9
189 197 32
189 199 53
189 235 81
189 242 75
189 249 75
189 253 52
189 274 18
189 275 4
190 206 61
190 210 65
190 236 84
190 258 92
190 260 24
190 261 36
190 268 24
190 285 14
191 223 56
191 234 85
191 254 8
191 256 25
191 274 73
192 196 85
192 206 67
192 241 40
192 251 31
192 267 75
192 270 13
192 285 33
193 196 91
193 209 89
193 217 41
193 244 22
193 248 41
193 274 74
193 282 48
193 287 67
193 292 77
193 297 17
194 201 22
194 238 37
194 264 34
195 209 58
195 210 29
195 221 57
195 254 93
195 268 52
195 297 23
196 211 48
196 229 88
196 242 30
196 260 25
197 203 60
197 205 66
197 233 91
197 238 100
197 239 96
197 244 65
197 261 64
197 283 29
197 291 8
197 294 52
198 212 21
198 241 29
198 249 44
198 276 46
198 285 77
198 286 10
199 218 23
199 228 45
199 229 32
199 231 59
199 243 78
199 253 89
199 295 39
200 201 35
200 279 81
200 289 43
201 202 9
201 246 81
201 268 82
201 277 38
201 286 5
201 293 94
202 205 4
202 219 47
202 237 45
202 253 51
203 226 63
203 253 8
203 270 79
204 258 70
204 284 11
205 236 52
205 260 99
205 262 54
205 289 97
205 293 27
206 259 63
207 219 71
207 246 71
207 257 46
207 274 82
207 293 1
208 227 86
208 249 72
208 295 35
209 234 19
209 244 14
209 253 43
209 263 99
209 266 48
209 274 32
209 281 55
210 251 41
210 268 87
210 269 1
210 281 85
210 285 38
210 294 15
211 230 44
211 242 68
211 253 85
211 262 54
211 295 71
212 216 35
212 225 59
212 227 20
212 232 13
212 251 73
212 263 90
212 274 83
213 229 19
213 250 71
213 292 35
213 295 4
214 215 43
214 231 69
214 240 74
215 218 8
215 244 63
215 249 24
215 255 7
215 282 47
216 236 78
216 263 99
216 266 33
216 275 30
217 219 83
217 223 22
217 225 45
217 259 78
217 294 90
218 237 81
218 258 83
218 264 60
218 269 15
218 282 41
218 284 79
219 258 27
219 299 14
220 249 21
220 259 61
220 270 84
220 292 43
220 296 96
221 232 39
221 237 85
221 238 16
221 242 13
221 247 45
221 259 31
222 267 36
223 227 51
224 263 29
224 273 14
225 236 50
225 239 61
225 266 95
225 292 84
226 230 83
226 289 91
227 287 14
227 294 24
227 299 23
228 229 96
228 253 83
228 259 37
228 278 37
228 279 14
229 258 15
229 266 2
229 272 86
229 293 28
229 299 85
230 238 28
230 247 75
230 261 23
230 270 65
230 295 42
231 240 35
231 244 9
231 256 24
231 289 71
231 296 11
231 299 52
232 256 36
232 265 12
232 287 65
232 294 82
233 242 48
233 277 99
233 288 73
234 270 13
234 273 22
234 282 47
234 289 8
235 237 56
236 247 84
236 280 96
237 247 21
237 265 50
237 281 97
239 248 6
239 251 29
239 271 33
240 256 34
240 274 3
240 283 56
240 285 98
241 260 97
241 299 42
242 261 58
242 285 20
243 257 64
243 292 20
243 298 24
244 254 99
244 258 84
244 266 88
244 270 33
244 278 31
245 249 86
245 250 57
245 262 43
246 264 59
246 285 3
246 286 2
246 292 14
246 294 38
247 263 98
247 272 35
247 284 88
247 293 46
248 259 92
248 270 68
248 284 79
248 295 25
249 251 23
249 293 86
250 264 74
250 297 19
251 278 27
251 284 31
252 257 90
252 258 91
252 271 3
253 275 13
253 294 41
254 288 86
254 289 52
255 274 73
255 294 16
255 295 37
256 273 81
257 262 10
257 271 95
257 284 84
257 293 11
258 264 61
258 280 21
258 287 60
259 266 47
259 269 60
260 265 58
260 272 38
260 282 28
261 274 88
263 276 63
264 272 2
264 274 73
264 283 88
264 295 20
264 298 51
266 284 71
268 271 61
268 276 93
271 275 73
271 288 74
272 273 34
274 281 58
274 282 25
274 296 58
276 279 25
278 286 14
279 282 39
279 289 86
280 289 60
280 293 74
281 288 48
282 292 20
282 296 46
282 298 8
287 289 66
293 298 6
300 320 16
300 374 52
300 382 43
300 393 53
300 424 75
300 427 42
300 430 63
300 436 41
300 439 39
300 454 71
300 455 67
300 461 76
300 464 91
300 553 16
300 570 72
300 593 54
301 319 46
301 342 29
301 344 32
301 366 23
301 378 2
301 386 36
301 403 5
301 404 47
301 407 41
301 423 99
301 463 57
301 545 21
301 546 40
301 558 74
301 571 95
302 324 8
302 333 25
302 354 89
302 372 12
302 387 52
302 392 30
302 398 26
302 428 92
302 440 21
302 456 96
302 474 10
302 478 96
302 532 87
302 547 25
302 555 19
302 584 92
303 314 23
303 338 47
303 355 75
303 362 45
303 387 48
303 409 10
303 412 1
303 416 46
303 418 51
303 423 99
303 432 3
303 441 23
303 461 91
303 475 76
303 478 17
303 482 50
303 493 1
303 505 5
303 506 61
303 522 4
303 548 86
303 574 38
304 321 47
304 347 58
304 352 86
304 362 56
304 373 5
304 402 72
304 422 33
304 458 24
304 476 15
304 480 7
304 484 22
304 503 89
304 505 3
304 509 70
304 563 98
305 310 3
305 341 15
305 351 100
305 397 53
305 405 17
305 435 22
305 445 95
305 468 45
305 470 90
305 475 44
305 522 97
305 555 46
305 566 56
305 590 100
306 311 84
306 337 94
306 351 46
306 353 41
306 360 79
306 383 53
306 406 46
306 412 2
306 427 85
306 430 21
306 484 16
306 505 43
306 574 42
306 575 56
307 320 45
307 334 11
307 357 5
307 367 99
307 373 78
307 389 5
307 398 4
307 400 46
307 437 78
307 448 98
307 481 90
307 486 20
307 498 42
307 503 86
307 524 65
307 544 97
307 548 37
307 567 48
307 593 42
308 329 82
308 353 41
308 390 72
308 424 35
308 428 86
308 445 73
308 469 71
308 470 6
308 514 40
308 538 14
308 549 99
308 564 95
308 572 58
309 311 62
309 325 100
309 337 9
309 338 39
309 342 56
309 367 12
309 422 36
309 432 33
309 437 9
309 462 26
309 491 52
309 561 2
309 584 63
310 314 69
310 324 99
310 335 100
310 342 68
310 379 92
310 430 33
310 434 8
310 454 64
310 457 67
310 470 45
310 500 88
310 512 38
310 515 2
310 523 28
310 538 51
310 551 1
311 333 22
311 340 60
311 345 62
311 418 73
311 432 20
311 441 52
311 449 28
311 491 31
311 508 87
311 509 61
311 555 40
311 572 64
311 576 64
311 577 93
311 579 79
312 318 32
312 334 43
312 338 78
312 365 100
312 370 35
312 386 10
312 396 59
312 398 50
312 455 29
312 463 4
312 468 37
312 470 66
312 489 5
312 492 64
312 535 68
312 541 57
312 563 86
312 574 79
312 575 18
313 321 10
313 323 99
313 330 69
313 357 38
313 395 81
313 407 8
313 438 98
313 445 72
313 448 71
313 449 13
313 452 65
313 454 49
313 457 45
313 466 7
313 471 78
313 483 96
313 487 41
313 503 40
313 509 54
313 519 90
313 525 20
313 565 57
314 361 27
314 367 37
314 386 14
314 405 42
314 407 4
314 422 70
314 462 79
314 481 34
314 525 40
314 533 89
314 542 32
314 546 8
314 576 26
315 322 13
315 343 67
315 345 75
315 412 36
315 416 38
315 424 87
315 425 100
315 470 38
315 472 31
315 477 7
315 495 68
315 497 78
315 498 99
315 500 59
315 526 32
315 554 89
315 579 78
315 594 88
315 597 67
316 320 14
316 336 1
316 338 8
316 410 69
316 530 23
316 537 39
316 590 2
316 592 62
317 349 27
317 357 86
317 360 21
317 390 52
317 394 50
317 419 88
317 424 78
317 472 85
317 484 77
317 506 64
317 511 85
317 560 14
317 586 47
317 595 91
318 322 33
318 392 24
318 406 89
318 429 91
318 433 55
318 434 29
318 435 68
318 469 95
318 472 47
318 489 33
318 499 47
318 537 7
318 546 1
318 563 69
318 584 45
319 410 3
319 460 82
319 474 71
319 494 40
319 499 3
319 506 74
319 510 89
319 526 90
319 534 51
319 562 73
319 567 66
319 597 14
320 325 9
320 473 31
320 479 12
320 497 51
320 499 16
320 507 36
320 549 92
320 592 6
320 595 42
321 323 20
321 337 26
321 352 88
321 359 19
321 382 58
321 385 35
321 390 25
321 403 59
321 421 55
321 448 69
321 461 13
321 467 37
321 473 91
321 476 52
321 509 91
321 534 64
321 580 92
321 582 80
322 329 14
322 330 16
322 362 97
322 364 79
322 366 25
322 402 79
322 410 91
322 460 27
322 465 94
322 468 78
322 482 18
322 532 52
322 556 71
323 332 90
323 333 29
323 334 59
323 432 8
323 437 86
323 443 45
323 476 84
323 482 96
323 495 51
323 496 52
323 537 60
323 563 87
323 576 42
323 585 63
324 343 29
324 344 5
324 406 54
324 475 8
324 556 70
324 586 22
325 354 56
325 372 48
325 385 46
325 403 35
325 411 90
325 416 72
325 436 80
325 466 67
325 470 42
325 487 31
325 494 38
325 495 31
325 510 59
325 512 48
325 574 90
325 576 97
326 365 92
326 377 73
326 439 44
326 458 42
326 461 24
326 465 4
326 466 81
326 493 17
326 523 18
326 539 9
326 562 73
326 582 72
327 343 69
327 350 42
327 355 93
327 385 76
327 404 41
327 415 90
327 427 10
327 510 31
327 517 13
327 527 42
327 553 49
327 555 54
327 560 24
327 577 38
327 578 36
327 584 35
327 594 85
327 598 25
328 345 31
328 373 28
328 378 49
328 417 26
328 424 22
328 464 24
328 477 81
328 492 54
328 521 40
328 523 99
328 544 14
328 550 64
328 555 22
328 571 34
328 599 5
329 357 66
329 392 10
329 408 98
329 441 55
329 454 71
329 508 80
329 534 19
329 536 12
329 552 28
329 554 25
329 559 36
329 583 18
330 333 12
330 336 70
330 348 54
330 373 89
330 421 52
330 431 82
330 445 37
330 453 77
330 479 55
330 507 61
330 522 58
330 527 60
330 537 52
330 582 56
330 596 73
331 341 16
331 352 77
331 357 7
331 369 72
331 412 42
331 413 68
331 422 21
331 452 48
331 461 38
331 512 100
331 536 18
331 537 50
331 542 80
331 563 42
331 586 85
332 375 97
332 384 54
332 401 6
332 407 50
332 417 42
332 421 57
332 457 83
332 487 30
332 490 33
332 491 89
332 528 42
332 530 42
332 541 48
332 552 94
332 565 49
332 586 21
333 335 61
333 416 25
333 447 79
333 457 32
333 498 18
333 502 46
333 515 53
333 554 17
333 558 83
333 585 4
334 338 35
334 353 84
334 366 83
334 369 28
334 382 20
334 395 31
334 420 33
334 426 25
334 431 81
334 542 26
334 568 81
335 380 15
335 398 56
335 404 66
335 419 4
335 429 97
335 436 59
335 444 51
335 446 42
335 455 8
335 489 23
335 512 2
335 521 84
335 524 53
335 535 86
335 548 2
335 552 98
335 558 90
335 562 70
335 572 33
336 342 93
336 367 4
336 400 68
336 428 76
336 456 84
336 475 88
336 491 6
336 498 16
336 513 12
336 515 38
336 534 42
336 541 45
336 550 5
336 570 49
336 572 62
336 573 8
336 589 97
337 364 20
337 414 10
337 439 39
337 441 79
337 461 33
337 472 92
337 560 63
337 566 85
338 376 77
338 407 64
338 426 35
338 435 66
338 469 33
338 481 19
338 504 59
338 528 89
338 564 86
338 577 86
339 352 72
339 361 73
339 382 43
339 395 39
339 427 37
339 432 33
339 509 80
339 587 33
340 390 37
340 457 80
340 483 94
340 488 96
340 491 77
340 509 65
340 515 5
340 547 67
340 583 44
340 589 89
341 392 58
341 418 6
341 435 26
341 471 35
341 489 21
341 491 60
341 494 52
341 496 5
341 506 30
341 516 62
341 560 93
342 353 15
342 401 99
342 413 16
342 431 40
342 454 94
342 486 55
342 487 28
342 574 26
342 585 86
342 589 60
343 352 14
343 376 18
343 377 5
343 380 9
343 385 46
343 396 21
343 419 65
343 420 12
343 490 16
343 503 54
343 510 69
343 542 73
343 549 79
343 563 55
343 590 93
344 362 90
344 363 59
344 397 50
344 423 19
344 447 20
344 474 94
344 485 85
344 489 19
344 537 10
344 582 76
344 594 12
344 596 16
345 360 3
345 408 89
345 433 53
345 439 14
345 441 2
345 513 70
346 356 70
346 362 62
346 384 15
346 396 43
346 399 26
346 400 78
346 417 58
346 442 79
346 482 47
346 512 31
346 538 9
346 546 53
346 568 75
346 591 98
347 381 11
347 410 24
347 430 68
347 447 83
347 449 70
347 454 5
347 462 1
347 479 31
347 480 80
347 491 64
347 498 46
347 568 35
347 573 4
347 595 50
348 350 100
348 399 5
348 471 72
348 486 70
348 487 66
348 497 86
348 515 12
348 534 43
348 544 16
348 545 21
348 556 74
348 567 14
348 593 3
349 360 82
349 442 66
349 446 30
349 461 32
349 466 29
349 477 5
349 541 99
349 554 11
349 565 74
349 581 3
349 597 63
350 358 4
350 359 35
350 395 26
350 401 1
350 402 69
350 408 81
350 422 51
350 426 68
350 444 85
350 450 22
350 461 89
350 475 2
350 502 59
350 510 52
350 532 44
350 538 74
350 545 25
350 546 17
350 564 87
350 565 27
350 570 51
350 571 5
350 586 56
350 587 82
351 367 33
351 374 61
351 474 32
351 484 43
351 495 34
351 515 87
351 520 57
351 542 90
351 570 21
351 582 34
351 591 90
352 355 41
352 461 14
352 468 40
352 472 60
352 476 98
352 481 61
352 515 49
352 527 51
352 562 72
352 586 52
352 591 94
353 356 45
353 366 76
353 374 63
353 376 84
353 417 55
353 534 13
353 576 88
353 591 10
354 355 94
354 361 72
354 382 22
354 466 77
354 468 66
354 506 8
354 509 63
354 539 22
354 573 97
355 383 35
355 400 55
355 435 86
355 436 75
355 448 68
355 486 26
355 495 87
355 496 17
355 548 38
355 555 87
355 570 67
355 577 61
356 358 38
356 390 12
356 392 58
356 402 66
356 417 74
356 423 41
356 424 20
356 442 38
356 489 80
356 491 29
356 510 83
356 521 51
356 564 3
356 571 60
356 584 16
356 594 10
356 598 74
357 360 37
357 365 6
357 378 9
357 388 43
357 405 91
357 478 35
357 510 10
357 521 68
357 528 21
357 585 78
358 426 6
358 458 7
358 506 44
358 517 66
358 519 97
358 526 55
358 528 23
358 545 62
358 561 81
358 596 15
359 387 81
359 389 18
359 456 94
359 488 61
359 497 53
359 527 96
359 533 63
359 535 12
359 568 11
359 573 24
359 583 85
359 587 99
359 591 29
359 595 45
360 383 41
360 403 20
360 418 80
360 423 2
360 456 39
360 476 52
360 524 79
360 540 44
360 545 11
360 550 74
360 567 62
360 576 7
360 582 81
360 586 36
360 590 68
360 593 61
361 362 3
361 404 100
361 433 30
361 438 48
361 450 60
361 458 82
361 496 44
361 504 75
361 535 45
361 541 6
361 545 98
361 562 82
361 565 5
361 594 79
362 380 26
362 401 97
362 415 50
362 430 57
362 440 51
362 466 88
362 478 61
362 509 81
362 517 84
362 553 71
363 372 55
363 388 97
363 389 77
363 400 35
363 439 32
363 479 96
363 486 47
363 493 86
363 500 95
363 502 76
363 511 34
363 537 6
364 366 10
364 380 77
364 388 80
364 401 6
364 407 82
364 447 30
364 464 87
364 471 38
364 502 60
364 519 65
364 534 87
364 577 9
365 405 73
365 422 37
365 429 96
365 433 33
365 458 69
365 501 31
365 511 3
365 513 23
365 523 27
365 551 31
365 552 57
365 559 11
365 583 26
365 598 3
366 373 96
366 450 20
366 455 31
366 471 29
366 488 26
366 533 92
367 383 57
367 422 57
367 427 49
367 460 39
367 462 38
367 493 88
367 539 28
367 554 97
367 595 52
368 390 66
368 391 57
368 393 76
368 394 54
368 404 5
368 426 9
368 487 23
368 505 35
368 515 63
368 557 45
368 558 62
368 583 94
369 422 54
369 425 24
369 427 19
369 455 8
369 492 19
369 509 91
369 555 90
369 559 100
369 575 68
370 395 81
370 405 56
370 407 76
370 420 82
370 434 46
370 438 14
370 448 69
370 471 26
370 536 62
370 550 72
370 565 91
371 377 19
371 392 47
371 397 45
371 405 23
371 450 7
371 454 67
371 470 9
371 490 70
371 502 63
371 503 70
371 506 63
371 532 16
371 540 93
372 379 33
372 398 24
372 452 64
372 454 23
372 476 13
372 478 63
372 480 90
372 509 46
372 528 70
372 577 18
372 588 27
372 592 16
373 374 31
373 385 95
373 463 41
373 508 44
373 559 66
373 564 83
373 573 14
373 594 64
374 420 27
374 449 88
374 464 71
374 490 45
374 498 97
374 512 40
374 523 8
374 528 18
374 547 54
374 554 23
374 558 63
375 431 86
375 433 98
375 438 26
375 469 61
375 493 63
375 513 40
375 583 50
376 386 8
376 406 9
376 409 67
376 419 34
376 445 76
376 454 49
376 506 80
376 514 68
376 577 45
377 378 97
377 410 51
377 415 10
377 445 60
377 450 29
377 484 98
377 503 30
377 505 74
377 528 46
377 539 69
377 549 33
377 571 63
377 578 22
377 598 7
378 392 25
378 413 60
378 506 5
378 557 2
379 381 20
379 385 67
379 395 93
379 408 69
379 433 26
379 434 2
379 489 88
379 502 11
379 508 29
379 514 88
379 528 90
379 548 49
379 565 84
379 567 86
379 568 99
379 590 94
380 434 45
380 435 79
380 450 91
380 494 27
380 507 4
380 566 36
380 597 95
381 389 36
381 395 50
381 398 69
381 422 43
381 433 27
381 485 28
381 508 99
381 521 28
381 537 47
381 540 17
381 551 73
381 559 67
381 578 94
381 581 26
381 594 6
382 401 4
382 402 54
382 418 46
382 437 93
382 447 2
382 456 29
382 480 30
382 481 52
382 489 22
382 491 26
382 518 83
382 570 12
383 454 52
383 464 86
383 491 99
383 493 99
383 513 22
383 523 49
383 541 67
383 560 16
383 595 27
384 394 46
384 419 66
384 456 6
384 473 92
384 496 34
384 534 78
384 547 10
384 584 27
384 599 3
385 391 16
385 415 30
385 418 9
385 434 61
385 512 74
385 554 62
385 576 89
385 584 55
385 590 66
386 388 63
386 405 80
386 423 48
386 425 26
386 428 84
386 430 33
386 437 25
386 443 82
386 454 6
386 474 25
386 488 100
386 519 73
386 542 51
386 558 45
386 576 38
387 408 8
387 425 88
387 431 23
387 437 86
387 502 97
387 531 49
387 586 40
387 598 64
388 390 30
388 398 48
388 412 76
388 415 3
388 423 10
388 472 17
388 478 57
388 494 75
388 506 79
388 510 89
388 519 22
388 530 4
388 580 72
389 392 6
389 395 80
389 407 5
389 425 12
389 443 4
389 492 4
389 507 84
389 510 6
389 515 100
389 535 74
389 598 14
390 393 87
390 405 96
390 417 51
390 435 35
390 467 97
390 478 90
390 499 99
390 552 26
390 553 90
390 554 26
390 559 81
390 578 99
390 591 42
390 595 89
391 411 25
391 440 72
391 446 77
391 448 98
391 485 28
392 398 100
392 408 55
392 415 7
392 439 4
392 441 66
392 467 63
392 481 59
392 482 2
392 484 20
392 485 58
392 513 27
392 520 33
392 528 96
392 561 22
392 571 35
392 599 31
393 450 70
393 475 25
393 487 81
393 496 96
393 577 14
394 412 6
394 420 76
394 442 64
394 471 100
394 490 16
394 537 40
394 568 23
394 576 93
394 579 89
394 580 50
394 593 44
395 412 43
395 415 9
395 431 100
395 504 61
395 518 71
395 531 58
395 536 62
395 587 42
396 430 68
396 442 88
396 475 27
396 508 63
396 545 61
396 557 61
396 568 93
396 578 31
396 583 37
396 591 25
396 592 78
396 594 2
397 398 83
397 399 5
397 454 17
397 458 34
397 469 20
397 486 56
397 520 56
397 554 64
397 556 96
397 595 58
398 428 8
398 440 39
398 443 18
398 447 7
398 489 99
398 512 40
398 534 16
398 559 12
398 563 81
398 572 35
398 589 51
399 405 7
399 463 98
399 466 11
399 506 68
399 534 42
399 557 93
399 566 56
399 567 67
399 576 70
400 414 58
400 421 49
400 529 74
400 589 26
400 592 82
400 593 46
401 412 34
401 446 89
401 451 9
401 459 29
401 469 46
401 544 16
401 571 67
401 581 63
402 448 74
402 478 17
402 491 54
402 509 42
402 520 28
402 522 35
402 526 76
402 538 78
402 580 41
403 404 73
403 429 41
403 435 60
403 439 67
403 444 85
403 448 16
403 454 33
403 464 55
403 532 25
403 540 33
403 570 80
403 583 50
403 592 66
404 424 25
404 433 83
404 448 54
404 465 34
404 532 64
404 544 52
404 550 1
404 554 30
404 558 66
404 560 27
405 420 99
405 434 20
405 447 68
405 465 78
405 481 54
405 549 95
405 554 56
405 588 46
405 590 20
406 414 48
406 455 6
406 480 86
406 489 32
406 493 73
406 513 70
406 532 38
406 560 49
407 430 2
407 443 70
407 455 50
407 544 67
407 558 94
407 561 85
407 569 20
407 595 79
408 449 48
408 468 23
408 472 32
408 478 77
408 482 89
408 484 58
408 504 27
408 508 8
408 523 77
408 529 5
408 548 13
409 420 71
409 423 12
409 429 58
409 452 90
409 474 11
409 476 15
409 499 27
409 517 42
409 574 39
410 434 96
410 466 32
410 467 87
410 471 97
410 478 1
410 520 89
410 568 63
410 583 46
411 416 73
411 450 35
411 456 25
411 484 20
411 485 57
411 488 8
411 567 48
411 596 97
412 413 65
412 433 75
412 437 56
412 452 93
412 560 79
412 566 68
412 573 63
412 574 42
412 577 78
412 584 5
412 587 52
412 594 92
412 598 31
413 422 45
413 440 31
413 516 27
413 525 76
413 530 69
413 535 75
413 547 76
413 548 57
413 590 38
413 593 74
414 450 29
414 474 24
414 477 50
414 501 100
414 505 32
414 532 57
414 542 48
414 567 29
414 575 73
414 577 22
414 588 36
415 421 65
415 434 52
415 448 4
415 450 27
415 451 45
415 461 81
415 464 83
415 476 96
415 522 24
415 540 14
415 558 40
415 569 6
415 571 92
416 459 68
416 463 27
416 474 66
416 479 95
416 483 83
416 499 55
416 512 68
416 518 64
416 551 78
416 577 17
416 592 63
416 594 62
417 476 25
417 483 62
417 490 42
417 493 97
417 495 35
417 525 77
417 563 61
417 566 38
417 586 32
417 592 40
418 421 82
418 430 64
418 470 22
418 477 29
418 489 40
418 499 35
418 505 69
418 522 45
418 570 78
418 580 88
419 451 71
419 466 44
419 499 82
419 542 6
419 573 98
419 579 50
419 581 21
419 598 28
420 483 18
420 485 35
420 486 41
420 530 43
420 536 97
420 553 34
420 562 39
420 581 31
420 589 10
421 426 100
421 446 69
421 448 94
421 453 39
421 495 2
421 505 9
421 506 12
421 529 31
421 532 48
421 550 99
421 577 51
421 581 45
421 595 76
421 599 38
422 451 15
422 460 71
422 471 19
422 559 72
422 584 21
423 450 20
423 496 44
423 500 100
423 521 90
423 526 79
423 537 40
423 554 32
423 562 27
424 430 73
424 431 22
424 437 9
424 445 34
424 481 73
424 511 29
424 516 79
424 536 63
424 566 31
424 572 88
424 591 75
424 593 61
425 452 35
425 462 73
425 474 63
425 476 79
425 509 100
425 540 100
425 549 46
425 553 71
425 570 70
425 582 69
425 588 91
425 593 42
426 433 13
426 435 90
426 437 31
426 480 43
426 499 81
426 507 14
426 528 69
427 447 5
427 454 87
427 460 29
427 492 90
427 533 60
427 564 58
427 569 69
427 587 74
427 596 88
428 440 56
428 462 48
428 468 100
428 482 42
428 483 72
428 510 62
428 533 73
428 559 24
429 430 61
429 432 18
429 446 94
429 449 82
429 450 38
429 454 36
429 460 23
429 477 50
429 490 77
429 498 5
429 535 44
429 537 57
429 560 18
429 579 64
429 599 13
430 440 5
430 447 93
430 462 2
430 490 16
430 522 50
430 527 70
430 531 89
430 536 37
430 539 77
430 557 89
430 597 88
431 432 71
431 465 60
431 509 49
431 529 43
431 589 35
432 433 61
432 434 60
432 479 28
432 481 42
432 496 97
432 504 15
432 511 17
432 517 99
432 551 91
432 589 73
432 590 94
433 441 99
433 450 43
433 452 10
433 481 11
433 529 99
433 534 2
433 548 13
433 579 14
433 597 3
434 437 34
434 439 54
434 443 39
434 477 63
434 504 42
434 561 26
434 569 33
435 452 54
435 453 26
435 464 75
435 472 88
435 486 86
435 487 86
435 500 68
435 528 79
435 538 34
435 588 82
435 593 47
435 594 84
436 560 73
436 561 20
436 578 78
437 456 71
437 484 62
437 519 87
437 525 34
437 561 60
437 564 40
437 565 46
437 577 25
437 580 42
437 581 31
438 542 78
438 590 32
438 598 93
439 477 20
439 491 9
439 510 25
439 511 73
439 518 34
439 542 51
439 548 12
439 589 71
440 444 36
440 450 79
440 451 49
440 452 70
440 477 61
440 535 48
440 542 53
440 571 33
440 574 67
440 585 30
441 448 55
441 452 80
441 472 68
441 507 40
441 520 39
441 533 7
441 552 37
441 591 63
442 445 48
442 448 68
442 499 40
442 503 79
442 507 12
442 540 11
442 544 87
442 546 89
442 562 35
442 573 72
442 577 39
443 467 47
443 471 42
443 489 75
443 535 25
443 545 43
443 561 44
443 580 85
444 447 90
444 469 48
444 473 69
444 485 8
444 519 30
444 522 76
444 535 87
444 569 97
444 586 15
445 446 25
445 452 56
445 475 52
445 477 39
445 503 3
445 536 71
445 555 78
446 503 34
446 552 82
446 562 41
446 572 72
446 592 70
447 473 75
447 489 44
447 509 9
447 516 21
447 517 85
447 526 35
447 539 46
447 574 79
447 577 30
447 578 82
448 479 68
448 571 77
449 486 3
449 488 75
449 499 6
449 505 78
449 508 61
449 544 55
449 563 44
449 592 37
449 594 10
449 596 47
450 498 75
450 509 64
450 532 17
450 537 5
450 551 49
450 570 99
450 589 97
451 457 21
451 462 20
451 463 71
451 464 16
451 471 80
451 477 92
451 554 52
452 467 14
452 471 89
452 497 31
452 533 43
452 537 70
452 557 98
452 579 72
452 584 72
453 456 25
453 486 77
453 488 1
453 535 37
453 547 83
453 566 97
454 463 74
454 467 44
454 476 43
454 488 100
454 518 8
454 578 60
454 592 56
455 468 56
455 520 10
455 578 52
456 517 28
456 522 29
456 529 23
456 531 43
456 535 61
457 460 66
457 473 95
457 479 74
457 508 54
457 516 25
457 524 69
457 583 75
457 588 74
457 590 40
457 597 99
458 459 50
458 521 68
458 530 51
458 540 87
458 546 51
458 556 47
458 567 12
458 583 94
458 585 90
459 467 63
459 468 53
459 469 1
459 476 19
459 492 61
459 522 10
459 544 22
459 546 88
459 567 90
459 591 96
460 509 83
460 512 50
460 522 61
460 558 29
460 568 76
460 593 66
461 520 5
461 537 44
461 540 41
461 541 30
462 466 35
462 484 91
462 500 80
462 516 54
462 520 41
462 527 18
462 584 56
462 587 88
463 470 29
463 480 50
463 495 29
463 500 91
463 501 54
463 512 29
463 514 61
463 533 14
463 540 90
463 551 83
463 586 54
464 474 79
464 500 30
464 511 88
464 563 81
464 586 91
464 587 16
464 593 8
465 476 8
465 481 20
465 486 51
465 492 100
465 501 49
465 502 37
465 503 90
465 510 80
465 514 90
465 517 83
465 537 97
465 546 46
465 567 22
465 569 77
465 573 47
466 467 50
466 495 20
466 507 100
466 508 30
466 528 80
466 529 66
466 532 19
466 556 14
466 574 71
467 468 97
467 487 44
467 490 58
467 510 29
467 520 86
467 525 25
467 567 36
467 593 93
468 497 96
468 518 38
468 522 93
468 533 96
468 537 74
468 543 82
468 560 76
468 565 16
468 590 16
468 595 24
469 475 13
469 486 37
469 495 1
469 502 59
469 514 86
469 523 20
469 537 10
469 560 15
469 567 99
469 572 27
469 582 85
469 596 65
470 479 97
470 487 34
470 494 60
470 510 6
470 516 62
470 521 45
470 534 82
470 541 50
470 544 37
470 551 77
470 553 87
470 564 81
470 571 73
471 474 13
471 495 15
471 523 48
471 541 28
471 545 30
471 575 71
471 589 92
471 592 67
472 481 23
472 504 50
472 551 4
473 501 42
473 521 11
473 538 19
473 546 93
473 597 38
474 487 55
474 490 57
474 497 86
474 510 88
474 536 16
474 539 44
474 541 50
474 542 12
474 545 25
474 555 99
475 488 100
475 554 2
475 566 37
476 502 81
476 544 26
476 580 49
476 593 95
477 478 25
477 511 28
477 531 76
477 566 47
478 479 19
478 496 42
478 504 70
478 508 20
478 541 46
478 543 11
478 580 31
479 507 16
479 523 3
479 548 20
479 557 70
479 588 11
479 598 57
480 534 58
480 578 78
480 592 100
481 482 59
481 518 89
481 527 77
481 573 9
482 486 89
482 520 30
482 560 45
482 583 21
482 593 55
483 505 46
483 553 67
484 532 79
484 536 73
484 553 42
484 556 25
484 586 44
485 511 36
485 527 94
485 533 63
485 541 33
485 553 57
485 566 45
485 586 100
485 591 11
486 498 64
486 524 21
487 521 22
487 537 73
487 549 30
487 552 51
487 580 72
488 494 88
488 499 40
488 553 100
488 557 96
488 565 80
488 598 29
489 588 93
490 497 52
490 525 83
490 532 38
490 533 70
490 549 13
490 586 10
491 493 11
491 574 90
491 589 5
492 506 98
492 518 35
492 529 68
492 543 30
492 556 91
492 563 64
492 569 81
492 570 54
492 573 80
492 597 2
493 523 75
493 534 52
493 552 31
493 554 77
493 570 75
493 582 71
493 589 68
494 507 75
494 511 66
494 530 47
494 550 3
494 580 58
495 499 50
495 524 38
495 559 47
495 560 19
495 582 2
496 530 57
496 537 82
496 577 91
496 584 61
497 511 31
497 519 26
497 546 80
497 593 61
497 597 68
498 502 44
498 546 93
498 548 21
498 551 75
498 574 94
498 581 47
498 596 26
498 599 77
499 596 24
500 578 100
501 506 47
502 523 91
502 536 26
502 558 12
502 580 90
503 507 81
503 526 22
503 527 91
503 531 70
503 532 68
503 554 62
503 570 71
503 571 76
503 577 43
503 581 14
503 591 89
504 523 73
504 529 91
504 536 20
504 572 85
504 580 58
504 590 15
505 523 30
505 533 31
505 540 89
505 545 23
506 544 29
506 553 66
506 587 99
507 566 4
508 534 66
508 549 45
508 560 47
509 514 91
509 526 9
509 532 88
509 560 23
509 590 82
510 527 78
510 543 92
510 559 1
510 574 39
511 534 63
511 583 29
511 585 33
511 590 76
511 593 69
511 596 58
512 518 18
512 556 88
512 579 94
513 563 27
514 539 55
514 554 23
514 564 57
514 581 95
515 538 46
515 577 38
515 590 61
516 555 96
516 581 41
516 596 78
517 519 93
517 557 39
517 564 68
517 583 1
518 586 26
518 598 91
519 530 34
519 532 56
519 545 82
519 551 34
519 552 46
520 541 96
520 550 14
520 556 31
520 583 23
520 592 82
522 553 88
522 559 40
522 561 22
522 580 81
523 532 67
523 548 76
523 553 56
523 561 75
523 580 70
523 593 53
524 550 12
524 582 82
526 552 48
526 554 5
526 576 59
527 532 40
527 538 95
527 573 79
527 595 92
528 549 21
529 562 69
530 533 77
530 551 76
530 599 2
531 542 11
531 560 73
531 567 50
531 568 24
531 580 3
532 533 72
532 536 58
532 552 90
532 570 64
532 579 79
532 582 23
532 583 82
532 584 6
532 589 78
532 597 56
533 534 75
533 549 82
533 563 20
533 567 57
533 587 29
534 547 76
534 557 15
534 561 21
534 599 70
535 543 93
535 545 64
535 554 42
536 564 13
536 582 41
536 589 69
537 569 67
538 566 3
538 571 42
538 581 68
539 542 78
539 547 44
539 557 91
539 559 35
539 582 86
540 594 54
541 543 13
541 569 60
541 570 35
541 589 18
542 560 89
543 551 43
543 564 45
544 547 70
544 552 62
544 582 53
544 592 98
545 558 89
545 593 19
545 594 70
546 555 58
546 559 64
546 561 34
547 557 100
548 568 76
548 583 26
548 597 68
549 552 94
549 565 28
549 570 61
550 552 61
551 555 5
551 566 57
551 567 4
551 578 40
551 583 42
551 591 57
552 560 4
553 569 53
554 558 44
554 563 74
554 577 41
554 586 86
554 587 70
555 576 10
556 587 99
557 572 22
557 573 59
557 587 39
558 566 92
558 571 29
558 580 48
559 564 55
559 593 14
560 563 99
560 572 83
561 591 39
561 599 19
562 570 76
562 582 18
562 589 79
563 568 89
563 590 22
565 571 35
566 573 92
566 579 13
567 586 28
567 587 100
569 570 69
569 579 80
569 582 43
570 576 42
570 578 20
570 593 80
572 582 63
572 595 29
573 581 30
573 589 36
574 581 40
576 584 68
576 587 27
576 597 20
576 598 16
578 586 82
581 583 85
582 598 14
583 591 64
588 590 23
588 598 32
589 596 91
589 598 40
590 593 63
592 599 31
600 299 78
601 599 16
600 601 94
602 621 28
602 634 16
602 648 41
602 649 13
602 655 44
602 670 3
602 682 40
602 723 8
602 755 35
602 790 17
602 806 18
602 817 2
602 841 2
602 869 26
602 889 7
602 894 19
603 623 3
603 636 21
603 669 12
603 673 17
603 674 3
603 705 25
603 717 10
603 752 5
603 754 18
603 769 22
603 787 48
603 829 45
603 837 23
603 873 32
604 632 45
604 635 50
604 680 47
604 688 37
604 697 15
604 705 41
604 719 40
604 763 6
604 771 50
604 784 24
604 788 22
604 790 19
604 796 27
604 840 23
604 866 44
604 874 33
604 882 44
604 901 48
605 608 5
605 610 5
605 624 15
605 649 8
605 666 32
605 679 26
605 720 14
605 729 49
605 747 49
605 815 13
605 829 44
605 843 21
605 860 44
605 874 40
605 886 23
606 608 42
606 635 27
606 659 37
606 664 34
606 671 16
606 674 42
606 681 36
606 692 41
606 695 14
606 708 4
606 720 17
606 739 38
606 761 50
606 765 49
606 777 31
606 801 47
606 817 5
606 847 38
606 857 13
607 608 14
607 617 19
607 629 40
607 679 27
607 712 19
607 737 40
607 739 39
607 782 14
607 800 11
607 832 34
607 843 4
607 871 35
608 637 26
608 690 32
608 709 23
608 720 11
608 728 47
608 745 16
608 759 46
608 807 37
608 816 31
608 829 50
608 873 5
608 890 19
609 618 49
609 671 5
609 679 1
609 694 45
609 707 9
609 714 38
609 726 10
609 731 23
609 758 8
609 775 49
609 835 1
609 856 29
609 859 39
609 901 42
610 614 42
610 648 1
610 659 25
610 718 47
610 723 35
610 790 2
610 791 28
610 810 9
610 853 13
610 861 26
610 870 24
610 894 8
611 649 14
611 653 5
611 708 7
611 710 18
611 765 23
611 766 7
611 783 22
611 804 25
611 806 4
611 826 33
611 830 13
611 861 13
611 869 7
611 879 22
611 885 11
611 891 7
612 616 50
612 631 1
612 638 48
612 672 42
612 677 1
612 696 25
612 716 40
612 719 37
612 791 28
612 812 18
612 813 45
612 818 40
612 821 45
612 832 21
612 838 50
612 888 9
612 894 25
613 619 6
613 686 26
613 733 49
613 752 15
613 757 50
613 759 23
613 767 18
613 769 32
613 787 35
613 793 30
613 831 38
613 853 9
613 869 42
613 882 46
614 674 8
614 696 43
614 713 46
614 720 49
614 731 45
614 734 22
614 751 41
614 758 32
614 762 49
614 827 8
614 854 28
615 631 39
615 686 2
615 691 48
615 697 38
615 712 12
615 773 24
615 776 45
615 789 40
615 793 22
615 798 11
615 811 39
615 813 45
615 815 28
615 836 22
615 855 31
615 867 7
615 869 11
615 880 39
615 892 49
616 617 6
616 761 49
616 791 43
616 793 3
616 802 49
616 804 37
616 830 24
616 833 39
616 842 20
616 848 23
616 892 46
617 647 50
617 673 13
617 675 50
617 678 49
617 721 2
617 749 13
617 755 23
617 762 48
617 811 2
617 834 46
617 838 9
617 852 42
617 863 40
617 867 36
618 641 15
618 658 23
618 662 45
618 667 25
618 669 13
618 690 43
618 698 33
618 717 11
618 734 37
618 798 35
618 843 10
618 875 25
619 628 9
619 658 50
619 731 45
619 740 31
619 768 48
619 784 46
619 794 43
619 829 47
619 843 44
619 844 46
619 854 9
619 870 18
620 624 43
620 638 13
620 658 14
620 662 1
620 670 4
620 675 5
620 680 37
620 701 21
620 715 29
620 809 31
620 812 45
620 819 42
620 825 25
620 835 27
620 883 4
620 900 11
621 624 14
621 626 15
621 633 37
621 680 22
621 681 15
621 685 31
621 686 4
621 697 12
621 731 26
621 743 48
621 757 10
621 775 22
621 785 43
621 820 20
621 822 39
621 855 35
622 642 32
622 649 4
622 665 36
622 667 38
622 693 9
622 699 24
622 721 8
622 735 37
622 741 6
622 747 4
622 781 30
622 808 30
622 839 33
622 849 34
622 872 42
623 670 46
623 679 50
623 710 28
623 714 19
623 742 16
623 760 11
623 768 24
623 781 27
623 783 38
623 788 21
623 793 38
623 811 9
623 859 15
624 640 8
624 677 50
624 681 1
624 716 41
624 740 5
624 751 38
624 853 30
624 889 13
625 641 11
625 657 39
625 722 2
625 735 16
625 804 43
625 816 33
625 832 47
625 835 27
625 867 18
625 884 38
625 897 22
626 665 18
626 675 18
626 686 42
626 774 33
626 785 30
626 792 15
626 797 12
626 808 17
626 811 37
626 813 49
626 829 28
626 835 1
626 856 8
626 873 29
626 878 3
627 666 49
627 700 33
627 777 41
627 812 28
627 813 48
627 819 3
627 860 19
627 870 1
628 674 19
628 697 11
628 701 33
628 703 17
628 709 37
628 714 1
628 754 7
628 769 10
628 773 18
628 793 24
628 836 3
628 844 2
628 848 3
628 872 17
629 637 13
629 657 21
629 676 5
629 690 14
629 720 48
629 765 5
629 802 21
629 808 26
629 819 9
629 833 19
629 868 11
629 891 49
630 652 49
630 716 8
630 723 2
630 773 17
630 780 8
630 808 22
630 823 29
630 854 42
630 881 38
630 885 17
631 636 42
631 640 46
631 649 26
631 655 11
631 664 19
631 671 30
631 684 13
631 742 23
631 748 46
631 764 27
631 799 44
631 836 50
631 850 40
631 859 43
631 865 6
631 873 11
631 890 21
631 893 14
632 639 31
632 654 31
632 708 15
632 717 31
632 745 40
632 754 18
632 764 47
632 800 49
632 818 39
632 823 25
632 855 40
632 862 28
632 882 41
632 888 32
633 659 24
633 672 18
633 686 44
633 692 44
633 714 47
633 834 6
633 841 19
633 868 44
633 869 35
633 877 14
633 892 45
634 646 26
634 667 6
634 719 50
634 723 36
634 746 28
634 758 16
634 760 19
634 801 10
634 804 30
634 808 49
634 813 49
634 829 47
634 836 48
634 838 47
634 890 37
634 891 22
635 658 39
635 663 16
635 668 15
635 728 20
635 736 39
635 747 34
635 764 13
635 787 35
635 836 33
635 857 21
635 862 3
635 890 28
636 637 7
636 644 16
636 654 23
636 660 32
636 712 23
636 715 24
636 724 20
636 725 1
636 741 39
636 754 38
636 769 12
636 800 20
636 803 38
636 828 11
636 865 18
637 645 35
637 739 9
637 740 6
637 756 9
637 787 47
637 810 22
637 842 25
637 861 18
638 664 12
638 668 8
638 700 33
638 708 46
638 892 42
638 895 5
639 680 50
639 730 20
639 794 11
639 805 17
639 807 42
639 814 42
639 849 40
639 853 17
639 855 11
639 861 42
639 864 8
640 682 50
640 684 3
640 687 29
640 743 38
640 899 15
641 656 47
641 657 22
641 687 24
641 760 4
641 790 32
641 822 22
641 828 25
641 829 6
641 889 40
641 891 39
642 741 14
642 753 24
642 760 34
642 793 7
642 807 28
642 811 36
642 819 26
642 832 38
642 882 2
642 892 19
643 654 31
643 673 41
643 690 38
643 711 42
643 726 34
643 758 45
643 766 41
643 783 39
643 797 23
643 811 30
643 814 3
643 822 21
643 857 2
643 866 28
644 658 25
644 663 35
644 664 50
644 687 1
644 698 41
644 705 41
644 717 39
644 756 6
644 775 16
644 785 25
644 831 12
644 848 43
644 851 10
644 852 40
644 864 32
644 894 11
645 674 10
645 733 12
645 740 4
645 751 47
645 756 5
645 759 39
645 774 41
645 833 46
645 836 27
645 839 16
645 840 25
645 848 30
645 871 36
645 874 28
646 670 7
646 679 12
646 758 15
646 781 8
646 794 15
646 814 5
646 840 50
646 867 3
646 875 10
646 896 15
647 672 29
647 685 23
647 701 7
647 708 38
647 719 12
647 726 38
647 749 1
647 753 22
647 776 2
647 788 4
647 793 18
647 799 6
647 811 42
647 816 11
647 844 3
647 868 21
647 897 28
648 666 30
648 758 50
648 782 13
648 796 9
648 797 8
648 835 27
648 856 23
648 857 16
648 862 41
648 891 27
648 892 15
648 895 45
649 684 36
649 695 32
649 728 24
649 775 11
649 801 38
649 818 13
649 826 22
649 827 28
649 841 13
649 864 45
649 871 29
650 665 18
650 672 15
650 687 36
650 690 10
650 693 25
650 705 39
650 714 30
650 738 2
650 757 18
650 760 31
650 783 16
650 791 26
650 851 40
650 856 44
650 860 49
650 864 5
650 866 34
650 885 27
650 894 22
651 673 31
651 697 13
651 707 3
651 742 4
651 755 23
651 774 42
651 782 16
651 805 46
651 816 21
651 835 29
651 839 41
651 848 49
651 857 48
651 875 5
652 672 37
652 675 9
652 685 31
652 691 25
652 697 40
652 717 34
652 741 44
652 770 20
652 784 49
652 828 19
653 674 10
653 721 43
653 746 19
653 767 16
653 781 28
653 793 46
653 800 39
653 834 8
653 855 10
653 878 43
653 885 13
654 656 34
654 664 35
654 705 29
654 730 29
654 740 5
654 786 9
654 812 21
654 819 6
654 830 6
654 836 27
654 852 44
654 860 15
654 867 7
654 884 18
654 890 4
654 893 40
655 661 13
655 703 26
655 725 41
655 736 31
655 744 37
655 751 33
655 759 2
655 762 2
655 765 12
655 793 47
655 805 43
655 809 22
655 861 8
655 879 35
655 896 34
656 708 41
656 714 21
656 724 14
656 731 21
656 741 28
656 742 22
656 743 44
656 765 33
656 793 30
656 864 20
656 886 26
657 658 46
657 661 27
657 663 45
657 684 1
657 687 18
657 695 7
657 762 28
657 795 8
657 799 39
657 816 14
657 859 42
657 880 42
657 887 18
657 897 4
658 676 38
658 679 10
658 681 25
658 693 47
658 698 46
658 711 8
658 722 39
658 747 17
658 805 22
658 811 10
658 819 44
658 843 45
658 851 5
658 886 28
658 887 26
658 889 24
658 894 3
659 667 21
659 670 2
659 682 49
659 700 22
659 716 20
659 721 7
659 726 1
659 735 27
659 742 45
659 778 15
659 811 19
659 844 37
659 869 32
659 872 22
660 662 26
660 667 43
660 684 48
660 689 25
660 711 38
660 729 7
660 757 13
660 764 4
660 791 28
660 793 24
660 794 49
660 798 25
660 828 28
660 834 26
660 867 50
660 876 2
660 879 30
660 890 23
661 687 5
661 691 28
661 749 46
661 785 24
661 815 34
661 825 46
661 866 1
661 881 31
661 884 10
662 674 21
662 710 19
662 744 43
662 775 44
662 799 46
662 808 35
662 819 41
662 826 20
662 834 23
662 868 47
662 884 33
662 887 28
662 897 27
663 689 6
663 694 29
663 732 3
663 776 36
663 780 4
663 781 2
663 782 39
663 786 34
663 788 24
663 815 43
663 826 13
663 846 19
663 884 17
663 893 49
664 676 15
664 679 19
664 692 31
664 704 26
664 718 41
664 776 49
664 794 19
664 803 34
664 819 44
664 825 5
664 829 26
664 865 16
665 681 29
665 683 22
665 714 48
665 749 7
665 772 50
665 790 5
665 844 35
665 846 2
665 859 40
665 860 40
665 864 6
665 879 30
666 730 23
666 755 29
666 825 23
666 826 38
666 853 50
666 859 41
666 861 36
666 893 16
666 897 11
666 899 16
667 668 43
667 672 1
667 675 16
667 754 11
667 851 36
668 698 11
668 728 16
668 763 11
668 765 26
668 781 44
668 783 32
668 790 25
668 791 2
668 848 34
668 880 32
669 684 38
669 766 37
669 771 23
669 787 28
669 812 42
669 828 3
669 829 2
669 844 23
669 861 25
669 879 41
669 887 24
669 888 17
669 894 26
669 898 39
670 671 27
670 711 43
670 737 31
670 768 29
670 804 10
670 836 44
670 842 14
670 855 23
670 892 11
671 749 24
671 762 48
671 841 4
671 860 7
671 873 25
671 888 8
671 897 42
671 901 6
672 687 47
672 709 29
672 718 30
672 720 24
672 725 20
672 730 32
672 746 28
672 751 44
672 774 8
672 791 18
672 812 17
672 816 24
672 825 46
672 826 7
672 839 2
672 841 40
672 847 40
672 850 32
672 863 2
672 865 33
672 879 45
672 895 24
673 692 43
673 695 20
673 726 23
673 734 48
673 739 29
673 755 47
673 788 7
673 790 22
673 795 4
673 798 4
673 803 50
673 832 34
673 836 29
673 845 22
673 860 17
673 864 8
673 869 15
673 896 25
673 899 28
674 721 34
674 729 50
674 763 23
674 785 40
674 836 4
674 860 14
674 875 29
674 890 35
674 895 15
674 898 13
675 702 32
675 735 40
675 743 7
675 767 3
675 775 13
675 808 5
675 815 31
675 857 11
675 883 13
676 681 3
676 685 15
676 738 16
676 752 4
676 761 50
676 786 47
676 810 25
676 883 18
677 682 4
677 717 42
677 718 42
677 746 31
677 789 25
677 793 44
677 812 5
677 829 16
677 841 47
677 866 21
677 872 47
677 885 33
677 887 35
678 686 9
678 709 14
678 732 25
678 734 16
678 736 17
678 757 39
678 774 22
678 796 49
678 811 49
678 853 34
678 866 3
678 867 13
679 699 2
679 701 7
679 724 14
679 739 48
679 781 33
679 797 32
679 888 1
679 890 26
680 686 25
680 703 34
680 727 2
680 742 20
680 753 38
680 756 18
680 763 16
680 783 8
680 798 16
680 814 1
680 843 45
680 849 24
680 861 14
680 865 21
680 888 41
680 899 32
681 695 9
681 706 12
681 715 33
681 778 7
681 826 48
681 883 35
681 885 22
682 683 49
682 734 43
682 735 37
682 739 46
682 769 26
682 802 18
682 810 48
682 857 3
682 884 45
683 685 31
683 687 5
683 692 14
683 702 21
683 713 24
683 731 32
683 747 30
683 770 39
683 780 32
683 792 26
683 810 14
683 824 47
683 826 46
683 866 5
683 867 31
683 894 6
684 721 18
684 743 13
684 749 13
684 755 15
684 759 47
684 774 36
684 784 13
684 796 40
684 799 22
684 810 10
684 816 17
684 818 42
684 821 8
684 824 19
684 831 38
684 838 38
684 844 25
684 848 1
684 849 10
684 878 48
685 695 34
685 755 40
685 799 36
685 800 15
685 822 15
685 828 50
685 829 14
685 852 13
685 858 6
685 888 44
686 723 18
686 743 23
686 758 6
686 771 32
686 773 38
686 825 4
686 830 19
686 839 50
686 852 45
686 858 43
686 859 10
686 879 11
686 888 34
687 692 19
687 774 32
687 794 21
687 817 8
687 840 6
687 851 23
687 871 18
687 879 6
687 892 7
688 767 9
688 772 41
688 787 23
688 790 25
688 800 42
688 816 36
688 869 39
689 708 47
689 709 31
689 755 9
689 792 20
689 827 38
689 831 40
690 719 9
690 763 42
690 766 11
690 775 10
690 785 36
690 796 3
690 860 21
690 880 49
691 719 38
691 738 39
691 764 32
691 794 8
691 880 47
691 882 39
692 707 32
692 725 16
692 738 44
692 749 38
692 756 26
692 764 37
692 767 13
692 805 50
692 870 28
692 886 50
693 703 39
693 717 25
693 722 31
693 766 47
693 770 46
693 787 18
693 893 38
693 895 4
694 716 11
694 733 48
694 790 15
694 793 49
694 824 2
694 852 36
694 878 49
694 900 39
695 709 24
695 726 30
695 806 48
695 845 22
695 885 18
695 896 30
696 722 37
696 735 14
696 750 19
696 767 12
696 775 50
696 777 31
696 797 14
696 803 27
696 883 31
696 889 4
697 719 3
697 740 11
697 751 2
697 769 50
697 794 30
697 817 39
697 833 3
697 873 43
698 721 39
698 759 18
698 776 41
698 786 42
698 788 5
698 796 41
698 808 31
698 814 28
698 834 20
699 702 28
699 729 2
699 736 39
699 759 9
699 778 40
699 792 2
699 796 28
699 797 2
699 799 1
699 800 8
699 808 17
699 828 30
699 844 38
699 851 20
699 866 32
699 877 50
700 701 21
700 714 32
700 759 32
700 768 11
700 807 36
700 809 24
700 812 1
701 764 5
701 788 16
701 789 43
701 823 9
701 859 6
701 860 23
701 864 39
701 865 27
702 783 2
702 804 40
702 805 15
702 820 11
702 824 29
702 831 19
702 848 38
702 850 32
702 854 19
702 868 45
702 874 48
703 706 48
703 769 35
703 802 19
703 819 32
703 840 34
703 841 41
703 883 13
703 886 15
703 894 4
703 895 50
703 897 40
703 901 4
704 833 5
704 858 5
704 863 46
704 869 13
704 874 12
704 891 20
705 707 3
705 714 38
705 729 24
705 737 42
705 775 5
705 779 34
705 823 23
705 824 23
705 847 23
705 850 4
705 855 43
705 859 19
705 880 4
706 707 43
706 746 3
706 765 24
706 784 24
706 793 39
706 811 15
706 824 38
706 837 3
706 858 18
706 865 37
706 870 45
706 887 21
706 888 41
707 723 49
707 774 19
707 787 6
707 792 13
707 826 40
707 829 8
707 836 50
707 856 13
708 714 2
708 718 6
708 773 48
708 788 24
708 789 30
708 819 20
708 839 27
708 844 23
708 898 39
709 739 32
709 750 17
709 762 43
709 764 6
709 777 40
709 784 31
709 837 20
709 840 29
709 841 36
709 886 39
709 889 15
709 894 30
710 807 9
710 814 8
710 822 30
710 825 29
710 843 15
710 879 42
710 884 19
710 886 22
711 721 44
711 734 33
711 753 23
711 827 49
711 833 31
711 852 46
711 868 31
711 871 2
711 878 25
711 879 3
712 767 42
712 828 6
712 835 21
712 839 35
712 847 11
712 873 12
712 876 15
712 878 32
712 895 40
713 725 2
713 732 20
713 735 6
713 751 31
713 759 31
713 770 15
713 778 11
713 806 11
713 846 29
713 899 4
714 736 31
714 737 1
714 738 49
714 746 14
714 788 25
714 798 50
714 806 46
714 814 23
714 820 30
714 839 47
715 727 49
715 783 34
715 803 39
715 820 4
715 830 4
715 875 25
715 889 17
715 896 15
716 722 39
716 725 48
716 755 4
716 765 43
716 828 20
716 834 11
716 849 23
716 858 50
716 879 26
716 881 35
716 889 12
717 723 4
717 749 41
717 750 43
717 774 6
717 796 39
717 846 6
717 885 33
718 726 38
718 732 1
718 744 5
718 748 19
718 760 49
718 780 3
718 796 2
718 834 39
718 839 8
718 852 5
718 857 13
719 720 26
719 721 21
719 726 4
719 736 26
719 745 24
719 755 46
719 762 45
719 782 37
719 802 20
719 812 46
719 820 12
719 829 7
719 835 7
720 723 17
720 745 47
720 746 49
720 840 23
720 865 37
720 887 6
720 891 7
721 755 25
721 763 8
721 766 11
721 768 45
721 773 7
721 774 15
721 796 47
721 800 45
721 821 24
721 823 3
721 831 8
721 840 50
721 857 24
721 870 13
721 895 25
722 755 49
722 794 8
722 807 19
722 816 35
722 824 27
722 825 16
722 852 48
722 871 33
722 873 22
722 895 15
723 725 29
723 727 23
723 732 39
723 750 18
723 769 28
723 786 45
723 800 44
723 813 38
723 816 7
723 818 38
723 819 46
723 825 21
723 846 34
723 852 40
723 859 44
723 896 39
724 730 49
724 760 43
724 764 12
724 767 11
724 781 19
724 800 10
724 814 20
724 818 37
724 844 47
724 894 47
725 726 2
725 747 44
725 767 31
725 775 26
725 787 10
725 796 12
725 831 50
725 833 48
725 841 29
725 854 29
725 869 42
725 882 22
726 727 16
726 737 48
726 762 9
726 817 11
726 823 20
726 879 45
726 887 3
727 729 16
727 766 33
727 817 3
727 898 8
728 729 46
728 736 16
728 751 29
728 780 7
728 785 35
728 807 15
728 829 3
728 833 33
728 889 19
728 891 49
729 744 14
729 796 46
729 822 8
729 879 27
730 733 45
730 740 6
730 753 5
730 773 23
730 774 49
730 779 28
730 806 39
730 807 47
730 808 38
730 812 1
730 834 18
730 862 32
730 880 3
731 741 33
731 755 16
731 764 8
731 767 43
731 779 11
731 785 23
731 794 21
731 825 18
731 828 9
731 830 37
731 844 20
731 846 42
731 850 5
731 853 20
731 861 7
732 740 50
732 741 28
732 761 33
732 767 46
732 794 35
732 811 39
732 815 19
732 844 33
732 846 18
732 865 9
732 873 31
732 875 5
732 876 9
733 734 1
733 746 37
733 750 14
733 767 33
733 786 2
733 813 21
733 814 25
733 831 15
733 842 43
733 851 47
733 870 32
733 879 1
734 738 34
734 739 3
734 751 44
734 759 38
734 773 23
734 795 2
734 839 40
734 872 2
734 882 36
735 745 35
735 787 38
735 801 26
735 833 5
735 842 22
736 748 43
736 749 13
736 755 5
736 796 48
736 802 24
736 823 5
736 857 36
736 872 37
737 740 37
737 760 39
737 764 9
737 777 14
737 795 3
737 804 3
737 827 10
737 874 34
737 876 5
737 879 43
737 900 39
738 778 49
738 812 33
738 817 11
738 828 50
738 829 24
738 846 14
738 850 38
738 869 8
739 745 1
739 793 13
739 857 15
739 883 22
740 751 6
740 821 29
740 833 26
740 860 3
740 874 2
740 883 30
740 895 38
741 751 40
741 769 19
741 780 28
741 799 48
741 825 32
741 837 31
741 868 50
742 779 43
742 790 16
742 806 5
742 808 38
742 815 4
742 819 5
742 831 20
742 842 16
742 863 6
742 879 43
742 897 29
743 773 43
743 800 2
743 809 29
743 816 6
743 838 18
743 872 1
743 886 13
744 773 47
744 787 26
744 822 15
744 827 48
744 836 8
744 842 4
744 867 40
744 875 26
745 750 31
745 770 39
745 790 9
745 794 13
745 795 39
745 811 3
745 837 29
745 838 45
745 844 40
745 861 32
745 882 1
745 888 11
746 761 48
746 787 8
746 829 5
746 839 26
746 844 1
746 855 9
746 894 7
747 761 8
747 771 26
747 793 7
747 794 20
747 815 22
747 829 34
747 851 36
747 856 22
747 869 43
747 874 41
747 894 11
747 897 20
747 898 23
747 900 1
748 760 30
748 824 38
748 829 41
748 859 33
749 756 16
749 769 35
749 788 24
749 854 47
749 865 37
749 867 37
749 891 46
750 751 45
750 861 41
751 756 24
751 766 47
751 792 1
751 806 30
751 822 6
751 832 27
751 834 38
751 837 27
751 861 50
751 883 23
752 754 14
752 786 23
752 787 16
752 790 6
752 804 35
752 863 35
752 869 28
752 881 36
752 891 15
753 761 15
753 768 26
753 777 49
753 820 32
753 826 13
753 837 22
753 854 31
753 871 49
754 756 8
754 808 26
754 839 45
754 842 1
754 847 49
754 854 43
754 874 1
755 789 30
755 810 48
755 824 29
755 827 17
755 852 24
755 872 31
756 771 40
756 795 37
756 803 3
756 815 7
756 848 44
756 873 38
756 879 43
756 893 22
757 801 23
757 805 9
757 807 38
757 808 50
757 814 7
757 821 20
757 857 12
757 880 31
757 899 2
758 797 13
758 805 40
758 874 27
758 880 7
759 760 42
759 765 28
759 770 50
759 783 43
759 794 7
759 796 47
759 809 23
759 817 24
759 869 23
759 882 3
759 889 15
760 767 11
760 768 8
760 772 23
760 778 5
760 796 47
760 805 15
761 780 28
761 797 21
761 801 26
761 807 17
761 829 20
761 837 34
761 846 38
762 763 32
762 775 14
762 786 39
762 793 44
762 800 6
762 823 16
762 848 50
762 867 47
763 774 43
763 776 1
763 779 41
763 786 1
763 815 50
763 872 14
764 768 26
764 774 22
764 786 18
764 815 42
764 874 34
765 783 27
765 801 14
765 807 38
765 827 23
765 837 31
765 845 17
765 851 43
765 856 8
766 799 34
766 800 13
766 840 41
766 859 21
766 881 46
767 778 7
767 786 10
767 793 39
767 822 12
767 826 27
767 860 40
767 869 10
768 791 21
768 819 41
768 868 1
769 779 21
769 793 42
769 794 16
769 798 49
769 817 13
769 885 35
769 891 40
769 898 48
770 777 12
770 785 6
770 796 36
770 822 34
770 896 36
771 835 4
771 839 29
771 849 43
771 867 37
772 790 41
772 800 35
772 813 10
772 873 38
772 891 41
772 900 19
773 774 26
773 779 4
773 827 47
773 836 17
773 867 14
774 778 17
774 820 9
774 848 14
774 850 39
774 858 50
774 877 31
774 900 37
775 789 14
775 806 15
775 811 29
775 815 12
775 816 28
775 820 34
775 839 49
775 846 14
775 852 19
775 896 2
776 785 42
776 787 13
776 803 41
776 813 34
776 840 47
776 846 50
776 874 21
776 887 38
777 784 20
777 786 48
777 813 41
777 839 16
777 847 14
777 855 6
777 857 32
777 889 23
777 895 19
778 788 22
778 799 24
778 813 1
778 815 9
778 824 38
778 840 16
778 865 37
778 866 1
779 787 45
779 826 22
779 834 49
779 887 8
779 893 40
780 784 2
780 806 49
780 830 4
780 847 42
781 787 32
781 791 2
781 833 43
781 836 4
781 855 39
781 871 12
781 891 1
782 810 32
782 812 27
782 860 17
782 880 39
782 882 10
782 887 41
782 900 8
783 786 32
783 800 14
783 823 10
783 829 42
784 797 3
784 823 27
784 846 30
784 858 3
784 888 22
784 889 1
785 844 3
785 848 29
785 870 42
786 819 7
786 821 28
786 830 47
786 854 50
786 878 11
786 891 48
787 791 43
787 836 17
787 837 39
787 839 4
787 840 17
787 852 20
787 855 31
787 856 35
787 857 8
787 887 40
787 899 25
788 813 17
788 816 23
788 877 39
789 808 29
789 815 14
789 847 41
789 859 5
789 860 45
789 861 46
789 865 26
789 881 45
789 898 50
790 799 5
790 816 38
790 836 6
790 845 34
790 860 34
790 865 6
790 879 46
790 887 32
791 807 48
791 812 12
791 813 20
791 868 3
791 884 31
791 892 41
791 898 33
792 834 15
792 852 50
792 868 25
792 887 42
793 837 19
793 850 47
793 895 30
793 899 47
794 802 13
794 827 22
794 836 1
794 868 9
795 797 19
795 803 29
795 808 6
795 847 19
795 853 33
795 866 43
795 882 24
796 805 18
796 815 29
796 840 31
796 843 15
796 856 10
796 890 30
797 816 27
797 863 31
797 881 33
797 900 9
798 807 23
798 838 17
798 851 25
798 862 24
798 897 41
798 898 16
799 835 42
799 846 40
799 858 47
799 874 40
799 898 4
800 810 19
800 820 43
800 827 12
800 837 37
800 851 21
801 808 17
801 813 7
801 816 5
801 823 12
802 811 33
802 814 24
802 829 40
802 859 13
802 898 38
803 815 1
803 830 45
803 832 16
803 848 33
803 859 27
803 863 26
803 877 5
803 900 45
804 822 1
804 851 28
804 862 36
804 884 18
804 891 22
805 820 27
805 836 17
805 863 11
805 899 30
806 849 37
807 817 5
807 831 41
807 855 23
807 870 25
807 881 10
807 897 32
808 823 31
808 826 21
808 832 14
808 840 4
808 844 10
809 848 26
809 852 44
809 867 12
809 871 22
809 873 9
811 839 44
811 871 48
812 828 35
812 852 48
812 867 45
812 875 37
813 815 27
813 833 30
813 842 6
813 857 48
813 886 8
813 896 22
813 900 11
814 817 37
814 841 8
814 847 15
814 849 29
814 857 33
814 872 42
814 886 40
815 839 14
815 843 24
815 854 10
815 856 27
815 867 30
815 878 21
815 894 4
816 824 23
816 832 32
816 833 26
816 860 33
816 874 25
817 837 25
817 845 19
817 876 24
817 895 19
818 821 7
818 841 1
818 870 50
818 875 13
818 876 50
818 896 7
820 839 36
820 844 12
820 867 45
820 877 46
820 890 29
820 900 26
822 849 30
822 851 20
822 866 15
823 840 45
823 851 45
823 859 25
823 865 23
823 888 24
824 851 47
824 860 28
824 879 46
824 880 29
824 886 3
824 888 31
824 900 5
825 847 30
825 862 49
825 865 31
825 889 50
826 829 6
826 841 33
826 859 2
827 837 20
827 852 32
827 861 10
827 865 7
827 877 46
827 890 5
827 896 4
827 900 24
828 831 30
828 844 33
828 856 45
828 860 46
828 862 29
828 871 39
828 876 20
828 885 1
829 854 13
829 855 19
829 870 29
829 891 10
830 858 49
830 870 33
830 881 40
830 887 3
831 858 14
832 857 39
833 834 35
833 835 14
833 847 46
833 851 17
833 882 17
833 900 15
834 837 1
834 848 26
835 881 21
836 850 46
836 855 30
836 870 25
837 838 19
837 845 11
837 876 9
837 887 13
838 860 7
838 878 38
839 842 1
839 884 28
839 887 38
840 849 13
840 871 46
840 876 18
841 851 25
841 890 46
841 891 1
842 863 14
842 866 49
842 873 14
843 849 4
843 862 35
843 870 29
844 864 49
844 897 2
845 849 45
845 857 13
845 884 2
845 892 23
845 898 36
846 857 47
849 852 4
849 856 12
849 859 17
849 885 15
850 864 22
850 872 29
850 891 23
850 898 9
853 858 29
853 878 50
853 894 49
854 893 44
854 899 48
855 879 18
855 881 20
856 882 43
856 886 18
856 898 33
857 872 43
858 870 34
858 900 37
859 882 28
860 864 14
860 892 37
861 864 31
861 866 9
861 875 2
861 885 32
861 895 33
862 868 37
862 895 30
864 888 36
864 889 50
865 878 46
865 881 50
865 885 21
865 892 26
866 883 24
866 901 30
867 874 4
867 876 26
868 882 30
870 888 49
870 895 23
871 895 47
872 893 20
873 888 17
873 898 17
876 899 3
877 881 12
877 896 50
880 881 41
882 901 41
883 884 15
885 895 29
886 889 21
887 900 25
887 901 30
890 893 4
891 898 7
895 896 18
896 898 35
902 601 93
903 901 50
902 903 22
